point_id,cell_id,cell_type
1,1,unassigned
2,2,Excitatory_Neuron
3,2,Excitatory_Neuron
4,3,unassigned
5,4,unassigned
6,5,unassigned
7,5,unassigned
8,6,Excitatory_Neuron
9,7,Excitatory_Neuron
10,8,Excitatory_Neuron
11,9,Excitatory_Neuron
12,9,Excitatory_Neuron
13,5,unassigned
14,10,Excitatory_Neuron
15,11,Excitatory_Neuron
16,12,Excitatory_Neuron
17,13,Excitatory_Neuron
18,14,Immune
19,14,Immune
20,15,unassigned
21,16,Astro-Epen
22,1,unassigned
23,17,Excitatory_Neuron
24,18,Excitatory_Neuron
25,19,unassigned
26,20,Excitatory_Neuron
27,21,Excitatory_Neuron
28,22,unassigned
29,23,Excitatory_Neuron
30,13,Excitatory_Neuron
31,24,unassigned
32,5,unassigned
33,12,Excitatory_Neuron
34,25,Excitatory_Neuron
35,26,Immune
36,1,unassigned
37,27,Immune
38,2,Excitatory_Neuron
39,2,Excitatory_Neuron
40,28,Immune
41,28,Immune
42,7,Excitatory_Neuron
43,6,Excitatory_Neuron
44,19,unassigned
45,18,Excitatory_Neuron
46,21,Excitatory_Neuron
47,22,unassigned
48,9,Excitatory_Neuron
49,9,Excitatory_Neuron
50,14,Immune
51,1,unassigned
52,29,GABA_Neuron
53,30,unassigned
54,27,Immune
55,26,Immune
56,27,Immune
57,27,Immune
58,28,Immune
59,18,Excitatory_Neuron
60,31,unassigned
61,13,Excitatory_Neuron
62,23,Excitatory_Neuron
63,25,Excitatory_Neuron
64,32,unassigned
65,33,Excitatory_Neuron
66,3,unassigned
67,17,Excitatory_Neuron
68,34,Excitatory_Neuron
69,21,Excitatory_Neuron
70,4,unassigned
71,35,unassigned
72,14,Immune
73,10,Excitatory_Neuron
74,14,Immune
75,29,GABA_Neuron
76,15,unassigned
77,1,unassigned
78,1,unassigned
79,10,Excitatory_Neuron
80,14,Immune
81,29,GABA_Neuron
82,36,unassigned
83,33,Excitatory_Neuron
84,37,unassigned
85,6,Excitatory_Neuron
86,34,Excitatory_Neuron
87,17,Excitatory_Neuron
88,18,Excitatory_Neuron
89,38,unassigned
90,9,Excitatory_Neuron
91,39,Excitatory_Neuron
92,9,Excitatory_Neuron
93,40,unassigned
94,10,Excitatory_Neuron
95,10,Excitatory_Neuron
96,14,Immune
97,41,Excitatory_Neuron
98,42,Immune
99,1,unassigned
100,43,Immune
101,27,Immune
102,18,Excitatory_Neuron
103,7,Excitatory_Neuron
104,18,Excitatory_Neuron
105,39,Excitatory_Neuron
106,13,Excitatory_Neuron
107,20,Excitatory_Neuron
108,44,unassigned
109,20,Excitatory_Neuron
110,10,Excitatory_Neuron
111,45,unassigned
112,46,unassigned
113,1,unassigned
114,43,Immune
115,32,unassigned
116,26,Immune
117,28,Immune
118,7,Excitatory_Neuron
119,18,Excitatory_Neuron
120,21,Excitatory_Neuron
121,39,Excitatory_Neuron
122,10,Excitatory_Neuron
123,12,Excitatory_Neuron
124,12,Excitatory_Neuron
125,29,GABA_Neuron
126,15,unassigned
127,1,unassigned
128,3,unassigned
129,18,Excitatory_Neuron
130,17,Excitatory_Neuron
131,18,Excitatory_Neuron
132,13,Excitatory_Neuron
133,9,Excitatory_Neuron
134,47,unassigned
135,48,Excitatory_Neuron
136,20,Excitatory_Neuron
137,14,Immune
138,21,Excitatory_Neuron
139,14,Immune
140,49,Excitatory_Neuron
141,50,unassigned
142,40,unassigned
143,10,Excitatory_Neuron
144,30,unassigned
145,27,Immune
146,1,unassigned
147,51,unassigned
148,18,Excitatory_Neuron
149,18,Excitatory_Neuron
150,18,Excitatory_Neuron
151,9,Excitatory_Neuron
152,20,Excitatory_Neuron
153,10,Excitatory_Neuron
154,41,Excitatory_Neuron
155,27,Immune
156,2,Excitatory_Neuron
157,33,Excitatory_Neuron
158,51,unassigned
159,3,unassigned
160,52,unassigned
161,7,Excitatory_Neuron
162,18,Excitatory_Neuron
163,21,Excitatory_Neuron
164,20,Excitatory_Neuron
165,9,Excitatory_Neuron
166,49,Excitatory_Neuron
167,5,unassigned
168,10,Excitatory_Neuron
169,53,unassigned
170,29,GABA_Neuron
171,54,GABA_Neuron
172,54,GABA_Neuron
173,9,Excitatory_Neuron
174,23,Excitatory_Neuron
175,10,Excitatory_Neuron
176,55,unassigned
177,11,Excitatory_Neuron
178,56,Excitatory_Neuron
179,1,unassigned
180,27,Immune
181,20,Excitatory_Neuron
182,10,Excitatory_Neuron
183,10,Excitatory_Neuron
184,14,Immune
185,57,unassigned
186,14,Immune
187,12,Excitatory_Neuron
188,58,Excitatory_Neuron
189,59,unassigned
190,60,unassigned
191,61,Excitatory_Neuron
192,7,Excitatory_Neuron
193,18,Excitatory_Neuron
194,7,Excitatory_Neuron
195,18,Excitatory_Neuron
196,7,Excitatory_Neuron
197,39,Excitatory_Neuron
198,42,Immune
199,12,Excitatory_Neuron
200,29,GABA_Neuron
201,62,Excitatory_Neuron
202,28,Immune
203,61,Excitatory_Neuron
204,13,Excitatory_Neuron
205,20,Excitatory_Neuron
206,9,Excitatory_Neuron
207,39,Excitatory_Neuron
208,9,Excitatory_Neuron
209,49,Excitatory_Neuron
210,10,Excitatory_Neuron
211,10,Excitatory_Neuron
212,61,Excitatory_Neuron
213,61,Excitatory_Neuron
214,7,Excitatory_Neuron
215,7,Excitatory_Neuron
216,38,unassigned
217,18,Excitatory_Neuron
218,38,unassigned
219,39,Excitatory_Neuron
220,20,Excitatory_Neuron
221,9,Excitatory_Neuron
222,9,Excitatory_Neuron
223,41,Excitatory_Neuron
224,41,Excitatory_Neuron
225,41,Excitatory_Neuron
226,63,unassigned
227,18,Excitatory_Neuron
228,18,Excitatory_Neuron
229,18,Excitatory_Neuron
230,64,unassigned
231,9,Excitatory_Neuron
232,39,Excitatory_Neuron
233,9,Excitatory_Neuron
234,49,Excitatory_Neuron
235,27,Immune
236,33,Excitatory_Neuron
237,3,unassigned
238,2,Excitatory_Neuron
239,61,Excitatory_Neuron
240,61,Excitatory_Neuron
241,18,Excitatory_Neuron
242,17,Excitatory_Neuron
243,18,Excitatory_Neuron
244,9,Excitatory_Neuron
245,48,Excitatory_Neuron
246,44,unassigned
247,50,unassigned
248,12,Excitatory_Neuron
249,11,Excitatory_Neuron
250,12,Excitatory_Neuron
251,29,GABA_Neuron
252,33,Excitatory_Neuron
253,28,Immune
254,38,unassigned
255,20,Excitatory_Neuron
256,45,unassigned
257,27,Immune
258,58,Excitatory_Neuron
259,33,Excitatory_Neuron
260,28,Immune
261,2,Excitatory_Neuron
262,18,Excitatory_Neuron
263,34,Excitatory_Neuron
264,18,Excitatory_Neuron
265,23,Excitatory_Neuron
266,13,Excitatory_Neuron
267,65,unassigned
268,66,Excitatory_Neuron
269,41,Excitatory_Neuron
270,11,Excitatory_Neuron
271,1,unassigned
272,32,unassigned
273,18,Excitatory_Neuron
274,2,Excitatory_Neuron
275,1,unassigned
276,39,Excitatory_Neuron
277,39,Excitatory_Neuron
278,20,Excitatory_Neuron
279,10,Excitatory_Neuron
280,10,Excitatory_Neuron
281,14,Immune
282,67,Vascular
283,11,Excitatory_Neuron
284,36,unassigned
285,1,unassigned
286,27,Immune
287,28,Immune
288,7,Excitatory_Neuron
289,7,Excitatory_Neuron
290,28,Immune
291,2,Excitatory_Neuron
292,7,Excitatory_Neuron
293,18,Excitatory_Neuron
294,13,Excitatory_Neuron
295,39,Excitatory_Neuron
296,65,unassigned
297,1,unassigned
298,66,Excitatory_Neuron
299,14,Immune
300,1,unassigned
301,16,Astro-Epen
302,2,Excitatory_Neuron
303,28,Immune
304,18,Excitatory_Neuron
305,48,Excitatory_Neuron
306,39,Excitatory_Neuron
307,9,Excitatory_Neuron
308,9,Excitatory_Neuron
309,10,Excitatory_Neuron
310,14,Immune
311,53,unassigned
312,43,Immune
313,1,unassigned
314,54,GABA_Neuron
315,3,unassigned
316,2,Excitatory_Neuron
317,7,Excitatory_Neuron
318,2,Excitatory_Neuron
319,18,Excitatory_Neuron
320,68,unassigned
321,9,Excitatory_Neuron
322,10,Excitatory_Neuron
323,12,Excitatory_Neuron
324,12,Excitatory_Neuron
325,56,Excitatory_Neuron
326,33,Excitatory_Neuron
327,37,unassigned
328,69,unassigned
329,69,unassigned
330,61,Excitatory_Neuron
331,19,unassigned
332,18,Excitatory_Neuron
333,38,unassigned
334,9,Excitatory_Neuron
335,9,Excitatory_Neuron
336,10,Excitatory_Neuron
337,10,Excitatory_Neuron
338,66,Excitatory_Neuron
339,12,Excitatory_Neuron
340,53,unassigned
341,29,GABA_Neuron
342,70,Immune
343,29,GABA_Neuron
344,54,GABA_Neuron
345,37,unassigned
346,61,Excitatory_Neuron
347,2,Excitatory_Neuron
348,39,Excitatory_Neuron
349,21,Excitatory_Neuron
350,39,Excitatory_Neuron
351,10,Excitatory_Neuron
352,45,unassigned
353,14,Immune
354,14,Immune
355,12,Excitatory_Neuron
356,11,Excitatory_Neuron
357,1,unassigned
358,56,Excitatory_Neuron
359,43,Immune
360,28,Immune
361,52,unassigned
362,18,Excitatory_Neuron
363,19,unassigned
364,39,Excitatory_Neuron
365,48,Excitatory_Neuron
366,9,Excitatory_Neuron
367,14,Immune
368,10,Excitatory_Neuron
369,67,Vascular
370,43,Immune
371,27,Immune
372,28,Immune
373,71,unassigned
374,2,Excitatory_Neuron
375,28,Immune
376,72,unassigned
377,18,Excitatory_Neuron
378,7,Excitatory_Neuron
379,18,Excitatory_Neuron
380,48,Excitatory_Neuron
381,49,Excitatory_Neuron
382,55,unassigned
383,10,Excitatory_Neuron
384,66,Excitatory_Neuron
385,37,unassigned
386,2,Excitatory_Neuron
387,2,Excitatory_Neuron
388,33,Excitatory_Neuron
389,17,Excitatory_Neuron
390,39,Excitatory_Neuron
391,73,Immune
392,74,Excitatory_Neuron
393,14,Immune
394,26,Immune
395,75,unassigned
396,59,unassigned
397,69,unassigned
398,18,Excitatory_Neuron
399,72,unassigned
400,17,Excitatory_Neuron
401,48,Excitatory_Neuron
402,20,Excitatory_Neuron
403,10,Excitatory_Neuron
404,10,Excitatory_Neuron
405,45,unassigned
406,12,Excitatory_Neuron
407,42,Immune
408,29,GABA_Neuron
409,75,unassigned
410,28,Immune
411,7,Excitatory_Neuron
412,17,Excitatory_Neuron
413,9,Excitatory_Neuron
414,40,unassigned
415,33,Excitatory_Neuron
416,1,unassigned
417,2,Excitatory_Neuron
418,37,unassigned
419,37,unassigned
420,69,unassigned
421,28,Immune
422,7,Excitatory_Neuron
423,52,unassigned
424,18,Excitatory_Neuron
425,39,Excitatory_Neuron
426,68,unassigned
427,48,Excitatory_Neuron
428,23,Excitatory_Neuron
429,10,Excitatory_Neuron
430,49,Excitatory_Neuron
431,10,Excitatory_Neuron
432,14,Immune
433,14,Immune
434,41,Excitatory_Neuron
435,29,GABA_Neuron
436,16,Astro-Epen
437,32,unassigned
438,54,GABA_Neuron
439,2,Excitatory_Neuron
440,1,unassigned
441,33,Excitatory_Neuron
442,33,Excitatory_Neuron
443,61,Excitatory_Neuron
444,7,Excitatory_Neuron
445,45,unassigned
446,11,Excitatory_Neuron
447,11,Excitatory_Neuron
448,1,unassigned
449,33,Excitatory_Neuron
450,27,Immune
451,3,unassigned
452,34,Excitatory_Neuron
453,61,Excitatory_Neuron
454,9,Excitatory_Neuron
455,10,Excitatory_Neuron
456,57,unassigned
457,12,Excitatory_Neuron
458,41,Excitatory_Neuron
459,1,unassigned
460,1,unassigned
461,2,Excitatory_Neuron
462,37,unassigned
463,72,unassigned
464,18,Excitatory_Neuron
465,17,Excitatory_Neuron
466,13,Excitatory_Neuron
467,22,unassigned
468,20,Excitatory_Neuron
469,76,unassigned
470,9,Excitatory_Neuron
471,10,Excitatory_Neuron
472,49,Excitatory_Neuron
473,14,Immune
474,57,unassigned
475,1,unassigned
476,42,Immune
477,2,Excitatory_Neuron
478,27,Immune
479,71,unassigned
480,18,Excitatory_Neuron
481,13,Excitatory_Neuron
482,20,Excitatory_Neuron
483,9,Excitatory_Neuron
484,12,Excitatory_Neuron
485,15,unassigned
486,25,Excitatory_Neuron
487,1,unassigned
488,1,unassigned
489,43,Immune
490,33,Excitatory_Neuron
491,7,Excitatory_Neuron
492,28,Immune
493,17,Excitatory_Neuron
494,39,Excitatory_Neuron
495,20,Excitatory_Neuron
496,21,Excitatory_Neuron
497,23,Excitatory_Neuron
498,4,unassigned
499,9,Excitatory_Neuron
500,4,unassigned
501,49,Excitatory_Neuron
502,40,unassigned
503,46,unassigned
504,69,unassigned
505,61,Excitatory_Neuron
506,28,Immune
507,18,Excitatory_Neuron
508,18,Excitatory_Neuron
509,18,Excitatory_Neuron
510,38,unassigned
511,13,Excitatory_Neuron
512,13,Excitatory_Neuron
513,13,Excitatory_Neuron
514,13,Excitatory_Neuron
515,21,Excitatory_Neuron
516,10,Excitatory_Neuron
517,14,Immune
518,11,Excitatory_Neuron
519,29,GABA_Neuron
520,77,unassigned
521,16,Astro-Epen
522,27,Immune
523,1,unassigned
524,3,unassigned
525,2,Excitatory_Neuron
526,2,Excitatory_Neuron
527,17,Excitatory_Neuron
528,40,unassigned
529,49,Excitatory_Neuron
530,67,Vascular
531,46,unassigned
532,29,GABA_Neuron
533,78,unassigned
534,25,Excitatory_Neuron
535,1,unassigned
536,1,unassigned
537,33,Excitatory_Neuron
538,75,unassigned
539,71,unassigned
540,69,unassigned
541,2,Excitatory_Neuron
542,2,Excitatory_Neuron
543,61,Excitatory_Neuron
544,3,unassigned
545,17,Excitatory_Neuron
546,20,Excitatory_Neuron
547,12,Excitatory_Neuron
548,12,Excitatory_Neuron
549,1,unassigned
550,25,Excitatory_Neuron
551,26,Immune
552,28,Immune
553,52,unassigned
554,20,Excitatory_Neuron
555,23,Excitatory_Neuron
556,55,unassigned
557,57,unassigned
558,36,unassigned
559,1,unassigned
560,54,GABA_Neuron
561,27,Immune
562,26,Immune
563,75,unassigned
564,75,unassigned
565,75,unassigned
566,69,unassigned
567,7,Excitatory_Neuron
568,13,Excitatory_Neuron
569,9,Excitatory_Neuron
570,44,unassigned
571,49,Excitatory_Neuron
572,12,Excitatory_Neuron
573,56,Excitatory_Neuron
574,32,unassigned
575,3,unassigned
576,69,unassigned
577,18,Excitatory_Neuron
578,61,Excitatory_Neuron
579,17,Excitatory_Neuron
580,21,Excitatory_Neuron
581,9,Excitatory_Neuron
582,4,unassigned
583,10,Excitatory_Neuron
584,1,unassigned
585,56,Excitatory_Neuron
586,33,Excitatory_Neuron
587,3,unassigned
588,79,unassigned
589,2,Excitatory_Neuron
590,80,Excitatory_Neuron
591,52,unassigned
592,34,Excitatory_Neuron
593,17,Excitatory_Neuron
594,22,unassigned
595,22,unassigned
596,9,Excitatory_Neuron
597,4,unassigned
598,81,unassigned
599,49,Excitatory_Neuron
600,25,Excitatory_Neuron
601,54,GABA_Neuron
602,2,Excitatory_Neuron
603,62,Excitatory_Neuron
604,69,unassigned
605,38,unassigned
606,17,Excitatory_Neuron
607,13,Excitatory_Neuron
608,21,Excitatory_Neuron
609,9,Excitatory_Neuron
610,9,Excitatory_Neuron
611,22,unassigned
612,22,unassigned
613,20,Excitatory_Neuron
614,24,unassigned
615,49,Excitatory_Neuron
616,14,Immune
617,11,Excitatory_Neuron
618,29,GABA_Neuron
619,30,unassigned
620,1,unassigned
621,62,Excitatory_Neuron
622,33,Excitatory_Neuron
623,27,Immune
624,3,unassigned
625,72,unassigned
626,49,Excitatory_Neuron
627,12,Excitatory_Neuron
628,16,Astro-Epen
629,82,Excitatory_Neuron
630,27,Immune
631,54,GABA_Neuron
632,69,unassigned
633,69,unassigned
634,18,Excitatory_Neuron
635,39,Excitatory_Neuron
636,13,Excitatory_Neuron
637,20,Excitatory_Neuron
638,20,Excitatory_Neuron
639,14,Immune
640,83,unassigned
641,57,unassigned
642,29,GABA_Neuron
643,1,unassigned
644,56,Excitatory_Neuron
645,37,unassigned
646,69,unassigned
647,61,Excitatory_Neuron
648,69,unassigned
649,18,Excitatory_Neuron
650,20,Excitatory_Neuron
651,21,Excitatory_Neuron
652,9,Excitatory_Neuron
653,9,Excitatory_Neuron
654,73,Immune
655,49,Excitatory_Neuron
656,42,Immune
657,29,GABA_Neuron
658,1,unassigned
659,82,Excitatory_Neuron
660,2,Excitatory_Neuron
661,3,unassigned
662,2,Excitatory_Neuron
663,2,Excitatory_Neuron
664,7,Excitatory_Neuron
665,34,Excitatory_Neuron
666,4,unassigned
667,14,Immune
668,9,Excitatory_Neuron
669,73,Immune
670,84,unassigned
671,27,Immune
672,33,Excitatory_Neuron
673,27,Immune
674,75,unassigned
675,18,Excitatory_Neuron
676,38,unassigned
677,22,unassigned
678,76,unassigned
679,10,Excitatory_Neuron
680,40,unassigned
681,11,Excitatory_Neuron
682,27,Immune
683,69,unassigned
684,18,Excitatory_Neuron
685,61,Excitatory_Neuron
686,17,Excitatory_Neuron
687,7,Excitatory_Neuron
688,38,unassigned
689,13,Excitatory_Neuron
690,76,unassigned
691,70,Immune
692,43,Immune
693,30,unassigned
694,2,Excitatory_Neuron
695,33,Excitatory_Neuron
696,69,unassigned
697,28,Immune
698,18,Excitatory_Neuron
699,7,Excitatory_Neuron
700,17,Excitatory_Neuron
701,13,Excitatory_Neuron
702,38,unassigned
703,39,Excitatory_Neuron
704,9,Excitatory_Neuron
705,85,Excitatory_Neuron
706,20,Excitatory_Neuron
707,14,Immune
708,12,Excitatory_Neuron
709,82,Excitatory_Neuron
710,82,Excitatory_Neuron
711,62,Excitatory_Neuron
712,18,Excitatory_Neuron
713,18,Excitatory_Neuron
714,52,unassigned
715,18,Excitatory_Neuron
716,52,unassigned
717,21,Excitatory_Neuron
718,39,Excitatory_Neuron
719,23,Excitatory_Neuron
720,21,Excitatory_Neuron
721,15,unassigned
722,1,unassigned
723,33,Excitatory_Neuron
724,7,Excitatory_Neuron
725,18,Excitatory_Neuron
726,39,Excitatory_Neuron
727,9,Excitatory_Neuron
728,22,unassigned
729,9,Excitatory_Neuron
730,73,Immune
731,11,Excitatory_Neuron
732,1,unassigned
733,29,GABA_Neuron
734,56,Excitatory_Neuron
735,1,unassigned
736,58,Excitatory_Neuron
737,33,Excitatory_Neuron
738,2,Excitatory_Neuron
739,34,Excitatory_Neuron
740,4,unassigned
741,86,unassigned
742,56,Excitatory_Neuron
743,1,unassigned
744,82,Excitatory_Neuron
745,84,unassigned
746,27,Immune
747,27,Immune
748,71,unassigned
749,75,unassigned
750,69,unassigned
751,6,Excitatory_Neuron
752,7,Excitatory_Neuron
753,52,unassigned
754,18,Excitatory_Neuron
755,52,unassigned
756,39,Excitatory_Neuron
757,17,Excitatory_Neuron
758,85,Excitatory_Neuron
759,10,Excitatory_Neuron
760,24,unassigned
761,67,Vascular
762,46,unassigned
763,11,Excitatory_Neuron
764,56,Excitatory_Neuron
765,70,Immune
766,56,Excitatory_Neuron
767,56,Excitatory_Neuron
768,26,Immune
769,26,Immune
770,27,Immune
771,28,Immune
772,69,unassigned
773,28,Immune
774,7,Excitatory_Neuron
775,61,Excitatory_Neuron
776,18,Excitatory_Neuron
777,39,Excitatory_Neuron
778,39,Excitatory_Neuron
779,20,Excitatory_Neuron
780,12,Excitatory_Neuron
781,12,Excitatory_Neuron
782,56,Excitatory_Neuron
783,56,Excitatory_Neuron
784,1,unassigned
785,26,Immune
786,33,Excitatory_Neuron
787,69,unassigned
788,69,unassigned
789,61,Excitatory_Neuron
790,7,Excitatory_Neuron
791,52,unassigned
792,39,Excitatory_Neuron
793,39,Excitatory_Neuron
794,68,unassigned
795,22,unassigned
796,21,Excitatory_Neuron
797,9,Excitatory_Neuron
798,10,Excitatory_Neuron
799,10,Excitatory_Neuron
800,12,Excitatory_Neuron
801,67,Vascular
802,42,Immune
803,1,unassigned
804,56,Excitatory_Neuron
805,69,unassigned
806,14,Immune
807,73,Immune
808,46,unassigned
809,42,Immune
810,42,Immune
811,56,Excitatory_Neuron
812,56,Excitatory_Neuron
813,54,GABA_Neuron
814,43,Immune
815,84,unassigned
816,26,Immune
817,7,Excitatory_Neuron
818,72,unassigned
819,18,Excitatory_Neuron
820,34,Excitatory_Neuron
821,31,unassigned
822,17,Excitatory_Neuron
823,8,Excitatory_Neuron
824,22,unassigned
825,23,Excitatory_Neuron
826,42,Immune
827,54,GABA_Neuron
828,71,unassigned
829,61,Excitatory_Neuron
830,28,Immune
831,6,Excitatory_Neuron
832,52,unassigned
833,13,Excitatory_Neuron
834,21,Excitatory_Neuron
835,68,unassigned
836,39,Excitatory_Neuron
837,20,Excitatory_Neuron
838,55,unassigned
839,9,Excitatory_Neuron
840,11,Excitatory_Neuron
841,11,Excitatory_Neuron
842,1,unassigned
843,58,Excitatory_Neuron
844,33,Excitatory_Neuron
845,69,unassigned
846,28,Immune
847,38,unassigned
848,9,Excitatory_Neuron
849,49,Excitatory_Neuron
850,14,Immune
851,46,unassigned
852,46,unassigned
853,1,unassigned
854,3,unassigned
855,34,Excitatory_Neuron
856,18,Excitatory_Neuron
857,52,unassigned
858,68,unassigned
859,22,unassigned
860,68,unassigned
861,81,unassigned
862,10,Excitatory_Neuron
863,67,Vascular
864,30,unassigned
865,69,unassigned
866,7,Excitatory_Neuron
867,18,Excitatory_Neuron
868,34,Excitatory_Neuron
869,17,Excitatory_Neuron
870,17,Excitatory_Neuron
871,18,Excitatory_Neuron
872,52,unassigned
873,34,Excitatory_Neuron
874,8,Excitatory_Neuron
875,20,Excitatory_Neuron
876,45,unassigned
877,12,Excitatory_Neuron
878,11,Excitatory_Neuron
879,42,Immune
880,70,Immune
881,70,Immune
882,27,Immune
883,69,unassigned
884,61,Excitatory_Neuron
885,34,Excitatory_Neuron
886,18,Excitatory_Neuron
887,18,Excitatory_Neuron
888,7,Excitatory_Neuron
889,39,Excitatory_Neuron
890,68,unassigned
891,21,Excitatory_Neuron
892,85,Excitatory_Neuron
893,9,Excitatory_Neuron
894,9,Excitatory_Neuron
895,9,Excitatory_Neuron
896,9,Excitatory_Neuron
897,10,Excitatory_Neuron
898,10,Excitatory_Neuron
899,14,Immune
900,11,Excitatory_Neuron
901,15,unassigned
902,43,Immune
903,69,unassigned
904,28,Immune
905,3,unassigned
906,72,unassigned
907,38,unassigned
908,23,Excitatory_Neuron
909,20,Excitatory_Neuron
910,73,Immune
911,24,unassigned
912,66,Excitatory_Neuron
913,14,Immune
914,67,Vascular
915,12,Excitatory_Neuron
916,12,Excitatory_Neuron
917,12,Excitatory_Neuron
918,70,Immune
919,70,Immune
920,1,unassigned
921,18,Excitatory_Neuron
922,3,unassigned
923,68,unassigned
924,9,Excitatory_Neuron
925,9,Excitatory_Neuron
926,20,Excitatory_Neuron
927,11,Excitatory_Neuron
928,42,Immune
929,16,Astro-Epen
930,30,unassigned
931,56,Excitatory_Neuron
932,58,Excitatory_Neuron
933,54,GABA_Neuron
934,71,unassigned
935,71,unassigned
936,28,Immune
937,22,unassigned
938,22,unassigned
939,9,Excitatory_Neuron
940,67,Vascular
941,46,unassigned
942,11,Excitatory_Neuron
943,70,Immune
944,56,Excitatory_Neuron
945,30,unassigned
946,84,unassigned
947,1,unassigned
948,6,Excitatory_Neuron
949,17,Excitatory_Neuron
950,22,unassigned
951,9,Excitatory_Neuron
952,55,unassigned
953,43,Immune
954,84,unassigned
955,54,GABA_Neuron
956,7,Excitatory_Neuron
957,17,Excitatory_Neuron
958,22,unassigned
959,23,Excitatory_Neuron
960,85,Excitatory_Neuron
961,9,Excitatory_Neuron
962,73,Immune
963,11,Excitatory_Neuron
964,42,Immune
965,56,Excitatory_Neuron
966,15,unassigned
967,16,Astro-Epen
968,43,Immune
969,28,Immune
970,69,unassigned
971,69,unassigned
972,28,Immune
973,28,Immune
974,7,Excitatory_Neuron
975,52,unassigned
976,34,Excitatory_Neuron
977,17,Excitatory_Neuron
978,7,Excitatory_Neuron
979,23,Excitatory_Neuron
980,9,Excitatory_Neuron
981,22,unassigned
982,9,Excitatory_Neuron
983,9,Excitatory_Neuron
984,14,Immune
985,49,Excitatory_Neuron
986,67,Vascular
987,12,Excitatory_Neuron
988,67,Vascular
989,69,unassigned
990,3,unassigned
991,6,Excitatory_Neuron
992,28,Immune
993,7,Excitatory_Neuron
994,39,Excitatory_Neuron
995,21,Excitatory_Neuron
996,87,unassigned
997,23,Excitatory_Neuron
998,9,Excitatory_Neuron
999,24,unassigned
1000,41,Excitatory_Neuron
1001,70,Immune
1002,56,Excitatory_Neuron
1003,16,Astro-Epen
1004,1,unassigned
1005,27,Immune
1006,33,Excitatory_Neuron
1007,33,Excitatory_Neuron
1008,88,Excitatory_Neuron
1009,3,unassigned
1010,7,Excitatory_Neuron
1011,7,Excitatory_Neuron
1012,28,Immune
1013,7,Excitatory_Neuron
1014,34,Excitatory_Neuron
1015,61,Excitatory_Neuron
1016,18,Excitatory_Neuron
1017,18,Excitatory_Neuron
1018,39,Excitatory_Neuron
1019,39,Excitatory_Neuron
1020,9,Excitatory_Neuron
1021,9,Excitatory_Neuron
1022,12,Excitatory_Neuron
1023,56,Excitatory_Neuron
1024,84,unassigned
1025,84,unassigned
1026,82,Excitatory_Neuron
1027,33,Excitatory_Neuron
1028,28,Immune
1029,61,Excitatory_Neuron
1030,7,Excitatory_Neuron
1031,17,Excitatory_Neuron
1032,34,Excitatory_Neuron
1033,38,unassigned
1034,39,Excitatory_Neuron
1035,18,Excitatory_Neuron
1036,39,Excitatory_Neuron
1037,87,unassigned
1038,21,Excitatory_Neuron
1039,85,Excitatory_Neuron
1040,14,Immune
1041,41,Excitatory_Neuron
1042,70,Immune
1043,16,Astro-Epen
1044,33,Excitatory_Neuron
1045,33,Excitatory_Neuron
1046,18,Excitatory_Neuron
1047,19,unassigned
1048,17,Excitatory_Neuron
1049,18,Excitatory_Neuron
1050,23,Excitatory_Neuron
1051,21,Excitatory_Neuron
1052,81,unassigned
1053,66,Excitatory_Neuron
1054,11,Excitatory_Neuron
1055,70,Immune
1056,29,GABA_Neuron
1057,56,Excitatory_Neuron
1058,30,unassigned
1059,16,Astro-Epen
1060,30,unassigned
1061,54,GABA_Neuron
1062,33,Excitatory_Neuron
1063,33,Excitatory_Neuron
1064,33,Excitatory_Neuron
1065,69,unassigned
1066,28,Immune
1067,34,Excitatory_Neuron
1068,39,Excitatory_Neuron
1069,22,unassigned
1070,68,unassigned
1071,9,Excitatory_Neuron
1072,89,unassigned
1073,9,Excitatory_Neuron
1074,20,Excitatory_Neuron
1075,20,Excitatory_Neuron
1076,10,Excitatory_Neuron
1077,1,unassigned
1078,67,Vascular
1079,42,Immune
1080,70,Immune
1081,54,GABA_Neuron
1082,33,Excitatory_Neuron
1083,54,GABA_Neuron
1084,33,Excitatory_Neuron
1085,71,unassigned
1086,7,Excitatory_Neuron
1087,52,unassigned
1088,21,Excitatory_Neuron
1089,68,unassigned
1090,39,Excitatory_Neuron
1091,11,Excitatory_Neuron
1092,82,Excitatory_Neuron
1093,1,unassigned
1094,1,unassigned
1095,58,Excitatory_Neuron
1096,69,unassigned
1097,80,Excitatory_Neuron
1098,6,Excitatory_Neuron
1099,18,Excitatory_Neuron
1100,34,Excitatory_Neuron
1101,52,unassigned
1102,7,Excitatory_Neuron
1103,39,Excitatory_Neuron
1104,13,Excitatory_Neuron
1105,31,unassigned
1106,10,Excitatory_Neuron
1107,74,Excitatory_Neuron
1108,57,unassigned
1109,30,unassigned
1110,25,Excitatory_Neuron
1111,33,Excitatory_Neuron
1112,28,Immune
1113,28,Immune
1114,13,Excitatory_Neuron
1115,18,Excitatory_Neuron
1116,87,unassigned
1117,21,Excitatory_Neuron
1118,9,Excitatory_Neuron
1119,9,Excitatory_Neuron
1120,9,Excitatory_Neuron
1121,24,unassigned
1122,73,Immune
1123,11,Excitatory_Neuron
1124,12,Excitatory_Neuron
1125,42,Immune
1126,29,GABA_Neuron
1127,56,Excitatory_Neuron
1128,33,Excitatory_Neuron
1129,33,Excitatory_Neuron
1130,33,Excitatory_Neuron
1131,69,unassigned
1132,90,unassigned
1133,7,Excitatory_Neuron
1134,34,Excitatory_Neuron
1135,61,Excitatory_Neuron
1136,52,unassigned
1137,7,Excitatory_Neuron
1138,39,Excitatory_Neuron
1139,17,Excitatory_Neuron
1140,21,Excitatory_Neuron
1141,21,Excitatory_Neuron
1142,9,Excitatory_Neuron
1143,9,Excitatory_Neuron
1144,4,unassigned
1145,10,Excitatory_Neuron
1146,41,Excitatory_Neuron
1147,46,unassigned
1148,46,unassigned
1149,11,Excitatory_Neuron
1150,42,Immune
1151,11,Excitatory_Neuron
1152,42,Immune
1153,29,GABA_Neuron
1154,33,Excitatory_Neuron
1155,54,GABA_Neuron
1156,54,GABA_Neuron
1157,28,Immune
1158,17,Excitatory_Neuron
1159,18,Excitatory_Neuron
1160,38,unassigned
1161,39,Excitatory_Neuron
1162,9,Excitatory_Neuron
1163,9,Excitatory_Neuron
1164,55,unassigned
1165,1,unassigned
1166,29,GABA_Neuron
1167,70,Immune
1168,43,Immune
1169,56,Excitatory_Neuron
1170,43,Immune
1171,33,Excitatory_Neuron
1172,39,Excitatory_Neuron
1173,39,Excitatory_Neuron
1174,18,Excitatory_Neuron
1175,68,unassigned
1176,4,unassigned
1177,10,Excitatory_Neuron
1178,11,Excitatory_Neuron
1179,42,Immune
1180,16,Astro-Epen
1181,16,Astro-Epen
1182,33,Excitatory_Neuron
1183,69,unassigned
1184,88,Excitatory_Neuron
1185,34,Excitatory_Neuron
1186,17,Excitatory_Neuron
1187,31,unassigned
1188,13,Excitatory_Neuron
1189,13,Excitatory_Neuron
1190,13,Excitatory_Neuron
1191,9,Excitatory_Neuron
1192,9,Excitatory_Neuron
1193,55,unassigned
1194,41,Excitatory_Neuron
1195,67,Vascular
1196,42,Immune
1197,11,Excitatory_Neuron
1198,75,unassigned
1199,34,Excitatory_Neuron
1200,61,Excitatory_Neuron
1201,18,Excitatory_Neuron
1202,39,Excitatory_Neuron
1203,18,Excitatory_Neuron
1204,31,unassigned
1205,31,unassigned
1206,39,Excitatory_Neuron
1207,39,Excitatory_Neuron
1208,20,Excitatory_Neuron
1209,12,Excitatory_Neuron
1210,11,Excitatory_Neuron
1211,25,Excitatory_Neuron
1212,43,Immune
1213,27,Immune
1214,28,Immune
1215,18,Excitatory_Neuron
1216,13,Excitatory_Neuron
1217,9,Excitatory_Neuron
1218,4,unassigned
1219,9,Excitatory_Neuron
1220,23,Excitatory_Neuron
1221,73,Immune
1222,14,Immune
1223,24,unassigned
1224,67,Vascular
1225,42,Immune
1226,11,Excitatory_Neuron
1227,25,Excitatory_Neuron
1228,25,Excitatory_Neuron
1229,25,Excitatory_Neuron
1230,30,unassigned
1231,82,Excitatory_Neuron
1232,33,Excitatory_Neuron
1233,33,Excitatory_Neuron
1234,33,Excitatory_Neuron
1235,88,Excitatory_Neuron
1236,3,unassigned
1237,28,Immune
1238,7,Excitatory_Neuron
1239,18,Excitatory_Neuron
1240,17,Excitatory_Neuron
1241,34,Excitatory_Neuron
1242,38,unassigned
1243,39,Excitatory_Neuron
1244,39,Excitatory_Neuron
1245,31,unassigned
1246,21,Excitatory_Neuron
1247,31,unassigned
1248,87,unassigned
1249,20,Excitatory_Neuron
1250,4,unassigned
1251,49,Excitatory_Neuron
1252,29,GABA_Neuron
1253,29,GABA_Neuron
1254,27,Immune
1255,26,Immune
1256,1,unassigned
1257,54,GABA_Neuron
1258,33,Excitatory_Neuron
1259,33,Excitatory_Neuron
1260,33,Excitatory_Neuron
1261,75,unassigned
1262,7,Excitatory_Neuron
1263,39,Excitatory_Neuron
1264,68,unassigned
1265,9,Excitatory_Neuron
1266,21,Excitatory_Neuron
1267,9,Excitatory_Neuron
1268,14,Immune
1269,10,Excitatory_Neuron
1270,46,unassigned
1271,11,Excitatory_Neuron
1272,56,Excitatory_Neuron
1273,25,Excitatory_Neuron
1274,25,Excitatory_Neuron
1275,43,Immune
1276,16,Astro-Epen
1277,32,unassigned
1278,62,Excitatory_Neuron
1279,28,Immune
1280,37,unassigned
1281,17,Excitatory_Neuron
1282,34,Excitatory_Neuron
1283,52,unassigned
1284,7,Excitatory_Neuron
1285,9,Excitatory_Neuron
1286,20,Excitatory_Neuron
1287,23,Excitatory_Neuron
1288,49,Excitatory_Neuron
1289,66,Excitatory_Neuron
1290,30,unassigned
1291,1,unassigned
1292,88,Excitatory_Neuron
1293,88,Excitatory_Neuron
1294,28,Immune
1295,52,unassigned
1296,34,Excitatory_Neuron
1297,39,Excitatory_Neuron
1298,39,Excitatory_Neuron
1299,31,unassigned
1300,23,Excitatory_Neuron
1301,87,unassigned
1302,76,unassigned
1303,76,unassigned
1304,9,Excitatory_Neuron
1305,49,Excitatory_Neuron
1306,12,Excitatory_Neuron
1307,42,Immune
1308,18,Excitatory_Neuron
1309,38,unassigned
1310,8,Excitatory_Neuron
1311,68,unassigned
1312,23,Excitatory_Neuron
1313,21,Excitatory_Neuron
1314,9,Excitatory_Neuron
1315,14,Immune
1316,49,Excitatory_Neuron
1317,10,Excitatory_Neuron
1318,42,Immune
1319,56,Excitatory_Neuron
1320,1,unassigned
1321,26,Immune
1322,43,Immune
1323,38,unassigned
1324,52,unassigned
1325,39,Excitatory_Neuron
1326,87,unassigned
1327,10,Excitatory_Neuron
1328,11,Excitatory_Neuron
1329,70,Immune
1330,25,Excitatory_Neuron
1331,56,Excitatory_Neuron
1332,33,Excitatory_Neuron
1333,33,Excitatory_Neuron
1334,33,Excitatory_Neuron
1335,28,Immune
1336,33,Excitatory_Neuron
1337,3,unassigned
1338,2,Excitatory_Neuron
1339,18,Excitatory_Neuron
1340,68,unassigned
1341,91,GABA_Neuron
1342,68,unassigned
1343,9,Excitatory_Neuron
1344,14,Immune
1345,74,Excitatory_Neuron
1346,1,unassigned
1347,15,unassigned
1348,70,Immune
1349,25,Excitatory_Neuron
1350,25,Excitatory_Neuron
1351,1,unassigned
1352,33,Excitatory_Neuron
1353,37,unassigned
1354,69,unassigned
1355,28,Immune
1356,17,Excitatory_Neuron
1357,52,unassigned
1358,18,Excitatory_Neuron
1359,17,Excitatory_Neuron
1360,13,Excitatory_Neuron
1361,20,Excitatory_Neuron
1362,39,Excitatory_Neuron
1363,21,Excitatory_Neuron
1364,89,unassigned
1365,14,Immune
1366,10,Excitatory_Neuron
1367,49,Excitatory_Neuron
1368,67,Vascular
1369,11,Excitatory_Neuron
1370,25,Excitatory_Neuron
1371,56,Excitatory_Neuron
1372,26,Immune
1373,1,unassigned
1374,33,Excitatory_Neuron
1375,88,Excitatory_Neuron
1376,7,Excitatory_Neuron
1377,6,Excitatory_Neuron
1378,7,Excitatory_Neuron
1379,34,Excitatory_Neuron
1380,18,Excitatory_Neuron
1381,18,Excitatory_Neuron
1382,68,unassigned
1383,9,Excitatory_Neuron
1384,23,Excitatory_Neuron
1385,9,Excitatory_Neuron
1386,55,unassigned
1387,14,Immune
1388,40,unassigned
1389,66,Excitatory_Neuron
1390,42,Immune
1391,56,Excitatory_Neuron
1392,30,unassigned
1393,28,Immune
1394,28,Immune
1395,17,Excitatory_Neuron
1396,72,unassigned
1397,92,GABA_Neuron
1398,38,unassigned
1399,39,Excitatory_Neuron
1400,39,Excitatory_Neuron
1401,9,Excitatory_Neuron
1402,14,Immune
1403,55,unassigned
1404,10,Excitatory_Neuron
1405,83,unassigned
1406,11,Excitatory_Neuron
1407,1,unassigned
1408,30,unassigned
1409,16,Astro-Epen
1410,33,Excitatory_Neuron
1411,33,Excitatory_Neuron
1412,37,unassigned
1413,28,Immune
1414,61,Excitatory_Neuron
1415,92,GABA_Neuron
1416,7,Excitatory_Neuron
1417,7,Excitatory_Neuron
1418,38,unassigned
1419,39,Excitatory_Neuron
1420,39,Excitatory_Neuron
1421,23,Excitatory_Neuron
1422,87,unassigned
1423,21,Excitatory_Neuron
1424,23,Excitatory_Neuron
1425,10,Excitatory_Neuron
1426,45,unassigned
1427,12,Excitatory_Neuron
1428,41,Excitatory_Neuron
1429,70,Immune
1430,56,Excitatory_Neuron
1431,16,Astro-Epen
1432,16,Astro-Epen
1433,1,unassigned
1434,54,GABA_Neuron
1435,33,Excitatory_Neuron
1436,69,unassigned
1437,7,Excitatory_Neuron
1438,61,Excitatory_Neuron
1439,18,Excitatory_Neuron
1440,93,Excitatory_Neuron
1441,20,Excitatory_Neuron
1442,20,Excitatory_Neuron
1443,9,Excitatory_Neuron
1444,9,Excitatory_Neuron
1445,20,Excitatory_Neuron
1446,74,Excitatory_Neuron
1447,16,Astro-Epen
1448,94,unassigned
1449,56,Excitatory_Neuron
1450,43,Immune
1451,33,Excitatory_Neuron
1452,62,Excitatory_Neuron
1453,7,Excitatory_Neuron
1454,28,Immune
1455,2,Excitatory_Neuron
1456,7,Excitatory_Neuron
1457,34,Excitatory_Neuron
1458,92,GABA_Neuron
1459,21,Excitatory_Neuron
1460,14,Immune
1461,12,Excitatory_Neuron
1462,11,Excitatory_Neuron
1463,30,unassigned
1464,16,Astro-Epen
1465,95,unassigned
1466,6,Excitatory_Neuron
1467,28,Immune
1468,8,Excitatory_Neuron
1469,14,Immune
1470,41,Excitatory_Neuron
1471,42,Immune
1472,29,GABA_Neuron
1473,25,Excitatory_Neuron
1474,56,Excitatory_Neuron
1475,82,Excitatory_Neuron
1476,2,Excitatory_Neuron
1477,88,Excitatory_Neuron
1478,96,Immune
1479,2,Excitatory_Neuron
1480,28,Immune
1481,17,Excitatory_Neuron
1482,20,Excitatory_Neuron
1483,39,Excitatory_Neuron
1484,20,Excitatory_Neuron
1485,21,Excitatory_Neuron
1486,49,Excitatory_Neuron
1487,10,Excitatory_Neuron
1488,14,Immune
1489,11,Excitatory_Neuron
1490,29,GABA_Neuron
1491,97,unassigned
1492,26,Immune
1493,33,Excitatory_Neuron
1494,75,unassigned
1495,3,unassigned
1496,28,Immune
1497,98,unassigned
1498,52,unassigned
1499,93,Excitatory_Neuron
1500,68,unassigned
1501,9,Excitatory_Neuron
1502,9,Excitatory_Neuron
1503,12,Excitatory_Neuron
1504,12,Excitatory_Neuron
1505,12,Excitatory_Neuron
1506,56,Excitatory_Neuron
1507,43,Immune
1508,30,unassigned
1509,54,GABA_Neuron
1510,88,Excitatory_Neuron
1511,28,Immune
1512,75,unassigned
1513,69,unassigned
1514,69,unassigned
1515,61,Excitatory_Neuron
1516,7,Excitatory_Neuron
1517,28,Immune
1518,2,Excitatory_Neuron
1519,61,Excitatory_Neuron
1520,7,Excitatory_Neuron
1521,31,unassigned
1522,39,Excitatory_Neuron
1523,39,Excitatory_Neuron
1524,23,Excitatory_Neuron
1525,9,Excitatory_Neuron
1526,10,Excitatory_Neuron
1527,66,Excitatory_Neuron
1528,30,unassigned
1529,16,Astro-Epen
1530,54,GABA_Neuron
1531,54,GABA_Neuron
1532,54,GABA_Neuron
1533,28,Immune
1534,28,Immune
1535,28,Immune
1536,18,Excitatory_Neuron
1537,19,unassigned
1538,18,Excitatory_Neuron
1539,34,Excitatory_Neuron
1540,34,Excitatory_Neuron
1541,7,Excitatory_Neuron
1542,20,Excitatory_Neuron
1543,13,Excitatory_Neuron
1544,31,unassigned
1545,39,Excitatory_Neuron
1546,31,unassigned
1547,68,unassigned
1548,9,Excitatory_Neuron
1549,23,Excitatory_Neuron
1550,9,Excitatory_Neuron
1551,12,Excitatory_Neuron
1552,99,unassigned
1553,94,unassigned
1554,75,unassigned
1555,28,Immune
1556,2,Excitatory_Neuron
1557,17,Excitatory_Neuron
1558,18,Excitatory_Neuron
1559,93,Excitatory_Neuron
1560,17,Excitatory_Neuron
1561,31,unassigned
1562,20,Excitatory_Neuron
1563,39,Excitatory_Neuron
1564,12,Excitatory_Neuron
1565,29,GABA_Neuron
1566,29,GABA_Neuron
1567,56,Excitatory_Neuron
1568,43,Immune
1569,43,Immune
1570,27,Immune
1571,27,Immune
1572,33,Excitatory_Neuron
1573,27,Immune
1574,92,GABA_Neuron
1575,17,Excitatory_Neuron
1576,13,Excitatory_Neuron
1577,13,Excitatory_Neuron
1578,21,Excitatory_Neuron
1579,20,Excitatory_Neuron
1580,39,Excitatory_Neuron
1581,9,Excitatory_Neuron
1582,9,Excitatory_Neuron
1583,10,Excitatory_Neuron
1584,49,Excitatory_Neuron
1585,14,Immune
1586,46,unassigned
1587,12,Excitatory_Neuron
1588,29,GABA_Neuron
1589,12,Excitatory_Neuron
1590,43,Immune
1591,1,unassigned
1592,2,Excitatory_Neuron
1593,7,Excitatory_Neuron
1594,17,Excitatory_Neuron
1595,18,Excitatory_Neuron
1596,13,Excitatory_Neuron
1597,23,Excitatory_Neuron
1598,9,Excitatory_Neuron
1599,23,Excitatory_Neuron
1600,10,Excitatory_Neuron
1601,14,Immune
1602,43,Immune
1603,43,Immune
1604,84,unassigned
1605,43,Immune
1606,27,Immune
1607,80,Excitatory_Neuron
1608,68,unassigned
1609,9,Excitatory_Neuron
1610,20,Excitatory_Neuron
1611,23,Excitatory_Neuron
1612,89,unassigned
1613,21,Excitatory_Neuron
1614,1,unassigned
1615,67,Vascular
1616,56,Excitatory_Neuron
1617,84,unassigned
1618,33,Excitatory_Neuron
1619,2,Excitatory_Neuron
1620,6,Excitatory_Neuron
1621,52,unassigned
1622,18,Excitatory_Neuron
1623,13,Excitatory_Neuron
1624,9,Excitatory_Neuron
1625,49,Excitatory_Neuron
1626,10,Excitatory_Neuron
1627,67,Vascular
1628,84,unassigned
1629,82,Excitatory_Neuron
1630,84,unassigned
1631,58,Excitatory_Neuron
1632,28,Immune
1633,7,Excitatory_Neuron
1634,7,Excitatory_Neuron
1635,17,Excitatory_Neuron
1636,34,Excitatory_Neuron
1637,7,Excitatory_Neuron
1638,68,unassigned
1639,39,Excitatory_Neuron
1640,9,Excitatory_Neuron
1641,20,Excitatory_Neuron
1642,10,Excitatory_Neuron
1643,100,Excitatory_Neuron
1644,14,Immune
1645,12,Excitatory_Neuron
1646,12,Excitatory_Neuron
1647,67,Vascular
1648,11,Excitatory_Neuron
1649,25,Excitatory_Neuron
1650,70,Immune
1651,27,Immune
1652,28,Immune
1653,3,unassigned
1654,6,Excitatory_Neuron
1655,93,Excitatory_Neuron
1656,93,Excitatory_Neuron
1657,31,unassigned
1658,39,Excitatory_Neuron
1659,23,Excitatory_Neuron
1660,89,unassigned
1661,10,Excitatory_Neuron
1662,70,Immune
1663,84,unassigned
1664,82,Excitatory_Neuron
1665,58,Excitatory_Neuron
1666,69,unassigned
1667,7,Excitatory_Neuron
1668,3,unassigned
1669,28,Immune
1670,17,Excitatory_Neuron
1671,39,Excitatory_Neuron
1672,31,unassigned
1673,31,unassigned
1674,31,unassigned
1675,23,Excitatory_Neuron
1676,9,Excitatory_Neuron
1677,66,Excitatory_Neuron
1678,10,Excitatory_Neuron
1679,101,unassigned
1680,66,Excitatory_Neuron
1681,11,Excitatory_Neuron
1682,70,Immune
1683,32,unassigned
1684,28,Immune
1685,33,Excitatory_Neuron
1686,58,Excitatory_Neuron
1687,61,Excitatory_Neuron
1688,28,Immune
1689,52,unassigned
1690,7,Excitatory_Neuron
1691,13,Excitatory_Neuron
1692,23,Excitatory_Neuron
1693,9,Excitatory_Neuron
1694,10,Excitatory_Neuron
1695,41,Excitatory_Neuron
1696,29,GABA_Neuron
1697,25,Excitatory_Neuron
1698,16,Astro-Epen
1699,30,unassigned
1700,27,Immune
1701,33,Excitatory_Neuron
1702,80,Excitatory_Neuron
1703,61,Excitatory_Neuron
1704,6,Excitatory_Neuron
1705,7,Excitatory_Neuron
1706,34,Excitatory_Neuron
1707,17,Excitatory_Neuron
1708,13,Excitatory_Neuron
1709,13,Excitatory_Neuron
1710,13,Excitatory_Neuron
1711,9,Excitatory_Neuron
1712,41,Excitatory_Neuron
1713,29,GABA_Neuron
1714,70,Immune
1715,16,Astro-Epen
1716,16,Astro-Epen
1717,27,Immune
1718,54,GABA_Neuron
1719,58,Excitatory_Neuron
1720,80,Excitatory_Neuron
1721,2,Excitatory_Neuron
1722,18,Excitatory_Neuron
1723,18,Excitatory_Neuron
1724,21,Excitatory_Neuron
1725,9,Excitatory_Neuron
1726,49,Excitatory_Neuron
1727,1,unassigned
1728,12,Excitatory_Neuron
1729,70,Immune
1730,28,Immune
1731,6,Excitatory_Neuron
1732,92,GABA_Neuron
1733,18,Excitatory_Neuron
1734,13,Excitatory_Neuron
1735,100,Excitatory_Neuron
1736,14,Immune
1737,49,Excitatory_Neuron
1738,10,Excitatory_Neuron
1739,70,Immune
1740,70,Immune
1741,84,unassigned
1742,61,Excitatory_Neuron
1743,28,Immune
1744,13,Excitatory_Neuron
1745,18,Excitatory_Neuron
1746,8,Excitatory_Neuron
1747,9,Excitatory_Neuron
1748,42,Immune
1749,11,Excitatory_Neuron
1750,16,Astro-Epen
1751,80,Excitatory_Neuron
1752,27,Immune
1753,75,unassigned
1754,6,Excitatory_Neuron
1755,61,Excitatory_Neuron
1756,6,Excitatory_Neuron
1757,2,Excitatory_Neuron
1758,34,Excitatory_Neuron
1759,17,Excitatory_Neuron
1760,39,Excitatory_Neuron
1761,10,Excitatory_Neuron
1762,10,Excitatory_Neuron
1763,10,Excitatory_Neuron
1764,10,Excitatory_Neuron
1765,67,Vascular
1766,11,Excitatory_Neuron
1767,12,Excitatory_Neuron
1768,43,Immune
1769,43,Immune
1770,28,Immune
1771,28,Immune
1772,18,Excitatory_Neuron
1773,13,Excitatory_Neuron
1774,91,GABA_Neuron
1775,9,Excitatory_Neuron
1776,49,Excitatory_Neuron
1777,41,Excitatory_Neuron
1778,1,unassigned
1779,42,Immune
1780,84,unassigned
1781,54,GABA_Neuron
1782,88,Excitatory_Neuron
1783,27,Immune
1784,28,Immune
1785,2,Excitatory_Neuron
1786,17,Excitatory_Neuron
1787,7,Excitatory_Neuron
1788,7,Excitatory_Neuron
1789,34,Excitatory_Neuron
1790,52,unassigned
1791,52,unassigned
1792,9,Excitatory_Neuron
1793,102,Excitatory_Neuron
1794,9,Excitatory_Neuron
1795,12,Excitatory_Neuron
1796,11,Excitatory_Neuron
1797,56,Excitatory_Neuron
1798,69,unassigned
1799,17,Excitatory_Neuron
1800,52,unassigned
1801,61,Excitatory_Neuron
1802,52,unassigned
1803,38,unassigned
1804,31,unassigned
1805,31,unassigned
1806,13,Excitatory_Neuron
1807,39,Excitatory_Neuron
1808,9,Excitatory_Neuron
1809,103,unassigned
1810,67,Vascular
1811,67,Vascular
1812,70,Immune
1813,16,Astro-Epen
1814,82,Excitatory_Neuron
1815,33,Excitatory_Neuron
1816,82,Excitatory_Neuron
1817,61,Excitatory_Neuron
1818,28,Immune
1819,6,Excitatory_Neuron
1820,13,Excitatory_Neuron
1821,31,unassigned
1822,9,Excitatory_Neuron
1823,39,Excitatory_Neuron
1824,85,Excitatory_Neuron
1825,9,Excitatory_Neuron
1826,14,Immune
1827,101,unassigned
1828,67,Vascular
1829,42,Immune
1830,11,Excitatory_Neuron
1831,11,Excitatory_Neuron
1832,42,Immune
1833,16,Astro-Epen
1834,27,Immune
1835,54,GABA_Neuron
1836,62,Excitatory_Neuron
1837,2,Excitatory_Neuron
1838,69,unassigned
1839,79,unassigned
1840,52,unassigned
1841,34,Excitatory_Neuron
1842,52,unassigned
1843,31,unassigned
1844,91,GABA_Neuron
1845,21,Excitatory_Neuron
1846,100,Excitatory_Neuron
1847,14,Immune
1848,73,Immune
1849,14,Immune
1850,12,Excitatory_Neuron
1851,11,Excitatory_Neuron
1852,29,GABA_Neuron
1853,29,GABA_Neuron
1854,56,Excitatory_Neuron
1855,70,Immune
1856,90,unassigned
1857,18,Excitatory_Neuron
1858,18,Excitatory_Neuron
1859,17,Excitatory_Neuron
1860,13,Excitatory_Neuron
1861,38,unassigned
1862,104,Excitatory_Neuron
1863,20,Excitatory_Neuron
1864,39,Excitatory_Neuron
1865,21,Excitatory_Neuron
1866,2,Excitatory_Neuron
1867,33,Excitatory_Neuron
1868,33,Excitatory_Neuron
1869,88,Excitatory_Neuron
1870,96,Immune
1871,28,Immune
1872,6,Excitatory_Neuron
1873,7,Excitatory_Neuron
1874,52,unassigned
1875,31,unassigned
1876,93,Excitatory_Neuron
1877,9,Excitatory_Neuron
1878,9,Excitatory_Neuron
1879,14,Immune
1880,20,Excitatory_Neuron
1881,14,Immune
1882,105,unassigned
1883,66,Excitatory_Neuron
1884,12,Excitatory_Neuron
1885,11,Excitatory_Neuron
1886,16,Astro-Epen
1887,2,Excitatory_Neuron
1888,96,Immune
1889,7,Excitatory_Neuron
1890,93,Excitatory_Neuron
1891,91,GABA_Neuron
1892,39,Excitatory_Neuron
1893,39,Excitatory_Neuron
1894,9,Excitatory_Neuron
1895,29,GABA_Neuron
1896,56,Excitatory_Neuron
1897,56,Excitatory_Neuron
1898,27,Immune
1899,33,Excitatory_Neuron
1900,27,Immune
1901,88,Excitatory_Neuron
1902,6,Excitatory_Neuron
1903,6,Excitatory_Neuron
1904,52,unassigned
1905,17,Excitatory_Neuron
1906,91,GABA_Neuron
1907,91,GABA_Neuron
1908,39,Excitatory_Neuron
1909,9,Excitatory_Neuron
1910,10,Excitatory_Neuron
1911,10,Excitatory_Neuron
1912,41,Excitatory_Neuron
1913,67,Vascular
1914,11,Excitatory_Neuron
1915,11,Excitatory_Neuron
1916,56,Excitatory_Neuron
1917,62,Excitatory_Neuron
1918,96,Immune
1919,28,Immune
1920,28,Immune
1921,61,Excitatory_Neuron
1922,61,Excitatory_Neuron
1923,7,Excitatory_Neuron
1924,13,Excitatory_Neuron
1925,8,Excitatory_Neuron
1926,9,Excitatory_Neuron
1927,49,Excitatory_Neuron
1928,10,Excitatory_Neuron
1929,41,Excitatory_Neuron
1930,12,Excitatory_Neuron
1931,11,Excitatory_Neuron
1932,82,Excitatory_Neuron
1933,61,Excitatory_Neuron
1934,28,Immune
1935,6,Excitatory_Neuron
1936,106,Excitatory_Neuron
1937,13,Excitatory_Neuron
1938,39,Excitatory_Neuron
1939,39,Excitatory_Neuron
1940,9,Excitatory_Neuron
1941,9,Excitatory_Neuron
1942,20,Excitatory_Neuron
1943,49,Excitatory_Neuron
1944,14,Immune
1945,10,Excitatory_Neuron
1946,67,Vascular
1947,11,Excitatory_Neuron
1948,84,unassigned
1949,82,Excitatory_Neuron
1950,28,Immune
1951,58,Excitatory_Neuron
1952,31,unassigned
1953,91,GABA_Neuron
1954,91,GABA_Neuron
1955,31,unassigned
1956,21,Excitatory_Neuron
1957,13,Excitatory_Neuron
1958,8,Excitatory_Neuron
1959,20,Excitatory_Neuron
1960,48,Excitatory_Neuron
1961,101,unassigned
1962,29,GABA_Neuron
1963,16,Astro-Epen
1964,16,Astro-Epen
1965,16,Astro-Epen
1966,82,Excitatory_Neuron
1967,27,Immune
1968,31,unassigned
1969,9,Excitatory_Neuron
1970,49,Excitatory_Neuron
1971,101,unassigned
1972,41,Excitatory_Neuron
1973,12,Excitatory_Neuron
1974,41,Excitatory_Neuron
1975,25,Excitatory_Neuron
1976,27,Immune
1977,96,Immune
1978,28,Immune
1979,18,Excitatory_Neuron
1980,52,unassigned
1981,34,Excitatory_Neuron
1982,39,Excitatory_Neuron
1983,39,Excitatory_Neuron
1984,23,Excitatory_Neuron
1985,9,Excitatory_Neuron
1986,9,Excitatory_Neuron
1987,9,Excitatory_Neuron
1988,10,Excitatory_Neuron
1989,49,Excitatory_Neuron
1990,10,Excitatory_Neuron
1991,42,Immune
1992,70,Immune
1993,30,unassigned
1994,43,Immune
1995,84,unassigned
1996,7,Excitatory_Neuron
1997,92,GABA_Neuron
1998,8,Excitatory_Neuron
1999,39,Excitatory_Neuron
2000,12,Excitatory_Neuron
2001,41,Excitatory_Neuron
2002,12,Excitatory_Neuron
2003,16,Astro-Epen
2004,30,unassigned
2005,33,Excitatory_Neuron
2006,54,GABA_Neuron
2007,80,Excitatory_Neuron
2008,62,Excitatory_Neuron
2009,28,Immune
2010,96,Immune
2011,62,Excitatory_Neuron
2012,88,Excitatory_Neuron
2013,80,Excitatory_Neuron
2014,38,unassigned
2015,31,unassigned
2016,9,Excitatory_Neuron
2017,39,Excitatory_Neuron
2018,107,unassigned
2019,39,Excitatory_Neuron
2020,10,Excitatory_Neuron
2021,66,Excitatory_Neuron
2022,10,Excitatory_Neuron
2023,12,Excitatory_Neuron
2024,41,Excitatory_Neuron
2025,56,Excitatory_Neuron
2026,96,Immune
2027,7,Excitatory_Neuron
2028,6,Excitatory_Neuron
2029,38,unassigned
2030,31,unassigned
2031,18,Excitatory_Neuron
2032,9,Excitatory_Neuron
2033,102,Excitatory_Neuron
2034,83,unassigned
2035,70,Immune
2036,58,Excitatory_Neuron
2037,27,Immune
2038,58,Excitatory_Neuron
2039,62,Excitatory_Neuron
2040,28,Immune
2041,80,Excitatory_Neuron
2042,2,Excitatory_Neuron
2043,38,unassigned
2044,93,Excitatory_Neuron
2045,9,Excitatory_Neuron
2046,91,GABA_Neuron
2047,89,unassigned
2048,10,Excitatory_Neuron
2049,10,Excitatory_Neuron
2050,41,Excitatory_Neuron
2051,12,Excitatory_Neuron
2052,32,unassigned
2053,28,Immune
2054,27,Immune
2055,82,Excitatory_Neuron
2056,27,Immune
2057,58,Excitatory_Neuron
2058,96,Immune
2059,58,Excitatory_Neuron
2060,18,Excitatory_Neuron
2061,106,Excitatory_Neuron
2062,93,Excitatory_Neuron
2063,18,Excitatory_Neuron
2064,93,Excitatory_Neuron
2065,13,Excitatory_Neuron
2066,9,Excitatory_Neuron
2067,100,Excitatory_Neuron
2068,14,Immune
2069,49,Excitatory_Neuron
2070,83,unassigned
2071,12,Excitatory_Neuron
2072,70,Immune
2073,43,Immune
2074,16,Astro-Epen
2075,54,GABA_Neuron
2076,54,GABA_Neuron
2077,17,Excitatory_Neuron
2078,93,Excitatory_Neuron
2079,17,Excitatory_Neuron
2080,13,Excitatory_Neuron
2081,9,Excitatory_Neuron
2082,9,Excitatory_Neuron
2083,101,unassigned
2084,101,unassigned
2085,41,Excitatory_Neuron
2086,12,Excitatory_Neuron
2087,12,Excitatory_Neuron
2088,70,Immune
2089,16,Astro-Epen
2090,30,unassigned
2091,61,Excitatory_Neuron
2092,2,Excitatory_Neuron
2093,7,Excitatory_Neuron
2094,102,Excitatory_Neuron
2095,66,Excitatory_Neuron
2096,41,Excitatory_Neuron
2097,41,Excitatory_Neuron
2098,56,Excitatory_Neuron
2099,16,Astro-Epen
2100,56,Excitatory_Neuron
2101,56,Excitatory_Neuron
2102,27,Immune
2103,54,GABA_Neuron
2104,84,unassigned
2105,61,Excitatory_Neuron
2106,90,unassigned
2107,2,Excitatory_Neuron
2108,28,Immune
2109,93,Excitatory_Neuron
2110,8,Excitatory_Neuron
2111,9,Excitatory_Neuron
2112,20,Excitatory_Neuron
2113,10,Excitatory_Neuron
2114,12,Excitatory_Neuron
2115,12,Excitatory_Neuron
2116,56,Excitatory_Neuron
2117,16,Astro-Epen
2118,56,Excitatory_Neuron
2119,25,Excitatory_Neuron
2120,54,GABA_Neuron
2121,27,Immune
2122,96,Immune
2123,62,Excitatory_Neuron
2124,28,Immune
2125,7,Excitatory_Neuron
2126,34,Excitatory_Neuron
2127,93,Excitatory_Neuron
2128,8,Excitatory_Neuron
2129,9,Excitatory_Neuron
2130,101,unassigned
2131,66,Excitatory_Neuron
2132,43,Immune
2133,95,unassigned
2134,95,unassigned
2135,27,Immune
2136,27,Immune
2137,88,Excitatory_Neuron
2138,61,Excitatory_Neuron
2139,13,Excitatory_Neuron
2140,13,Excitatory_Neuron
2141,107,unassigned
2142,9,Excitatory_Neuron
2143,89,unassigned
2144,14,Immune
2145,12,Excitatory_Neuron
2146,11,Excitatory_Neuron
2147,25,Excitatory_Neuron
2148,54,GABA_Neuron
2149,82,Excitatory_Neuron
2150,27,Immune
2151,28,Immune
2152,80,Excitatory_Neuron
2153,6,Excitatory_Neuron
2154,61,Excitatory_Neuron
2155,34,Excitatory_Neuron
2156,61,Excitatory_Neuron
2157,13,Excitatory_Neuron
2158,108,GABA_Neuron
2159,109,Astro-Epen
2160,102,Excitatory_Neuron
2161,100,Excitatory_Neuron
2162,12,Excitatory_Neuron
2163,1,unassigned
2164,16,Astro-Epen
2165,56,Excitatory_Neuron
2166,54,GABA_Neuron
2167,2,Excitatory_Neuron
2168,17,Excitatory_Neuron
2169,17,Excitatory_Neuron
2170,17,Excitatory_Neuron
2171,39,Excitatory_Neuron
2172,38,unassigned
2173,48,Excitatory_Neuron
2174,39,Excitatory_Neuron
2175,20,Excitatory_Neuron
2176,102,Excitatory_Neuron
2177,55,unassigned
2178,101,unassigned
2179,83,unassigned
2180,67,Vascular
2181,56,Excitatory_Neuron
2182,56,Excitatory_Neuron
2183,43,Immune
2184,82,Excitatory_Neuron
2185,43,Immune
2186,43,Immune
2187,61,Excitatory_Neuron
2188,18,Excitatory_Neuron
2189,34,Excitatory_Neuron
2190,106,Excitatory_Neuron
2191,106,Excitatory_Neuron
2192,20,Excitatory_Neuron
2193,73,Immune
2194,49,Excitatory_Neuron
2195,10,Excitatory_Neuron
2196,70,Immune
2197,43,Immune
2198,16,Astro-Epen
2199,16,Astro-Epen
2200,26,Immune
2201,62,Excitatory_Neuron
2202,27,Immune
2203,88,Excitatory_Neuron
2204,18,Excitatory_Neuron
2205,17,Excitatory_Neuron
2206,93,Excitatory_Neuron
2207,17,Excitatory_Neuron
2208,13,Excitatory_Neuron
2209,9,Excitatory_Neuron
2210,49,Excitatory_Neuron
2211,14,Immune
2212,66,Excitatory_Neuron
2213,41,Excitatory_Neuron
2214,42,Immune
2215,82,Excitatory_Neuron
2216,1,unassigned
2217,27,Immune
2218,96,Immune
2219,28,Immune
2220,7,Excitatory_Neuron
2221,7,Excitatory_Neuron
2222,8,Excitatory_Neuron
2223,109,Astro-Epen
2224,10,Excitatory_Neuron
2225,74,Excitatory_Neuron
2226,12,Excitatory_Neuron
2227,42,Immune
2228,70,Immune
2229,16,Astro-Epen
2230,82,Excitatory_Neuron
2231,62,Excitatory_Neuron
2232,33,Excitatory_Neuron
2233,28,Immune
2234,28,Immune
2235,106,Excitatory_Neuron
2236,17,Excitatory_Neuron
2237,18,Excitatory_Neuron
2238,17,Excitatory_Neuron
2239,13,Excitatory_Neuron
2240,91,GABA_Neuron
2241,10,Excitatory_Neuron
2242,110,unassigned
2243,41,Excitatory_Neuron
2244,41,Excitatory_Neuron
2245,67,Vascular
2246,27,Immune
2247,62,Excitatory_Neuron
2248,2,Excitatory_Neuron
2249,106,Excitatory_Neuron
2250,92,GABA_Neuron
2251,7,Excitatory_Neuron
2252,13,Excitatory_Neuron
2253,9,Excitatory_Neuron
2254,23,Excitatory_Neuron
2255,66,Excitatory_Neuron
2256,66,Excitatory_Neuron
2257,12,Excitatory_Neuron
2258,70,Immune
2259,16,Astro-Epen
2260,62,Excitatory_Neuron
2261,27,Immune
2262,28,Immune
2263,18,Excitatory_Neuron
2264,93,Excitatory_Neuron
2265,39,Excitatory_Neuron
2266,13,Excitatory_Neuron
2267,31,unassigned
2268,104,Excitatory_Neuron
2269,31,unassigned
2270,13,Excitatory_Neuron
2271,39,Excitatory_Neuron
2272,100,Excitatory_Neuron
2273,41,Excitatory_Neuron
2274,12,Excitatory_Neuron
2275,42,Immune
2276,1,unassigned
2277,12,Excitatory_Neuron
2278,25,Excitatory_Neuron
2279,70,Immune
2280,16,Astro-Epen
2281,16,Astro-Epen
2282,58,Excitatory_Neuron
2283,27,Immune
2284,28,Immune
2285,2,Excitatory_Neuron
2286,2,Excitatory_Neuron
2287,6,Excitatory_Neuron
2288,7,Excitatory_Neuron
2289,17,Excitatory_Neuron
2290,48,Excitatory_Neuron
2291,48,Excitatory_Neuron
2292,39,Excitatory_Neuron
2293,9,Excitatory_Neuron
2294,9,Excitatory_Neuron
2295,109,Astro-Epen
2296,14,Immune
2297,14,Immune
2298,41,Excitatory_Neuron
2299,12,Excitatory_Neuron
2300,12,Excitatory_Neuron
2301,56,Excitatory_Neuron
2302,16,Astro-Epen
2303,84,unassigned
2304,43,Immune
2305,82,Excitatory_Neuron
2306,88,Excitatory_Neuron
2307,2,Excitatory_Neuron
2308,92,GABA_Neuron
2309,106,Excitatory_Neuron
2310,18,Excitatory_Neuron
2311,34,Excitatory_Neuron
2312,39,Excitatory_Neuron
2313,9,Excitatory_Neuron
2314,9,Excitatory_Neuron
2315,10,Excitatory_Neuron
2316,10,Excitatory_Neuron
2317,10,Excitatory_Neuron
2318,101,unassigned
2319,67,Vascular
2320,70,Immune
2321,25,Excitatory_Neuron
2322,70,Immune
2323,43,Immune
2324,2,Excitatory_Neuron
2325,27,Immune
2326,2,Excitatory_Neuron
2327,28,Immune
2328,7,Excitatory_Neuron
2329,61,Excitatory_Neuron
2330,7,Excitatory_Neuron
2331,92,GABA_Neuron
2332,106,Excitatory_Neuron
2333,34,Excitatory_Neuron
2334,17,Excitatory_Neuron
2335,17,Excitatory_Neuron
2336,13,Excitatory_Neuron
2337,39,Excitatory_Neuron
2338,9,Excitatory_Neuron
2339,74,Excitatory_Neuron
2340,67,Vascular
2341,67,Vascular
2342,11,Excitatory_Neuron
2343,1,unassigned
2344,29,GABA_Neuron
2345,29,GABA_Neuron
2346,16,Astro-Epen
2347,26,Immune
2348,82,Excitatory_Neuron
2349,43,Immune
2350,43,Immune
2351,43,Immune
2352,43,Immune
2353,62,Excitatory_Neuron
2354,28,Immune
2355,7,Excitatory_Neuron
2356,17,Excitatory_Neuron
2357,31,unassigned
2358,48,Excitatory_Neuron
2359,13,Excitatory_Neuron
2360,39,Excitatory_Neuron
2361,39,Excitatory_Neuron
2362,8,Excitatory_Neuron
2363,89,unassigned
2364,12,Excitatory_Neuron
2365,12,Excitatory_Neuron
2366,1,unassigned
2367,43,Immune
2368,16,Astro-Epen
2369,54,GABA_Neuron
2370,82,Excitatory_Neuron
2371,54,GABA_Neuron
2372,82,Excitatory_Neuron
2373,27,Immune
2374,27,Immune
2375,2,Excitatory_Neuron
2376,61,Excitatory_Neuron
2377,7,Excitatory_Neuron
2378,18,Excitatory_Neuron
2379,39,Excitatory_Neuron
2380,21,Excitatory_Neuron
2381,9,Excitatory_Neuron
2382,9,Excitatory_Neuron
2383,9,Excitatory_Neuron
2384,85,Excitatory_Neuron
2385,102,Excitatory_Neuron
2386,73,Immune
2387,49,Excitatory_Neuron
2388,42,Immune
2389,70,Immune
2390,56,Excitatory_Neuron
2391,82,Excitatory_Neuron
2392,82,Excitatory_Neuron
2393,27,Immune
2394,17,Excitatory_Neuron
2395,17,Excitatory_Neuron
2396,17,Excitatory_Neuron
2397,106,Excitatory_Neuron
2398,39,Excitatory_Neuron
2399,108,GABA_Neuron
2400,108,GABA_Neuron
2401,100,Excitatory_Neuron
2402,111,unassigned
2403,10,Excitatory_Neuron
2404,66,Excitatory_Neuron
2405,11,Excitatory_Neuron
2406,32,unassigned
2407,27,Immune
2408,88,Excitatory_Neuron
2409,27,Immune
2410,7,Excitatory_Neuron
2411,106,Excitatory_Neuron
2412,93,Excitatory_Neuron
2413,31,unassigned
2414,13,Excitatory_Neuron
2415,13,Excitatory_Neuron
2416,9,Excitatory_Neuron
2417,73,Immune
2418,42,Immune
2419,42,Immune
2420,16,Astro-Epen
2421,16,Astro-Epen
2422,16,Astro-Epen
2423,25,Excitatory_Neuron
2424,33,Excitatory_Neuron
2425,27,Immune
2426,33,Excitatory_Neuron
2427,27,Immune
2428,28,Immune
2429,28,Immune
2430,7,Excitatory_Neuron
2431,7,Excitatory_Neuron
2432,7,Excitatory_Neuron
2433,92,GABA_Neuron
2434,21,Excitatory_Neuron
2435,13,Excitatory_Neuron
2436,21,Excitatory_Neuron
2437,10,Excitatory_Neuron
2438,10,Excitatory_Neuron
2439,10,Excitatory_Neuron
2440,14,Immune
2441,11,Excitatory_Neuron
2442,56,Excitatory_Neuron
2443,16,Astro-Epen
2444,32,unassigned
2445,27,Immune
2446,88,Excitatory_Neuron
2447,28,Immune
2448,17,Excitatory_Neuron
2449,39,Excitatory_Neuron
2450,107,unassigned
2451,9,Excitatory_Neuron
2452,14,Immune
2453,14,Immune
2454,67,Vascular
2455,1,unassigned
2456,16,Astro-Epen
2457,82,Excitatory_Neuron
2458,27,Immune
2459,75,unassigned
2460,58,Excitatory_Neuron
2461,90,unassigned
2462,6,Excitatory_Neuron
2463,7,Excitatory_Neuron
2464,17,Excitatory_Neuron
2465,17,Excitatory_Neuron
2466,39,Excitatory_Neuron
2467,8,Excitatory_Neuron
2468,23,Excitatory_Neuron
2469,16,Astro-Epen
2470,16,Astro-Epen
2471,54,GABA_Neuron
2472,43,Immune
2473,43,Immune
2474,88,Excitatory_Neuron
2475,28,Immune
2476,92,GABA_Neuron
2477,17,Excitatory_Neuron
2478,34,Excitatory_Neuron
2479,104,Excitatory_Neuron
2480,93,Excitatory_Neuron
2481,91,GABA_Neuron
2482,107,unassigned
2483,89,unassigned
2484,85,Excitatory_Neuron
2485,10,Excitatory_Neuron
2486,12,Excitatory_Neuron
2487,16,Astro-Epen
2488,54,GABA_Neuron
2489,2,Excitatory_Neuron
2490,96,Immune
2491,61,Excitatory_Neuron
2492,17,Excitatory_Neuron
2493,93,Excitatory_Neuron
2494,34,Excitatory_Neuron
2495,7,Excitatory_Neuron
2496,17,Excitatory_Neuron
2497,13,Excitatory_Neuron
2498,13,Excitatory_Neuron
2499,93,Excitatory_Neuron
2500,39,Excitatory_Neuron
2501,9,Excitatory_Neuron
2502,10,Excitatory_Neuron
2503,101,unassigned
2504,66,Excitatory_Neuron
2505,12,Excitatory_Neuron
2506,12,Excitatory_Neuron
2507,11,Excitatory_Neuron
2508,11,Excitatory_Neuron
2509,42,Immune
2510,16,Astro-Epen
2511,82,Excitatory_Neuron
2512,1,unassigned
2513,28,Immune
2514,28,Immune
2515,62,Excitatory_Neuron
2516,7,Excitatory_Neuron
2517,61,Excitatory_Neuron
2518,18,Excitatory_Neuron
2519,106,Excitatory_Neuron
2520,13,Excitatory_Neuron
2521,107,unassigned
2522,100,Excitatory_Neuron
2523,74,Excitatory_Neuron
2524,12,Excitatory_Neuron
2525,12,Excitatory_Neuron
2526,16,Astro-Epen
2527,16,Astro-Epen
2528,27,Immune
2529,6,Excitatory_Neuron
2530,6,Excitatory_Neuron
2531,18,Excitatory_Neuron
2532,92,GABA_Neuron
2533,7,Excitatory_Neuron
2534,34,Excitatory_Neuron
2535,13,Excitatory_Neuron
2536,39,Excitatory_Neuron
2537,73,Immune
2538,73,Immune
2539,49,Excitatory_Neuron
2540,105,unassigned
2541,14,Immune
2542,101,unassigned
2543,29,GABA_Neuron
2544,56,Excitatory_Neuron
2545,43,Immune
2546,112,unassigned
2547,84,unassigned
2548,58,Excitatory_Neuron
2549,7,Excitatory_Neuron
2550,6,Excitatory_Neuron
2551,18,Excitatory_Neuron
2552,93,Excitatory_Neuron
2553,9,Excitatory_Neuron
2554,109,Astro-Epen
2555,10,Excitatory_Neuron
2556,101,unassigned
2557,12,Excitatory_Neuron
2558,113,unassigned
2559,43,Immune
2560,16,Astro-Epen
2561,88,Excitatory_Neuron
2562,80,Excitatory_Neuron
2563,6,Excitatory_Neuron
2564,106,Excitatory_Neuron
2565,104,Excitatory_Neuron
2566,108,GABA_Neuron
2567,9,Excitatory_Neuron
2568,10,Excitatory_Neuron
2569,73,Immune
2570,73,Immune
2571,67,Vascular
2572,12,Excitatory_Neuron
2573,12,Excitatory_Neuron
2574,16,Astro-Epen
2575,56,Excitatory_Neuron
2576,84,unassigned
2577,43,Immune
2578,33,Excitatory_Neuron
2579,96,Immune
2580,80,Excitatory_Neuron
2581,7,Excitatory_Neuron
2582,61,Excitatory_Neuron
2583,34,Excitatory_Neuron
2584,39,Excitatory_Neuron
2585,39,Excitatory_Neuron
2586,23,Excitatory_Neuron
2587,109,Astro-Epen
2588,9,Excitatory_Neuron
2589,73,Immune
2590,73,Immune
2591,49,Excitatory_Neuron
2592,12,Excitatory_Neuron
2593,41,Excitatory_Neuron
2594,42,Immune
2595,114,unassigned
2596,2,Excitatory_Neuron
2597,106,Excitatory_Neuron
2598,17,Excitatory_Neuron
2599,106,Excitatory_Neuron
2600,106,Excitatory_Neuron
2601,8,Excitatory_Neuron
2602,91,GABA_Neuron
2603,108,GABA_Neuron
2604,9,Excitatory_Neuron
2605,100,Excitatory_Neuron
2606,9,Excitatory_Neuron
2607,14,Immune
2608,42,Immune
2609,58,Excitatory_Neuron
2610,7,Excitatory_Neuron
2611,7,Excitatory_Neuron
2612,17,Excitatory_Neuron
2613,39,Excitatory_Neuron
2614,23,Excitatory_Neuron
2615,9,Excitatory_Neuron
2616,9,Excitatory_Neuron
2617,10,Excitatory_Neuron
2618,55,unassigned
2619,12,Excitatory_Neuron
2620,12,Excitatory_Neuron
2621,42,Immune
2622,29,GABA_Neuron
2623,56,Excitatory_Neuron
2624,43,Immune
2625,112,unassigned
2626,43,Immune
2627,58,Excitatory_Neuron
2628,115,unassigned
2629,61,Excitatory_Neuron
2630,106,Excitatory_Neuron
2631,104,Excitatory_Neuron
2632,20,Excitatory_Neuron
2633,39,Excitatory_Neuron
2634,8,Excitatory_Neuron
2635,8,Excitatory_Neuron
2636,89,unassigned
2637,9,Excitatory_Neuron
2638,102,Excitatory_Neuron
2639,73,Immune
2640,70,Immune
2641,25,Excitatory_Neuron
2642,16,Astro-Epen
2643,2,Excitatory_Neuron
2644,96,Immune
2645,58,Excitatory_Neuron
2646,7,Excitatory_Neuron
2647,34,Excitatory_Neuron
2648,106,Excitatory_Neuron
2649,106,Excitatory_Neuron
2650,39,Excitatory_Neuron
2651,23,Excitatory_Neuron
2652,110,unassigned
2653,12,Excitatory_Neuron
2654,11,Excitatory_Neuron
2655,12,Excitatory_Neuron
2656,16,Astro-Epen
2657,56,Excitatory_Neuron
2658,16,Astro-Epen
2659,16,Astro-Epen
2660,43,Immune
2661,26,Immune
2662,27,Immune
2663,80,Excitatory_Neuron
2664,2,Excitatory_Neuron
2665,62,Excitatory_Neuron
2666,96,Immune
2667,96,Immune
2668,6,Excitatory_Neuron
2669,61,Excitatory_Neuron
2670,7,Excitatory_Neuron
2671,92,GABA_Neuron
2672,17,Excitatory_Neuron
2673,106,Excitatory_Neuron
2674,93,Excitatory_Neuron
2675,17,Excitatory_Neuron
2676,7,Excitatory_Neuron
2677,102,Excitatory_Neuron
2678,9,Excitatory_Neuron
2679,100,Excitatory_Neuron
2680,10,Excitatory_Neuron
2681,49,Excitatory_Neuron
2682,105,unassigned
2683,74,Excitatory_Neuron
2684,11,Excitatory_Neuron
2685,12,Excitatory_Neuron
2686,11,Excitatory_Neuron
2687,43,Immune
2688,1,unassigned
2689,1,unassigned
2690,18,Excitatory_Neuron
2691,17,Excitatory_Neuron
2692,17,Excitatory_Neuron
2693,17,Excitatory_Neuron
2694,9,Excitatory_Neuron
2695,73,Immune
2696,55,unassigned
2697,10,Excitatory_Neuron
2698,12,Excitatory_Neuron
2699,41,Excitatory_Neuron
2700,1,unassigned
2701,29,GABA_Neuron
2702,43,Immune
2703,16,Astro-Epen
2704,112,unassigned
2705,27,Immune
2706,27,Immune
2707,2,Excitatory_Neuron
2708,96,Immune
2709,6,Excitatory_Neuron
2710,61,Excitatory_Neuron
2711,34,Excitatory_Neuron
2712,17,Excitatory_Neuron
2713,17,Excitatory_Neuron
2714,20,Excitatory_Neuron
2715,21,Excitatory_Neuron
2716,9,Excitatory_Neuron
2717,107,unassigned
2718,107,unassigned
2719,89,unassigned
2720,10,Excitatory_Neuron
2721,12,Excitatory_Neuron
2722,11,Excitatory_Neuron
2723,2,Excitatory_Neuron
2724,62,Excitatory_Neuron
2725,2,Excitatory_Neuron
2726,88,Excitatory_Neuron
2727,7,Excitatory_Neuron
2728,7,Excitatory_Neuron
2729,106,Excitatory_Neuron
2730,34,Excitatory_Neuron
2731,108,GABA_Neuron
2732,9,Excitatory_Neuron
2733,73,Immune
2734,73,Immune
2735,16,Astro-Epen
2736,56,Excitatory_Neuron
2737,1,unassigned
2738,82,Excitatory_Neuron
2739,96,Immune
2740,96,Immune
2741,2,Excitatory_Neuron
2742,7,Excitatory_Neuron
2743,106,Excitatory_Neuron
2744,13,Excitatory_Neuron
2745,23,Excitatory_Neuron
2746,109,Astro-Epen
2747,9,Excitatory_Neuron
2748,73,Immune
2749,66,Excitatory_Neuron
2750,14,Immune
2751,12,Excitatory_Neuron
2752,12,Excitatory_Neuron
2753,16,Astro-Epen
2754,28,Immune
2755,58,Excitatory_Neuron
2756,28,Immune
2757,7,Excitatory_Neuron
2758,58,Excitatory_Neuron
2759,7,Excitatory_Neuron
2760,6,Excitatory_Neuron
2761,7,Excitatory_Neuron
2762,17,Excitatory_Neuron
2763,34,Excitatory_Neuron
2764,13,Excitatory_Neuron
2765,17,Excitatory_Neuron
2766,8,Excitatory_Neuron
2767,21,Excitatory_Neuron
2768,39,Excitatory_Neuron
2769,23,Excitatory_Neuron
2770,39,Excitatory_Neuron
2771,22,unassigned
2772,9,Excitatory_Neuron
2773,23,Excitatory_Neuron
2774,66,Excitatory_Neuron
2775,80,Excitatory_Neuron
2776,80,Excitatory_Neuron
2777,62,Excitatory_Neuron
2778,96,Immune
2779,6,Excitatory_Neuron
2780,61,Excitatory_Neuron
2781,7,Excitatory_Neuron
2782,21,Excitatory_Neuron
2783,108,GABA_Neuron
2784,74,Excitatory_Neuron
2785,29,GABA_Neuron
2786,56,Excitatory_Neuron
2787,43,Immune
2788,43,Immune
2789,27,Immune
2790,43,Immune
2791,54,GABA_Neuron
2792,84,unassigned
2793,2,Excitatory_Neuron
2794,27,Immune
2795,96,Immune
2796,96,Immune
2797,7,Excitatory_Neuron
2798,96,Immune
2799,6,Excitatory_Neuron
2800,61,Excitatory_Neuron
2801,39,Excitatory_Neuron
2802,17,Excitatory_Neuron
2803,8,Excitatory_Neuron
2804,107,unassigned
2805,9,Excitatory_Neuron
2806,23,Excitatory_Neuron
2807,100,Excitatory_Neuron
2808,73,Immune
2809,10,Excitatory_Neuron
2810,73,Immune
2811,10,Excitatory_Neuron
2812,67,Vascular
2813,12,Excitatory_Neuron
2814,11,Excitatory_Neuron
2815,1,unassigned
2816,56,Excitatory_Neuron
2817,16,Astro-Epen
2818,16,Astro-Epen
2819,16,Astro-Epen
2820,16,Astro-Epen
2821,27,Immune
2822,27,Immune
2823,6,Excitatory_Neuron
2824,7,Excitatory_Neuron
2825,17,Excitatory_Neuron
2826,102,Excitatory_Neuron
2827,9,Excitatory_Neuron
2828,9,Excitatory_Neuron
2829,9,Excitatory_Neuron
2830,100,Excitatory_Neuron
2831,41,Excitatory_Neuron
2832,1,unassigned
2833,67,Vascular
2834,42,Immune
2835,12,Excitatory_Neuron
2836,16,Astro-Epen
2837,70,Immune
2838,26,Immune
2839,2,Excitatory_Neuron
2840,96,Immune
2841,2,Excitatory_Neuron
2842,18,Excitatory_Neuron
2843,17,Excitatory_Neuron
2844,106,Excitatory_Neuron
2845,21,Excitatory_Neuron
2846,9,Excitatory_Neuron
2847,20,Excitatory_Neuron
2848,9,Excitatory_Neuron
2849,9,Excitatory_Neuron
2850,109,Astro-Epen
2851,49,Excitatory_Neuron
2852,40,unassigned
2853,66,Excitatory_Neuron
2854,105,unassigned
2855,67,Vascular
2856,67,Vascular
2857,28,Immune
2858,96,Immune
2859,7,Excitatory_Neuron
2860,7,Excitatory_Neuron
2861,106,Excitatory_Neuron
2862,92,GABA_Neuron
2863,34,Excitatory_Neuron
2864,13,Excitatory_Neuron
2865,23,Excitatory_Neuron
2866,108,GABA_Neuron
2867,9,Excitatory_Neuron
2868,9,Excitatory_Neuron
2869,9,Excitatory_Neuron
2870,41,Excitatory_Neuron
2871,42,Immune
2872,56,Excitatory_Neuron
2873,16,Astro-Epen
2874,16,Astro-Epen
2875,26,Immune
2876,82,Excitatory_Neuron
2877,28,Immune
2878,28,Immune
2879,96,Immune
2880,7,Excitatory_Neuron
2881,7,Excitatory_Neuron
2882,7,Excitatory_Neuron
2883,18,Excitatory_Neuron
2884,17,Excitatory_Neuron
2885,17,Excitatory_Neuron
2886,106,Excitatory_Neuron
2887,18,Excitatory_Neuron
2888,21,Excitatory_Neuron
2889,48,Excitatory_Neuron
2890,48,Excitatory_Neuron
2891,48,Excitatory_Neuron
2892,20,Excitatory_Neuron
2893,100,Excitatory_Neuron
2894,23,Excitatory_Neuron
2895,49,Excitatory_Neuron
2896,55,unassigned
2897,10,Excitatory_Neuron
2898,10,Excitatory_Neuron
2899,41,Excitatory_Neuron
2900,11,Excitatory_Neuron
2901,12,Excitatory_Neuron
2902,43,Immune
2903,43,Immune
2904,58,Excitatory_Neuron
2905,18,Excitatory_Neuron
2906,93,Excitatory_Neuron
2907,104,Excitatory_Neuron
2908,93,Excitatory_Neuron
2909,39,Excitatory_Neuron
2910,48,Excitatory_Neuron
2911,89,unassigned
2912,9,Excitatory_Neuron
2913,20,Excitatory_Neuron
2914,10,Excitatory_Neuron
2915,14,Immune
2916,14,Immune
2917,105,unassigned
2918,14,Immune
2919,12,Excitatory_Neuron
2920,43,Immune
2921,82,Excitatory_Neuron
2922,58,Excitatory_Neuron
2923,106,Excitatory_Neuron
2924,34,Excitatory_Neuron
2925,91,GABA_Neuron
2926,8,Excitatory_Neuron
2927,13,Excitatory_Neuron
2928,39,Excitatory_Neuron
2929,23,Excitatory_Neuron
2930,12,Excitatory_Neuron
2931,70,Immune
2932,56,Excitatory_Neuron
2933,16,Astro-Epen
2934,114,unassigned
2935,26,Immune
2936,27,Immune
2937,2,Excitatory_Neuron
2938,92,GABA_Neuron
2939,106,Excitatory_Neuron
2940,17,Excitatory_Neuron
2941,17,Excitatory_Neuron
2942,9,Excitatory_Neuron
2943,21,Excitatory_Neuron
2944,102,Excitatory_Neuron
2945,102,Excitatory_Neuron
2946,9,Excitatory_Neuron
2947,73,Immune
2948,100,Excitatory_Neuron
2949,10,Excitatory_Neuron
2950,41,Excitatory_Neuron
2951,70,Immune
2952,43,Immune
2953,26,Immune
2954,1,unassigned
2955,58,Excitatory_Neuron
2956,28,Immune
2957,17,Excitatory_Neuron
2958,17,Excitatory_Neuron
2959,61,Excitatory_Neuron
2960,13,Excitatory_Neuron
2961,17,Excitatory_Neuron
2962,91,GABA_Neuron
2963,48,Excitatory_Neuron
2964,108,GABA_Neuron
2965,109,Astro-Epen
2966,100,Excitatory_Neuron
2967,116,unassigned
2968,10,Excitatory_Neuron
2969,67,Vascular
2970,42,Immune
2971,43,Immune
2972,16,Astro-Epen
2973,84,unassigned
2974,54,GABA_Neuron
2975,2,Excitatory_Neuron
2976,96,Immune
2977,106,Excitatory_Neuron
2978,34,Excitatory_Neuron
2979,17,Excitatory_Neuron
2980,93,Excitatory_Neuron
2981,17,Excitatory_Neuron
2982,39,Excitatory_Neuron
2983,39,Excitatory_Neuron
2984,39,Excitatory_Neuron
2985,13,Excitatory_Neuron
2986,107,unassigned
2987,23,Excitatory_Neuron
2988,20,Excitatory_Neuron
2989,11,Excitatory_Neuron
2990,25,Excitatory_Neuron
2991,70,Immune
2992,43,Immune
2993,26,Immune
2994,84,unassigned
2995,82,Excitatory_Neuron
2996,84,unassigned
2997,2,Excitatory_Neuron
2998,28,Immune
2999,80,Excitatory_Neuron
3000,96,Immune
3001,18,Excitatory_Neuron
3002,18,Excitatory_Neuron
3003,17,Excitatory_Neuron
3004,17,Excitatory_Neuron
3005,17,Excitatory_Neuron
3006,48,Excitatory_Neuron
3007,9,Excitatory_Neuron
3008,20,Excitatory_Neuron
3009,20,Excitatory_Neuron
3010,14,Immune
3011,20,Excitatory_Neuron
3012,49,Excitatory_Neuron
3013,14,Immune
3014,67,Vascular
3015,117,Excitatory_Neuron
3016,117,Excitatory_Neuron
3017,42,Immune
3018,56,Excitatory_Neuron
3019,114,unassigned
3020,80,Excitatory_Neuron
3021,17,Excitatory_Neuron
3022,106,Excitatory_Neuron
3023,8,Excitatory_Neuron
3024,17,Excitatory_Neuron
3025,108,GABA_Neuron
3026,14,Immune
3027,25,Excitatory_Neuron
3028,43,Immune
3029,27,Immune
3030,118,unassigned
3031,54,GABA_Neuron
3032,54,GABA_Neuron
3033,2,Excitatory_Neuron
3034,58,Excitatory_Neuron
3035,7,Excitatory_Neuron
3036,92,GABA_Neuron
3037,92,GABA_Neuron
3038,92,GABA_Neuron
3039,91,GABA_Neuron
3040,107,unassigned
3041,100,Excitatory_Neuron
3042,9,Excitatory_Neuron
3043,20,Excitatory_Neuron
3044,10,Excitatory_Neuron
3045,14,Immune
3046,14,Immune
3047,73,Immune
3048,105,unassigned
3049,14,Immune
3050,66,Excitatory_Neuron
3051,11,Excitatory_Neuron
3052,16,Astro-Epen
3053,27,Immune
3054,82,Excitatory_Neuron
3055,28,Immune
3056,7,Excitatory_Neuron
3057,6,Excitatory_Neuron
3058,106,Excitatory_Neuron
3059,61,Excitatory_Neuron
3060,92,GABA_Neuron
3061,106,Excitatory_Neuron
3062,17,Excitatory_Neuron
3063,13,Excitatory_Neuron
3064,66,Excitatory_Neuron
3065,82,Excitatory_Neuron
3066,112,unassigned
3067,119,unassigned
3068,82,Excitatory_Neuron
3069,28,Immune
3070,61,Excitatory_Neuron
3071,106,Excitatory_Neuron
3072,106,Excitatory_Neuron
3073,48,Excitatory_Neuron
3074,39,Excitatory_Neuron
3075,8,Excitatory_Neuron
3076,48,Excitatory_Neuron
3077,8,Excitatory_Neuron
3078,13,Excitatory_Neuron
3079,48,Excitatory_Neuron
3080,20,Excitatory_Neuron
3081,108,GABA_Neuron
3082,9,Excitatory_Neuron
3083,10,Excitatory_Neuron
3084,10,Excitatory_Neuron
3085,66,Excitatory_Neuron
3086,14,Immune
3087,12,Excitatory_Neuron
3088,41,Excitatory_Neuron
3089,25,Excitatory_Neuron
3090,117,Excitatory_Neuron
3091,27,Immune
3092,112,unassigned
3093,82,Excitatory_Neuron
3094,96,Immune
3095,88,Excitatory_Neuron
3096,92,GABA_Neuron
3097,92,GABA_Neuron
3098,34,Excitatory_Neuron
3099,17,Excitatory_Neuron
3100,106,Excitatory_Neuron
3101,39,Excitatory_Neuron
3102,102,Excitatory_Neuron
3103,102,Excitatory_Neuron
3104,100,Excitatory_Neuron
3105,14,Immune
3106,74,Excitatory_Neuron
3107,117,Excitatory_Neuron
3108,43,Immune
3109,16,Astro-Epen
3110,56,Excitatory_Neuron
3111,43,Immune
3112,84,unassigned
3113,27,Immune
3114,96,Immune
3115,96,Immune
3116,2,Excitatory_Neuron
3117,28,Immune
3118,34,Excitatory_Neuron
3119,34,Excitatory_Neuron
3120,17,Excitatory_Neuron
3121,34,Excitatory_Neuron
3122,8,Excitatory_Neuron
3123,104,Excitatory_Neuron
3124,13,Excitatory_Neuron
3125,48,Excitatory_Neuron
3126,13,Excitatory_Neuron
3127,107,unassigned
3128,48,Excitatory_Neuron
3129,9,Excitatory_Neuron
3130,100,Excitatory_Neuron
3131,14,Immune
3132,10,Excitatory_Neuron
3133,12,Excitatory_Neuron
3134,29,GABA_Neuron
3135,56,Excitatory_Neuron
3136,82,Excitatory_Neuron
3137,2,Excitatory_Neuron
3138,80,Excitatory_Neuron
3139,96,Immune
3140,7,Excitatory_Neuron
3141,90,unassigned
3142,6,Excitatory_Neuron
3143,34,Excitatory_Neuron
3144,17,Excitatory_Neuron
3145,91,GABA_Neuron
3146,39,Excitatory_Neuron
3147,9,Excitatory_Neuron
3148,100,Excitatory_Neuron
3149,9,Excitatory_Neuron
3150,101,unassigned
3151,41,Excitatory_Neuron
3152,16,Astro-Epen
3153,82,Excitatory_Neuron
3154,84,unassigned
3155,84,unassigned
3156,43,Immune
3157,26,Immune
3158,120,unassigned
3159,82,Excitatory_Neuron
3160,96,Immune
3161,61,Excitatory_Neuron
3162,61,Excitatory_Neuron
3163,61,Excitatory_Neuron
3164,93,Excitatory_Neuron
3165,31,unassigned
3166,106,Excitatory_Neuron
3167,17,Excitatory_Neuron
3168,39,Excitatory_Neuron
3169,9,Excitatory_Neuron
3170,107,unassigned
3171,8,Excitatory_Neuron
3172,109,Astro-Epen
3173,10,Excitatory_Neuron
3174,41,Excitatory_Neuron
3175,56,Excitatory_Neuron
3176,16,Astro-Epen
3177,43,Immune
3178,82,Excitatory_Neuron
3179,88,Excitatory_Neuron
3180,61,Excitatory_Neuron
3181,96,Immune
3182,17,Excitatory_Neuron
3183,106,Excitatory_Neuron
3184,17,Excitatory_Neuron
3185,13,Excitatory_Neuron
3186,17,Excitatory_Neuron
3187,48,Excitatory_Neuron
3188,108,GABA_Neuron
3189,108,GABA_Neuron
3190,12,Excitatory_Neuron
3191,43,Immune
3192,27,Immune
3193,84,unassigned
3194,43,Immune
3195,88,Excitatory_Neuron
3196,96,Immune
3197,96,Immune
3198,6,Excitatory_Neuron
3199,8,Excitatory_Neuron
3200,17,Excitatory_Neuron
3201,8,Excitatory_Neuron
3202,107,unassigned
3203,13,Excitatory_Neuron
3204,8,Excitatory_Neuron
3205,13,Excitatory_Neuron
3206,107,unassigned
3207,9,Excitatory_Neuron
3208,8,Excitatory_Neuron
3209,9,Excitatory_Neuron
3210,10,Excitatory_Neuron
3211,74,Excitatory_Neuron
3212,12,Excitatory_Neuron
3213,41,Excitatory_Neuron
3214,11,Excitatory_Neuron
3215,12,Excitatory_Neuron
3216,112,unassigned
3217,82,Excitatory_Neuron
3218,28,Immune
3219,96,Immune
3220,58,Excitatory_Neuron
3221,18,Excitatory_Neuron
3222,7,Excitatory_Neuron
3223,17,Excitatory_Neuron
3224,34,Excitatory_Neuron
3225,104,Excitatory_Neuron
3226,106,Excitatory_Neuron
3227,8,Excitatory_Neuron
3228,48,Excitatory_Neuron
3229,107,unassigned
3230,9,Excitatory_Neuron
3231,13,Excitatory_Neuron
3232,9,Excitatory_Neuron
3233,23,Excitatory_Neuron
3234,49,Excitatory_Neuron
3235,10,Excitatory_Neuron
3236,12,Excitatory_Neuron
3237,1,unassigned
3238,12,Excitatory_Neuron
3239,42,Immune
3240,114,unassigned
3241,26,Immune
3242,56,Excitatory_Neuron
3243,27,Immune
3244,2,Excitatory_Neuron
3245,27,Immune
3246,28,Immune
3247,6,Excitatory_Neuron
3248,6,Excitatory_Neuron
3249,92,GABA_Neuron
3250,28,Immune
3251,92,GABA_Neuron
3252,7,Excitatory_Neuron
3253,7,Excitatory_Neuron
3254,17,Excitatory_Neuron
3255,93,Excitatory_Neuron
3256,102,Excitatory_Neuron
3257,100,Excitatory_Neuron
3258,10,Excitatory_Neuron
3259,74,Excitatory_Neuron
3260,120,unassigned
3261,27,Immune
3262,58,Excitatory_Neuron
3263,80,Excitatory_Neuron
3264,88,Excitatory_Neuron
3265,96,Immune
3266,6,Excitatory_Neuron
3267,61,Excitatory_Neuron
3268,18,Excitatory_Neuron
3269,17,Excitatory_Neuron
3270,8,Excitatory_Neuron
3271,39,Excitatory_Neuron
3272,39,Excitatory_Neuron
3273,8,Excitatory_Neuron
3274,102,Excitatory_Neuron
3275,73,Immune
3276,14,Immune
3277,12,Excitatory_Neuron
3278,42,Immune
3279,29,GABA_Neuron
3280,29,GABA_Neuron
3281,113,unassigned
3282,56,Excitatory_Neuron
3283,62,Excitatory_Neuron
3284,61,Excitatory_Neuron
3285,92,GABA_Neuron
3286,106,Excitatory_Neuron
3287,13,Excitatory_Neuron
3288,10,Excitatory_Neuron
3289,73,Immune
3290,10,Excitatory_Neuron
3291,74,Excitatory_Neuron
3292,66,Excitatory_Neuron
3293,11,Excitatory_Neuron
3294,43,Immune
3295,54,GABA_Neuron
3296,43,Immune
3297,82,Excitatory_Neuron
3298,27,Immune
3299,2,Excitatory_Neuron
3300,61,Excitatory_Neuron
3301,7,Excitatory_Neuron
3302,92,GABA_Neuron
3303,28,Immune
3304,7,Excitatory_Neuron
3305,7,Excitatory_Neuron
3306,93,Excitatory_Neuron
3307,18,Excitatory_Neuron
3308,106,Excitatory_Neuron
3309,107,unassigned
3310,9,Excitatory_Neuron
3311,14,Immune
3312,14,Immune
3313,41,Excitatory_Neuron
3314,16,Astro-Epen
3315,26,Immune
3316,27,Immune
3317,27,Immune
3318,61,Excitatory_Neuron
3319,121,unassigned
3320,104,Excitatory_Neuron
3321,106,Excitatory_Neuron
3322,8,Excitatory_Neuron
3323,91,GABA_Neuron
3324,39,Excitatory_Neuron
3325,48,Excitatory_Neuron
3326,39,Excitatory_Neuron
3327,8,Excitatory_Neuron
3328,9,Excitatory_Neuron
3329,102,Excitatory_Neuron
3330,8,Excitatory_Neuron
3331,102,Excitatory_Neuron
3332,10,Excitatory_Neuron
3333,70,Immune
3334,119,unassigned
3335,96,Immune
3336,2,Excitatory_Neuron
3337,96,Immune
3338,58,Excitatory_Neuron
3339,96,Immune
3340,88,Excitatory_Neuron
3341,61,Excitatory_Neuron
3342,96,Immune
3343,7,Excitatory_Neuron
3344,106,Excitatory_Neuron
3345,93,Excitatory_Neuron
3346,93,Excitatory_Neuron
3347,17,Excitatory_Neuron
3348,93,Excitatory_Neuron
3349,34,Excitatory_Neuron
3350,8,Excitatory_Neuron
3351,9,Excitatory_Neuron
3352,9,Excitatory_Neuron
3353,10,Excitatory_Neuron
3354,12,Excitatory_Neuron
3355,11,Excitatory_Neuron
3356,41,Excitatory_Neuron
3357,42,Immune
3358,25,Excitatory_Neuron
3359,112,unassigned
3360,112,unassigned
3361,114,unassigned
3362,27,Immune
3363,28,Immune
3364,18,Excitatory_Neuron
3365,106,Excitatory_Neuron
3366,7,Excitatory_Neuron
3367,93,Excitatory_Neuron
3368,7,Excitatory_Neuron
3369,13,Excitatory_Neuron
3370,17,Excitatory_Neuron
3371,93,Excitatory_Neuron
3372,48,Excitatory_Neuron
3373,43,Immune
3374,114,unassigned
3375,43,Immune
3376,1,unassigned
3377,58,Excitatory_Neuron
3378,2,Excitatory_Neuron
3379,96,Immune
3380,7,Excitatory_Neuron
3381,17,Excitatory_Neuron
3382,13,Excitatory_Neuron
3383,13,Excitatory_Neuron
3384,108,GABA_Neuron
3385,108,GABA_Neuron
3386,49,Excitatory_Neuron
3387,10,Excitatory_Neuron
3388,12,Excitatory_Neuron
3389,16,Astro-Epen
3390,26,Immune
3391,82,Excitatory_Neuron
3392,62,Excitatory_Neuron
3393,62,Excitatory_Neuron
3394,58,Excitatory_Neuron
3395,58,Excitatory_Neuron
3396,7,Excitatory_Neuron
3397,7,Excitatory_Neuron
3398,106,Excitatory_Neuron
3399,106,Excitatory_Neuron
3400,121,unassigned
3401,121,unassigned
3402,13,Excitatory_Neuron
3403,8,Excitatory_Neuron
3404,13,Excitatory_Neuron
3405,85,Excitatory_Neuron
3406,73,Immune
3407,10,Excitatory_Neuron
3408,67,Vascular
3409,41,Excitatory_Neuron
3410,16,Astro-Epen
3411,56,Excitatory_Neuron
3412,26,Immune
3413,43,Immune
3414,84,unassigned
3415,2,Excitatory_Neuron
3416,96,Immune
3417,28,Immune
3418,17,Excitatory_Neuron
3419,48,Excitatory_Neuron
3420,13,Excitatory_Neuron
3421,9,Excitatory_Neuron
3422,9,Excitatory_Neuron
3423,102,Excitatory_Neuron
3424,14,Immune
3425,10,Excitatory_Neuron
3426,73,Immune
3427,49,Excitatory_Neuron
3428,12,Excitatory_Neuron
3429,117,Excitatory_Neuron
3430,16,Astro-Epen
3431,43,Immune
3432,96,Immune
3433,27,Immune
3434,96,Immune
3435,88,Excitatory_Neuron
3436,106,Excitatory_Neuron
3437,92,GABA_Neuron
3438,100,Excitatory_Neuron
3439,12,Excitatory_Neuron
3440,67,Vascular
3441,42,Immune
3442,12,Excitatory_Neuron
3443,16,Astro-Epen
3444,26,Immune
3445,2,Excitatory_Neuron
3446,58,Excitatory_Neuron
3447,88,Excitatory_Neuron
3448,92,GABA_Neuron
3449,61,Excitatory_Neuron
3450,34,Excitatory_Neuron
3451,92,GABA_Neuron
3452,18,Excitatory_Neuron
3453,91,GABA_Neuron
3454,107,unassigned
3455,8,Excitatory_Neuron
3456,8,Excitatory_Neuron
3457,13,Excitatory_Neuron
3458,108,GABA_Neuron
3459,109,Astro-Epen
3460,102,Excitatory_Neuron
3461,9,Excitatory_Neuron
3462,73,Immune
3463,10,Excitatory_Neuron
3464,49,Excitatory_Neuron
3465,41,Excitatory_Neuron
3466,42,Immune
3467,42,Immune
3468,43,Immune
3469,43,Immune
3470,56,Excitatory_Neuron
3471,2,Excitatory_Neuron
3472,34,Excitatory_Neuron
3473,121,unassigned
3474,85,Excitatory_Neuron
3475,100,Excitatory_Neuron
3476,109,Astro-Epen
3477,20,Excitatory_Neuron
3478,14,Immune
3479,41,Excitatory_Neuron
3480,42,Immune
3481,16,Astro-Epen
3482,43,Immune
3483,84,unassigned
3484,2,Excitatory_Neuron
3485,7,Excitatory_Neuron
3486,106,Excitatory_Neuron
3487,17,Excitatory_Neuron
3488,18,Excitatory_Neuron
3489,17,Excitatory_Neuron
3490,8,Excitatory_Neuron
3491,23,Excitatory_Neuron
3492,13,Excitatory_Neuron
3493,9,Excitatory_Neuron
3494,9,Excitatory_Neuron
3495,73,Immune
3496,10,Excitatory_Neuron
3497,66,Excitatory_Neuron
3498,11,Excitatory_Neuron
3499,11,Excitatory_Neuron
3500,42,Immune
3501,113,unassigned
3502,12,Excitatory_Neuron
3503,16,Astro-Epen
3504,26,Immune
3505,119,unassigned
3506,26,Immune
3507,82,Excitatory_Neuron
3508,58,Excitatory_Neuron
3509,88,Excitatory_Neuron
3510,61,Excitatory_Neuron
3511,6,Excitatory_Neuron
3512,61,Excitatory_Neuron
3513,13,Excitatory_Neuron
3514,14,Immune
3515,49,Excitatory_Neuron
3516,49,Excitatory_Neuron
3517,11,Excitatory_Neuron
3518,25,Excitatory_Neuron
3519,26,Immune
3520,26,Immune
3521,1,unassigned
3522,1,unassigned
3523,96,Immune
3524,61,Excitatory_Neuron
3525,34,Excitatory_Neuron
3526,13,Excitatory_Neuron
3527,104,Excitatory_Neuron
3528,39,Excitatory_Neuron
3529,48,Excitatory_Neuron
3530,102,Excitatory_Neuron
3531,10,Excitatory_Neuron
3532,109,Astro-Epen
3533,10,Excitatory_Neuron
3534,73,Immune
3535,66,Excitatory_Neuron
3536,66,Excitatory_Neuron
3537,12,Excitatory_Neuron
3538,29,GABA_Neuron
3539,113,unassigned
3540,114,unassigned
3541,96,Immune
3542,2,Excitatory_Neuron
3543,61,Excitatory_Neuron
3544,6,Excitatory_Neuron
3545,106,Excitatory_Neuron
3546,93,Excitatory_Neuron
3547,13,Excitatory_Neuron
3548,9,Excitatory_Neuron
3549,102,Excitatory_Neuron
3550,100,Excitatory_Neuron
3551,20,Excitatory_Neuron
3552,9,Excitatory_Neuron
3553,12,Excitatory_Neuron
3554,41,Excitatory_Neuron
3555,42,Immune
3556,42,Immune
3557,122,Excitatory_Neuron
3558,82,Excitatory_Neuron
3559,43,Immune
3560,26,Immune
3561,82,Excitatory_Neuron
3562,96,Immune
3563,61,Excitatory_Neuron
3564,61,Excitatory_Neuron
3565,17,Excitatory_Neuron
3566,106,Excitatory_Neuron
3567,13,Excitatory_Neuron
3568,93,Excitatory_Neuron
3569,91,GABA_Neuron
3570,13,Excitatory_Neuron
3571,8,Excitatory_Neuron
3572,8,Excitatory_Neuron
3573,109,Astro-Epen
3574,102,Excitatory_Neuron
3575,49,Excitatory_Neuron
3576,73,Immune
3577,11,Excitatory_Neuron
3578,42,Immune
3579,117,Excitatory_Neuron
3580,16,Astro-Epen
3581,43,Immune
3582,16,Astro-Epen
3583,43,Immune
3584,27,Immune
3585,82,Excitatory_Neuron
3586,1,unassigned
3587,88,Excitatory_Neuron
3588,58,Excitatory_Neuron
3589,96,Immune
3590,58,Excitatory_Neuron
3591,58,Excitatory_Neuron
3592,17,Excitatory_Neuron
3593,34,Excitatory_Neuron
3594,17,Excitatory_Neuron
3595,91,GABA_Neuron
3596,107,unassigned
3597,8,Excitatory_Neuron
3598,9,Excitatory_Neuron
3599,102,Excitatory_Neuron
3600,10,Excitatory_Neuron
3601,105,unassigned
3602,14,Immune
3603,66,Excitatory_Neuron
3604,56,Excitatory_Neuron
3605,16,Astro-Epen
3606,26,Immune
3607,43,Immune
3608,17,Excitatory_Neuron
3609,7,Excitatory_Neuron
3610,91,GABA_Neuron
3611,100,Excitatory_Neuron
3612,10,Excitatory_Neuron
3613,49,Excitatory_Neuron
3614,56,Excitatory_Neuron
3615,114,unassigned
3616,84,unassigned
3617,26,Immune
3618,43,Immune
3619,2,Excitatory_Neuron
3620,28,Immune
3621,2,Excitatory_Neuron
3622,28,Immune
3623,18,Excitatory_Neuron
3624,13,Excitatory_Neuron
3625,8,Excitatory_Neuron
3626,13,Excitatory_Neuron
3627,100,Excitatory_Neuron
3628,10,Excitatory_Neuron
3629,10,Excitatory_Neuron
3630,10,Excitatory_Neuron
3631,67,Vascular
3632,41,Excitatory_Neuron
3633,42,Immune
3634,43,Immune
3635,114,unassigned
3636,119,unassigned
3637,26,Immune
3638,58,Excitatory_Neuron
3639,96,Immune
3640,18,Excitatory_Neuron
3641,7,Excitatory_Neuron
3642,34,Excitatory_Neuron
3643,7,Excitatory_Neuron
3644,34,Excitatory_Neuron
3645,8,Excitatory_Neuron
3646,10,Excitatory_Neuron
3647,10,Excitatory_Neuron
3648,42,Immune
3649,26,Immune
3650,43,Immune
3651,84,unassigned
3652,28,Immune
3653,96,Immune
3654,17,Excitatory_Neuron
3655,34,Excitatory_Neuron
3656,34,Excitatory_Neuron
3657,13,Excitatory_Neuron
3658,17,Excitatory_Neuron
3659,104,Excitatory_Neuron
3660,13,Excitatory_Neuron
3661,48,Excitatory_Neuron
3662,107,unassigned
3663,9,Excitatory_Neuron
3664,20,Excitatory_Neuron
3665,9,Excitatory_Neuron
3666,10,Excitatory_Neuron
3667,66,Excitatory_Neuron
3668,10,Excitatory_Neuron
3669,14,Immune
3670,41,Excitatory_Neuron
3671,16,Astro-Epen
3672,43,Immune
3673,26,Immune
3674,26,Immune
3675,27,Immune
3676,43,Immune
3677,43,Immune
3678,27,Immune
3679,27,Immune
3680,28,Immune
3681,88,Excitatory_Neuron
3682,92,GABA_Neuron
3683,17,Excitatory_Neuron
3684,34,Excitatory_Neuron
3685,8,Excitatory_Neuron
3686,9,Excitatory_Neuron
3687,9,Excitatory_Neuron
3688,9,Excitatory_Neuron
3689,9,Excitatory_Neuron
3690,105,unassigned
3691,117,Excitatory_Neuron
3692,113,unassigned
3693,43,Immune
3694,119,unassigned
3695,54,GABA_Neuron
3696,43,Immune
3697,1,unassigned
3698,54,GABA_Neuron
3699,54,GABA_Neuron
3700,88,Excitatory_Neuron
3701,7,Excitatory_Neuron
3702,61,Excitatory_Neuron
3703,58,Excitatory_Neuron
3704,92,GABA_Neuron
3705,34,Excitatory_Neuron
3706,13,Excitatory_Neuron
3707,109,Astro-Epen
3708,123,unassigned
3709,41,Excitatory_Neuron
3710,124,unassigned
3711,67,Vascular
3712,12,Excitatory_Neuron
3713,117,Excitatory_Neuron
3714,16,Astro-Epen
3715,16,Astro-Epen
3716,27,Immune
3717,82,Excitatory_Neuron
3718,43,Immune
3719,58,Excitatory_Neuron
3720,58,Excitatory_Neuron
3721,92,GABA_Neuron
3722,7,Excitatory_Neuron
3723,106,Excitatory_Neuron
3724,18,Excitatory_Neuron
3725,34,Excitatory_Neuron
3726,17,Excitatory_Neuron
3727,8,Excitatory_Neuron
3728,39,Excitatory_Neuron
3729,8,Excitatory_Neuron
3730,48,Excitatory_Neuron
3731,102,Excitatory_Neuron
3732,9,Excitatory_Neuron
3733,14,Immune
3734,66,Excitatory_Neuron
3735,10,Excitatory_Neuron
3736,67,Vascular
3737,43,Immune
3738,58,Excitatory_Neuron
3739,27,Immune
3740,18,Excitatory_Neuron
3741,106,Excitatory_Neuron
3742,18,Excitatory_Neuron
3743,18,Excitatory_Neuron
3744,34,Excitatory_Neuron
3745,17,Excitatory_Neuron
3746,48,Excitatory_Neuron
3747,104,Excitatory_Neuron
3748,48,Excitatory_Neuron
3749,102,Excitatory_Neuron
3750,108,GABA_Neuron
3751,9,Excitatory_Neuron
3752,14,Immune
3753,10,Excitatory_Neuron
3754,67,Vascular
3755,42,Immune
3756,12,Excitatory_Neuron
3757,43,Immune
3758,26,Immune
3759,27,Immune
3760,58,Excitatory_Neuron
3761,62,Excitatory_Neuron
3762,28,Immune
3763,2,Excitatory_Neuron
3764,92,GABA_Neuron
3765,93,Excitatory_Neuron
3766,13,Excitatory_Neuron
3767,39,Excitatory_Neuron
3768,8,Excitatory_Neuron
3769,48,Excitatory_Neuron
3770,8,Excitatory_Neuron
3771,102,Excitatory_Neuron
3772,20,Excitatory_Neuron
3773,102,Excitatory_Neuron
3774,73,Immune
3775,73,Immune
3776,73,Immune
3777,123,unassigned
3778,10,Excitatory_Neuron
3779,16,Astro-Epen
3780,56,Excitatory_Neuron
3781,43,Immune
3782,27,Immune
3783,62,Excitatory_Neuron
3784,28,Immune
3785,92,GABA_Neuron
3786,7,Excitatory_Neuron
3787,17,Excitatory_Neuron
3788,13,Excitatory_Neuron
3789,109,Astro-Epen
3790,10,Excitatory_Neuron
3791,66,Excitatory_Neuron
3792,12,Excitatory_Neuron
3793,42,Immune
3794,26,Immune
3795,58,Excitatory_Neuron
3796,7,Excitatory_Neuron
3797,7,Excitatory_Neuron
3798,58,Excitatory_Neuron
3799,92,GABA_Neuron
3800,104,Excitatory_Neuron
3801,13,Excitatory_Neuron
3802,23,Excitatory_Neuron
3803,17,Excitatory_Neuron
3804,100,Excitatory_Neuron
3805,9,Excitatory_Neuron
3806,102,Excitatory_Neuron
3807,100,Excitatory_Neuron
3808,14,Immune
3809,10,Excitatory_Neuron
3810,123,unassigned
3811,12,Excitatory_Neuron
3812,122,Excitatory_Neuron
3813,43,Immune
3814,27,Immune
3815,26,Immune
3816,27,Immune
3817,54,GABA_Neuron
3818,28,Immune
3819,80,Excitatory_Neuron
3820,62,Excitatory_Neuron
3821,80,Excitatory_Neuron
3822,7,Excitatory_Neuron
3823,6,Excitatory_Neuron
3824,106,Excitatory_Neuron
3825,93,Excitatory_Neuron
3826,34,Excitatory_Neuron
3827,93,Excitatory_Neuron
3828,13,Excitatory_Neuron
3829,102,Excitatory_Neuron
3830,20,Excitatory_Neuron
3831,73,Immune
3832,55,unassigned
3833,12,Excitatory_Neuron
3834,12,Excitatory_Neuron
3835,1,unassigned
3836,119,unassigned
3837,26,Immune
3838,27,Immune
3839,27,Immune
3840,33,Excitatory_Neuron
3841,2,Excitatory_Neuron
3842,61,Excitatory_Neuron
3843,39,Excitatory_Neuron
3844,23,Excitatory_Neuron
3845,102,Excitatory_Neuron
3846,27,Immune
3847,88,Excitatory_Neuron
3848,62,Excitatory_Neuron
3849,93,Excitatory_Neuron
3850,17,Excitatory_Neuron
3851,13,Excitatory_Neuron
3852,102,Excitatory_Neuron
3853,100,Excitatory_Neuron
3854,9,Excitatory_Neuron
3855,10,Excitatory_Neuron
3856,67,Vascular
3857,117,Excitatory_Neuron
3858,43,Immune
3859,27,Immune
3860,82,Excitatory_Neuron
3861,27,Immune
3862,58,Excitatory_Neuron
3863,7,Excitatory_Neuron
3864,58,Excitatory_Neuron
3865,17,Excitatory_Neuron
3866,17,Excitatory_Neuron
3867,17,Excitatory_Neuron
3868,13,Excitatory_Neuron
3869,21,Excitatory_Neuron
3870,107,unassigned
3871,9,Excitatory_Neuron
3872,11,Excitatory_Neuron
3873,11,Excitatory_Neuron
3874,43,Immune
3875,58,Excitatory_Neuron
3876,2,Excitatory_Neuron
3877,62,Excitatory_Neuron
3878,7,Excitatory_Neuron
3879,61,Excitatory_Neuron
3880,17,Excitatory_Neuron
3881,34,Excitatory_Neuron
3882,92,GABA_Neuron
3883,93,Excitatory_Neuron
3884,21,Excitatory_Neuron
3885,13,Excitatory_Neuron
3886,8,Excitatory_Neuron
3887,108,GABA_Neuron
3888,107,unassigned
3889,10,Excitatory_Neuron
3890,10,Excitatory_Neuron
3891,73,Immune
3892,10,Excitatory_Neuron
3893,105,unassigned
3894,74,Excitatory_Neuron
3895,124,unassigned
3896,11,Excitatory_Neuron
3897,25,Excitatory_Neuron
3898,16,Astro-Epen
3899,27,Immune
3900,96,Immune
3901,96,Immune
3902,7,Excitatory_Neuron
3903,61,Excitatory_Neuron
3904,93,Excitatory_Neuron
3905,8,Excitatory_Neuron
3906,9,Excitatory_Neuron
3907,73,Immune
3908,73,Immune
3909,14,Immune
3910,14,Immune
3911,66,Excitatory_Neuron
3912,42,Immune
3913,117,Excitatory_Neuron
3914,16,Astro-Epen
3915,43,Immune
3916,114,unassigned
3917,84,unassigned
3918,43,Immune
3919,7,Excitatory_Neuron
3920,7,Excitatory_Neuron
3921,17,Excitatory_Neuron
3922,104,Excitatory_Neuron
3923,48,Excitatory_Neuron
3924,39,Excitatory_Neuron
3925,48,Excitatory_Neuron
3926,109,Astro-Epen
3927,23,Excitatory_Neuron
3928,73,Immune
3929,49,Excitatory_Neuron
3930,74,Excitatory_Neuron
3931,67,Vascular
3932,124,unassigned
3933,41,Excitatory_Neuron
3934,41,Excitatory_Neuron
3935,41,Excitatory_Neuron
3936,1,unassigned
3937,16,Astro-Epen
3938,56,Excitatory_Neuron
3939,56,Excitatory_Neuron
3940,112,unassigned
3941,119,unassigned
3942,58,Excitatory_Neuron
3943,27,Immune
3944,88,Excitatory_Neuron
3945,28,Immune
3946,7,Excitatory_Neuron
3947,7,Excitatory_Neuron
3948,7,Excitatory_Neuron
3949,17,Excitatory_Neuron
3950,106,Excitatory_Neuron
3951,13,Excitatory_Neuron
3952,9,Excitatory_Neuron
3953,109,Astro-Epen
3954,9,Excitatory_Neuron
3955,102,Excitatory_Neuron
3956,14,Immune
3957,10,Excitatory_Neuron
3958,55,unassigned
3959,25,Excitatory_Neuron
3960,16,Astro-Epen
3961,43,Immune
3962,119,unassigned
3963,54,GABA_Neuron
3964,27,Immune
3965,125,unassigned
3966,88,Excitatory_Neuron
3967,96,Immune
3968,2,Excitatory_Neuron
3969,28,Immune
3970,7,Excitatory_Neuron
3971,80,Excitatory_Neuron
3972,7,Excitatory_Neuron
3973,17,Excitatory_Neuron
3974,34,Excitatory_Neuron
3975,17,Excitatory_Neuron
3976,9,Excitatory_Neuron
3977,39,Excitatory_Neuron
3978,108,GABA_Neuron
3979,14,Immune
3980,105,unassigned
3981,11,Excitatory_Neuron
3982,122,Excitatory_Neuron
3983,117,Excitatory_Neuron
3984,56,Excitatory_Neuron
3985,26,Immune
3986,56,Excitatory_Neuron
3987,84,unassigned
3988,54,GABA_Neuron
3989,62,Excitatory_Neuron
3990,58,Excitatory_Neuron
3991,27,Immune
3992,96,Immune
3993,80,Excitatory_Neuron
3994,61,Excitatory_Neuron
3995,126,unassigned
3996,28,Immune
3997,34,Excitatory_Neuron
3998,92,GABA_Neuron
3999,106,Excitatory_Neuron
4000,13,Excitatory_Neuron
4001,17,Excitatory_Neuron
4002,48,Excitatory_Neuron
4003,17,Excitatory_Neuron
4004,102,Excitatory_Neuron
4005,74,Excitatory_Neuron
4006,10,Excitatory_Neuron
4007,67,Vascular
4008,12,Excitatory_Neuron
4009,12,Excitatory_Neuron
4010,12,Excitatory_Neuron
4011,42,Immune
4012,58,Excitatory_Neuron
4013,58,Excitatory_Neuron
4014,2,Excitatory_Neuron
4015,2,Excitatory_Neuron
4016,88,Excitatory_Neuron
4017,96,Immune
4018,61,Excitatory_Neuron
4019,90,unassigned
4020,92,GABA_Neuron
4021,34,Excitatory_Neuron
4022,17,Excitatory_Neuron
4023,127,unassigned
4024,108,GABA_Neuron
4025,48,Excitatory_Neuron
4026,107,unassigned
4027,73,Immune
4028,73,Immune
4029,10,Excitatory_Neuron
4030,42,Immune
4031,25,Excitatory_Neuron
4032,43,Immune
4033,56,Excitatory_Neuron
4034,27,Immune
4035,27,Immune
4036,26,Immune
4037,80,Excitatory_Neuron
4038,7,Excitatory_Neuron
4039,7,Excitatory_Neuron
4040,7,Excitatory_Neuron
4041,96,Immune
4042,128,unassigned
4043,104,Excitatory_Neuron
4044,48,Excitatory_Neuron
4045,9,Excitatory_Neuron
4046,9,Excitatory_Neuron
4047,10,Excitatory_Neuron
4048,10,Excitatory_Neuron
4049,74,Excitatory_Neuron
4050,74,Excitatory_Neuron
4051,67,Vascular
4052,12,Excitatory_Neuron
4053,12,Excitatory_Neuron
4054,16,Astro-Epen
4055,26,Immune
4056,84,unassigned
4057,27,Immune
4058,17,Excitatory_Neuron
4059,17,Excitatory_Neuron
4060,17,Excitatory_Neuron
4061,17,Excitatory_Neuron
4062,23,Excitatory_Neuron
4063,20,Excitatory_Neuron
4064,102,Excitatory_Neuron
4065,73,Immune
4066,73,Immune
4067,14,Immune
4068,66,Excitatory_Neuron
4069,12,Excitatory_Neuron
4070,122,Excitatory_Neuron
4071,43,Immune
4072,84,unassigned
4073,27,Immune
4074,34,Excitatory_Neuron
4075,91,GABA_Neuron
4076,23,Excitatory_Neuron
4077,9,Excitatory_Neuron
4078,107,unassigned
4079,100,Excitatory_Neuron
4080,10,Excitatory_Neuron
4081,10,Excitatory_Neuron
4082,10,Excitatory_Neuron
4083,11,Excitatory_Neuron
4084,117,Excitatory_Neuron
4085,56,Excitatory_Neuron
4086,25,Excitatory_Neuron
4087,16,Astro-Epen
4088,56,Excitatory_Neuron
4089,114,unassigned
4090,26,Immune
4091,56,Excitatory_Neuron
4092,27,Immune
4093,27,Immune
4094,82,Excitatory_Neuron
4095,7,Excitatory_Neuron
4096,129,unassigned
4097,7,Excitatory_Neuron
4098,92,GABA_Neuron
4099,17,Excitatory_Neuron
4100,93,Excitatory_Neuron
4101,104,Excitatory_Neuron
4102,104,Excitatory_Neuron
4103,9,Excitatory_Neuron
4104,8,Excitatory_Neuron
4105,9,Excitatory_Neuron
4106,102,Excitatory_Neuron
4107,9,Excitatory_Neuron
4108,73,Immune
4109,10,Excitatory_Neuron
4110,114,unassigned
4111,114,unassigned
4112,119,unassigned
4113,1,unassigned
4114,27,Immune
4115,126,unassigned
4116,96,Immune
4117,13,Excitatory_Neuron
4118,130,unassigned
4119,10,Excitatory_Neuron
4120,12,Excitatory_Neuron
4121,113,unassigned
4122,25,Excitatory_Neuron
4123,114,unassigned
4124,43,Immune
4125,119,unassigned
4126,119,unassigned
4127,26,Immune
4128,54,GABA_Neuron
4129,96,Immune
4130,96,Immune
4131,6,Excitatory_Neuron
4132,1,unassigned
4133,7,Excitatory_Neuron
4134,7,Excitatory_Neuron
4135,7,Excitatory_Neuron
4136,13,Excitatory_Neuron
4137,17,Excitatory_Neuron
4138,8,Excitatory_Neuron
4139,108,GABA_Neuron
4140,131,unassigned
4141,49,Excitatory_Neuron
4142,66,Excitatory_Neuron
4143,12,Excitatory_Neuron
4144,12,Excitatory_Neuron
4145,122,Excitatory_Neuron
4146,16,Astro-Epen
4147,62,Excitatory_Neuron
4148,92,GABA_Neuron
4149,92,GABA_Neuron
4150,92,GABA_Neuron
4151,106,Excitatory_Neuron
4152,104,Excitatory_Neuron
4153,9,Excitatory_Neuron
4154,109,Astro-Epen
4155,23,Excitatory_Neuron
4156,108,GABA_Neuron
4157,100,Excitatory_Neuron
4158,55,unassigned
4159,10,Excitatory_Neuron
4160,105,unassigned
4161,10,Excitatory_Neuron
4162,74,Excitatory_Neuron
4163,12,Excitatory_Neuron
4164,122,Excitatory_Neuron
4165,119,unassigned
4166,119,unassigned
4167,1,unassigned
4168,58,Excitatory_Neuron
4169,58,Excitatory_Neuron
4170,17,Excitatory_Neuron
4171,17,Excitatory_Neuron
4172,17,Excitatory_Neuron
4173,17,Excitatory_Neuron
4174,106,Excitatory_Neuron
4175,106,Excitatory_Neuron
4176,39,Excitatory_Neuron
4177,107,unassigned
4178,39,Excitatory_Neuron
4179,73,Immune
4180,10,Excitatory_Neuron
4181,10,Excitatory_Neuron
4182,66,Excitatory_Neuron
4183,123,unassigned
4184,132,unassigned
4185,42,Immune
4186,42,Immune
4187,113,unassigned
4188,16,Astro-Epen
4189,26,Immune
4190,84,unassigned
4191,27,Immune
4192,82,Excitatory_Neuron
4193,88,Excitatory_Neuron
4194,126,unassigned
4195,18,Excitatory_Neuron
4196,13,Excitatory_Neuron
4197,104,Excitatory_Neuron
4198,104,Excitatory_Neuron
4199,109,Astro-Epen
4200,10,Excitatory_Neuron
4201,10,Excitatory_Neuron
4202,123,unassigned
4203,67,Vascular
4204,67,Vascular
4205,12,Excitatory_Neuron
4206,117,Excitatory_Neuron
4207,16,Astro-Epen
4208,70,Immune
4209,16,Astro-Epen
4210,56,Excitatory_Neuron
4211,26,Immune
4212,82,Excitatory_Neuron
4213,1,unassigned
4214,2,Excitatory_Neuron
4215,27,Immune
4216,126,unassigned
4217,6,Excitatory_Neuron
4218,61,Excitatory_Neuron
4219,106,Excitatory_Neuron
4220,17,Excitatory_Neuron
4221,106,Excitatory_Neuron
4222,17,Excitatory_Neuron
4223,107,unassigned
4224,9,Excitatory_Neuron
4225,109,Astro-Epen
4226,16,Astro-Epen
4227,16,Astro-Epen
4228,27,Immune
4229,1,unassigned
4230,1,unassigned
4231,58,Excitatory_Neuron
4232,2,Excitatory_Neuron
4233,58,Excitatory_Neuron
4234,2,Excitatory_Neuron
4235,28,Immune
4236,58,Excitatory_Neuron
4237,7,Excitatory_Neuron
4238,18,Excitatory_Neuron
4239,13,Excitatory_Neuron
4240,93,Excitatory_Neuron
4241,9,Excitatory_Neuron
4242,8,Excitatory_Neuron
4243,108,GABA_Neuron
4244,108,GABA_Neuron
4245,109,Astro-Epen
4246,73,Immune
4247,10,Excitatory_Neuron
4248,66,Excitatory_Neuron
4249,12,Excitatory_Neuron
4250,12,Excitatory_Neuron
4251,16,Astro-Epen
4252,43,Immune
4253,17,Excitatory_Neuron
4254,93,Excitatory_Neuron
4255,9,Excitatory_Neuron
4256,23,Excitatory_Neuron
4257,109,Astro-Epen
4258,108,GABA_Neuron
4259,9,Excitatory_Neuron
4260,66,Excitatory_Neuron
4261,10,Excitatory_Neuron
4262,12,Excitatory_Neuron
4263,42,Immune
4264,16,Astro-Epen
4265,43,Immune
4266,119,unassigned
4267,27,Immune
4268,7,Excitatory_Neuron
4269,17,Excitatory_Neuron
4270,17,Excitatory_Neuron
4271,8,Excitatory_Neuron
4272,109,Astro-Epen
4273,10,Excitatory_Neuron
4274,11,Excitatory_Neuron
4275,122,Excitatory_Neuron
4276,56,Excitatory_Neuron
4277,58,Excitatory_Neuron
4278,125,unassigned
4279,7,Excitatory_Neuron
4280,7,Excitatory_Neuron
4281,126,unassigned
4282,6,Excitatory_Neuron
4283,7,Excitatory_Neuron
4284,7,Excitatory_Neuron
4285,1,unassigned
4286,92,GABA_Neuron
4287,106,Excitatory_Neuron
4288,18,Excitatory_Neuron
4289,93,Excitatory_Neuron
4290,17,Excitatory_Neuron
4291,109,Astro-Epen
4292,14,Immune
4293,14,Immune
4294,14,Immune
4295,67,Vascular
4296,42,Immune
4297,122,Excitatory_Neuron
4298,56,Excitatory_Neuron
4299,114,unassigned
4300,56,Excitatory_Neuron
4301,27,Immune
4302,27,Immune
4303,58,Excitatory_Neuron
4304,27,Immune
4305,7,Excitatory_Neuron
4306,28,Immune
4307,7,Excitatory_Neuron
4308,7,Excitatory_Neuron
4309,34,Excitatory_Neuron
4310,106,Excitatory_Neuron
4311,104,Excitatory_Neuron
4312,91,GABA_Neuron
4313,13,Excitatory_Neuron
4314,13,Excitatory_Neuron
4315,13,Excitatory_Neuron
4316,10,Excitatory_Neuron
4317,133,unassigned
4318,12,Excitatory_Neuron
4319,12,Excitatory_Neuron
4320,42,Immune
4321,42,Immune
4322,117,Excitatory_Neuron
4323,41,Excitatory_Neuron
4324,12,Excitatory_Neuron
4325,122,Excitatory_Neuron
4326,43,Immune
4327,43,Immune
4328,119,unassigned
4329,58,Excitatory_Neuron
4330,88,Excitatory_Neuron
4331,6,Excitatory_Neuron
4332,7,Excitatory_Neuron
4333,7,Excitatory_Neuron
4334,13,Excitatory_Neuron
4335,8,Excitatory_Neuron
4336,14,Immune
4337,66,Excitatory_Neuron
4338,16,Astro-Epen
4339,56,Excitatory_Neuron
4340,119,unassigned
4341,26,Immune
4342,27,Immune
4343,27,Immune
4344,28,Immune
4345,92,GABA_Neuron
4346,61,Excitatory_Neuron
4347,7,Excitatory_Neuron
4348,17,Excitatory_Neuron
4349,17,Excitatory_Neuron
4350,91,GABA_Neuron
4351,73,Immune
4352,74,Excitatory_Neuron
4353,41,Excitatory_Neuron
4354,12,Excitatory_Neuron
4355,122,Excitatory_Neuron
4356,56,Excitatory_Neuron
4357,43,Immune
4358,56,Excitatory_Neuron
4359,26,Immune
4360,27,Immune
4361,119,unassigned
4362,119,unassigned
4363,119,unassigned
4364,27,Immune
4365,2,Excitatory_Neuron
4366,96,Immune
4367,62,Excitatory_Neuron
4368,28,Immune
4369,7,Excitatory_Neuron
4370,61,Excitatory_Neuron
4371,92,GABA_Neuron
4372,17,Excitatory_Neuron
4373,39,Excitatory_Neuron
4374,48,Excitatory_Neuron
4375,102,Excitatory_Neuron
4376,20,Excitatory_Neuron
4377,109,Astro-Epen
4378,9,Excitatory_Neuron
4379,109,Astro-Epen
4380,14,Immune
4381,55,unassigned
4382,100,Excitatory_Neuron
4383,10,Excitatory_Neuron
4384,14,Immune
4385,14,Immune
4386,66,Excitatory_Neuron
4387,73,Immune
4388,74,Excitatory_Neuron
4389,67,Vascular
4390,134,unassigned
4391,12,Excitatory_Neuron
4392,114,unassigned
4393,62,Excitatory_Neuron
4394,1,unassigned
4395,62,Excitatory_Neuron
4396,125,unassigned
4397,28,Immune
4398,7,Excitatory_Neuron
4399,61,Excitatory_Neuron
4400,48,Excitatory_Neuron
4401,109,Astro-Epen
4402,109,Astro-Epen
4403,105,unassigned
4404,10,Excitatory_Neuron
4405,12,Excitatory_Neuron
4406,117,Excitatory_Neuron
4407,43,Immune
4408,56,Excitatory_Neuron
4409,43,Immune
4410,43,Immune
4411,26,Immune
4412,26,Immune
4413,119,unassigned
4414,2,Excitatory_Neuron
4415,6,Excitatory_Neuron
4416,106,Excitatory_Neuron
4417,34,Excitatory_Neuron
4418,17,Excitatory_Neuron
4419,8,Excitatory_Neuron
4420,39,Excitatory_Neuron
4421,13,Excitatory_Neuron
4422,8,Excitatory_Neuron
4423,9,Excitatory_Neuron
4424,102,Excitatory_Neuron
4425,109,Astro-Epen
4426,108,GABA_Neuron
4427,109,Astro-Epen
4428,14,Immune
4429,73,Immune
4430,10,Excitatory_Neuron
4431,12,Excitatory_Neuron
4432,56,Excitatory_Neuron
4433,62,Excitatory_Neuron
4434,58,Excitatory_Neuron
4435,58,Excitatory_Neuron
4436,135,unassigned
4437,126,unassigned
4438,136,unassigned
4439,17,Excitatory_Neuron
4440,93,Excitatory_Neuron
4441,104,Excitatory_Neuron
4442,93,Excitatory_Neuron
4443,23,Excitatory_Neuron
4444,109,Astro-Epen
4445,102,Excitatory_Neuron
4446,100,Excitatory_Neuron
4447,137,unassigned
4448,41,Excitatory_Neuron
4449,117,Excitatory_Neuron
4450,122,Excitatory_Neuron
4451,16,Astro-Epen
4452,56,Excitatory_Neuron
4453,56,Excitatory_Neuron
4454,27,Immune
4455,1,unassigned
4456,27,Immune
4457,58,Excitatory_Neuron
4458,2,Excitatory_Neuron
4459,27,Immune
4460,7,Excitatory_Neuron
4461,7,Excitatory_Neuron
4462,48,Excitatory_Neuron
4463,109,Astro-Epen
4464,9,Excitatory_Neuron
4465,9,Excitatory_Neuron
4466,100,Excitatory_Neuron
4467,73,Immune
4468,67,Vascular
4469,1,unassigned
4470,113,unassigned
4471,43,Immune
4472,26,Immune
4473,27,Immune
4474,27,Immune
4475,58,Excitatory_Neuron
4476,2,Excitatory_Neuron
4477,135,unassigned
4478,58,Excitatory_Neuron
4479,2,Excitatory_Neuron
4480,28,Immune
4481,7,Excitatory_Neuron
4482,7,Excitatory_Neuron
4483,61,Excitatory_Neuron
4484,17,Excitatory_Neuron
4485,17,Excitatory_Neuron
4486,9,Excitatory_Neuron
4487,23,Excitatory_Neuron
4488,9,Excitatory_Neuron
4489,9,Excitatory_Neuron
4490,73,Immune
4491,10,Excitatory_Neuron
4492,12,Excitatory_Neuron
4493,12,Excitatory_Neuron
4494,122,Excitatory_Neuron
4495,62,Excitatory_Neuron
4496,88,Excitatory_Neuron
4497,126,unassigned
4498,58,Excitatory_Neuron
4499,18,Excitatory_Neuron
4500,106,Excitatory_Neuron
4501,138,unassigned
4502,39,Excitatory_Neuron
4503,8,Excitatory_Neuron
4504,23,Excitatory_Neuron
4505,48,Excitatory_Neuron
4506,48,Excitatory_Neuron
4507,8,Excitatory_Neuron
4508,74,Excitatory_Neuron
4509,14,Immune
4510,42,Immune
4511,42,Immune
4512,117,Excitatory_Neuron
4513,122,Excitatory_Neuron
4514,56,Excitatory_Neuron
4515,27,Immune
4516,135,unassigned
4517,135,unassigned
4518,96,Immune
4519,6,Excitatory_Neuron
4520,1,unassigned
4521,34,Excitatory_Neuron
4522,7,Excitatory_Neuron
4523,93,Excitatory_Neuron
4524,7,Excitatory_Neuron
4525,130,unassigned
4526,39,Excitatory_Neuron
4527,8,Excitatory_Neuron
4528,109,Astro-Epen
4529,109,Astro-Epen
4530,9,Excitatory_Neuron
4531,73,Immune
4532,10,Excitatory_Neuron
4533,74,Excitatory_Neuron
4534,12,Excitatory_Neuron
4535,27,Immune
4536,27,Immune
4537,43,Immune
4538,27,Immune
4539,2,Excitatory_Neuron
4540,96,Immune
4541,96,Immune
4542,126,unassigned
4543,139,unassigned
4544,6,Excitatory_Neuron
4545,140,unassigned
4546,92,GABA_Neuron
4547,92,GABA_Neuron
4548,92,GABA_Neuron
4549,92,GABA_Neuron
4550,48,Excitatory_Neuron
4551,9,Excitatory_Neuron
4552,13,Excitatory_Neuron
4553,109,Astro-Epen
4554,49,Excitatory_Neuron
4555,1,unassigned
4556,125,unassigned
4557,96,Immune
4558,135,unassigned
4559,6,Excitatory_Neuron
4560,34,Excitatory_Neuron
4561,104,Excitatory_Neuron
4562,17,Excitatory_Neuron
4563,13,Excitatory_Neuron
4564,138,unassigned
4565,8,Excitatory_Neuron
4566,102,Excitatory_Neuron
4567,109,Astro-Epen
4568,74,Excitatory_Neuron
4569,66,Excitatory_Neuron
4570,122,Excitatory_Neuron
4571,122,Excitatory_Neuron
4572,56,Excitatory_Neuron
4573,16,Astro-Epen
4574,43,Immune
4575,27,Immune
4576,58,Excitatory_Neuron
4577,2,Excitatory_Neuron
4578,7,Excitatory_Neuron
4579,141,unassigned
4580,18,Excitatory_Neuron
4581,34,Excitatory_Neuron
4582,128,unassigned
4583,7,Excitatory_Neuron
4584,13,Excitatory_Neuron
4585,93,Excitatory_Neuron
4586,93,Excitatory_Neuron
4587,106,Excitatory_Neuron
4588,100,Excitatory_Neuron
4589,9,Excitatory_Neuron
4590,9,Excitatory_Neuron
4591,9,Excitatory_Neuron
4592,10,Excitatory_Neuron
4593,14,Immune
4594,117,Excitatory_Neuron
4595,117,Excitatory_Neuron
4596,16,Astro-Epen
4597,62,Excitatory_Neuron
4598,62,Excitatory_Neuron
4599,7,Excitatory_Neuron
4600,58,Excitatory_Neuron
4601,140,unassigned
4602,7,Excitatory_Neuron
4603,17,Excitatory_Neuron
4604,106,Excitatory_Neuron
4605,7,Excitatory_Neuron
4606,106,Excitatory_Neuron
4607,7,Excitatory_Neuron
4608,102,Excitatory_Neuron
4609,73,Immune
4610,10,Excitatory_Neuron
4611,12,Excitatory_Neuron
4612,117,Excitatory_Neuron
4613,27,Immune
4614,1,unassigned
4615,62,Excitatory_Neuron
4616,62,Excitatory_Neuron
4617,28,Immune
4618,7,Excitatory_Neuron
4619,92,GABA_Neuron
4620,142,unassigned
4621,13,Excitatory_Neuron
4622,13,Excitatory_Neuron
4623,48,Excitatory_Neuron
4624,109,Astro-Epen
4625,9,Excitatory_Neuron
4626,74,Excitatory_Neuron
4627,14,Immune
4628,67,Vascular
4629,41,Excitatory_Neuron
4630,12,Excitatory_Neuron
4631,119,unassigned
4632,119,unassigned
4633,54,GABA_Neuron
4634,27,Immune
4635,135,unassigned
4636,96,Immune
4637,6,Excitatory_Neuron
4638,18,Excitatory_Neuron
4639,7,Excitatory_Neuron
4640,7,Excitatory_Neuron
4641,102,Excitatory_Neuron
4642,107,unassigned
4643,100,Excitatory_Neuron
4644,73,Immune
4645,74,Excitatory_Neuron
4646,10,Excitatory_Neuron
4647,122,Excitatory_Neuron
4648,43,Immune
4649,114,unassigned
4650,43,Immune
4651,143,unassigned
4652,26,Immune
4653,125,unassigned
4654,96,Immune
4655,27,Immune
4656,2,Excitatory_Neuron
4657,18,Excitatory_Neuron
4658,34,Excitatory_Neuron
4659,7,Excitatory_Neuron
4660,17,Excitatory_Neuron
4661,93,Excitatory_Neuron
4662,17,Excitatory_Neuron
4663,73,Immune
4664,10,Excitatory_Neuron
4665,10,Excitatory_Neuron
4666,11,Excitatory_Neuron
4667,1,unassigned
4668,26,Immune
4669,43,Immune
4670,26,Immune
4671,27,Immune
4672,27,Immune
4673,135,unassigned
4674,28,Immune
4675,17,Excitatory_Neuron
4676,106,Excitatory_Neuron
4677,104,Excitatory_Neuron
4678,48,Excitatory_Neuron
4679,48,Excitatory_Neuron
4680,102,Excitatory_Neuron
4681,109,Astro-Epen
4682,9,Excitatory_Neuron
4683,100,Excitatory_Neuron
4684,100,Excitatory_Neuron
4685,100,Excitatory_Neuron
4686,131,unassigned
4687,14,Immune
4688,74,Excitatory_Neuron
4689,12,Excitatory_Neuron
4690,1,unassigned
4691,26,Immune
4692,26,Immune
4693,58,Excitatory_Neuron
4694,28,Immune
4695,7,Excitatory_Neuron
4696,7,Excitatory_Neuron
4697,106,Excitatory_Neuron
4698,9,Excitatory_Neuron
4699,100,Excitatory_Neuron
4700,11,Excitatory_Neuron
4701,43,Immune
4702,56,Excitatory_Neuron
4703,54,GABA_Neuron
4704,54,GABA_Neuron
4705,7,Excitatory_Neuron
4706,135,unassigned
4707,7,Excitatory_Neuron
4708,58,Excitatory_Neuron
4709,13,Excitatory_Neuron
4710,48,Excitatory_Neuron
4711,100,Excitatory_Neuron
4712,20,Excitatory_Neuron
4713,10,Excitatory_Neuron
4714,12,Excitatory_Neuron
4715,42,Immune
4716,117,Excitatory_Neuron
4717,26,Immune
4718,1,unassigned
4719,54,GABA_Neuron
4720,2,Excitatory_Neuron
4721,96,Immune
4722,96,Immune
4723,7,Excitatory_Neuron
4724,34,Excitatory_Neuron
4725,106,Excitatory_Neuron
4726,130,unassigned
4727,138,unassigned
4728,9,Excitatory_Neuron
4729,108,GABA_Neuron
4730,20,Excitatory_Neuron
4731,10,Excitatory_Neuron
4732,100,Excitatory_Neuron
4733,74,Excitatory_Neuron
4734,10,Excitatory_Neuron
4735,14,Immune
4736,42,Immune
4737,42,Immune
4738,42,Immune
4739,117,Excitatory_Neuron
4740,16,Astro-Epen
4741,58,Excitatory_Neuron
4742,7,Excitatory_Neuron
4743,58,Excitatory_Neuron
4744,58,Excitatory_Neuron
4745,58,Excitatory_Neuron
4746,6,Excitatory_Neuron
4747,92,GABA_Neuron
4748,92,GABA_Neuron
4749,93,Excitatory_Neuron
4750,144,unassigned
4751,10,Excitatory_Neuron
4752,67,Vascular
4753,12,Excitatory_Neuron
4754,12,Excitatory_Neuron
4755,11,Excitatory_Neuron
4756,117,Excitatory_Neuron
4757,43,Immune
4758,119,unassigned
4759,1,unassigned
4760,27,Immune
4761,58,Excitatory_Neuron
4762,88,Excitatory_Neuron
4763,28,Immune
4764,58,Excitatory_Neuron
4765,2,Excitatory_Neuron
4766,96,Immune
4767,61,Excitatory_Neuron
4768,58,Excitatory_Neuron
4769,58,Excitatory_Neuron
4770,2,Excitatory_Neuron
4771,106,Excitatory_Neuron
4772,136,unassigned
4773,106,Excitatory_Neuron
4774,104,Excitatory_Neuron
4775,145,unassigned
4776,145,unassigned
4777,102,Excitatory_Neuron
4778,109,Astro-Epen
4779,109,Astro-Epen
4780,105,unassigned
4781,12,Excitatory_Neuron
4782,122,Excitatory_Neuron
4783,119,unassigned
4784,27,Immune
4785,58,Excitatory_Neuron
4786,28,Immune
4787,96,Immune
4788,126,unassigned
4789,2,Excitatory_Neuron
4790,6,Excitatory_Neuron
4791,48,Excitatory_Neuron
4792,13,Excitatory_Neuron
4793,102,Excitatory_Neuron
4794,14,Immune
4795,20,Excitatory_Neuron
4796,109,Astro-Epen
4797,73,Immune
4798,100,Excitatory_Neuron
4799,74,Excitatory_Neuron
4800,74,Excitatory_Neuron
4801,132,unassigned
4802,42,Immune
4803,43,Immune
4804,112,unassigned
4805,27,Immune
4806,6,Excitatory_Neuron
4807,34,Excitatory_Neuron
4808,92,GABA_Neuron
4809,17,Excitatory_Neuron
4810,7,Excitatory_Neuron
4811,13,Excitatory_Neuron
4812,17,Excitatory_Neuron
4813,106,Excitatory_Neuron
4814,104,Excitatory_Neuron
4815,20,Excitatory_Neuron
4816,108,GABA_Neuron
4817,14,Immune
4818,73,Immune
4819,10,Excitatory_Neuron
4820,73,Immune
4821,73,Immune
4822,12,Excitatory_Neuron
4823,1,unassigned
4824,43,Immune
4825,1,unassigned
4826,1,unassigned
4827,58,Excitatory_Neuron
4828,2,Excitatory_Neuron
4829,58,Excitatory_Neuron
4830,34,Excitatory_Neuron
4831,34,Excitatory_Neuron
4832,106,Excitatory_Neuron
4833,34,Excitatory_Neuron
4834,34,Excitatory_Neuron
4835,93,Excitatory_Neuron
4836,130,unassigned
4837,8,Excitatory_Neuron
4838,48,Excitatory_Neuron
4839,108,GABA_Neuron
4840,102,Excitatory_Neuron
4841,134,unassigned
4842,56,Excitatory_Neuron
4843,43,Immune
4844,26,Immune
4845,146,unassigned
4846,1,unassigned
4847,27,Immune
4848,2,Excitatory_Neuron
4849,17,Excitatory_Neuron
4850,23,Excitatory_Neuron
4851,9,Excitatory_Neuron
4852,73,Immune
4853,14,Immune
4854,105,unassigned
4855,66,Excitatory_Neuron
4856,132,unassigned
4857,12,Excitatory_Neuron
4858,1,unassigned
4859,58,Excitatory_Neuron
4860,58,Excitatory_Neuron
4861,58,Excitatory_Neuron
4862,7,Excitatory_Neuron
4863,2,Excitatory_Neuron
4864,147,unassigned
4865,147,unassigned
4866,7,Excitatory_Neuron
4867,93,Excitatory_Neuron
4868,136,unassigned
4869,106,Excitatory_Neuron
4870,106,Excitatory_Neuron
4871,104,Excitatory_Neuron
4872,48,Excitatory_Neuron
4873,23,Excitatory_Neuron
4874,109,Astro-Epen
4875,9,Excitatory_Neuron
4876,9,Excitatory_Neuron
4877,10,Excitatory_Neuron
4878,10,Excitatory_Neuron
4879,137,unassigned
4880,42,Immune
4881,42,Immune
4882,26,Immune
4883,54,GABA_Neuron
4884,2,Excitatory_Neuron
4885,58,Excitatory_Neuron
4886,28,Immune
4887,96,Immune
4888,1,unassigned
4889,61,Excitatory_Neuron
4890,6,Excitatory_Neuron
4891,93,Excitatory_Neuron
4892,93,Excitatory_Neuron
4893,104,Excitatory_Neuron
4894,13,Excitatory_Neuron
4895,23,Excitatory_Neuron
4896,9,Excitatory_Neuron
4897,9,Excitatory_Neuron
4898,14,Immune
4899,10,Excitatory_Neuron
4900,12,Excitatory_Neuron
4901,67,Vascular
4902,12,Excitatory_Neuron
4903,11,Excitatory_Neuron
4904,12,Excitatory_Neuron
4905,117,Excitatory_Neuron
4906,113,unassigned
4907,2,Excitatory_Neuron
4908,135,unassigned
4909,93,Excitatory_Neuron
4910,91,GABA_Neuron
4911,13,Excitatory_Neuron
4912,107,unassigned
4913,108,GABA_Neuron
4914,102,Excitatory_Neuron
4915,10,Excitatory_Neuron
4916,9,Excitatory_Neuron
4917,73,Immune
4918,12,Excitatory_Neuron
4919,1,unassigned
4920,42,Immune
4921,16,Astro-Epen
4922,43,Immune
4923,16,Astro-Epen
4924,112,unassigned
4925,27,Immune
4926,1,unassigned
4927,27,Immune
4928,135,unassigned
4929,88,Excitatory_Neuron
4930,135,unassigned
4931,140,unassigned
4932,92,GABA_Neuron
4933,17,Excitatory_Neuron
4934,93,Excitatory_Neuron
4935,104,Excitatory_Neuron
4936,91,GABA_Neuron
4937,8,Excitatory_Neuron
4938,9,Excitatory_Neuron
4939,100,Excitatory_Neuron
4940,42,Immune
4941,113,unassigned
4942,113,unassigned
4943,16,Astro-Epen
4944,148,unassigned
4945,62,Excitatory_Neuron
4946,28,Immune
4947,61,Excitatory_Neuron
4948,6,Excitatory_Neuron
4949,92,GABA_Neuron
4950,92,GABA_Neuron
4951,93,Excitatory_Neuron
4952,48,Excitatory_Neuron
4953,73,Immune
4954,73,Immune
4955,11,Excitatory_Neuron
4956,42,Immune
4957,43,Immune
4958,113,unassigned
4959,43,Immune
4960,139,unassigned
4961,96,Immune
4962,2,Excitatory_Neuron
4963,61,Excitatory_Neuron
4964,34,Excitatory_Neuron
4965,142,unassigned
4966,17,Excitatory_Neuron
4967,106,Excitatory_Neuron
4968,138,unassigned
4969,104,Excitatory_Neuron
4970,9,Excitatory_Neuron
4971,48,Excitatory_Neuron
4972,23,Excitatory_Neuron
4973,8,Excitatory_Neuron
4974,9,Excitatory_Neuron
4975,83,unassigned
4976,10,Excitatory_Neuron
4977,12,Excitatory_Neuron
4978,11,Excitatory_Neuron
4979,149,unassigned
4980,26,Immune
4981,135,unassigned
4982,96,Immune
4983,92,GABA_Neuron
4984,91,GABA_Neuron
4985,9,Excitatory_Neuron
4986,102,Excitatory_Neuron
4987,109,Astro-Epen
4988,73,Immune
4989,14,Immune
4990,123,unassigned
4991,12,Excitatory_Neuron
4992,113,unassigned
4993,26,Immune
4994,27,Immune
4995,135,unassigned
4996,2,Excitatory_Neuron
4997,92,GABA_Neuron
4998,150,Excitatory_Neuron
4999,7,Excitatory_Neuron
5000,34,Excitatory_Neuron
5001,142,unassigned
5002,106,Excitatory_Neuron
5003,8,Excitatory_Neuron
5004,102,Excitatory_Neuron
5005,9,Excitatory_Neuron
5006,10,Excitatory_Neuron
5007,9,Excitatory_Neuron
5008,14,Immune
5009,66,Excitatory_Neuron
5010,67,Vascular
5011,16,Astro-Epen
5012,43,Immune
5013,16,Astro-Epen
5014,58,Excitatory_Neuron
5015,27,Immune
5016,125,unassigned
5017,6,Excitatory_Neuron
5018,1,unassigned
5019,136,unassigned
5020,138,unassigned
5021,39,Excitatory_Neuron
5022,9,Excitatory_Neuron
5023,9,Excitatory_Neuron
5024,100,Excitatory_Neuron
5025,9,Excitatory_Neuron
5026,9,Excitatory_Neuron
5027,9,Excitatory_Neuron
5028,10,Excitatory_Neuron
5029,41,Excitatory_Neuron
5030,132,unassigned
5031,134,unassigned
5032,56,Excitatory_Neuron
5033,27,Immune
5034,26,Immune
5035,58,Excitatory_Neuron
5036,61,Excitatory_Neuron
5037,138,unassigned
5038,138,unassigned
5039,145,unassigned
5040,108,GABA_Neuron
5041,100,Excitatory_Neuron
5042,42,Immune
5043,122,Excitatory_Neuron
5044,16,Astro-Epen
5045,43,Immune
5046,28,Immune
5047,7,Excitatory_Neuron
5048,7,Excitatory_Neuron
5049,6,Excitatory_Neuron
5050,7,Excitatory_Neuron
5051,106,Excitatory_Neuron
5052,142,unassigned
5053,8,Excitatory_Neuron
5054,107,unassigned
5055,13,Excitatory_Neuron
5056,100,Excitatory_Neuron
5057,8,Excitatory_Neuron
5058,8,Excitatory_Neuron
5059,9,Excitatory_Neuron
5060,14,Immune
5061,10,Excitatory_Neuron
5062,12,Excitatory_Neuron
5063,16,Astro-Epen
5064,117,Excitatory_Neuron
5065,26,Immune
5066,43,Immune
5067,1,unassigned
5068,17,Excitatory_Neuron
5069,6,Excitatory_Neuron
5070,13,Excitatory_Neuron
5071,91,GABA_Neuron
5072,104,Excitatory_Neuron
5073,13,Excitatory_Neuron
5074,13,Excitatory_Neuron
5075,23,Excitatory_Neuron
5076,102,Excitatory_Neuron
5077,73,Immune
5078,49,Excitatory_Neuron
5079,10,Excitatory_Neuron
5080,11,Excitatory_Neuron
5081,134,unassigned
5082,134,unassigned
5083,26,Immune
5084,27,Immune
5085,28,Immune
5086,61,Excitatory_Neuron
5087,34,Excitatory_Neuron
5088,34,Excitatory_Neuron
5089,17,Excitatory_Neuron
5090,93,Excitatory_Neuron
5091,48,Excitatory_Neuron
5092,13,Excitatory_Neuron
5093,107,unassigned
5094,107,unassigned
5095,8,Excitatory_Neuron
5096,102,Excitatory_Neuron
5097,100,Excitatory_Neuron
5098,14,Immune
5099,14,Immune
5100,10,Excitatory_Neuron
5101,41,Excitatory_Neuron
5102,41,Excitatory_Neuron
5103,43,Immune
5104,43,Immune
5105,26,Immune
5106,54,GABA_Neuron
5107,27,Immune
5108,54,GABA_Neuron
5109,58,Excitatory_Neuron
5110,1,unassigned
5111,96,Immune
5112,93,Excitatory_Neuron
5113,144,unassigned
5114,91,GABA_Neuron
5115,104,Excitatory_Neuron
5116,9,Excitatory_Neuron
5117,9,Excitatory_Neuron
5118,73,Immune
5119,151,unassigned
5120,12,Excitatory_Neuron
5121,42,Immune
5122,117,Excitatory_Neuron
5123,42,Immune
5124,122,Excitatory_Neuron
5125,43,Immune
5126,43,Immune
5127,26,Immune
5128,27,Immune
5129,125,unassigned
5130,28,Immune
5131,96,Immune
5132,34,Excitatory_Neuron
5133,142,unassigned
5134,93,Excitatory_Neuron
5135,130,unassigned
5136,13,Excitatory_Neuron
5137,23,Excitatory_Neuron
5138,107,unassigned
5139,9,Excitatory_Neuron
5140,10,Excitatory_Neuron
5141,14,Immune
5142,10,Excitatory_Neuron
5143,73,Immune
5144,12,Excitatory_Neuron
5145,43,Immune
5146,17,Excitatory_Neuron
5147,106,Excitatory_Neuron
5148,7,Excitatory_Neuron
5149,92,GABA_Neuron
5150,128,unassigned
5151,104,Excitatory_Neuron
5152,8,Excitatory_Neuron
5153,104,Excitatory_Neuron
5154,48,Excitatory_Neuron
5155,23,Excitatory_Neuron
5156,9,Excitatory_Neuron
5157,9,Excitatory_Neuron
5158,9,Excitatory_Neuron
5159,14,Immune
5160,113,unassigned
5161,117,Excitatory_Neuron
5162,122,Excitatory_Neuron
5163,113,unassigned
5164,113,unassigned
5165,43,Immune
5166,26,Immune
5167,27,Immune
5168,126,unassigned
5169,128,unassigned
5170,92,GABA_Neuron
5171,106,Excitatory_Neuron
5172,13,Excitatory_Neuron
5173,48,Excitatory_Neuron
5174,9,Excitatory_Neuron
5175,48,Excitatory_Neuron
5176,20,Excitatory_Neuron
5177,14,Immune
5178,10,Excitatory_Neuron
5179,41,Excitatory_Neuron
5180,12,Excitatory_Neuron
5181,41,Excitatory_Neuron
5182,122,Excitatory_Neuron
5183,16,Astro-Epen
5184,112,unassigned
5185,26,Immune
5186,26,Immune
5187,149,unassigned
5188,125,unassigned
5189,7,Excitatory_Neuron
5190,1,unassigned
5191,7,Excitatory_Neuron
5192,106,Excitatory_Neuron
5193,138,unassigned
5194,48,Excitatory_Neuron
5195,13,Excitatory_Neuron
5196,9,Excitatory_Neuron
5197,109,Astro-Epen
5198,73,Immune
5199,73,Immune
5200,49,Excitatory_Neuron
5201,134,unassigned
5202,43,Immune
5203,56,Excitatory_Neuron
5204,27,Immune
5205,1,unassigned
5206,125,unassigned
5207,96,Immune
5208,126,unassigned
5209,6,Excitatory_Neuron
5210,106,Excitatory_Neuron
5211,34,Excitatory_Neuron
5212,108,GABA_Neuron
5213,108,GABA_Neuron
5214,9,Excitatory_Neuron
5215,9,Excitatory_Neuron
5216,10,Excitatory_Neuron
5217,117,Excitatory_Neuron
5218,122,Excitatory_Neuron
5219,113,unassigned
5220,43,Immune
5221,56,Excitatory_Neuron
5222,112,unassigned
5223,43,Immune
5224,149,unassigned
5225,27,Immune
5226,26,Immune
5227,62,Excitatory_Neuron
5228,26,Immune
5229,152,unassigned
5230,58,Excitatory_Neuron
5231,6,Excitatory_Neuron
5232,7,Excitatory_Neuron
5233,136,unassigned
5234,138,unassigned
5235,138,unassigned
5236,13,Excitatory_Neuron
5237,107,unassigned
5238,8,Excitatory_Neuron
5239,108,GABA_Neuron
5240,108,GABA_Neuron
5241,109,Astro-Epen
5242,108,GABA_Neuron
5243,9,Excitatory_Neuron
5244,9,Excitatory_Neuron
5245,9,Excitatory_Neuron
5246,10,Excitatory_Neuron
5247,14,Immune
5248,12,Excitatory_Neuron
5249,42,Immune
5250,117,Excitatory_Neuron
5251,16,Astro-Epen
5252,16,Astro-Epen
5253,43,Immune
5254,43,Immune
5255,56,Excitatory_Neuron
5256,114,unassigned
5257,43,Immune
5258,16,Astro-Epen
5259,27,Immune
5260,135,unassigned
5261,58,Excitatory_Neuron
5262,58,Excitatory_Neuron
5263,2,Excitatory_Neuron
5264,6,Excitatory_Neuron
5265,17,Excitatory_Neuron
5266,136,unassigned
5267,104,Excitatory_Neuron
5268,93,Excitatory_Neuron
5269,104,Excitatory_Neuron
5270,48,Excitatory_Neuron
5271,23,Excitatory_Neuron
5272,100,Excitatory_Neuron
5273,100,Excitatory_Neuron
5274,66,Excitatory_Neuron
5275,66,Excitatory_Neuron
5276,12,Excitatory_Neuron
5277,1,unassigned
5278,41,Excitatory_Neuron
5279,117,Excitatory_Neuron
5280,122,Excitatory_Neuron
5281,43,Immune
5282,26,Immune
5283,126,unassigned
5284,6,Excitatory_Neuron
5285,138,unassigned
5286,23,Excitatory_Neuron
5287,8,Excitatory_Neuron
5288,9,Excitatory_Neuron
5289,74,Excitatory_Neuron
5290,10,Excitatory_Neuron
5291,73,Immune
5292,66,Excitatory_Neuron
5293,12,Excitatory_Neuron
5294,117,Excitatory_Neuron
5295,56,Excitatory_Neuron
5296,122,Excitatory_Neuron
5297,143,unassigned
5298,27,Immune
5299,26,Immune
5300,58,Excitatory_Neuron
5301,2,Excitatory_Neuron
5302,136,unassigned
5303,17,Excitatory_Neuron
5304,13,Excitatory_Neuron
5305,93,Excitatory_Neuron
5306,93,Excitatory_Neuron
5307,104,Excitatory_Neuron
5308,8,Excitatory_Neuron
5309,9,Excitatory_Neuron
5310,100,Excitatory_Neuron
5311,10,Excitatory_Neuron
5312,14,Immune
5313,100,Excitatory_Neuron
5314,49,Excitatory_Neuron
5315,55,unassigned
5316,10,Excitatory_Neuron
5317,153,unassigned
5318,41,Excitatory_Neuron
5319,12,Excitatory_Neuron
5320,12,Excitatory_Neuron
5321,122,Excitatory_Neuron
5322,16,Astro-Epen
5323,112,unassigned
5324,16,Astro-Epen
5325,112,unassigned
5326,43,Immune
5327,26,Immune
5328,27,Immune
5329,61,Excitatory_Neuron
5330,6,Excitatory_Neuron
5331,7,Excitatory_Neuron
5332,106,Excitatory_Neuron
5333,93,Excitatory_Neuron
5334,106,Excitatory_Neuron
5335,130,unassigned
5336,93,Excitatory_Neuron
5337,8,Excitatory_Neuron
5338,9,Excitatory_Neuron
5339,20,Excitatory_Neuron
5340,9,Excitatory_Neuron
5341,14,Immune
5342,67,Vascular
5343,12,Excitatory_Neuron
5344,1,unassigned
5345,117,Excitatory_Neuron
5346,122,Excitatory_Neuron
5347,43,Immune
5348,16,Astro-Epen
5349,27,Immune
5350,152,unassigned
5351,2,Excitatory_Neuron
5352,7,Excitatory_Neuron
5353,6,Excitatory_Neuron
5354,106,Excitatory_Neuron
5355,130,unassigned
5356,48,Excitatory_Neuron
5357,93,Excitatory_Neuron
5358,10,Excitatory_Neuron
5359,10,Excitatory_Neuron
5360,67,Vascular
5361,43,Immune
5362,43,Immune
5363,143,unassigned
5364,43,Immune
5365,152,unassigned
5366,58,Excitatory_Neuron
5367,58,Excitatory_Neuron
5368,125,unassigned
5369,28,Immune
5370,136,unassigned
5371,7,Excitatory_Neuron
5372,106,Excitatory_Neuron
5373,104,Excitatory_Neuron
5374,100,Excitatory_Neuron
5375,14,Immune
5376,41,Excitatory_Neuron
5377,113,unassigned
5378,113,unassigned
5379,43,Immune
5380,16,Astro-Epen
5381,56,Excitatory_Neuron
5382,43,Immune
5383,27,Immune
5384,26,Immune
5385,58,Excitatory_Neuron
5386,136,unassigned
5387,104,Excitatory_Neuron
5388,93,Excitatory_Neuron
5389,91,GABA_Neuron
5390,13,Excitatory_Neuron
5391,14,Immune
5392,74,Excitatory_Neuron
5393,73,Immune
5394,12,Excitatory_Neuron
5395,12,Excitatory_Neuron
5396,12,Excitatory_Neuron
5397,12,Excitatory_Neuron
5398,117,Excitatory_Neuron
5399,122,Excitatory_Neuron
5400,43,Immune
5401,143,unassigned
5402,27,Immune
5403,125,unassigned
5404,135,unassigned
5405,58,Excitatory_Neuron
5406,27,Immune
5407,2,Excitatory_Neuron
5408,140,unassigned
5409,7,Excitatory_Neuron
5410,17,Excitatory_Neuron
5411,138,unassigned
5412,17,Excitatory_Neuron
5413,8,Excitatory_Neuron
5414,13,Excitatory_Neuron
5415,145,unassigned
5416,9,Excitatory_Neuron
5417,14,Immune
5418,131,unassigned
5419,49,Excitatory_Neuron
5420,66,Excitatory_Neuron
5421,74,Excitatory_Neuron
5422,12,Excitatory_Neuron
5423,42,Immune
5424,43,Immune
5425,143,unassigned
5426,26,Immune
5427,152,unassigned
5428,26,Immune
5429,62,Excitatory_Neuron
5430,58,Excitatory_Neuron
5431,96,Immune
5432,17,Excitatory_Neuron
5433,104,Excitatory_Neuron
5434,34,Excitatory_Neuron
5435,8,Excitatory_Neuron
5436,48,Excitatory_Neuron
5437,8,Excitatory_Neuron
5438,8,Excitatory_Neuron
5439,9,Excitatory_Neuron
5440,8,Excitatory_Neuron
5441,9,Excitatory_Neuron
5442,100,Excitatory_Neuron
5443,20,Excitatory_Neuron
5444,100,Excitatory_Neuron
5445,10,Excitatory_Neuron
5446,10,Excitatory_Neuron
5447,10,Excitatory_Neuron
5448,41,Excitatory_Neuron
5449,113,unassigned
5450,113,unassigned
5451,122,Excitatory_Neuron
5452,16,Astro-Epen
5453,43,Immune
5454,43,Immune
5455,58,Excitatory_Neuron
5456,88,Excitatory_Neuron
5457,58,Excitatory_Neuron
5458,7,Excitatory_Neuron
5459,106,Excitatory_Neuron
5460,128,unassigned
5461,136,unassigned
5462,34,Excitatory_Neuron
5463,91,GABA_Neuron
5464,13,Excitatory_Neuron
5465,107,unassigned
5466,102,Excitatory_Neuron
5467,100,Excitatory_Neuron
5468,9,Excitatory_Neuron
5469,9,Excitatory_Neuron
5470,131,unassigned
5471,105,unassigned
5472,12,Excitatory_Neuron
5473,134,unassigned
5474,112,unassigned
5475,43,Immune
5476,125,unassigned
5477,58,Excitatory_Neuron
5478,93,Excitatory_Neuron
5479,130,unassigned
5480,93,Excitatory_Neuron
5481,48,Excitatory_Neuron
5482,108,GABA_Neuron
5483,9,Excitatory_Neuron
5484,73,Immune
5485,73,Immune
5486,66,Excitatory_Neuron
5487,12,Excitatory_Neuron
5488,67,Vascular
5489,67,Vascular
5490,42,Immune
5491,122,Excitatory_Neuron
5492,16,Astro-Epen
5493,43,Immune
5494,43,Immune
5495,43,Immune
5496,62,Excitatory_Neuron
5497,62,Excitatory_Neuron
5498,58,Excitatory_Neuron
5499,58,Excitatory_Neuron
5500,126,unassigned
5501,139,unassigned
5502,1,unassigned
5503,136,unassigned
5504,34,Excitatory_Neuron
5505,7,Excitatory_Neuron
5506,93,Excitatory_Neuron
5507,17,Excitatory_Neuron
5508,104,Excitatory_Neuron
5509,13,Excitatory_Neuron
5510,104,Excitatory_Neuron
5511,8,Excitatory_Neuron
5512,8,Excitatory_Neuron
5513,10,Excitatory_Neuron
5514,42,Immune
5515,122,Excitatory_Neuron
5516,122,Excitatory_Neuron
5517,122,Excitatory_Neuron
5518,43,Immune
5519,143,unassigned
5520,27,Immune
5521,58,Excitatory_Neuron
5522,17,Excitatory_Neuron
5523,106,Excitatory_Neuron
5524,130,unassigned
5525,145,unassigned
5526,48,Excitatory_Neuron
5527,145,unassigned
5528,8,Excitatory_Neuron
5529,48,Excitatory_Neuron
5530,48,Excitatory_Neuron
5531,100,Excitatory_Neuron
5532,73,Immune
5533,153,unassigned
5534,67,Vascular
5535,122,Excitatory_Neuron
5536,113,unassigned
5537,43,Immune
5538,143,unassigned
5539,58,Excitatory_Neuron
5540,88,Excitatory_Neuron
5541,58,Excitatory_Neuron
5542,7,Excitatory_Neuron
5543,1,unassigned
5544,7,Excitatory_Neuron
5545,92,GABA_Neuron
5546,34,Excitatory_Neuron
5547,7,Excitatory_Neuron
5548,34,Excitatory_Neuron
5549,104,Excitatory_Neuron
5550,13,Excitatory_Neuron
5551,104,Excitatory_Neuron
5552,145,unassigned
5553,9,Excitatory_Neuron
5554,8,Excitatory_Neuron
5555,108,GABA_Neuron
5556,100,Excitatory_Neuron
5557,9,Excitatory_Neuron
5558,74,Excitatory_Neuron
5559,14,Immune
5560,41,Excitatory_Neuron
5561,67,Vascular
5562,42,Immune
5563,16,Astro-Epen
5564,43,Immune
5565,26,Immune
5566,26,Immune
5567,58,Excitatory_Neuron
5568,125,unassigned
5569,58,Excitatory_Neuron
5570,92,GABA_Neuron
5571,93,Excitatory_Neuron
5572,93,Excitatory_Neuron
5573,104,Excitatory_Neuron
5574,104,Excitatory_Neuron
5575,8,Excitatory_Neuron
5576,127,unassigned
5577,9,Excitatory_Neuron
5578,73,Immune
5579,100,Excitatory_Neuron
5580,10,Excitatory_Neuron
5581,131,unassigned
5582,41,Excitatory_Neuron
5583,56,Excitatory_Neuron
5584,143,unassigned
5585,126,unassigned
5586,140,unassigned
5587,104,Excitatory_Neuron
5588,104,Excitatory_Neuron
5589,104,Excitatory_Neuron
5590,91,GABA_Neuron
5591,108,GABA_Neuron
5592,9,Excitatory_Neuron
5593,66,Excitatory_Neuron
5594,41,Excitatory_Neuron
5595,1,unassigned
5596,26,Immune
5597,62,Excitatory_Neuron
5598,58,Excitatory_Neuron
5599,58,Excitatory_Neuron
5600,1,unassigned
5601,2,Excitatory_Neuron
5602,135,unassigned
5603,58,Excitatory_Neuron
5604,17,Excitatory_Neuron
5605,34,Excitatory_Neuron
5606,17,Excitatory_Neuron
5607,138,unassigned
5608,138,unassigned
5609,8,Excitatory_Neuron
5610,108,GABA_Neuron
5611,9,Excitatory_Neuron
5612,9,Excitatory_Neuron
5613,9,Excitatory_Neuron
5614,9,Excitatory_Neuron
5615,105,unassigned
5616,105,unassigned
5617,10,Excitatory_Neuron
5618,12,Excitatory_Neuron
5619,41,Excitatory_Neuron
5620,41,Excitatory_Neuron
5621,122,Excitatory_Neuron
5622,43,Immune
5623,2,Excitatory_Neuron
5624,58,Excitatory_Neuron
5625,154,unassigned
5626,104,Excitatory_Neuron
5627,93,Excitatory_Neuron
5628,104,Excitatory_Neuron
5629,138,unassigned
5630,9,Excitatory_Neuron
5631,109,Astro-Epen
5632,109,Astro-Epen
5633,100,Excitatory_Neuron
5634,66,Excitatory_Neuron
5635,12,Excitatory_Neuron
5636,12,Excitatory_Neuron
5637,42,Immune
5638,143,unassigned
5639,62,Excitatory_Neuron
5640,1,unassigned
5641,62,Excitatory_Neuron
5642,58,Excitatory_Neuron
5643,1,unassigned
5644,58,Excitatory_Neuron
5645,139,unassigned
5646,126,unassigned
5647,7,Excitatory_Neuron
5648,6,Excitatory_Neuron
5649,93,Excitatory_Neuron
5650,93,Excitatory_Neuron
5651,104,Excitatory_Neuron
5652,23,Excitatory_Neuron
5653,108,GABA_Neuron
5654,108,GABA_Neuron
5655,102,Excitatory_Neuron
5656,100,Excitatory_Neuron
5657,73,Immune
5658,73,Immune
5659,66,Excitatory_Neuron
5660,49,Excitatory_Neuron
5661,41,Excitatory_Neuron
5662,42,Immune
5663,25,Excitatory_Neuron
5664,56,Excitatory_Neuron
5665,43,Immune
5666,16,Astro-Epen
5667,43,Immune
5668,16,Astro-Epen
5669,27,Immune
5670,43,Immune
5671,27,Immune
5672,27,Immune
5673,139,unassigned
5674,7,Excitatory_Neuron
5675,7,Excitatory_Neuron
5676,92,GABA_Neuron
5677,138,unassigned
5678,138,unassigned
5679,17,Excitatory_Neuron
5680,48,Excitatory_Neuron
5681,127,unassigned
5682,9,Excitatory_Neuron
5683,9,Excitatory_Neuron
5684,9,Excitatory_Neuron
5685,9,Excitatory_Neuron
5686,14,Immune
5687,155,unassigned
5688,14,Immune
5689,42,Immune
5690,12,Excitatory_Neuron
5691,134,unassigned
5692,113,unassigned
5693,112,unassigned
5694,143,unassigned
5695,27,Immune
5696,2,Excitatory_Neuron
5697,7,Excitatory_Neuron
5698,2,Excitatory_Neuron
5699,92,GABA_Neuron
5700,17,Excitatory_Neuron
5701,130,unassigned
5702,104,Excitatory_Neuron
5703,8,Excitatory_Neuron
5704,8,Excitatory_Neuron
5705,9,Excitatory_Neuron
5706,48,Excitatory_Neuron
5707,9,Excitatory_Neuron
5708,9,Excitatory_Neuron
5709,49,Excitatory_Neuron
5710,10,Excitatory_Neuron
5711,100,Excitatory_Neuron
5712,27,Immune
5713,62,Excitatory_Neuron
5714,2,Excitatory_Neuron
5715,58,Excitatory_Neuron
5716,2,Excitatory_Neuron
5717,61,Excitatory_Neuron
5718,17,Excitatory_Neuron
5719,7,Excitatory_Neuron
5720,91,GABA_Neuron
5721,91,GABA_Neuron
5722,144,unassigned
5723,48,Excitatory_Neuron
5724,48,Excitatory_Neuron
5725,9,Excitatory_Neuron
5726,9,Excitatory_Neuron
5727,66,Excitatory_Neuron
5728,14,Immune
5729,117,Excitatory_Neuron
5730,117,Excitatory_Neuron
5731,16,Astro-Epen
5732,16,Astro-Epen
5733,62,Excitatory_Neuron
5734,88,Excitatory_Neuron
5735,1,unassigned
5736,58,Excitatory_Neuron
5737,6,Excitatory_Neuron
5738,61,Excitatory_Neuron
5739,106,Excitatory_Neuron
5740,17,Excitatory_Neuron
5741,61,Excitatory_Neuron
5742,144,unassigned
5743,91,GABA_Neuron
5744,104,Excitatory_Neuron
5745,107,unassigned
5746,9,Excitatory_Neuron
5747,23,Excitatory_Neuron
5748,12,Excitatory_Neuron
5749,41,Excitatory_Neuron
5750,143,unassigned
5751,58,Excitatory_Neuron
5752,62,Excitatory_Neuron
5753,58,Excitatory_Neuron
5754,1,unassigned
5755,154,unassigned
5756,58,Excitatory_Neuron
5757,1,unassigned
5758,142,unassigned
5759,138,unassigned
5760,104,Excitatory_Neuron
5761,13,Excitatory_Neuron
5762,107,unassigned
5763,8,Excitatory_Neuron
5764,9,Excitatory_Neuron
5765,9,Excitatory_Neuron
5766,9,Excitatory_Neuron
5767,109,Astro-Epen
5768,10,Excitatory_Neuron
5769,10,Excitatory_Neuron
5770,10,Excitatory_Neuron
5771,66,Excitatory_Neuron
5772,105,unassigned
5773,16,Astro-Epen
5774,26,Immune
5775,26,Immune
5776,27,Immune
5777,26,Immune
5778,27,Immune
5779,62,Excitatory_Neuron
5780,126,unassigned
5781,7,Excitatory_Neuron
5782,93,Excitatory_Neuron
5783,34,Excitatory_Neuron
5784,91,GABA_Neuron
5785,48,Excitatory_Neuron
5786,9,Excitatory_Neuron
5787,9,Excitatory_Neuron
5788,14,Immune
5789,14,Immune
5790,10,Excitatory_Neuron
5791,41,Excitatory_Neuron
5792,12,Excitatory_Neuron
5793,12,Excitatory_Neuron
5794,137,unassigned
5795,67,Vascular
5796,41,Excitatory_Neuron
5797,1,unassigned
5798,43,Immune
5799,56,Excitatory_Neuron
5800,43,Immune
5801,26,Immune
5802,27,Immune
5803,140,unassigned
5804,106,Excitatory_Neuron
5805,136,unassigned
5806,104,Excitatory_Neuron
5807,48,Excitatory_Neuron
5808,108,GABA_Neuron
5809,10,Excitatory_Neuron
5810,66,Excitatory_Neuron
5811,66,Excitatory_Neuron
5812,41,Excitatory_Neuron
5813,12,Excitatory_Neuron
5814,67,Vascular
5815,113,unassigned
5816,25,Excitatory_Neuron
5817,1,unassigned
5818,43,Immune
5819,26,Immune
5820,1,unassigned
5821,26,Immune
5822,58,Excitatory_Neuron
5823,62,Excitatory_Neuron
5824,125,unassigned
5825,139,unassigned
5826,126,unassigned
5827,58,Excitatory_Neuron
5828,61,Excitatory_Neuron
5829,1,unassigned
5830,61,Excitatory_Neuron
5831,91,GABA_Neuron
5832,145,unassigned
5833,48,Excitatory_Neuron
5834,13,Excitatory_Neuron
5835,20,Excitatory_Neuron
5836,73,Immune
5837,14,Immune
5838,49,Excitatory_Neuron
5839,14,Immune
5840,42,Immune
5841,148,unassigned
5842,62,Excitatory_Neuron
5843,2,Excitatory_Neuron
5844,27,Immune
5845,2,Excitatory_Neuron
5846,27,Immune
5847,34,Excitatory_Neuron
5848,138,unassigned
5849,130,unassigned
5850,91,GABA_Neuron
5851,48,Excitatory_Neuron
5852,8,Excitatory_Neuron
5853,9,Excitatory_Neuron
5854,23,Excitatory_Neuron
5855,73,Immune
5856,9,Excitatory_Neuron
5857,66,Excitatory_Neuron
5858,41,Excitatory_Neuron
5859,12,Excitatory_Neuron
5860,16,Astro-Epen
5861,112,unassigned
5862,56,Excitatory_Neuron
5863,149,unassigned
5864,26,Immune
5865,26,Immune
5866,88,Excitatory_Neuron
5867,1,unassigned
5868,2,Excitatory_Neuron
5869,2,Excitatory_Neuron
5870,106,Excitatory_Neuron
5871,6,Excitatory_Neuron
5872,142,unassigned
5873,138,unassigned
5874,91,GABA_Neuron
5875,102,Excitatory_Neuron
5876,9,Excitatory_Neuron
5877,102,Excitatory_Neuron
5878,9,Excitatory_Neuron
5879,14,Immune
5880,14,Immune
5881,9,Excitatory_Neuron
5882,12,Excitatory_Neuron
5883,42,Immune
5884,113,unassigned
5885,135,unassigned
5886,62,Excitatory_Neuron
5887,7,Excitatory_Neuron
5888,144,unassigned
5889,144,unassigned
5890,9,Excitatory_Neuron
5891,131,unassigned
5892,73,Immune
5893,66,Excitatory_Neuron
5894,41,Excitatory_Neuron
5895,113,unassigned
5896,149,unassigned
5897,156,unassigned
5898,58,Excitatory_Neuron
5899,58,Excitatory_Neuron
5900,139,unassigned
5901,6,Excitatory_Neuron
5902,58,Excitatory_Neuron
5903,93,Excitatory_Neuron
5904,7,Excitatory_Neuron
5905,23,Excitatory_Neuron
5906,48,Excitatory_Neuron
5907,48,Excitatory_Neuron
5908,102,Excitatory_Neuron
5909,9,Excitatory_Neuron
5910,14,Immune
5911,100,Excitatory_Neuron
5912,66,Excitatory_Neuron
5913,12,Excitatory_Neuron
5914,67,Vascular
5915,12,Excitatory_Neuron
5916,67,Vascular
5917,1,unassigned
5918,42,Immune
5919,43,Immune
5920,26,Immune
5921,2,Excitatory_Neuron
5922,125,unassigned
5923,58,Excitatory_Neuron
5924,92,GABA_Neuron
5925,34,Excitatory_Neuron
5926,93,Excitatory_Neuron
5927,104,Excitatory_Neuron
5928,138,unassigned
5929,144,unassigned
5930,48,Excitatory_Neuron
5931,23,Excitatory_Neuron
5932,100,Excitatory_Neuron
5933,12,Excitatory_Neuron
5934,41,Excitatory_Neuron
5935,122,Excitatory_Neuron
5936,43,Immune
5937,58,Excitatory_Neuron
5938,130,unassigned
5939,100,Excitatory_Neuron
5940,9,Excitatory_Neuron
5941,100,Excitatory_Neuron
5942,83,unassigned
5943,134,unassigned
5944,117,Excitatory_Neuron
5945,16,Astro-Epen
5946,62,Excitatory_Neuron
5947,58,Excitatory_Neuron
5948,58,Excitatory_Neuron
5949,93,Excitatory_Neuron
5950,93,Excitatory_Neuron
5951,13,Excitatory_Neuron
5952,100,Excitatory_Neuron
5953,66,Excitatory_Neuron
5954,66,Excitatory_Neuron
5955,43,Immune
5956,56,Excitatory_Neuron
5957,1,unassigned
5958,26,Immune
5959,58,Excitatory_Neuron
5960,154,unassigned
5961,17,Excitatory_Neuron
5962,34,Excitatory_Neuron
5963,25,Excitatory_Neuron
5964,113,unassigned
5965,117,Excitatory_Neuron
5966,43,Immune
5967,43,Immune
5968,26,Immune
5969,26,Immune
5970,58,Excitatory_Neuron
5971,7,Excitatory_Neuron
5972,34,Excitatory_Neuron
5973,7,Excitatory_Neuron
5974,93,Excitatory_Neuron
5975,104,Excitatory_Neuron
5976,104,Excitatory_Neuron
5977,48,Excitatory_Neuron
5978,8,Excitatory_Neuron
5979,9,Excitatory_Neuron
5980,73,Immune
5981,73,Immune
5982,14,Immune
5983,14,Immune
5984,1,unassigned
5985,12,Excitatory_Neuron
5986,12,Excitatory_Neuron
5987,1,unassigned
5988,43,Immune
5989,148,unassigned
5990,143,unassigned
5991,143,unassigned
5992,149,unassigned
5993,58,Excitatory_Neuron
5994,58,Excitatory_Neuron
5995,157,unassigned
5996,129,unassigned
5997,150,Excitatory_Neuron
5998,34,Excitatory_Neuron
5999,8,Excitatory_Neuron
6000,66,Excitatory_Neuron
6001,41,Excitatory_Neuron
6002,134,unassigned
6003,122,Excitatory_Neuron
6004,42,Immune
6005,43,Immune
6006,16,Astro-Epen
6007,56,Excitatory_Neuron
6008,43,Immune
6009,62,Excitatory_Neuron
6010,135,unassigned
6011,58,Excitatory_Neuron
6012,106,Excitatory_Neuron
6013,104,Excitatory_Neuron
6014,104,Excitatory_Neuron
6015,130,unassigned
6016,130,unassigned
6017,130,unassigned
6018,145,unassigned
6019,13,Excitatory_Neuron
6020,10,Excitatory_Neuron
6021,73,Immune
6022,131,unassigned
6023,12,Excitatory_Neuron
6024,1,unassigned
6025,122,Excitatory_Neuron
6026,42,Immune
6027,16,Astro-Epen
6028,143,unassigned
6029,26,Immune
6030,26,Immune
6031,135,unassigned
6032,27,Immune
6033,125,unassigned
6034,6,Excitatory_Neuron
6035,144,unassigned
6036,145,unassigned
6037,145,unassigned
6038,48,Excitatory_Neuron
6039,10,Excitatory_Neuron
6040,74,Excitatory_Neuron
6041,67,Vascular
6042,12,Excitatory_Neuron
6043,25,Excitatory_Neuron
6044,112,unassigned
6045,148,unassigned
6046,26,Immune
6047,7,Excitatory_Neuron
6048,61,Excitatory_Neuron
6049,17,Excitatory_Neuron
6050,138,unassigned
6051,145,unassigned
6052,73,Immune
6053,41,Excitatory_Neuron
6054,12,Excitatory_Neuron
6055,43,Immune
6056,16,Astro-Epen
6057,43,Immune
6058,122,Excitatory_Neuron
6059,149,unassigned
6060,43,Immune
6061,27,Immune
6062,158,unassigned
6063,140,unassigned
6064,6,Excitatory_Neuron
6065,7,Excitatory_Neuron
6066,91,GABA_Neuron
6067,8,Excitatory_Neuron
6068,48,Excitatory_Neuron
6069,9,Excitatory_Neuron
6070,13,Excitatory_Neuron
6071,8,Excitatory_Neuron
6072,8,Excitatory_Neuron
6073,9,Excitatory_Neuron
6074,14,Immune
6075,14,Immune
6076,67,Vascular
6077,117,Excitatory_Neuron
6078,149,unassigned
6079,26,Immune
6080,58,Excitatory_Neuron
6081,135,unassigned
6082,139,unassigned
6083,6,Excitatory_Neuron
6084,7,Excitatory_Neuron
6085,61,Excitatory_Neuron
6086,34,Excitatory_Neuron
6087,138,unassigned
6088,48,Excitatory_Neuron
6089,13,Excitatory_Neuron
6090,108,GABA_Neuron
6091,100,Excitatory_Neuron
6092,102,Excitatory_Neuron
6093,73,Immune
6094,74,Excitatory_Neuron
6095,41,Excitatory_Neuron
6096,41,Excitatory_Neuron
6097,113,unassigned
6098,117,Excitatory_Neuron
6099,26,Immune
6100,62,Excitatory_Neuron
6101,58,Excitatory_Neuron
6102,58,Excitatory_Neuron
6103,7,Excitatory_Neuron
6104,7,Excitatory_Neuron
6105,93,Excitatory_Neuron
6106,7,Excitatory_Neuron
6107,138,unassigned
6108,159,unassigned
6109,100,Excitatory_Neuron
6110,10,Excitatory_Neuron
6111,10,Excitatory_Neuron
6112,41,Excitatory_Neuron
6113,12,Excitatory_Neuron
6114,117,Excitatory_Neuron
6115,117,Excitatory_Neuron
6116,26,Immune
6117,16,Astro-Epen
6118,27,Immune
6119,26,Immune
6120,26,Immune
6121,140,unassigned
6122,147,unassigned
6123,17,Excitatory_Neuron
6124,93,Excitatory_Neuron
6125,18,Excitatory_Neuron
6126,138,unassigned
6127,130,unassigned
6128,48,Excitatory_Neuron
6129,104,Excitatory_Neuron
6130,8,Excitatory_Neuron
6131,13,Excitatory_Neuron
6132,48,Excitatory_Neuron
6133,23,Excitatory_Neuron
6134,41,Excitatory_Neuron
6135,12,Excitatory_Neuron
6136,42,Immune
6137,25,Excitatory_Neuron
6138,26,Immune
6139,149,unassigned
6140,27,Immune
6141,1,unassigned
6142,1,unassigned
6143,1,unassigned
6144,160,unassigned
6145,140,unassigned
6146,140,unassigned
6147,17,Excitatory_Neuron
6148,93,Excitatory_Neuron
6149,144,unassigned
6150,106,Excitatory_Neuron
6151,93,Excitatory_Neuron
6152,93,Excitatory_Neuron
6153,93,Excitatory_Neuron
6154,48,Excitatory_Neuron
6155,10,Excitatory_Neuron
6156,14,Immune
6157,14,Immune
6158,41,Excitatory_Neuron
6159,1,unassigned
6160,1,unassigned
6161,26,Immune
6162,158,unassigned
6163,58,Excitatory_Neuron
6164,140,unassigned
6165,7,Excitatory_Neuron
6166,2,Excitatory_Neuron
6167,106,Excitatory_Neuron
6168,17,Excitatory_Neuron
6169,13,Excitatory_Neuron
6170,9,Excitatory_Neuron
6171,100,Excitatory_Neuron
6172,67,Vascular
6173,1,unassigned
6174,137,unassigned
6175,134,unassigned
6176,122,Excitatory_Neuron
6177,134,unassigned
6178,56,Excitatory_Neuron
6179,149,unassigned
6180,62,Excitatory_Neuron
6181,1,unassigned
6182,125,unassigned
6183,139,unassigned
6184,58,Excitatory_Neuron
6185,58,Excitatory_Neuron
6186,58,Excitatory_Neuron
6187,139,unassigned
6188,6,Excitatory_Neuron
6189,93,Excitatory_Neuron
6190,161,unassigned
6191,8,Excitatory_Neuron
6192,91,GABA_Neuron
6193,13,Excitatory_Neuron
6194,9,Excitatory_Neuron
6195,23,Excitatory_Neuron
6196,100,Excitatory_Neuron
6197,20,Excitatory_Neuron
6198,10,Excitatory_Neuron
6199,10,Excitatory_Neuron
6200,67,Vascular
6201,12,Excitatory_Neuron
6202,134,unassigned
6203,56,Excitatory_Neuron
6204,58,Excitatory_Neuron
6205,157,unassigned
6206,58,Excitatory_Neuron
6207,7,Excitatory_Neuron
6208,138,unassigned
6209,48,Excitatory_Neuron
6210,9,Excitatory_Neuron
6211,9,Excitatory_Neuron
6212,14,Immune
6213,74,Excitatory_Neuron
6214,42,Immune
6215,56,Excitatory_Neuron
6216,43,Immune
6217,26,Immune
6218,1,unassigned
6219,27,Immune
6220,139,unassigned
6221,6,Excitatory_Neuron
6222,61,Excitatory_Neuron
6223,13,Excitatory_Neuron
6224,100,Excitatory_Neuron
6225,9,Excitatory_Neuron
6226,9,Excitatory_Neuron
6227,9,Excitatory_Neuron
6228,100,Excitatory_Neuron
6229,49,Excitatory_Neuron
6230,67,Vascular
6231,117,Excitatory_Neuron
6232,42,Immune
6233,113,unassigned
6234,113,unassigned
6235,149,unassigned
6236,26,Immune
6237,58,Excitatory_Neuron
6238,154,unassigned
6239,17,Excitatory_Neuron
6240,93,Excitatory_Neuron
6241,93,Excitatory_Neuron
6242,8,Excitatory_Neuron
6243,13,Excitatory_Neuron
6244,9,Excitatory_Neuron
6245,9,Excitatory_Neuron
6246,8,Excitatory_Neuron
6247,8,Excitatory_Neuron
6248,108,GABA_Neuron
6249,10,Excitatory_Neuron
6250,73,Immune
6251,66,Excitatory_Neuron
6252,66,Excitatory_Neuron
6253,74,Excitatory_Neuron
6254,41,Excitatory_Neuron
6255,12,Excitatory_Neuron
6256,12,Excitatory_Neuron
6257,113,unassigned
6258,122,Excitatory_Neuron
6259,26,Immune
6260,26,Immune
6261,62,Excitatory_Neuron
6262,26,Immune
6263,1,unassigned
6264,140,unassigned
6265,1,unassigned
6266,7,Excitatory_Neuron
6267,93,Excitatory_Neuron
6268,34,Excitatory_Neuron
6269,17,Excitatory_Neuron
6270,17,Excitatory_Neuron
6271,34,Excitatory_Neuron
6272,7,Excitatory_Neuron
6273,13,Excitatory_Neuron
6274,48,Excitatory_Neuron
6275,9,Excitatory_Neuron
6276,100,Excitatory_Neuron
6277,14,Immune
6278,74,Excitatory_Neuron
6279,137,unassigned
6280,112,unassigned
6281,26,Immune
6282,143,unassigned
6283,26,Immune
6284,58,Excitatory_Neuron
6285,58,Excitatory_Neuron
6286,1,unassigned
6287,1,unassigned
6288,106,Excitatory_Neuron
6289,104,Excitatory_Neuron
6290,145,unassigned
6291,104,Excitatory_Neuron
6292,23,Excitatory_Neuron
6293,100,Excitatory_Neuron
6294,20,Excitatory_Neuron
6295,74,Excitatory_Neuron
6296,143,unassigned
6297,149,unassigned
6298,43,Immune
6299,26,Immune
6300,58,Excitatory_Neuron
6301,58,Excitatory_Neuron
6302,160,unassigned
6303,58,Excitatory_Neuron
6304,140,unassigned
6305,7,Excitatory_Neuron
6306,6,Excitatory_Neuron
6307,93,Excitatory_Neuron
6308,7,Excitatory_Neuron
6309,138,unassigned
6310,9,Excitatory_Neuron
6311,10,Excitatory_Neuron
6312,67,Vascular
6313,134,unassigned
6314,43,Immune
6315,43,Immune
6316,143,unassigned
6317,149,unassigned
6318,149,unassigned
6319,58,Excitatory_Neuron
6320,58,Excitatory_Neuron
6321,140,unassigned
6322,1,unassigned
6323,61,Excitatory_Neuron
6324,106,Excitatory_Neuron
6325,17,Excitatory_Neuron
6326,34,Excitatory_Neuron
6327,7,Excitatory_Neuron
6328,17,Excitatory_Neuron
6329,104,Excitatory_Neuron
6330,48,Excitatory_Neuron
6331,9,Excitatory_Neuron
6332,9,Excitatory_Neuron
6333,73,Immune
6334,73,Immune
6335,66,Excitatory_Neuron
6336,122,Excitatory_Neuron
6337,143,unassigned
6338,27,Immune
6339,125,unassigned
6340,58,Excitatory_Neuron
6341,139,unassigned
6342,96,Immune
6343,140,unassigned
6344,93,Excitatory_Neuron
6345,138,unassigned
6346,138,unassigned
6347,48,Excitatory_Neuron
6348,13,Excitatory_Neuron
6349,13,Excitatory_Neuron
6350,10,Excitatory_Neuron
6351,67,Vascular
6352,12,Excitatory_Neuron
6353,1,unassigned
6354,113,unassigned
6355,1,unassigned
6356,143,unassigned
6357,62,Excitatory_Neuron
6358,58,Excitatory_Neuron
6359,58,Excitatory_Neuron
6360,6,Excitatory_Neuron
6361,13,Excitatory_Neuron
6362,145,unassigned
6363,9,Excitatory_Neuron
6364,48,Excitatory_Neuron
6365,9,Excitatory_Neuron
6366,8,Excitatory_Neuron
6367,108,GABA_Neuron
6368,9,Excitatory_Neuron
6369,49,Excitatory_Neuron
6370,162,unassigned
6371,117,Excitatory_Neuron
6372,25,Excitatory_Neuron
6373,56,Excitatory_Neuron
6374,56,Excitatory_Neuron
6375,143,unassigned
6376,16,Astro-Epen
6377,143,unassigned
6378,149,unassigned
6379,58,Excitatory_Neuron
6380,7,Excitatory_Neuron
6381,139,unassigned
6382,93,Excitatory_Neuron
6383,93,Excitatory_Neuron
6384,17,Excitatory_Neuron
6385,13,Excitatory_Neuron
6386,48,Excitatory_Neuron
6387,9,Excitatory_Neuron
6388,13,Excitatory_Neuron
6389,100,Excitatory_Neuron
6390,108,GABA_Neuron
6391,9,Excitatory_Neuron
6392,20,Excitatory_Neuron
6393,10,Excitatory_Neuron
6394,66,Excitatory_Neuron
6395,14,Immune
6396,1,unassigned
6397,26,Immune
6398,140,unassigned
6399,61,Excitatory_Neuron
6400,7,Excitatory_Neuron
6401,159,unassigned
6402,13,Excitatory_Neuron
6403,8,Excitatory_Neuron
6404,20,Excitatory_Neuron
6405,100,Excitatory_Neuron
6406,10,Excitatory_Neuron
6407,14,Immune
6408,12,Excitatory_Neuron
6409,1,unassigned
6410,12,Excitatory_Neuron
6411,117,Excitatory_Neuron
6412,113,unassigned
6413,122,Excitatory_Neuron
6414,56,Excitatory_Neuron
6415,26,Immune
6416,58,Excitatory_Neuron
6417,58,Excitatory_Neuron
6418,58,Excitatory_Neuron
6419,7,Excitatory_Neuron
6420,7,Excitatory_Neuron
6421,1,unassigned
6422,145,unassigned
6423,8,Excitatory_Neuron
6424,9,Excitatory_Neuron
6425,20,Excitatory_Neuron
6426,73,Immune
6427,9,Excitatory_Neuron
6428,10,Excitatory_Neuron
6429,16,Astro-Epen
6430,149,unassigned
6431,43,Immune
6432,58,Excitatory_Neuron
6433,1,unassigned
6434,7,Excitatory_Neuron
6435,139,unassigned
6436,34,Excitatory_Neuron
6437,48,Excitatory_Neuron
6438,48,Excitatory_Neuron
6439,23,Excitatory_Neuron
6440,155,unassigned
6441,74,Excitatory_Neuron
6442,14,Immune
6443,6,Excitatory_Neuron
6444,1,unassigned
6445,163,unassigned
6446,61,Excitatory_Neuron
6447,92,GABA_Neuron
6448,34,Excitatory_Neuron
6449,106,Excitatory_Neuron
6450,130,unassigned
6451,8,Excitatory_Neuron
6452,108,GABA_Neuron
6453,8,Excitatory_Neuron
6454,9,Excitatory_Neuron
6455,55,unassigned
6456,137,unassigned
6457,162,unassigned
6458,12,Excitatory_Neuron
6459,134,unassigned
6460,113,unassigned
6461,113,unassigned
6462,122,Excitatory_Neuron
6463,113,unassigned
6464,43,Immune
6465,43,Immune
6466,56,Excitatory_Neuron
6467,112,unassigned
6468,16,Astro-Epen
6469,149,unassigned
6470,149,unassigned
6471,26,Immune
6472,26,Immune
6473,149,unassigned
6474,149,unassigned
6475,164,unassigned
6476,125,unassigned
6477,58,Excitatory_Neuron
6478,135,unassigned
6479,27,Immune
6480,139,unassigned
6481,6,Excitatory_Neuron
6482,6,Excitatory_Neuron
6483,93,Excitatory_Neuron
6484,93,Excitatory_Neuron
6485,93,Excitatory_Neuron
6486,7,Excitatory_Neuron
6487,159,unassigned
6488,104,Excitatory_Neuron
6489,48,Excitatory_Neuron
6490,23,Excitatory_Neuron
6491,8,Excitatory_Neuron
6492,8,Excitatory_Neuron
6493,10,Excitatory_Neuron
6494,100,Excitatory_Neuron
6495,12,Excitatory_Neuron
6496,42,Immune
6497,42,Immune
6498,117,Excitatory_Neuron
6499,122,Excitatory_Neuron
6500,58,Excitatory_Neuron
6501,1,unassigned
6502,1,unassigned
6503,163,unassigned
6504,34,Excitatory_Neuron
6505,145,unassigned
6506,10,Excitatory_Neuron
6507,10,Excitatory_Neuron
6508,49,Excitatory_Neuron
6509,149,unassigned
6510,126,unassigned
6511,140,unassigned
6512,9,Excitatory_Neuron
6513,49,Excitatory_Neuron
6514,14,Immune
6515,165,unassigned
6516,58,Excitatory_Neuron
6517,129,unassigned
6518,1,unassigned
6519,7,Excitatory_Neuron
6520,1,unassigned
6521,106,Excitatory_Neuron
6522,7,Excitatory_Neuron
6523,106,Excitatory_Neuron
6524,138,unassigned
6525,13,Excitatory_Neuron
6526,8,Excitatory_Neuron
6527,13,Excitatory_Neuron
6528,23,Excitatory_Neuron
6529,8,Excitatory_Neuron
6530,107,unassigned
6531,48,Excitatory_Neuron
6532,100,Excitatory_Neuron
6533,20,Excitatory_Neuron
6534,100,Excitatory_Neuron
6535,20,Excitatory_Neuron
6536,73,Immune
6537,10,Excitatory_Neuron
6538,14,Immune
6539,10,Excitatory_Neuron
6540,10,Excitatory_Neuron
6541,9,Excitatory_Neuron
6542,66,Excitatory_Neuron
6543,166,unassigned
6544,167,Excitatory_Neuron
6545,168,unassigned
6546,169,unassigned
6547,170,Vascular
6548,171,Astro-Epen
6549,172,GABA_Neuron
6550,171,Astro-Epen
6551,173,Excitatory_Neuron
6552,174,unassigned
6553,171,Astro-Epen
6554,175,unassigned
6555,176,Immune
6556,177,GABA_Neuron
6557,176,Immune
6558,176,Immune
6559,176,Immune
6560,176,Immune
6561,178,unassigned
6562,179,unassigned
6563,180,GABA_Neuron
6564,181,unassigned
6565,180,GABA_Neuron
6566,182,Excitatory_Neuron
6567,181,unassigned
6568,181,unassigned
6569,181,unassigned
6570,176,Immune
6571,180,GABA_Neuron
6572,183,Astro-Epen
6573,183,Astro-Epen
6574,184,Immune
6575,185,unassigned
6576,174,unassigned
6577,183,Astro-Epen
6578,184,Immune
6579,167,Excitatory_Neuron
6580,167,Excitatory_Neuron
6581,167,Excitatory_Neuron
6582,186,Excitatory_Neuron
6583,167,Excitatory_Neuron
6584,174,unassigned
6585,186,Excitatory_Neuron
6586,167,Excitatory_Neuron
6587,167,Excitatory_Neuron
6588,167,Excitatory_Neuron
6589,167,Excitatory_Neuron
6590,187,GABA_Neuron
6591,187,GABA_Neuron
6592,188,unassigned
6593,189,GABA_Neuron
6594,190,Astro-Epen
6595,174,unassigned
6596,168,unassigned
6597,190,Astro-Epen
6598,190,Astro-Epen
6599,174,unassigned
6600,190,Astro-Epen
6601,191,Excitatory_Neuron
6602,174,unassigned
6603,190,Astro-Epen
6604,174,unassigned
6605,192,unassigned
6606,193,Immune
6607,194,Astro-Epen
6608,194,Astro-Epen
6609,195,Astro-Epen
6610,194,Astro-Epen
6611,196,unassigned
6612,195,Astro-Epen
6613,195,Astro-Epen
6614,197,unassigned
6615,194,Astro-Epen
6616,195,Astro-Epen
6617,198,unassigned
6618,198,unassigned
6619,199,unassigned
6620,199,unassigned
6621,199,unassigned
6622,199,unassigned
6623,170,Vascular
6624,183,Astro-Epen
6625,188,unassigned
6626,170,Vascular
6627,170,Vascular
6628,167,Excitatory_Neuron
6629,179,unassigned
6630,176,Immune
6631,181,unassigned
6632,181,unassigned
6633,187,GABA_Neuron
6634,170,Vascular
6635,195,Astro-Epen
6636,172,GABA_Neuron
6637,172,GABA_Neuron
6638,184,Immune
6639,198,unassigned
6640,182,Excitatory_Neuron
6641,176,Immune
6642,174,unassigned
6643,174,unassigned
6644,195,Astro-Epen
6645,170,Vascular
6646,200,Astro-Epen
6647,174,unassigned
6648,171,Astro-Epen
6649,179,unassigned
6650,176,Immune
6651,182,Excitatory_Neuron
6652,181,unassigned
6653,174,unassigned
6654,183,Astro-Epen
6655,184,Immune
6656,199,unassigned
6657,201,unassigned
6658,202,unassigned
6659,176,Immune
6660,184,Immune
6661,190,Astro-Epen
6662,167,Excitatory_Neuron
6663,203,unassigned
6664,194,Astro-Epen
6665,194,Astro-Epen
6666,170,Vascular
6667,177,GABA_Neuron
6668,178,unassigned
6669,176,Immune
6670,204,unassigned
6671,180,GABA_Neuron
6672,174,unassigned
6673,167,Excitatory_Neuron
6674,186,Excitatory_Neuron
6675,174,unassigned
6676,188,unassigned
6677,205,Excitatory_Neuron
6678,194,Astro-Epen
6679,175,unassigned
6680,174,unassigned
6681,174,unassigned
6682,206,unassigned
6683,174,unassigned
6684,168,unassigned
6685,207,unassigned
6686,208,unassigned
6687,194,Astro-Epen
6688,170,Vascular
6689,179,unassigned
6690,183,Astro-Epen
6691,183,Astro-Epen
6692,183,Astro-Epen
6693,209,Excitatory_Neuron
6694,190,Astro-Epen
6695,191,Excitatory_Neuron
6696,198,unassigned
6697,195,Astro-Epen
6698,199,unassigned
6699,210,unassigned
6700,179,unassigned
6701,175,unassigned
6702,176,Immune
6703,184,Immune
6704,211,unassigned
6705,174,unassigned
6706,188,unassigned
6707,168,unassigned
6708,193,Immune
6709,194,Astro-Epen
6710,194,Astro-Epen
6711,194,Astro-Epen
6712,195,Astro-Epen
6713,170,Vascular
6714,174,unassigned
6715,212,GABA_Neuron
6716,176,Immune
6717,204,unassigned
6718,183,Astro-Epen
6719,183,Astro-Epen
6720,189,GABA_Neuron
6721,191,Excitatory_Neuron
6722,197,unassigned
6723,194,Astro-Epen
6724,198,unassigned
6725,197,unassigned
6726,199,unassigned
6727,171,Astro-Epen
6728,182,Excitatory_Neuron
6729,171,Astro-Epen
6730,202,unassigned
6731,174,unassigned
6732,167,Excitatory_Neuron
6733,174,unassigned
6734,188,unassigned
6735,213,unassigned
6736,170,Vascular
6737,214,unassigned
6738,175,unassigned
6739,182,Excitatory_Neuron
6740,182,Excitatory_Neuron
6741,182,Excitatory_Neuron
6742,176,Immune
6743,180,GABA_Neuron
6744,180,GABA_Neuron
6745,211,unassigned
6746,167,Excitatory_Neuron
6747,167,Excitatory_Neuron
6748,167,Excitatory_Neuron
6749,205,Excitatory_Neuron
6750,198,unassigned
6751,174,unassigned
6752,170,Vascular
6753,183,Astro-Epen
6754,180,GABA_Neuron
6755,183,Astro-Epen
6756,187,GABA_Neuron
6757,188,unassigned
6758,215,unassigned
6759,216,unassigned
6760,197,unassigned
6761,191,Excitatory_Neuron
6762,170,Vascular
6763,170,Vascular
6764,199,unassigned
6765,177,GABA_Neuron
6766,175,unassigned
6767,210,unassigned
6768,176,Immune
6769,178,unassigned
6770,174,unassigned
6771,167,Excitatory_Neuron
6772,188,unassigned
6773,190,Astro-Epen
6774,217,unassigned
6775,194,Astro-Epen
6776,203,unassigned
6777,197,unassigned
6778,205,Excitatory_Neuron
6779,170,Vascular
6780,170,Vascular
6781,174,unassigned
6782,176,Immune
6783,218,unassigned
6784,167,Excitatory_Neuron
6785,189,GABA_Neuron
6786,219,Astro-Epen
6787,219,Astro-Epen
6788,208,unassigned
6789,193,Immune
6790,194,Astro-Epen
6791,208,unassigned
6792,198,unassigned
6793,197,unassigned
6794,170,Vascular
6795,173,Excitatory_Neuron
6796,180,GABA_Neuron
6797,184,Immune
6798,211,unassigned
6799,167,Excitatory_Neuron
6800,174,unassigned
6801,174,unassigned
6802,220,unassigned
6803,195,Astro-Epen
6804,199,unassigned
6805,171,Astro-Epen
6806,221,unassigned
6807,174,unassigned
6808,188,unassigned
6809,198,unassigned
6810,205,Excitatory_Neuron
6811,174,unassigned
6812,173,Excitatory_Neuron
6813,171,Astro-Epen
6814,171,Astro-Epen
6815,182,Excitatory_Neuron
6816,222,GABA_Neuron
6817,176,Immune
6818,183,Astro-Epen
6819,223,Astro-Epen
6820,191,Excitatory_Neuron
6821,199,unassigned
6822,171,Astro-Epen
6823,212,GABA_Neuron
6824,178,unassigned
6825,176,Immune
6826,176,Immune
6827,182,Excitatory_Neuron
6828,182,Excitatory_Neuron
6829,184,Immune
6830,177,GABA_Neuron
6831,178,unassigned
6832,175,unassigned
6833,176,Immune
6834,174,unassigned
6835,211,unassigned
6836,174,unassigned
6837,167,Excitatory_Neuron
6838,187,GABA_Neuron
6839,189,GABA_Neuron
6840,224,unassigned
6841,188,unassigned
6842,188,unassigned
6843,190,Astro-Epen
6844,208,unassigned
6845,198,unassigned
6846,170,Vascular
6847,170,Vascular
6848,199,unassigned
6849,175,unassigned
6850,176,Immune
6851,204,unassigned
6852,174,unassigned
6853,176,Immune
6854,167,Excitatory_Neuron
6855,189,GABA_Neuron
6856,198,unassigned
6857,170,Vascular
6858,177,GABA_Neuron
6859,175,unassigned
6860,178,unassigned
6861,176,Immune
6862,174,unassigned
6863,225,unassigned
6864,187,GABA_Neuron
6865,224,unassigned
6866,167,Excitatory_Neuron
6867,191,Excitatory_Neuron
6868,172,GABA_Neuron
6869,182,Excitatory_Neuron
6870,182,Excitatory_Neuron
6871,176,Immune
6872,176,Immune
6873,176,Immune
6874,222,GABA_Neuron
6875,182,Excitatory_Neuron
6876,174,unassigned
6877,178,unassigned
6878,174,unassigned
6879,186,Excitatory_Neuron
6880,224,unassigned
6881,190,Astro-Epen
6882,168,unassigned
6883,190,Astro-Epen
6884,217,unassigned
6885,208,unassigned
6886,216,unassigned
6887,170,Vascular
6888,182,Excitatory_Neuron
6889,177,GABA_Neuron
6890,182,Excitatory_Neuron
6891,212,GABA_Neuron
6892,176,Immune
6893,189,GABA_Neuron
6894,190,Astro-Epen
6895,216,unassigned
6896,208,unassigned
6897,220,unassigned
6898,170,Vascular
6899,182,Excitatory_Neuron
6900,182,Excitatory_Neuron
6901,210,unassigned
6902,176,Immune
6903,183,Astro-Epen
6904,186,Excitatory_Neuron
6905,193,Immune
6906,203,unassigned
6907,216,unassigned
6908,226,unassigned
6909,173,Excitatory_Neuron
6910,212,GABA_Neuron
6911,174,unassigned
6912,225,unassigned
6913,167,Excitatory_Neuron
6914,184,Immune
6915,219,Astro-Epen
6916,219,Astro-Epen
6917,197,unassigned
6918,195,Astro-Epen
6919,174,unassigned
6920,171,Astro-Epen
6921,183,Astro-Epen
6922,167,Excitatory_Neuron
6923,190,Astro-Epen
6924,188,unassigned
6925,190,Astro-Epen
6926,191,Excitatory_Neuron
6927,216,unassigned
6928,199,unassigned
6929,170,Vascular
6930,170,Vascular
6931,171,Astro-Epen
6932,177,GABA_Neuron
6933,175,unassigned
6934,167,Excitatory_Neuron
6935,190,Astro-Epen
6936,203,unassigned
6937,216,unassigned
6938,220,unassigned
6939,191,Excitatory_Neuron
6940,197,unassigned
6941,195,Astro-Epen
6942,226,unassigned
6943,182,Excitatory_Neuron
6944,182,Excitatory_Neuron
6945,179,unassigned
6946,204,unassigned
6947,174,unassigned
6948,168,unassigned
6949,168,unassigned
6950,190,Astro-Epen
6951,203,unassigned
6952,177,GABA_Neuron
6953,221,unassigned
6954,182,Excitatory_Neuron
6955,180,GABA_Neuron
6956,187,GABA_Neuron
6957,191,Excitatory_Neuron
6958,197,unassigned
6959,216,unassigned
6960,170,Vascular
6961,226,unassigned
6962,221,unassigned
6963,177,GABA_Neuron
6964,210,unassigned
6965,216,unassigned
6966,195,Astro-Epen
6967,171,Astro-Epen
6968,177,GABA_Neuron
6969,182,Excitatory_Neuron
6970,212,GABA_Neuron
6971,174,unassigned
6972,174,unassigned
6973,167,Excitatory_Neuron
6974,187,GABA_Neuron
6975,190,Astro-Epen
6976,190,Astro-Epen
6977,190,Astro-Epen
6978,190,Astro-Epen
6979,208,unassigned
6980,194,Astro-Epen
6981,216,unassigned
6982,191,Excitatory_Neuron
6983,195,Astro-Epen
6984,205,Excitatory_Neuron
6985,170,Vascular
6986,171,Astro-Epen
6987,177,GABA_Neuron
6988,227,unassigned
6989,183,Astro-Epen
6990,186,Excitatory_Neuron
6991,167,Excitatory_Neuron
6992,186,Excitatory_Neuron
6993,187,GABA_Neuron
6994,224,unassigned
6995,188,unassigned
6996,193,Immune
6997,195,Astro-Epen
6998,177,GABA_Neuron
6999,182,Excitatory_Neuron
7000,209,Excitatory_Neuron
7001,224,unassigned
7002,189,GABA_Neuron
7003,193,Immune
7004,193,Immune
7005,198,unassigned
7006,213,unassigned
7007,195,Astro-Epen
7008,228,unassigned
7009,182,Excitatory_Neuron
7010,176,Immune
7011,176,Immune
7012,229,unassigned
7013,209,Excitatory_Neuron
7014,188,unassigned
7015,168,unassigned
7016,193,Immune
7017,197,unassigned
7018,195,Astro-Epen
7019,171,Astro-Epen
7020,171,Astro-Epen
7021,172,GABA_Neuron
7022,230,OPC-Oligo
7023,181,unassigned
7024,180,GABA_Neuron
7025,174,unassigned
7026,187,GABA_Neuron
7027,209,Excitatory_Neuron
7028,187,GABA_Neuron
7029,226,unassigned
7030,171,Astro-Epen
7031,177,GABA_Neuron
7032,176,Immune
7033,218,unassigned
7034,204,unassigned
7035,183,Astro-Epen
7036,189,GABA_Neuron
7037,188,unassigned
7038,216,unassigned
7039,194,Astro-Epen
7040,178,unassigned
7041,225,unassigned
7042,189,GABA_Neuron
7043,190,Astro-Epen
7044,231,unassigned
7045,216,unassigned
7046,195,Astro-Epen
7047,226,unassigned
7048,200,Astro-Epen
7049,170,Vascular
7050,173,Excitatory_Neuron
7051,232,unassigned
7052,182,Excitatory_Neuron
7053,174,unassigned
7054,218,unassigned
7055,229,unassigned
7056,174,unassigned
7057,209,Excitatory_Neuron
7058,223,Astro-Epen
7059,194,Astro-Epen
7060,197,unassigned
7061,171,Astro-Epen
7062,174,unassigned
7063,182,Excitatory_Neuron
7064,184,Immune
7065,167,Excitatory_Neuron
7066,187,GABA_Neuron
7067,195,Astro-Epen
7068,171,Astro-Epen
7069,173,Excitatory_Neuron
7070,228,unassigned
7071,182,Excitatory_Neuron
7072,176,Immune
7073,204,unassigned
7074,184,Immune
7075,167,Excitatory_Neuron
7076,209,Excitatory_Neuron
7077,167,Excitatory_Neuron
7078,187,GABA_Neuron
7079,197,unassigned
7080,216,unassigned
7081,197,unassigned
7082,198,unassigned
7083,198,unassigned
7084,226,unassigned
7085,171,Astro-Epen
7086,177,GABA_Neuron
7087,212,GABA_Neuron
7088,187,GABA_Neuron
7089,195,Astro-Epen
7090,195,Astro-Epen
7091,195,Astro-Epen
7092,195,Astro-Epen
7093,173,Excitatory_Neuron
7094,171,Astro-Epen
7095,173,Excitatory_Neuron
7096,173,Excitatory_Neuron
7097,172,GABA_Neuron
7098,177,GABA_Neuron
7099,177,GABA_Neuron
7100,176,Immune
7101,167,Excitatory_Neuron
7102,188,unassigned
7103,216,unassigned
7104,200,Astro-Epen
7105,173,Excitatory_Neuron
7106,232,unassigned
7107,177,GABA_Neuron
7108,178,unassigned
7109,182,Excitatory_Neuron
7110,229,unassigned
7111,224,unassigned
7112,224,unassigned
7113,190,Astro-Epen
7114,194,Astro-Epen
7115,178,unassigned
7116,176,Immune
7117,179,unassigned
7118,185,unassigned
7119,177,GABA_Neuron
7120,178,unassigned
7121,174,unassigned
7122,209,Excitatory_Neuron
7123,187,GABA_Neuron
7124,224,unassigned
7125,223,Astro-Epen
7126,220,unassigned
7127,216,unassigned
7128,216,unassigned
7129,195,Astro-Epen
7130,182,Excitatory_Neuron
7131,177,GABA_Neuron
7132,178,unassigned
7133,180,GABA_Neuron
7134,184,Immune
7135,229,unassigned
7136,209,Excitatory_Neuron
7137,187,GABA_Neuron
7138,167,Excitatory_Neuron
7139,233,unassigned
7140,221,unassigned
7141,171,Astro-Epen
7142,174,unassigned
7143,167,Excitatory_Neuron
7144,188,unassigned
7145,233,unassigned
7146,190,Astro-Epen
7147,223,Astro-Epen
7148,193,Immune
7149,193,Immune
7150,223,Astro-Epen
7151,170,Vascular
7152,172,GABA_Neuron
7153,172,GABA_Neuron
7154,179,unassigned
7155,176,Immune
7156,176,Immune
7157,181,unassigned
7158,190,Astro-Epen
7159,194,Astro-Epen
7160,194,Astro-Epen
7161,195,Astro-Epen
7162,216,unassigned
7163,200,Astro-Epen
7164,171,Astro-Epen
7165,174,unassigned
7166,179,unassigned
7167,178,unassigned
7168,182,Excitatory_Neuron
7169,176,Immune
7170,167,Excitatory_Neuron
7171,188,unassigned
7172,188,unassigned
7173,190,Astro-Epen
7174,199,unassigned
7175,171,Astro-Epen
7176,173,Excitatory_Neuron
7177,171,Astro-Epen
7178,172,GABA_Neuron
7179,172,GABA_Neuron
7180,174,unassigned
7181,181,unassigned
7182,176,Immune
7183,227,unassigned
7184,187,GABA_Neuron
7185,190,Astro-Epen
7186,191,Excitatory_Neuron
7187,216,unassigned
7188,174,unassigned
7189,195,Astro-Epen
7190,221,unassigned
7191,176,Immune
7192,178,unassigned
7193,230,OPC-Oligo
7194,183,Astro-Epen
7195,167,Excitatory_Neuron
7196,186,Excitatory_Neuron
7197,209,Excitatory_Neuron
7198,219,Astro-Epen
7199,195,Astro-Epen
7200,195,Astro-Epen
7201,199,unassigned
7202,177,GABA_Neuron
7203,176,Immune
7204,176,Immune
7205,182,Excitatory_Neuron
7206,193,Immune
7207,197,unassigned
7208,205,Excitatory_Neuron
7209,170,Vascular
7210,226,unassigned
7211,172,GABA_Neuron
7212,232,unassigned
7213,234,unassigned
7214,227,unassigned
7215,185,unassigned
7216,185,unassigned
7217,193,Immune
7218,223,Astro-Epen
7219,199,unassigned
7220,232,unassigned
7221,182,Excitatory_Neuron
7222,177,GABA_Neuron
7223,182,Excitatory_Neuron
7224,167,Excitatory_Neuron
7225,209,Excitatory_Neuron
7226,197,unassigned
7227,197,unassigned
7228,170,Vascular
7229,176,Immune
7230,190,Astro-Epen
7231,195,Astro-Epen
7232,210,unassigned
7233,176,Immune
7234,181,unassigned
7235,197,unassigned
7236,172,GABA_Neuron
7237,172,GABA_Neuron
7238,172,GABA_Neuron
7239,218,unassigned
7240,184,Immune
7241,195,Astro-Epen
7242,197,unassigned
7243,174,unassigned
7244,174,unassigned
7245,199,unassigned
7246,182,Excitatory_Neuron
7247,230,OPC-Oligo
7248,172,GABA_Neuron
7249,177,GABA_Neuron
7250,176,Immune
7251,181,unassigned
7252,174,unassigned
7253,219,Astro-Epen
7254,205,Excitatory_Neuron
7255,200,Astro-Epen
7256,177,GABA_Neuron
7257,174,unassigned
7258,167,Excitatory_Neuron
7259,187,GABA_Neuron
7260,174,unassigned
7261,209,Excitatory_Neuron
7262,187,GABA_Neuron
7263,187,GABA_Neuron
7264,233,unassigned
7265,233,unassigned
7266,188,unassigned
7267,193,Immune
7268,195,Astro-Epen
7269,170,Vascular
7270,200,Astro-Epen
7271,172,GABA_Neuron
7272,177,GABA_Neuron
7273,182,Excitatory_Neuron
7274,182,Excitatory_Neuron
7275,182,Excitatory_Neuron
7276,179,unassigned
7277,224,unassigned
7278,235,unassigned
7279,191,Excitatory_Neuron
7280,195,Astro-Epen
7281,171,Astro-Epen
7282,172,GABA_Neuron
7283,236,unassigned
7284,176,Immune
7285,180,GABA_Neuron
7286,237,unassigned
7287,238,unassigned
7288,194,Astro-Epen
7289,195,Astro-Epen
7290,173,Excitatory_Neuron
7291,182,Excitatory_Neuron
7292,182,Excitatory_Neuron
7293,181,unassigned
7294,174,unassigned
7295,187,GABA_Neuron
7296,167,Excitatory_Neuron
7297,209,Excitatory_Neuron
7298,189,GABA_Neuron
7299,177,GABA_Neuron
7300,238,unassigned
7301,193,Immune
7302,197,unassigned
7303,197,unassigned
7304,199,unassigned
7305,170,Vascular
7306,173,Excitatory_Neuron
7307,230,OPC-Oligo
7308,176,Immune
7309,239,unassigned
7310,187,GABA_Neuron
7311,186,Excitatory_Neuron
7312,188,unassigned
7313,219,Astro-Epen
7314,197,unassigned
7315,197,unassigned
7316,171,Astro-Epen
7317,182,Excitatory_Neuron
7318,182,Excitatory_Neuron
7319,177,GABA_Neuron
7320,178,unassigned
7321,178,unassigned
7322,167,Excitatory_Neuron
7323,219,Astro-Epen
7324,191,Excitatory_Neuron
7325,197,unassigned
7326,170,Vascular
7327,171,Astro-Epen
7328,172,GABA_Neuron
7329,230,OPC-Oligo
7330,172,GABA_Neuron
7331,183,Astro-Epen
7332,227,unassigned
7333,223,Astro-Epen
7334,219,Astro-Epen
7335,191,Excitatory_Neuron
7336,195,Astro-Epen
7337,200,Astro-Epen
7338,219,Astro-Epen
7339,205,Excitatory_Neuron
7340,194,Astro-Epen
7341,174,unassigned
7342,226,unassigned
7343,178,unassigned
7344,176,Immune
7345,175,unassigned
7346,180,GABA_Neuron
7347,191,Excitatory_Neuron
7348,219,Astro-Epen
7349,195,Astro-Epen
7350,194,Astro-Epen
7351,170,Vascular
7352,171,Astro-Epen
7353,172,GABA_Neuron
7354,218,unassigned
7355,176,Immune
7356,187,GABA_Neuron
7357,187,GABA_Neuron
7358,193,Immune
7359,194,Astro-Epen
7360,200,Astro-Epen
7361,232,unassigned
7362,230,OPC-Oligo
7363,222,GABA_Neuron
7364,178,unassigned
7365,218,unassigned
7366,187,GABA_Neuron
7367,186,Excitatory_Neuron
7368,219,Astro-Epen
7369,219,Astro-Epen
7370,219,Astro-Epen
7371,223,Astro-Epen
7372,191,Excitatory_Neuron
7373,205,Excitatory_Neuron
7374,197,unassigned
7375,170,Vascular
7376,171,Astro-Epen
7377,221,unassigned
7378,171,Astro-Epen
7379,210,unassigned
7380,204,unassigned
7381,240,GABA_Neuron
7382,227,unassigned
7383,167,Excitatory_Neuron
7384,188,unassigned
7385,220,unassigned
7386,195,Astro-Epen
7387,197,unassigned
7388,199,unassigned
7389,226,unassigned
7390,173,Excitatory_Neuron
7391,171,Astro-Epen
7392,177,GABA_Neuron
7393,210,unassigned
7394,240,GABA_Neuron
7395,183,Astro-Epen
7396,237,unassigned
7397,209,Excitatory_Neuron
7398,189,GABA_Neuron
7399,191,Excitatory_Neuron
7400,194,Astro-Epen
7401,195,Astro-Epen
7402,170,Vascular
7403,195,Astro-Epen
7404,194,Astro-Epen
7405,174,unassigned
7406,171,Astro-Epen
7407,177,GABA_Neuron
7408,172,GABA_Neuron
7409,175,unassigned
7410,178,unassigned
7411,227,unassigned
7412,190,Astro-Epen
7413,219,Astro-Epen
7414,170,Vascular
7415,172,GABA_Neuron
7416,172,GABA_Neuron
7417,182,Excitatory_Neuron
7418,178,unassigned
7419,176,Immune
7420,227,unassigned
7421,190,Astro-Epen
7422,194,Astro-Epen
7423,194,Astro-Epen
7424,170,Vascular
7425,241,unassigned
7426,173,Excitatory_Neuron
7427,167,Excitatory_Neuron
7428,190,Astro-Epen
7429,170,Vascular
7430,171,Astro-Epen
7431,177,GABA_Neuron
7432,182,Excitatory_Neuron
7433,182,Excitatory_Neuron
7434,176,Immune
7435,179,unassigned
7436,183,Astro-Epen
7437,185,unassigned
7438,229,unassigned
7439,167,Excitatory_Neuron
7440,186,Excitatory_Neuron
7441,188,unassigned
7442,191,Excitatory_Neuron
7443,220,unassigned
7444,195,Astro-Epen
7445,182,Excitatory_Neuron
7446,230,OPC-Oligo
7447,210,unassigned
7448,178,unassigned
7449,242,Astro-Epen
7450,204,unassigned
7451,187,GABA_Neuron
7452,167,Excitatory_Neuron
7453,205,Excitatory_Neuron
7454,170,Vascular
7455,171,Astro-Epen
7456,230,OPC-Oligo
7457,177,GABA_Neuron
7458,176,Immune
7459,183,Astro-Epen
7460,183,Astro-Epen
7461,243,unassigned
7462,167,Excitatory_Neuron
7463,187,GABA_Neuron
7464,237,unassigned
7465,233,unassigned
7466,237,unassigned
7467,219,Astro-Epen
7468,170,Vascular
7469,176,Immune
7470,186,Excitatory_Neuron
7471,237,unassigned
7472,170,Vascular
7473,200,Astro-Epen
7474,176,Immune
7475,185,unassigned
7476,237,unassigned
7477,199,unassigned
7478,182,Excitatory_Neuron
7479,230,OPC-Oligo
7480,172,GABA_Neuron
7481,210,unassigned
7482,181,unassigned
7483,219,Astro-Epen
7484,195,Astro-Epen
7485,195,Astro-Epen
7486,200,Astro-Epen
7487,199,unassigned
7488,171,Astro-Epen
7489,178,unassigned
7490,176,Immune
7491,178,unassigned
7492,181,unassigned
7493,182,Excitatory_Neuron
7494,204,unassigned
7495,183,Astro-Epen
7496,167,Excitatory_Neuron
7497,233,unassigned
7498,219,Astro-Epen
7499,190,Astro-Epen
7500,194,Astro-Epen
7501,194,Astro-Epen
7502,177,GABA_Neuron
7503,178,unassigned
7504,183,Astro-Epen
7505,181,unassigned
7506,242,Astro-Epen
7507,183,Astro-Epen
7508,187,GABA_Neuron
7509,167,Excitatory_Neuron
7510,187,GABA_Neuron
7511,187,GABA_Neuron
7512,188,unassigned
7513,219,Astro-Epen
7514,190,Astro-Epen
7515,197,unassigned
7516,198,unassigned
7517,173,Excitatory_Neuron
7518,173,Excitatory_Neuron
7519,204,unassigned
7520,185,unassigned
7521,189,GABA_Neuron
7522,219,Astro-Epen
7523,190,Astro-Epen
7524,191,Excitatory_Neuron
7525,194,Astro-Epen
7526,230,OPC-Oligo
7527,244,unassigned
7528,182,Excitatory_Neuron
7529,179,unassigned
7530,242,Astro-Epen
7531,174,unassigned
7532,239,unassigned
7533,198,unassigned
7534,170,Vascular
7535,171,Astro-Epen
7536,181,unassigned
7537,187,GABA_Neuron
7538,187,GABA_Neuron
7539,220,unassigned
7540,199,unassigned
7541,173,Excitatory_Neuron
7542,171,Astro-Epen
7543,212,GABA_Neuron
7544,176,Immune
7545,209,Excitatory_Neuron
7546,194,Astro-Epen
7547,199,unassigned
7548,200,Astro-Epen
7549,173,Excitatory_Neuron
7550,173,Excitatory_Neuron
7551,173,Excitatory_Neuron
7552,177,GABA_Neuron
7553,232,unassigned
7554,176,Immune
7555,181,unassigned
7556,185,unassigned
7557,224,unassigned
7558,233,unassigned
7559,190,Astro-Epen
7560,197,unassigned
7561,212,GABA_Neuron
7562,176,Immune
7563,181,unassigned
7564,227,unassigned
7565,183,Astro-Epen
7566,186,Excitatory_Neuron
7567,167,Excitatory_Neuron
7568,187,GABA_Neuron
7569,167,Excitatory_Neuron
7570,188,unassigned
7571,190,Astro-Epen
7572,191,Excitatory_Neuron
7573,197,unassigned
7574,194,Astro-Epen
7575,194,Astro-Epen
7576,194,Astro-Epen
7577,194,Astro-Epen
7578,198,unassigned
7579,170,Vascular
7580,182,Excitatory_Neuron
7581,177,GABA_Neuron
7582,182,Excitatory_Neuron
7583,178,unassigned
7584,181,unassigned
7585,181,unassigned
7586,183,Astro-Epen
7587,167,Excitatory_Neuron
7588,195,Astro-Epen
7589,194,Astro-Epen
7590,173,Excitatory_Neuron
7591,232,unassigned
7592,178,unassigned
7593,177,GABA_Neuron
7594,181,unassigned
7595,176,Immune
7596,167,Excitatory_Neuron
7597,237,unassigned
7598,238,unassigned
7599,190,Astro-Epen
7600,220,unassigned
7601,174,unassigned
7602,182,Excitatory_Neuron
7603,177,GABA_Neuron
7604,242,Astro-Epen
7605,204,unassigned
7606,176,Immune
7607,225,unassigned
7608,225,unassigned
7609,174,unassigned
7610,195,Astro-Epen
7611,195,Astro-Epen
7612,194,Astro-Epen
7613,170,Vascular
7614,199,unassigned
7615,173,Excitatory_Neuron
7616,174,unassigned
7617,188,unassigned
7618,233,unassigned
7619,191,Excitatory_Neuron
7620,220,unassigned
7621,194,Astro-Epen
7622,171,Astro-Epen
7623,175,unassigned
7624,222,GABA_Neuron
7625,234,unassigned
7626,176,Immune
7627,240,GABA_Neuron
7628,190,Astro-Epen
7629,219,Astro-Epen
7630,197,unassigned
7631,198,unassigned
7632,170,Vascular
7633,171,Astro-Epen
7634,182,Excitatory_Neuron
7635,245,unassigned
7636,242,Astro-Epen
7637,167,Excitatory_Neuron
7638,219,Astro-Epen
7639,220,unassigned
7640,195,Astro-Epen
7641,170,Vascular
7642,170,Vascular
7643,173,Excitatory_Neuron
7644,246,Astro-Epen
7645,188,unassigned
7646,223,Astro-Epen
7647,220,unassigned
7648,226,unassigned
7649,221,unassigned
7650,182,Excitatory_Neuron
7651,178,unassigned
7652,180,GABA_Neuron
7653,176,Immune
7654,234,unassigned
7655,174,unassigned
7656,183,Astro-Epen
7657,190,Astro-Epen
7658,194,Astro-Epen
7659,195,Astro-Epen
7660,195,Astro-Epen
7661,195,Astro-Epen
7662,198,unassigned
7663,199,unassigned
7664,170,Vascular
7665,170,Vascular
7666,182,Excitatory_Neuron
7667,182,Excitatory_Neuron
7668,172,GABA_Neuron
7669,232,unassigned
7670,171,Astro-Epen
7671,182,Excitatory_Neuron
7672,212,GABA_Neuron
7673,210,unassigned
7674,222,GABA_Neuron
7675,176,Immune
7676,204,unassigned
7677,190,Astro-Epen
7678,223,Astro-Epen
7679,245,unassigned
7680,176,Immune
7681,176,Immune
7682,180,GABA_Neuron
7683,176,Immune
7684,176,Immune
7685,180,GABA_Neuron
7686,174,unassigned
7687,227,unassigned
7688,239,unassigned
7689,167,Excitatory_Neuron
7690,209,Excitatory_Neuron
7691,195,Astro-Epen
7692,170,Vascular
7693,170,Vascular
7694,172,GABA_Neuron
7695,172,GABA_Neuron
7696,218,unassigned
7697,176,Immune
7698,180,GABA_Neuron
7699,167,Excitatory_Neuron
7700,219,Astro-Epen
7701,193,Immune
7702,220,unassigned
7703,175,unassigned
7704,245,unassigned
7705,242,Astro-Epen
7706,198,unassigned
7707,170,Vascular
7708,232,unassigned
7709,182,Excitatory_Neuron
7710,184,Immune
7711,186,Excitatory_Neuron
7712,187,GABA_Neuron
7713,209,Excitatory_Neuron
7714,170,Vascular
7715,232,unassigned
7716,179,unassigned
7717,178,unassigned
7718,183,Astro-Epen
7719,183,Astro-Epen
7720,247,Excitatory_Neuron
7721,209,Excitatory_Neuron
7722,167,Excitatory_Neuron
7723,167,Excitatory_Neuron
7724,167,Excitatory_Neuron
7725,191,Excitatory_Neuron
7726,226,unassigned
7727,179,unassigned
7728,182,Excitatory_Neuron
7729,176,Immune
7730,204,unassigned
7731,181,unassigned
7732,186,Excitatory_Neuron
7733,167,Excitatory_Neuron
7734,174,unassigned
7735,189,GABA_Neuron
7736,191,Excitatory_Neuron
7737,194,Astro-Epen
7738,195,Astro-Epen
7739,198,unassigned
7740,232,unassigned
7741,173,Excitatory_Neuron
7742,178,unassigned
7743,182,Excitatory_Neuron
7744,182,Excitatory_Neuron
7745,176,Immune
7746,237,unassigned
7747,219,Astro-Epen
7748,194,Astro-Epen
7749,200,Astro-Epen
7750,222,GABA_Neuron
7751,209,Excitatory_Neuron
7752,190,Astro-Epen
7753,198,unassigned
7754,170,Vascular
7755,175,unassigned
7756,210,unassigned
7757,239,unassigned
7758,167,Excitatory_Neuron
7759,237,unassigned
7760,219,Astro-Epen
7761,219,Astro-Epen
7762,194,Astro-Epen
7763,195,Astro-Epen
7764,199,unassigned
7765,171,Astro-Epen
7766,167,Excitatory_Neuron
7767,194,Astro-Epen
7768,198,unassigned
7769,195,Astro-Epen
7770,170,Vascular
7771,171,Astro-Epen
7772,182,Excitatory_Neuron
7773,176,Immune
7774,245,unassigned
7775,222,GABA_Neuron
7776,204,unassigned
7777,227,unassigned
7778,198,unassigned
7779,226,unassigned
7780,172,GABA_Neuron
7781,175,unassigned
7782,222,GABA_Neuron
7783,245,unassigned
7784,182,Excitatory_Neuron
7785,183,Astro-Epen
7786,174,unassigned
7787,219,Astro-Epen
7788,219,Astro-Epen
7789,190,Astro-Epen
7790,194,Astro-Epen
7791,170,Vascular
7792,170,Vascular
7793,182,Excitatory_Neuron
7794,189,GABA_Neuron
7795,209,Excitatory_Neuron
7796,190,Astro-Epen
7797,193,Immune
7798,220,unassigned
7799,200,Astro-Epen
7800,213,unassigned
7801,248,unassigned
7802,182,Excitatory_Neuron
7803,172,GABA_Neuron
7804,174,unassigned
7805,190,Astro-Epen
7806,197,unassigned
7807,195,Astro-Epen
7808,241,unassigned
7809,172,GABA_Neuron
7810,172,GABA_Neuron
7811,172,GABA_Neuron
7812,172,GABA_Neuron
7813,177,GABA_Neuron
7814,182,Excitatory_Neuron
7815,222,GABA_Neuron
7816,229,unassigned
7817,225,unassigned
7818,225,unassigned
7819,209,Excitatory_Neuron
7820,224,unassigned
7821,209,Excitatory_Neuron
7822,167,Excitatory_Neuron
7823,199,unassigned
7824,170,Vascular
7825,172,GABA_Neuron
7826,182,Excitatory_Neuron
7827,175,unassigned
7828,176,Immune
7829,174,unassigned
7830,234,unassigned
7831,204,unassigned
7832,239,unassigned
7833,219,Astro-Epen
7834,198,unassigned
7835,172,GABA_Neuron
7836,232,unassigned
7837,175,unassigned
7838,204,unassigned
7839,225,unassigned
7840,174,unassigned
7841,209,Excitatory_Neuron
7842,209,Excitatory_Neuron
7843,170,Vascular
7844,232,unassigned
7845,177,GABA_Neuron
7846,178,unassigned
7847,176,Immune
7848,222,GABA_Neuron
7849,180,GABA_Neuron
7850,181,unassigned
7851,204,unassigned
7852,185,unassigned
7853,249,Excitatory_Neuron
7854,247,Excitatory_Neuron
7855,167,Excitatory_Neuron
7856,190,Astro-Epen
7857,190,Astro-Epen
7858,219,Astro-Epen
7859,195,Astro-Epen
7860,175,unassigned
7861,177,GABA_Neuron
7862,245,unassigned
7863,239,unassigned
7864,237,unassigned
7865,219,Astro-Epen
7866,194,Astro-Epen
7867,205,Excitatory_Neuron
7868,200,Astro-Epen
7869,173,Excitatory_Neuron
7870,173,Excitatory_Neuron
7871,174,unassigned
7872,210,unassigned
7873,204,unassigned
7874,190,Astro-Epen
7875,194,Astro-Epen
7876,195,Astro-Epen
7877,195,Astro-Epen
7878,171,Astro-Epen
7879,171,Astro-Epen
7880,176,Immune
7881,250,unassigned
7882,239,unassigned
7883,209,Excitatory_Neuron
7884,200,Astro-Epen
7885,170,Vascular
7886,176,Immune
7887,222,GABA_Neuron
7888,182,Excitatory_Neuron
7889,225,unassigned
7890,247,Excitatory_Neuron
7891,209,Excitatory_Neuron
7892,167,Excitatory_Neuron
7893,224,unassigned
7894,198,unassigned
7895,172,GABA_Neuron
7896,172,GABA_Neuron
7897,210,unassigned
7898,247,Excitatory_Neuron
7899,167,Excitatory_Neuron
7900,251,unassigned
7901,193,Immune
7902,195,Astro-Epen
7903,173,Excitatory_Neuron
7904,173,Excitatory_Neuron
7905,173,Excitatory_Neuron
7906,212,GABA_Neuron
7907,252,unassigned
7908,247,Excitatory_Neuron
7909,190,Astro-Epen
7910,216,unassigned
7911,230,OPC-Oligo
7912,176,Immune
7913,183,Astro-Epen
7914,180,GABA_Neuron
7915,167,Excitatory_Neuron
7916,237,unassigned
7917,195,Astro-Epen
7918,170,Vascular
7919,182,Excitatory_Neuron
7920,184,Immune
7921,249,Excitatory_Neuron
7922,247,Excitatory_Neuron
7923,209,Excitatory_Neuron
7924,167,Excitatory_Neuron
7925,219,Astro-Epen
7926,193,Immune
7927,248,unassigned
7928,178,unassigned
7929,234,unassigned
7930,204,unassigned
7931,176,Immune
7932,204,unassigned
7933,237,unassigned
7934,219,Astro-Epen
7935,219,Astro-Epen
7936,223,Astro-Epen
7937,205,Excitatory_Neuron
7938,181,unassigned
7939,184,Immune
7940,182,Excitatory_Neuron
7941,185,unassigned
7942,185,unassigned
7943,185,unassigned
7944,185,unassigned
7945,227,unassigned
7946,189,GABA_Neuron
7947,190,Astro-Epen
7948,193,Immune
7949,191,Excitatory_Neuron
7950,205,Excitatory_Neuron
7951,173,Excitatory_Neuron
7952,177,GABA_Neuron
7953,212,GABA_Neuron
7954,176,Immune
7955,185,unassigned
7956,194,Astro-Epen
7957,197,unassigned
7958,213,unassigned
7959,230,OPC-Oligo
7960,172,GABA_Neuron
7961,182,Excitatory_Neuron
7962,230,OPC-Oligo
7963,176,Immune
7964,181,unassigned
7965,167,Excitatory_Neuron
7966,190,Astro-Epen
7967,191,Excitatory_Neuron
7968,220,unassigned
7969,170,Vascular
7970,248,unassigned
7971,173,Excitatory_Neuron
7972,181,unassigned
7973,247,Excitatory_Neuron
7974,251,unassigned
7975,193,Immune
7976,195,Astro-Epen
7977,253,unassigned
7978,173,Excitatory_Neuron
7979,172,GABA_Neuron
7980,174,unassigned
7981,210,unassigned
7982,182,Excitatory_Neuron
7983,178,unassigned
7984,187,GABA_Neuron
7985,187,GABA_Neuron
7986,237,unassigned
7987,167,Excitatory_Neuron
7988,251,unassigned
7989,194,Astro-Epen
7990,197,unassigned
7991,195,Astro-Epen
7992,213,unassigned
7993,172,GABA_Neuron
7994,184,Immune
7995,227,unassigned
7996,223,Astro-Epen
7997,194,Astro-Epen
7998,223,Astro-Epen
7999,194,Astro-Epen
8000,213,unassigned
8001,213,unassigned
8002,182,Excitatory_Neuron
8003,177,GABA_Neuron
8004,204,unassigned
8005,225,unassigned
8006,186,Excitatory_Neuron
8007,187,GABA_Neuron
8008,187,GABA_Neuron
8009,167,Excitatory_Neuron
8010,223,Astro-Epen
8011,194,Astro-Epen
8012,195,Astro-Epen
8013,194,Astro-Epen
8014,213,unassigned
8015,170,Vascular
8016,173,Excitatory_Neuron
8017,183,Astro-Epen
8018,183,Astro-Epen
8019,182,Excitatory_Neuron
8020,187,GABA_Neuron
8021,167,Excitatory_Neuron
8022,190,Astro-Epen
8023,219,Astro-Epen
8024,219,Astro-Epen
8025,194,Astro-Epen
8026,197,unassigned
8027,172,GABA_Neuron
8028,172,GABA_Neuron
8029,182,Excitatory_Neuron
8030,183,Astro-Epen
8031,242,Astro-Epen
8032,187,GABA_Neuron
8033,219,Astro-Epen
8034,223,Astro-Epen
8035,195,Astro-Epen
8036,194,Astro-Epen
8037,177,GABA_Neuron
8038,182,Excitatory_Neuron
8039,187,GABA_Neuron
8040,167,Excitatory_Neuron
8041,247,Excitatory_Neuron
8042,209,Excitatory_Neuron
8043,224,unassigned
8044,223,Astro-Epen
8045,251,unassigned
8046,194,Astro-Epen
8047,200,Astro-Epen
8048,212,GABA_Neuron
8049,186,Excitatory_Neuron
8050,194,Astro-Epen
8051,193,Immune
8052,213,unassigned
8053,172,GABA_Neuron
8054,182,Excitatory_Neuron
8055,212,GABA_Neuron
8056,251,unassigned
8057,194,Astro-Epen
8058,197,unassigned
8059,220,unassigned
8060,170,Vascular
8061,171,Astro-Epen
8062,172,GABA_Neuron
8063,195,Astro-Epen
8064,172,GABA_Neuron
8065,176,Immune
8066,184,Immune
8067,227,unassigned
8068,174,unassigned
8069,187,GABA_Neuron
8070,167,Excitatory_Neuron
8071,223,Astro-Epen
8072,216,unassigned
8073,195,Astro-Epen
8074,210,unassigned
8075,234,unassigned
8076,246,Astro-Epen
8077,227,unassigned
8078,249,Excitatory_Neuron
8079,167,Excitatory_Neuron
8080,190,Astro-Epen
8081,194,Astro-Epen
8082,213,unassigned
8083,171,Astro-Epen
8084,182,Excitatory_Neuron
8085,174,unassigned
8086,176,Immune
8087,180,GABA_Neuron
8088,183,Astro-Epen
8089,167,Excitatory_Neuron
8090,167,Excitatory_Neuron
8091,167,Excitatory_Neuron
8092,167,Excitatory_Neuron
8093,193,Immune
8094,219,Astro-Epen
8095,223,Astro-Epen
8096,191,Excitatory_Neuron
8097,205,Excitatory_Neuron
8098,173,Excitatory_Neuron
8099,182,Excitatory_Neuron
8100,182,Excitatory_Neuron
8101,176,Immune
8102,239,unassigned
8103,254,unassigned
8104,187,GABA_Neuron
8105,167,Excitatory_Neuron
8106,233,unassigned
8107,219,Astro-Epen
8108,219,Astro-Epen
8109,219,Astro-Epen
8110,223,Astro-Epen
8111,205,Excitatory_Neuron
8112,205,Excitatory_Neuron
8113,194,Astro-Epen
8114,249,Excitatory_Neuron
8115,254,unassigned
8116,167,Excitatory_Neuron
8117,187,GABA_Neuron
8118,209,Excitatory_Neuron
8119,193,Immune
8120,205,Excitatory_Neuron
8121,200,Astro-Epen
8122,171,Astro-Epen
8123,171,Astro-Epen
8124,171,Astro-Epen
8125,172,GABA_Neuron
8126,232,unassigned
8127,210,unassigned
8128,245,unassigned
8129,184,Immune
8130,180,GABA_Neuron
8131,186,Excitatory_Neuron
8132,186,Excitatory_Neuron
8133,167,Excitatory_Neuron
8134,189,GABA_Neuron
8135,219,Astro-Epen
8136,193,Immune
8137,198,unassigned
8138,170,Vascular
8139,213,unassigned
8140,253,unassigned
8141,171,Astro-Epen
8142,230,OPC-Oligo
8143,174,unassigned
8144,227,unassigned
8145,249,Excitatory_Neuron
8146,184,Immune
8147,219,Astro-Epen
8148,190,Astro-Epen
8149,191,Excitatory_Neuron
8150,191,Excitatory_Neuron
8151,170,Vascular
8152,173,Excitatory_Neuron
8153,172,GABA_Neuron
8154,171,Astro-Epen
8155,255,GABA_Neuron
8156,183,Astro-Epen
8157,186,Excitatory_Neuron
8158,184,Immune
8159,240,GABA_Neuron
8160,247,Excitatory_Neuron
8161,240,GABA_Neuron
8162,167,Excitatory_Neuron
8163,190,Astro-Epen
8164,251,unassigned
8165,216,unassigned
8166,223,Astro-Epen
8167,194,Astro-Epen
8168,195,Astro-Epen
8169,253,unassigned
8170,172,GABA_Neuron
8171,172,GABA_Neuron
8172,174,unassigned
8173,184,Immune
8174,180,GABA_Neuron
8175,184,Immune
8176,254,unassigned
8177,246,Astro-Epen
8178,187,GABA_Neuron
8179,187,GABA_Neuron
8180,187,GABA_Neuron
8181,174,unassigned
8182,167,Excitatory_Neuron
8183,190,Astro-Epen
8184,191,Excitatory_Neuron
8185,223,Astro-Epen
8186,191,Excitatory_Neuron
8187,193,Immune
8188,193,Immune
8189,177,GABA_Neuron
8190,167,Excitatory_Neuron
8191,167,Excitatory_Neuron
8192,209,Excitatory_Neuron
8193,219,Astro-Epen
8194,251,unassigned
8195,170,Vascular
8196,182,Excitatory_Neuron
8197,176,Immune
8198,234,unassigned
8199,227,unassigned
8200,227,unassigned
8201,209,Excitatory_Neuron
8202,219,Astro-Epen
8203,197,unassigned
8204,174,unassigned
8205,213,unassigned
8206,222,GABA_Neuron
8207,184,Immune
8208,176,Immune
8209,180,GABA_Neuron
8210,189,GABA_Neuron
8211,219,Astro-Epen
8212,191,Excitatory_Neuron
8213,195,Astro-Epen
8214,195,Astro-Epen
8215,182,Excitatory_Neuron
8216,230,OPC-Oligo
8217,172,GABA_Neuron
8218,172,GABA_Neuron
8219,177,GABA_Neuron
8220,210,unassigned
8221,182,Excitatory_Neuron
8222,249,Excitatory_Neuron
8223,187,GABA_Neuron
8224,240,GABA_Neuron
8225,219,Astro-Epen
8226,219,Astro-Epen
8227,219,Astro-Epen
8228,190,Astro-Epen
8229,194,Astro-Epen
8230,191,Excitatory_Neuron
8231,194,Astro-Epen
8232,182,Excitatory_Neuron
8233,180,GABA_Neuron
8234,209,Excitatory_Neuron
8235,187,GABA_Neuron
8236,209,Excitatory_Neuron
8237,209,Excitatory_Neuron
8238,219,Astro-Epen
8239,174,unassigned
8240,256,unassigned
8241,180,GABA_Neuron
8242,182,Excitatory_Neuron
8243,246,Astro-Epen
8244,190,Astro-Epen
8245,194,Astro-Epen
8246,195,Astro-Epen
8247,195,Astro-Epen
8248,170,Vascular
8249,256,unassigned
8250,194,Astro-Epen
8251,230,OPC-Oligo
8252,176,Immune
8253,222,GABA_Neuron
8254,227,unassigned
8255,167,Excitatory_Neuron
8256,219,Astro-Epen
8257,191,Excitatory_Neuron
8258,220,unassigned
8259,197,unassigned
8260,193,Immune
8261,195,Astro-Epen
8262,253,unassigned
8263,200,Astro-Epen
8264,171,Astro-Epen
8265,171,Astro-Epen
8266,183,Astro-Epen
8267,204,unassigned
8268,180,GABA_Neuron
8269,254,unassigned
8270,197,unassigned
8271,200,Astro-Epen
8272,172,GABA_Neuron
8273,230,OPC-Oligo
8274,177,GABA_Neuron
8275,184,Immune
8276,227,unassigned
8277,187,GABA_Neuron
8278,167,Excitatory_Neuron
8279,209,Excitatory_Neuron
8280,167,Excitatory_Neuron
8281,187,GABA_Neuron
8282,190,Astro-Epen
8283,205,Excitatory_Neuron
8284,212,GABA_Neuron
8285,222,GABA_Neuron
8286,183,Astro-Epen
8287,227,unassigned
8288,186,Excitatory_Neuron
8289,225,unassigned
8290,167,Excitatory_Neuron
8291,187,GABA_Neuron
8292,167,Excitatory_Neuron
8293,216,unassigned
8294,194,Astro-Epen
8295,194,Astro-Epen
8296,172,GABA_Neuron
8297,176,Immune
8298,184,Immune
8299,247,Excitatory_Neuron
8300,209,Excitatory_Neuron
8301,187,GABA_Neuron
8302,187,GABA_Neuron
8303,189,GABA_Neuron
8304,219,Astro-Epen
8305,182,Excitatory_Neuron
8306,255,GABA_Neuron
8307,227,unassigned
8308,249,Excitatory_Neuron
8309,167,Excitatory_Neuron
8310,209,Excitatory_Neuron
8311,187,GABA_Neuron
8312,224,unassigned
8313,189,GABA_Neuron
8314,190,Astro-Epen
8315,194,Astro-Epen
8316,223,Astro-Epen
8317,195,Astro-Epen
8318,205,Excitatory_Neuron
8319,253,unassigned
8320,170,Vascular
8321,171,Astro-Epen
8322,173,Excitatory_Neuron
8323,182,Excitatory_Neuron
8324,230,OPC-Oligo
8325,184,Immune
8326,225,unassigned
8327,257,Astro-Epen
8328,223,Astro-Epen
8329,170,Vascular
8330,170,Vascular
8331,172,GABA_Neuron
8332,177,GABA_Neuron
8333,172,GABA_Neuron
8334,177,GABA_Neuron
8335,184,Immune
8336,187,GABA_Neuron
8337,223,Astro-Epen
8338,171,Astro-Epen
8339,212,GABA_Neuron
8340,176,Immune
8341,184,Immune
8342,249,Excitatory_Neuron
8343,246,Astro-Epen
8344,167,Excitatory_Neuron
8345,224,unassigned
8346,253,unassigned
8347,171,Astro-Epen
8348,172,GABA_Neuron
8349,176,Immune
8350,258,Excitatory_Neuron
8351,184,Immune
8352,204,unassigned
8353,180,GABA_Neuron
8354,227,unassigned
8355,167,Excitatory_Neuron
8356,190,Astro-Epen
8357,193,Immune
8358,205,Excitatory_Neuron
8359,172,GABA_Neuron
8360,173,Excitatory_Neuron
8361,230,OPC-Oligo
8362,222,GABA_Neuron
8363,174,unassigned
8364,187,GABA_Neuron
8365,167,Excitatory_Neuron
8366,224,unassigned
8367,190,Astro-Epen
8368,194,Astro-Epen
8369,195,Astro-Epen
8370,195,Astro-Epen
8371,256,unassigned
8372,174,unassigned
8373,259,unassigned
8374,180,GABA_Neuron
8375,167,Excitatory_Neuron
8376,247,Excitatory_Neuron
8377,219,Astro-Epen
8378,251,unassigned
8379,205,Excitatory_Neuron
8380,194,Astro-Epen
8381,260,unassigned
8382,200,Astro-Epen
8383,256,unassigned
8384,182,Excitatory_Neuron
8385,177,GABA_Neuron
8386,176,Immune
8387,182,Excitatory_Neuron
8388,227,unassigned
8389,187,GABA_Neuron
8390,247,Excitatory_Neuron
8391,167,Excitatory_Neuron
8392,209,Excitatory_Neuron
8393,190,Astro-Epen
8394,190,Astro-Epen
8395,257,Astro-Epen
8396,193,Immune
8397,200,Astro-Epen
8398,200,Astro-Epen
8399,172,GABA_Neuron
8400,176,Immune
8401,255,GABA_Neuron
8402,204,unassigned
8403,240,GABA_Neuron
8404,254,unassigned
8405,167,Excitatory_Neuron
8406,251,unassigned
8407,251,unassigned
8408,191,Excitatory_Neuron
8409,253,unassigned
8410,182,Excitatory_Neuron
8411,176,Immune
8412,234,unassigned
8413,227,unassigned
8414,174,unassigned
8415,174,unassigned
8416,225,unassigned
8417,167,Excitatory_Neuron
8418,209,Excitatory_Neuron
8419,167,Excitatory_Neuron
8420,167,Excitatory_Neuron
8421,219,Astro-Epen
8422,191,Excitatory_Neuron
8423,223,Astro-Epen
8424,195,Astro-Epen
8425,213,unassigned
8426,259,unassigned
8427,182,Excitatory_Neuron
8428,174,unassigned
8429,184,Immune
8430,246,Astro-Epen
8431,205,Excitatory_Neuron
8432,257,Astro-Epen
8433,223,Astro-Epen
8434,194,Astro-Epen
8435,253,unassigned
8436,212,GABA_Neuron
8437,255,GABA_Neuron
8438,174,unassigned
8439,167,Excitatory_Neuron
8440,261,unassigned
8441,256,unassigned
8442,171,Astro-Epen
8443,182,Excitatory_Neuron
8444,174,unassigned
8445,230,OPC-Oligo
8446,176,Immune
8447,182,Excitatory_Neuron
8448,227,unassigned
8449,184,Immune
8450,209,Excitatory_Neuron
8451,167,Excitatory_Neuron
8452,209,Excitatory_Neuron
8453,256,unassigned
8454,200,Astro-Epen
8455,213,unassigned
8456,182,Excitatory_Neuron
8457,222,GABA_Neuron
8458,255,GABA_Neuron
8459,255,GABA_Neuron
8460,204,unassigned
8461,182,Excitatory_Neuron
8462,254,unassigned
8463,167,Excitatory_Neuron
8464,194,Astro-Epen
8465,232,unassigned
8466,182,Excitatory_Neuron
8467,176,Immune
8468,234,unassigned
8469,246,Astro-Epen
8470,167,Excitatory_Neuron
8471,219,Astro-Epen
8472,194,Astro-Epen
8473,173,Excitatory_Neuron
8474,173,Excitatory_Neuron
8475,172,GABA_Neuron
8476,176,Immune
8477,182,Excitatory_Neuron
8478,227,unassigned
8479,246,Astro-Epen
8480,254,unassigned
8481,209,Excitatory_Neuron
8482,219,Astro-Epen
8483,223,Astro-Epen
8484,219,Astro-Epen
8485,205,Excitatory_Neuron
8486,213,unassigned
8487,171,Astro-Epen
8488,230,OPC-Oligo
8489,222,GABA_Neuron
8490,212,GABA_Neuron
8491,189,GABA_Neuron
8492,247,Excitatory_Neuron
8493,209,Excitatory_Neuron
8494,251,unassigned
8495,223,Astro-Epen
8496,200,Astro-Epen
8497,170,Vascular
8498,182,Excitatory_Neuron
8499,176,Immune
8500,176,Immune
8501,219,Astro-Epen
8502,261,unassigned
8503,216,unassigned
8504,200,Astro-Epen
8505,172,GABA_Neuron
8506,176,Immune
8507,182,Excitatory_Neuron
8508,176,Immune
8509,242,Astro-Epen
8510,255,GABA_Neuron
8511,182,Excitatory_Neuron
8512,186,Excitatory_Neuron
8513,167,Excitatory_Neuron
8514,190,Astro-Epen
8515,262,unassigned
8516,194,Astro-Epen
8517,200,Astro-Epen
8518,200,Astro-Epen
8519,213,unassigned
8520,213,unassigned
8521,182,Excitatory_Neuron
8522,222,GABA_Neuron
8523,184,Immune
8524,182,Excitatory_Neuron
8525,182,Excitatory_Neuron
8526,174,unassigned
8527,249,Excitatory_Neuron
8528,246,Astro-Epen
8529,209,Excitatory_Neuron
8530,247,Excitatory_Neuron
8531,219,Astro-Epen
8532,257,Astro-Epen
8533,219,Astro-Epen
8534,257,Astro-Epen
8535,205,Excitatory_Neuron
8536,194,Astro-Epen
8537,191,Excitatory_Neuron
8538,198,unassigned
8539,200,Astro-Epen
8540,173,Excitatory_Neuron
8541,232,unassigned
8542,182,Excitatory_Neuron
8543,230,OPC-Oligo
8544,176,Immune
8545,176,Immune
8546,180,GABA_Neuron
8547,227,unassigned
8548,227,unassigned
8549,186,Excitatory_Neuron
8550,186,Excitatory_Neuron
8551,189,GABA_Neuron
8552,167,Excitatory_Neuron
8553,190,Astro-Epen
8554,223,Astro-Epen
8555,219,Astro-Epen
8556,223,Astro-Epen
8557,205,Excitatory_Neuron
8558,194,Astro-Epen
8559,253,unassigned
8560,253,unassigned
8561,172,GABA_Neuron
8562,227,unassigned
8563,252,unassigned
8564,190,Astro-Epen
8565,190,Astro-Epen
8566,177,GABA_Neuron
8567,176,Immune
8568,180,GABA_Neuron
8569,180,GABA_Neuron
8570,174,unassigned
8571,240,GABA_Neuron
8572,254,unassigned
8573,186,Excitatory_Neuron
8574,189,GABA_Neuron
8575,263,Excitatory_Neuron
8576,251,unassigned
8577,198,unassigned
8578,198,unassigned
8579,205,Excitatory_Neuron
8580,253,unassigned
8581,170,Vascular
8582,222,GABA_Neuron
8583,230,OPC-Oligo
8584,176,Immune
8585,222,GABA_Neuron
8586,176,Immune
8587,176,Immune
8588,255,GABA_Neuron
8589,182,Excitatory_Neuron
8590,182,Excitatory_Neuron
8591,240,GABA_Neuron
8592,190,Astro-Epen
8593,191,Excitatory_Neuron
8594,170,Vascular
8595,170,Vascular
8596,213,unassigned
8597,172,GABA_Neuron
8598,176,Immune
8599,249,Excitatory_Neuron
8600,262,unassigned
8601,190,Astro-Epen
8602,194,Astro-Epen
8603,200,Astro-Epen
8604,200,Astro-Epen
8605,212,GABA_Neuron
8606,258,Excitatory_Neuron
8607,222,GABA_Neuron
8608,184,Immune
8609,249,Excitatory_Neuron
8610,167,Excitatory_Neuron
8611,187,GABA_Neuron
8612,209,Excitatory_Neuron
8613,190,Astro-Epen
8614,223,Astro-Epen
8615,251,unassigned
8616,190,Astro-Epen
8617,219,Astro-Epen
8618,219,Astro-Epen
8619,205,Excitatory_Neuron
8620,205,Excitatory_Neuron
8621,253,unassigned
8622,176,Immune
8623,227,unassigned
8624,180,GABA_Neuron
8625,224,unassigned
8626,257,Astro-Epen
8627,191,Excitatory_Neuron
8628,200,Astro-Epen
8629,182,Excitatory_Neuron
8630,264,unassigned
8631,227,unassigned
8632,184,Immune
8633,209,Excitatory_Neuron
8634,167,Excitatory_Neuron
8635,187,GABA_Neuron
8636,193,Immune
8637,189,GABA_Neuron
8638,190,Astro-Epen
8639,251,unassigned
8640,219,Astro-Epen
8641,223,Astro-Epen
8642,170,Vascular
8643,195,Astro-Epen
8644,172,GABA_Neuron
8645,167,Excitatory_Neuron
8646,189,GABA_Neuron
8647,223,Astro-Epen
8648,198,unassigned
8649,195,Astro-Epen
8650,205,Excitatory_Neuron
8651,176,Immune
8652,180,GABA_Neuron
8653,184,Immune
8654,249,Excitatory_Neuron
8655,167,Excitatory_Neuron
8656,195,Astro-Epen
8657,256,unassigned
8658,176,Immune
8659,242,Astro-Epen
8660,184,Immune
8661,184,Immune
8662,167,Excitatory_Neuron
8663,193,Immune
8664,219,Astro-Epen
8665,205,Excitatory_Neuron
8666,194,Astro-Epen
8667,194,Astro-Epen
8668,176,Immune
8669,255,GABA_Neuron
8670,180,GABA_Neuron
8671,167,Excitatory_Neuron
8672,170,Vascular
8673,194,Astro-Epen
8674,195,Astro-Epen
8675,194,Astro-Epen
8676,200,Astro-Epen
8677,213,unassigned
8678,259,unassigned
8679,191,Excitatory_Neuron
8680,170,Vascular
8681,184,Immune
8682,186,Excitatory_Neuron
8683,224,unassigned
8684,219,Astro-Epen
8685,194,Astro-Epen
8686,182,Excitatory_Neuron
8687,173,Excitatory_Neuron
8688,222,GABA_Neuron
8689,259,unassigned
8690,230,OPC-Oligo
8691,182,Excitatory_Neuron
8692,176,Immune
8693,180,GABA_Neuron
8694,209,Excitatory_Neuron
8695,167,Excitatory_Neuron
8696,193,Immune
8697,189,GABA_Neuron
8698,193,Immune
8699,191,Excitatory_Neuron
8700,170,Vascular
8701,205,Excitatory_Neuron
8702,171,Astro-Epen
8703,222,GABA_Neuron
8704,255,GABA_Neuron
8705,189,GABA_Neuron
8706,167,Excitatory_Neuron
8707,219,Astro-Epen
8708,194,Astro-Epen
8709,195,Astro-Epen
8710,195,Astro-Epen
8711,170,Vascular
8712,232,unassigned
8713,182,Excitatory_Neuron
8714,259,unassigned
8715,249,Excitatory_Neuron
8716,209,Excitatory_Neuron
8717,251,unassigned
8718,190,Astro-Epen
8719,205,Excitatory_Neuron
8720,178,unassigned
8721,242,Astro-Epen
8722,167,Excitatory_Neuron
8723,167,Excitatory_Neuron
8724,186,Excitatory_Neuron
8725,187,GABA_Neuron
8726,167,Excitatory_Neuron
8727,190,Astro-Epen
8728,216,unassigned
8729,194,Astro-Epen
8730,195,Astro-Epen
8731,177,GABA_Neuron
8732,265,Excitatory_Neuron
8733,249,Excitatory_Neuron
8734,186,Excitatory_Neuron
8735,167,Excitatory_Neuron
8736,219,Astro-Epen
8737,205,Excitatory_Neuron
8738,170,Vascular
8739,266,unassigned
8740,182,Excitatory_Neuron
8741,172,GABA_Neuron
8742,172,GABA_Neuron
8743,176,Immune
8744,249,Excitatory_Neuron
8745,247,Excitatory_Neuron
8746,189,GABA_Neuron
8747,167,Excitatory_Neuron
8748,263,Excitatory_Neuron
8749,219,Astro-Epen
8750,261,unassigned
8751,257,Astro-Epen
8752,170,Vascular
8753,200,Astro-Epen
8754,170,Vascular
8755,259,unassigned
8756,189,GABA_Neuron
8757,262,unassigned
8758,193,Immune
8759,267,unassigned
8760,249,Excitatory_Neuron
8761,249,Excitatory_Neuron
8762,263,Excitatory_Neuron
8763,261,unassigned
8764,205,Excitatory_Neuron
8765,194,Astro-Epen
8766,213,unassigned
8767,171,Astro-Epen
8768,172,GABA_Neuron
8769,222,GABA_Neuron
8770,222,GABA_Neuron
8771,246,Astro-Epen
8772,186,Excitatory_Neuron
8773,189,GABA_Neuron
8774,167,Excitatory_Neuron
8775,191,Excitatory_Neuron
8776,195,Astro-Epen
8777,194,Astro-Epen
8778,205,Excitatory_Neuron
8779,253,unassigned
8780,253,unassigned
8781,194,Astro-Epen
8782,170,Vascular
8783,213,unassigned
8784,195,Astro-Epen
8785,213,unassigned
8786,171,Astro-Epen
8787,230,OPC-Oligo
8788,184,Immune
8789,186,Excitatory_Neuron
8790,167,Excitatory_Neuron
8791,167,Excitatory_Neuron
8792,262,unassigned
8793,261,unassigned
8794,194,Astro-Epen
8795,194,Astro-Epen
8796,213,unassigned
8797,171,Astro-Epen
8798,242,Astro-Epen
8799,249,Excitatory_Neuron
8800,167,Excitatory_Neuron
8801,219,Astro-Epen
8802,190,Astro-Epen
8803,205,Excitatory_Neuron
8804,267,unassigned
8805,242,Astro-Epen
8806,247,Excitatory_Neuron
8807,263,Excitatory_Neuron
8808,190,Astro-Epen
8809,205,Excitatory_Neuron
8810,170,Vascular
8811,213,unassigned
8812,222,GABA_Neuron
8813,258,Excitatory_Neuron
8814,176,Immune
8815,258,Excitatory_Neuron
8816,174,unassigned
8817,184,Immune
8818,167,Excitatory_Neuron
8819,189,GABA_Neuron
8820,223,Astro-Epen
8821,259,unassigned
8822,259,unassigned
8823,256,unassigned
8824,232,unassigned
8825,172,GABA_Neuron
8826,167,Excitatory_Neuron
8827,167,Excitatory_Neuron
8828,268,unassigned
8829,262,unassigned
8830,263,Excitatory_Neuron
8831,205,Excitatory_Neuron
8832,195,Astro-Epen
8833,205,Excitatory_Neuron
8834,171,Astro-Epen
8835,172,GABA_Neuron
8836,246,Astro-Epen
8837,247,Excitatory_Neuron
8838,186,Excitatory_Neuron
8839,167,Excitatory_Neuron
8840,269,unassigned
8841,257,Astro-Epen
8842,191,Excitatory_Neuron
8843,200,Astro-Epen
8844,195,Astro-Epen
8845,194,Astro-Epen
8846,171,Astro-Epen
8847,230,OPC-Oligo
8848,183,Astro-Epen
8849,184,Immune
8850,189,GABA_Neuron
8851,209,Excitatory_Neuron
8852,200,Astro-Epen
8853,194,Astro-Epen
8854,253,unassigned
8855,256,unassigned
8856,232,unassigned
8857,232,unassigned
8858,171,Astro-Epen
8859,232,unassigned
8860,174,unassigned
8861,230,OPC-Oligo
8862,246,Astro-Epen
8863,240,GABA_Neuron
8864,247,Excitatory_Neuron
8865,209,Excitatory_Neuron
8866,263,Excitatory_Neuron
8867,205,Excitatory_Neuron
8868,172,GABA_Neuron
8869,259,unassigned
8870,255,GABA_Neuron
8871,242,Astro-Epen
8872,186,Excitatory_Neuron
8873,209,Excitatory_Neuron
8874,223,Astro-Epen
8875,195,Astro-Epen
8876,194,Astro-Epen
8877,253,unassigned
8878,253,unassigned
8879,182,Excitatory_Neuron
8880,230,OPC-Oligo
8881,242,Astro-Epen
8882,242,Astro-Epen
8883,242,Astro-Epen
8884,180,GABA_Neuron
8885,240,GABA_Neuron
8886,240,GABA_Neuron
8887,189,GABA_Neuron
8888,205,Excitatory_Neuron
8889,200,Astro-Epen
8890,253,unassigned
8891,182,Excitatory_Neuron
8892,270,unassigned
8893,186,Excitatory_Neuron
8894,247,Excitatory_Neuron
8895,170,Vascular
8896,253,unassigned
8897,174,unassigned
8898,180,GABA_Neuron
8899,184,Immune
8900,167,Excitatory_Neuron
8901,209,Excitatory_Neuron
8902,189,GABA_Neuron
8903,186,Excitatory_Neuron
8904,167,Excitatory_Neuron
8905,190,Astro-Epen
8906,194,Astro-Epen
8907,194,Astro-Epen
8908,253,unassigned
8909,173,Excitatory_Neuron
8910,172,GABA_Neuron
8911,232,unassigned
8912,182,Excitatory_Neuron
8913,230,OPC-Oligo
8914,176,Immune
8915,176,Immune
8916,240,GABA_Neuron
8917,167,Excitatory_Neuron
8918,269,unassigned
8919,173,Excitatory_Neuron
8920,180,GABA_Neuron
8921,255,GABA_Neuron
8922,180,GABA_Neuron
8923,271,GABA_Neuron
8924,182,Excitatory_Neuron
8925,272,unassigned
8926,187,GABA_Neuron
8927,195,Astro-Epen
8928,200,Astro-Epen
8929,213,unassigned
8930,172,GABA_Neuron
8931,258,Excitatory_Neuron
8932,183,Astro-Epen
8933,246,Astro-Epen
8934,240,GABA_Neuron
8935,186,Excitatory_Neuron
8936,190,Astro-Epen
8937,219,Astro-Epen
8938,205,Excitatory_Neuron
8939,171,Astro-Epen
8940,242,Astro-Epen
8941,222,GABA_Neuron
8942,227,unassigned
8943,187,GABA_Neuron
8944,190,Astro-Epen
8945,194,Astro-Epen
8946,173,Excitatory_Neuron
8947,174,unassigned
8948,174,unassigned
8949,242,Astro-Epen
8950,265,Excitatory_Neuron
8951,255,GABA_Neuron
8952,180,GABA_Neuron
8953,271,GABA_Neuron
8954,167,Excitatory_Neuron
8955,247,Excitatory_Neuron
8956,194,Astro-Epen
8957,194,Astro-Epen
8958,256,unassigned
8959,194,Astro-Epen
8960,171,Astro-Epen
8961,171,Astro-Epen
8962,172,GABA_Neuron
8963,259,unassigned
8964,180,GABA_Neuron
8965,258,Excitatory_Neuron
8966,167,Excitatory_Neuron
8967,189,GABA_Neuron
8968,194,Astro-Epen
8969,205,Excitatory_Neuron
8970,171,Astro-Epen
8971,176,Immune
8972,259,unassigned
8973,271,GABA_Neuron
8974,246,Astro-Epen
8975,252,unassigned
8976,191,Excitatory_Neuron
8977,195,Astro-Epen
8978,172,GABA_Neuron
8979,259,unassigned
8980,222,GABA_Neuron
8981,180,GABA_Neuron
8982,227,unassigned
8983,227,unassigned
8984,246,Astro-Epen
8985,227,unassigned
8986,189,GABA_Neuron
8987,187,GABA_Neuron
8988,205,Excitatory_Neuron
8989,171,Astro-Epen
8990,173,Excitatory_Neuron
8991,173,Excitatory_Neuron
8992,230,OPC-Oligo
8993,222,GABA_Neuron
8994,180,GABA_Neuron
8995,227,unassigned
8996,252,unassigned
8997,189,GABA_Neuron
8998,247,Excitatory_Neuron
8999,205,Excitatory_Neuron
9000,194,Astro-Epen
9001,194,Astro-Epen
9002,205,Excitatory_Neuron
9003,195,Astro-Epen
9004,253,unassigned
9005,172,GABA_Neuron
9006,182,Excitatory_Neuron
9007,230,OPC-Oligo
9008,258,Excitatory_Neuron
9009,240,GABA_Neuron
9010,240,GABA_Neuron
9011,247,Excitatory_Neuron
9012,273,unassigned
9013,167,Excitatory_Neuron
9014,167,Excitatory_Neuron
9015,209,Excitatory_Neuron
9016,247,Excitatory_Neuron
9017,274,unassigned
9018,223,Astro-Epen
9019,230,OPC-Oligo
9020,182,Excitatory_Neuron
9021,176,Immune
9022,249,Excitatory_Neuron
9023,167,Excitatory_Neuron
9024,247,Excitatory_Neuron
9025,247,Excitatory_Neuron
9026,251,unassigned
9027,194,Astro-Epen
9028,171,Astro-Epen
9029,222,GABA_Neuron
9030,259,unassigned
9031,222,GABA_Neuron
9032,240,GABA_Neuron
9033,184,Immune
9034,247,Excitatory_Neuron
9035,240,GABA_Neuron
9036,186,Excitatory_Neuron
9037,190,Astro-Epen
9038,219,Astro-Epen
9039,223,Astro-Epen
9040,195,Astro-Epen
9041,173,Excitatory_Neuron
9042,173,Excitatory_Neuron
9043,171,Astro-Epen
9044,230,OPC-Oligo
9045,259,unassigned
9046,255,GABA_Neuron
9047,174,unassigned
9048,184,Immune
9049,252,unassigned
9050,224,unassigned
9051,193,Immune
9052,253,unassigned
9053,213,unassigned
9054,275,unassigned
9055,182,Excitatory_Neuron
9056,240,GABA_Neuron
9057,240,GABA_Neuron
9058,247,Excitatory_Neuron
9059,190,Astro-Epen
9060,195,Astro-Epen
9061,276,unassigned
9062,170,Vascular
9063,172,GABA_Neuron
9064,222,GABA_Neuron
9065,265,Excitatory_Neuron
9066,180,GABA_Neuron
9067,227,unassigned
9068,247,Excitatory_Neuron
9069,274,unassigned
9070,223,Astro-Epen
9071,219,Astro-Epen
9072,191,Excitatory_Neuron
9073,253,unassigned
9074,174,unassigned
9075,177,GABA_Neuron
9076,222,GABA_Neuron
9077,176,Immune
9078,180,GABA_Neuron
9079,182,Excitatory_Neuron
9080,167,Excitatory_Neuron
9081,187,GABA_Neuron
9082,277,unassigned
9083,257,Astro-Epen
9084,258,Excitatory_Neuron
9085,252,unassigned
9086,167,Excitatory_Neuron
9087,247,Excitatory_Neuron
9088,219,Astro-Epen
9089,223,Astro-Epen
9090,190,Astro-Epen
9091,253,unassigned
9092,256,unassigned
9093,194,Astro-Epen
9094,200,Astro-Epen
9095,171,Astro-Epen
9096,259,unassigned
9097,278,unassigned
9098,230,OPC-Oligo
9099,227,unassigned
9100,249,Excitatory_Neuron
9101,247,Excitatory_Neuron
9102,247,Excitatory_Neuron
9103,167,Excitatory_Neuron
9104,224,unassigned
9105,224,unassigned
9106,205,Excitatory_Neuron
9107,195,Astro-Epen
9108,171,Astro-Epen
9109,174,unassigned
9110,182,Excitatory_Neuron
9111,212,GABA_Neuron
9112,259,unassigned
9113,177,GABA_Neuron
9114,259,unassigned
9115,174,unassigned
9116,167,Excitatory_Neuron
9117,247,Excitatory_Neuron
9118,190,Astro-Epen
9119,263,Excitatory_Neuron
9120,219,Astro-Epen
9121,256,unassigned
9122,182,Excitatory_Neuron
9123,182,Excitatory_Neuron
9124,265,Excitatory_Neuron
9125,180,GABA_Neuron
9126,180,GABA_Neuron
9127,180,GABA_Neuron
9128,246,Astro-Epen
9129,240,GABA_Neuron
9130,167,Excitatory_Neuron
9131,262,unassigned
9132,219,Astro-Epen
9133,170,Vascular
9134,200,Astro-Epen
9135,232,unassigned
9136,230,OPC-Oligo
9137,258,Excitatory_Neuron
9138,242,Astro-Epen
9139,176,Immune
9140,265,Excitatory_Neuron
9141,265,Excitatory_Neuron
9142,180,GABA_Neuron
9143,274,unassigned
9144,262,unassigned
9145,190,Astro-Epen
9146,193,Immune
9147,182,Excitatory_Neuron
9148,279,unassigned
9149,230,OPC-Oligo
9150,222,GABA_Neuron
9151,258,Excitatory_Neuron
9152,180,GABA_Neuron
9153,167,Excitatory_Neuron
9154,190,Astro-Epen
9155,251,unassigned
9156,194,Astro-Epen
9157,173,Excitatory_Neuron
9158,232,unassigned
9159,275,unassigned
9160,246,Astro-Epen
9161,167,Excitatory_Neuron
9162,247,Excitatory_Neuron
9163,224,unassigned
9164,253,unassigned
9165,171,Astro-Epen
9166,171,Astro-Epen
9167,278,unassigned
9168,240,GABA_Neuron
9169,247,Excitatory_Neuron
9170,247,Excitatory_Neuron
9171,193,Immune
9172,182,Excitatory_Neuron
9173,174,unassigned
9174,173,Excitatory_Neuron
9175,279,unassigned
9176,242,Astro-Epen
9177,230,OPC-Oligo
9178,252,unassigned
9179,190,Astro-Epen
9180,251,unassigned
9181,205,Excitatory_Neuron
9182,223,Astro-Epen
9183,205,Excitatory_Neuron
9184,276,unassigned
9185,279,unassigned
9186,279,unassigned
9187,275,unassigned
9188,171,Astro-Epen
9189,222,GABA_Neuron
9190,230,OPC-Oligo
9191,222,GABA_Neuron
9192,240,GABA_Neuron
9193,167,Excitatory_Neuron
9194,190,Astro-Epen
9195,262,unassigned
9196,190,Astro-Epen
9197,194,Astro-Epen
9198,275,unassigned
9199,174,unassigned
9200,232,unassigned
9201,180,GABA_Neuron
9202,246,Astro-Epen
9203,246,Astro-Epen
9204,184,Immune
9205,247,Excitatory_Neuron
9206,247,Excitatory_Neuron
9207,277,unassigned
9208,247,Excitatory_Neuron
9209,190,Astro-Epen
9210,274,unassigned
9211,223,Astro-Epen
9212,276,unassigned
9213,170,Vascular
9214,172,GABA_Neuron
9215,279,unassigned
9216,182,Excitatory_Neuron
9217,230,OPC-Oligo
9218,278,unassigned
9219,184,Immune
9220,246,Astro-Epen
9221,186,Excitatory_Neuron
9222,271,GABA_Neuron
9223,240,GABA_Neuron
9224,167,Excitatory_Neuron
9225,219,Astro-Epen
9226,194,Astro-Epen
9227,170,Vascular
9228,170,Vascular
9229,174,unassigned
9230,265,Excitatory_Neuron
9231,242,Astro-Epen
9232,249,Excitatory_Neuron
9233,240,GABA_Neuron
9234,167,Excitatory_Neuron
9235,167,Excitatory_Neuron
9236,167,Excitatory_Neuron
9237,262,unassigned
9238,193,Immune
9239,171,Astro-Epen
9240,259,unassigned
9241,242,Astro-Epen
9242,242,Astro-Epen
9243,255,GABA_Neuron
9244,180,GABA_Neuron
9245,246,Astro-Epen
9246,247,Excitatory_Neuron
9247,224,unassigned
9248,205,Excitatory_Neuron
9249,182,Excitatory_Neuron
9250,242,Astro-Epen
9251,242,Astro-Epen
9252,180,GABA_Neuron
9253,240,GABA_Neuron
9254,249,Excitatory_Neuron
9255,190,Astro-Epen
9256,194,Astro-Epen
9257,182,Excitatory_Neuron
9258,171,Astro-Epen
9259,180,GABA_Neuron
9260,271,GABA_Neuron
9261,249,Excitatory_Neuron
9262,252,unassigned
9263,251,unassigned
9264,170,Vascular
9265,182,Excitatory_Neuron
9266,182,Excitatory_Neuron
9267,242,Astro-Epen
9268,230,OPC-Oligo
9269,278,unassigned
9270,180,GABA_Neuron
9271,190,Astro-Epen
9272,262,unassigned
9273,190,Astro-Epen
9274,263,Excitatory_Neuron
9275,251,unassigned
9276,269,unassigned
9277,279,unassigned
9278,212,GABA_Neuron
9279,176,Immune
9280,242,Astro-Epen
9281,249,Excitatory_Neuron
9282,247,Excitatory_Neuron
9283,167,Excitatory_Neuron
9284,171,Astro-Epen
9285,172,GABA_Neuron
9286,182,Excitatory_Neuron
9287,259,unassigned
9288,222,GABA_Neuron
9289,242,Astro-Epen
9290,180,GABA_Neuron
9291,255,GABA_Neuron
9292,240,GABA_Neuron
9293,167,Excitatory_Neuron
9294,167,Excitatory_Neuron
9295,190,Astro-Epen
9296,190,Astro-Epen
9297,257,Astro-Epen
9298,276,unassigned
9299,195,Astro-Epen
9300,259,unassigned
9301,222,GABA_Neuron
9302,222,GABA_Neuron
9303,271,GABA_Neuron
9304,246,Astro-Epen
9305,240,GABA_Neuron
9306,247,Excitatory_Neuron
9307,189,GABA_Neuron
9308,223,Astro-Epen
9309,251,unassigned
9310,191,Excitatory_Neuron
9311,193,Immune
9312,170,Vascular
9313,195,Astro-Epen
9314,253,unassigned
9315,170,Vascular
9316,253,unassigned
9317,279,unassigned
9318,172,GABA_Neuron
9319,171,Astro-Epen
9320,242,Astro-Epen
9321,180,GABA_Neuron
9322,255,GABA_Neuron
9323,180,GABA_Neuron
9324,182,Excitatory_Neuron
9325,249,Excitatory_Neuron
9326,167,Excitatory_Neuron
9327,253,unassigned
9328,222,GABA_Neuron
9329,278,unassigned
9330,255,GABA_Neuron
9331,252,unassigned
9332,189,GABA_Neuron
9333,280,unassigned
9334,251,unassigned
9335,191,Excitatory_Neuron
9336,190,Astro-Epen
9337,172,GABA_Neuron
9338,176,Immune
9339,265,Excitatory_Neuron
9340,180,GABA_Neuron
9341,180,GABA_Neuron
9342,240,GABA_Neuron
9343,190,Astro-Epen
9344,253,unassigned
9345,213,unassigned
9346,176,Immune
9347,258,Excitatory_Neuron
9348,271,GABA_Neuron
9349,249,Excitatory_Neuron
9350,167,Excitatory_Neuron
9351,247,Excitatory_Neuron
9352,167,Excitatory_Neuron
9353,223,Astro-Epen
9354,194,Astro-Epen
9355,230,OPC-Oligo
9356,259,unassigned
9357,222,GABA_Neuron
9358,265,Excitatory_Neuron
9359,265,Excitatory_Neuron
9360,180,GABA_Neuron
9361,242,Astro-Epen
9362,184,Immune
9363,247,Excitatory_Neuron
9364,240,GABA_Neuron
9365,167,Excitatory_Neuron
9366,262,unassigned
9367,191,Excitatory_Neuron
9368,205,Excitatory_Neuron
9369,171,Astro-Epen
9370,249,Excitatory_Neuron
9371,224,unassigned
9372,190,Astro-Epen
9373,256,unassigned
9374,174,unassigned
9375,222,GABA_Neuron
9376,265,Excitatory_Neuron
9377,184,Immune
9378,252,unassigned
9379,247,Excitatory_Neuron
9380,247,Excitatory_Neuron
9381,193,Immune
9382,193,Immune
9383,257,Astro-Epen
9384,222,GABA_Neuron
9385,222,GABA_Neuron
9386,184,Immune
9387,167,Excitatory_Neuron
9388,222,GABA_Neuron
9389,242,Astro-Epen
9390,180,GABA_Neuron
9391,255,GABA_Neuron
9392,180,GABA_Neuron
9393,240,GABA_Neuron
9394,167,Excitatory_Neuron
9395,189,GABA_Neuron
9396,182,Excitatory_Neuron
9397,182,Excitatory_Neuron
9398,182,Excitatory_Neuron
9399,230,OPC-Oligo
9400,222,GABA_Neuron
9401,230,OPC-Oligo
9402,265,Excitatory_Neuron
9403,271,GABA_Neuron
9404,240,GABA_Neuron
9405,240,GABA_Neuron
9406,249,Excitatory_Neuron
9407,173,Excitatory_Neuron
9408,182,Excitatory_Neuron
9409,259,unassigned
9410,180,GABA_Neuron
9411,167,Excitatory_Neuron
9412,281,unassigned
9413,223,Astro-Epen
9414,190,Astro-Epen
9415,182,Excitatory_Neuron
9416,249,Excitatory_Neuron
9417,167,Excitatory_Neuron
9418,276,unassigned
9419,174,unassigned
9420,167,Excitatory_Neuron
9421,167,Excitatory_Neuron
9422,282,unassigned
9423,194,Astro-Epen
9424,193,Immune
9425,193,Immune
9426,230,OPC-Oligo
9427,230,OPC-Oligo
9428,222,GABA_Neuron
9429,265,Excitatory_Neuron
9430,182,Excitatory_Neuron
9431,246,Astro-Epen
9432,277,unassigned
9433,224,unassigned
9434,282,unassigned
9435,194,Astro-Epen
9436,182,Excitatory_Neuron
9437,259,unassigned
9438,249,Excitatory_Neuron
9439,167,Excitatory_Neuron
9440,224,unassigned
9441,282,unassigned
9442,191,Excitatory_Neuron
9443,194,Astro-Epen
9444,276,unassigned
9445,242,Astro-Epen
9446,184,Immune
9447,184,Immune
9448,249,Excitatory_Neuron
9449,224,unassigned
9450,191,Excitatory_Neuron
9451,195,Astro-Epen
9452,171,Astro-Epen
9453,265,Excitatory_Neuron
9454,249,Excitatory_Neuron
9455,271,GABA_Neuron
9456,271,GABA_Neuron
9457,190,Astro-Epen
9458,269,unassigned
9459,230,OPC-Oligo
9460,184,Immune
9461,246,Astro-Epen
9462,167,Excitatory_Neuron
9463,247,Excitatory_Neuron
9464,190,Astro-Epen
9465,194,Astro-Epen
9466,200,Astro-Epen
9467,195,Astro-Epen
9468,172,GABA_Neuron
9469,171,Astro-Epen
9470,172,GABA_Neuron
9471,222,GABA_Neuron
9472,230,OPC-Oligo
9473,259,unassigned
9474,247,Excitatory_Neuron
9475,252,unassigned
9476,194,Astro-Epen
9477,194,Astro-Epen
9478,195,Astro-Epen
9479,182,Excitatory_Neuron
9480,242,Astro-Epen
9481,182,Excitatory_Neuron
9482,222,GABA_Neuron
9483,222,GABA_Neuron
9484,184,Immune
9485,249,Excitatory_Neuron
9486,167,Excitatory_Neuron
9487,167,Excitatory_Neuron
9488,263,Excitatory_Neuron
9489,194,Astro-Epen
9490,171,Astro-Epen
9491,171,Astro-Epen
9492,242,Astro-Epen
9493,184,Immune
9494,247,Excitatory_Neuron
9495,274,unassigned
9496,190,Astro-Epen
9497,191,Excitatory_Neuron
9498,190,Astro-Epen
9499,205,Excitatory_Neuron
9500,257,Astro-Epen
9501,275,unassigned
9502,173,Excitatory_Neuron
9503,182,Excitatory_Neuron
9504,259,unassigned
9505,242,Astro-Epen
9506,230,OPC-Oligo
9507,180,GABA_Neuron
9508,184,Immune
9509,240,GABA_Neuron
9510,167,Excitatory_Neuron
9511,205,Excitatory_Neuron
9512,230,OPC-Oligo
9513,222,GABA_Neuron
9514,242,Astro-Epen
9515,242,Astro-Epen
9516,265,Excitatory_Neuron
9517,187,GABA_Neuron
9518,167,Excitatory_Neuron
9519,193,Immune
9520,193,Immune
9521,242,Astro-Epen
9522,182,Excitatory_Neuron
9523,265,Excitatory_Neuron
9524,184,Immune
9525,249,Excitatory_Neuron
9526,167,Excitatory_Neuron
9527,224,unassigned
9528,223,Astro-Epen
9529,170,Vascular
9530,182,Excitatory_Neuron
9531,230,OPC-Oligo
9532,174,unassigned
9533,194,Astro-Epen
9534,182,Excitatory_Neuron
9535,182,Excitatory_Neuron
9536,173,Excitatory_Neuron
9537,176,Immune
9538,249,Excitatory_Neuron
9539,224,unassigned
9540,174,unassigned
9541,182,Excitatory_Neuron
9542,173,Excitatory_Neuron
9543,182,Excitatory_Neuron
9544,230,OPC-Oligo
9545,242,Astro-Epen
9546,184,Immune
9547,167,Excitatory_Neuron
9548,247,Excitatory_Neuron
9549,223,Astro-Epen
9550,173,Excitatory_Neuron
9551,222,GABA_Neuron
9552,222,GABA_Neuron
9553,258,Excitatory_Neuron
9554,265,Excitatory_Neuron
9555,255,GABA_Neuron
9556,246,Astro-Epen
9557,252,unassigned
9558,191,Excitatory_Neuron
9559,276,unassigned
9560,222,GABA_Neuron
9561,182,Excitatory_Neuron
9562,222,GABA_Neuron
9563,184,Immune
9564,189,GABA_Neuron
9565,263,Excitatory_Neuron
9566,191,Excitatory_Neuron
9567,263,Excitatory_Neuron
9568,191,Excitatory_Neuron
9569,194,Astro-Epen
9570,171,Astro-Epen
9571,182,Excitatory_Neuron
9572,222,GABA_Neuron
9573,182,Excitatory_Neuron
9574,240,GABA_Neuron
9575,246,Astro-Epen
9576,247,Excitatory_Neuron
9577,240,GABA_Neuron
9578,167,Excitatory_Neuron
9579,277,unassigned
9580,194,Astro-Epen
9581,230,OPC-Oligo
9582,182,Excitatory_Neuron
9583,222,GABA_Neuron
9584,180,GABA_Neuron
9585,184,Immune
9586,167,Excitatory_Neuron
9587,187,GABA_Neuron
9588,195,Astro-Epen
9589,182,Excitatory_Neuron
9590,182,Excitatory_Neuron
9591,182,Excitatory_Neuron
9592,242,Astro-Epen
9593,222,GABA_Neuron
9594,189,GABA_Neuron
9595,167,Excitatory_Neuron
9596,193,Immune
9597,222,GABA_Neuron
9598,230,OPC-Oligo
9599,258,Excitatory_Neuron
9600,242,Astro-Epen
9601,242,Astro-Epen
9602,246,Astro-Epen
9603,186,Excitatory_Neuron
9604,194,Astro-Epen
9605,171,Astro-Epen
9606,265,Excitatory_Neuron
9607,252,unassigned
9608,167,Excitatory_Neuron
9609,167,Excitatory_Neuron
9610,263,Excitatory_Neuron
9611,257,Astro-Epen
9612,182,Excitatory_Neuron
9613,182,Excitatory_Neuron
9614,265,Excitatory_Neuron
9615,258,Excitatory_Neuron
9616,240,GABA_Neuron
9617,247,Excitatory_Neuron
9618,187,GABA_Neuron
9619,182,Excitatory_Neuron
9620,279,unassigned
9621,230,OPC-Oligo
9622,265,Excitatory_Neuron
9623,252,unassigned
9624,167,Excitatory_Neuron
9625,252,unassigned
9626,283,unassigned
9627,171,Astro-Epen
9628,174,unassigned
9629,242,Astro-Epen
9630,187,GABA_Neuron
9631,252,unassigned
9632,263,Excitatory_Neuron
9633,205,Excitatory_Neuron
9634,195,Astro-Epen
9635,257,Astro-Epen
9636,230,OPC-Oligo
9637,230,OPC-Oligo
9638,265,Excitatory_Neuron
9639,265,Excitatory_Neuron
9640,242,Astro-Epen
9641,271,GABA_Neuron
9642,284,unassigned
9643,180,GABA_Neuron
9644,167,Excitatory_Neuron
9645,263,Excitatory_Neuron
9646,257,Astro-Epen
9647,276,unassigned
9648,174,unassigned
9649,242,Astro-Epen
9650,258,Excitatory_Neuron
9651,265,Excitatory_Neuron
9652,249,Excitatory_Neuron
9653,205,Excitatory_Neuron
9654,172,GABA_Neuron
9655,222,GABA_Neuron
9656,259,unassigned
9657,255,GABA_Neuron
9658,271,GABA_Neuron
9659,285,GABA_Neuron
9660,263,Excitatory_Neuron
9661,286,unassigned
9662,263,Excitatory_Neuron
9663,194,Astro-Epen
9664,200,Astro-Epen
9665,174,unassigned
9666,182,Excitatory_Neuron
9667,182,Excitatory_Neuron
9668,258,Excitatory_Neuron
9669,265,Excitatory_Neuron
9670,255,GABA_Neuron
9671,180,GABA_Neuron
9672,284,unassigned
9673,247,Excitatory_Neuron
9674,281,unassigned
9675,282,unassigned
9676,277,unassigned
9677,194,Astro-Epen
9678,200,Astro-Epen
9679,287,unassigned
9680,171,Astro-Epen
9681,174,unassigned
9682,182,Excitatory_Neuron
9683,255,GABA_Neuron
9684,258,Excitatory_Neuron
9685,265,Excitatory_Neuron
9686,193,Immune
9687,205,Excitatory_Neuron
9688,205,Excitatory_Neuron
9689,195,Astro-Epen
9690,170,Vascular
9691,182,Excitatory_Neuron
9692,279,unassigned
9693,230,OPC-Oligo
9694,182,Excitatory_Neuron
9695,182,Excitatory_Neuron
9696,222,GABA_Neuron
9697,180,GABA_Neuron
9698,186,Excitatory_Neuron
9699,288,unassigned
9700,205,Excitatory_Neuron
9701,230,OPC-Oligo
9702,289,Astro-Epen
9703,258,Excitatory_Neuron
9704,255,GABA_Neuron
9705,180,GABA_Neuron
9706,263,Excitatory_Neuron
9707,280,unassigned
9708,280,unassigned
9709,280,unassigned
9710,194,Astro-Epen
9711,195,Astro-Epen
9712,194,Astro-Epen
9713,170,Vascular
9714,242,Astro-Epen
9715,265,Excitatory_Neuron
9716,284,unassigned
9717,167,Excitatory_Neuron
9718,277,unassigned
9719,263,Excitatory_Neuron
9720,194,Astro-Epen
9721,290,unassigned
9722,171,Astro-Epen
9723,232,unassigned
9724,182,Excitatory_Neuron
9725,182,Excitatory_Neuron
9726,222,GABA_Neuron
9727,265,Excitatory_Neuron
9728,180,GABA_Neuron
9729,252,unassigned
9730,277,unassigned
9731,277,unassigned
9732,263,Excitatory_Neuron
9733,194,Astro-Epen
9734,279,unassigned
9735,259,unassigned
9736,230,OPC-Oligo
9737,182,Excitatory_Neuron
9738,246,Astro-Epen
9739,190,Astro-Epen
9740,280,unassigned
9741,257,Astro-Epen
9742,259,unassigned
9743,182,Excitatory_Neuron
9744,258,Excitatory_Neuron
9745,265,Excitatory_Neuron
9746,265,Excitatory_Neuron
9747,249,Excitatory_Neuron
9748,167,Excitatory_Neuron
9749,277,unassigned
9750,280,unassigned
9751,193,Immune
9752,191,Excitatory_Neuron
9753,193,Immune
9754,194,Astro-Epen
9755,276,unassigned
9756,182,Excitatory_Neuron
9757,222,GABA_Neuron
9758,222,GABA_Neuron
9759,230,OPC-Oligo
9760,258,Excitatory_Neuron
9761,180,GABA_Neuron
9762,246,Astro-Epen
9763,246,Astro-Epen
9764,167,Excitatory_Neuron
9765,195,Astro-Epen
9766,172,GABA_Neuron
9767,285,GABA_Neuron
9768,190,Astro-Epen
9769,257,Astro-Epen
9770,170,Vascular
9771,194,Astro-Epen
9772,291,unassigned
9773,172,GABA_Neuron
9774,182,Excitatory_Neuron
9775,279,unassigned
9776,242,Astro-Epen
9777,265,Excitatory_Neuron
9778,265,Excitatory_Neuron
9779,265,Excitatory_Neuron
9780,249,Excitatory_Neuron
9781,252,unassigned
9782,167,Excitatory_Neuron
9783,282,unassigned
9784,170,Vascular
9785,170,Vascular
9786,242,Astro-Epen
9787,222,GABA_Neuron
9788,167,Excitatory_Neuron
9789,280,unassigned
9790,257,Astro-Epen
9791,194,Astro-Epen
9792,279,unassigned
9793,242,Astro-Epen
9794,265,Excitatory_Neuron
9795,180,GABA_Neuron
9796,246,Astro-Epen
9797,167,Excitatory_Neuron
9798,167,Excitatory_Neuron
9799,276,unassigned
9800,195,Astro-Epen
9801,174,unassigned
9802,174,unassigned
9803,279,unassigned
9804,222,GABA_Neuron
9805,182,Excitatory_Neuron
9806,242,Astro-Epen
9807,240,GABA_Neuron
9808,252,unassigned
9809,263,Excitatory_Neuron
9810,280,unassigned
9811,223,Astro-Epen
9812,170,Vascular
9813,174,unassigned
9814,180,GABA_Neuron
9815,271,GABA_Neuron
9816,252,unassigned
9817,285,GABA_Neuron
9818,167,Excitatory_Neuron
9819,257,Astro-Epen
9820,276,unassigned
9821,240,GABA_Neuron
9822,186,Excitatory_Neuron
9823,292,unassigned
9824,167,Excitatory_Neuron
9825,189,GABA_Neuron
9826,257,Astro-Epen
9827,172,GABA_Neuron
9828,259,unassigned
9829,222,GABA_Neuron
9830,242,Astro-Epen
9831,258,Excitatory_Neuron
9832,176,Immune
9833,265,Excitatory_Neuron
9834,249,Excitatory_Neuron
9835,193,Immune
9836,194,Astro-Epen
9837,257,Astro-Epen
9838,173,Excitatory_Neuron
9839,255,GABA_Neuron
9840,240,GABA_Neuron
9841,249,Excitatory_Neuron
9842,292,unassigned
9843,283,unassigned
9844,171,Astro-Epen
9845,247,Excitatory_Neuron
9846,274,unassigned
9847,190,Astro-Epen
9848,246,Astro-Epen
9849,167,Excitatory_Neuron
9850,276,unassigned
9851,287,unassigned
9852,171,Astro-Epen
9853,293,unassigned
9854,222,GABA_Neuron
9855,258,Excitatory_Neuron
9856,182,Excitatory_Neuron
9857,246,Astro-Epen
9858,263,Excitatory_Neuron
9859,277,unassigned
9860,195,Astro-Epen
9861,258,Excitatory_Neuron
9862,265,Excitatory_Neuron
9863,292,unassigned
9864,285,GABA_Neuron
9865,189,GABA_Neuron
9866,193,Immune
9867,180,GABA_Neuron
9868,252,unassigned
9869,255,GABA_Neuron
9870,249,Excitatory_Neuron
9871,249,Excitatory_Neuron
9872,186,Excitatory_Neuron
9873,167,Excitatory_Neuron
9874,274,unassigned
9875,257,Astro-Epen
9876,293,unassigned
9877,246,Astro-Epen
9878,288,unassigned
9879,274,unassigned
9880,276,unassigned
9881,230,OPC-Oligo
9882,174,unassigned
9883,187,GABA_Neuron
9884,186,Excitatory_Neuron
9885,276,unassigned
9886,180,GABA_Neuron
9887,184,Immune
9888,285,GABA_Neuron
9889,247,Excitatory_Neuron
9890,247,Excitatory_Neuron
9891,167,Excitatory_Neuron
9892,193,Immune
9893,283,unassigned
9894,287,unassigned
9895,172,GABA_Neuron
9896,172,GABA_Neuron
9897,182,Excitatory_Neuron
9898,180,GABA_Neuron
9899,249,Excitatory_Neuron
9900,167,Excitatory_Neuron
9901,263,Excitatory_Neuron
9902,205,Excitatory_Neuron
9903,171,Astro-Epen
9904,246,Astro-Epen
9905,247,Excitatory_Neuron
9906,286,unassigned
9907,286,unassigned
9908,205,Excitatory_Neuron
9909,191,Excitatory_Neuron
9910,194,Astro-Epen
9911,242,Astro-Epen
9912,258,Excitatory_Neuron
9913,180,GABA_Neuron
9914,180,GABA_Neuron
9915,265,Excitatory_Neuron
9916,174,unassigned
9917,190,Astro-Epen
9918,205,Excitatory_Neuron
9919,276,unassigned
9920,287,unassigned
9921,222,GABA_Neuron
9922,182,Excitatory_Neuron
9923,242,Astro-Epen
9924,246,Astro-Epen
9925,249,Excitatory_Neuron
9926,285,GABA_Neuron
9927,187,GABA_Neuron
9928,283,unassigned
9929,194,Astro-Epen
9930,205,Excitatory_Neuron
9931,294,unassigned
9932,182,Excitatory_Neuron
9933,242,Astro-Epen
9934,186,Excitatory_Neuron
9935,194,Astro-Epen
9936,276,unassigned
9937,276,unassigned
9938,293,unassigned
9939,265,Excitatory_Neuron
9940,252,unassigned
9941,194,Astro-Epen
9942,276,unassigned
9943,294,unassigned
9944,258,Excitatory_Neuron
9945,180,GABA_Neuron
9946,240,GABA_Neuron
9947,189,GABA_Neuron
9948,286,unassigned
9949,286,unassigned
9950,223,Astro-Epen
9951,205,Excitatory_Neuron
9952,172,GABA_Neuron
9953,171,Astro-Epen
9954,293,unassigned
9955,182,Excitatory_Neuron
9956,174,unassigned
9957,259,unassigned
9958,265,Excitatory_Neuron
9959,182,Excitatory_Neuron
9960,265,Excitatory_Neuron
9961,180,GABA_Neuron
9962,190,Astro-Epen
9963,223,Astro-Epen
9964,283,unassigned
9965,170,Vascular
9966,174,unassigned
9967,174,unassigned
9968,242,Astro-Epen
9969,242,Astro-Epen
9970,258,Excitatory_Neuron
9971,286,unassigned
9972,286,unassigned
9973,283,unassigned
9974,190,Astro-Epen
9975,283,unassigned
9976,193,Immune
9977,194,Astro-Epen
9978,276,unassigned
9979,182,Excitatory_Neuron
9980,222,GABA_Neuron
9981,255,GABA_Neuron
9982,180,GABA_Neuron
9983,255,GABA_Neuron
9984,286,unassigned
9985,277,unassigned
9986,190,Astro-Epen
9987,274,unassigned
9988,190,Astro-Epen
9989,294,unassigned
9990,252,unassigned
9991,276,unassigned
9992,170,Vascular
9993,222,GABA_Neuron
9994,265,Excitatory_Neuron
9995,180,GABA_Neuron
9996,285,GABA_Neuron
9997,252,unassigned
9998,184,Immune
9999,167,Excitatory_Neuron
10000,174,unassigned
10001,174,unassigned
10002,242,Astro-Epen
10003,255,GABA_Neuron
10004,180,GABA_Neuron
10005,180,GABA_Neuron
10006,184,Immune
10007,247,Excitatory_Neuron
10008,247,Excitatory_Neuron
10009,171,Astro-Epen
10010,182,Excitatory_Neuron
10011,249,Excitatory_Neuron
10012,295,unassigned
10013,263,Excitatory_Neuron
10014,186,Excitatory_Neuron
10015,263,Excitatory_Neuron
10016,190,Astro-Epen
10017,257,Astro-Epen
10018,195,Astro-Epen
10019,222,GABA_Neuron
10020,242,Astro-Epen
10021,296,unassigned
10022,296,unassigned
10023,190,Astro-Epen
10024,190,Astro-Epen
10025,167,Excitatory_Neuron
10026,223,Astro-Epen
10027,191,Excitatory_Neuron
10028,205,Excitatory_Neuron
10029,294,unassigned
10030,182,Excitatory_Neuron
10031,265,Excitatory_Neuron
10032,285,GABA_Neuron
10033,190,Astro-Epen
10034,223,Astro-Epen
10035,174,unassigned
10036,294,unassigned
10037,294,unassigned
10038,174,unassigned
10039,274,unassigned
10040,167,Excitatory_Neuron
10041,263,Excitatory_Neuron
10042,205,Excitatory_Neuron
10043,182,Excitatory_Neuron
10044,182,Excitatory_Neuron
10045,255,GABA_Neuron
10046,271,GABA_Neuron
10047,285,GABA_Neuron
10048,252,unassigned
10049,247,Excitatory_Neuron
10050,186,Excitatory_Neuron
10051,190,Astro-Epen
10052,193,Immune
10053,205,Excitatory_Neuron
10054,190,Astro-Epen
10055,291,unassigned
10056,172,GABA_Neuron
10057,297,unassigned
10058,182,Excitatory_Neuron
10059,285,GABA_Neuron
10060,205,Excitatory_Neuron
10061,170,Vascular
10062,172,GABA_Neuron
10063,294,unassigned
10064,182,Excitatory_Neuron
10065,182,Excitatory_Neuron
10066,182,Excitatory_Neuron
10067,182,Excitatory_Neuron
10068,252,unassigned
10069,277,unassigned
10070,190,Astro-Epen
10071,277,unassigned
10072,170,Vascular
10073,291,unassigned
10074,182,Excitatory_Neuron
10075,258,Excitatory_Neuron
10076,271,GABA_Neuron
10077,167,Excitatory_Neuron
10078,263,Excitatory_Neuron
10079,263,Excitatory_Neuron
10080,170,Vascular
10081,230,OPC-Oligo
10082,242,Astro-Epen
10083,182,Excitatory_Neuron
10084,182,Excitatory_Neuron
10085,246,Astro-Epen
10086,167,Excitatory_Neuron
10087,277,unassigned
10088,276,unassigned
10089,294,unassigned
10090,298,unassigned
10091,171,Astro-Epen
10092,182,Excitatory_Neuron
10093,190,Astro-Epen
10094,191,Excitatory_Neuron
10095,193,Immune
10096,171,Astro-Epen
10097,182,Excitatory_Neuron
10098,297,unassigned
10099,180,GABA_Neuron
10100,246,Astro-Epen
10101,285,GABA_Neuron
10102,295,unassigned
10103,277,unassigned
10104,194,Astro-Epen
10105,174,unassigned
10106,182,Excitatory_Neuron
10107,182,Excitatory_Neuron
10108,180,GABA_Neuron
10109,182,Excitatory_Neuron
10110,296,unassigned
10111,184,Immune
10112,285,GABA_Neuron
10113,288,unassigned
10114,263,Excitatory_Neuron
10115,277,unassigned
10116,170,Vascular
10117,265,Excitatory_Neuron
10118,242,Astro-Epen
10119,255,GABA_Neuron
10120,182,Excitatory_Neuron
10121,252,unassigned
10122,277,unassigned
10123,194,Astro-Epen
10124,174,unassigned
10125,299,unassigned
10126,300,unassigned
10127,171,Astro-Epen
10128,172,GABA_Neuron
10129,301,unassigned
10130,265,Excitatory_Neuron
10131,182,Excitatory_Neuron
10132,186,Excitatory_Neuron
10133,285,GABA_Neuron
10134,167,Excitatory_Neuron
10135,167,Excitatory_Neuron
10136,190,Astro-Epen
10137,167,Excitatory_Neuron
10138,190,Astro-Epen
10139,283,unassigned
10140,170,Vascular
10141,174,unassigned
10142,170,Vascular
10143,174,unassigned
10144,194,Astro-Epen
10145,171,Astro-Epen
10146,300,unassigned
10147,255,GABA_Neuron
10148,180,GABA_Neuron
10149,180,GABA_Neuron
10150,167,Excitatory_Neuron
10151,277,unassigned
10152,190,Astro-Epen
10153,299,unassigned
10154,294,unassigned
10155,182,Excitatory_Neuron
10156,255,GABA_Neuron
10157,246,Astro-Epen
10158,285,GABA_Neuron
10159,186,Excitatory_Neuron
10160,277,unassigned
10161,174,unassigned
10162,277,unassigned
10163,286,unassigned
10164,286,unassigned
10165,223,Astro-Epen
10166,191,Excitatory_Neuron
10167,190,Astro-Epen
10168,194,Astro-Epen
10169,291,unassigned
10170,172,GABA_Neuron
10171,182,Excitatory_Neuron
10172,249,Excitatory_Neuron
10173,285,GABA_Neuron
10174,277,unassigned
10175,263,Excitatory_Neuron
10176,193,Immune
10177,170,Vascular
10178,174,unassigned
10179,255,GABA_Neuron
10180,246,Astro-Epen
10181,247,Excitatory_Neuron
10182,285,GABA_Neuron
10183,277,unassigned
10184,286,unassigned
10185,263,Excitatory_Neuron
10186,191,Excitatory_Neuron
10187,283,unassigned
10188,276,unassigned
10189,302,unassigned
10190,167,Excitatory_Neuron
10191,189,GABA_Neuron
10192,263,Excitatory_Neuron
10193,205,Excitatory_Neuron
10194,194,Astro-Epen
10195,194,Astro-Epen
10196,194,Astro-Epen
10197,287,unassigned
10198,182,Excitatory_Neuron
10199,174,unassigned
10200,174,unassigned
10201,222,GABA_Neuron
10202,222,GABA_Neuron
10203,258,Excitatory_Neuron
10204,174,unassigned
10205,186,Excitatory_Neuron
10206,167,Excitatory_Neuron
10207,167,Excitatory_Neuron
10208,277,unassigned
10209,191,Excitatory_Neuron
10210,263,Excitatory_Neuron
10211,190,Astro-Epen
10212,170,Vascular
10213,170,Vascular
10214,174,unassigned
10215,174,unassigned
10216,182,Excitatory_Neuron
10217,182,Excitatory_Neuron
10218,174,unassigned
10219,246,Astro-Epen
10220,271,GABA_Neuron
10221,186,Excitatory_Neuron
10222,252,unassigned
10223,247,Excitatory_Neuron
10224,193,Immune
10225,193,Immune
10226,170,Vascular
10227,302,unassigned
10228,255,GABA_Neuron
10229,249,Excitatory_Neuron
10230,240,GABA_Neuron
10231,263,Excitatory_Neuron
10232,191,Excitatory_Neuron
10233,194,Astro-Epen
10234,170,Vascular
10235,170,Vascular
10236,299,unassigned
10237,276,unassigned
10238,258,Excitatory_Neuron
10239,255,GABA_Neuron
10240,303,unassigned
10241,304,unassigned
10242,277,unassigned
10243,193,Immune
10244,291,unassigned
10245,171,Astro-Epen
10246,242,Astro-Epen
10247,174,unassigned
10248,252,unassigned
10249,285,GABA_Neuron
10250,186,Excitatory_Neuron
10251,186,Excitatory_Neuron
10252,286,unassigned
10253,277,unassigned
10254,190,Astro-Epen
10255,194,Astro-Epen
10256,170,Vascular
10257,171,Astro-Epen
10258,172,GABA_Neuron
10259,174,unassigned
10260,222,GABA_Neuron
10261,182,Excitatory_Neuron
10262,182,Excitatory_Neuron
10263,186,Excitatory_Neuron
10264,286,unassigned
10265,191,Excitatory_Neuron
10266,190,Astro-Epen
10267,171,Astro-Epen
10268,182,Excitatory_Neuron
10269,171,Astro-Epen
10270,174,unassigned
10271,180,GABA_Neuron
10272,182,Excitatory_Neuron
10273,186,Excitatory_Neuron
10274,167,Excitatory_Neuron
10275,277,unassigned
10276,257,Astro-Epen
10277,193,Immune
10278,297,unassigned
10279,297,unassigned
10280,186,Excitatory_Neuron
10281,277,unassigned
10282,286,unassigned
10283,167,Excitatory_Neuron
10284,193,Immune
10285,205,Excitatory_Neuron
10286,194,Astro-Epen
10287,194,Astro-Epen
10288,170,Vascular
10289,194,Astro-Epen
10290,300,unassigned
10291,255,GABA_Neuron
10292,184,Immune
10293,295,unassigned
10294,205,Excitatory_Neuron
10295,276,unassigned
10296,230,OPC-Oligo
10297,176,Immune
10298,180,GABA_Neuron
10299,271,GABA_Neuron
10300,271,GABA_Neuron
10301,184,Immune
10302,263,Excitatory_Neuron
10303,167,Excitatory_Neuron
10304,190,Astro-Epen
10305,194,Astro-Epen
10306,305,unassigned
10307,182,Excitatory_Neuron
10308,182,Excitatory_Neuron
10309,182,Excitatory_Neuron
10310,255,GABA_Neuron
10311,255,GABA_Neuron
10312,288,unassigned
10313,288,unassigned
10314,285,GABA_Neuron
10315,174,unassigned
10316,170,Vascular
10317,291,unassigned
10318,174,unassigned
10319,182,Excitatory_Neuron
10320,265,Excitatory_Neuron
10321,247,Excitatory_Neuron
10322,252,unassigned
10323,247,Excitatory_Neuron
10324,252,unassigned
10325,186,Excitatory_Neuron
10326,187,GABA_Neuron
10327,257,Astro-Epen
10328,194,Astro-Epen
10329,193,Immune
10330,180,GABA_Neuron
10331,184,Immune
10332,255,GABA_Neuron
10333,271,GABA_Neuron
10334,246,Astro-Epen
10335,306,unassigned
10336,186,Excitatory_Neuron
10337,277,unassigned
10338,307,unassigned
10339,195,Astro-Epen
10340,276,unassigned
10341,170,Vascular
10342,291,unassigned
10343,222,GABA_Neuron
10344,242,Astro-Epen
10345,182,Excitatory_Neuron
10346,246,Astro-Epen
10347,285,GABA_Neuron
10348,189,GABA_Neuron
10349,191,Excitatory_Neuron
10350,293,unassigned
10351,171,Astro-Epen
10352,182,Excitatory_Neuron
10353,182,Excitatory_Neuron
10354,171,Astro-Epen
10355,174,unassigned
10356,222,GABA_Neuron
10357,258,Excitatory_Neuron
10358,265,Excitatory_Neuron
10359,271,GABA_Neuron
10360,240,GABA_Neuron
10361,285,GABA_Neuron
10362,167,Excitatory_Neuron
10363,277,unassigned
10364,277,unassigned
10365,255,GABA_Neuron
10366,271,GABA_Neuron
10367,271,GABA_Neuron
10368,182,Excitatory_Neuron
10369,252,unassigned
10370,285,GABA_Neuron
10371,167,Excitatory_Neuron
10372,277,unassigned
10373,191,Excitatory_Neuron
10374,283,unassigned
10375,170,Vascular
10376,299,unassigned
10377,305,unassigned
10378,180,GABA_Neuron
10379,180,GABA_Neuron
10380,252,unassigned
10381,306,unassigned
10382,285,GABA_Neuron
10383,285,GABA_Neuron
10384,167,Excitatory_Neuron
10385,190,Astro-Epen
10386,283,unassigned
10387,300,unassigned
10388,300,unassigned
10389,174,unassigned
10390,258,Excitatory_Neuron
10391,246,Astro-Epen
10392,306,unassigned
10393,285,GABA_Neuron
10394,252,unassigned
10395,277,unassigned
10396,190,Astro-Epen
10397,167,Excitatory_Neuron
10398,190,Astro-Epen
10399,194,Astro-Epen
10400,205,Excitatory_Neuron
10401,276,unassigned
10402,172,GABA_Neuron
10403,182,Excitatory_Neuron
10404,182,Excitatory_Neuron
10405,242,Astro-Epen
10406,271,GABA_Neuron
10407,246,Astro-Epen
10408,285,GABA_Neuron
10409,285,GABA_Neuron
10410,295,unassigned
10411,295,unassigned
10412,167,Excitatory_Neuron
10413,190,Astro-Epen
10414,193,Immune
10415,170,Vascular
10416,170,Vascular
10417,299,unassigned
10418,293,unassigned
10419,182,Excitatory_Neuron
10420,182,Excitatory_Neuron
10421,180,GABA_Neuron
10422,265,Excitatory_Neuron
10423,182,Excitatory_Neuron
10424,184,Immune
10425,285,GABA_Neuron
10426,252,unassigned
10427,167,Excitatory_Neuron
10428,307,unassigned
10429,194,Astro-Epen
10430,193,Immune
10431,194,Astro-Epen
10432,293,unassigned
10433,174,unassigned
10434,182,Excitatory_Neuron
10435,258,Excitatory_Neuron
10436,265,Excitatory_Neuron
10437,182,Excitatory_Neuron
10438,265,Excitatory_Neuron
10439,184,Immune
10440,167,Excitatory_Neuron
10441,285,GABA_Neuron
10442,167,Excitatory_Neuron
10443,308,unassigned
10444,193,Immune
10445,174,unassigned
10446,255,GABA_Neuron
10447,242,Astro-Epen
10448,184,Immune
10449,184,Immune
10450,285,GABA_Neuron
10451,295,unassigned
10452,295,unassigned
10453,190,Astro-Epen
10454,194,Astro-Epen
10455,230,OPC-Oligo
10456,258,Excitatory_Neuron
10457,182,Excitatory_Neuron
10458,285,GABA_Neuron
10459,246,Astro-Epen
10460,285,GABA_Neuron
10461,174,unassigned
10462,191,Excitatory_Neuron
10463,170,Vascular
10464,182,Excitatory_Neuron
10465,174,unassigned
10466,300,unassigned
10467,182,Excitatory_Neuron
10468,180,GABA_Neuron
10469,180,GABA_Neuron
10470,255,GABA_Neuron
10471,285,GABA_Neuron
10472,246,Astro-Epen
10473,295,unassigned
10474,167,Excitatory_Neuron
10475,274,unassigned
10476,174,unassigned
10477,291,unassigned
10478,276,unassigned
10479,174,unassigned
10480,242,Astro-Epen
10481,265,Excitatory_Neuron
10482,252,unassigned
10483,307,unassigned
10484,193,Immune
10485,182,Excitatory_Neuron
10486,174,unassigned
10487,182,Excitatory_Neuron
10488,180,GABA_Neuron
10489,246,Astro-Epen
10490,252,unassigned
10491,285,GABA_Neuron
10492,285,GABA_Neuron
10493,285,GABA_Neuron
10494,190,Astro-Epen
10495,300,unassigned
10496,171,Astro-Epen
10497,265,Excitatory_Neuron
10498,167,Excitatory_Neuron
10499,193,Immune
10500,299,unassigned
10501,174,unassigned
10502,193,Immune
10503,194,Astro-Epen
10504,174,unassigned
10505,299,unassigned
10506,171,Astro-Epen
10507,300,unassigned
10508,182,Excitatory_Neuron
10509,182,Excitatory_Neuron
10510,182,Excitatory_Neuron
10511,182,Excitatory_Neuron
10512,297,unassigned
10513,297,unassigned
10514,230,OPC-Oligo
10515,222,GABA_Neuron
10516,255,GABA_Neuron
10517,180,GABA_Neuron
10518,182,Excitatory_Neuron
10519,265,Excitatory_Neuron
10520,180,GABA_Neuron
10521,182,Excitatory_Neuron
10522,271,GABA_Neuron
10523,182,Excitatory_Neuron
10524,182,Excitatory_Neuron
10525,182,Excitatory_Neuron
10526,271,GABA_Neuron
10527,255,GABA_Neuron
10528,255,GABA_Neuron
10529,184,Immune
10530,184,Immune
10531,184,Immune
10532,285,GABA_Neuron
10533,285,GABA_Neuron
10534,285,GABA_Neuron
10535,285,GABA_Neuron
10536,285,GABA_Neuron
10537,285,GABA_Neuron
10538,190,Astro-Epen
10539,295,unassigned
10540,295,unassigned
10541,295,unassigned
10542,295,unassigned
10543,190,Astro-Epen
10544,277,unassigned
10545,280,unassigned
10546,191,Excitatory_Neuron
10547,170,Vascular
10548,174,unassigned
10549,291,unassigned
10550,182,Excitatory_Neuron
10551,171,Astro-Epen
10552,300,unassigned
10553,300,unassigned
10554,182,Excitatory_Neuron
10555,242,Astro-Epen
10556,247,Excitatory_Neuron
10557,174,unassigned
10558,194,Astro-Epen
10559,205,Excitatory_Neuron
10560,293,unassigned
10561,174,unassigned
10562,246,Astro-Epen
10563,263,Excitatory_Neuron
10564,276,unassigned
10565,276,unassigned
10566,309,Excitatory_Neuron
10567,310,Excitatory_Neuron
10568,311,unassigned
10569,312,Astro-Epen
10570,313,unassigned
10571,314,Excitatory_Neuron
10572,315,Excitatory_Neuron
10573,315,Excitatory_Neuron
10574,316,Excitatory_Neuron
10575,314,Excitatory_Neuron
10576,317,Excitatory_Neuron
10577,318,unassigned
10578,319,Excitatory_Neuron
10579,320,unassigned
10580,321,unassigned
10581,321,unassigned
10582,314,Excitatory_Neuron
10583,322,Astro-Epen
10584,323,unassigned
10585,324,unassigned
10586,314,Excitatory_Neuron
10587,314,Excitatory_Neuron
10588,314,Excitatory_Neuron
10589,309,Excitatory_Neuron
10590,325,GABA_Neuron
10591,315,Excitatory_Neuron
10592,315,Excitatory_Neuron
10593,319,Excitatory_Neuron
10594,313,unassigned
10595,326,Excitatory_Neuron
10596,326,Excitatory_Neuron
10597,327,unassigned
10598,328,Excitatory_Neuron
10599,314,Excitatory_Neuron
10600,309,Excitatory_Neuron
10601,329,Excitatory_Neuron
10602,324,unassigned
10603,330,Excitatory_Neuron
10604,326,Excitatory_Neuron
10605,331,unassigned
10606,327,unassigned
10607,326,Excitatory_Neuron
10608,316,Excitatory_Neuron
10609,332,unassigned
10610,319,Excitatory_Neuron
10611,333,unassigned
10612,314,Excitatory_Neuron
10613,327,unassigned
10614,314,Excitatory_Neuron
10615,314,Excitatory_Neuron
10616,334,Excitatory_Neuron
10617,335,unassigned
10618,328,Excitatory_Neuron
10619,312,Astro-Epen
10620,324,unassigned
10621,336,unassigned
10622,331,unassigned
10623,328,Excitatory_Neuron
10624,337,unassigned
10625,327,unassigned
10626,314,Excitatory_Neuron
10627,338,Vascular
10628,339,Excitatory_Neuron
10629,340,unassigned
10630,341,unassigned
10631,323,unassigned
10632,342,unassigned
10633,315,Excitatory_Neuron
10634,343,Excitatory_Neuron
10635,344,Excitatory_Neuron
10636,315,Excitatory_Neuron
10637,326,Excitatory_Neuron
10638,345,unassigned
10639,313,unassigned
10640,319,Excitatory_Neuron
10641,333,unassigned
10642,314,Excitatory_Neuron
10643,338,Vascular
10644,328,Excitatory_Neuron
10645,309,Excitatory_Neuron
10646,328,Excitatory_Neuron
10647,346,unassigned
10648,347,Excitatory_Neuron
10649,348,Excitatory_Neuron
10650,315,Excitatory_Neuron
10651,348,Excitatory_Neuron
10652,320,unassigned
10653,333,unassigned
10654,314,Excitatory_Neuron
10655,314,Excitatory_Neuron
10656,340,unassigned
10657,325,GABA_Neuron
10658,325,GABA_Neuron
10659,336,unassigned
10660,329,Excitatory_Neuron
10661,349,Excitatory_Neuron
10662,344,Excitatory_Neuron
10663,342,unassigned
10664,350,unassigned
10665,351,unassigned
10666,319,Excitatory_Neuron
10667,332,unassigned
10668,333,unassigned
10669,321,unassigned
10670,314,Excitatory_Neuron
10671,314,Excitatory_Neuron
10672,339,Excitatory_Neuron
10673,324,unassigned
10674,315,Excitatory_Neuron
10675,330,Excitatory_Neuron
10676,352,Excitatory_Neuron
10677,332,unassigned
10678,333,unassigned
10679,309,Excitatory_Neuron
10680,340,unassigned
10681,322,Astro-Epen
10682,324,unassigned
10683,329,Excitatory_Neuron
10684,348,Excitatory_Neuron
10685,348,Excitatory_Neuron
10686,343,Excitatory_Neuron
10687,343,Excitatory_Neuron
10688,315,Excitatory_Neuron
10689,332,unassigned
10690,332,unassigned
10691,328,Excitatory_Neuron
10692,321,unassigned
10693,327,unassigned
10694,314,Excitatory_Neuron
10695,310,Excitatory_Neuron
10696,328,Excitatory_Neuron
10697,353,Immune
10698,327,unassigned
10699,311,unassigned
10700,315,Excitatory_Neuron
10701,349,Excitatory_Neuron
10702,330,Excitatory_Neuron
10703,342,unassigned
10704,343,Excitatory_Neuron
10705,348,Excitatory_Neuron
10706,320,unassigned
10707,337,unassigned
10708,328,Excitatory_Neuron
10709,353,Immune
10710,354,unassigned
10711,309,Excitatory_Neuron
10712,339,Excitatory_Neuron
10713,327,unassigned
10714,346,unassigned
10715,318,unassigned
10716,325,GABA_Neuron
10717,348,Excitatory_Neuron
10718,331,unassigned
10719,348,Excitatory_Neuron
10720,345,unassigned
10721,309,Excitatory_Neuron
10722,327,unassigned
10723,346,unassigned
10724,325,GABA_Neuron
10725,342,unassigned
10726,327,unassigned
10727,328,Excitatory_Neuron
10728,339,Excitatory_Neuron
10729,355,unassigned
10730,356,Excitatory_Neuron
10731,356,Excitatory_Neuron
10732,315,Excitatory_Neuron
10733,330,Excitatory_Neuron
10734,351,unassigned
10735,319,Excitatory_Neuron
10736,313,unassigned
10737,314,Excitatory_Neuron
10738,353,Immune
10739,314,Excitatory_Neuron
10740,311,unassigned
10741,315,Excitatory_Neuron
10742,348,Excitatory_Neuron
10743,331,unassigned
10744,326,Excitatory_Neuron
10745,319,Excitatory_Neuron
10746,339,Excitatory_Neuron
10747,334,Excitatory_Neuron
10748,341,unassigned
10749,357,GABA_Neuron
10750,322,Astro-Epen
10751,311,unassigned
10752,323,unassigned
10753,315,Excitatory_Neuron
10754,326,Excitatory_Neuron
10755,328,Excitatory_Neuron
10756,319,Excitatory_Neuron
10757,317,Excitatory_Neuron
10758,339,Excitatory_Neuron
10759,355,unassigned
10760,356,Excitatory_Neuron
10761,346,unassigned
10762,330,Excitatory_Neuron
10763,348,Excitatory_Neuron
10764,351,unassigned
10765,315,Excitatory_Neuron
10766,320,unassigned
10767,352,Excitatory_Neuron
10768,319,Excitatory_Neuron
10769,319,Excitatory_Neuron
10770,332,unassigned
10771,337,unassigned
10772,328,Excitatory_Neuron
10773,314,Excitatory_Neuron
10774,314,Excitatory_Neuron
10775,358,unassigned
10776,327,unassigned
10777,322,Astro-Epen
10778,324,unassigned
10779,325,GABA_Neuron
10780,318,unassigned
10781,330,Excitatory_Neuron
10782,348,Excitatory_Neuron
10783,343,Excitatory_Neuron
10784,315,Excitatory_Neuron
10785,319,Excitatory_Neuron
10786,319,Excitatory_Neuron
10787,332,unassigned
10788,319,Excitatory_Neuron
10789,319,Excitatory_Neuron
10790,314,Excitatory_Neuron
10791,339,Excitatory_Neuron
10792,340,unassigned
10793,346,unassigned
10794,359,Excitatory_Neuron
10795,351,unassigned
10796,350,unassigned
10797,315,Excitatory_Neuron
10798,332,unassigned
10799,360,Excitatory_Neuron
10800,334,Excitatory_Neuron
10801,361,unassigned
10802,346,unassigned
10803,325,GABA_Neuron
10804,315,Excitatory_Neuron
10805,315,Excitatory_Neuron
10806,348,Excitatory_Neuron
10807,343,Excitatory_Neuron
10808,319,Excitatory_Neuron
10809,319,Excitatory_Neuron
10810,314,Excitatory_Neuron
10811,314,Excitatory_Neuron
10812,347,Excitatory_Neuron
10813,348,Excitatory_Neuron
10814,315,Excitatory_Neuron
10815,343,Excitatory_Neuron
10816,319,Excitatory_Neuron
10817,319,Excitatory_Neuron
10818,319,Excitatory_Neuron
10819,327,unassigned
10820,328,Excitatory_Neuron
10821,353,Immune
10822,314,Excitatory_Neuron
10823,311,unassigned
10824,318,unassigned
10825,349,Excitatory_Neuron
10826,348,Excitatory_Neuron
10827,343,Excitatory_Neuron
10828,362,unassigned
10829,331,unassigned
10830,320,unassigned
10831,337,unassigned
10832,332,unassigned
10833,321,unassigned
10834,314,Excitatory_Neuron
10835,309,Excitatory_Neuron
10836,314,Excitatory_Neuron
10837,309,Excitatory_Neuron
10838,322,Astro-Epen
10839,363,unassigned
10840,324,unassigned
10841,344,Excitatory_Neuron
10842,352,Excitatory_Neuron
10843,320,unassigned
10844,320,unassigned
10845,316,Excitatory_Neuron
10846,328,Excitatory_Neuron
10847,316,Excitatory_Neuron
10848,313,unassigned
10849,314,Excitatory_Neuron
10850,328,Excitatory_Neuron
10851,314,Excitatory_Neuron
10852,309,Excitatory_Neuron
10853,364,Excitatory_Neuron
10854,365,unassigned
10855,324,unassigned
10856,324,unassigned
10857,315,Excitatory_Neuron
10858,351,unassigned
10859,315,Excitatory_Neuron
10860,343,Excitatory_Neuron
10861,316,Excitatory_Neuron
10862,352,Excitatory_Neuron
10863,316,Excitatory_Neuron
10864,319,Excitatory_Neuron
10865,316,Excitatory_Neuron
10866,332,unassigned
10867,360,Excitatory_Neuron
10868,366,unassigned
10869,314,Excitatory_Neuron
10870,328,Excitatory_Neuron
10871,309,Excitatory_Neuron
10872,334,Excitatory_Neuron
10873,339,Excitatory_Neuron
10874,325,GABA_Neuron
10875,359,Excitatory_Neuron
10876,323,unassigned
10877,362,unassigned
10878,362,unassigned
10879,344,Excitatory_Neuron
10880,348,Excitatory_Neuron
10881,315,Excitatory_Neuron
10882,352,Excitatory_Neuron
10883,313,unassigned
10884,314,Excitatory_Neuron
10885,366,unassigned
10886,353,Immune
10887,314,Excitatory_Neuron
10888,328,Excitatory_Neuron
10889,356,Excitatory_Neuron
10890,312,Astro-Epen
10891,352,Excitatory_Neuron
10892,352,Excitatory_Neuron
10893,313,unassigned
10894,337,unassigned
10895,327,unassigned
10896,367,unassigned
10897,353,Immune
10898,339,Excitatory_Neuron
10899,311,unassigned
10900,349,Excitatory_Neuron
10901,350,unassigned
10902,315,Excitatory_Neuron
10903,352,Excitatory_Neuron
10904,319,Excitatory_Neuron
10905,316,Excitatory_Neuron
10906,327,unassigned
10907,314,Excitatory_Neuron
10908,353,Immune
10909,314,Excitatory_Neuron
10910,353,Immune
10911,334,Excitatory_Neuron
10912,368,unassigned
10913,330,Excitatory_Neuron
10914,350,unassigned
10915,315,Excitatory_Neuron
10916,320,unassigned
10917,316,Excitatory_Neuron
10918,332,unassigned
10919,319,Excitatory_Neuron
10920,328,Excitatory_Neuron
10921,333,unassigned
10922,321,unassigned
10923,338,Vascular
10924,338,Vascular
10925,328,Excitatory_Neuron
10926,314,Excitatory_Neuron
10927,309,Excitatory_Neuron
10928,339,Excitatory_Neuron
10929,314,Excitatory_Neuron
10930,356,Excitatory_Neuron
10931,325,GABA_Neuron
10932,365,unassigned
10933,315,Excitatory_Neuron
10934,329,Excitatory_Neuron
10935,319,Excitatory_Neuron
10936,316,Excitatory_Neuron
10937,321,unassigned
10938,369,Immune
10939,309,Excitatory_Neuron
10940,328,Excitatory_Neuron
10941,314,Excitatory_Neuron
10942,354,unassigned
10943,339,Excitatory_Neuron
10944,328,Excitatory_Neuron
10945,363,unassigned
10946,359,Excitatory_Neuron
10947,348,Excitatory_Neuron
10948,319,Excitatory_Neuron
10949,326,Excitatory_Neuron
10950,360,Excitatory_Neuron
10951,360,Excitatory_Neuron
10952,327,unassigned
10953,310,Excitatory_Neuron
10954,338,Vascular
10955,338,Vascular
10956,338,Vascular
10957,314,Excitatory_Neuron
10958,328,Excitatory_Neuron
10959,364,Excitatory_Neuron
10960,339,Excitatory_Neuron
10961,325,GABA_Neuron
10962,365,unassigned
10963,315,Excitatory_Neuron
10964,350,unassigned
10965,343,Excitatory_Neuron
10966,348,Excitatory_Neuron
10967,352,Excitatory_Neuron
10968,319,Excitatory_Neuron
10969,326,Excitatory_Neuron
10970,326,Excitatory_Neuron
10971,316,Excitatory_Neuron
10972,314,Excitatory_Neuron
10973,314,Excitatory_Neuron
10974,328,Excitatory_Neuron
10975,327,unassigned
10976,314,Excitatory_Neuron
10977,310,Excitatory_Neuron
10978,314,Excitatory_Neuron
10979,328,Excitatory_Neuron
10980,340,unassigned
10981,364,Excitatory_Neuron
10982,356,Excitatory_Neuron
10983,363,unassigned
10984,363,unassigned
10985,315,Excitatory_Neuron
10986,330,Excitatory_Neuron
10987,329,Excitatory_Neuron
10988,362,unassigned
10989,345,unassigned
10990,337,unassigned
10991,328,Excitatory_Neuron
10992,328,Excitatory_Neuron
10993,353,Immune
10994,314,Excitatory_Neuron
10995,310,Excitatory_Neuron
10996,328,Excitatory_Neuron
10997,312,Astro-Epen
10998,318,unassigned
10999,336,unassigned
11000,350,unassigned
11001,331,unassigned
11002,320,unassigned
11003,319,Excitatory_Neuron
11004,337,unassigned
11005,314,Excitatory_Neuron
11006,309,Excitatory_Neuron
11007,349,Excitatory_Neuron
11008,349,Excitatory_Neuron
11009,349,Excitatory_Neuron
11010,330,Excitatory_Neuron
11011,348,Excitatory_Neuron
11012,362,unassigned
11013,350,unassigned
11014,343,Excitatory_Neuron
11015,352,Excitatory_Neuron
11016,316,Excitatory_Neuron
11017,313,unassigned
11018,319,Excitatory_Neuron
11019,337,unassigned
11020,337,unassigned
11021,314,Excitatory_Neuron
11022,339,Excitatory_Neuron
11023,309,Excitatory_Neuron
11024,358,unassigned
11025,357,GABA_Neuron
11026,334,Excitatory_Neuron
11027,327,unassigned
11028,327,unassigned
11029,339,Excitatory_Neuron
11030,334,Excitatory_Neuron
11031,356,Excitatory_Neuron
11032,363,unassigned
11033,312,Astro-Epen
11034,312,Astro-Epen
11035,325,GABA_Neuron
11036,315,Excitatory_Neuron
11037,345,unassigned
11038,352,Excitatory_Neuron
11039,315,Excitatory_Neuron
11040,326,Excitatory_Neuron
11041,332,unassigned
11042,333,unassigned
11043,360,Excitatory_Neuron
11044,338,Vascular
11045,314,Excitatory_Neuron
11046,310,Excitatory_Neuron
11047,356,Excitatory_Neuron
11048,311,unassigned
11049,325,GABA_Neuron
11050,370,unassigned
11051,349,Excitatory_Neuron
11052,349,Excitatory_Neuron
11053,347,Excitatory_Neuron
11054,362,unassigned
11055,352,Excitatory_Neuron
11056,320,unassigned
11057,360,Excitatory_Neuron
11058,367,unassigned
11059,353,Immune
11060,317,Excitatory_Neuron
11061,334,Excitatory_Neuron
11062,356,Excitatory_Neuron
11063,363,unassigned
11064,346,unassigned
11065,329,Excitatory_Neuron
11066,349,Excitatory_Neuron
11067,347,Excitatory_Neuron
11068,344,Excitatory_Neuron
11069,362,unassigned
11070,345,unassigned
11071,327,unassigned
11072,337,unassigned
11073,328,Excitatory_Neuron
11074,314,Excitatory_Neuron
11075,314,Excitatory_Neuron
11076,314,Excitatory_Neuron
11077,314,Excitatory_Neuron
11078,314,Excitatory_Neuron
11079,368,unassigned
11080,363,unassigned
11081,312,Astro-Epen
11082,329,Excitatory_Neuron
11083,347,Excitatory_Neuron
11084,345,unassigned
11085,345,unassigned
11086,345,unassigned
11087,316,Excitatory_Neuron
11088,328,Excitatory_Neuron
11089,328,Excitatory_Neuron
11090,314,Excitatory_Neuron
11091,353,Immune
11092,317,Excitatory_Neuron
11093,356,Excitatory_Neuron
11094,312,Astro-Epen
11095,323,unassigned
11096,329,Excitatory_Neuron
11097,348,Excitatory_Neuron
11098,352,Excitatory_Neuron
11099,319,Excitatory_Neuron
11100,313,unassigned
11101,314,Excitatory_Neuron
11102,314,Excitatory_Neuron
11103,338,Vascular
11104,314,Excitatory_Neuron
11105,309,Excitatory_Neuron
11106,314,Excitatory_Neuron
11107,339,Excitatory_Neuron
11108,322,Astro-Epen
11109,346,unassigned
11110,329,Excitatory_Neuron
11111,315,Excitatory_Neuron
11112,362,unassigned
11113,362,unassigned
11114,315,Excitatory_Neuron
11115,315,Excitatory_Neuron
11116,326,Excitatory_Neuron
11117,337,unassigned
11118,328,Excitatory_Neuron
11119,328,Excitatory_Neuron
11120,328,Excitatory_Neuron
11121,314,Excitatory_Neuron
11122,328,Excitatory_Neuron
11123,339,Excitatory_Neuron
11124,338,Vascular
11125,317,Excitatory_Neuron
11126,328,Excitatory_Neuron
11127,339,Excitatory_Neuron
11128,327,unassigned
11129,363,unassigned
11130,363,unassigned
11131,329,Excitatory_Neuron
11132,362,unassigned
11133,331,unassigned
11134,313,unassigned
11135,319,Excitatory_Neuron
11136,319,Excitatory_Neuron
11137,337,unassigned
11138,310,Excitatory_Neuron
11139,309,Excitatory_Neuron
11140,339,Excitatory_Neuron
11141,314,Excitatory_Neuron
11142,339,Excitatory_Neuron
11143,355,unassigned
11144,326,Excitatory_Neuron
11145,352,Excitatory_Neuron
11146,316,Excitatory_Neuron
11147,333,unassigned
11148,360,Excitatory_Neuron
11149,337,unassigned
11150,314,Excitatory_Neuron
11151,314,Excitatory_Neuron
11152,314,Excitatory_Neuron
11153,327,unassigned
11154,324,unassigned
11155,359,Excitatory_Neuron
11156,347,Excitatory_Neuron
11157,344,Excitatory_Neuron
11158,315,Excitatory_Neuron
11159,348,Excitatory_Neuron
11160,315,Excitatory_Neuron
11161,328,Excitatory_Neuron
11162,338,Vascular
11163,314,Excitatory_Neuron
11164,314,Excitatory_Neuron
11165,327,unassigned
11166,364,Excitatory_Neuron
11167,311,unassigned
11168,322,Astro-Epen
11169,336,unassigned
11170,351,unassigned
11171,352,Excitatory_Neuron
11172,328,Excitatory_Neuron
11173,339,Excitatory_Neuron
11174,349,Excitatory_Neuron
11175,348,Excitatory_Neuron
11176,348,Excitatory_Neuron
11177,343,Excitatory_Neuron
11178,315,Excitatory_Neuron
11179,345,unassigned
11180,352,Excitatory_Neuron
11181,310,Excitatory_Neuron
11182,314,Excitatory_Neuron
11183,317,Excitatory_Neuron
11184,348,Excitatory_Neuron
11185,343,Excitatory_Neuron
11186,345,unassigned
11187,352,Excitatory_Neuron
11188,319,Excitatory_Neuron
11189,314,Excitatory_Neuron
11190,360,Excitatory_Neuron
11191,367,unassigned
11192,310,Excitatory_Neuron
11193,327,unassigned
11194,339,Excitatory_Neuron
11195,356,Excitatory_Neuron
11196,339,Excitatory_Neuron
11197,347,Excitatory_Neuron
11198,347,Excitatory_Neuron
11199,347,Excitatory_Neuron
11200,344,Excitatory_Neuron
11201,343,Excitatory_Neuron
11202,343,Excitatory_Neuron
11203,316,Excitatory_Neuron
11204,337,unassigned
11205,328,Excitatory_Neuron
11206,310,Excitatory_Neuron
11207,314,Excitatory_Neuron
11208,328,Excitatory_Neuron
11209,339,Excitatory_Neuron
11210,358,unassigned
11211,364,Excitatory_Neuron
11212,364,Excitatory_Neuron
11213,346,unassigned
11214,315,Excitatory_Neuron
11215,315,Excitatory_Neuron
11216,345,unassigned
11217,319,Excitatory_Neuron
11218,319,Excitatory_Neuron
11219,314,Excitatory_Neuron
11220,353,Immune
11221,339,Excitatory_Neuron
11222,309,Excitatory_Neuron
11223,356,Excitatory_Neuron
11224,368,unassigned
11225,322,Astro-Epen
11226,312,Astro-Epen
11227,318,unassigned
11228,370,unassigned
11229,349,Excitatory_Neuron
11230,348,Excitatory_Neuron
11231,343,Excitatory_Neuron
11232,345,unassigned
11233,352,Excitatory_Neuron
11234,313,unassigned
11235,319,Excitatory_Neuron
11236,337,unassigned
11237,360,Excitatory_Neuron
11238,333,unassigned
11239,321,unassigned
11240,310,Excitatory_Neuron
11241,310,Excitatory_Neuron
11242,354,unassigned
11243,363,unassigned
11244,318,unassigned
11245,329,Excitatory_Neuron
11246,318,unassigned
11247,370,unassigned
11248,336,unassigned
11249,344,Excitatory_Neuron
11250,362,unassigned
11251,326,Excitatory_Neuron
11252,352,Excitatory_Neuron
11253,360,Excitatory_Neuron
11254,321,unassigned
11255,328,Excitatory_Neuron
11256,328,Excitatory_Neuron
11257,334,Excitatory_Neuron
11258,346,unassigned
11259,323,unassigned
11260,348,Excitatory_Neuron
11261,330,Excitatory_Neuron
11262,330,Excitatory_Neuron
11263,352,Excitatory_Neuron
11264,352,Excitatory_Neuron
11265,314,Excitatory_Neuron
11266,360,Excitatory_Neuron
11267,310,Excitatory_Neuron
11268,353,Immune
11269,328,Excitatory_Neuron
11270,357,GABA_Neuron
11271,356,Excitatory_Neuron
11272,322,Astro-Epen
11273,346,unassigned
11274,343,Excitatory_Neuron
11275,348,Excitatory_Neuron
11276,345,unassigned
11277,362,unassigned
11278,352,Excitatory_Neuron
11279,315,Excitatory_Neuron
11280,313,unassigned
11281,314,Excitatory_Neuron
11282,338,Vascular
11283,309,Excitatory_Neuron
11284,357,GABA_Neuron
11285,346,unassigned
11286,330,Excitatory_Neuron
11287,344,Excitatory_Neuron
11288,343,Excitatory_Neuron
11289,319,Excitatory_Neuron
11290,316,Excitatory_Neuron
11291,352,Excitatory_Neuron
11292,327,unassigned
11293,328,Excitatory_Neuron
11294,328,Excitatory_Neuron
11295,328,Excitatory_Neuron
11296,339,Excitatory_Neuron
11297,328,Excitatory_Neuron
11298,318,unassigned
11299,370,unassigned
11300,348,Excitatory_Neuron
11301,352,Excitatory_Neuron
11302,332,unassigned
11303,328,Excitatory_Neuron
11304,328,Excitatory_Neuron
11305,310,Excitatory_Neuron
11306,363,unassigned
11307,346,unassigned
11308,318,unassigned
11309,345,unassigned
11310,313,unassigned
11311,328,Excitatory_Neuron
11312,328,Excitatory_Neuron
11313,314,Excitatory_Neuron
11314,314,Excitatory_Neuron
11315,328,Excitatory_Neuron
11316,334,Excitatory_Neuron
11317,363,unassigned
11318,318,unassigned
11319,315,Excitatory_Neuron
11320,319,Excitatory_Neuron
11321,333,unassigned
11322,337,unassigned
11323,310,Excitatory_Neuron
11324,328,Excitatory_Neuron
11325,314,Excitatory_Neuron
11326,317,Excitatory_Neuron
11327,322,Astro-Epen
11328,318,unassigned
11329,318,unassigned
11330,330,Excitatory_Neuron
11331,327,unassigned
11332,337,unassigned
11333,328,Excitatory_Neuron
11334,328,Excitatory_Neuron
11335,314,Excitatory_Neuron
11336,314,Excitatory_Neuron
11337,328,Excitatory_Neuron
11338,338,Vascular
11339,309,Excitatory_Neuron
11340,339,Excitatory_Neuron
11341,359,Excitatory_Neuron
11342,325,GABA_Neuron
11343,363,unassigned
11344,318,unassigned
11345,330,Excitatory_Neuron
11346,313,unassigned
11347,319,Excitatory_Neuron
11348,319,Excitatory_Neuron
11349,327,unassigned
11350,360,Excitatory_Neuron
11351,314,Excitatory_Neuron
11352,314,Excitatory_Neuron
11353,309,Excitatory_Neuron
11354,358,unassigned
11355,359,Excitatory_Neuron
11356,336,unassigned
11357,330,Excitatory_Neuron
11358,362,unassigned
11359,337,unassigned
11360,328,Excitatory_Neuron
11361,353,Immune
11362,339,Excitatory_Neuron
11363,327,unassigned
11364,318,unassigned
11365,370,unassigned
11366,330,Excitatory_Neuron
11367,330,Excitatory_Neuron
11368,348,Excitatory_Neuron
11369,344,Excitatory_Neuron
11370,326,Excitatory_Neuron
11371,326,Excitatory_Neuron
11372,319,Excitatory_Neuron
11373,337,unassigned
11374,360,Excitatory_Neuron
11375,327,unassigned
11376,318,unassigned
11377,318,unassigned
11378,343,Excitatory_Neuron
11379,326,Excitatory_Neuron
11380,371,unassigned
11381,332,unassigned
11382,337,unassigned
11383,310,Excitatory_Neuron
11384,321,unassigned
11385,338,Vascular
11386,309,Excitatory_Neuron
11387,339,Excitatory_Neuron
11388,322,Astro-Epen
11389,346,unassigned
11390,315,Excitatory_Neuron
11391,315,Excitatory_Neuron
11392,352,Excitatory_Neuron
11393,337,unassigned
11394,360,Excitatory_Neuron
11395,314,Excitatory_Neuron
11396,328,Excitatory_Neuron
11397,338,Vascular
11398,338,Vascular
11399,354,unassigned
11400,328,Excitatory_Neuron
11401,309,Excitatory_Neuron
11402,339,Excitatory_Neuron
11403,364,Excitatory_Neuron
11404,349,Excitatory_Neuron
11405,348,Excitatory_Neuron
11406,315,Excitatory_Neuron
11407,315,Excitatory_Neuron
11408,327,unassigned
11409,353,Immune
11410,338,Vascular
11411,344,Excitatory_Neuron
11412,362,unassigned
11413,319,Excitatory_Neuron
11414,337,unassigned
11415,313,unassigned
11416,310,Excitatory_Neuron
11417,310,Excitatory_Neuron
11418,338,Vascular
11419,353,Immune
11420,353,Immune
11421,353,Immune
11422,339,Excitatory_Neuron
11423,359,Excitatory_Neuron
11424,348,Excitatory_Neuron
11425,331,unassigned
11426,352,Excitatory_Neuron
11427,326,Excitatory_Neuron
11428,326,Excitatory_Neuron
11429,360,Excitatory_Neuron
11430,328,Excitatory_Neuron
11431,328,Excitatory_Neuron
11432,314,Excitatory_Neuron
11433,314,Excitatory_Neuron
11434,358,unassigned
11435,334,Excitatory_Neuron
11436,339,Excitatory_Neuron
11437,328,Excitatory_Neuron
11438,364,Excitatory_Neuron
11439,346,unassigned
11440,329,Excitatory_Neuron
11441,359,Excitatory_Neuron
11442,329,Excitatory_Neuron
11443,318,unassigned
11444,362,unassigned
11445,316,Excitatory_Neuron
11446,337,unassigned
11447,327,unassigned
11448,314,Excitatory_Neuron
11449,314,Excitatory_Neuron
11450,338,Vascular
11451,328,Excitatory_Neuron
11452,338,Vascular
11453,314,Excitatory_Neuron
11454,328,Excitatory_Neuron
11455,317,Excitatory_Neuron
11456,317,Excitatory_Neuron
11457,317,Excitatory_Neuron
11458,322,Astro-Epen
11459,363,unassigned
11460,372,unassigned
11461,365,unassigned
11462,347,Excitatory_Neuron
11463,362,unassigned
11464,315,Excitatory_Neuron
11465,328,Excitatory_Neuron
11466,314,Excitatory_Neuron
11467,314,Excitatory_Neuron
11468,339,Excitatory_Neuron
11469,309,Excitatory_Neuron
11470,358,unassigned
11471,339,Excitatory_Neuron
11472,315,Excitatory_Neuron
11473,352,Excitatory_Neuron
11474,326,Excitatory_Neuron
11475,337,unassigned
11476,328,Excitatory_Neuron
11477,338,Vascular
11478,348,Excitatory_Neuron
11479,344,Excitatory_Neuron
11480,315,Excitatory_Neuron
11481,315,Excitatory_Neuron
11482,319,Excitatory_Neuron
11483,314,Excitatory_Neuron
11484,314,Excitatory_Neuron
11485,314,Excitatory_Neuron
11486,339,Excitatory_Neuron
11487,328,Excitatory_Neuron
11488,309,Excitatory_Neuron
11489,314,Excitatory_Neuron
11490,329,Excitatory_Neuron
11491,344,Excitatory_Neuron
11492,352,Excitatory_Neuron
11493,319,Excitatory_Neuron
11494,319,Excitatory_Neuron
11495,332,unassigned
11496,338,Vascular
11497,356,Excitatory_Neuron
11498,357,GABA_Neuron
11499,336,unassigned
11500,315,Excitatory_Neuron
11501,331,unassigned
11502,352,Excitatory_Neuron
11503,337,unassigned
11504,313,unassigned
11505,319,Excitatory_Neuron
11506,373,Excitatory_Neuron
11507,314,Excitatory_Neuron
11508,310,Excitatory_Neuron
11509,328,Excitatory_Neuron
11510,338,Vascular
11511,338,Vascular
11512,309,Excitatory_Neuron
11513,339,Excitatory_Neuron
11514,368,unassigned
11515,329,Excitatory_Neuron
11516,349,Excitatory_Neuron
11517,352,Excitatory_Neuron
11518,374,unassigned
11519,314,Excitatory_Neuron
11520,328,Excitatory_Neuron
11521,314,Excitatory_Neuron
11522,314,Excitatory_Neuron
11523,328,Excitatory_Neuron
11524,314,Excitatory_Neuron
11525,309,Excitatory_Neuron
11526,309,Excitatory_Neuron
11527,328,Excitatory_Neuron
11528,357,GABA_Neuron
11529,322,Astro-Epen
11530,336,unassigned
11531,347,Excitatory_Neuron
11532,315,Excitatory_Neuron
11533,319,Excitatory_Neuron
11534,319,Excitatory_Neuron
11535,326,Excitatory_Neuron
11536,338,Vascular
11537,310,Excitatory_Neuron
11538,339,Excitatory_Neuron
11539,353,Immune
11540,334,Excitatory_Neuron
11541,364,Excitatory_Neuron
11542,363,unassigned
11543,372,unassigned
11544,324,unassigned
11545,329,Excitatory_Neuron
11546,336,unassigned
11547,315,Excitatory_Neuron
11548,348,Excitatory_Neuron
11549,348,Excitatory_Neuron
11550,315,Excitatory_Neuron
11551,337,unassigned
11552,316,Excitatory_Neuron
11553,337,unassigned
11554,321,unassigned
11555,334,Excitatory_Neuron
11556,339,Excitatory_Neuron
11557,339,Excitatory_Neuron
11558,322,Astro-Epen
11559,312,Astro-Epen
11560,346,unassigned
11561,365,unassigned
11562,343,Excitatory_Neuron
11563,352,Excitatory_Neuron
11564,319,Excitatory_Neuron
11565,315,Excitatory_Neuron
11566,313,unassigned
11567,314,Excitatory_Neuron
11568,338,Vascular
11569,369,Immune
11570,334,Excitatory_Neuron
11571,328,Excitatory_Neuron
11572,315,Excitatory_Neuron
11573,348,Excitatory_Neuron
11574,316,Excitatory_Neuron
11575,326,Excitatory_Neuron
11576,316,Excitatory_Neuron
11577,328,Excitatory_Neuron
11578,310,Excitatory_Neuron
11579,338,Vascular
11580,338,Vascular
11581,354,unassigned
11582,368,unassigned
11583,349,Excitatory_Neuron
11584,348,Excitatory_Neuron
11585,314,Excitatory_Neuron
11586,310,Excitatory_Neuron
11587,373,Excitatory_Neuron
11588,353,Immune
11589,373,Excitatory_Neuron
11590,314,Excitatory_Neuron
11591,334,Excitatory_Neuron
11592,339,Excitatory_Neuron
11593,329,Excitatory_Neuron
11594,375,unassigned
11595,376,Immune
11596,362,unassigned
11597,331,unassigned
11598,327,unassigned
11599,328,Excitatory_Neuron
11600,338,Vascular
11601,310,Excitatory_Neuron
11602,314,Excitatory_Neuron
11603,369,Immune
11604,334,Excitatory_Neuron
11605,377,unassigned
11606,325,GABA_Neuron
11607,315,Excitatory_Neuron
11608,362,unassigned
11609,343,Excitatory_Neuron
11610,345,unassigned
11611,316,Excitatory_Neuron
11612,360,Excitatory_Neuron
11613,333,unassigned
11614,338,Vascular
11615,338,Vascular
11616,338,Vascular
11617,310,Excitatory_Neuron
11618,314,Excitatory_Neuron
11619,309,Excitatory_Neuron
11620,334,Excitatory_Neuron
11621,364,Excitatory_Neuron
11622,324,unassigned
11623,330,Excitatory_Neuron
11624,344,Excitatory_Neuron
11625,362,unassigned
11626,316,Excitatory_Neuron
11627,360,Excitatory_Neuron
11628,333,unassigned
11629,314,Excitatory_Neuron
11630,314,Excitatory_Neuron
11631,338,Vascular
11632,317,Excitatory_Neuron
11633,334,Excitatory_Neuron
11634,357,GABA_Neuron
11635,312,Astro-Epen
11636,322,Astro-Epen
11637,359,Excitatory_Neuron
11638,315,Excitatory_Neuron
11639,314,Excitatory_Neuron
11640,328,Excitatory_Neuron
11641,309,Excitatory_Neuron
11642,339,Excitatory_Neuron
11643,378,unassigned
11644,325,GABA_Neuron
11645,352,Excitatory_Neuron
11646,313,unassigned
11647,310,Excitatory_Neuron
11648,310,Excitatory_Neuron
11649,310,Excitatory_Neuron
11650,314,Excitatory_Neuron
11651,328,Excitatory_Neuron
11652,339,Excitatory_Neuron
11653,375,unassigned
11654,336,unassigned
11655,315,Excitatory_Neuron
11656,328,Excitatory_Neuron
11657,321,unassigned
11658,379,unassigned
11659,353,Immune
11660,353,Immune
11661,314,Excitatory_Neuron
11662,314,Excitatory_Neuron
11663,334,Excitatory_Neuron
11664,346,unassigned
11665,349,Excitatory_Neuron
11666,336,unassigned
11667,326,Excitatory_Neuron
11668,380,unassigned
11669,339,Excitatory_Neuron
11670,364,Excitatory_Neuron
11671,325,GABA_Neuron
11672,359,Excitatory_Neuron
11673,324,unassigned
11674,315,Excitatory_Neuron
11675,315,Excitatory_Neuron
11676,352,Excitatory_Neuron
11677,326,Excitatory_Neuron
11678,328,Excitatory_Neuron
11679,322,Astro-Epen
11680,345,unassigned
11681,331,unassigned
11682,313,unassigned
11683,314,Excitatory_Neuron
11684,314,Excitatory_Neuron
11685,380,unassigned
11686,314,Excitatory_Neuron
11687,328,Excitatory_Neuron
11688,354,unassigned
11689,328,Excitatory_Neuron
11690,339,Excitatory_Neuron
11691,339,Excitatory_Neuron
11692,315,Excitatory_Neuron
11693,316,Excitatory_Neuron
11694,314,Excitatory_Neuron
11695,328,Excitatory_Neuron
11696,338,Vascular
11697,310,Excitatory_Neuron
11698,328,Excitatory_Neuron
11699,314,Excitatory_Neuron
11700,317,Excitatory_Neuron
11701,317,Excitatory_Neuron
11702,311,unassigned
11703,323,unassigned
11704,375,unassigned
11705,349,Excitatory_Neuron
11706,343,Excitatory_Neuron
11707,313,unassigned
11708,319,Excitatory_Neuron
11709,381,Excitatory_Neuron
11710,314,Excitatory_Neuron
11711,314,Excitatory_Neuron
11712,334,Excitatory_Neuron
11713,382,unassigned
11714,356,Excitatory_Neuron
11715,325,GABA_Neuron
11716,348,Excitatory_Neuron
11717,348,Excitatory_Neuron
11718,331,unassigned
11719,352,Excitatory_Neuron
11720,314,Excitatory_Neuron
11721,314,Excitatory_Neuron
11722,338,Vascular
11723,339,Excitatory_Neuron
11724,334,Excitatory_Neuron
11725,372,unassigned
11726,349,Excitatory_Neuron
11727,330,Excitatory_Neuron
11728,344,Excitatory_Neuron
11729,313,unassigned
11730,319,Excitatory_Neuron
11731,337,unassigned
11732,314,Excitatory_Neuron
11733,339,Excitatory_Neuron
11734,309,Excitatory_Neuron
11735,317,Excitatory_Neuron
11736,334,Excitatory_Neuron
11737,334,Excitatory_Neuron
11738,339,Excitatory_Neuron
11739,339,Excitatory_Neuron
11740,328,Excitatory_Neuron
11741,337,unassigned
11742,314,Excitatory_Neuron
11743,339,Excitatory_Neuron
11744,317,Excitatory_Neuron
11745,334,Excitatory_Neuron
11746,334,Excitatory_Neuron
11747,329,Excitatory_Neuron
11748,336,unassigned
11749,330,Excitatory_Neuron
11750,348,Excitatory_Neuron
11751,331,unassigned
11752,313,unassigned
11753,339,Excitatory_Neuron
11754,328,Excitatory_Neuron
11755,369,Immune
11756,339,Excitatory_Neuron
11757,334,Excitatory_Neuron
11758,334,Excitatory_Neuron
11759,334,Excitatory_Neuron
11760,339,Excitatory_Neuron
11761,322,Astro-Epen
11762,383,unassigned
11763,325,GABA_Neuron
11764,349,Excitatory_Neuron
11765,349,Excitatory_Neuron
11766,349,Excitatory_Neuron
11767,352,Excitatory_Neuron
11768,319,Excitatory_Neuron
11769,319,Excitatory_Neuron
11770,328,Excitatory_Neuron
11771,328,Excitatory_Neuron
11772,328,Excitatory_Neuron
11773,339,Excitatory_Neuron
11774,339,Excitatory_Neuron
11775,317,Excitatory_Neuron
11776,334,Excitatory_Neuron
11777,364,Excitatory_Neuron
11778,383,unassigned
11779,362,unassigned
11780,343,Excitatory_Neuron
11781,326,Excitatory_Neuron
11782,352,Excitatory_Neuron
11783,314,Excitatory_Neuron
11784,339,Excitatory_Neuron
11785,369,Immune
11786,353,Immune
11787,328,Excitatory_Neuron
11788,322,Astro-Epen
11789,311,unassigned
11790,325,GABA_Neuron
11791,359,Excitatory_Neuron
11792,318,unassigned
11793,315,Excitatory_Neuron
11794,348,Excitatory_Neuron
11795,330,Excitatory_Neuron
11796,349,Excitatory_Neuron
11797,315,Excitatory_Neuron
11798,352,Excitatory_Neuron
11799,316,Excitatory_Neuron
11800,316,Excitatory_Neuron
11801,316,Excitatory_Neuron
11802,314,Excitatory_Neuron
11803,379,unassigned
11804,353,Immune
11805,353,Immune
11806,309,Excitatory_Neuron
11807,309,Excitatory_Neuron
11808,334,Excitatory_Neuron
11809,339,Excitatory_Neuron
11810,329,Excitatory_Neuron
11811,324,unassigned
11812,349,Excitatory_Neuron
11813,330,Excitatory_Neuron
11814,348,Excitatory_Neuron
11815,315,Excitatory_Neuron
11816,316,Excitatory_Neuron
11817,313,unassigned
11818,328,Excitatory_Neuron
11819,353,Immune
11820,338,Vascular
11821,314,Excitatory_Neuron
11822,369,Immune
11823,338,Vascular
11824,334,Excitatory_Neuron
11825,339,Excitatory_Neuron
11826,339,Excitatory_Neuron
11827,356,Excitatory_Neuron
11828,329,Excitatory_Neuron
11829,347,Excitatory_Neuron
11830,349,Excitatory_Neuron
11831,315,Excitatory_Neuron
11832,319,Excitatory_Neuron
11833,337,unassigned
11834,337,unassigned
11835,360,Excitatory_Neuron
11836,310,Excitatory_Neuron
11837,348,Excitatory_Neuron
11838,315,Excitatory_Neuron
11839,316,Excitatory_Neuron
11840,353,Immune
11841,314,Excitatory_Neuron
11842,314,Excitatory_Neuron
11843,353,Immune
11844,317,Excitatory_Neuron
11845,346,unassigned
11846,347,Excitatory_Neuron
11847,349,Excitatory_Neuron
11848,315,Excitatory_Neuron
11849,315,Excitatory_Neuron
11850,319,Excitatory_Neuron
11851,314,Excitatory_Neuron
11852,379,unassigned
11853,314,Excitatory_Neuron
11854,339,Excitatory_Neuron
11855,328,Excitatory_Neuron
11856,334,Excitatory_Neuron
11857,382,unassigned
11858,348,Excitatory_Neuron
11859,348,Excitatory_Neuron
11860,349,Excitatory_Neuron
11861,315,Excitatory_Neuron
11862,348,Excitatory_Neuron
11863,326,Excitatory_Neuron
11864,326,Excitatory_Neuron
11865,319,Excitatory_Neuron
11866,326,Excitatory_Neuron
11867,314,Excitatory_Neuron
11868,314,Excitatory_Neuron
11869,353,Immune
11870,334,Excitatory_Neuron
11871,334,Excitatory_Neuron
11872,363,unassigned
11873,311,unassigned
11874,347,Excitatory_Neuron
11875,348,Excitatory_Neuron
11876,330,Excitatory_Neuron
11877,315,Excitatory_Neuron
11878,313,unassigned
11879,314,Excitatory_Neuron
11880,314,Excitatory_Neuron
11881,328,Excitatory_Neuron
11882,314,Excitatory_Neuron
11883,334,Excitatory_Neuron
11884,336,unassigned
11885,348,Excitatory_Neuron
11886,331,unassigned
11887,343,Excitatory_Neuron
11888,331,unassigned
11889,319,Excitatory_Neuron
11890,352,Excitatory_Neuron
11891,352,Excitatory_Neuron
11892,319,Excitatory_Neuron
11893,384,unassigned
11894,381,Excitatory_Neuron
11895,314,Excitatory_Neuron
11896,380,unassigned
11897,328,Excitatory_Neuron
11898,328,Excitatory_Neuron
11899,328,Excitatory_Neuron
11900,369,Immune
11901,354,unassigned
11902,364,Excitatory_Neuron
11903,368,unassigned
11904,385,unassigned
11905,330,Excitatory_Neuron
11906,319,Excitatory_Neuron
11907,316,Excitatory_Neuron
11908,337,unassigned
11909,338,Vascular
11910,353,Immune
11911,328,Excitatory_Neuron
11912,317,Excitatory_Neuron
11913,339,Excitatory_Neuron
11914,339,Excitatory_Neuron
11915,343,Excitatory_Neuron
11916,326,Excitatory_Neuron
11917,316,Excitatory_Neuron
11918,314,Excitatory_Neuron
11919,380,unassigned
11920,314,Excitatory_Neuron
11921,338,Vascular
11922,317,Excitatory_Neuron
11923,339,Excitatory_Neuron
11924,317,Excitatory_Neuron
11925,348,Excitatory_Neuron
11926,347,Excitatory_Neuron
11927,348,Excitatory_Neuron
11928,314,Excitatory_Neuron
11929,314,Excitatory_Neuron
11930,310,Excitatory_Neuron
11931,314,Excitatory_Neuron
11932,338,Vascular
11933,314,Excitatory_Neuron
11934,339,Excitatory_Neuron
11935,339,Excitatory_Neuron
11936,382,unassigned
11937,334,Excitatory_Neuron
11938,334,Excitatory_Neuron
11939,334,Excitatory_Neuron
11940,311,unassigned
11941,325,GABA_Neuron
11942,386,unassigned
11943,329,Excitatory_Neuron
11944,329,Excitatory_Neuron
11945,343,Excitatory_Neuron
11946,331,unassigned
11947,352,Excitatory_Neuron
11948,319,Excitatory_Neuron
11949,314,Excitatory_Neuron
11950,314,Excitatory_Neuron
11951,338,Vascular
11952,373,Excitatory_Neuron
11953,353,Immune
11954,334,Excitatory_Neuron
11955,311,unassigned
11956,359,Excitatory_Neuron
11957,359,Excitatory_Neuron
11958,359,Excitatory_Neuron
11959,330,Excitatory_Neuron
11960,315,Excitatory_Neuron
11961,315,Excitatory_Neuron
11962,316,Excitatory_Neuron
11963,352,Excitatory_Neuron
11964,326,Excitatory_Neuron
11965,326,Excitatory_Neuron
11966,328,Excitatory_Neuron
11967,328,Excitatory_Neuron
11968,314,Excitatory_Neuron
11969,309,Excitatory_Neuron
11970,334,Excitatory_Neuron
11971,359,Excitatory_Neuron
11972,326,Excitatory_Neuron
11973,314,Excitatory_Neuron
11974,360,Excitatory_Neuron
11975,360,Excitatory_Neuron
11976,360,Excitatory_Neuron
11977,360,Excitatory_Neuron
11978,338,Vascular
11979,314,Excitatory_Neuron
11980,314,Excitatory_Neuron
11981,353,Immune
11982,354,unassigned
11983,358,unassigned
11984,364,Excitatory_Neuron
11985,334,Excitatory_Neuron
11986,382,unassigned
11987,339,Excitatory_Neuron
11988,322,Astro-Epen
11989,329,Excitatory_Neuron
11990,329,Excitatory_Neuron
11991,315,Excitatory_Neuron
11992,352,Excitatory_Neuron
11993,326,Excitatory_Neuron
11994,360,Excitatory_Neuron
11995,321,unassigned
11996,314,Excitatory_Neuron
11997,338,Vascular
11998,353,Immune
11999,309,Excitatory_Neuron
12000,309,Excitatory_Neuron
12001,334,Excitatory_Neuron
12002,339,Excitatory_Neuron
12003,339,Excitatory_Neuron
12004,387,unassigned
12005,352,Excitatory_Neuron
12006,326,Excitatory_Neuron
12007,326,Excitatory_Neuron
12008,360,Excitatory_Neuron
12009,380,unassigned
12010,314,Excitatory_Neuron
12011,339,Excitatory_Neuron
12012,328,Excitatory_Neuron
12013,309,Excitatory_Neuron
12014,309,Excitatory_Neuron
12015,334,Excitatory_Neuron
12016,334,Excitatory_Neuron
12017,328,Excitatory_Neuron
12018,329,Excitatory_Neuron
12019,347,Excitatory_Neuron
12020,329,Excitatory_Neuron
12021,349,Excitatory_Neuron
12022,348,Excitatory_Neuron
12023,326,Excitatory_Neuron
12024,352,Excitatory_Neuron
12025,328,Excitatory_Neuron
12026,373,Excitatory_Neuron
12027,369,Immune
12028,309,Excitatory_Neuron
12029,354,unassigned
12030,334,Excitatory_Neuron
12031,334,Excitatory_Neuron
12032,334,Excitatory_Neuron
12033,329,Excitatory_Neuron
12034,347,Excitatory_Neuron
12035,347,Excitatory_Neuron
12036,315,Excitatory_Neuron
12037,331,unassigned
12038,362,unassigned
12039,316,Excitatory_Neuron
12040,316,Excitatory_Neuron
12041,326,Excitatory_Neuron
12042,321,unassigned
12043,388,unassigned
12044,360,Excitatory_Neuron
12045,314,Excitatory_Neuron
12046,314,Excitatory_Neuron
12047,328,Excitatory_Neuron
12048,328,Excitatory_Neuron
12049,314,Excitatory_Neuron
12050,309,Excitatory_Neuron
12051,339,Excitatory_Neuron
12052,356,Excitatory_Neuron
12053,346,unassigned
12054,330,Excitatory_Neuron
12055,315,Excitatory_Neuron
12056,343,Excitatory_Neuron
12057,344,Excitatory_Neuron
12058,352,Excitatory_Neuron
12059,360,Excitatory_Neuron
12060,388,unassigned
12061,317,Excitatory_Neuron
12062,334,Excitatory_Neuron
12063,357,GABA_Neuron
12064,322,Astro-Epen
12065,359,Excitatory_Neuron
12066,329,Excitatory_Neuron
12067,330,Excitatory_Neuron
12068,315,Excitatory_Neuron
12069,360,Excitatory_Neuron
12070,314,Excitatory_Neuron
12071,316,Excitatory_Neuron
12072,360,Excitatory_Neuron
12073,328,Excitatory_Neuron
12074,314,Excitatory_Neuron
12075,309,Excitatory_Neuron
12076,328,Excitatory_Neuron
12077,334,Excitatory_Neuron
12078,356,Excitatory_Neuron
12079,315,Excitatory_Neuron
12080,329,Excitatory_Neuron
12081,330,Excitatory_Neuron
12082,330,Excitatory_Neuron
12083,344,Excitatory_Neuron
12084,352,Excitatory_Neuron
12085,326,Excitatory_Neuron
12086,384,unassigned
12087,360,Excitatory_Neuron
12088,314,Excitatory_Neuron
12089,339,Excitatory_Neuron
12090,389,unassigned
12091,382,unassigned
12092,334,Excitatory_Neuron
12093,382,unassigned
12094,334,Excitatory_Neuron
12095,385,unassigned
12096,329,Excitatory_Neuron
12097,329,Excitatory_Neuron
12098,325,GABA_Neuron
12099,329,Excitatory_Neuron
12100,348,Excitatory_Neuron
12101,348,Excitatory_Neuron
12102,330,Excitatory_Neuron
12103,315,Excitatory_Neuron
12104,326,Excitatory_Neuron
12105,316,Excitatory_Neuron
12106,314,Excitatory_Neuron
12107,314,Excitatory_Neuron
12108,314,Excitatory_Neuron
12109,309,Excitatory_Neuron
12110,309,Excitatory_Neuron
12111,354,unassigned
12112,339,Excitatory_Neuron
12113,334,Excitatory_Neuron
12114,339,Excitatory_Neuron
12115,323,unassigned
12116,347,Excitatory_Neuron
12117,347,Excitatory_Neuron
12118,348,Excitatory_Neuron
12119,348,Excitatory_Neuron
12120,344,Excitatory_Neuron
12121,344,Excitatory_Neuron
12122,319,Excitatory_Neuron
12123,380,unassigned
12124,380,unassigned
12125,314,Excitatory_Neuron
12126,314,Excitatory_Neuron
12127,338,Vascular
12128,373,Excitatory_Neuron
12129,369,Immune
12130,339,Excitatory_Neuron
12131,334,Excitatory_Neuron
12132,356,Excitatory_Neuron
12133,362,unassigned
12134,374,unassigned
12135,319,Excitatory_Neuron
12136,316,Excitatory_Neuron
12137,319,Excitatory_Neuron
12138,314,Excitatory_Neuron
12139,332,unassigned
12140,337,unassigned
12141,321,unassigned
12142,380,unassigned
12143,321,unassigned
12144,380,unassigned
12145,338,Vascular
12146,314,Excitatory_Neuron
12147,353,Immune
12148,328,Excitatory_Neuron
12149,312,Astro-Epen
12150,329,Excitatory_Neuron
12151,359,Excitatory_Neuron
12152,318,unassigned
12153,315,Excitatory_Neuron
12154,330,Excitatory_Neuron
12155,347,Excitatory_Neuron
12156,315,Excitatory_Neuron
12157,319,Excitatory_Neuron
12158,319,Excitatory_Neuron
12159,352,Excitatory_Neuron
12160,326,Excitatory_Neuron
12161,314,Excitatory_Neuron
12162,353,Immune
12163,339,Excitatory_Neuron
12164,357,GABA_Neuron
12165,356,Excitatory_Neuron
12166,315,Excitatory_Neuron
12167,319,Excitatory_Neuron
12168,319,Excitatory_Neuron
12169,314,Excitatory_Neuron
12170,328,Excitatory_Neuron
12171,314,Excitatory_Neuron
12172,369,Immune
12173,339,Excitatory_Neuron
12174,317,Excitatory_Neuron
12175,334,Excitatory_Neuron
12176,334,Excitatory_Neuron
12177,334,Excitatory_Neuron
12178,356,Excitatory_Neuron
12179,311,unassigned
12180,323,unassigned
12181,362,unassigned
12182,362,unassigned
12183,331,unassigned
12184,374,unassigned
12185,319,Excitatory_Neuron
12186,326,Excitatory_Neuron
12187,328,Excitatory_Neuron
12188,314,Excitatory_Neuron
12189,314,Excitatory_Neuron
12190,328,Excitatory_Neuron
12191,314,Excitatory_Neuron
12192,373,Excitatory_Neuron
12193,369,Immune
12194,369,Immune
12195,317,Excitatory_Neuron
12196,334,Excitatory_Neuron
12197,334,Excitatory_Neuron
12198,318,unassigned
12199,330,Excitatory_Neuron
12200,352,Excitatory_Neuron
12201,316,Excitatory_Neuron
12202,319,Excitatory_Neuron
12203,326,Excitatory_Neuron
12204,326,Excitatory_Neuron
12205,314,Excitatory_Neuron
12206,314,Excitatory_Neuron
12207,314,Excitatory_Neuron
12208,309,Excitatory_Neuron
12209,328,Excitatory_Neuron
12210,334,Excitatory_Neuron
12211,334,Excitatory_Neuron
12212,325,GABA_Neuron
12213,376,Immune
12214,315,Excitatory_Neuron
12215,319,Excitatory_Neuron
12216,352,Excitatory_Neuron
12217,326,Excitatory_Neuron
12218,360,Excitatory_Neuron
12219,314,Excitatory_Neuron
12220,338,Vascular
12221,314,Excitatory_Neuron
12222,338,Vascular
12223,314,Excitatory_Neuron
12224,314,Excitatory_Neuron
12225,354,unassigned
12226,382,unassigned
12227,328,Excitatory_Neuron
12228,356,Excitatory_Neuron
12229,325,GABA_Neuron
12230,359,Excitatory_Neuron
12231,315,Excitatory_Neuron
12232,349,Excitatory_Neuron
12233,349,Excitatory_Neuron
12234,329,Excitatory_Neuron
12235,352,Excitatory_Neuron
12236,319,Excitatory_Neuron
12237,314,Excitatory_Neuron
12238,360,Excitatory_Neuron
12239,360,Excitatory_Neuron
12240,314,Excitatory_Neuron
12241,314,Excitatory_Neuron
12242,328,Excitatory_Neuron
12243,369,Immune
12244,353,Immune
12245,314,Excitatory_Neuron
12246,339,Excitatory_Neuron
12247,334,Excitatory_Neuron
12248,364,Excitatory_Neuron
12249,334,Excitatory_Neuron
12250,322,Astro-Epen
12251,322,Astro-Epen
12252,325,GABA_Neuron
12253,325,GABA_Neuron
12254,348,Excitatory_Neuron
12255,348,Excitatory_Neuron
12256,331,unassigned
12257,352,Excitatory_Neuron
12258,315,Excitatory_Neuron
12259,319,Excitatory_Neuron
12260,326,Excitatory_Neuron
12261,314,Excitatory_Neuron
12262,314,Excitatory_Neuron
12263,314,Excitatory_Neuron
12264,310,Excitatory_Neuron
12265,328,Excitatory_Neuron
12266,314,Excitatory_Neuron
12267,373,Excitatory_Neuron
12268,338,Vascular
12269,328,Excitatory_Neuron
12270,322,Astro-Epen
12271,325,GABA_Neuron
12272,347,Excitatory_Neuron
12273,315,Excitatory_Neuron
12274,336,unassigned
12275,315,Excitatory_Neuron
12276,348,Excitatory_Neuron
12277,376,Immune
12278,326,Excitatory_Neuron
12279,314,Excitatory_Neuron
12280,314,Excitatory_Neuron
12281,314,Excitatory_Neuron
12282,353,Immune
12283,314,Excitatory_Neuron
12284,353,Immune
12285,382,unassigned
12286,368,unassigned
12287,359,Excitatory_Neuron
12288,315,Excitatory_Neuron
12289,315,Excitatory_Neuron
12290,330,Excitatory_Neuron
12291,352,Excitatory_Neuron
12292,352,Excitatory_Neuron
12293,352,Excitatory_Neuron
12294,374,unassigned
12295,319,Excitatory_Neuron
12296,319,Excitatory_Neuron
12297,327,unassigned
12298,314,Excitatory_Neuron
12299,314,Excitatory_Neuron
12300,314,Excitatory_Neuron
12301,347,Excitatory_Neuron
12302,330,Excitatory_Neuron
12303,318,unassigned
12304,349,Excitatory_Neuron
12305,329,Excitatory_Neuron
12306,315,Excitatory_Neuron
12307,315,Excitatory_Neuron
12308,319,Excitatory_Neuron
12309,352,Excitatory_Neuron
12310,316,Excitatory_Neuron
12311,314,Excitatory_Neuron
12312,360,Excitatory_Neuron
12313,353,Immune
12314,314,Excitatory_Neuron
12315,373,Excitatory_Neuron
12316,369,Immune
12317,309,Excitatory_Neuron
12318,328,Excitatory_Neuron
12319,385,unassigned
12320,325,GABA_Neuron
12321,346,unassigned
12322,331,unassigned
12323,326,Excitatory_Neuron
12324,327,unassigned
12325,321,unassigned
12326,338,Vascular
12327,357,GABA_Neuron
12328,346,unassigned
12329,347,Excitatory_Neuron
12330,347,Excitatory_Neuron
12331,329,Excitatory_Neuron
12332,319,Excitatory_Neuron
12333,352,Excitatory_Neuron
12334,326,Excitatory_Neuron
12335,314,Excitatory_Neuron
12336,314,Excitatory_Neuron
12337,338,Vascular
12338,328,Excitatory_Neuron
12339,390,unassigned
12340,334,Excitatory_Neuron
12341,322,Astro-Epen
12342,325,GABA_Neuron
12343,359,Excitatory_Neuron
12344,348,Excitatory_Neuron
12345,319,Excitatory_Neuron
12346,319,Excitatory_Neuron
12347,319,Excitatory_Neuron
12348,319,Excitatory_Neuron
12349,352,Excitatory_Neuron
12350,314,Excitatory_Neuron
12351,314,Excitatory_Neuron
12352,314,Excitatory_Neuron
12353,314,Excitatory_Neuron
12354,373,Excitatory_Neuron
12355,338,Vascular
12356,314,Excitatory_Neuron
12357,314,Excitatory_Neuron
12358,334,Excitatory_Neuron
12359,382,unassigned
12360,328,Excitatory_Neuron
12361,339,Excitatory_Neuron
12362,312,Astro-Epen
12363,391,unassigned
12364,349,Excitatory_Neuron
12365,349,Excitatory_Neuron
12366,319,Excitatory_Neuron
12367,319,Excitatory_Neuron
12368,381,Excitatory_Neuron
12369,326,Excitatory_Neuron
12370,310,Excitatory_Neuron
12371,338,Vascular
12372,334,Excitatory_Neuron
12373,328,Excitatory_Neuron
12374,312,Astro-Epen
12375,329,Excitatory_Neuron
12376,329,Excitatory_Neuron
12377,331,unassigned
12378,352,Excitatory_Neuron
12379,374,unassigned
12380,314,Excitatory_Neuron
12381,328,Excitatory_Neuron
12382,360,Excitatory_Neuron
12383,373,Excitatory_Neuron
12384,328,Excitatory_Neuron
12385,339,Excitatory_Neuron
12386,339,Excitatory_Neuron
12387,315,Excitatory_Neuron
12388,315,Excitatory_Neuron
12389,330,Excitatory_Neuron
12390,362,unassigned
12391,331,unassigned
12392,326,Excitatory_Neuron
12393,326,Excitatory_Neuron
12394,314,Excitatory_Neuron
12395,314,Excitatory_Neuron
12396,328,Excitatory_Neuron
12397,353,Immune
12398,322,Astro-Epen
12399,346,unassigned
12400,315,Excitatory_Neuron
12401,319,Excitatory_Neuron
12402,319,Excitatory_Neuron
12403,326,Excitatory_Neuron
12404,314,Excitatory_Neuron
12405,388,unassigned
12406,314,Excitatory_Neuron
12407,369,Immune
12408,317,Excitatory_Neuron
12409,312,Astro-Epen
12410,372,unassigned
12411,315,Excitatory_Neuron
12412,326,Excitatory_Neuron
12413,352,Excitatory_Neuron
12414,328,Excitatory_Neuron
12415,314,Excitatory_Neuron
12416,314,Excitatory_Neuron
12417,338,Vascular
12418,382,unassigned
12419,385,unassigned
12420,359,Excitatory_Neuron
12421,349,Excitatory_Neuron
12422,348,Excitatory_Neuron
12423,348,Excitatory_Neuron
12424,315,Excitatory_Neuron
12425,352,Excitatory_Neuron
12426,319,Excitatory_Neuron
12427,319,Excitatory_Neuron
12428,319,Excitatory_Neuron
12429,352,Excitatory_Neuron
12430,327,unassigned
12431,381,Excitatory_Neuron
12432,310,Excitatory_Neuron
12433,369,Immune
12434,356,Excitatory_Neuron
12435,318,unassigned
12436,347,Excitatory_Neuron
12437,347,Excitatory_Neuron
12438,330,Excitatory_Neuron
12439,315,Excitatory_Neuron
12440,319,Excitatory_Neuron
12441,327,unassigned
12442,314,Excitatory_Neuron
12443,314,Excitatory_Neuron
12444,314,Excitatory_Neuron
12445,314,Excitatory_Neuron
12446,309,Excitatory_Neuron
12447,309,Excitatory_Neuron
12448,364,Excitatory_Neuron
12449,364,Excitatory_Neuron
12450,339,Excitatory_Neuron
12451,364,Excitatory_Neuron
12452,315,Excitatory_Neuron
12453,352,Excitatory_Neuron
12454,352,Excitatory_Neuron
12455,319,Excitatory_Neuron
12456,316,Excitatory_Neuron
12457,360,Excitatory_Neuron
12458,314,Excitatory_Neuron
12459,312,Astro-Epen
12460,347,Excitatory_Neuron
12461,347,Excitatory_Neuron
12462,347,Excitatory_Neuron
12463,330,Excitatory_Neuron
12464,362,unassigned
12465,315,Excitatory_Neuron
12466,319,Excitatory_Neuron
12467,319,Excitatory_Neuron
12468,326,Excitatory_Neuron
12469,326,Excitatory_Neuron
12470,381,Excitatory_Neuron
12471,314,Excitatory_Neuron
12472,328,Excitatory_Neuron
12473,328,Excitatory_Neuron
12474,339,Excitatory_Neuron
12475,339,Excitatory_Neuron
12476,339,Excitatory_Neuron
12477,356,Excitatory_Neuron
12478,322,Astro-Epen
12479,315,Excitatory_Neuron
12480,391,unassigned
12481,347,Excitatory_Neuron
12482,319,Excitatory_Neuron
12483,388,unassigned
12484,314,Excitatory_Neuron
12485,310,Excitatory_Neuron
12486,317,Excitatory_Neuron
12487,317,Excitatory_Neuron
12488,339,Excitatory_Neuron
12489,322,Astro-Epen
12490,315,Excitatory_Neuron
12491,315,Excitatory_Neuron
12492,343,Excitatory_Neuron
12493,319,Excitatory_Neuron
12494,319,Excitatory_Neuron
12495,326,Excitatory_Neuron
12496,326,Excitatory_Neuron
12497,326,Excitatory_Neuron
12498,314,Excitatory_Neuron
12499,360,Excitatory_Neuron
12500,328,Excitatory_Neuron
12501,364,Excitatory_Neuron
12502,339,Excitatory_Neuron
12503,356,Excitatory_Neuron
12504,315,Excitatory_Neuron
12505,349,Excitatory_Neuron
12506,376,Immune
12507,352,Excitatory_Neuron
12508,316,Excitatory_Neuron
12509,316,Excitatory_Neuron
12510,352,Excitatory_Neuron
12511,352,Excitatory_Neuron
12512,352,Excitatory_Neuron
12513,360,Excitatory_Neuron
12514,314,Excitatory_Neuron
12515,314,Excitatory_Neuron
12516,338,Vascular
12517,314,Excitatory_Neuron
12518,353,Immune
12519,309,Excitatory_Neuron
12520,354,unassigned
12521,328,Excitatory_Neuron
12522,329,Excitatory_Neuron
12523,315,Excitatory_Neuron
12524,352,Excitatory_Neuron
12525,327,unassigned
12526,314,Excitatory_Neuron
12527,314,Excitatory_Neuron
12528,310,Excitatory_Neuron
12529,314,Excitatory_Neuron
12530,310,Excitatory_Neuron
12531,338,Vascular
12532,317,Excitatory_Neuron
12533,334,Excitatory_Neuron
12534,329,Excitatory_Neuron
12535,326,Excitatory_Neuron
12536,392,unassigned
12537,314,Excitatory_Neuron
12538,314,Excitatory_Neuron
12539,314,Excitatory_Neuron
12540,314,Excitatory_Neuron
12541,314,Excitatory_Neuron
12542,309,Excitatory_Neuron
12543,317,Excitatory_Neuron
12544,354,unassigned
12545,317,Excitatory_Neuron
12546,393,unassigned
12547,357,GABA_Neuron
12548,322,Astro-Epen
12549,322,Astro-Epen
12550,315,Excitatory_Neuron
12551,330,Excitatory_Neuron
12552,348,Excitatory_Neuron
12553,331,unassigned
12554,319,Excitatory_Neuron
12555,352,Excitatory_Neuron
12556,360,Excitatory_Neuron
12557,314,Excitatory_Neuron
12558,360,Excitatory_Neuron
12559,314,Excitatory_Neuron
12560,328,Excitatory_Neuron
12561,314,Excitatory_Neuron
12562,354,unassigned
12563,322,Astro-Epen
12564,359,Excitatory_Neuron
12565,315,Excitatory_Neuron
12566,349,Excitatory_Neuron
12567,319,Excitatory_Neuron
12568,352,Excitatory_Neuron
12569,314,Excitatory_Neuron
12570,314,Excitatory_Neuron
12571,314,Excitatory_Neuron
12572,353,Immune
12573,334,Excitatory_Neuron
12574,349,Excitatory_Neuron
12575,315,Excitatory_Neuron
12576,327,unassigned
12577,314,Excitatory_Neuron
12578,328,Excitatory_Neuron
12579,314,Excitatory_Neuron
12580,334,Excitatory_Neuron
12581,385,unassigned
12582,325,GABA_Neuron
12583,331,unassigned
12584,352,Excitatory_Neuron
12585,314,Excitatory_Neuron
12586,381,Excitatory_Neuron
12587,337,unassigned
12588,314,Excitatory_Neuron
12589,317,Excitatory_Neuron
12590,364,Excitatory_Neuron
12591,339,Excitatory_Neuron
12592,364,Excitatory_Neuron
12593,325,GABA_Neuron
12594,323,unassigned
12595,315,Excitatory_Neuron
12596,394,Excitatory_Neuron
12597,362,unassigned
12598,352,Excitatory_Neuron
12599,319,Excitatory_Neuron
12600,326,Excitatory_Neuron
12601,392,unassigned
12602,314,Excitatory_Neuron
12603,314,Excitatory_Neuron
12604,369,Immune
12605,395,unassigned
12606,357,GABA_Neuron
12607,357,GABA_Neuron
12608,318,unassigned
12609,315,Excitatory_Neuron
12610,352,Excitatory_Neuron
12611,314,Excitatory_Neuron
12612,353,Immune
12613,314,Excitatory_Neuron
12614,317,Excitatory_Neuron
12615,395,unassigned
12616,368,unassigned
12617,329,Excitatory_Neuron
12618,319,Excitatory_Neuron
12619,327,unassigned
12620,314,Excitatory_Neuron
12621,338,Vascular
12622,314,Excitatory_Neuron
12623,369,Immune
12624,382,unassigned
12625,360,Excitatory_Neuron
12626,327,unassigned
12627,310,Excitatory_Neuron
12628,373,Excitatory_Neuron
12629,396,Excitatory_Neuron
12630,314,Excitatory_Neuron
12631,393,unassigned
12632,325,GABA_Neuron
12633,359,Excitatory_Neuron
12634,349,Excitatory_Neuron
12635,315,Excitatory_Neuron
12636,352,Excitatory_Neuron
12637,326,Excitatory_Neuron
12638,326,Excitatory_Neuron
12639,326,Excitatory_Neuron
12640,338,Vascular
12641,328,Excitatory_Neuron
12642,317,Excitatory_Neuron
12643,328,Excitatory_Neuron
12644,364,Excitatory_Neuron
12645,339,Excitatory_Neuron
12646,363,unassigned
12647,315,Excitatory_Neuron
12648,330,Excitatory_Neuron
12649,315,Excitatory_Neuron
12650,352,Excitatory_Neuron
12651,352,Excitatory_Neuron
12652,352,Excitatory_Neuron
12653,381,Excitatory_Neuron
12654,373,Excitatory_Neuron
12655,317,Excitatory_Neuron
12656,369,Immune
12657,339,Excitatory_Neuron
12658,317,Excitatory_Neuron
12659,397,unassigned
12660,311,unassigned
12661,323,unassigned
12662,347,Excitatory_Neuron
12663,343,Excitatory_Neuron
12664,343,Excitatory_Neuron
12665,315,Excitatory_Neuron
12666,315,Excitatory_Neuron
12667,331,unassigned
12668,326,Excitatory_Neuron
12669,326,Excitatory_Neuron
12670,314,Excitatory_Neuron
12671,314,Excitatory_Neuron
12672,314,Excitatory_Neuron
12673,353,Immune
12674,369,Immune
12675,353,Immune
12676,356,Excitatory_Neuron
12677,322,Astro-Epen
12678,315,Excitatory_Neuron
12679,362,unassigned
12680,343,Excitatory_Neuron
12681,319,Excitatory_Neuron
12682,316,Excitatory_Neuron
12683,314,Excitatory_Neuron
12684,396,Excitatory_Neuron
12685,317,Excitatory_Neuron
12686,334,Excitatory_Neuron
12687,364,Excitatory_Neuron
12688,323,unassigned
12689,347,Excitatory_Neuron
12690,362,unassigned
12691,319,Excitatory_Neuron
12692,319,Excitatory_Neuron
12693,326,Excitatory_Neuron
12694,314,Excitatory_Neuron
12695,314,Excitatory_Neuron
12696,328,Excitatory_Neuron
12697,339,Excitatory_Neuron
12698,317,Excitatory_Neuron
12699,382,unassigned
12700,312,Astro-Epen
12701,329,Excitatory_Neuron
12702,398,unassigned
12703,315,Excitatory_Neuron
12704,352,Excitatory_Neuron
12705,316,Excitatory_Neuron
12706,319,Excitatory_Neuron
12707,381,Excitatory_Neuron
12708,314,Excitatory_Neuron
12709,314,Excitatory_Neuron
12710,314,Excitatory_Neuron
12711,328,Excitatory_Neuron
12712,314,Excitatory_Neuron
12713,328,Excitatory_Neuron
12714,317,Excitatory_Neuron
12715,312,Astro-Epen
12716,329,Excitatory_Neuron
12717,343,Excitatory_Neuron
12718,326,Excitatory_Neuron
12719,315,Excitatory_Neuron
12720,319,Excitatory_Neuron
12721,319,Excitatory_Neuron
12722,314,Excitatory_Neuron
12723,381,Excitatory_Neuron
12724,360,Excitatory_Neuron
12725,314,Excitatory_Neuron
12726,312,Astro-Epen
12727,329,Excitatory_Neuron
12728,349,Excitatory_Neuron
12729,319,Excitatory_Neuron
12730,331,unassigned
12731,396,Excitatory_Neuron
12732,369,Immune
12733,353,Immune
12734,334,Excitatory_Neuron
12735,356,Excitatory_Neuron
12736,323,unassigned
12737,323,unassigned
12738,348,Excitatory_Neuron
12739,352,Excitatory_Neuron
12740,316,Excitatory_Neuron
12741,352,Excitatory_Neuron
12742,352,Excitatory_Neuron
12743,314,Excitatory_Neuron
12744,360,Excitatory_Neuron
12745,373,Excitatory_Neuron
12746,396,Excitatory_Neuron
12747,353,Immune
12748,317,Excitatory_Neuron
12749,317,Excitatory_Neuron
12750,339,Excitatory_Neuron
12751,314,Excitatory_Neuron
12752,322,Astro-Epen
12753,347,Excitatory_Neuron
12754,315,Excitatory_Neuron
12755,326,Excitatory_Neuron
12756,314,Excitatory_Neuron
12757,396,Excitatory_Neuron
12758,353,Immune
12759,317,Excitatory_Neuron
12760,339,Excitatory_Neuron
12761,339,Excitatory_Neuron
12762,323,unassigned
12763,315,Excitatory_Neuron
12764,315,Excitatory_Neuron
12765,326,Excitatory_Neuron
12766,352,Excitatory_Neuron
12767,314,Excitatory_Neuron
12768,328,Excitatory_Neuron
12769,396,Excitatory_Neuron
12770,396,Excitatory_Neuron
12771,314,Excitatory_Neuron
12772,317,Excitatory_Neuron
12773,354,unassigned
12774,382,unassigned
12775,372,unassigned
12776,394,Excitatory_Neuron
12777,396,Excitatory_Neuron
12778,396,Excitatory_Neuron
12779,328,Excitatory_Neuron
12780,314,Excitatory_Neuron
12781,317,Excitatory_Neuron
12782,309,Excitatory_Neuron
12783,317,Excitatory_Neuron
12784,328,Excitatory_Neuron
12785,347,Excitatory_Neuron
12786,315,Excitatory_Neuron
12787,326,Excitatory_Neuron
12788,319,Excitatory_Neuron
12789,314,Excitatory_Neuron
12790,373,Excitatory_Neuron
12791,310,Excitatory_Neuron
12792,314,Excitatory_Neuron
12793,317,Excitatory_Neuron
12794,382,unassigned
12795,329,Excitatory_Neuron
12796,336,unassigned
12797,315,Excitatory_Neuron
12798,319,Excitatory_Neuron
12799,381,Excitatory_Neuron
12800,373,Excitatory_Neuron
12801,369,Immune
12802,317,Excitatory_Neuron
12803,359,Excitatory_Neuron
12804,329,Excitatory_Neuron
12805,348,Excitatory_Neuron
12806,326,Excitatory_Neuron
12807,316,Excitatory_Neuron
12808,319,Excitatory_Neuron
12809,381,Excitatory_Neuron
12810,314,Excitatory_Neuron
12811,373,Excitatory_Neuron
12812,373,Excitatory_Neuron
12813,314,Excitatory_Neuron
12814,396,Excitatory_Neuron
12815,328,Excitatory_Neuron
12816,314,Excitatory_Neuron
12817,396,Excitatory_Neuron
12818,314,Excitatory_Neuron
12819,363,unassigned
12820,376,Immune
12821,352,Excitatory_Neuron
12822,327,unassigned
12823,396,Excitatory_Neuron
12824,353,Immune
12825,357,GABA_Neuron
12826,356,Excitatory_Neuron
12827,399,Excitatory_Neuron
12828,322,Astro-Epen
12829,323,unassigned
12830,349,Excitatory_Neuron
12831,343,Excitatory_Neuron
12832,352,Excitatory_Neuron
12833,352,Excitatory_Neuron
12834,381,Excitatory_Neuron
12835,310,Excitatory_Neuron
12836,369,Immune
12837,317,Excitatory_Neuron
12838,317,Excitatory_Neuron
12839,325,GABA_Neuron
12840,329,Excitatory_Neuron
12841,348,Excitatory_Neuron
12842,315,Excitatory_Neuron
12843,398,unassigned
12844,319,Excitatory_Neuron
12845,314,Excitatory_Neuron
12846,314,Excitatory_Neuron
12847,314,Excitatory_Neuron
12848,310,Excitatory_Neuron
12849,353,Immune
12850,314,Excitatory_Neuron
12851,369,Immune
12852,364,Excitatory_Neuron
12853,312,Astro-Epen
12854,372,unassigned
12855,359,Excitatory_Neuron
12856,325,GABA_Neuron
12857,343,Excitatory_Neuron
12858,315,Excitatory_Neuron
12859,315,Excitatory_Neuron
12860,392,unassigned
12861,328,Excitatory_Neuron
12862,328,Excitatory_Neuron
12863,314,Excitatory_Neuron
12864,353,Immune
12865,396,Excitatory_Neuron
12866,314,Excitatory_Neuron
12867,334,Excitatory_Neuron
12868,339,Excitatory_Neuron
12869,330,Excitatory_Neuron
12870,349,Excitatory_Neuron
12871,315,Excitatory_Neuron
12872,376,Immune
12873,343,Excitatory_Neuron
12874,331,unassigned
12875,343,Excitatory_Neuron
12876,352,Excitatory_Neuron
12877,374,unassigned
12878,374,unassigned
12879,319,Excitatory_Neuron
12880,352,Excitatory_Neuron
12881,373,Excitatory_Neuron
12882,373,Excitatory_Neuron
12883,317,Excitatory_Neuron
12884,339,Excitatory_Neuron
12885,317,Excitatory_Neuron
12886,334,Excitatory_Neuron
12887,334,Excitatory_Neuron
12888,364,Excitatory_Neuron
12889,364,Excitatory_Neuron
12890,339,Excitatory_Neuron
12891,357,GABA_Neuron
12892,315,Excitatory_Neuron
12893,315,Excitatory_Neuron
12894,315,Excitatory_Neuron
12895,343,Excitatory_Neuron
12896,343,Excitatory_Neuron
12897,343,Excitatory_Neuron
12898,326,Excitatory_Neuron
12899,326,Excitatory_Neuron
12900,381,Excitatory_Neuron
12901,396,Excitatory_Neuron
12902,353,Immune
12903,328,Excitatory_Neuron
12904,353,Immune
12905,317,Excitatory_Neuron
12906,334,Excitatory_Neuron
12907,356,Excitatory_Neuron
12908,363,unassigned
12909,315,Excitatory_Neuron
12910,329,Excitatory_Neuron
12911,329,Excitatory_Neuron
12912,315,Excitatory_Neuron
12913,352,Excitatory_Neuron
12914,352,Excitatory_Neuron
12915,319,Excitatory_Neuron
12916,316,Excitatory_Neuron
12917,310,Excitatory_Neuron
12918,314,Excitatory_Neuron
12919,396,Excitatory_Neuron
12920,369,Immune
12921,317,Excitatory_Neuron
12922,364,Excitatory_Neuron
12923,339,Excitatory_Neuron
12924,315,Excitatory_Neuron
12925,344,Excitatory_Neuron
12926,315,Excitatory_Neuron
12927,374,unassigned
12928,352,Excitatory_Neuron
12929,381,Excitatory_Neuron
12930,326,Excitatory_Neuron
12931,381,Excitatory_Neuron
12932,314,Excitatory_Neuron
12933,396,Excitatory_Neuron
12934,314,Excitatory_Neuron
12935,314,Excitatory_Neuron
12936,369,Immune
12937,369,Immune
12938,369,Immune
12939,314,Excitatory_Neuron
12940,354,unassigned
12941,393,unassigned
12942,382,unassigned
12943,363,unassigned
12944,315,Excitatory_Neuron
12945,344,Excitatory_Neuron
12946,362,unassigned
12947,398,unassigned
12948,343,Excitatory_Neuron
12949,343,Excitatory_Neuron
12950,398,unassigned
12951,314,Excitatory_Neuron
12952,396,Excitatory_Neuron
12953,396,Excitatory_Neuron
12954,328,Excitatory_Neuron
12955,356,Excitatory_Neuron
12956,328,Excitatory_Neuron
12957,315,Excitatory_Neuron
12958,391,unassigned
12959,400,Excitatory_Neuron
12960,315,Excitatory_Neuron
12961,315,Excitatory_Neuron
12962,376,Immune
12963,352,Excitatory_Neuron
12964,319,Excitatory_Neuron
12965,314,Excitatory_Neuron
12966,314,Excitatory_Neuron
12967,328,Excitatory_Neuron
12968,314,Excitatory_Neuron
12969,373,Excitatory_Neuron
12970,314,Excitatory_Neuron
12971,396,Excitatory_Neuron
12972,310,Excitatory_Neuron
12973,314,Excitatory_Neuron
12974,395,unassigned
12975,339,Excitatory_Neuron
12976,339,Excitatory_Neuron
12977,357,GABA_Neuron
12978,344,Excitatory_Neuron
12979,326,Excitatory_Neuron
12980,314,Excitatory_Neuron
12981,328,Excitatory_Neuron
12982,310,Excitatory_Neuron
12983,328,Excitatory_Neuron
12984,353,Immune
12985,317,Excitatory_Neuron
12986,393,unassigned
12987,382,unassigned
12988,385,unassigned
12989,325,GABA_Neuron
12990,315,Excitatory_Neuron
12991,315,Excitatory_Neuron
12992,319,Excitatory_Neuron
12993,352,Excitatory_Neuron
12994,319,Excitatory_Neuron
12995,319,Excitatory_Neuron
12996,381,Excitatory_Neuron
12997,381,Excitatory_Neuron
12998,396,Excitatory_Neuron
12999,314,Excitatory_Neuron
13000,314,Excitatory_Neuron
13001,353,Immune
13002,353,Immune
13003,334,Excitatory_Neuron
13004,339,Excitatory_Neuron
13005,364,Excitatory_Neuron
13006,391,unassigned
13007,400,Excitatory_Neuron
13008,352,Excitatory_Neuron
13009,316,Excitatory_Neuron
13010,326,Excitatory_Neuron
13011,314,Excitatory_Neuron
13012,314,Excitatory_Neuron
13013,396,Excitatory_Neuron
13014,396,Excitatory_Neuron
13015,314,Excitatory_Neuron
13016,314,Excitatory_Neuron
13017,317,Excitatory_Neuron
13018,395,unassigned
13019,317,Excitatory_Neuron
13020,357,GABA_Neuron
13021,322,Astro-Epen
13022,322,Astro-Epen
13023,385,unassigned
13024,329,Excitatory_Neuron
13025,349,Excitatory_Neuron
13026,343,Excitatory_Neuron
13027,343,Excitatory_Neuron
13028,343,Excitatory_Neuron
13029,343,Excitatory_Neuron
13030,352,Excitatory_Neuron
13031,319,Excitatory_Neuron
13032,352,Excitatory_Neuron
13033,319,Excitatory_Neuron
13034,360,Excitatory_Neuron
13035,373,Excitatory_Neuron
13036,353,Immune
13037,317,Excitatory_Neuron
13038,395,unassigned
13039,339,Excitatory_Neuron
13040,339,Excitatory_Neuron
13041,356,Excitatory_Neuron
13042,315,Excitatory_Neuron
13043,376,Immune
13044,315,Excitatory_Neuron
13045,343,Excitatory_Neuron
13046,343,Excitatory_Neuron
13047,314,Excitatory_Neuron
13048,314,Excitatory_Neuron
13049,310,Excitatory_Neuron
13050,364,Excitatory_Neuron
13051,322,Astro-Epen
13052,330,Excitatory_Neuron
13053,343,Excitatory_Neuron
13054,319,Excitatory_Neuron
13055,328,Excitatory_Neuron
13056,314,Excitatory_Neuron
13057,353,Immune
13058,314,Excitatory_Neuron
13059,401,unassigned
13060,317,Excitatory_Neuron
13061,395,unassigned
13062,393,unassigned
13063,364,Excitatory_Neuron
13064,339,Excitatory_Neuron
13065,364,Excitatory_Neuron
13066,325,GABA_Neuron
13067,400,Excitatory_Neuron
13068,315,Excitatory_Neuron
13069,315,Excitatory_Neuron
13070,348,Excitatory_Neuron
13071,315,Excitatory_Neuron
13072,352,Excitatory_Neuron
13073,315,Excitatory_Neuron
13074,326,Excitatory_Neuron
13075,326,Excitatory_Neuron
13076,381,Excitatory_Neuron
13077,381,Excitatory_Neuron
13078,373,Excitatory_Neuron
13079,373,Excitatory_Neuron
13080,310,Excitatory_Neuron
13081,314,Excitatory_Neuron
13082,317,Excitatory_Neuron
13083,339,Excitatory_Neuron
13084,322,Astro-Epen
13085,385,unassigned
13086,315,Excitatory_Neuron
13087,347,Excitatory_Neuron
13088,362,unassigned
13089,326,Excitatory_Neuron
13090,381,Excitatory_Neuron
13091,314,Excitatory_Neuron
13092,310,Excitatory_Neuron
13093,314,Excitatory_Neuron
13094,393,unassigned
13095,339,Excitatory_Neuron
13096,357,GABA_Neuron
13097,385,unassigned
13098,386,unassigned
13099,329,Excitatory_Neuron
13100,330,Excitatory_Neuron
13101,402,unassigned
13102,348,Excitatory_Neuron
13103,315,Excitatory_Neuron
13104,344,Excitatory_Neuron
13105,376,Immune
13106,315,Excitatory_Neuron
13107,376,Immune
13108,315,Excitatory_Neuron
13109,314,Excitatory_Neuron
13110,328,Excitatory_Neuron
13111,396,Excitatory_Neuron
13112,369,Immune
13113,395,unassigned
13114,317,Excitatory_Neuron
13115,364,Excitatory_Neuron
13116,315,Excitatory_Neuron
13117,330,Excitatory_Neuron
13118,362,unassigned
13119,315,Excitatory_Neuron
13120,343,Excitatory_Neuron
13121,316,Excitatory_Neuron
13122,314,Excitatory_Neuron
13123,354,unassigned
13124,334,Excitatory_Neuron
13125,364,Excitatory_Neuron
13126,347,Excitatory_Neuron
13127,330,Excitatory_Neuron
13128,348,Excitatory_Neuron
13129,348,Excitatory_Neuron
13130,344,Excitatory_Neuron
13131,403,unassigned
13132,352,Excitatory_Neuron
13133,352,Excitatory_Neuron
13134,316,Excitatory_Neuron
13135,360,Excitatory_Neuron
13136,314,Excitatory_Neuron
13137,317,Excitatory_Neuron
13138,334,Excitatory_Neuron
13139,364,Excitatory_Neuron
13140,364,Excitatory_Neuron
13141,322,Astro-Epen
13142,404,unassigned
13143,391,unassigned
13144,405,unassigned
13145,352,Excitatory_Neuron
13146,316,Excitatory_Neuron
13147,360,Excitatory_Neuron
13148,360,Excitatory_Neuron
13149,327,unassigned
13150,328,Excitatory_Neuron
13151,314,Excitatory_Neuron
13152,328,Excitatory_Neuron
13153,314,Excitatory_Neuron
13154,314,Excitatory_Neuron
13155,353,Immune
13156,369,Immune
13157,317,Excitatory_Neuron
13158,395,unassigned
13159,317,Excitatory_Neuron
13160,406,Excitatory_Neuron
13161,329,Excitatory_Neuron
13162,347,Excitatory_Neuron
13163,398,unassigned
13164,315,Excitatory_Neuron
13165,315,Excitatory_Neuron
13166,316,Excitatory_Neuron
13167,319,Excitatory_Neuron
13168,314,Excitatory_Neuron
13169,314,Excitatory_Neuron
13170,314,Excitatory_Neuron
13171,317,Excitatory_Neuron
13172,334,Excitatory_Neuron
13173,406,Excitatory_Neuron
13174,406,Excitatory_Neuron
13175,364,Excitatory_Neuron
13176,359,Excitatory_Neuron
13177,407,Excitatory_Neuron
13178,347,Excitatory_Neuron
13179,315,Excitatory_Neuron
13180,315,Excitatory_Neuron
13181,326,Excitatory_Neuron
13182,319,Excitatory_Neuron
13183,319,Excitatory_Neuron
13184,360,Excitatory_Neuron
13185,360,Excitatory_Neuron
13186,314,Excitatory_Neuron
13187,314,Excitatory_Neuron
13188,314,Excitatory_Neuron
13189,357,GABA_Neuron
13190,311,unassigned
13191,386,unassigned
13192,329,Excitatory_Neuron
13193,315,Excitatory_Neuron
13194,349,Excitatory_Neuron
13195,376,Immune
13196,344,Excitatory_Neuron
13197,343,Excitatory_Neuron
13198,343,Excitatory_Neuron
13199,331,unassigned
13200,360,Excitatory_Neuron
13201,353,Immune
13202,356,Excitatory_Neuron
13203,356,Excitatory_Neuron
13204,322,Astro-Epen
13205,408,unassigned
13206,330,Excitatory_Neuron
13207,376,Immune
13208,352,Excitatory_Neuron
13209,343,Excitatory_Neuron
13210,343,Excitatory_Neuron
13211,398,unassigned
13212,315,Excitatory_Neuron
13213,319,Excitatory_Neuron
13214,319,Excitatory_Neuron
13215,360,Excitatory_Neuron
13216,381,Excitatory_Neuron
13217,326,Excitatory_Neuron
13218,314,Excitatory_Neuron
13219,317,Excitatory_Neuron
13220,317,Excitatory_Neuron
13221,317,Excitatory_Neuron
13222,339,Excitatory_Neuron
13223,317,Excitatory_Neuron
13224,382,unassigned
13225,339,Excitatory_Neuron
13226,339,Excitatory_Neuron
13227,339,Excitatory_Neuron
13228,356,Excitatory_Neuron
13229,364,Excitatory_Neuron
13230,315,Excitatory_Neuron
13231,349,Excitatory_Neuron
13232,319,Excitatory_Neuron
13233,314,Excitatory_Neuron
13234,396,Excitatory_Neuron
13235,314,Excitatory_Neuron
13236,314,Excitatory_Neuron
13237,353,Immune
13238,339,Excitatory_Neuron
13239,393,unassigned
13240,347,Excitatory_Neuron
13241,400,Excitatory_Neuron
13242,329,Excitatory_Neuron
13243,330,Excitatory_Neuron
13244,405,unassigned
13245,315,Excitatory_Neuron
13246,315,Excitatory_Neuron
13247,315,Excitatory_Neuron
13248,403,unassigned
13249,403,unassigned
13250,315,Excitatory_Neuron
13251,326,Excitatory_Neuron
13252,316,Excitatory_Neuron
13253,314,Excitatory_Neuron
13254,316,Excitatory_Neuron
13255,360,Excitatory_Neuron
13256,314,Excitatory_Neuron
13257,314,Excitatory_Neuron
13258,369,Immune
13259,369,Immune
13260,314,Excitatory_Neuron
13261,395,unassigned
13262,317,Excitatory_Neuron
13263,328,Excitatory_Neuron
13264,334,Excitatory_Neuron
13265,382,unassigned
13266,364,Excitatory_Neuron
13267,328,Excitatory_Neuron
13268,311,unassigned
13269,409,unassigned
13270,315,Excitatory_Neuron
13271,329,Excitatory_Neuron
13272,315,Excitatory_Neuron
13273,352,Excitatory_Neuron
13274,331,unassigned
13275,403,unassigned
13276,360,Excitatory_Neuron
13277,328,Excitatory_Neuron
13278,314,Excitatory_Neuron
13279,314,Excitatory_Neuron
13280,354,unassigned
13281,339,Excitatory_Neuron
13282,357,GABA_Neuron
13283,359,Excitatory_Neuron
13284,315,Excitatory_Neuron
13285,315,Excitatory_Neuron
13286,315,Excitatory_Neuron
13287,315,Excitatory_Neuron
13288,352,Excitatory_Neuron
13289,315,Excitatory_Neuron
13290,352,Excitatory_Neuron
13291,319,Excitatory_Neuron
13292,326,Excitatory_Neuron
13293,327,unassigned
13294,381,Excitatory_Neuron
13295,314,Excitatory_Neuron
13296,395,unassigned
13297,359,Excitatory_Neuron
13298,348,Excitatory_Neuron
13299,315,Excitatory_Neuron
13300,343,Excitatory_Neuron
13301,403,unassigned
13302,360,Excitatory_Neuron
13303,326,Excitatory_Neuron
13304,360,Excitatory_Neuron
13305,314,Excitatory_Neuron
13306,328,Excitatory_Neuron
13307,354,unassigned
13308,356,Excitatory_Neuron
13309,364,Excitatory_Neuron
13310,364,Excitatory_Neuron
13311,322,Astro-Epen
13312,400,Excitatory_Neuron
13313,405,unassigned
13314,405,unassigned
13315,376,Immune
13316,352,Excitatory_Neuron
13317,326,Excitatory_Neuron
13318,316,Excitatory_Neuron
13319,327,unassigned
13320,328,Excitatory_Neuron
13321,396,Excitatory_Neuron
13322,314,Excitatory_Neuron
13323,314,Excitatory_Neuron
13324,328,Excitatory_Neuron
13325,406,Excitatory_Neuron
13326,406,Excitatory_Neuron
13327,339,Excitatory_Neuron
13328,410,unassigned
13329,359,Excitatory_Neuron
13330,359,Excitatory_Neuron
13331,329,Excitatory_Neuron
13332,349,Excitatory_Neuron
13333,400,Excitatory_Neuron
13334,376,Immune
13335,398,unassigned
13336,315,Excitatory_Neuron
13337,327,unassigned
13338,326,Excitatory_Neuron
13339,326,Excitatory_Neuron
13340,314,Excitatory_Neuron
13341,314,Excitatory_Neuron
13342,314,Excitatory_Neuron
13343,317,Excitatory_Neuron
13344,382,unassigned
13345,357,GABA_Neuron
13346,315,Excitatory_Neuron
13347,326,Excitatory_Neuron
13348,319,Excitatory_Neuron
13349,314,Excitatory_Neuron
13350,314,Excitatory_Neuron
13351,373,Excitatory_Neuron
13352,396,Excitatory_Neuron
13353,353,Immune
13354,373,Excitatory_Neuron
13355,317,Excitatory_Neuron
13356,328,Excitatory_Neuron
13357,328,Excitatory_Neuron
13358,359,Excitatory_Neuron
13359,400,Excitatory_Neuron
13360,315,Excitatory_Neuron
13361,315,Excitatory_Neuron
13362,330,Excitatory_Neuron
13363,405,unassigned
13364,316,Excitatory_Neuron
13365,326,Excitatory_Neuron
13366,360,Excitatory_Neuron
13367,314,Excitatory_Neuron
13368,314,Excitatory_Neuron
13369,396,Excitatory_Neuron
13370,328,Excitatory_Neuron
13371,317,Excitatory_Neuron
13372,314,Excitatory_Neuron
13373,317,Excitatory_Neuron
13374,364,Excitatory_Neuron
13375,364,Excitatory_Neuron
13376,339,Excitatory_Neuron
13377,404,unassigned
13378,330,Excitatory_Neuron
13379,315,Excitatory_Neuron
13380,348,Excitatory_Neuron
13381,326,Excitatory_Neuron
13382,360,Excitatory_Neuron
13383,328,Excitatory_Neuron
13384,314,Excitatory_Neuron
13385,314,Excitatory_Neuron
13386,317,Excitatory_Neuron
13387,364,Excitatory_Neuron
13388,322,Astro-Epen
13389,410,unassigned
13390,376,Immune
13391,343,Excitatory_Neuron
13392,398,unassigned
13393,326,Excitatory_Neuron
13394,314,Excitatory_Neuron
13395,314,Excitatory_Neuron
13396,317,Excitatory_Neuron
13397,356,Excitatory_Neuron
13398,357,GABA_Neuron
13399,329,Excitatory_Neuron
13400,400,Excitatory_Neuron
13401,343,Excitatory_Neuron
13402,343,Excitatory_Neuron
13403,352,Excitatory_Neuron
13404,316,Excitatory_Neuron
13405,317,Excitatory_Neuron
13406,354,unassigned
13407,317,Excitatory_Neuron
13408,339,Excitatory_Neuron
13409,329,Excitatory_Neuron
13410,329,Excitatory_Neuron
13411,405,unassigned
13412,403,unassigned
13413,326,Excitatory_Neuron
13414,352,Excitatory_Neuron
13415,381,Excitatory_Neuron
13416,314,Excitatory_Neuron
13417,381,Excitatory_Neuron
13418,328,Excitatory_Neuron
13419,364,Excitatory_Neuron
13420,322,Astro-Epen
13421,349,Excitatory_Neuron
13422,402,unassigned
13423,343,Excitatory_Neuron
13424,344,Excitatory_Neuron
13425,315,Excitatory_Neuron
13426,376,Immune
13427,352,Excitatory_Neuron
13428,360,Excitatory_Neuron
13429,327,unassigned
13430,314,Excitatory_Neuron
13431,314,Excitatory_Neuron
13432,328,Excitatory_Neuron
13433,354,unassigned
13434,364,Excitatory_Neuron
13435,386,unassigned
13436,319,Excitatory_Neuron
13437,316,Excitatory_Neuron
13438,360,Excitatory_Neuron
13439,314,Excitatory_Neuron
13440,314,Excitatory_Neuron
13441,314,Excitatory_Neuron
13442,314,Excitatory_Neuron
13443,369,Immune
13444,354,unassigned
13445,393,unassigned
13446,411,unassigned
13447,315,Excitatory_Neuron
13448,315,Excitatory_Neuron
13449,326,Excitatory_Neuron
13450,360,Excitatory_Neuron
13451,360,Excitatory_Neuron
13452,381,Excitatory_Neuron
13453,314,Excitatory_Neuron
13454,326,Excitatory_Neuron
13455,314,Excitatory_Neuron
13456,328,Excitatory_Neuron
13457,396,Excitatory_Neuron
13458,314,Excitatory_Neuron
13459,328,Excitatory_Neuron
13460,369,Immune
13461,396,Excitatory_Neuron
13462,353,Immune
13463,317,Excitatory_Neuron
13464,339,Excitatory_Neuron
13465,329,Excitatory_Neuron
13466,344,Excitatory_Neuron
13467,376,Immune
13468,315,Excitatory_Neuron
13469,352,Excitatory_Neuron
13470,326,Excitatory_Neuron
13471,360,Excitatory_Neuron
13472,360,Excitatory_Neuron
13473,360,Excitatory_Neuron
13474,314,Excitatory_Neuron
13475,314,Excitatory_Neuron
13476,393,unassigned
13477,339,Excitatory_Neuron
13478,406,Excitatory_Neuron
13479,409,unassigned
13480,402,unassigned
13481,326,Excitatory_Neuron
13482,360,Excitatory_Neuron
13483,314,Excitatory_Neuron
13484,412,unassigned
13485,314,Excitatory_Neuron
13486,314,Excitatory_Neuron
13487,317,Excitatory_Neuron
13488,339,Excitatory_Neuron
13489,364,Excitatory_Neuron
13490,400,Excitatory_Neuron
13491,352,Excitatory_Neuron
13492,326,Excitatory_Neuron
13493,314,Excitatory_Neuron
13494,314,Excitatory_Neuron
13495,314,Excitatory_Neuron
13496,373,Excitatory_Neuron
13497,314,Excitatory_Neuron
13498,314,Excitatory_Neuron
13499,354,unassigned
13500,317,Excitatory_Neuron
13501,357,GABA_Neuron
13502,325,GABA_Neuron
13503,347,Excitatory_Neuron
13504,315,Excitatory_Neuron
13505,330,Excitatory_Neuron
13506,326,Excitatory_Neuron
13507,314,Excitatory_Neuron
13508,317,Excitatory_Neuron
13509,354,unassigned
13510,382,unassigned
13511,322,Astro-Epen
13512,409,unassigned
13513,386,unassigned
13514,347,Excitatory_Neuron
13515,315,Excitatory_Neuron
13516,326,Excitatory_Neuron
13517,316,Excitatory_Neuron
13518,360,Excitatory_Neuron
13519,314,Excitatory_Neuron
13520,314,Excitatory_Neuron
13521,314,Excitatory_Neuron
13522,328,Excitatory_Neuron
13523,391,unassigned
13524,391,unassigned
13525,349,Excitatory_Neuron
13526,376,Immune
13527,352,Excitatory_Neuron
13528,326,Excitatory_Neuron
13529,316,Excitatory_Neuron
13530,396,Excitatory_Neuron
13531,396,Excitatory_Neuron
13532,353,Immune
13533,314,Excitatory_Neuron
13534,314,Excitatory_Neuron
13535,329,Excitatory_Neuron
13536,407,Excitatory_Neuron
13537,398,unassigned
13538,314,Excitatory_Neuron
13539,328,Excitatory_Neuron
13540,314,Excitatory_Neuron
13541,353,Immune
13542,314,Excitatory_Neuron
13543,339,Excitatory_Neuron
13544,322,Astro-Epen
13545,311,unassigned
13546,312,Astro-Epen
13547,410,unassigned
13548,411,unassigned
13549,349,Excitatory_Neuron
13550,315,Excitatory_Neuron
13551,316,Excitatory_Neuron
13552,381,Excitatory_Neuron
13553,360,Excitatory_Neuron
13554,314,Excitatory_Neuron
13555,328,Excitatory_Neuron
13556,353,Immune
13557,314,Excitatory_Neuron
13558,314,Excitatory_Neuron
13559,328,Excitatory_Neuron
13560,382,unassigned
13561,339,Excitatory_Neuron
13562,357,GABA_Neuron
13563,329,Excitatory_Neuron
13564,391,unassigned
13565,349,Excitatory_Neuron
13566,329,Excitatory_Neuron
13567,344,Excitatory_Neuron
13568,315,Excitatory_Neuron
13569,326,Excitatory_Neuron
13570,327,unassigned
13571,381,Excitatory_Neuron
13572,314,Excitatory_Neuron
13573,314,Excitatory_Neuron
13574,360,Excitatory_Neuron
13575,396,Excitatory_Neuron
13576,314,Excitatory_Neuron
13577,413,unassigned
13578,409,unassigned
13579,386,unassigned
13580,404,unassigned
13581,329,Excitatory_Neuron
13582,344,Excitatory_Neuron
13583,315,Excitatory_Neuron
13584,360,Excitatory_Neuron
13585,326,Excitatory_Neuron
13586,360,Excitatory_Neuron
13587,360,Excitatory_Neuron
13588,328,Excitatory_Neuron
13589,314,Excitatory_Neuron
13590,314,Excitatory_Neuron
13591,396,Excitatory_Neuron
13592,314,Excitatory_Neuron
13593,369,Immune
13594,328,Excitatory_Neuron
13595,317,Excitatory_Neuron
13596,354,unassigned
13597,317,Excitatory_Neuron
13598,364,Excitatory_Neuron
13599,325,GABA_Neuron
13600,349,Excitatory_Neuron
13601,405,unassigned
13602,394,Excitatory_Neuron
13603,314,Excitatory_Neuron
13604,314,Excitatory_Neuron
13605,314,Excitatory_Neuron
13606,314,Excitatory_Neuron
13607,317,Excitatory_Neuron
13608,406,Excitatory_Neuron
13609,312,Astro-Epen
13610,312,Astro-Epen
13611,315,Excitatory_Neuron
13612,391,unassigned
13613,329,Excitatory_Neuron
13614,407,Excitatory_Neuron
13615,349,Excitatory_Neuron
13616,343,Excitatory_Neuron
13617,315,Excitatory_Neuron
13618,352,Excitatory_Neuron
13619,314,Excitatory_Neuron
13620,373,Excitatory_Neuron
13621,396,Excitatory_Neuron
13622,373,Excitatory_Neuron
13623,314,Excitatory_Neuron
13624,393,unassigned
13625,406,Excitatory_Neuron
13626,356,Excitatory_Neuron
13627,386,unassigned
13628,386,unassigned
13629,315,Excitatory_Neuron
13630,349,Excitatory_Neuron
13631,407,Excitatory_Neuron
13632,405,unassigned
13633,348,Excitatory_Neuron
13634,403,unassigned
13635,376,Immune
13636,352,Excitatory_Neuron
13637,314,Excitatory_Neuron
13638,360,Excitatory_Neuron
13639,381,Excitatory_Neuron
13640,373,Excitatory_Neuron
13641,314,Excitatory_Neuron
13642,396,Excitatory_Neuron
13643,373,Excitatory_Neuron
13644,353,Immune
13645,369,Immune
13646,354,unassigned
13647,353,Immune
13648,353,Immune
13649,414,unassigned
13650,393,unassigned
13651,406,Excitatory_Neuron
13652,339,Excitatory_Neuron
13653,413,unassigned
13654,311,unassigned
13655,322,Astro-Epen
13656,329,Excitatory_Neuron
13657,391,unassigned
13658,329,Excitatory_Neuron
13659,347,Excitatory_Neuron
13660,374,unassigned
13661,319,Excitatory_Neuron
13662,326,Excitatory_Neuron
13663,381,Excitatory_Neuron
13664,373,Excitatory_Neuron
13665,373,Excitatory_Neuron
13666,314,Excitatory_Neuron
13667,328,Excitatory_Neuron
13668,328,Excitatory_Neuron
13669,317,Excitatory_Neuron
13670,339,Excitatory_Neuron
13671,393,unassigned
13672,382,unassigned
13673,410,unassigned
13674,391,unassigned
13675,349,Excitatory_Neuron
13676,330,Excitatory_Neuron
13677,344,Excitatory_Neuron
13678,344,Excitatory_Neuron
13679,326,Excitatory_Neuron
13680,316,Excitatory_Neuron
13681,360,Excitatory_Neuron
13682,326,Excitatory_Neuron
13683,396,Excitatory_Neuron
13684,317,Excitatory_Neuron
13685,317,Excitatory_Neuron
13686,372,unassigned
13687,329,Excitatory_Neuron
13688,407,Excitatory_Neuron
13689,403,unassigned
13690,415,unassigned
13691,316,Excitatory_Neuron
13692,316,Excitatory_Neuron
13693,381,Excitatory_Neuron
13694,314,Excitatory_Neuron
13695,314,Excitatory_Neuron
13696,369,Immune
13697,317,Excitatory_Neuron
13698,414,unassigned
13699,317,Excitatory_Neuron
13700,393,unassigned
13701,356,Excitatory_Neuron
13702,312,Astro-Epen
13703,316,Excitatory_Neuron
13704,360,Excitatory_Neuron
13705,381,Excitatory_Neuron
13706,381,Excitatory_Neuron
13707,314,Excitatory_Neuron
13708,314,Excitatory_Neuron
13709,314,Excitatory_Neuron
13710,339,Excitatory_Neuron
13711,356,Excitatory_Neuron
13712,364,Excitatory_Neuron
13713,357,GABA_Neuron
13714,407,Excitatory_Neuron
13715,407,Excitatory_Neuron
13716,398,unassigned
13717,352,Excitatory_Neuron
13718,360,Excitatory_Neuron
13719,326,Excitatory_Neuron
13720,381,Excitatory_Neuron
13721,317,Excitatory_Neuron
13722,356,Excitatory_Neuron
13723,339,Excitatory_Neuron
13724,349,Excitatory_Neuron
13725,407,Excitatory_Neuron
13726,329,Excitatory_Neuron
13727,343,Excitatory_Neuron
13728,352,Excitatory_Neuron
13729,360,Excitatory_Neuron
13730,360,Excitatory_Neuron
13731,314,Excitatory_Neuron
13732,314,Excitatory_Neuron
13733,314,Excitatory_Neuron
13734,416,unassigned
13735,406,Excitatory_Neuron
13736,329,Excitatory_Neuron
13737,391,unassigned
13738,394,Excitatory_Neuron
13739,348,Excitatory_Neuron
13740,344,Excitatory_Neuron
13741,315,Excitatory_Neuron
13742,344,Excitatory_Neuron
13743,315,Excitatory_Neuron
13744,374,unassigned
13745,360,Excitatory_Neuron
13746,314,Excitatory_Neuron
13747,314,Excitatory_Neuron
13748,314,Excitatory_Neuron
13749,314,Excitatory_Neuron
13750,317,Excitatory_Neuron
13751,339,Excitatory_Neuron
13752,339,Excitatory_Neuron
13753,322,Astro-Epen
13754,359,Excitatory_Neuron
13755,417,unassigned
13756,329,Excitatory_Neuron
13757,347,Excitatory_Neuron
13758,326,Excitatory_Neuron
13759,381,Excitatory_Neuron
13760,314,Excitatory_Neuron
13761,396,Excitatory_Neuron
13762,314,Excitatory_Neuron
13763,328,Excitatory_Neuron
13764,314,Excitatory_Neuron
13765,339,Excitatory_Neuron
13766,356,Excitatory_Neuron
13767,364,Excitatory_Neuron
13768,386,unassigned
13769,329,Excitatory_Neuron
13770,349,Excitatory_Neuron
13771,400,Excitatory_Neuron
13772,329,Excitatory_Neuron
13773,376,Immune
13774,352,Excitatory_Neuron
13775,315,Excitatory_Neuron
13776,316,Excitatory_Neuron
13777,316,Excitatory_Neuron
13778,314,Excitatory_Neuron
13779,360,Excitatory_Neuron
13780,326,Excitatory_Neuron
13781,381,Excitatory_Neuron
13782,314,Excitatory_Neuron
13783,314,Excitatory_Neuron
13784,373,Excitatory_Neuron
13785,373,Excitatory_Neuron
13786,373,Excitatory_Neuron
13787,317,Excitatory_Neuron
13788,406,Excitatory_Neuron
13789,356,Excitatory_Neuron
13790,413,unassigned
13791,363,unassigned
13792,329,Excitatory_Neuron
13793,329,Excitatory_Neuron
13794,407,Excitatory_Neuron
13795,347,Excitatory_Neuron
13796,329,Excitatory_Neuron
13797,349,Excitatory_Neuron
13798,329,Excitatory_Neuron
13799,329,Excitatory_Neuron
13800,326,Excitatory_Neuron
13801,326,Excitatory_Neuron
13802,360,Excitatory_Neuron
13803,328,Excitatory_Neuron
13804,329,Excitatory_Neuron
13805,343,Excitatory_Neuron
13806,343,Excitatory_Neuron
13807,326,Excitatory_Neuron
13808,326,Excitatory_Neuron
13809,360,Excitatory_Neuron
13810,352,Excitatory_Neuron
13811,326,Excitatory_Neuron
13812,360,Excitatory_Neuron
13813,326,Excitatory_Neuron
13814,328,Excitatory_Neuron
13815,328,Excitatory_Neuron
13816,314,Excitatory_Neuron
13817,354,unassigned
13818,369,Immune
13819,314,Excitatory_Neuron
13820,317,Excitatory_Neuron
13821,406,Excitatory_Neuron
13822,328,Excitatory_Neuron
13823,322,Astro-Epen
13824,325,GABA_Neuron
13825,349,Excitatory_Neuron
13826,326,Excitatory_Neuron
13827,360,Excitatory_Neuron
13828,314,Excitatory_Neuron
13829,314,Excitatory_Neuron
13830,373,Excitatory_Neuron
13831,314,Excitatory_Neuron
13832,414,unassigned
13833,406,Excitatory_Neuron
13834,356,Excitatory_Neuron
13835,404,unassigned
13836,400,Excitatory_Neuron
13837,315,Excitatory_Neuron
13838,343,Excitatory_Neuron
13839,343,Excitatory_Neuron
13840,343,Excitatory_Neuron
13841,343,Excitatory_Neuron
13842,352,Excitatory_Neuron
13843,352,Excitatory_Neuron
13844,326,Excitatory_Neuron
13845,360,Excitatory_Neuron
13846,314,Excitatory_Neuron
13847,314,Excitatory_Neuron
13848,360,Excitatory_Neuron
13849,339,Excitatory_Neuron
13850,406,Excitatory_Neuron
13851,328,Excitatory_Neuron
13852,357,GABA_Neuron
13853,315,Excitatory_Neuron
13854,347,Excitatory_Neuron
13855,407,Excitatory_Neuron
13856,405,unassigned
13857,315,Excitatory_Neuron
13858,316,Excitatory_Neuron
13859,316,Excitatory_Neuron
13860,319,Excitatory_Neuron
13861,316,Excitatory_Neuron
13862,381,Excitatory_Neuron
13863,381,Excitatory_Neuron
13864,314,Excitatory_Neuron
13865,369,Immune
13866,339,Excitatory_Neuron
13867,339,Excitatory_Neuron
13868,364,Excitatory_Neuron
13869,311,unassigned
13870,325,GABA_Neuron
13871,329,Excitatory_Neuron
13872,405,unassigned
13873,326,Excitatory_Neuron
13874,352,Excitatory_Neuron
13875,316,Excitatory_Neuron
13876,316,Excitatory_Neuron
13877,314,Excitatory_Neuron
13878,314,Excitatory_Neuron
13879,328,Excitatory_Neuron
13880,414,unassigned
13881,357,GABA_Neuron
13882,328,Excitatory_Neuron
13883,357,GABA_Neuron
13884,418,unassigned
13885,404,unassigned
13886,386,unassigned
13887,349,Excitatory_Neuron
13888,314,Excitatory_Neuron
13889,314,Excitatory_Neuron
13890,327,unassigned
13891,314,Excitatory_Neuron
13892,314,Excitatory_Neuron
13893,314,Excitatory_Neuron
13894,396,Excitatory_Neuron
13895,353,Immune
13896,369,Immune
13897,382,unassigned
13898,356,Excitatory_Neuron
13899,363,unassigned
13900,372,unassigned
13901,399,Excitatory_Neuron
13902,315,Excitatory_Neuron
13903,407,Excitatory_Neuron
13904,407,Excitatory_Neuron
13905,343,Excitatory_Neuron
13906,315,Excitatory_Neuron
13907,352,Excitatory_Neuron
13908,315,Excitatory_Neuron
13909,360,Excitatory_Neuron
13910,314,Excitatory_Neuron
13911,314,Excitatory_Neuron
13912,373,Excitatory_Neuron
13913,314,Excitatory_Neuron
13914,317,Excitatory_Neuron
13915,314,Excitatory_Neuron
13916,317,Excitatory_Neuron
13917,416,unassigned
13918,382,unassigned
13919,382,unassigned
13920,328,Excitatory_Neuron
13921,356,Excitatory_Neuron
13922,364,Excitatory_Neuron
13923,410,unassigned
13924,349,Excitatory_Neuron
13925,329,Excitatory_Neuron
13926,376,Immune
13927,403,unassigned
13928,316,Excitatory_Neuron
13929,352,Excitatory_Neuron
13930,352,Excitatory_Neuron
13931,316,Excitatory_Neuron
13932,319,Excitatory_Neuron
13933,419,unassigned
13934,326,Excitatory_Neuron
13935,314,Excitatory_Neuron
13936,360,Excitatory_Neuron
13937,314,Excitatory_Neuron
13938,314,Excitatory_Neuron
13939,314,Excitatory_Neuron
13940,406,Excitatory_Neuron
13941,339,Excitatory_Neuron
13942,328,Excitatory_Neuron
13943,364,Excitatory_Neuron
13944,347,Excitatory_Neuron
13945,329,Excitatory_Neuron
13946,349,Excitatory_Neuron
13947,329,Excitatory_Neuron
13948,329,Excitatory_Neuron
13949,329,Excitatory_Neuron
13950,343,Excitatory_Neuron
13951,315,Excitatory_Neuron
13952,360,Excitatory_Neuron
13953,327,unassigned
13954,314,Excitatory_Neuron
13955,328,Excitatory_Neuron
13956,317,Excitatory_Neuron
13957,406,Excitatory_Neuron
13958,339,Excitatory_Neuron
13959,322,Astro-Epen
13960,347,Excitatory_Neuron
13961,347,Excitatory_Neuron
13962,347,Excitatory_Neuron
13963,394,Excitatory_Neuron
13964,315,Excitatory_Neuron
13965,319,Excitatory_Neuron
13966,352,Excitatory_Neuron
13967,360,Excitatory_Neuron
13968,327,unassigned
13969,314,Excitatory_Neuron
13970,314,Excitatory_Neuron
13971,314,Excitatory_Neuron
13972,328,Excitatory_Neuron
13973,314,Excitatory_Neuron
13974,317,Excitatory_Neuron
13975,354,unassigned
13976,356,Excitatory_Neuron
13977,311,unassigned
13978,418,unassigned
13979,329,Excitatory_Neuron
13980,407,Excitatory_Neuron
13981,398,unassigned
13982,374,unassigned
13983,315,Excitatory_Neuron
13984,415,unassigned
13985,314,Excitatory_Neuron
13986,326,Excitatory_Neuron
13987,314,Excitatory_Neuron
13988,369,Immune
13989,356,Excitatory_Neuron
13990,356,Excitatory_Neuron
13991,406,Excitatory_Neuron
13992,339,Excitatory_Neuron
13993,363,unassigned
13994,312,Astro-Epen
13995,315,Excitatory_Neuron
13996,329,Excitatory_Neuron
13997,329,Excitatory_Neuron
13998,329,Excitatory_Neuron
13999,402,unassigned
14000,314,Excitatory_Neuron
14001,396,Excitatory_Neuron
14002,353,Immune
14003,369,Immune
14004,339,Excitatory_Neuron
14005,314,Excitatory_Neuron
14006,339,Excitatory_Neuron
14007,356,Excitatory_Neuron
14008,356,Excitatory_Neuron
14009,364,Excitatory_Neuron
14010,420,unassigned
14011,410,unassigned
14012,407,Excitatory_Neuron
14013,407,Excitatory_Neuron
14014,376,Immune
14015,315,Excitatory_Neuron
14016,352,Excitatory_Neuron
14017,328,Excitatory_Neuron
14018,353,Immune
14019,396,Excitatory_Neuron
14020,314,Excitatory_Neuron
14021,317,Excitatory_Neuron
14022,406,Excitatory_Neuron
14023,400,Excitatory_Neuron
14024,376,Immune
14025,343,Excitatory_Neuron
14026,327,unassigned
14027,314,Excitatory_Neuron
14028,314,Excitatory_Neuron
14029,314,Excitatory_Neuron
14030,314,Excitatory_Neuron
14031,373,Excitatory_Neuron
14032,396,Excitatory_Neuron
14033,314,Excitatory_Neuron
14034,353,Immune
14035,373,Excitatory_Neuron
14036,317,Excitatory_Neuron
14037,395,unassigned
14038,317,Excitatory_Neuron
14039,363,unassigned
14040,418,unassigned
14041,407,Excitatory_Neuron
14042,407,Excitatory_Neuron
14043,326,Excitatory_Neuron
14044,326,Excitatory_Neuron
14045,314,Excitatory_Neuron
14046,314,Excitatory_Neuron
14047,314,Excitatory_Neuron
14048,314,Excitatory_Neuron
14049,317,Excitatory_Neuron
14050,328,Excitatory_Neuron
14051,395,unassigned
14052,339,Excitatory_Neuron
14053,339,Excitatory_Neuron
14054,356,Excitatory_Neuron
14055,364,Excitatory_Neuron
14056,315,Excitatory_Neuron
14057,400,Excitatory_Neuron
14058,347,Excitatory_Neuron
14059,403,unassigned
14060,394,Excitatory_Neuron
14061,394,Excitatory_Neuron
14062,316,Excitatory_Neuron
14063,314,Excitatory_Neuron
14064,360,Excitatory_Neuron
14065,314,Excitatory_Neuron
14066,317,Excitatory_Neuron
14067,369,Immune
14068,317,Excitatory_Neuron
14069,364,Excitatory_Neuron
14070,364,Excitatory_Neuron
14071,363,unassigned
14072,391,unassigned
14073,376,Immune
14074,403,unassigned
14075,344,Excitatory_Neuron
14076,403,unassigned
14077,352,Excitatory_Neuron
14078,352,Excitatory_Neuron
14079,326,Excitatory_Neuron
14080,314,Excitatory_Neuron
14081,360,Excitatory_Neuron
14082,328,Excitatory_Neuron
14083,381,Excitatory_Neuron
14084,360,Excitatory_Neuron
14085,373,Excitatory_Neuron
14086,314,Excitatory_Neuron
14087,353,Immune
14088,317,Excitatory_Neuron
14089,406,Excitatory_Neuron
14090,339,Excitatory_Neuron
14091,356,Excitatory_Neuron
14092,322,Astro-Epen
14093,413,unassigned
14094,400,Excitatory_Neuron
14095,349,Excitatory_Neuron
14096,329,Excitatory_Neuron
14097,394,Excitatory_Neuron
14098,402,unassigned
14099,403,unassigned
14100,352,Excitatory_Neuron
14101,352,Excitatory_Neuron
14102,326,Excitatory_Neuron
14103,419,unassigned
14104,314,Excitatory_Neuron
14105,314,Excitatory_Neuron
14106,326,Excitatory_Neuron
14107,314,Excitatory_Neuron
14108,360,Excitatory_Neuron
14109,314,Excitatory_Neuron
14110,396,Excitatory_Neuron
14111,369,Immune
14112,406,Excitatory_Neuron
14113,382,unassigned
14114,339,Excitatory_Neuron
14115,411,unassigned
14116,329,Excitatory_Neuron
14117,344,Excitatory_Neuron
14118,360,Excitatory_Neuron
14119,326,Excitatory_Neuron
14120,314,Excitatory_Neuron
14121,353,Immune
14122,314,Excitatory_Neuron
14123,317,Excitatory_Neuron
14124,317,Excitatory_Neuron
14125,395,unassigned
14126,395,unassigned
14127,322,Astro-Epen
14128,325,GABA_Neuron
14129,325,GABA_Neuron
14130,391,unassigned
14131,402,unassigned
14132,402,unassigned
14133,344,Excitatory_Neuron
14134,403,unassigned
14135,319,Excitatory_Neuron
14136,415,unassigned
14137,319,Excitatory_Neuron
14138,319,Excitatory_Neuron
14139,327,unassigned
14140,326,Excitatory_Neuron
14141,314,Excitatory_Neuron
14142,314,Excitatory_Neuron
14143,328,Excitatory_Neuron
14144,314,Excitatory_Neuron
14145,369,Immune
14146,393,unassigned
14147,406,Excitatory_Neuron
14148,393,unassigned
14149,347,Excitatory_Neuron
14150,402,unassigned
14151,405,unassigned
14152,394,Excitatory_Neuron
14153,407,Excitatory_Neuron
14154,403,unassigned
14155,415,unassigned
14156,326,Excitatory_Neuron
14157,360,Excitatory_Neuron
14158,316,Excitatory_Neuron
14159,314,Excitatory_Neuron
14160,373,Excitatory_Neuron
14161,314,Excitatory_Neuron
14162,339,Excitatory_Neuron
14163,339,Excitatory_Neuron
14164,400,Excitatory_Neuron
14165,391,unassigned
14166,407,Excitatory_Neuron
14167,344,Excitatory_Neuron
14168,394,Excitatory_Neuron
14169,376,Immune
14170,352,Excitatory_Neuron
14171,314,Excitatory_Neuron
14172,360,Excitatory_Neuron
14173,316,Excitatory_Neuron
14174,314,Excitatory_Neuron
14175,328,Excitatory_Neuron
14176,421,unassigned
14177,421,unassigned
14178,369,Immune
14179,406,Excitatory_Neuron
14180,357,GABA_Neuron
14181,407,Excitatory_Neuron
14182,349,Excitatory_Neuron
14183,376,Immune
14184,376,Immune
14185,315,Excitatory_Neuron
14186,326,Excitatory_Neuron
14187,326,Excitatory_Neuron
14188,328,Excitatory_Neuron
14189,328,Excitatory_Neuron
14190,314,Excitatory_Neuron
14191,328,Excitatory_Neuron
14192,354,unassigned
14193,317,Excitatory_Neuron
14194,395,unassigned
14195,406,Excitatory_Neuron
14196,393,unassigned
14197,364,Excitatory_Neuron
14198,328,Excitatory_Neuron
14199,319,Excitatory_Neuron
14200,326,Excitatory_Neuron
14201,360,Excitatory_Neuron
14202,381,Excitatory_Neuron
14203,314,Excitatory_Neuron
14204,382,unassigned
14205,347,Excitatory_Neuron
14206,422,unassigned
14207,343,Excitatory_Neuron
14208,316,Excitatory_Neuron
14209,319,Excitatory_Neuron
14210,352,Excitatory_Neuron
14211,326,Excitatory_Neuron
14212,314,Excitatory_Neuron
14213,326,Excitatory_Neuron
14214,328,Excitatory_Neuron
14215,369,Immune
14216,314,Excitatory_Neuron
14217,339,Excitatory_Neuron
14218,356,Excitatory_Neuron
14219,339,Excitatory_Neuron
14220,315,Excitatory_Neuron
14221,359,Excitatory_Neuron
14222,329,Excitatory_Neuron
14223,376,Immune
14224,381,Excitatory_Neuron
14225,327,unassigned
14226,360,Excitatory_Neuron
14227,314,Excitatory_Neuron
14228,314,Excitatory_Neuron
14229,314,Excitatory_Neuron
14230,357,GABA_Neuron
14231,347,Excitatory_Neuron
14232,400,Excitatory_Neuron
14233,400,Excitatory_Neuron
14234,400,Excitatory_Neuron
14235,402,unassigned
14236,402,unassigned
14237,407,Excitatory_Neuron
14238,344,Excitatory_Neuron
14239,376,Immune
14240,415,unassigned
14241,326,Excitatory_Neuron
14242,326,Excitatory_Neuron
14243,319,Excitatory_Neuron
14244,352,Excitatory_Neuron
14245,328,Excitatory_Neuron
14246,314,Excitatory_Neuron
14247,395,unassigned
14248,314,Excitatory_Neuron
14249,317,Excitatory_Neuron
14250,339,Excitatory_Neuron
14251,339,Excitatory_Neuron
14252,363,unassigned
14253,372,unassigned
14254,409,unassigned
14255,325,GABA_Neuron
14256,407,Excitatory_Neuron
14257,347,Excitatory_Neuron
14258,352,Excitatory_Neuron
14259,360,Excitatory_Neuron
14260,314,Excitatory_Neuron
14261,326,Excitatory_Neuron
14262,360,Excitatory_Neuron
14263,314,Excitatory_Neuron
14264,339,Excitatory_Neuron
14265,314,Excitatory_Neuron
14266,423,unassigned
14267,359,Excitatory_Neuron
14268,359,Excitatory_Neuron
14269,329,Excitatory_Neuron
14270,400,Excitatory_Neuron
14271,407,Excitatory_Neuron
14272,329,Excitatory_Neuron
14273,402,unassigned
14274,343,Excitatory_Neuron
14275,360,Excitatory_Neuron
14276,316,Excitatory_Neuron
14277,314,Excitatory_Neuron
14278,314,Excitatory_Neuron
14279,314,Excitatory_Neuron
14280,369,Immune
14281,314,Excitatory_Neuron
14282,369,Immune
14283,317,Excitatory_Neuron
14284,406,Excitatory_Neuron
14285,347,Excitatory_Neuron
14286,410,unassigned
14287,400,Excitatory_Neuron
14288,329,Excitatory_Neuron
14289,349,Excitatory_Neuron
14290,329,Excitatory_Neuron
14291,407,Excitatory_Neuron
14292,329,Excitatory_Neuron
14293,376,Immune
14294,415,unassigned
14295,319,Excitatory_Neuron
14296,360,Excitatory_Neuron
14297,326,Excitatory_Neuron
14298,360,Excitatory_Neuron
14299,314,Excitatory_Neuron
14300,314,Excitatory_Neuron
14301,369,Immune
14302,369,Immune
14303,317,Excitatory_Neuron
14304,317,Excitatory_Neuron
14305,356,Excitatory_Neuron
14306,364,Excitatory_Neuron
14307,322,Astro-Epen
14308,409,unassigned
14309,411,unassigned
14310,394,Excitatory_Neuron
14311,327,unassigned
14312,344,Excitatory_Neuron
14313,403,unassigned
14314,315,Excitatory_Neuron
14315,352,Excitatory_Neuron
14316,314,Excitatory_Neuron
14317,381,Excitatory_Neuron
14318,360,Excitatory_Neuron
14319,326,Excitatory_Neuron
14320,381,Excitatory_Neuron
14321,314,Excitatory_Neuron
14322,314,Excitatory_Neuron
14323,328,Excitatory_Neuron
14324,314,Excitatory_Neuron
14325,317,Excitatory_Neuron
14326,328,Excitatory_Neuron
14327,395,unassigned
14328,317,Excitatory_Neuron
14329,406,Excitatory_Neuron
14330,328,Excitatory_Neuron
14331,328,Excitatory_Neuron
14332,328,Excitatory_Neuron
14333,404,unassigned
14334,347,Excitatory_Neuron
14335,347,Excitatory_Neuron
14336,400,Excitatory_Neuron
14337,405,unassigned
14338,402,unassigned
14339,394,Excitatory_Neuron
14340,403,unassigned
14341,398,unassigned
14342,352,Excitatory_Neuron
14343,315,Excitatory_Neuron
14344,315,Excitatory_Neuron
14345,326,Excitatory_Neuron
14346,360,Excitatory_Neuron
14347,381,Excitatory_Neuron
14348,360,Excitatory_Neuron
14349,326,Excitatory_Neuron
14350,314,Excitatory_Neuron
14351,360,Excitatory_Neuron
14352,360,Excitatory_Neuron
14353,314,Excitatory_Neuron
14354,353,Immune
14355,421,unassigned
14356,317,Excitatory_Neuron
14357,424,unassigned
14358,369,Immune
14359,314,Excitatory_Neuron
14360,317,Excitatory_Neuron
14361,328,Excitatory_Neuron
14362,356,Excitatory_Neuron
14363,356,Excitatory_Neuron
14364,357,GABA_Neuron
14365,418,unassigned
14366,410,unassigned
14367,363,unassigned
14368,391,unassigned
14369,347,Excitatory_Neuron
14370,411,unassigned
14371,352,Excitatory_Neuron
14372,314,Excitatory_Neuron
14373,328,Excitatory_Neuron
14374,314,Excitatory_Neuron
14375,369,Immune
14376,328,Excitatory_Neuron
14377,322,Astro-Epen
14378,400,Excitatory_Neuron
14379,400,Excitatory_Neuron
14380,407,Excitatory_Neuron
14381,400,Excitatory_Neuron
14382,329,Excitatory_Neuron
14383,360,Excitatory_Neuron
14384,316,Excitatory_Neuron
14385,419,unassigned
14386,314,Excitatory_Neuron
14387,328,Excitatory_Neuron
14388,314,Excitatory_Neuron
14389,328,Excitatory_Neuron
14390,395,unassigned
14391,339,Excitatory_Neuron
14392,364,Excitatory_Neuron
14393,410,unassigned
14394,410,unassigned
14395,407,Excitatory_Neuron
14396,315,Excitatory_Neuron
14397,376,Immune
14398,326,Excitatory_Neuron
14399,314,Excitatory_Neuron
14400,328,Excitatory_Neuron
14401,353,Immune
14402,317,Excitatory_Neuron
14403,328,Excitatory_Neuron
14404,393,unassigned
14405,413,unassigned
14406,409,unassigned
14407,329,Excitatory_Neuron
14408,329,Excitatory_Neuron
14409,398,unassigned
14410,319,Excitatory_Neuron
14411,352,Excitatory_Neuron
14412,419,unassigned
14413,381,Excitatory_Neuron
14414,381,Excitatory_Neuron
14415,373,Excitatory_Neuron
14416,314,Excitatory_Neuron
14417,396,Excitatory_Neuron
14418,328,Excitatory_Neuron
14419,314,Excitatory_Neuron
14420,356,Excitatory_Neuron
14421,356,Excitatory_Neuron
14422,322,Astro-Epen
14423,400,Excitatory_Neuron
14424,407,Excitatory_Neuron
14425,349,Excitatory_Neuron
14426,329,Excitatory_Neuron
14427,403,unassigned
14428,360,Excitatory_Neuron
14429,314,Excitatory_Neuron
14430,314,Excitatory_Neuron
14431,382,unassigned
14432,382,unassigned
14433,403,unassigned
14434,315,Excitatory_Neuron
14435,360,Excitatory_Neuron
14436,360,Excitatory_Neuron
14437,328,Excitatory_Neuron
14438,369,Immune
14439,317,Excitatory_Neuron
14440,314,Excitatory_Neuron
14441,317,Excitatory_Neuron
14442,382,unassigned
14443,356,Excitatory_Neuron
14444,339,Excitatory_Neuron
14445,364,Excitatory_Neuron
14446,322,Astro-Epen
14447,399,Excitatory_Neuron
14448,400,Excitatory_Neuron
14449,349,Excitatory_Neuron
14450,329,Excitatory_Neuron
14451,327,unassigned
14452,402,unassigned
14453,403,unassigned
14454,403,unassigned
14455,403,unassigned
14456,326,Excitatory_Neuron
14457,381,Excitatory_Neuron
14458,381,Excitatory_Neuron
14459,328,Excitatory_Neuron
14460,314,Excitatory_Neuron
14461,314,Excitatory_Neuron
14462,328,Excitatory_Neuron
14463,314,Excitatory_Neuron
14464,353,Immune
14465,354,unassigned
14466,406,Excitatory_Neuron
14467,386,unassigned
14468,347,Excitatory_Neuron
14469,327,unassigned
14470,344,Excitatory_Neuron
14471,402,unassigned
14472,315,Excitatory_Neuron
14473,319,Excitatory_Neuron
14474,319,Excitatory_Neuron
14475,398,unassigned
14476,316,Excitatory_Neuron
14477,360,Excitatory_Neuron
14478,360,Excitatory_Neuron
14479,396,Excitatory_Neuron
14480,314,Excitatory_Neuron
14481,328,Excitatory_Neuron
14482,328,Excitatory_Neuron
14483,314,Excitatory_Neuron
14484,314,Excitatory_Neuron
14485,425,unassigned
14486,424,unassigned
14487,369,Immune
14488,395,unassigned
14489,339,Excitatory_Neuron
14490,339,Excitatory_Neuron
14491,339,Excitatory_Neuron
14492,322,Astro-Epen
14493,359,Excitatory_Neuron
14494,409,unassigned
14495,400,Excitatory_Neuron
14496,400,Excitatory_Neuron
14497,349,Excitatory_Neuron
14498,376,Immune
14499,344,Excitatory_Neuron
14500,352,Excitatory_Neuron
14501,426,unassigned
14502,381,Excitatory_Neuron
14503,328,Excitatory_Neuron
14504,314,Excitatory_Neuron
14505,314,Excitatory_Neuron
14506,314,Excitatory_Neuron
14507,314,Excitatory_Neuron
14508,353,Immune
14509,339,Excitatory_Neuron
14510,395,unassigned
14511,406,Excitatory_Neuron
14512,311,unassigned
14513,409,unassigned
14514,359,Excitatory_Neuron
14515,349,Excitatory_Neuron
14516,329,Excitatory_Neuron
14517,319,Excitatory_Neuron
14518,319,Excitatory_Neuron
14519,326,Excitatory_Neuron
14520,360,Excitatory_Neuron
14521,316,Excitatory_Neuron
14522,373,Excitatory_Neuron
14523,369,Immune
14524,317,Excitatory_Neuron
14525,317,Excitatory_Neuron
14526,356,Excitatory_Neuron
14527,406,Excitatory_Neuron
14528,356,Excitatory_Neuron
14529,359,Excitatory_Neuron
14530,400,Excitatory_Neuron
14531,329,Excitatory_Neuron
14532,402,unassigned
14533,315,Excitatory_Neuron
14534,352,Excitatory_Neuron
14535,326,Excitatory_Neuron
14536,316,Excitatory_Neuron
14537,419,unassigned
14538,314,Excitatory_Neuron
14539,314,Excitatory_Neuron
14540,373,Excitatory_Neuron
14541,353,Immune
14542,393,unassigned
14543,357,GABA_Neuron
14544,418,unassigned
14545,359,Excitatory_Neuron
14546,400,Excitatory_Neuron
14547,349,Excitatory_Neuron
14548,319,Excitatory_Neuron
14549,352,Excitatory_Neuron
14550,415,unassigned
14551,360,Excitatory_Neuron
14552,314,Excitatory_Neuron
14553,360,Excitatory_Neuron
14554,360,Excitatory_Neuron
14555,360,Excitatory_Neuron
14556,369,Immune
14557,317,Excitatory_Neuron
14558,356,Excitatory_Neuron
14559,364,Excitatory_Neuron
14560,364,Excitatory_Neuron
14561,357,GABA_Neuron
14562,322,Astro-Epen
14563,409,unassigned
14564,319,Excitatory_Neuron
14565,314,Excitatory_Neuron
14566,424,unassigned
14567,424,unassigned
14568,317,Excitatory_Neuron
14569,357,GABA_Neuron
14570,410,unassigned
14571,347,Excitatory_Neuron
14572,344,Excitatory_Neuron
14573,415,unassigned
14574,319,Excitatory_Neuron
14575,314,Excitatory_Neuron
14576,328,Excitatory_Neuron
14577,314,Excitatory_Neuron
14578,360,Excitatory_Neuron
14579,373,Excitatory_Neuron
14580,395,unassigned
14581,393,unassigned
14582,382,unassigned
14583,357,GABA_Neuron
14584,418,unassigned
14585,359,Excitatory_Neuron
14586,359,Excitatory_Neuron
14587,329,Excitatory_Neuron
14588,402,unassigned
14589,376,Immune
14590,315,Excitatory_Neuron
14591,314,Excitatory_Neuron
14592,360,Excitatory_Neuron
14593,314,Excitatory_Neuron
14594,353,Immune
14595,357,GABA_Neuron
14596,339,Excitatory_Neuron
14597,409,unassigned
14598,411,unassigned
14599,411,unassigned
14600,407,Excitatory_Neuron
14601,315,Excitatory_Neuron
14602,315,Excitatory_Neuron
14603,403,unassigned
14604,319,Excitatory_Neuron
14605,419,unassigned
14606,326,Excitatory_Neuron
14607,326,Excitatory_Neuron
14608,326,Excitatory_Neuron
14609,314,Excitatory_Neuron
14610,314,Excitatory_Neuron
14611,314,Excitatory_Neuron
14612,353,Immune
14613,328,Excitatory_Neuron
14614,339,Excitatory_Neuron
14615,339,Excitatory_Neuron
14616,409,unassigned
14617,386,unassigned
14618,411,unassigned
14619,402,unassigned
14620,326,Excitatory_Neuron
14621,326,Excitatory_Neuron
14622,314,Excitatory_Neuron
14623,328,Excitatory_Neuron
14624,314,Excitatory_Neuron
14625,328,Excitatory_Neuron
14626,373,Excitatory_Neuron
14627,406,Excitatory_Neuron
14628,329,Excitatory_Neuron
14629,329,Excitatory_Neuron
14630,394,Excitatory_Neuron
14631,394,Excitatory_Neuron
14632,403,unassigned
14633,315,Excitatory_Neuron
14634,381,Excitatory_Neuron
14635,353,Immune
14636,328,Excitatory_Neuron
14637,314,Excitatory_Neuron
14638,424,unassigned
14639,314,Excitatory_Neuron
14640,339,Excitatory_Neuron
14641,357,GABA_Neuron
14642,322,Astro-Epen
14643,418,unassigned
14644,410,unassigned
14645,422,unassigned
14646,315,Excitatory_Neuron
14647,352,Excitatory_Neuron
14648,415,unassigned
14649,316,Excitatory_Neuron
14650,327,unassigned
14651,314,Excitatory_Neuron
14652,369,Immune
14653,406,Excitatory_Neuron
14654,382,unassigned
14655,356,Excitatory_Neuron
14656,413,unassigned
14657,386,unassigned
14658,404,unassigned
14659,400,Excitatory_Neuron
14660,315,Excitatory_Neuron
14661,319,Excitatory_Neuron
14662,381,Excitatory_Neuron
14663,360,Excitatory_Neuron
14664,360,Excitatory_Neuron
14665,373,Excitatory_Neuron
14666,314,Excitatory_Neuron
14667,314,Excitatory_Neuron
14668,424,unassigned
14669,314,Excitatory_Neuron
14670,314,Excitatory_Neuron
14671,356,Excitatory_Neuron
14672,406,Excitatory_Neuron
14673,382,unassigned
14674,328,Excitatory_Neuron
14675,322,Astro-Epen
14676,409,unassigned
14677,409,unassigned
14678,400,Excitatory_Neuron
14679,352,Excitatory_Neuron
14680,415,unassigned
14681,360,Excitatory_Neuron
14682,327,unassigned
14683,328,Excitatory_Neuron
14684,314,Excitatory_Neuron
14685,314,Excitatory_Neuron
14686,421,unassigned
14687,328,Excitatory_Neuron
14688,382,unassigned
14689,357,GABA_Neuron
14690,357,GABA_Neuron
14691,391,unassigned
14692,347,Excitatory_Neuron
14693,329,Excitatory_Neuron
14694,376,Immune
14695,427,unassigned
14696,319,Excitatory_Neuron
14697,319,Excitatory_Neuron
14698,326,Excitatory_Neuron
14699,327,unassigned
14700,314,Excitatory_Neuron
14701,419,unassigned
14702,314,Excitatory_Neuron
14703,396,Excitatory_Neuron
14704,396,Excitatory_Neuron
14705,353,Immune
14706,421,unassigned
14707,424,unassigned
14708,314,Excitatory_Neuron
14709,357,GABA_Neuron
14710,357,GABA_Neuron
14711,322,Astro-Epen
14712,386,unassigned
14713,376,Immune
14714,394,Excitatory_Neuron
14715,344,Excitatory_Neuron
14716,415,unassigned
14717,319,Excitatory_Neuron
14718,316,Excitatory_Neuron
14719,326,Excitatory_Neuron
14720,381,Excitatory_Neuron
14721,360,Excitatory_Neuron
14722,373,Excitatory_Neuron
14723,328,Excitatory_Neuron
14724,357,GABA_Neuron
14725,407,Excitatory_Neuron
14726,403,unassigned
14727,326,Excitatory_Neuron
14728,352,Excitatory_Neuron
14729,316,Excitatory_Neuron
14730,316,Excitatory_Neuron
14731,314,Excitatory_Neuron
14732,314,Excitatory_Neuron
14733,314,Excitatory_Neuron
14734,314,Excitatory_Neuron
14735,369,Immune
14736,424,unassigned
14737,314,Excitatory_Neuron
14738,328,Excitatory_Neuron
14739,409,unassigned
14740,400,Excitatory_Neuron
14741,359,Excitatory_Neuron
14742,428,unassigned
14743,402,unassigned
14744,343,Excitatory_Neuron
14745,344,Excitatory_Neuron
14746,315,Excitatory_Neuron
14747,352,Excitatory_Neuron
14748,327,unassigned
14749,314,Excitatory_Neuron
14750,314,Excitatory_Neuron
14751,369,Immune
14752,406,Excitatory_Neuron
14753,322,Astro-Epen
14754,400,Excitatory_Neuron
14755,400,Excitatory_Neuron
14756,429,unassigned
14757,326,Excitatory_Neuron
14758,316,Excitatory_Neuron
14759,314,Excitatory_Neuron
14760,424,unassigned
14761,430,unassigned
14762,328,Excitatory_Neuron
14763,413,unassigned
14764,410,unassigned
14765,402,unassigned
14766,402,unassigned
14767,407,Excitatory_Neuron
14768,327,unassigned
14769,315,Excitatory_Neuron
14770,394,Excitatory_Neuron
14771,315,Excitatory_Neuron
14772,352,Excitatory_Neuron
14773,315,Excitatory_Neuron
14774,326,Excitatory_Neuron
14775,314,Excitatory_Neuron
14776,314,Excitatory_Neuron
14777,369,Immune
14778,424,unassigned
14779,357,GABA_Neuron
14780,357,GABA_Neuron
14781,357,GABA_Neuron
14782,363,unassigned
14783,359,Excitatory_Neuron
14784,359,Excitatory_Neuron
14785,359,Excitatory_Neuron
14786,411,unassigned
14787,376,Immune
14788,344,Excitatory_Neuron
14789,315,Excitatory_Neuron
14790,419,unassigned
14791,419,unassigned
14792,316,Excitatory_Neuron
14793,328,Excitatory_Neuron
14794,314,Excitatory_Neuron
14795,314,Excitatory_Neuron
14796,314,Excitatory_Neuron
14797,328,Excitatory_Neuron
14798,314,Excitatory_Neuron
14799,395,unassigned
14800,393,unassigned
14801,312,Astro-Epen
14802,422,unassigned
14803,402,unassigned
14804,315,Excitatory_Neuron
14805,352,Excitatory_Neuron
14806,427,unassigned
14807,381,Excitatory_Neuron
14808,326,Excitatory_Neuron
14809,314,Excitatory_Neuron
14810,328,Excitatory_Neuron
14811,339,Excitatory_Neuron
14812,329,Excitatory_Neuron
14813,344,Excitatory_Neuron
14814,315,Excitatory_Neuron
14815,344,Excitatory_Neuron
14816,427,unassigned
14817,326,Excitatory_Neuron
14818,314,Excitatory_Neuron
14819,314,Excitatory_Neuron
14820,328,Excitatory_Neuron
14821,357,GABA_Neuron
14822,357,GABA_Neuron
14823,372,unassigned
14824,394,Excitatory_Neuron
14825,314,Excitatory_Neuron
14826,314,Excitatory_Neuron
14827,326,Excitatory_Neuron
14828,360,Excitatory_Neuron
14829,314,Excitatory_Neuron
14830,314,Excitatory_Neuron
14831,424,unassigned
14832,327,unassigned
14833,356,Excitatory_Neuron
14834,339,Excitatory_Neuron
14835,322,Astro-Epen
14836,413,unassigned
14837,407,Excitatory_Neuron
14838,329,Excitatory_Neuron
14839,329,Excitatory_Neuron
14840,343,Excitatory_Neuron
14841,343,Excitatory_Neuron
14842,343,Excitatory_Neuron
14843,398,unassigned
14844,316,Excitatory_Neuron
14845,326,Excitatory_Neuron
14846,314,Excitatory_Neuron
14847,314,Excitatory_Neuron
14848,314,Excitatory_Neuron
14849,424,unassigned
14850,339,Excitatory_Neuron
14851,406,Excitatory_Neuron
14852,339,Excitatory_Neuron
14853,339,Excitatory_Neuron
14854,357,GABA_Neuron
14855,413,unassigned
14856,413,unassigned
14857,347,Excitatory_Neuron
14858,400,Excitatory_Neuron
14859,394,Excitatory_Neuron
14860,427,unassigned
14861,315,Excitatory_Neuron
14862,314,Excitatory_Neuron
14863,327,unassigned
14864,381,Excitatory_Neuron
14865,314,Excitatory_Neuron
14866,314,Excitatory_Neuron
14867,424,unassigned
14868,406,Excitatory_Neuron
14869,356,Excitatory_Neuron
14870,393,unassigned
14871,418,unassigned
14872,386,unassigned
14873,329,Excitatory_Neuron
14874,329,Excitatory_Neuron
14875,402,unassigned
14876,326,Excitatory_Neuron
14877,381,Excitatory_Neuron
14878,314,Excitatory_Neuron
14879,314,Excitatory_Neuron
14880,328,Excitatory_Neuron
14881,314,Excitatory_Neuron
14882,373,Excitatory_Neuron
14883,328,Excitatory_Neuron
14884,373,Excitatory_Neuron
14885,353,Immune
14886,421,unassigned
14887,431,unassigned
14888,327,unassigned
14889,395,unassigned
14890,322,Astro-Epen
14891,322,Astro-Epen
14892,399,Excitatory_Neuron
14893,394,Excitatory_Neuron
14894,394,Excitatory_Neuron
14895,327,unassigned
14896,344,Excitatory_Neuron
14897,352,Excitatory_Neuron
14898,326,Excitatory_Neuron
14899,315,Excitatory_Neuron
14900,315,Excitatory_Neuron
14901,327,unassigned
14902,326,Excitatory_Neuron
14903,360,Excitatory_Neuron
14904,328,Excitatory_Neuron
14905,314,Excitatory_Neuron
14906,353,Immune
14907,328,Excitatory_Neuron
14908,357,GABA_Neuron
14909,376,Immune
14910,403,unassigned
14911,427,unassigned
14912,326,Excitatory_Neuron
14913,352,Excitatory_Neuron
14914,353,Immune
14915,314,Excitatory_Neuron
14916,406,Excitatory_Neuron
14917,356,Excitatory_Neuron
14918,399,Excitatory_Neuron
14919,329,Excitatory_Neuron
14920,344,Excitatory_Neuron
14921,315,Excitatory_Neuron
14922,316,Excitatory_Neuron
14923,314,Excitatory_Neuron
14924,327,unassigned
14925,326,Excitatory_Neuron
14926,314,Excitatory_Neuron
14927,314,Excitatory_Neuron
14928,360,Excitatory_Neuron
14929,373,Excitatory_Neuron
14930,373,Excitatory_Neuron
14931,328,Excitatory_Neuron
14932,369,Immune
14933,406,Excitatory_Neuron
14934,356,Excitatory_Neuron
14935,382,unassigned
14936,432,unassigned
14937,339,Excitatory_Neuron
14938,339,Excitatory_Neuron
14939,357,GABA_Neuron
14940,322,Astro-Epen
14941,402,unassigned
14942,402,unassigned
14943,402,unassigned
14944,343,Excitatory_Neuron
14945,326,Excitatory_Neuron
14946,314,Excitatory_Neuron
14947,328,Excitatory_Neuron
14948,328,Excitatory_Neuron
14949,353,Immune
14950,328,Excitatory_Neuron
14951,314,Excitatory_Neuron
14952,314,Excitatory_Neuron
14953,339,Excitatory_Neuron
14954,339,Excitatory_Neuron
14955,339,Excitatory_Neuron
14956,411,unassigned
14957,329,Excitatory_Neuron
14958,407,Excitatory_Neuron
14959,329,Excitatory_Neuron
14960,394,Excitatory_Neuron
14961,376,Immune
14962,319,Excitatory_Neuron
14963,314,Excitatory_Neuron
14964,373,Excitatory_Neuron
14965,314,Excitatory_Neuron
14966,421,unassigned
14967,425,unassigned
14968,369,Immune
14969,406,Excitatory_Neuron
14970,356,Excitatory_Neuron
14971,339,Excitatory_Neuron
14972,430,unassigned
14973,322,Astro-Epen
14974,407,Excitatory_Neuron
14975,349,Excitatory_Neuron
14976,329,Excitatory_Neuron
14977,376,Immune
14978,403,unassigned
14979,352,Excitatory_Neuron
14980,326,Excitatory_Neuron
14981,314,Excitatory_Neuron
14982,327,unassigned
14983,314,Excitatory_Neuron
14984,314,Excitatory_Neuron
14985,314,Excitatory_Neuron
14986,373,Excitatory_Neuron
14987,314,Excitatory_Neuron
14988,339,Excitatory_Neuron
14989,407,Excitatory_Neuron
14990,344,Excitatory_Neuron
14991,314,Excitatory_Neuron
14992,360,Excitatory_Neuron
14993,314,Excitatory_Neuron
14994,353,Immune
14995,353,Immune
14996,406,Excitatory_Neuron
14997,356,Excitatory_Neuron
14998,312,Astro-Epen
14999,359,Excitatory_Neuron
15000,407,Excitatory_Neuron
15001,329,Excitatory_Neuron
15002,343,Excitatory_Neuron
15003,326,Excitatory_Neuron
15004,314,Excitatory_Neuron
15005,360,Excitatory_Neuron
15006,314,Excitatory_Neuron
15007,314,Excitatory_Neuron
15008,314,Excitatory_Neuron
15009,424,unassigned
15010,353,Immune
15011,328,Excitatory_Neuron
15012,339,Excitatory_Neuron
15013,339,Excitatory_Neuron
15014,356,Excitatory_Neuron
15015,356,Excitatory_Neuron
15016,410,unassigned
15017,359,Excitatory_Neuron
15018,410,unassigned
15019,400,Excitatory_Neuron
15020,400,Excitatory_Neuron
15021,402,unassigned
15022,402,unassigned
15023,326,Excitatory_Neuron
15024,433,unassigned
15025,316,Excitatory_Neuron
15026,360,Excitatory_Neuron
15027,314,Excitatory_Neuron
15028,369,Immune
15029,314,Excitatory_Neuron
15030,317,Excitatory_Neuron
15031,339,Excitatory_Neuron
15032,430,unassigned
15033,430,unassigned
15034,404,unassigned
15035,329,Excitatory_Neuron
15036,315,Excitatory_Neuron
15037,343,Excitatory_Neuron
15038,326,Excitatory_Neuron
15039,360,Excitatory_Neuron
15040,314,Excitatory_Neuron
15041,395,unassigned
15042,406,Excitatory_Neuron
15043,356,Excitatory_Neuron
15044,328,Excitatory_Neuron
15045,409,unassigned
15046,347,Excitatory_Neuron
15047,402,unassigned
15048,407,Excitatory_Neuron
15049,314,Excitatory_Neuron
15050,353,Immune
15051,314,Excitatory_Neuron
15052,395,unassigned
15053,395,unassigned
15054,359,Excitatory_Neuron
15055,400,Excitatory_Neuron
15056,329,Excitatory_Neuron
15057,394,Excitatory_Neuron
15058,343,Excitatory_Neuron
15059,314,Excitatory_Neuron
15060,381,Excitatory_Neuron
15061,314,Excitatory_Neuron
15062,314,Excitatory_Neuron
15063,369,Immune
15064,328,Excitatory_Neuron
15065,322,Astro-Epen
15066,411,unassigned
15067,402,unassigned
15068,429,unassigned
15069,373,Excitatory_Neuron
15070,314,Excitatory_Neuron
15071,369,Immune
15072,314,Excitatory_Neuron
15073,328,Excitatory_Neuron
15074,314,Excitatory_Neuron
15075,382,unassigned
15076,339,Excitatory_Neuron
15077,430,unassigned
15078,410,unassigned
15079,394,Excitatory_Neuron
15080,415,unassigned
15081,419,unassigned
15082,316,Excitatory_Neuron
15083,381,Excitatory_Neuron
15084,314,Excitatory_Neuron
15085,382,unassigned
15086,411,unassigned
15087,411,unassigned
15088,326,Excitatory_Neuron
15089,326,Excitatory_Neuron
15090,327,unassigned
15091,327,unassigned
15092,326,Excitatory_Neuron
15093,314,Excitatory_Neuron
15094,314,Excitatory_Neuron
15095,314,Excitatory_Neuron
15096,314,Excitatory_Neuron
15097,328,Excitatory_Neuron
15098,314,Excitatory_Neuron
15099,314,Excitatory_Neuron
15100,317,Excitatory_Neuron
15101,314,Excitatory_Neuron
15102,339,Excitatory_Neuron
15103,356,Excitatory_Neuron
15104,325,GABA_Neuron
15105,394,Excitatory_Neuron
15106,326,Excitatory_Neuron
15107,316,Excitatory_Neuron
15108,314,Excitatory_Neuron
15109,353,Immune
15110,314,Excitatory_Neuron
15111,314,Excitatory_Neuron
15112,369,Immune
15113,314,Excitatory_Neuron
15114,339,Excitatory_Neuron
15115,430,unassigned
15116,357,GABA_Neuron
15117,312,Astro-Epen
15118,418,unassigned
15119,359,Excitatory_Neuron
15120,315,Excitatory_Neuron
15121,394,Excitatory_Neuron
15122,343,Excitatory_Neuron
15123,316,Excitatory_Neuron
15124,360,Excitatory_Neuron
15125,316,Excitatory_Neuron
15126,326,Excitatory_Neuron
15127,328,Excitatory_Neuron
15128,314,Excitatory_Neuron
15129,369,Immune
15130,328,Excitatory_Neuron
15131,356,Excitatory_Neuron
15132,406,Excitatory_Neuron
15133,406,Excitatory_Neuron
15134,356,Excitatory_Neuron
15135,422,unassigned
15136,347,Excitatory_Neuron
15137,343,Excitatory_Neuron
15138,415,unassigned
15139,319,Excitatory_Neuron
15140,326,Excitatory_Neuron
15141,314,Excitatory_Neuron
15142,314,Excitatory_Neuron
15143,328,Excitatory_Neuron
15144,314,Excitatory_Neuron
15145,314,Excitatory_Neuron
15146,314,Excitatory_Neuron
15147,328,Excitatory_Neuron
15148,382,unassigned
15149,356,Excitatory_Neuron
15150,356,Excitatory_Neuron
15151,311,unassigned
15152,322,Astro-Epen
15153,322,Astro-Epen
15154,399,Excitatory_Neuron
15155,411,unassigned
15156,347,Excitatory_Neuron
15157,394,Excitatory_Neuron
15158,326,Excitatory_Neuron
15159,419,unassigned
15160,316,Excitatory_Neuron
15161,314,Excitatory_Neuron
15162,314,Excitatory_Neuron
15163,314,Excitatory_Neuron
15164,328,Excitatory_Neuron
15165,314,Excitatory_Neuron
15166,373,Excitatory_Neuron
15167,353,Immune
15168,339,Excitatory_Neuron
15169,312,Astro-Epen
15170,402,unassigned
15171,394,Excitatory_Neuron
15172,327,unassigned
15173,343,Excitatory_Neuron
15174,415,unassigned
15175,433,unassigned
15176,314,Excitatory_Neuron
15177,360,Excitatory_Neuron
15178,314,Excitatory_Neuron
15179,381,Excitatory_Neuron
15180,360,Excitatory_Neuron
15181,381,Excitatory_Neuron
15182,328,Excitatory_Neuron
15183,314,Excitatory_Neuron
15184,314,Excitatory_Neuron
15185,314,Excitatory_Neuron
15186,314,Excitatory_Neuron
15187,406,Excitatory_Neuron
15188,356,Excitatory_Neuron
15189,322,Astro-Epen
15190,418,unassigned
15191,319,Excitatory_Neuron
15192,315,Excitatory_Neuron
15193,314,Excitatory_Neuron
15194,381,Excitatory_Neuron
15195,316,Excitatory_Neuron
15196,314,Excitatory_Neuron
15197,353,Immune
15198,406,Excitatory_Neuron
15199,430,unassigned
15200,411,unassigned
15201,422,unassigned
15202,407,Excitatory_Neuron
15203,434,unassigned
15204,427,unassigned
15205,360,Excitatory_Neuron
15206,314,Excitatory_Neuron
15207,327,unassigned
15208,314,Excitatory_Neuron
15209,360,Excitatory_Neuron
15210,328,Excitatory_Neuron
15211,314,Excitatory_Neuron
15212,314,Excitatory_Neuron
15213,314,Excitatory_Neuron
15214,314,Excitatory_Neuron
15215,406,Excitatory_Neuron
15216,315,Excitatory_Neuron
15217,434,unassigned
15218,343,Excitatory_Neuron
15219,314,Excitatory_Neuron
15220,314,Excitatory_Neuron
15221,314,Excitatory_Neuron
15222,314,Excitatory_Neuron
15223,395,unassigned
15224,328,Excitatory_Neuron
15225,430,unassigned
15226,418,unassigned
15227,347,Excitatory_Neuron
15228,376,Immune
15229,315,Excitatory_Neuron
15230,433,unassigned
15231,314,Excitatory_Neuron
15232,328,Excitatory_Neuron
15233,314,Excitatory_Neuron
15234,314,Excitatory_Neuron
15235,314,Excitatory_Neuron
15236,424,unassigned
15237,317,Excitatory_Neuron
15238,315,Excitatory_Neuron
15239,347,Excitatory_Neuron
15240,347,Excitatory_Neuron
15241,407,Excitatory_Neuron
15242,429,unassigned
15243,394,Excitatory_Neuron
15244,376,Immune
15245,326,Excitatory_Neuron
15246,314,Excitatory_Neuron
15247,328,Excitatory_Neuron
15248,373,Excitatory_Neuron
15249,425,unassigned
15250,314,Excitatory_Neuron
15251,328,Excitatory_Neuron
15252,363,unassigned
15253,411,unassigned
15254,327,unassigned
15255,394,Excitatory_Neuron
15256,376,Immune
15257,326,Excitatory_Neuron
15258,328,Excitatory_Neuron
15259,314,Excitatory_Neuron
15260,314,Excitatory_Neuron
15261,435,unassigned
15262,339,Excitatory_Neuron
15263,322,Astro-Epen
15264,312,Astro-Epen
15265,322,Astro-Epen
15266,315,Excitatory_Neuron
15267,329,Excitatory_Neuron
15268,328,Excitatory_Neuron
15269,369,Immune
15270,339,Excitatory_Neuron
15271,322,Astro-Epen
15272,315,Excitatory_Neuron
15273,400,Excitatory_Neuron
15274,407,Excitatory_Neuron
15275,349,Excitatory_Neuron
15276,394,Excitatory_Neuron
15277,319,Excitatory_Neuron
15278,360,Excitatory_Neuron
15279,314,Excitatory_Neuron
15280,327,unassigned
15281,314,Excitatory_Neuron
15282,314,Excitatory_Neuron
15283,314,Excitatory_Neuron
15284,328,Excitatory_Neuron
15285,314,Excitatory_Neuron
15286,314,Excitatory_Neuron
15287,339,Excitatory_Neuron
15288,356,Excitatory_Neuron
15289,339,Excitatory_Neuron
15290,399,Excitatory_Neuron
15291,322,Astro-Epen
15292,407,Excitatory_Neuron
15293,359,Excitatory_Neuron
15294,422,unassigned
15295,347,Excitatory_Neuron
15296,347,Excitatory_Neuron
15297,344,Excitatory_Neuron
15298,376,Immune
15299,402,unassigned
15300,360,Excitatory_Neuron
15301,419,unassigned
15302,314,Excitatory_Neuron
15303,314,Excitatory_Neuron
15304,360,Excitatory_Neuron
15305,314,Excitatory_Neuron
15306,314,Excitatory_Neuron
15307,314,Excitatory_Neuron
15308,314,Excitatory_Neuron
15309,314,Excitatory_Neuron
15310,314,Excitatory_Neuron
15311,339,Excitatory_Neuron
15312,328,Excitatory_Neuron
15313,357,GABA_Neuron
15314,322,Astro-Epen
15315,359,Excitatory_Neuron
15316,402,unassigned
15317,394,Excitatory_Neuron
15318,315,Excitatory_Neuron
15319,326,Excitatory_Neuron
15320,326,Excitatory_Neuron
15321,328,Excitatory_Neuron
15322,314,Excitatory_Neuron
15323,314,Excitatory_Neuron
15324,373,Excitatory_Neuron
15325,314,Excitatory_Neuron
15326,314,Excitatory_Neuron
15327,314,Excitatory_Neuron
15328,314,Excitatory_Neuron
15329,327,unassigned
15330,339,Excitatory_Neuron
15331,357,GABA_Neuron
15332,386,unassigned
15333,407,Excitatory_Neuron
15334,394,Excitatory_Neuron
15335,343,Excitatory_Neuron
15336,326,Excitatory_Neuron
15337,381,Excitatory_Neuron
15338,360,Excitatory_Neuron
15339,360,Excitatory_Neuron
15340,314,Excitatory_Neuron
15341,421,unassigned
15342,339,Excitatory_Neuron
15343,435,unassigned
15344,357,GABA_Neuron
15345,312,Astro-Epen
15346,347,Excitatory_Neuron
15347,347,Excitatory_Neuron
15348,402,unassigned
15349,407,Excitatory_Neuron
15350,394,Excitatory_Neuron
15351,343,Excitatory_Neuron
15352,376,Immune
15353,415,unassigned
15354,316,Excitatory_Neuron
15355,328,Excitatory_Neuron
15356,314,Excitatory_Neuron
15357,328,Excitatory_Neuron
15358,314,Excitatory_Neuron
15359,353,Immune
15360,312,Astro-Epen
15361,404,unassigned
15362,359,Excitatory_Neuron
15363,410,unassigned
15364,315,Excitatory_Neuron
15365,402,unassigned
15366,402,unassigned
15367,328,Excitatory_Neuron
15368,360,Excitatory_Neuron
15369,373,Excitatory_Neuron
15370,328,Excitatory_Neuron
15371,314,Excitatory_Neuron
15372,339,Excitatory_Neuron
15373,356,Excitatory_Neuron
15374,356,Excitatory_Neuron
15375,418,unassigned
15376,359,Excitatory_Neuron
15377,360,Excitatory_Neuron
15378,360,Excitatory_Neuron
15379,314,Excitatory_Neuron
15380,314,Excitatory_Neuron
15381,314,Excitatory_Neuron
15382,314,Excitatory_Neuron
15383,395,unassigned
15384,322,Astro-Epen
15385,407,Excitatory_Neuron
15386,394,Excitatory_Neuron
15387,398,unassigned
15388,376,Immune
15389,326,Excitatory_Neuron
15390,415,unassigned
15391,314,Excitatory_Neuron
15392,360,Excitatory_Neuron
15393,353,Immune
15394,328,Excitatory_Neuron
15395,359,Excitatory_Neuron
15396,411,unassigned
15397,422,unassigned
15398,403,unassigned
15399,326,Excitatory_Neuron
15400,419,unassigned
15401,326,Excitatory_Neuron
15402,360,Excitatory_Neuron
15403,314,Excitatory_Neuron
15404,314,Excitatory_Neuron
15405,314,Excitatory_Neuron
15406,314,Excitatory_Neuron
15407,363,unassigned
15408,394,Excitatory_Neuron
15409,360,Excitatory_Neuron
15410,316,Excitatory_Neuron
15411,381,Excitatory_Neuron
15412,314,Excitatory_Neuron
15413,339,Excitatory_Neuron
15414,328,Excitatory_Neuron
15415,356,Excitatory_Neuron
15416,356,Excitatory_Neuron
15417,322,Astro-Epen
15418,312,Astro-Epen
15419,413,unassigned
15420,322,Astro-Epen
15421,428,unassigned
15422,394,Excitatory_Neuron
15423,394,Excitatory_Neuron
15424,403,unassigned
15425,319,Excitatory_Neuron
15426,415,unassigned
15427,419,unassigned
15428,316,Excitatory_Neuron
15429,316,Excitatory_Neuron
15430,326,Excitatory_Neuron
15431,327,unassigned
15432,314,Excitatory_Neuron
15433,314,Excitatory_Neuron
15434,425,unassigned
15435,406,Excitatory_Neuron
15436,430,unassigned
15437,420,unassigned
15438,359,Excitatory_Neuron
15439,359,Excitatory_Neuron
15440,347,Excitatory_Neuron
15441,429,unassigned
15442,419,unassigned
15443,314,Excitatory_Neuron
15444,314,Excitatory_Neuron
15445,314,Excitatory_Neuron
15446,314,Excitatory_Neuron
15447,369,Immune
15448,317,Excitatory_Neuron
15449,328,Excitatory_Neuron
15450,430,unassigned
15451,339,Excitatory_Neuron
15452,436,unassigned
15453,407,Excitatory_Neuron
15454,394,Excitatory_Neuron
15455,394,Excitatory_Neuron
15456,315,Excitatory_Neuron
15457,376,Immune
15458,316,Excitatory_Neuron
15459,328,Excitatory_Neuron
15460,360,Excitatory_Neuron
15461,314,Excitatory_Neuron
15462,373,Excitatory_Neuron
15463,314,Excitatory_Neuron
15464,356,Excitatory_Neuron
15465,430,unassigned
15466,322,Astro-Epen
15467,404,unassigned
15468,394,Excitatory_Neuron
15469,326,Excitatory_Neuron
15470,328,Excitatory_Neuron
15471,373,Excitatory_Neuron
15472,418,unassigned
15473,418,unassigned
15474,403,unassigned
15475,352,Excitatory_Neuron
15476,415,unassigned
15477,415,unassigned
15478,314,Excitatory_Neuron
15479,360,Excitatory_Neuron
15480,314,Excitatory_Neuron
15481,327,unassigned
15482,328,Excitatory_Neuron
15483,314,Excitatory_Neuron
15484,314,Excitatory_Neuron
15485,339,Excitatory_Neuron
15486,339,Excitatory_Neuron
15487,339,Excitatory_Neuron
15488,430,unassigned
15489,328,Excitatory_Neuron
15490,322,Astro-Epen
15491,415,unassigned
15492,415,unassigned
15493,360,Excitatory_Neuron
15494,314,Excitatory_Neuron
15495,316,Excitatory_Neuron
15496,314,Excitatory_Neuron
15497,328,Excitatory_Neuron
15498,314,Excitatory_Neuron
15499,314,Excitatory_Neuron
15500,314,Excitatory_Neuron
15501,424,unassigned
15502,369,Immune
15503,430,unassigned
15504,430,unassigned
15505,413,unassigned
15506,312,Astro-Epen
15507,315,Excitatory_Neuron
15508,347,Excitatory_Neuron
15509,428,unassigned
15510,376,Immune
15511,343,Excitatory_Neuron
15512,429,unassigned
15513,376,Immune
15514,415,unassigned
15515,326,Excitatory_Neuron
15516,314,Excitatory_Neuron
15517,314,Excitatory_Neuron
15518,314,Excitatory_Neuron
15519,314,Excitatory_Neuron
15520,327,unassigned
15521,314,Excitatory_Neuron
15522,353,Immune
15523,382,unassigned
15524,356,Excitatory_Neuron
15525,356,Excitatory_Neuron
15526,407,Excitatory_Neuron
15527,327,unassigned
15528,314,Excitatory_Neuron
15529,326,Excitatory_Neuron
15530,314,Excitatory_Neuron
15531,314,Excitatory_Neuron
15532,328,Excitatory_Neuron
15533,314,Excitatory_Neuron
15534,314,Excitatory_Neuron
15535,314,Excitatory_Neuron
15536,328,Excitatory_Neuron
15537,437,unassigned
15538,317,Excitatory_Neuron
15539,407,Excitatory_Neuron
15540,427,unassigned
15541,433,unassigned
15542,360,Excitatory_Neuron
15543,381,Excitatory_Neuron
15544,316,Excitatory_Neuron
15545,316,Excitatory_Neuron
15546,314,Excitatory_Neuron
15547,314,Excitatory_Neuron
15548,328,Excitatory_Neuron
15549,421,unassigned
15550,328,Excitatory_Neuron
15551,406,Excitatory_Neuron
15552,339,Excitatory_Neuron
15553,322,Astro-Epen
15554,404,unassigned
15555,347,Excitatory_Neuron
15556,407,Excitatory_Neuron
15557,394,Excitatory_Neuron
15558,403,unassigned
15559,343,Excitatory_Neuron
15560,315,Excitatory_Neuron
15561,415,unassigned
15562,352,Excitatory_Neuron
15563,327,unassigned
15564,360,Excitatory_Neuron
15565,419,unassigned
15566,327,unassigned
15567,360,Excitatory_Neuron
15568,369,Immune
15569,357,GABA_Neuron
15570,322,Astro-Epen
15571,404,unassigned
15572,407,Excitatory_Neuron
15573,329,Excitatory_Neuron
15574,376,Immune
15575,314,Excitatory_Neuron
15576,421,unassigned
15577,314,Excitatory_Neuron
15578,424,unassigned
15579,406,Excitatory_Neuron
15580,435,unassigned
15581,430,unassigned
15582,359,Excitatory_Neuron
15583,402,unassigned
15584,394,Excitatory_Neuron
15585,315,Excitatory_Neuron
15586,314,Excitatory_Neuron
15587,353,Immune
15588,356,Excitatory_Neuron
15589,418,unassigned
15590,418,unassigned
15591,315,Excitatory_Neuron
15592,400,Excitatory_Neuron
15593,422,unassigned
15594,347,Excitatory_Neuron
15595,394,Excitatory_Neuron
15596,315,Excitatory_Neuron
15597,315,Excitatory_Neuron
15598,415,unassigned
15599,315,Excitatory_Neuron
15600,314,Excitatory_Neuron
15601,314,Excitatory_Neuron
15602,314,Excitatory_Neuron
15603,314,Excitatory_Neuron
15604,314,Excitatory_Neuron
15605,314,Excitatory_Neuron
15606,421,unassigned
15607,314,Excitatory_Neuron
15608,314,Excitatory_Neuron
15609,314,Excitatory_Neuron
15610,349,Excitatory_Neuron
15611,329,Excitatory_Neuron
15612,402,unassigned
15613,403,unassigned
15614,427,unassigned
15615,327,unassigned
15616,326,Excitatory_Neuron
15617,326,Excitatory_Neuron
15618,326,Excitatory_Neuron
15619,326,Excitatory_Neuron
15620,360,Excitatory_Neuron
15621,360,Excitatory_Neuron
15622,328,Excitatory_Neuron
15623,314,Excitatory_Neuron
15624,328,Excitatory_Neuron
15625,357,GABA_Neuron
15626,418,unassigned
15627,434,unassigned
15628,343,Excitatory_Neuron
15629,314,Excitatory_Neuron
15630,314,Excitatory_Neuron
15631,314,Excitatory_Neuron
15632,328,Excitatory_Neuron
15633,373,Excitatory_Neuron
15634,314,Excitatory_Neuron
15635,339,Excitatory_Neuron
15636,406,Excitatory_Neuron
15637,339,Excitatory_Neuron
15638,406,Excitatory_Neuron
15639,406,Excitatory_Neuron
15640,356,Excitatory_Neuron
15641,357,GABA_Neuron
15642,420,unassigned
15643,394,Excitatory_Neuron
15644,315,Excitatory_Neuron
15645,315,Excitatory_Neuron
15646,415,unassigned
15647,360,Excitatory_Neuron
15648,326,Excitatory_Neuron
15649,314,Excitatory_Neuron
15650,314,Excitatory_Neuron
15651,314,Excitatory_Neuron
15652,314,Excitatory_Neuron
15653,406,Excitatory_Neuron
15654,357,GABA_Neuron
15655,357,GABA_Neuron
15656,357,GABA_Neuron
15657,418,unassigned
15658,347,Excitatory_Neuron
15659,327,unassigned
15660,360,Excitatory_Neuron
15661,328,Excitatory_Neuron
15662,437,unassigned
15663,314,Excitatory_Neuron
15664,357,GABA_Neuron
15665,418,unassigned
15666,407,Excitatory_Neuron
15667,329,Excitatory_Neuron
15668,394,Excitatory_Neuron
15669,343,Excitatory_Neuron
15670,394,Excitatory_Neuron
15671,427,unassigned
15672,326,Excitatory_Neuron
15673,316,Excitatory_Neuron
15674,326,Excitatory_Neuron
15675,328,Excitatory_Neuron
15676,373,Excitatory_Neuron
15677,421,unassigned
15678,438,unassigned
15679,359,Excitatory_Neuron
15680,315,Excitatory_Neuron
15681,343,Excitatory_Neuron
15682,315,Excitatory_Neuron
15683,315,Excitatory_Neuron
15684,369,Immune
15685,314,Excitatory_Neuron
15686,339,Excitatory_Neuron
15687,357,GABA_Neuron
15688,357,GABA_Neuron
15689,312,Astro-Epen
15690,439,unassigned
15691,402,unassigned
15692,407,Excitatory_Neuron
15693,376,Immune
15694,403,unassigned
15695,319,Excitatory_Neuron
15696,326,Excitatory_Neuron
15697,360,Excitatory_Neuron
15698,419,unassigned
15699,314,Excitatory_Neuron
15700,328,Excitatory_Neuron
15701,353,Immune
15702,328,Excitatory_Neuron
15703,339,Excitatory_Neuron
15704,435,unassigned
15705,339,Excitatory_Neuron
15706,356,Excitatory_Neuron
15707,413,unassigned
15708,418,unassigned
15709,411,unassigned
15710,329,Excitatory_Neuron
15711,376,Immune
15712,394,Excitatory_Neuron
15713,381,Excitatory_Neuron
15714,316,Excitatory_Neuron
15715,314,Excitatory_Neuron
15716,328,Excitatory_Neuron
15717,328,Excitatory_Neuron
15718,421,unassigned
15719,421,unassigned
15720,421,unassigned
15721,406,Excitatory_Neuron
15722,339,Excitatory_Neuron
15723,430,unassigned
15724,339,Excitatory_Neuron
15725,439,unassigned
15726,349,Excitatory_Neuron
15727,407,Excitatory_Neuron
15728,440,unassigned
15729,434,unassigned
15730,343,Excitatory_Neuron
15731,343,Excitatory_Neuron
15732,360,Excitatory_Neuron
15733,314,Excitatory_Neuron
15734,373,Excitatory_Neuron
15735,314,Excitatory_Neuron
15736,339,Excitatory_Neuron
15737,406,Excitatory_Neuron
15738,339,Excitatory_Neuron
15739,430,unassigned
15740,386,unassigned
15741,329,Excitatory_Neuron
15742,376,Immune
15743,407,Excitatory_Neuron
15744,315,Excitatory_Neuron
15745,327,unassigned
15746,403,unassigned
15747,441,unassigned
15748,314,Excitatory_Neuron
15749,316,Excitatory_Neuron
15750,314,Excitatory_Neuron
15751,314,Excitatory_Neuron
15752,360,Excitatory_Neuron
15753,314,Excitatory_Neuron
15754,314,Excitatory_Neuron
15755,435,unassigned
15756,406,Excitatory_Neuron
15757,356,Excitatory_Neuron
15758,413,unassigned
15759,359,Excitatory_Neuron
15760,418,unassigned
15761,386,unassigned
15762,429,unassigned
15763,394,Excitatory_Neuron
15764,429,unassigned
15765,314,Excitatory_Neuron
15766,328,Excitatory_Neuron
15767,442,unassigned
15768,314,Excitatory_Neuron
15769,339,Excitatory_Neuron
15770,314,Excitatory_Neuron
15771,406,Excitatory_Neuron
15772,356,Excitatory_Neuron
15773,339,Excitatory_Neuron
15774,328,Excitatory_Neuron
15775,356,Excitatory_Neuron
15776,349,Excitatory_Neuron
15777,407,Excitatory_Neuron
15778,429,unassigned
15779,326,Excitatory_Neuron
15780,415,unassigned
15781,326,Excitatory_Neuron
15782,326,Excitatory_Neuron
15783,419,unassigned
15784,314,Excitatory_Neuron
15785,442,unassigned
15786,421,unassigned
15787,369,Immune
15788,369,Immune
15789,406,Excitatory_Neuron
15790,406,Excitatory_Neuron
15791,339,Excitatory_Neuron
15792,329,Excitatory_Neuron
15793,434,unassigned
15794,394,Excitatory_Neuron
15795,314,Excitatory_Neuron
15796,326,Excitatory_Neuron
15797,314,Excitatory_Neuron
15798,443,unassigned
15799,314,Excitatory_Neuron
15800,314,Excitatory_Neuron
15801,437,unassigned
15802,437,unassigned
15803,314,Excitatory_Neuron
15804,339,Excitatory_Neuron
15805,406,Excitatory_Neuron
15806,356,Excitatory_Neuron
15807,360,Excitatory_Neuron
15808,328,Excitatory_Neuron
15809,314,Excitatory_Neuron
15810,314,Excitatory_Neuron
15811,353,Immune
15812,339,Excitatory_Neuron
15813,357,GABA_Neuron
15814,339,Excitatory_Neuron
15815,363,unassigned
15816,420,unassigned
15817,413,unassigned
15818,386,unassigned
15819,347,Excitatory_Neuron
15820,347,Excitatory_Neuron
15821,347,Excitatory_Neuron
15822,394,Excitatory_Neuron
15823,407,Excitatory_Neuron
15824,429,unassigned
15825,314,Excitatory_Neuron
15826,314,Excitatory_Neuron
15827,314,Excitatory_Neuron
15828,421,unassigned
15829,314,Excitatory_Neuron
15830,425,unassigned
15831,328,Excitatory_Neuron
15832,339,Excitatory_Neuron
15833,406,Excitatory_Neuron
15834,311,unassigned
15835,312,Astro-Epen
15836,359,Excitatory_Neuron
15837,394,Excitatory_Neuron
15838,314,Excitatory_Neuron
15839,328,Excitatory_Neuron
15840,353,Immune
15841,314,Excitatory_Neuron
15842,328,Excitatory_Neuron
15843,406,Excitatory_Neuron
15844,410,unassigned
15845,400,Excitatory_Neuron
15846,349,Excitatory_Neuron
15847,329,Excitatory_Neuron
15848,429,unassigned
15849,403,unassigned
15850,343,Excitatory_Neuron
15851,314,Excitatory_Neuron
15852,360,Excitatory_Neuron
15853,314,Excitatory_Neuron
15854,406,Excitatory_Neuron
15855,356,Excitatory_Neuron
15856,357,GABA_Neuron
15857,357,GABA_Neuron
15858,322,Astro-Epen
15859,410,unassigned
15860,407,Excitatory_Neuron
15861,347,Excitatory_Neuron
15862,347,Excitatory_Neuron
15863,376,Immune
15864,315,Excitatory_Neuron
15865,429,unassigned
15866,427,unassigned
15867,326,Excitatory_Neuron
15868,415,unassigned
15869,326,Excitatory_Neuron
15870,315,Excitatory_Neuron
15871,360,Excitatory_Neuron
15872,328,Excitatory_Neuron
15873,328,Excitatory_Neuron
15874,328,Excitatory_Neuron
15875,314,Excitatory_Neuron
15876,327,unassigned
15877,314,Excitatory_Neuron
15878,442,unassigned
15879,314,Excitatory_Neuron
15880,327,unassigned
15881,314,Excitatory_Neuron
15882,314,Excitatory_Neuron
15883,328,Excitatory_Neuron
15884,353,Immune
15885,314,Excitatory_Neuron
15886,314,Excitatory_Neuron
15887,314,Excitatory_Neuron
15888,339,Excitatory_Neuron
15889,406,Excitatory_Neuron
15890,357,GABA_Neuron
15891,430,unassigned
15892,386,unassigned
15893,326,Excitatory_Neuron
15894,419,unassigned
15895,419,unassigned
15896,314,Excitatory_Neuron
15897,314,Excitatory_Neuron
15898,314,Excitatory_Neuron
15899,314,Excitatory_Neuron
15900,314,Excitatory_Neuron
15901,314,Excitatory_Neuron
15902,314,Excitatory_Neuron
15903,314,Excitatory_Neuron
15904,314,Excitatory_Neuron
15905,328,Excitatory_Neuron
15906,314,Excitatory_Neuron
15907,314,Excitatory_Neuron
15908,328,Excitatory_Neuron
15909,353,Immune
15910,353,Immune
15911,353,Immune
15912,437,unassigned
15913,369,Immune
15914,328,Excitatory_Neuron
15915,339,Excitatory_Neuron
15916,339,Excitatory_Neuron
15917,437,unassigned
15918,339,Excitatory_Neuron
15919,406,Excitatory_Neuron
15920,356,Excitatory_Neuron
15921,356,Excitatory_Neuron
15922,356,Excitatory_Neuron
15923,356,Excitatory_Neuron
15924,356,Excitatory_Neuron
15925,357,GABA_Neuron
15926,339,Excitatory_Neuron
15927,328,Excitatory_Neuron
15928,386,unassigned
15929,359,Excitatory_Neuron
15930,347,Excitatory_Neuron
15931,394,Excitatory_Neuron
15932,419,unassigned
15933,360,Excitatory_Neuron
15934,339,Excitatory_Neuron
15935,411,unassigned
15936,327,unassigned
15937,327,unassigned
15938,406,Excitatory_Neuron
15939,406,Excitatory_Neuron
15940,406,Excitatory_Neuron
15941,406,Excitatory_Neuron
15942,406,Excitatory_Neuron
15943,434,unassigned
15944,316,Excitatory_Neuron
15945,315,Excitatory_Neuron
15946,381,Excitatory_Neuron
15947,413,unassigned
15948,359,Excitatory_Neuron
15949,359,Excitatory_Neuron
15950,315,Excitatory_Neuron
15951,328,Excitatory_Neuron
15952,425,unassigned
15953,437,unassigned
15954,314,Excitatory_Neuron
15955,314,Excitatory_Neuron
15956,444,Astro-Epen
15957,444,Astro-Epen
15958,445,OPC-Oligo
15959,446,unassigned
15960,445,OPC-Oligo
15961,445,OPC-Oligo
15962,445,OPC-Oligo
15963,446,unassigned
15964,445,OPC-Oligo
15965,444,Astro-Epen
15966,446,unassigned
15967,446,unassigned
15968,445,OPC-Oligo
15969,444,Astro-Epen
15970,447,unassigned
15971,445,OPC-Oligo
15972,444,Astro-Epen
15973,444,Astro-Epen
15974,445,OPC-Oligo
15975,445,OPC-Oligo
15976,444,Astro-Epen
15977,445,OPC-Oligo
15978,444,Astro-Epen
15979,445,OPC-Oligo
15980,445,OPC-Oligo
15981,444,Astro-Epen
15982,446,unassigned
15983,445,OPC-Oligo
15984,445,OPC-Oligo
15985,445,OPC-Oligo
15986,445,OPC-Oligo
15987,445,OPC-Oligo
15988,444,Astro-Epen
15989,444,Astro-Epen
15990,445,OPC-Oligo
15991,445,OPC-Oligo
15992,445,OPC-Oligo
15993,446,unassigned
15994,445,OPC-Oligo
15995,445,OPC-Oligo
15996,445,OPC-Oligo
15997,446,unassigned
15998,444,Astro-Epen
15999,445,OPC-Oligo
16000,445,OPC-Oligo
16001,448,unassigned
16002,445,OPC-Oligo
16003,445,OPC-Oligo
16004,445,OPC-Oligo
16005,445,OPC-Oligo
16006,446,unassigned
16007,449,Immune
16008,444,Astro-Epen
16009,450,unassigned
16010,444,Astro-Epen
16011,445,OPC-Oligo
16012,444,Astro-Epen
16013,449,Immune
16014,451,Astro-Epen
16015,445,OPC-Oligo
16016,445,OPC-Oligo
16017,445,OPC-Oligo
16018,445,OPC-Oligo
16019,445,OPC-Oligo
16020,451,Astro-Epen
16021,449,Immune
16022,445,OPC-Oligo
16023,444,Astro-Epen
16024,451,Astro-Epen
16025,445,OPC-Oligo
16026,444,Astro-Epen
16027,449,Immune
16028,451,Astro-Epen
16029,451,Astro-Epen
16030,449,Immune
16031,444,Astro-Epen
16032,445,OPC-Oligo
16033,451,Astro-Epen
16034,449,Immune
16035,451,Astro-Epen
16036,449,Immune
16037,451,Astro-Epen
16038,449,Immune
16039,445,OPC-Oligo
16040,451,Astro-Epen
16041,451,Astro-Epen
16042,451,Astro-Epen
16043,444,Astro-Epen
16044,444,Astro-Epen
16045,451,Astro-Epen
16046,449,Immune
16047,449,Immune
16048,444,Astro-Epen
16049,444,Astro-Epen
16050,449,Immune
16051,444,Astro-Epen
16052,451,Astro-Epen
16053,444,Astro-Epen
16054,444,Astro-Epen
16055,449,Immune
16056,449,Immune
16057,444,Astro-Epen
16058,449,Immune
16059,449,Immune
16060,451,Astro-Epen
16061,449,Immune
16062,449,Immune
16063,449,Immune
16064,451,Astro-Epen
16065,451,Astro-Epen
16066,449,Immune
16067,449,Immune
16068,449,Immune
16069,451,Astro-Epen
16070,451,Astro-Epen
16071,445,OPC-Oligo
16072,451,Astro-Epen
16073,444,Astro-Epen
16074,451,Astro-Epen
16075,451,Astro-Epen
16076,449,Immune
16077,449,Immune
16078,449,Immune
16079,449,Immune
16080,451,Astro-Epen
16081,451,Astro-Epen
16082,451,Astro-Epen
16083,444,Astro-Epen
16084,451,Astro-Epen
16085,451,Astro-Epen
16086,451,Astro-Epen
16087,451,Astro-Epen
16088,449,Immune
16089,451,Astro-Epen
16090,449,Immune
16091,451,Astro-Epen
16092,451,Astro-Epen
16093,451,Astro-Epen
16094,451,Astro-Epen
16095,449,Immune
16096,449,Immune
16097,444,Astro-Epen
16098,451,Astro-Epen
16099,449,Immune
16100,444,Astro-Epen
16101,449,Immune
16102,444,Astro-Epen
16103,451,Astro-Epen
16104,451,Astro-Epen
16105,449,Immune
16106,444,Astro-Epen
16107,444,Astro-Epen
16108,451,Astro-Epen
16109,449,Immune
16110,451,Astro-Epen
16111,451,Astro-Epen
16112,444,Astro-Epen
16113,451,Astro-Epen
16114,452,unassigned
16115,444,Astro-Epen
16116,452,unassigned
16117,451,Astro-Epen
16118,453,Excitatory_Neuron
16119,451,Astro-Epen
16120,446,unassigned
16121,449,Immune
16122,451,Astro-Epen
16123,451,Astro-Epen
16124,452,unassigned
16125,451,Astro-Epen
16126,446,unassigned
16127,451,Astro-Epen
16128,446,unassigned
16129,451,Astro-Epen
16130,446,unassigned
16131,452,unassigned
16132,446,unassigned
16133,446,unassigned
16134,453,Excitatory_Neuron
16135,451,Astro-Epen
16136,446,unassigned
16137,454,unassigned
16138,455,Immune
16139,455,Immune
16140,456,Astro-Epen
16141,457,Immune
16142,458,Excitatory_Neuron
16143,459,unassigned
16144,460,Immune
16145,461,Astro-Epen
16146,461,Astro-Epen
16147,462,unassigned
16148,462,unassigned
16149,463,unassigned
16150,464,Excitatory_Neuron
16151,464,Excitatory_Neuron
16152,465,Excitatory_Neuron
16153,466,unassigned
16154,464,Excitatory_Neuron
16155,464,Excitatory_Neuron
16156,467,Excitatory_Neuron
16157,468,unassigned
16158,469,unassigned
16159,469,unassigned
16160,469,unassigned
16161,468,unassigned
16162,458,Excitatory_Neuron
16163,470,Excitatory_Neuron
16164,458,Excitatory_Neuron
16165,471,Excitatory_Neuron
16166,454,unassigned
16167,458,Excitatory_Neuron
16168,472,Excitatory_Neuron
16169,473,GABA_Neuron
16170,472,Excitatory_Neuron
16171,454,unassigned
16172,474,unassigned
16173,454,unassigned
16174,458,Excitatory_Neuron
16175,472,Excitatory_Neuron
16176,472,Excitatory_Neuron
16177,475,Excitatory_Neuron
16178,473,GABA_Neuron
16179,476,unassigned
16180,477,unassigned
16181,477,unassigned
16182,475,Excitatory_Neuron
16183,478,unassigned
16184,479,Excitatory_Neuron
16185,477,unassigned
16186,477,unassigned
16187,455,Immune
16188,455,Immune
16189,480,unassigned
16190,480,unassigned
16191,480,unassigned
16192,481,GABA_Neuron
16193,480,unassigned
16194,481,GABA_Neuron
16195,482,unassigned
16196,481,GABA_Neuron
16197,481,GABA_Neuron
16198,483,unassigned
16199,484,Astro-Epen
16200,454,unassigned
16201,485,unassigned
16202,486,Excitatory_Neuron
16203,487,Excitatory_Neuron
16204,487,Excitatory_Neuron
16205,488,GABA_Neuron
16206,487,Excitatory_Neuron
16207,488,GABA_Neuron
16208,488,GABA_Neuron
16209,460,Immune
16210,466,unassigned
16211,473,GABA_Neuron
16212,483,unassigned
16213,486,Excitatory_Neuron
16214,460,Immune
16215,484,Astro-Epen
16216,465,Excitatory_Neuron
16217,467,Excitatory_Neuron
16218,473,GABA_Neuron
16219,455,Immune
16220,480,unassigned
16221,489,unassigned
16222,484,Astro-Epen
16223,490,unassigned
16224,491,unassigned
16225,466,unassigned
16226,467,Excitatory_Neuron
16227,472,Excitatory_Neuron
16228,480,unassigned
16229,481,GABA_Neuron
16230,492,unassigned
16231,493,Excitatory_Neuron
16232,454,unassigned
16233,494,GABA_Neuron
16234,467,Excitatory_Neuron
16235,467,Excitatory_Neuron
16236,454,unassigned
16237,495,unassigned
16238,495,unassigned
16239,475,Excitatory_Neuron
16240,455,Immune
16241,455,Immune
16242,454,unassigned
16243,486,Excitatory_Neuron
16244,486,Excitatory_Neuron
16245,496,Excitatory_Neuron
16246,454,unassigned
16247,465,Excitatory_Neuron
16248,458,Excitatory_Neuron
16249,464,Excitatory_Neuron
16250,469,unassigned
16251,458,Excitatory_Neuron
16252,454,unassigned
16253,454,unassigned
16254,485,unassigned
16255,486,Excitatory_Neuron
16256,493,Excitatory_Neuron
16257,497,GABA_Neuron
16258,454,unassigned
16259,464,Excitatory_Neuron
16260,466,unassigned
16261,468,unassigned
16262,473,GABA_Neuron
16263,454,unassigned
16264,482,unassigned
16265,454,unassigned
16266,489,unassigned
16267,483,unassigned
16268,483,unassigned
16269,490,unassigned
16270,498,unassigned
16271,458,Excitatory_Neuron
16272,465,Excitatory_Neuron
16273,467,Excitatory_Neuron
16274,458,Excitatory_Neuron
16275,480,unassigned
16276,499,unassigned
16277,500,unassigned
16278,469,unassigned
16279,474,unassigned
16280,476,unassigned
16281,475,Excitatory_Neuron
16282,454,unassigned
16283,479,Excitatory_Neuron
16284,481,GABA_Neuron
16285,485,unassigned
16286,460,Immune
16287,488,GABA_Neuron
16288,488,GABA_Neuron
16289,462,unassigned
16290,465,Excitatory_Neuron
16291,465,Excitatory_Neuron
16292,458,Excitatory_Neuron
16293,495,unassigned
16294,455,Immune
16295,487,Excitatory_Neuron
16296,487,Excitatory_Neuron
16297,488,GABA_Neuron
16298,501,unassigned
16299,466,unassigned
16300,468,unassigned
16301,458,Excitatory_Neuron
16302,502,Excitatory_Neuron
16303,454,unassigned
16304,476,unassigned
16305,479,Excitatory_Neuron
16306,481,GABA_Neuron
16307,458,Excitatory_Neuron
16308,458,Excitatory_Neuron
16309,467,Excitatory_Neuron
16310,503,unassigned
16311,472,Excitatory_Neuron
16312,479,Excitatory_Neuron
16313,482,unassigned
16314,485,unassigned
16315,457,Immune
16316,504,Vascular
16317,493,Excitatory_Neuron
16318,461,Astro-Epen
16319,467,Excitatory_Neuron
16320,474,unassigned
16321,477,unassigned
16322,505,unassigned
16323,482,unassigned
16324,506,Immune
16325,484,Astro-Epen
16326,484,Astro-Epen
16327,485,unassigned
16328,496,Excitatory_Neuron
16329,488,GABA_Neuron
16330,507,GABA_Neuron
16331,466,unassigned
16332,508,unassigned
16333,468,unassigned
16334,458,Excitatory_Neuron
16335,458,Excitatory_Neuron
16336,454,unassigned
16337,454,unassigned
16338,479,Excitatory_Neuron
16339,455,Immune
16340,489,unassigned
16341,454,unassigned
16342,509,unassigned
16343,485,unassigned
16344,506,Immune
16345,509,unassigned
16346,460,Immune
16347,497,GABA_Neuron
16348,466,unassigned
16349,458,Excitatory_Neuron
16350,481,GABA_Neuron
16351,510,Excitatory_Neuron
16352,506,Immune
16353,486,Excitatory_Neuron
16354,496,Excitatory_Neuron
16355,507,GABA_Neuron
16356,457,Immune
16357,493,Excitatory_Neuron
16358,491,unassigned
16359,466,unassigned
16360,467,Excitatory_Neuron
16361,477,unassigned
16362,455,Immune
16363,481,GABA_Neuron
16364,480,unassigned
16365,480,unassigned
16366,481,GABA_Neuron
16367,511,unassigned
16368,493,Excitatory_Neuron
16369,493,Excitatory_Neuron
16370,454,unassigned
16371,454,unassigned
16372,467,Excitatory_Neuron
16373,471,Excitatory_Neuron
16374,473,GABA_Neuron
16375,454,unassigned
16376,480,unassigned
16377,485,unassigned
16378,493,Excitatory_Neuron
16379,493,Excitatory_Neuron
16380,458,Excitatory_Neuron
16381,458,Excitatory_Neuron
16382,458,Excitatory_Neuron
16383,454,unassigned
16384,475,Excitatory_Neuron
16385,478,unassigned
16386,479,Excitatory_Neuron
16387,455,Immune
16388,460,Immune
16389,488,GABA_Neuron
16390,504,Vascular
16391,512,unassigned
16392,462,unassigned
16393,454,unassigned
16394,500,unassigned
16395,465,Excitatory_Neuron
16396,467,Excitatory_Neuron
16397,458,Excitatory_Neuron
16398,458,Excitatory_Neuron
16399,458,Excitatory_Neuron
16400,459,unassigned
16401,470,Excitatory_Neuron
16402,502,Excitatory_Neuron
16403,502,Excitatory_Neuron
16404,495,unassigned
16405,495,unassigned
16406,477,unassigned
16407,454,unassigned
16408,475,Excitatory_Neuron
16409,455,Immune
16410,513,Excitatory_Neuron
16411,455,Immune
16412,505,unassigned
16413,510,Excitatory_Neuron
16414,456,Astro-Epen
16415,489,unassigned
16416,456,Astro-Epen
16417,487,Excitatory_Neuron
16418,506,Immune
16419,484,Astro-Epen
16420,461,Astro-Epen
16421,462,unassigned
16422,463,unassigned
16423,464,Excitatory_Neuron
16424,467,Excitatory_Neuron
16425,458,Excitatory_Neuron
16426,477,unassigned
16427,479,Excitatory_Neuron
16428,505,unassigned
16429,483,unassigned
16430,484,Astro-Epen
16431,456,Astro-Epen
16432,490,unassigned
16433,493,Excitatory_Neuron
16434,461,Astro-Epen
16435,497,GABA_Neuron
16436,465,Excitatory_Neuron
16437,464,Excitatory_Neuron
16438,466,unassigned
16439,471,Excitatory_Neuron
16440,470,Excitatory_Neuron
16441,458,Excitatory_Neuron
16442,495,unassigned
16443,455,Immune
16444,455,Immune
16445,505,unassigned
16446,454,unassigned
16447,464,Excitatory_Neuron
16448,464,Excitatory_Neuron
16449,458,Excitatory_Neuron
16450,513,Excitatory_Neuron
16451,510,Excitatory_Neuron
16452,481,GABA_Neuron
16453,506,Immune
16454,485,unassigned
16455,493,Excitatory_Neuron
16456,463,unassigned
16457,454,unassigned
16458,477,unassigned
16459,505,unassigned
16460,493,Excitatory_Neuron
16461,498,unassigned
16462,454,unassigned
16463,463,unassigned
16464,464,Excitatory_Neuron
16465,464,Excitatory_Neuron
16466,466,unassigned
16467,468,unassigned
16468,502,Excitatory_Neuron
16469,454,unassigned
16470,477,unassigned
16471,455,Immune
16472,455,Immune
16473,481,GABA_Neuron
16474,506,Immune
16475,506,Immune
16476,471,Excitatory_Neuron
16477,471,Excitatory_Neuron
16478,458,Excitatory_Neuron
16479,455,Immune
16480,479,Excitatory_Neuron
16481,479,Excitatory_Neuron
16482,484,Astro-Epen
16483,506,Immune
16484,506,Immune
16485,493,Excitatory_Neuron
16486,458,Excitatory_Neuron
16487,454,unassigned
16488,477,unassigned
16489,455,Immune
16490,481,GABA_Neuron
16491,460,Immune
16492,490,unassigned
16493,460,Immune
16494,514,unassigned
16495,466,unassigned
16496,480,unassigned
16497,505,unassigned
16498,480,unassigned
16499,510,Excitatory_Neuron
16500,487,Excitatory_Neuron
16501,461,Astro-Epen
16502,500,unassigned
16503,477,unassigned
16504,475,Excitatory_Neuron
16505,481,GABA_Neuron
16506,499,unassigned
16507,463,unassigned
16508,471,Excitatory_Neuron
16509,503,unassigned
16510,473,GABA_Neuron
16511,473,GABA_Neuron
16512,495,unassigned
16513,505,unassigned
16514,509,unassigned
16515,461,Astro-Epen
16516,466,unassigned
16517,470,Excitatory_Neuron
16518,502,Excitatory_Neuron
16519,475,Excitatory_Neuron
16520,510,Excitatory_Neuron
16521,486,Excitatory_Neuron
16522,512,unassigned
16523,461,Astro-Epen
16524,497,GABA_Neuron
16525,474,unassigned
16526,454,unassigned
16527,477,unassigned
16528,515,unassigned
16529,486,Excitatory_Neuron
16530,460,Immune
16531,467,Excitatory_Neuron
16532,458,Excitatory_Neuron
16533,458,Excitatory_Neuron
16534,513,Excitatory_Neuron
16535,489,unassigned
16536,506,Immune
16537,485,unassigned
16538,486,Excitatory_Neuron
16539,511,unassigned
16540,463,unassigned
16541,464,Excitatory_Neuron
16542,471,Excitatory_Neuron
16543,515,unassigned
16544,456,Astro-Epen
16545,506,Immune
16546,460,Immune
16547,501,unassigned
16548,516,Astro-Epen
16549,461,Astro-Epen
16550,494,GABA_Neuron
16551,494,GABA_Neuron
16552,467,Excitatory_Neuron
16553,458,Excitatory_Neuron
16554,505,unassigned
16555,481,GABA_Neuron
16556,460,Immune
16557,486,Excitatory_Neuron
16558,486,Excitatory_Neuron
16559,460,Immune
16560,500,unassigned
16561,466,unassigned
16562,464,Excitatory_Neuron
16563,458,Excitatory_Neuron
16564,474,unassigned
16565,454,unassigned
16566,479,Excitatory_Neuron
16567,455,Immune
16568,487,Excitatory_Neuron
16569,458,Excitatory_Neuron
16570,469,unassigned
16571,470,Excitatory_Neuron
16572,471,Excitatory_Neuron
16573,454,unassigned
16574,455,Immune
16575,455,Immune
16576,489,unassigned
16577,511,unassigned
16578,486,Excitatory_Neuron
16579,491,unassigned
16580,514,unassigned
16581,463,unassigned
16582,464,Excitatory_Neuron
16583,458,Excitatory_Neuron
16584,468,unassigned
16585,517,unassigned
16586,473,GABA_Neuron
16587,474,unassigned
16588,481,GABA_Neuron
16589,481,GABA_Neuron
16590,480,unassigned
16591,482,unassigned
16592,481,GABA_Neuron
16593,455,Immune
16594,455,Immune
16595,456,Astro-Epen
16596,483,unassigned
16597,496,Excitatory_Neuron
16598,460,Immune
16599,518,unassigned
16600,463,unassigned
16601,458,Excitatory_Neuron
16602,476,unassigned
16603,476,unassigned
16604,480,unassigned
16605,455,Immune
16606,490,unassigned
16607,460,Immune
16608,487,Excitatory_Neuron
16609,504,Vascular
16610,493,Excitatory_Neuron
16611,461,Astro-Epen
16612,465,Excitatory_Neuron
16613,464,Excitatory_Neuron
16614,467,Excitatory_Neuron
16615,458,Excitatory_Neuron
16616,519,Excitatory_Neuron
16617,476,unassigned
16618,505,unassigned
16619,479,Excitatory_Neuron
16620,480,unassigned
16621,489,unassigned
16622,481,GABA_Neuron
16623,456,Astro-Epen
16624,484,Astro-Epen
16625,487,Excitatory_Neuron
16626,463,unassigned
16627,463,unassigned
16628,519,Excitatory_Neuron
16629,458,Excitatory_Neuron
16630,476,unassigned
16631,455,Immune
16632,455,Immune
16633,481,GABA_Neuron
16634,481,GABA_Neuron
16635,509,unassigned
16636,490,unassigned
16637,487,Excitatory_Neuron
16638,476,unassigned
16639,476,unassigned
16640,454,unassigned
16641,455,Immune
16642,480,unassigned
16643,480,unassigned
16644,489,unassigned
16645,481,GABA_Neuron
16646,461,Astro-Epen
16647,481,GABA_Neuron
16648,506,Immune
16649,506,Immune
16650,506,Immune
16651,506,Immune
16652,509,unassigned
16653,507,GABA_Neuron
16654,491,unassigned
16655,466,unassigned
16656,463,unassigned
16657,458,Excitatory_Neuron
16658,458,Excitatory_Neuron
16659,474,unassigned
16660,502,Excitatory_Neuron
16661,476,unassigned
16662,511,unassigned
16663,488,GABA_Neuron
16664,496,Excitatory_Neuron
16665,466,unassigned
16666,468,unassigned
16667,458,Excitatory_Neuron
16668,454,unassigned
16669,454,unassigned
16670,477,unassigned
16671,483,unassigned
16672,487,Excitatory_Neuron
16673,460,Immune
16674,520,unassigned
16675,464,Excitatory_Neuron
16676,469,unassigned
16677,464,Excitatory_Neuron
16678,468,unassigned
16679,458,Excitatory_Neuron
16680,454,unassigned
16681,454,unassigned
16682,476,unassigned
16683,476,unassigned
16684,454,unassigned
16685,515,unassigned
16686,481,GABA_Neuron
16687,455,Immune
16688,481,GABA_Neuron
16689,511,unassigned
16690,468,unassigned
16691,517,unassigned
16692,502,Excitatory_Neuron
16693,502,Excitatory_Neuron
16694,458,Excitatory_Neuron
16695,476,unassigned
16696,515,unassigned
16697,480,unassigned
16698,482,unassigned
16699,456,Astro-Epen
16700,489,unassigned
16701,483,unassigned
16702,509,unassigned
16703,486,Excitatory_Neuron
16704,511,unassigned
16705,460,Immune
16706,512,unassigned
16707,461,Astro-Epen
16708,520,unassigned
16709,463,unassigned
16710,502,Excitatory_Neuron
16711,472,Excitatory_Neuron
16712,476,unassigned
16713,511,unassigned
16714,494,GABA_Neuron
16715,466,unassigned
16716,458,Excitatory_Neuron
16717,454,unassigned
16718,454,unassigned
16719,476,unassigned
16720,515,unassigned
16721,513,Excitatory_Neuron
16722,481,GABA_Neuron
16723,521,Excitatory_Neuron
16724,509,unassigned
16725,486,Excitatory_Neuron
16726,486,Excitatory_Neuron
16727,511,unassigned
16728,496,Excitatory_Neuron
16729,492,unassigned
16730,511,unassigned
16731,518,unassigned
16732,466,unassigned
16733,468,unassigned
16734,459,unassigned
16735,467,Excitatory_Neuron
16736,473,GABA_Neuron
16737,480,unassigned
16738,489,unassigned
16739,484,Astro-Epen
16740,511,unassigned
16741,460,Immune
16742,499,unassigned
16743,507,GABA_Neuron
16744,518,unassigned
16745,469,unassigned
16746,458,Excitatory_Neuron
16747,454,unassigned
16748,473,GABA_Neuron
16749,458,Excitatory_Neuron
16750,476,unassigned
16751,481,GABA_Neuron
16752,480,unassigned
16753,506,Immune
16754,457,Immune
16755,492,unassigned
16756,494,GABA_Neuron
16757,522,Astro-Epen
16758,458,Excitatory_Neuron
16759,458,Excitatory_Neuron
16760,458,Excitatory_Neuron
16761,502,Excitatory_Neuron
16762,454,unassigned
16763,472,Excitatory_Neuron
16764,455,Immune
16765,456,Astro-Epen
16766,487,Excitatory_Neuron
16767,486,Excitatory_Neuron
16768,460,Immune
16769,492,unassigned
16770,491,unassigned
16771,454,unassigned
16772,458,Excitatory_Neuron
16773,458,Excitatory_Neuron
16774,513,Excitatory_Neuron
16775,456,Astro-Epen
16776,456,Astro-Epen
16777,490,unassigned
16778,460,Immune
16779,460,Immune
16780,511,unassigned
16781,462,unassigned
16782,497,GABA_Neuron
16783,522,Astro-Epen
16784,458,Excitatory_Neuron
16785,458,Excitatory_Neuron
16786,454,unassigned
16787,477,unassigned
16788,473,GABA_Neuron
16789,479,Excitatory_Neuron
16790,481,GABA_Neuron
16791,455,Immune
16792,456,Astro-Epen
16793,496,Excitatory_Neuron
16794,454,unassigned
16795,464,Excitatory_Neuron
16796,458,Excitatory_Neuron
16797,476,unassigned
16798,513,Excitatory_Neuron
16799,457,Immune
16800,462,unassigned
16801,458,Excitatory_Neuron
16802,470,Excitatory_Neuron
16803,458,Excitatory_Neuron
16804,482,unassigned
16805,456,Astro-Epen
16806,511,unassigned
16807,497,GABA_Neuron
16808,500,unassigned
16809,464,Excitatory_Neuron
16810,466,unassigned
16811,467,Excitatory_Neuron
16812,454,unassigned
16813,473,GABA_Neuron
16814,473,GABA_Neuron
16815,479,Excitatory_Neuron
16816,480,unassigned
16817,480,unassigned
16818,455,Immune
16819,523,unassigned
16820,523,unassigned
16821,506,Immune
16822,488,GABA_Neuron
16823,520,unassigned
16824,465,Excitatory_Neuron
16825,467,Excitatory_Neuron
16826,467,Excitatory_Neuron
16827,467,Excitatory_Neuron
16828,524,Excitatory_Neuron
16829,525,Excitatory_Neuron
16830,455,Immune
16831,482,unassigned
16832,526,unassigned
16833,488,GABA_Neuron
16834,501,unassigned
16835,491,unassigned
16836,497,GABA_Neuron
16837,472,Excitatory_Neuron
16838,458,Excitatory_Neuron
16839,455,Immune
16840,483,unassigned
16841,521,Excitatory_Neuron
16842,488,GABA_Neuron
16843,462,unassigned
16844,527,GABA_Neuron
16845,458,Excitatory_Neuron
16846,458,Excitatory_Neuron
16847,473,GABA_Neuron
16848,454,unassigned
16849,515,unassigned
16850,480,unassigned
16851,482,unassigned
16852,486,Excitatory_Neuron
16853,460,Immune
16854,469,unassigned
16855,469,unassigned
16856,517,unassigned
16857,467,Excitatory_Neuron
16858,510,Excitatory_Neuron
16859,490,unassigned
16860,511,unassigned
16861,460,Immune
16862,457,Immune
16863,486,Excitatory_Neuron
16864,507,GABA_Neuron
16865,454,unassigned
16866,464,Excitatory_Neuron
16867,471,Excitatory_Neuron
16868,469,unassigned
16869,470,Excitatory_Neuron
16870,454,unassigned
16871,458,Excitatory_Neuron
16872,502,Excitatory_Neuron
16873,502,Excitatory_Neuron
16874,513,Excitatory_Neuron
16875,489,unassigned
16876,526,unassigned
16877,523,unassigned
16878,485,unassigned
16879,488,GABA_Neuron
16880,457,Immune
16881,462,unassigned
16882,461,Astro-Epen
16883,461,Astro-Epen
16884,514,unassigned
16885,466,unassigned
16886,469,unassigned
16887,454,unassigned
16888,455,Immune
16889,477,unassigned
16890,496,Excitatory_Neuron
16891,486,Excitatory_Neuron
16892,471,Excitatory_Neuron
16893,503,unassigned
16894,470,Excitatory_Neuron
16895,476,unassigned
16896,525,Excitatory_Neuron
16897,484,Astro-Epen
16898,511,unassigned
16899,457,Immune
16900,514,unassigned
16901,458,Excitatory_Neuron
16902,468,unassigned
16903,468,unassigned
16904,471,Excitatory_Neuron
16905,458,Excitatory_Neuron
16906,524,Excitatory_Neuron
16907,481,GABA_Neuron
16908,506,Immune
16909,511,unassigned
16910,460,Immune
16911,492,unassigned
16912,511,unassigned
16913,493,Excitatory_Neuron
16914,458,Excitatory_Neuron
16915,454,unassigned
16916,458,Excitatory_Neuron
16917,467,Excitatory_Neuron
16918,458,Excitatory_Neuron
16919,458,Excitatory_Neuron
16920,515,unassigned
16921,481,GABA_Neuron
16922,455,Immune
16923,455,Immune
16924,526,unassigned
16925,487,Excitatory_Neuron
16926,486,Excitatory_Neuron
16927,491,unassigned
16928,454,unassigned
16929,497,GABA_Neuron
16930,528,unassigned
16931,465,Excitatory_Neuron
16932,464,Excitatory_Neuron
16933,503,unassigned
16934,469,unassigned
16935,468,unassigned
16936,502,Excitatory_Neuron
16937,473,GABA_Neuron
16938,476,unassigned
16939,481,GABA_Neuron
16940,460,Immune
16941,490,unassigned
16942,511,unassigned
16943,486,Excitatory_Neuron
16944,507,GABA_Neuron
16945,491,unassigned
16946,514,unassigned
16947,463,unassigned
16948,497,GABA_Neuron
16949,458,Excitatory_Neuron
16950,476,unassigned
16951,495,unassigned
16952,479,Excitatory_Neuron
16953,480,unassigned
16954,460,Immune
16955,514,unassigned
16956,529,unassigned
16957,497,GABA_Neuron
16958,458,Excitatory_Neuron
16959,473,GABA_Neuron
16960,502,Excitatory_Neuron
16961,525,Excitatory_Neuron
16962,486,Excitatory_Neuron
16963,511,unassigned
16964,491,unassigned
16965,494,GABA_Neuron
16966,497,GABA_Neuron
16967,475,Excitatory_Neuron
16968,481,GABA_Neuron
16969,480,unassigned
16970,482,unassigned
16971,526,unassigned
16972,521,Excitatory_Neuron
16973,506,Immune
16974,509,unassigned
16975,486,Excitatory_Neuron
16976,516,Astro-Epen
16977,458,Excitatory_Neuron
16978,503,unassigned
16979,480,unassigned
16980,482,unassigned
16981,521,Excitatory_Neuron
16982,487,Excitatory_Neuron
16983,496,Excitatory_Neuron
16984,486,Excitatory_Neuron
16985,511,unassigned
16986,492,unassigned
16987,462,unassigned
16988,491,unassigned
16989,458,Excitatory_Neuron
16990,467,Excitatory_Neuron
16991,466,unassigned
16992,469,unassigned
16993,467,Excitatory_Neuron
16994,458,Excitatory_Neuron
16995,471,Excitatory_Neuron
16996,458,Excitatory_Neuron
16997,502,Excitatory_Neuron
16998,502,Excitatory_Neuron
16999,476,unassigned
17000,489,unassigned
17001,530,unassigned
17002,487,Excitatory_Neuron
17003,458,Excitatory_Neuron
17004,467,Excitatory_Neuron
17005,458,Excitatory_Neuron
17006,454,unassigned
17007,519,Excitatory_Neuron
17008,502,Excitatory_Neuron
17009,502,Excitatory_Neuron
17010,509,unassigned
17011,491,unassigned
17012,522,Astro-Epen
17013,517,unassigned
17014,456,Astro-Epen
17015,460,Immune
17016,507,GABA_Neuron
17017,461,Astro-Epen
17018,469,unassigned
17019,502,Excitatory_Neuron
17020,481,GABA_Neuron
17021,484,Astro-Epen
17022,487,Excitatory_Neuron
17023,507,GABA_Neuron
17024,514,unassigned
17025,467,Excitatory_Neuron
17026,467,Excitatory_Neuron
17027,458,Excitatory_Neuron
17028,513,Excitatory_Neuron
17029,455,Immune
17030,489,unassigned
17031,526,unassigned
17032,460,Immune
17033,499,unassigned
17034,467,Excitatory_Neuron
17035,531,unassigned
17036,458,Excitatory_Neuron
17037,477,unassigned
17038,481,GABA_Neuron
17039,455,Immune
17040,481,GABA_Neuron
17041,456,Astro-Epen
17042,483,unassigned
17043,521,Excitatory_Neuron
17044,484,Astro-Epen
17045,487,Excitatory_Neuron
17046,532,unassigned
17047,473,GABA_Neuron
17048,472,Excitatory_Neuron
17049,479,Excitatory_Neuron
17050,455,Immune
17051,482,unassigned
17052,506,Immune
17053,521,Excitatory_Neuron
17054,490,unassigned
17055,460,Immune
17056,457,Immune
17057,516,Astro-Epen
17058,461,Astro-Epen
17059,465,Excitatory_Neuron
17060,497,GABA_Neuron
17061,464,Excitatory_Neuron
17062,454,unassigned
17063,503,unassigned
17064,470,Excitatory_Neuron
17065,454,unassigned
17066,477,unassigned
17067,489,unassigned
17068,533,unassigned
17069,506,Immune
17070,499,unassigned
17071,463,unassigned
17072,497,GABA_Neuron
17073,497,GABA_Neuron
17074,522,Astro-Epen
17075,458,Excitatory_Neuron
17076,467,Excitatory_Neuron
17077,519,Excitatory_Neuron
17078,521,Excitatory_Neuron
17079,484,Astro-Epen
17080,460,Immune
17081,457,Immune
17082,460,Immune
17083,499,unassigned
17084,465,Excitatory_Neuron
17085,468,unassigned
17086,467,Excitatory_Neuron
17087,502,Excitatory_Neuron
17088,495,unassigned
17089,473,GABA_Neuron
17090,515,unassigned
17091,480,unassigned
17092,510,Excitatory_Neuron
17093,526,unassigned
17094,509,unassigned
17095,509,unassigned
17096,465,Excitatory_Neuron
17097,466,unassigned
17098,458,Excitatory_Neuron
17099,471,Excitatory_Neuron
17100,458,Excitatory_Neuron
17101,503,unassigned
17102,454,unassigned
17103,477,unassigned
17104,477,unassigned
17105,482,unassigned
17106,526,unassigned
17107,460,Immune
17108,458,Excitatory_Neuron
17109,469,unassigned
17110,502,Excitatory_Neuron
17111,479,Excitatory_Neuron
17112,479,Excitatory_Neuron
17113,481,GABA_Neuron
17114,534,unassigned
17115,510,Excitatory_Neuron
17116,511,unassigned
17117,535,unassigned
17118,477,unassigned
17119,479,Excitatory_Neuron
17120,479,Excitatory_Neuron
17121,536,Excitatory_Neuron
17122,455,Immune
17123,482,unassigned
17124,521,Excitatory_Neuron
17125,516,Astro-Epen
17126,497,GABA_Neuron
17127,466,unassigned
17128,464,Excitatory_Neuron
17129,464,Excitatory_Neuron
17130,466,unassigned
17131,470,Excitatory_Neuron
17132,458,Excitatory_Neuron
17133,477,unassigned
17134,480,unassigned
17135,480,unassigned
17136,455,Immune
17137,456,Astro-Epen
17138,484,Astro-Epen
17139,487,Excitatory_Neuron
17140,490,unassigned
17141,460,Immune
17142,516,Astro-Epen
17143,514,unassigned
17144,467,Excitatory_Neuron
17145,536,Excitatory_Neuron
17146,510,Excitatory_Neuron
17147,480,unassigned
17148,526,unassigned
17149,521,Excitatory_Neuron
17150,456,Astro-Epen
17151,461,Astro-Epen
17152,458,Excitatory_Neuron
17153,477,unassigned
17154,455,Immune
17155,484,Astro-Epen
17156,460,Immune
17157,487,Excitatory_Neuron
17158,488,GABA_Neuron
17159,532,unassigned
17160,522,Astro-Epen
17161,460,Immune
17162,483,unassigned
17163,487,Excitatory_Neuron
17164,466,unassigned
17165,467,Excitatory_Neuron
17166,473,GABA_Neuron
17167,458,Excitatory_Neuron
17168,515,unassigned
17169,490,unassigned
17170,488,GABA_Neuron
17171,499,unassigned
17172,528,unassigned
17173,468,unassigned
17174,458,Excitatory_Neuron
17175,537,unassigned
17176,469,unassigned
17177,458,Excitatory_Neuron
17178,502,Excitatory_Neuron
17179,470,Excitatory_Neuron
17180,455,Immune
17181,510,Excitatory_Neuron
17182,509,unassigned
17183,486,Excitatory_Neuron
17184,488,GABA_Neuron
17185,504,Vascular
17186,457,Immune
17187,499,unassigned
17188,507,GABA_Neuron
17189,454,unassigned
17190,471,Excitatory_Neuron
17191,503,unassigned
17192,503,unassigned
17193,538,unassigned
17194,510,Excitatory_Neuron
17195,489,unassigned
17196,506,Immune
17197,509,unassigned
17198,493,Excitatory_Neuron
17199,499,unassigned
17200,458,Excitatory_Neuron
17201,458,Excitatory_Neuron
17202,468,unassigned
17203,458,Excitatory_Neuron
17204,502,Excitatory_Neuron
17205,477,unassigned
17206,513,Excitatory_Neuron
17207,524,Excitatory_Neuron
17208,460,Immune
17209,511,unassigned
17210,486,Excitatory_Neuron
17211,491,unassigned
17212,500,unassigned
17213,503,unassigned
17214,502,Excitatory_Neuron
17215,513,Excitatory_Neuron
17216,525,Excitatory_Neuron
17217,456,Astro-Epen
17218,456,Astro-Epen
17219,490,unassigned
17220,490,unassigned
17221,487,Excitatory_Neuron
17222,516,Astro-Epen
17223,500,unassigned
17224,522,Astro-Epen
17225,468,unassigned
17226,470,Excitatory_Neuron
17227,524,Excitatory_Neuron
17228,524,Excitatory_Neuron
17229,455,Immune
17230,480,unassigned
17231,455,Immune
17232,484,Astro-Epen
17233,460,Immune
17234,506,Immune
17235,487,Excitatory_Neuron
17236,460,Immune
17237,461,Astro-Epen
17238,465,Excitatory_Neuron
17239,481,GABA_Neuron
17240,489,unassigned
17241,486,Excitatory_Neuron
17242,461,Astro-Epen
17243,461,Astro-Epen
17244,500,unassigned
17245,497,GABA_Neuron
17246,471,Excitatory_Neuron
17247,468,unassigned
17248,473,GABA_Neuron
17249,538,unassigned
17250,480,unassigned
17251,480,unassigned
17252,484,Astro-Epen
17253,487,Excitatory_Neuron
17254,457,Immune
17255,457,Immune
17256,493,Excitatory_Neuron
17257,454,unassigned
17258,458,Excitatory_Neuron
17259,473,GABA_Neuron
17260,515,unassigned
17261,479,Excitatory_Neuron
17262,506,Immune
17263,460,Immune
17264,514,unassigned
17265,497,GABA_Neuron
17266,503,unassigned
17267,502,Excitatory_Neuron
17268,489,unassigned
17269,481,GABA_Neuron
17270,521,Excitatory_Neuron
17271,486,Excitatory_Neuron
17272,504,Vascular
17273,516,Astro-Epen
17274,491,unassigned
17275,461,Astro-Epen
17276,494,GABA_Neuron
17277,464,Excitatory_Neuron
17278,458,Excitatory_Neuron
17279,469,unassigned
17280,517,unassigned
17281,473,GABA_Neuron
17282,519,Excitatory_Neuron
17283,524,Excitatory_Neuron
17284,524,Excitatory_Neuron
17285,477,unassigned
17286,479,Excitatory_Neuron
17287,480,unassigned
17288,484,Astro-Epen
17289,487,Excitatory_Neuron
17290,490,unassigned
17291,486,Excitatory_Neuron
17292,462,unassigned
17293,466,unassigned
17294,471,Excitatory_Neuron
17295,519,Excitatory_Neuron
17296,454,unassigned
17297,524,Excitatory_Neuron
17298,455,Immune
17299,482,unassigned
17300,506,Immune
17301,506,Immune
17302,485,unassigned
17303,454,unassigned
17304,501,unassigned
17305,527,GABA_Neuron
17306,458,Excitatory_Neuron
17307,470,Excitatory_Neuron
17308,473,GABA_Neuron
17309,473,GABA_Neuron
17310,472,Excitatory_Neuron
17311,539,unassigned
17312,540,Excitatory_Neuron
17313,515,unassigned
17314,515,unassigned
17315,497,GABA_Neuron
17316,527,GABA_Neuron
17317,458,Excitatory_Neuron
17318,519,Excitatory_Neuron
17319,477,unassigned
17320,455,Immune
17321,481,GABA_Neuron
17322,487,Excitatory_Neuron
17323,457,Immune
17324,541,unassigned
17325,516,Astro-Epen
17326,500,unassigned
17327,527,GABA_Neuron
17328,469,unassigned
17329,471,Excitatory_Neuron
17330,519,Excitatory_Neuron
17331,519,Excitatory_Neuron
17332,472,Excitatory_Neuron
17333,475,Excitatory_Neuron
17334,477,unassigned
17335,483,unassigned
17336,521,Excitatory_Neuron
17337,521,Excitatory_Neuron
17338,509,unassigned
17339,460,Immune
17340,486,Excitatory_Neuron
17341,462,unassigned
17342,462,unassigned
17343,500,unassigned
17344,497,GABA_Neuron
17345,471,Excitatory_Neuron
17346,469,unassigned
17347,517,unassigned
17348,515,unassigned
17349,483,unassigned
17350,483,unassigned
17351,509,unassigned
17352,486,Excitatory_Neuron
17353,528,unassigned
17354,454,unassigned
17355,467,Excitatory_Neuron
17356,470,Excitatory_Neuron
17357,473,GABA_Neuron
17358,479,Excitatory_Neuron
17359,479,Excitatory_Neuron
17360,480,unassigned
17361,482,unassigned
17362,536,Excitatory_Neuron
17363,484,Astro-Epen
17364,483,unassigned
17365,487,Excitatory_Neuron
17366,487,Excitatory_Neuron
17367,504,Vascular
17368,461,Astro-Epen
17369,500,unassigned
17370,500,unassigned
17371,494,GABA_Neuron
17372,528,unassigned
17373,458,Excitatory_Neuron
17374,519,Excitatory_Neuron
17375,503,unassigned
17376,455,Immune
17377,506,Immune
17378,521,Excitatory_Neuron
17379,496,Excitatory_Neuron
17380,460,Immune
17381,541,unassigned
17382,462,unassigned
17383,497,GABA_Neuron
17384,458,Excitatory_Neuron
17385,519,Excitatory_Neuron
17386,473,GABA_Neuron
17387,524,Excitatory_Neuron
17388,481,GABA_Neuron
17389,480,unassigned
17390,486,Excitatory_Neuron
17391,457,Immune
17392,532,unassigned
17393,497,GABA_Neuron
17394,528,unassigned
17395,519,Excitatory_Neuron
17396,519,Excitatory_Neuron
17397,470,Excitatory_Neuron
17398,473,GABA_Neuron
17399,515,unassigned
17400,521,Excitatory_Neuron
17401,487,Excitatory_Neuron
17402,511,unassigned
17403,457,Immune
17404,457,Immune
17405,507,GABA_Neuron
17406,542,unassigned
17407,494,GABA_Neuron
17408,473,GABA_Neuron
17409,502,Excitatory_Neuron
17410,536,Excitatory_Neuron
17411,455,Immune
17412,543,unassigned
17413,511,unassigned
17414,504,Vascular
17415,507,GABA_Neuron
17416,500,unassigned
17417,528,unassigned
17418,458,Excitatory_Neuron
17419,463,unassigned
17420,517,unassigned
17421,519,Excitatory_Neuron
17422,473,GABA_Neuron
17423,472,Excitatory_Neuron
17424,473,GABA_Neuron
17425,479,Excitatory_Neuron
17426,525,Excitatory_Neuron
17427,506,Immune
17428,487,Excitatory_Neuron
17429,496,Excitatory_Neuron
17430,541,unassigned
17431,462,unassigned
17432,500,unassigned
17433,500,unassigned
17434,464,Excitatory_Neuron
17435,466,unassigned
17436,469,unassigned
17437,524,Excitatory_Neuron
17438,524,Excitatory_Neuron
17439,455,Immune
17440,481,GABA_Neuron
17441,455,Immune
17442,455,Immune
17443,455,Immune
17444,457,Immune
17445,486,Excitatory_Neuron
17446,532,unassigned
17447,454,unassigned
17448,465,Excitatory_Neuron
17449,465,Excitatory_Neuron
17450,467,Excitatory_Neuron
17451,517,unassigned
17452,473,GABA_Neuron
17453,455,Immune
17454,536,Excitatory_Neuron
17455,484,Astro-Epen
17456,487,Excitatory_Neuron
17457,460,Immune
17458,507,GABA_Neuron
17459,542,unassigned
17460,491,unassigned
17461,494,GABA_Neuron
17462,469,unassigned
17463,519,Excitatory_Neuron
17464,519,Excitatory_Neuron
17465,503,unassigned
17466,502,Excitatory_Neuron
17467,454,unassigned
17468,473,GABA_Neuron
17469,524,Excitatory_Neuron
17470,481,GABA_Neuron
17471,510,Excitatory_Neuron
17472,460,Immune
17473,486,Excitatory_Neuron
17474,457,Immune
17475,488,GABA_Neuron
17476,512,unassigned
17477,516,Astro-Epen
17478,527,GABA_Neuron
17479,466,unassigned
17480,503,unassigned
17481,472,Excitatory_Neuron
17482,479,Excitatory_Neuron
17483,513,Excitatory_Neuron
17484,515,unassigned
17485,455,Immune
17486,479,Excitatory_Neuron
17487,482,unassigned
17488,510,Excitatory_Neuron
17489,457,Immune
17490,500,unassigned
17491,497,GABA_Neuron
17492,464,Excitatory_Neuron
17493,519,Excitatory_Neuron
17494,524,Excitatory_Neuron
17495,477,unassigned
17496,484,Astro-Epen
17497,487,Excitatory_Neuron
17498,487,Excitatory_Neuron
17499,496,Excitatory_Neuron
17500,541,unassigned
17501,507,GABA_Neuron
17502,458,Excitatory_Neuron
17503,537,unassigned
17504,539,unassigned
17505,513,Excitatory_Neuron
17506,482,unassigned
17507,457,Immune
17508,511,unassigned
17509,496,Excitatory_Neuron
17510,522,Astro-Epen
17511,470,Excitatory_Neuron
17512,454,unassigned
17513,519,Excitatory_Neuron
17514,472,Excitatory_Neuron
17515,454,unassigned
17516,476,unassigned
17517,479,Excitatory_Neuron
17518,510,Excitatory_Neuron
17519,521,Excitatory_Neuron
17520,455,Immune
17521,509,unassigned
17522,486,Excitatory_Neuron
17523,486,Excitatory_Neuron
17524,486,Excitatory_Neuron
17525,454,unassigned
17526,516,Astro-Epen
17527,527,GABA_Neuron
17528,455,Immune
17529,510,Excitatory_Neuron
17530,521,Excitatory_Neuron
17531,460,Immune
17532,484,Astro-Epen
17533,484,Astro-Epen
17534,486,Excitatory_Neuron
17535,509,unassigned
17536,511,unassigned
17537,487,Excitatory_Neuron
17538,493,Excitatory_Neuron
17539,493,Excitatory_Neuron
17540,491,unassigned
17541,461,Astro-Epen
17542,464,Excitatory_Neuron
17543,467,Excitatory_Neuron
17544,464,Excitatory_Neuron
17545,522,Astro-Epen
17546,458,Excitatory_Neuron
17547,519,Excitatory_Neuron
17548,455,Immune
17549,477,unassigned
17550,487,Excitatory_Neuron
17551,496,Excitatory_Neuron
17552,532,unassigned
17553,504,Vascular
17554,544,Excitatory_Neuron
17555,497,GABA_Neuron
17556,463,unassigned
17557,464,Excitatory_Neuron
17558,473,GABA_Neuron
17559,455,Immune
17560,480,unassigned
17561,521,Excitatory_Neuron
17562,484,Astro-Epen
17563,496,Excitatory_Neuron
17564,504,Vascular
17565,532,unassigned
17566,504,Vascular
17567,458,Excitatory_Neuron
17568,467,Excitatory_Neuron
17569,458,Excitatory_Neuron
17570,519,Excitatory_Neuron
17571,506,Immune
17572,490,unassigned
17573,487,Excitatory_Neuron
17574,532,unassigned
17575,468,unassigned
17576,458,Excitatory_Neuron
17577,470,Excitatory_Neuron
17578,479,Excitatory_Neuron
17579,515,unassigned
17580,479,Excitatory_Neuron
17581,521,Excitatory_Neuron
17582,456,Astro-Epen
17583,506,Immune
17584,486,Excitatory_Neuron
17585,541,unassigned
17586,504,Vascular
17587,507,GABA_Neuron
17588,460,Immune
17589,545,unassigned
17590,497,GABA_Neuron
17591,527,GABA_Neuron
17592,464,Excitatory_Neuron
17593,469,unassigned
17594,477,unassigned
17595,521,Excitatory_Neuron
17596,488,GABA_Neuron
17597,493,Excitatory_Neuron
17598,493,Excitatory_Neuron
17599,504,Vascular
17600,504,Vascular
17601,472,Excitatory_Neuron
17602,473,GABA_Neuron
17603,473,GABA_Neuron
17604,455,Immune
17605,538,unassigned
17606,479,Excitatory_Neuron
17607,506,Immune
17608,486,Excitatory_Neuron
17609,460,Immune
17610,457,Immune
17611,499,unassigned
17612,514,unassigned
17613,537,unassigned
17614,469,unassigned
17615,519,Excitatory_Neuron
17616,502,Excitatory_Neuron
17617,546,unassigned
17618,455,Immune
17619,511,unassigned
17620,504,Vascular
17621,516,Astro-Epen
17622,468,unassigned
17623,473,GABA_Neuron
17624,455,Immune
17625,521,Excitatory_Neuron
17626,496,Excitatory_Neuron
17627,487,Excitatory_Neuron
17628,504,Vascular
17629,516,Astro-Epen
17630,544,Excitatory_Neuron
17631,547,unassigned
17632,468,unassigned
17633,458,Excitatory_Neuron
17634,473,GABA_Neuron
17635,540,Excitatory_Neuron
17636,455,Immune
17637,481,GABA_Neuron
17638,521,Excitatory_Neuron
17639,483,unassigned
17640,510,Excitatory_Neuron
17641,484,Astro-Epen
17642,509,unassigned
17643,496,Excitatory_Neuron
17644,460,Immune
17645,493,Excitatory_Neuron
17646,461,Astro-Epen
17647,464,Excitatory_Neuron
17648,454,unassigned
17649,464,Excitatory_Neuron
17650,537,unassigned
17651,471,Excitatory_Neuron
17652,477,unassigned
17653,484,Astro-Epen
17654,484,Astro-Epen
17655,486,Excitatory_Neuron
17656,457,Immune
17657,532,unassigned
17658,504,Vascular
17659,460,Immune
17660,461,Astro-Epen
17661,464,Excitatory_Neuron
17662,464,Excitatory_Neuron
17663,454,unassigned
17664,469,unassigned
17665,519,Excitatory_Neuron
17666,458,Excitatory_Neuron
17667,454,unassigned
17668,524,Excitatory_Neuron
17669,515,unassigned
17670,513,Excitatory_Neuron
17671,486,Excitatory_Neuron
17672,496,Excitatory_Neuron
17673,466,unassigned
17674,467,Excitatory_Neuron
17675,473,GABA_Neuron
17676,539,unassigned
17677,475,Excitatory_Neuron
17678,475,Excitatory_Neuron
17679,477,unassigned
17680,479,Excitatory_Neuron
17681,515,unassigned
17682,510,Excitatory_Neuron
17683,509,unassigned
17684,487,Excitatory_Neuron
17685,486,Excitatory_Neuron
17686,504,Vascular
17687,507,GABA_Neuron
17688,499,unassigned
17689,527,GABA_Neuron
17690,528,unassigned
17691,544,Excitatory_Neuron
17692,465,Excitatory_Neuron
17693,458,Excitatory_Neuron
17694,502,Excitatory_Neuron
17695,454,unassigned
17696,475,Excitatory_Neuron
17697,524,Excitatory_Neuron
17698,506,Immune
17699,486,Excitatory_Neuron
17700,532,unassigned
17701,504,Vascular
17702,504,Vascular
17703,469,unassigned
17704,470,Excitatory_Neuron
17705,470,Excitatory_Neuron
17706,519,Excitatory_Neuron
17707,502,Excitatory_Neuron
17708,513,Excitatory_Neuron
17709,513,Excitatory_Neuron
17710,456,Astro-Epen
17711,484,Astro-Epen
17712,509,unassigned
17713,509,unassigned
17714,511,unassigned
17715,460,Immune
17716,548,unassigned
17717,491,unassigned
17718,491,unassigned
17719,544,Excitatory_Neuron
17720,527,GABA_Neuron
17721,537,unassigned
17722,521,Excitatory_Neuron
17723,460,Immune
17724,506,Immune
17725,486,Excitatory_Neuron
17726,532,unassigned
17727,457,Immune
17728,512,unassigned
17729,462,unassigned
17730,522,Astro-Epen
17731,454,unassigned
17732,519,Excitatory_Neuron
17733,519,Excitatory_Neuron
17734,496,Excitatory_Neuron
17735,486,Excitatory_Neuron
17736,490,unassigned
17737,487,Excitatory_Neuron
17738,507,GABA_Neuron
17739,504,Vascular
17740,497,GABA_Neuron
17741,466,unassigned
17742,469,unassigned
17743,454,unassigned
17744,519,Excitatory_Neuron
17745,519,Excitatory_Neuron
17746,473,GABA_Neuron
17747,513,Excitatory_Neuron
17748,455,Immune
17749,484,Astro-Epen
17750,484,Astro-Epen
17751,521,Excitatory_Neuron
17752,509,unassigned
17753,532,unassigned
17754,504,Vascular
17755,507,GABA_Neuron
17756,512,unassigned
17757,464,Excitatory_Neuron
17758,455,Immune
17759,510,Excitatory_Neuron
17760,521,Excitatory_Neuron
17761,486,Excitatory_Neuron
17762,511,unassigned
17763,504,Vascular
17764,504,Vascular
17765,494,GABA_Neuron
17766,465,Excitatory_Neuron
17767,464,Excitatory_Neuron
17768,502,Excitatory_Neuron
17769,510,Excitatory_Neuron
17770,521,Excitatory_Neuron
17771,487,Excitatory_Neuron
17772,460,Immune
17773,460,Immune
17774,507,GABA_Neuron
17775,512,unassigned
17776,462,unassigned
17777,466,unassigned
17778,467,Excitatory_Neuron
17779,467,Excitatory_Neuron
17780,519,Excitatory_Neuron
17781,502,Excitatory_Neuron
17782,472,Excitatory_Neuron
17783,475,Excitatory_Neuron
17784,549,unassigned
17785,532,unassigned
17786,507,GABA_Neuron
17787,532,unassigned
17788,499,unassigned
17789,462,unassigned
17790,491,unassigned
17791,494,GABA_Neuron
17792,467,Excitatory_Neuron
17793,458,Excitatory_Neuron
17794,458,Excitatory_Neuron
17795,472,Excitatory_Neuron
17796,540,Excitatory_Neuron
17797,479,Excitatory_Neuron
17798,460,Immune
17799,509,unassigned
17800,516,Astro-Epen
17801,454,unassigned
17802,458,Excitatory_Neuron
17803,475,Excitatory_Neuron
17804,479,Excitatory_Neuron
17805,510,Excitatory_Neuron
17806,510,Excitatory_Neuron
17807,482,unassigned
17808,484,Astro-Epen
17809,487,Excitatory_Neuron
17810,486,Excitatory_Neuron
17811,457,Immune
17812,460,Immune
17813,464,Excitatory_Neuron
17814,458,Excitatory_Neuron
17815,502,Excitatory_Neuron
17816,540,Excitatory_Neuron
17817,475,Excitatory_Neuron
17818,513,Excitatory_Neuron
17819,487,Excitatory_Neuron
17820,512,unassigned
17821,462,unassigned
17822,455,Immune
17823,510,Excitatory_Neuron
17824,481,GABA_Neuron
17825,550,unassigned
17826,504,Vascular
17827,491,unassigned
17828,527,GABA_Neuron
17829,467,Excitatory_Neuron
17830,458,Excitatory_Neuron
17831,502,Excitatory_Neuron
17832,473,GABA_Neuron
17833,473,GABA_Neuron
17834,454,unassigned
17835,479,Excitatory_Neuron
17836,515,unassigned
17837,510,Excitatory_Neuron
17838,456,Astro-Epen
17839,456,Astro-Epen
17840,484,Astro-Epen
17841,512,unassigned
17842,458,Excitatory_Neuron
17843,510,Excitatory_Neuron
17844,510,Excitatory_Neuron
17845,460,Immune
17846,504,Vascular
17847,497,GABA_Neuron
17848,522,Astro-Epen
17849,464,Excitatory_Neuron
17850,467,Excitatory_Neuron
17851,467,Excitatory_Neuron
17852,470,Excitatory_Neuron
17853,454,unassigned
17854,475,Excitatory_Neuron
17855,479,Excitatory_Neuron
17856,483,unassigned
17857,487,Excitatory_Neuron
17858,490,unassigned
17859,460,Immune
17860,491,unassigned
17861,516,Astro-Epen
17862,462,unassigned
17863,470,Excitatory_Neuron
17864,476,unassigned
17865,479,Excitatory_Neuron
17866,538,unassigned
17867,513,Excitatory_Neuron
17868,525,Excitatory_Neuron
17869,549,unassigned
17870,484,Astro-Epen
17871,532,unassigned
17872,461,Astro-Epen
17873,458,Excitatory_Neuron
17874,458,Excitatory_Neuron
17875,475,Excitatory_Neuron
17876,479,Excitatory_Neuron
17877,475,Excitatory_Neuron
17878,479,Excitatory_Neuron
17879,524,Excitatory_Neuron
17880,477,unassigned
17881,538,unassigned
17882,481,GABA_Neuron
17883,460,Immune
17884,460,Immune
17885,497,GABA_Neuron
17886,458,Excitatory_Neuron
17887,470,Excitatory_Neuron
17888,473,GABA_Neuron
17889,513,Excitatory_Neuron
17890,479,Excitatory_Neuron
17891,455,Immune
17892,484,Astro-Epen
17893,486,Excitatory_Neuron
17894,487,Excitatory_Neuron
17895,486,Excitatory_Neuron
17896,532,unassigned
17897,499,unassigned
17898,461,Astro-Epen
17899,458,Excitatory_Neuron
17900,455,Immune
17901,521,Excitatory_Neuron
17902,506,Immune
17903,504,Vascular
17904,462,unassigned
17905,458,Excitatory_Neuron
17906,476,unassigned
17907,455,Immune
17908,481,GABA_Neuron
17909,484,Astro-Epen
17910,486,Excitatory_Neuron
17911,487,Excitatory_Neuron
17912,487,Excitatory_Neuron
17913,493,Excitatory_Neuron
17914,491,unassigned
17915,491,unassigned
17916,516,Astro-Epen
17917,458,Excitatory_Neuron
17918,494,GABA_Neuron
17919,458,Excitatory_Neuron
17920,464,Excitatory_Neuron
17921,467,Excitatory_Neuron
17922,470,Excitatory_Neuron
17923,502,Excitatory_Neuron
17924,536,Excitatory_Neuron
17925,521,Excitatory_Neuron
17926,506,Immune
17927,457,Immune
17928,486,Excitatory_Neuron
17929,488,GABA_Neuron
17930,460,Immune
17931,461,Astro-Epen
17932,494,GABA_Neuron
17933,463,unassigned
17934,464,Excitatory_Neuron
17935,522,Astro-Epen
17936,458,Excitatory_Neuron
17937,473,GABA_Neuron
17938,551,unassigned
17939,454,unassigned
17940,473,GABA_Neuron
17941,458,Excitatory_Neuron
17942,540,Excitatory_Neuron
17943,479,Excitatory_Neuron
17944,536,Excitatory_Neuron
17945,489,unassigned
17946,484,Astro-Epen
17947,487,Excitatory_Neuron
17948,457,Immune
17949,512,unassigned
17950,516,Astro-Epen
17951,516,Astro-Epen
17952,462,unassigned
17953,497,GABA_Neuron
17954,470,Excitatory_Neuron
17955,470,Excitatory_Neuron
17956,454,unassigned
17957,475,Excitatory_Neuron
17958,515,unassigned
17959,455,Immune
17960,510,Excitatory_Neuron
17961,506,Immune
17962,484,Astro-Epen
17963,550,unassigned
17964,522,Astro-Epen
17965,458,Excitatory_Neuron
17966,470,Excitatory_Neuron
17967,458,Excitatory_Neuron
17968,458,Excitatory_Neuron
17969,551,unassigned
17970,479,Excitatory_Neuron
17971,455,Immune
17972,513,Excitatory_Neuron
17973,525,Excitatory_Neuron
17974,510,Excitatory_Neuron
17975,521,Excitatory_Neuron
17976,457,Immune
17977,457,Immune
17978,497,GABA_Neuron
17979,464,Excitatory_Neuron
17980,454,unassigned
17981,467,Excitatory_Neuron
17982,458,Excitatory_Neuron
17983,540,Excitatory_Neuron
17984,540,Excitatory_Neuron
17985,536,Excitatory_Neuron
17986,552,unassigned
17987,490,unassigned
17988,457,Immune
17989,507,GABA_Neuron
17990,504,Vascular
17991,461,Astro-Epen
17992,462,unassigned
17993,462,unassigned
17994,500,unassigned
17995,494,GABA_Neuron
17996,520,unassigned
17997,527,GABA_Neuron
17998,468,unassigned
17999,553,Astro-Epen
18000,551,unassigned
18001,502,Excitatory_Neuron
18002,502,Excitatory_Neuron
18003,538,unassigned
18004,513,Excitatory_Neuron
18005,536,Excitatory_Neuron
18006,484,Astro-Epen
18007,487,Excitatory_Neuron
18008,487,Excitatory_Neuron
18009,504,Vascular
18010,504,Vascular
18011,497,GABA_Neuron
18012,497,GABA_Neuron
18013,537,unassigned
18014,470,Excitatory_Neuron
18015,551,unassigned
18016,482,unassigned
18017,481,GABA_Neuron
18018,536,Excitatory_Neuron
18019,456,Astro-Epen
18020,550,unassigned
18021,486,Excitatory_Neuron
18022,504,Vascular
18023,461,Astro-Epen
18024,500,unassigned
18025,458,Excitatory_Neuron
18026,470,Excitatory_Neuron
18027,454,unassigned
18028,551,unassigned
18029,524,Excitatory_Neuron
18030,475,Excitatory_Neuron
18031,510,Excitatory_Neuron
18032,456,Astro-Epen
18033,506,Immune
18034,499,unassigned
18035,512,unassigned
18036,464,Excitatory_Neuron
18037,479,Excitatory_Neuron
18038,540,Excitatory_Neuron
18039,455,Immune
18040,481,GABA_Neuron
18041,506,Immune
18042,512,unassigned
18043,461,Astro-Epen
18044,544,Excitatory_Neuron
18045,497,GABA_Neuron
18046,494,GABA_Neuron
18047,471,Excitatory_Neuron
18048,458,Excitatory_Neuron
18049,519,Excitatory_Neuron
18050,502,Excitatory_Neuron
18051,502,Excitatory_Neuron
18052,479,Excitatory_Neuron
18053,554,unassigned
18054,515,unassigned
18055,479,Excitatory_Neuron
18056,555,unassigned
18057,555,unassigned
18058,513,Excitatory_Neuron
18059,482,unassigned
18060,486,Excitatory_Neuron
18061,500,unassigned
18062,520,unassigned
18063,467,Excitatory_Neuron
18064,454,unassigned
18065,515,unassigned
18066,513,Excitatory_Neuron
18067,479,Excitatory_Neuron
18068,510,Excitatory_Neuron
18069,521,Excitatory_Neuron
18070,511,unassigned
18071,493,Excitatory_Neuron
18072,494,GABA_Neuron
18073,497,GABA_Neuron
18074,458,Excitatory_Neuron
18075,464,Excitatory_Neuron
18076,467,Excitatory_Neuron
18077,470,Excitatory_Neuron
18078,502,Excitatory_Neuron
18079,502,Excitatory_Neuron
18080,540,Excitatory_Neuron
18081,472,Excitatory_Neuron
18082,540,Excitatory_Neuron
18083,455,Immune
18084,515,unassigned
18085,455,Immune
18086,513,Excitatory_Neuron
18087,536,Excitatory_Neuron
18088,456,Astro-Epen
18089,483,unassigned
18090,483,unassigned
18091,550,unassigned
18092,487,Excitatory_Neuron
18093,499,unassigned
18094,491,unassigned
18095,500,unassigned
18096,454,unassigned
18097,472,Excitatory_Neuron
18098,538,unassigned
18099,525,Excitatory_Neuron
18100,513,Excitatory_Neuron
18101,455,Immune
18102,510,Excitatory_Neuron
18103,556,unassigned
18104,489,unassigned
18105,456,Astro-Epen
18106,456,Astro-Epen
18107,521,Excitatory_Neuron
18108,521,Excitatory_Neuron
18109,457,Immune
18110,457,Immune
18111,467,Excitatory_Neuron
18112,470,Excitatory_Neuron
18113,458,Excitatory_Neuron
18114,502,Excitatory_Neuron
18115,557,Excitatory_Neuron
18116,472,Excitatory_Neuron
18117,455,Immune
18118,538,unassigned
18119,455,Immune
18120,479,Excitatory_Neuron
18121,513,Excitatory_Neuron
18122,536,Excitatory_Neuron
18123,481,GABA_Neuron
18124,536,Excitatory_Neuron
18125,456,Astro-Epen
18126,506,Immune
18127,506,Immune
18128,521,Excitatory_Neuron
18129,496,Excitatory_Neuron
18130,487,Excitatory_Neuron
18131,486,Excitatory_Neuron
18132,504,Vascular
18133,544,Excitatory_Neuron
18134,516,Astro-Epen
18135,558,unassigned
18136,502,Excitatory_Neuron
18137,554,unassigned
18138,554,unassigned
18139,455,Immune
18140,457,Immune
18141,486,Excitatory_Neuron
18142,493,Excitatory_Neuron
18143,504,Vascular
18144,516,Astro-Epen
18145,497,GABA_Neuron
18146,497,GABA_Neuron
18147,467,Excitatory_Neuron
18148,553,Astro-Epen
18149,471,Excitatory_Neuron
18150,519,Excitatory_Neuron
18151,538,unassigned
18152,536,Excitatory_Neuron
18153,549,unassigned
18154,526,unassigned
18155,504,Vascular
18156,545,unassigned
18157,491,unassigned
18158,500,unassigned
18159,458,Excitatory_Neuron
18160,537,unassigned
18161,539,unassigned
18162,472,Excitatory_Neuron
18163,479,Excitatory_Neuron
18164,515,unassigned
18165,555,unassigned
18166,486,Excitatory_Neuron
18167,500,unassigned
18168,497,GABA_Neuron
18169,464,Excitatory_Neuron
18170,467,Excitatory_Neuron
18171,468,unassigned
18172,559,Excitatory_Neuron
18173,519,Excitatory_Neuron
18174,470,Excitatory_Neuron
18175,472,Excitatory_Neuron
18176,539,unassigned
18177,494,GABA_Neuron
18178,537,unassigned
18179,551,unassigned
18180,475,Excitatory_Neuron
18181,515,unassigned
18182,525,Excitatory_Neuron
18183,506,Immune
18184,494,GABA_Neuron
18185,537,unassigned
18186,468,unassigned
18187,519,Excitatory_Neuron
18188,455,Immune
18189,536,Excitatory_Neuron
18190,510,Excitatory_Neuron
18191,509,unassigned
18192,486,Excitatory_Neuron
18193,511,unassigned
18194,487,Excitatory_Neuron
18195,522,Astro-Epen
18196,519,Excitatory_Neuron
18197,472,Excitatory_Neuron
18198,479,Excitatory_Neuron
18199,479,Excitatory_Neuron
18200,549,unassigned
18201,482,unassigned
18202,549,unassigned
18203,506,Immune
18204,560,unassigned
18205,516,Astro-Epen
18206,464,Excitatory_Neuron
18207,458,Excitatory_Neuron
18208,458,Excitatory_Neuron
18209,454,unassigned
18210,472,Excitatory_Neuron
18211,513,Excitatory_Neuron
18212,510,Excitatory_Neuron
18213,506,Immune
18214,460,Immune
18215,486,Excitatory_Neuron
18216,487,Excitatory_Neuron
18217,494,GABA_Neuron
18218,494,GABA_Neuron
18219,465,Excitatory_Neuron
18220,467,Excitatory_Neuron
18221,537,unassigned
18222,540,Excitatory_Neuron
18223,479,Excitatory_Neuron
18224,513,Excitatory_Neuron
18225,555,unassigned
18226,538,unassigned
18227,536,Excitatory_Neuron
18228,506,Immune
18229,521,Excitatory_Neuron
18230,457,Immune
18231,544,Excitatory_Neuron
18232,497,GABA_Neuron
18233,467,Excitatory_Neuron
18234,467,Excitatory_Neuron
18235,540,Excitatory_Neuron
18236,475,Excitatory_Neuron
18237,515,unassigned
18238,455,Immune
18239,525,Excitatory_Neuron
18240,456,Astro-Epen
18241,456,Astro-Epen
18242,507,GABA_Neuron
18243,561,unassigned
18244,544,Excitatory_Neuron
18245,522,Astro-Epen
18246,525,Excitatory_Neuron
18247,479,Excitatory_Neuron
18248,536,Excitatory_Neuron
18249,521,Excitatory_Neuron
18250,486,Excitatory_Neuron
18251,487,Excitatory_Neuron
18252,486,Excitatory_Neuron
18253,486,Excitatory_Neuron
18254,512,unassigned
18255,516,Astro-Epen
18256,462,unassigned
18257,491,unassigned
18258,500,unassigned
18259,516,Astro-Epen
18260,497,GABA_Neuron
18261,497,GABA_Neuron
18262,465,Excitatory_Neuron
18263,537,unassigned
18264,502,Excitatory_Neuron
18265,513,Excitatory_Neuron
18266,554,unassigned
18267,525,Excitatory_Neuron
18268,489,unassigned
18269,521,Excitatory_Neuron
18270,506,Immune
18271,521,Excitatory_Neuron
18272,562,unassigned
18273,521,Excitatory_Neuron
18274,552,unassigned
18275,486,Excitatory_Neuron
18276,490,unassigned
18277,550,unassigned
18278,490,unassigned
18279,496,Excitatory_Neuron
18280,493,Excitatory_Neuron
18281,460,Immune
18282,491,unassigned
18283,464,Excitatory_Neuron
18284,519,Excitatory_Neuron
18285,558,unassigned
18286,470,Excitatory_Neuron
18287,550,unassigned
18288,460,Immune
18289,493,Excitatory_Neuron
18290,462,unassigned
18291,454,unassigned
18292,497,GABA_Neuron
18293,471,Excitatory_Neuron
18294,519,Excitatory_Neuron
18295,458,Excitatory_Neuron
18296,502,Excitatory_Neuron
18297,472,Excitatory_Neuron
18298,540,Excitatory_Neuron
18299,455,Immune
18300,455,Immune
18301,484,Astro-Epen
18302,460,Immune
18303,487,Excitatory_Neuron
18304,486,Excitatory_Neuron
18305,461,Astro-Epen
18306,500,unassigned
18307,466,unassigned
18308,470,Excitatory_Neuron
18309,458,Excitatory_Neuron
18310,551,unassigned
18311,557,Excitatory_Neuron
18312,539,unassigned
18313,479,Excitatory_Neuron
18314,549,unassigned
18315,510,Excitatory_Neuron
18316,521,Excitatory_Neuron
18317,460,Immune
18318,460,Immune
18319,516,Astro-Epen
18320,537,unassigned
18321,519,Excitatory_Neuron
18322,519,Excitatory_Neuron
18323,540,Excitatory_Neuron
18324,457,Immune
18325,493,Excitatory_Neuron
18326,493,Excitatory_Neuron
18327,461,Astro-Epen
18328,471,Excitatory_Neuron
18329,553,Astro-Epen
18330,558,unassigned
18331,479,Excitatory_Neuron
18332,486,Excitatory_Neuron
18333,493,Excitatory_Neuron
18334,457,Immune
18335,516,Astro-Epen
18336,464,Excitatory_Neuron
18337,467,Excitatory_Neuron
18338,519,Excitatory_Neuron
18339,475,Excitatory_Neuron
18340,540,Excitatory_Neuron
18341,555,unassigned
18342,536,Excitatory_Neuron
18343,493,Excitatory_Neuron
18344,486,Excitatory_Neuron
18345,493,Excitatory_Neuron
18346,563,unassigned
18347,461,Astro-Epen
18348,544,Excitatory_Neuron
18349,458,Excitatory_Neuron
18350,464,Excitatory_Neuron
18351,454,unassigned
18352,551,unassigned
18353,549,unassigned
18354,487,Excitatory_Neuron
18355,493,Excitatory_Neuron
18356,493,Excitatory_Neuron
18357,454,unassigned
18358,467,Excitatory_Neuron
18359,470,Excitatory_Neuron
18360,473,GABA_Neuron
18361,472,Excitatory_Neuron
18362,475,Excitatory_Neuron
18363,479,Excitatory_Neuron
18364,536,Excitatory_Neuron
18365,510,Excitatory_Neuron
18366,457,Immune
18367,491,unassigned
18368,494,GABA_Neuron
18369,557,Excitatory_Neuron
18370,524,Excitatory_Neuron
18371,460,Immune
18372,457,Immune
18373,564,unassigned
18374,458,Excitatory_Neuron
18375,519,Excitatory_Neuron
18376,519,Excitatory_Neuron
18377,539,unassigned
18378,479,Excitatory_Neuron
18379,513,Excitatory_Neuron
18380,479,Excitatory_Neuron
18381,475,Excitatory_Neuron
18382,536,Excitatory_Neuron
18383,456,Astro-Epen
18384,510,Excitatory_Neuron
18385,510,Excitatory_Neuron
18386,521,Excitatory_Neuron
18387,521,Excitatory_Neuron
18388,506,Immune
18389,516,Astro-Epen
18390,461,Astro-Epen
18391,540,Excitatory_Neuron
18392,540,Excitatory_Neuron
18393,515,unassigned
18394,455,Immune
18395,484,Astro-Epen
18396,487,Excitatory_Neuron
18397,490,unassigned
18398,550,unassigned
18399,486,Excitatory_Neuron
18400,457,Immune
18401,565,unassigned
18402,464,Excitatory_Neuron
18403,467,Excitatory_Neuron
18404,557,Excitatory_Neuron
18405,557,Excitatory_Neuron
18406,536,Excitatory_Neuron
18407,521,Excitatory_Neuron
18408,550,unassigned
18409,493,Excitatory_Neuron
18410,507,GABA_Neuron
18411,537,unassigned
18412,458,Excitatory_Neuron
18413,458,Excitatory_Neuron
18414,502,Excitatory_Neuron
18415,557,Excitatory_Neuron
18416,536,Excitatory_Neuron
18417,525,Excitatory_Neuron
18418,521,Excitatory_Neuron
18419,563,unassigned
18420,458,Excitatory_Neuron
18421,467,Excitatory_Neuron
18422,537,unassigned
18423,525,Excitatory_Neuron
18424,455,Immune
18425,510,Excitatory_Neuron
18426,455,Immune
18427,510,Excitatory_Neuron
18428,521,Excitatory_Neuron
18429,521,Excitatory_Neuron
18430,496,Excitatory_Neuron
18431,460,Immune
18432,511,unassigned
18433,520,unassigned
18434,471,Excitatory_Neuron
18435,558,unassigned
18436,519,Excitatory_Neuron
18437,539,unassigned
18438,555,unassigned
18439,525,Excitatory_Neuron
18440,455,Immune
18441,536,Excitatory_Neuron
18442,460,Immune
18443,487,Excitatory_Neuron
18444,487,Excitatory_Neuron
18445,486,Excitatory_Neuron
18446,493,Excitatory_Neuron
18447,516,Astro-Epen
18448,565,unassigned
18449,458,Excitatory_Neuron
18450,473,GABA_Neuron
18451,454,unassigned
18452,502,Excitatory_Neuron
18453,472,Excitatory_Neuron
18454,472,Excitatory_Neuron
18455,536,Excitatory_Neuron
18456,521,Excitatory_Neuron
18457,456,Astro-Epen
18458,460,Immune
18459,460,Immune
18460,493,Excitatory_Neuron
18461,507,GABA_Neuron
18462,454,unassigned
18463,516,Astro-Epen
18464,544,Excitatory_Neuron
18465,522,Astro-Epen
18466,519,Excitatory_Neuron
18467,470,Excitatory_Neuron
18468,475,Excitatory_Neuron
18469,510,Excitatory_Neuron
18470,510,Excitatory_Neuron
18471,506,Immune
18472,487,Excitatory_Neuron
18473,493,Excitatory_Neuron
18474,512,unassigned
18475,465,Excitatory_Neuron
18476,522,Astro-Epen
18477,527,GABA_Neuron
18478,464,Excitatory_Neuron
18479,475,Excitatory_Neuron
18480,475,Excitatory_Neuron
18481,536,Excitatory_Neuron
18482,510,Excitatory_Neuron
18483,457,Immune
18484,507,GABA_Neuron
18485,454,unassigned
18486,516,Astro-Epen
18487,522,Astro-Epen
18488,502,Excitatory_Neuron
18489,502,Excitatory_Neuron
18490,539,unassigned
18491,515,unassigned
18492,538,unassigned
18493,479,Excitatory_Neuron
18494,538,unassigned
18495,513,Excitatory_Neuron
18496,536,Excitatory_Neuron
18497,455,Immune
18498,510,Excitatory_Neuron
18499,536,Excitatory_Neuron
18500,487,Excitatory_Neuron
18501,457,Immune
18502,496,Excitatory_Neuron
18503,493,Excitatory_Neuron
18504,493,Excitatory_Neuron
18505,545,unassigned
18506,461,Astro-Epen
18507,558,unassigned
18508,473,GABA_Neuron
18509,472,Excitatory_Neuron
18510,455,Immune
18511,456,Astro-Epen
18512,552,unassigned
18513,537,unassigned
18514,475,Excitatory_Neuron
18515,566,unassigned
18516,557,Excitatory_Neuron
18517,455,Immune
18518,506,Immune
18519,493,Excitatory_Neuron
18520,493,Excitatory_Neuron
18521,560,unassigned
18522,465,Excitatory_Neuron
18523,472,Excitatory_Neuron
18524,479,Excitatory_Neuron
18525,479,Excitatory_Neuron
18526,510,Excitatory_Neuron
18527,455,Immune
18528,506,Immune
18529,511,unassigned
18530,516,Astro-Epen
18531,461,Astro-Epen
18532,519,Excitatory_Neuron
18533,454,unassigned
18534,539,unassigned
18535,540,Excitatory_Neuron
18536,479,Excitatory_Neuron
18537,521,Excitatory_Neuron
18538,521,Excitatory_Neuron
18539,567,unassigned
18540,457,Immune
18541,493,Excitatory_Neuron
18542,493,Excitatory_Neuron
18543,568,unassigned
18544,458,Excitatory_Neuron
18545,519,Excitatory_Neuron
18546,540,Excitatory_Neuron
18547,538,unassigned
18548,475,Excitatory_Neuron
18549,481,GABA_Neuron
18550,455,Immune
18551,536,Excitatory_Neuron
18552,454,unassigned
18553,519,Excitatory_Neuron
18554,519,Excitatory_Neuron
18555,539,unassigned
18556,557,Excitatory_Neuron
18557,540,Excitatory_Neuron
18558,557,Excitatory_Neuron
18559,455,Immune
18560,513,Excitatory_Neuron
18561,455,Immune
18562,487,Excitatory_Neuron
18563,486,Excitatory_Neuron
18564,568,unassigned
18565,462,unassigned
18566,465,Excitatory_Neuron
18567,470,Excitatory_Neuron
18568,569,unassigned
18569,558,unassigned
18570,519,Excitatory_Neuron
18571,455,Immune
18572,536,Excitatory_Neuron
18573,567,unassigned
18574,467,Excitatory_Neuron
18575,458,Excitatory_Neuron
18576,553,Astro-Epen
18577,551,unassigned
18578,502,Excitatory_Neuron
18579,458,Excitatory_Neuron
18580,566,unassigned
18581,513,Excitatory_Neuron
18582,550,unassigned
18583,550,unassigned
18584,487,Excitatory_Neuron
18585,487,Excitatory_Neuron
18586,511,unassigned
18587,493,Excitatory_Neuron
18588,512,unassigned
18589,497,GABA_Neuron
18590,513,Excitatory_Neuron
18591,455,Immune
18592,513,Excitatory_Neuron
18593,521,Excitatory_Neuron
18594,552,unassigned
18595,496,Excitatory_Neuron
18596,486,Excitatory_Neuron
18597,496,Excitatory_Neuron
18598,457,Immune
18599,486,Excitatory_Neuron
18600,465,Excitatory_Neuron
18601,502,Excitatory_Neuron
18602,557,Excitatory_Neuron
18603,557,Excitatory_Neuron
18604,540,Excitatory_Neuron
18605,539,unassigned
18606,536,Excitatory_Neuron
18607,552,unassigned
18608,511,unassigned
18609,486,Excitatory_Neuron
18610,512,unassigned
18611,458,Excitatory_Neuron
18612,494,GABA_Neuron
18613,522,Astro-Epen
18614,559,Excitatory_Neuron
18615,524,Excitatory_Neuron
18616,455,Immune
18617,549,unassigned
18618,536,Excitatory_Neuron
18619,552,unassigned
18620,457,Immune
18621,568,unassigned
18622,537,unassigned
18623,467,Excitatory_Neuron
18624,519,Excitatory_Neuron
18625,519,Excitatory_Neuron
18626,473,GABA_Neuron
18627,475,Excitatory_Neuron
18628,513,Excitatory_Neuron
18629,479,Excitatory_Neuron
18630,455,Immune
18631,536,Excitatory_Neuron
18632,536,Excitatory_Neuron
18633,460,Immune
18634,511,unassigned
18635,522,Astro-Epen
18636,569,unassigned
18637,519,Excitatory_Neuron
18638,536,Excitatory_Neuron
18639,552,unassigned
18640,512,unassigned
18641,462,unassigned
18642,458,Excitatory_Neuron
18643,516,Astro-Epen
18644,458,Excitatory_Neuron
18645,458,Excitatory_Neuron
18646,470,Excitatory_Neuron
18647,519,Excitatory_Neuron
18648,472,Excitatory_Neuron
18649,539,unassigned
18650,536,Excitatory_Neuron
18651,536,Excitatory_Neuron
18652,521,Excitatory_Neuron
18653,570,unassigned
18654,569,unassigned
18655,557,Excitatory_Neuron
18656,475,Excitatory_Neuron
18657,556,unassigned
18658,506,Immune
18659,460,Immune
18660,550,unassigned
18661,570,unassigned
18662,550,unassigned
18663,568,unassigned
18664,471,Excitatory_Neuron
18665,471,Excitatory_Neuron
18666,558,unassigned
18667,519,Excitatory_Neuron
18668,539,unassigned
18669,557,Excitatory_Neuron
18670,557,Excitatory_Neuron
18671,539,unassigned
18672,538,unassigned
18673,460,Immune
18674,493,Excitatory_Neuron
18675,544,Excitatory_Neuron
18676,454,unassigned
18677,458,Excitatory_Neuron
18678,519,Excitatory_Neuron
18679,519,Excitatory_Neuron
18680,571,Excitatory_Neuron
18681,475,Excitatory_Neuron
18682,455,Immune
18683,521,Excitatory_Neuron
18684,486,Excitatory_Neuron
18685,504,Vascular
18686,572,unassigned
18687,458,Excitatory_Neuron
18688,494,GABA_Neuron
18689,471,Excitatory_Neuron
18690,559,Excitatory_Neuron
18691,519,Excitatory_Neuron
18692,479,Excitatory_Neuron
18693,506,Immune
18694,521,Excitatory_Neuron
18695,507,GABA_Neuron
18696,467,Excitatory_Neuron
18697,468,unassigned
18698,464,Excitatory_Neuron
18699,519,Excitatory_Neuron
18700,539,unassigned
18701,540,Excitatory_Neuron
18702,513,Excitatory_Neuron
18703,513,Excitatory_Neuron
18704,486,Excitatory_Neuron
18705,553,Astro-Epen
18706,458,Excitatory_Neuron
18707,470,Excitatory_Neuron
18708,502,Excitatory_Neuron
18709,539,unassigned
18710,455,Immune
18711,570,unassigned
18712,507,GABA_Neuron
18713,493,Excitatory_Neuron
18714,462,unassigned
18715,458,Excitatory_Neuron
18716,559,Excitatory_Neuron
18717,519,Excitatory_Neuron
18718,571,Excitatory_Neuron
18719,557,Excitatory_Neuron
18720,539,unassigned
18721,513,Excitatory_Neuron
18722,510,Excitatory_Neuron
18723,510,Excitatory_Neuron
18724,550,unassigned
18725,521,Excitatory_Neuron
18726,493,Excitatory_Neuron
18727,493,Excitatory_Neuron
18728,504,Vascular
18729,458,Excitatory_Neuron
18730,471,Excitatory_Neuron
18731,553,Astro-Epen
18732,519,Excitatory_Neuron
18733,473,GABA_Neuron
18734,502,Excitatory_Neuron
18735,556,unassigned
18736,573,unassigned
18737,506,Immune
18738,565,unassigned
18739,522,Astro-Epen
18740,454,unassigned
18741,559,Excitatory_Neuron
18742,524,Excitatory_Neuron
18743,557,Excitatory_Neuron
18744,549,unassigned
18745,521,Excitatory_Neuron
18746,521,Excitatory_Neuron
18747,493,Excitatory_Neuron
18748,458,Excitatory_Neuron
18749,458,Excitatory_Neuron
18750,464,Excitatory_Neuron
18751,471,Excitatory_Neuron
18752,539,unassigned
18753,473,GABA_Neuron
18754,540,Excitatory_Neuron
18755,540,Excitatory_Neuron
18756,479,Excitatory_Neuron
18757,521,Excitatory_Neuron
18758,457,Immune
18759,486,Excitatory_Neuron
18760,504,Vascular
18761,493,Excitatory_Neuron
18762,559,Excitatory_Neuron
18763,454,unassigned
18764,519,Excitatory_Neuron
18765,472,Excitatory_Neuron
18766,571,Excitatory_Neuron
18767,557,Excitatory_Neuron
18768,539,unassigned
18769,557,Excitatory_Neuron
18770,479,Excitatory_Neuron
18771,475,Excitatory_Neuron
18772,479,Excitatory_Neuron
18773,536,Excitatory_Neuron
18774,521,Excitatory_Neuron
18775,574,unassigned
18776,550,unassigned
18777,500,unassigned
18778,537,unassigned
18779,571,Excitatory_Neuron
18780,555,unassigned
18781,475,Excitatory_Neuron
18782,455,Immune
18783,487,Excitatory_Neuron
18784,550,unassigned
18785,457,Immune
18786,494,GABA_Neuron
18787,464,Excitatory_Neuron
18788,465,Excitatory_Neuron
18789,471,Excitatory_Neuron
18790,549,unassigned
18791,521,Excitatory_Neuron
18792,460,Immune
18793,460,Immune
18794,457,Immune
18795,493,Excitatory_Neuron
18796,504,Vascular
18797,500,unassigned
18798,519,Excitatory_Neuron
18799,458,Excitatory_Neuron
18800,475,Excitatory_Neuron
18801,455,Immune
18802,455,Immune
18803,455,Immune
18804,521,Excitatory_Neuron
18805,487,Excitatory_Neuron
18806,493,Excitatory_Neuron
18807,493,Excitatory_Neuron
18808,464,Excitatory_Neuron
18809,458,Excitatory_Neuron
18810,502,Excitatory_Neuron
18811,539,unassigned
18812,536,Excitatory_Neuron
18813,521,Excitatory_Neuron
18814,521,Excitatory_Neuron
18815,465,Excitatory_Neuron
18816,454,unassigned
18817,464,Excitatory_Neuron
18818,519,Excitatory_Neuron
18819,525,Excitatory_Neuron
18820,556,unassigned
18821,479,Excitatory_Neuron
18822,525,Excitatory_Neuron
18823,525,Excitatory_Neuron
18824,455,Immune
18825,575,GABA_Neuron
18826,506,Immune
18827,460,Immune
18828,506,Immune
18829,506,Immune
18830,462,unassigned
18831,565,unassigned
18832,458,Excitatory_Neuron
18833,494,GABA_Neuron
18834,519,Excitatory_Neuron
18835,555,unassigned
18836,455,Immune
18837,455,Immune
18838,454,unassigned
18839,487,Excitatory_Neuron
18840,560,unassigned
18841,522,Astro-Epen
18842,559,Excitatory_Neuron
18843,571,Excitatory_Neuron
18844,536,Excitatory_Neuron
18845,536,Excitatory_Neuron
18846,460,Immune
18847,460,Immune
18848,506,Immune
18849,462,unassigned
18850,522,Astro-Epen
18851,537,unassigned
18852,553,Astro-Epen
18853,558,unassigned
18854,472,Excitatory_Neuron
18855,539,unassigned
18856,539,unassigned
18857,539,unassigned
18858,576,Excitatory_Neuron
18859,455,Immune
18860,549,unassigned
18861,552,unassigned
18862,486,Excitatory_Neuron
18863,486,Excitatory_Neuron
18864,490,unassigned
18865,577,unassigned
18866,494,GABA_Neuron
18867,522,Astro-Epen
18868,464,Excitatory_Neuron
18869,470,Excitatory_Neuron
18870,539,unassigned
18871,539,unassigned
18872,475,Excitatory_Neuron
18873,555,unassigned
18874,540,Excitatory_Neuron
18875,576,Excitatory_Neuron
18876,525,Excitatory_Neuron
18877,536,Excitatory_Neuron
18878,455,Immune
18879,549,unassigned
18880,549,unassigned
18881,455,Immune
18882,575,GABA_Neuron
18883,506,Immune
18884,460,Immune
18885,506,Immune
18886,550,unassigned
18887,516,Astro-Epen
18888,458,Excitatory_Neuron
18889,553,Astro-Epen
18890,557,Excitatory_Neuron
18891,556,unassigned
18892,549,unassigned
18893,460,Immune
18894,521,Excitatory_Neuron
18895,516,Astro-Epen
18896,522,Astro-Epen
18897,464,Excitatory_Neuron
18898,537,unassigned
18899,558,unassigned
18900,519,Excitatory_Neuron
18901,472,Excitatory_Neuron
18902,475,Excitatory_Neuron
18903,573,unassigned
18904,486,Excitatory_Neuron
18905,527,GABA_Neuron
18906,522,Astro-Epen
18907,465,Excitatory_Neuron
18908,537,unassigned
18909,467,Excitatory_Neuron
18910,458,Excitatory_Neuron
18911,553,Astro-Epen
18912,470,Excitatory_Neuron
18913,558,unassigned
18914,557,Excitatory_Neuron
18915,524,Excitatory_Neuron
18916,521,Excitatory_Neuron
18917,506,Immune
18918,506,Immune
18919,496,Excitatory_Neuron
18920,462,unassigned
18921,516,Astro-Epen
18922,544,Excitatory_Neuron
18923,537,unassigned
18924,519,Excitatory_Neuron
18925,472,Excitatory_Neuron
18926,536,Excitatory_Neuron
18927,536,Excitatory_Neuron
18928,536,Excitatory_Neuron
18929,521,Excitatory_Neuron
18930,487,Excitatory_Neuron
18931,493,Excitatory_Neuron
18932,486,Excitatory_Neuron
18933,458,Excitatory_Neuron
18934,471,Excitatory_Neuron
18935,470,Excitatory_Neuron
18936,557,Excitatory_Neuron
18937,557,Excitatory_Neuron
18938,557,Excitatory_Neuron
18939,455,Immune
18940,460,Immune
18941,481,GABA_Neuron
18942,506,Immune
18943,552,unassigned
18944,460,Immune
18945,512,unassigned
18946,565,unassigned
18947,522,Astro-Epen
18948,458,Excitatory_Neuron
18949,553,Astro-Epen
18950,458,Excitatory_Neuron
18951,524,Excitatory_Neuron
18952,539,unassigned
18953,578,unassigned
18954,536,Excitatory_Neuron
18955,579,unassigned
18956,496,Excitatory_Neuron
18957,457,Immune
18958,457,Immune
18959,522,Astro-Epen
18960,458,Excitatory_Neuron
18961,458,Excitatory_Neuron
18962,473,GABA_Neuron
18963,555,unassigned
18964,540,Excitatory_Neuron
18965,455,Immune
18966,555,unassigned
18967,455,Immune
18968,455,Immune
18969,493,Excitatory_Neuron
18970,467,Excitatory_Neuron
18971,553,Astro-Epen
18972,557,Excitatory_Neuron
18973,538,unassigned
18974,557,Excitatory_Neuron
18975,458,Excitatory_Neuron
18976,556,unassigned
18977,556,unassigned
18978,513,Excitatory_Neuron
18979,549,unassigned
18980,455,Immune
18981,460,Immune
18982,506,Immune
18983,552,unassigned
18984,486,Excitatory_Neuron
18985,486,Excitatory_Neuron
18986,493,Excitatory_Neuron
18987,537,unassigned
18988,519,Excitatory_Neuron
18989,473,GABA_Neuron
18990,513,Excitatory_Neuron
18991,555,unassigned
18992,521,Excitatory_Neuron
18993,521,Excitatory_Neuron
18994,579,unassigned
18995,552,unassigned
18996,521,Excitatory_Neuron
18997,560,unassigned
18998,494,GABA_Neuron
18999,458,Excitatory_Neuron
19000,522,Astro-Epen
19001,458,Excitatory_Neuron
19002,458,Excitatory_Neuron
19003,458,Excitatory_Neuron
19004,472,Excitatory_Neuron
19005,576,Excitatory_Neuron
19006,455,Immune
19007,536,Excitatory_Neuron
19008,496,Excitatory_Neuron
19009,460,Immune
19010,516,Astro-Epen
19011,464,Excitatory_Neuron
19012,465,Excitatory_Neuron
19013,467,Excitatory_Neuron
19014,458,Excitatory_Neuron
19015,470,Excitatory_Neuron
19016,557,Excitatory_Neuron
19017,475,Excitatory_Neuron
19018,455,Immune
19019,510,Excitatory_Neuron
19020,454,unassigned
19021,570,unassigned
19022,460,Immune
19023,504,Vascular
19024,568,unassigned
19025,522,Astro-Epen
19026,458,Excitatory_Neuron
19027,537,unassigned
19028,458,Excitatory_Neuron
19029,573,unassigned
19030,536,Excitatory_Neuron
19031,521,Excitatory_Neuron
19032,552,unassigned
19033,496,Excitatory_Neuron
19034,552,unassigned
19035,487,Excitatory_Neuron
19036,460,Immune
19037,460,Immune
19038,461,Astro-Epen
19039,544,Excitatory_Neuron
19040,465,Excitatory_Neuron
19041,559,Excitatory_Neuron
19042,467,Excitatory_Neuron
19043,471,Excitatory_Neuron
19044,458,Excitatory_Neuron
19045,539,unassigned
19046,580,unassigned
19047,455,Immune
19048,525,Excitatory_Neuron
19049,455,Immune
19050,455,Immune
19051,521,Excitatory_Neuron
19052,486,Excitatory_Neuron
19053,552,unassigned
19054,460,Immune
19055,467,Excitatory_Neuron
19056,558,unassigned
19057,525,Excitatory_Neuron
19058,496,Excitatory_Neuron
19059,574,unassigned
19060,522,Astro-Epen
19061,527,GABA_Neuron
19062,465,Excitatory_Neuron
19063,559,Excitatory_Neuron
19064,553,Astro-Epen
19065,558,unassigned
19066,558,unassigned
19067,454,unassigned
19068,519,Excitatory_Neuron
19069,472,Excitatory_Neuron
19070,557,Excitatory_Neuron
19071,557,Excitatory_Neuron
19072,521,Excitatory_Neuron
19073,487,Excitatory_Neuron
19074,496,Excitatory_Neuron
19075,574,unassigned
19076,570,unassigned
19077,493,Excitatory_Neuron
19078,512,unassigned
19079,516,Astro-Epen
19080,467,Excitatory_Neuron
19081,558,unassigned
19082,553,Astro-Epen
19083,557,Excitatory_Neuron
19084,472,Excitatory_Neuron
19085,475,Excitatory_Neuron
19086,479,Excitatory_Neuron
19087,525,Excitatory_Neuron
19088,521,Excitatory_Neuron
19089,552,unassigned
19090,552,unassigned
19091,552,unassigned
19092,544,Excitatory_Neuron
19093,544,Excitatory_Neuron
19094,465,Excitatory_Neuron
19095,458,Excitatory_Neuron
19096,559,Excitatory_Neuron
19097,473,GABA_Neuron
19098,475,Excitatory_Neuron
19099,555,unassigned
19100,580,unassigned
19101,455,Immune
19102,455,Immune
19103,556,unassigned
19104,536,Excitatory_Neuron
19105,552,unassigned
19106,550,unassigned
19107,522,Astro-Epen
19108,471,Excitatory_Neuron
19109,467,Excitatory_Neuron
19110,553,Astro-Epen
19111,470,Excitatory_Neuron
19112,519,Excitatory_Neuron
19113,479,Excitatory_Neuron
19114,525,Excitatory_Neuron
19115,521,Excitatory_Neuron
19116,574,unassigned
19117,486,Excitatory_Neuron
19118,460,Immune
19119,512,unassigned
19120,494,GABA_Neuron
19121,565,unassigned
19122,544,Excitatory_Neuron
19123,522,Astro-Epen
19124,464,Excitatory_Neuron
19125,580,unassigned
19126,479,Excitatory_Neuron
19127,455,Immune
19128,556,unassigned
19129,552,unassigned
19130,457,Immune
19131,550,unassigned
19132,460,Immune
19133,486,Excitatory_Neuron
19134,545,unassigned
19135,544,Excitatory_Neuron
19136,522,Astro-Epen
19137,458,Excitatory_Neuron
19138,471,Excitatory_Neuron
19139,519,Excitatory_Neuron
19140,473,GABA_Neuron
19141,557,Excitatory_Neuron
19142,580,unassigned
19143,580,unassigned
19144,556,unassigned
19145,525,Excitatory_Neuron
19146,573,unassigned
19147,521,Excitatory_Neuron
19148,521,Excitatory_Neuron
19149,506,Immune
19150,550,unassigned
19151,486,Excitatory_Neuron
19152,460,Immune
19153,512,unassigned
19154,500,unassigned
19155,522,Astro-Epen
19156,540,Excitatory_Neuron
19157,540,Excitatory_Neuron
19158,557,Excitatory_Neuron
19159,536,Excitatory_Neuron
19160,575,GABA_Neuron
19161,550,unassigned
19162,521,Excitatory_Neuron
19163,487,Excitatory_Neuron
19164,460,Immune
19165,570,unassigned
19166,544,Excitatory_Neuron
19167,522,Astro-Epen
19168,522,Astro-Epen
19169,559,Excitatory_Neuron
19170,558,unassigned
19171,473,GABA_Neuron
19172,539,unassigned
19173,540,Excitatory_Neuron
19174,557,Excitatory_Neuron
19175,455,Immune
19176,455,Immune
19177,536,Excitatory_Neuron
19178,536,Excitatory_Neuron
19179,521,Excitatory_Neuron
19180,487,Excitatory_Neuron
19181,487,Excitatory_Neuron
19182,486,Excitatory_Neuron
19183,486,Excitatory_Neuron
19184,491,unassigned
19185,522,Astro-Epen
19186,553,Astro-Epen
19187,454,unassigned
19188,473,GABA_Neuron
19189,557,Excitatory_Neuron
19190,580,unassigned
19191,455,Immune
19192,525,Excitatory_Neuron
19193,525,Excitatory_Neuron
19194,455,Immune
19195,521,Excitatory_Neuron
19196,490,unassigned
19197,457,Immune
19198,458,Excitatory_Neuron
19199,465,Excitatory_Neuron
19200,465,Excitatory_Neuron
19201,559,Excitatory_Neuron
19202,472,Excitatory_Neuron
19203,540,Excitatory_Neuron
19204,525,Excitatory_Neuron
19205,455,Immune
19206,536,Excitatory_Neuron
19207,536,Excitatory_Neuron
19208,455,Immune
19209,455,Immune
19210,521,Excitatory_Neuron
19211,460,Immune
19212,552,unassigned
19213,460,Immune
19214,504,Vascular
19215,522,Astro-Epen
19216,522,Astro-Epen
19217,471,Excitatory_Neuron
19218,454,unassigned
19219,540,Excitatory_Neuron
19220,455,Immune
19221,536,Excitatory_Neuron
19222,521,Excitatory_Neuron
19223,553,Astro-Epen
19224,458,Excitatory_Neuron
19225,539,unassigned
19226,525,Excitatory_Neuron
19227,525,Excitatory_Neuron
19228,550,unassigned
19229,581,unassigned
19230,545,unassigned
19231,582,unassigned
19232,583,unassigned
19233,471,Excitatory_Neuron
19234,454,unassigned
19235,584,Excitatory_Neuron
19236,519,Excitatory_Neuron
19237,472,Excitatory_Neuron
19238,475,Excitatory_Neuron
19239,585,unassigned
19240,525,Excitatory_Neuron
19241,460,Immune
19242,512,unassigned
19243,544,Excitatory_Neuron
19244,544,Excitatory_Neuron
19245,475,Excitatory_Neuron
19246,580,unassigned
19247,455,Immune
19248,455,Immune
19249,455,Immune
19250,570,unassigned
19251,493,Excitatory_Neuron
19252,522,Astro-Epen
19253,544,Excitatory_Neuron
19254,522,Astro-Epen
19255,522,Astro-Epen
19256,558,unassigned
19257,586,unassigned
19258,540,Excitatory_Neuron
19259,475,Excitatory_Neuron
19260,573,unassigned
19261,455,Immune
19262,575,GABA_Neuron
19263,521,Excitatory_Neuron
19264,493,Excitatory_Neuron
19265,545,unassigned
19266,544,Excitatory_Neuron
19267,544,Excitatory_Neuron
19268,470,Excitatory_Neuron
19269,557,Excitatory_Neuron
19270,513,Excitatory_Neuron
19271,556,unassigned
19272,513,Excitatory_Neuron
19273,573,unassigned
19274,536,Excitatory_Neuron
19275,510,Excitatory_Neuron
19276,521,Excitatory_Neuron
19277,521,Excitatory_Neuron
19278,521,Excitatory_Neuron
19279,487,Excitatory_Neuron
19280,550,unassigned
19281,570,unassigned
19282,493,Excitatory_Neuron
19283,493,Excitatory_Neuron
19284,553,Astro-Epen
19285,587,unassigned
19286,557,Excitatory_Neuron
19287,585,unassigned
19288,455,Immune
19289,457,Immune
19290,506,Immune
19291,550,unassigned
19292,550,unassigned
19293,487,Excitatory_Neuron
19294,583,unassigned
19295,527,GABA_Neuron
19296,494,GABA_Neuron
19297,494,GABA_Neuron
19298,544,Excitatory_Neuron
19299,494,GABA_Neuron
19300,522,Astro-Epen
19301,465,Excitatory_Neuron
19302,471,Excitatory_Neuron
19303,553,Astro-Epen
19304,472,Excitatory_Neuron
19305,573,unassigned
19306,521,Excitatory_Neuron
19307,512,unassigned
19308,577,unassigned
19309,516,Astro-Epen
19310,465,Excitatory_Neuron
19311,494,GABA_Neuron
19312,494,GABA_Neuron
19313,539,unassigned
19314,525,Excitatory_Neuron
19315,487,Excitatory_Neuron
19316,460,Immune
19317,487,Excitatory_Neuron
19318,494,GABA_Neuron
19319,494,GABA_Neuron
19320,458,Excitatory_Neuron
19321,470,Excitatory_Neuron
19322,569,unassigned
19323,587,unassigned
19324,458,Excitatory_Neuron
19325,586,unassigned
19326,557,Excitatory_Neuron
19327,525,Excitatory_Neuron
19328,455,Immune
19329,460,Immune
19330,521,Excitatory_Neuron
19331,522,Astro-Epen
19332,580,unassigned
19333,525,Excitatory_Neuron
19334,556,unassigned
19335,510,Excitatory_Neuron
19336,506,Immune
19337,454,unassigned
19338,521,Excitatory_Neuron
19339,496,Excitatory_Neuron
19340,550,unassigned
19341,493,Excitatory_Neuron
19342,507,GABA_Neuron
19343,527,GABA_Neuron
19344,522,Astro-Epen
19345,471,Excitatory_Neuron
19346,569,unassigned
19347,557,Excitatory_Neuron
19348,538,unassigned
19349,479,Excitatory_Neuron
19350,536,Excitatory_Neuron
19351,521,Excitatory_Neuron
19352,575,GABA_Neuron
19353,575,GABA_Neuron
19354,496,Excitatory_Neuron
19355,507,GABA_Neuron
19356,545,unassigned
19357,494,GABA_Neuron
19358,544,Excitatory_Neuron
19359,458,Excitatory_Neuron
19360,557,Excitatory_Neuron
19361,536,Excitatory_Neuron
19362,521,Excitatory_Neuron
19363,454,unassigned
19364,486,Excitatory_Neuron
19365,457,Immune
19366,565,unassigned
19367,464,Excitatory_Neuron
19368,584,Excitatory_Neuron
19369,475,Excitatory_Neuron
19370,539,unassigned
19371,455,Immune
19372,555,unassigned
19373,556,unassigned
19374,525,Excitatory_Neuron
19375,552,unassigned
19376,487,Excitatory_Neuron
19377,460,Immune
19378,486,Excitatory_Neuron
19379,574,unassigned
19380,512,unassigned
19381,460,Immune
19382,493,Excitatory_Neuron
19383,465,Excitatory_Neuron
19384,539,unassigned
19385,455,Immune
19386,455,Immune
19387,550,unassigned
19388,457,Immune
19389,574,unassigned
19390,507,GABA_Neuron
19391,467,Excitatory_Neuron
19392,569,unassigned
19393,569,unassigned
19394,454,unassigned
19395,558,unassigned
19396,470,Excitatory_Neuron
19397,588,Excitatory_Neuron
19398,475,Excitatory_Neuron
19399,455,Immune
19400,513,Excitatory_Neuron
19401,513,Excitatory_Neuron
19402,455,Immune
19403,455,Immune
19404,510,Excitatory_Neuron
19405,525,Excitatory_Neuron
19406,552,unassigned
19407,506,Immune
19408,465,Excitatory_Neuron
19409,467,Excitatory_Neuron
19410,587,unassigned
19411,472,Excitatory_Neuron
19412,571,Excitatory_Neuron
19413,540,Excitatory_Neuron
19414,513,Excitatory_Neuron
19415,479,Excitatory_Neuron
19416,536,Excitatory_Neuron
19417,455,Immune
19418,575,GABA_Neuron
19419,521,Excitatory_Neuron
19420,521,Excitatory_Neuron
19421,487,Excitatory_Neuron
19422,487,Excitatory_Neuron
19423,522,Astro-Epen
19424,465,Excitatory_Neuron
19425,559,Excitatory_Neuron
19426,473,GABA_Neuron
19427,455,Immune
19428,525,Excitatory_Neuron
19429,525,Excitatory_Neuron
19430,460,Immune
19431,550,unassigned
19432,461,Astro-Epen
19433,582,unassigned
19434,465,Excitatory_Neuron
19435,454,unassigned
19436,472,Excitatory_Neuron
19437,455,Immune
19438,496,Excitatory_Neuron
19439,521,Excitatory_Neuron
19440,552,unassigned
19441,570,unassigned
19442,544,Excitatory_Neuron
19443,569,unassigned
19444,569,unassigned
19445,589,unassigned
19446,519,Excitatory_Neuron
19447,557,Excitatory_Neuron
19448,557,Excitatory_Neuron
19449,539,unassigned
19450,536,Excitatory_Neuron
19451,521,Excitatory_Neuron
19452,521,Excitatory_Neuron
19453,486,Excitatory_Neuron
19454,568,unassigned
19455,464,Excitatory_Neuron
19456,454,unassigned
19457,519,Excitatory_Neuron
19458,470,Excitatory_Neuron
19459,470,Excitatory_Neuron
19460,586,unassigned
19461,513,Excitatory_Neuron
19462,521,Excitatory_Neuron
19463,506,Immune
19464,507,GABA_Neuron
19465,493,Excitatory_Neuron
19466,457,Immune
19467,522,Astro-Epen
19468,553,Astro-Epen
19469,467,Excitatory_Neuron
19470,569,unassigned
19471,471,Excitatory_Neuron
19472,558,unassigned
19473,571,Excitatory_Neuron
19474,586,unassigned
19475,557,Excitatory_Neuron
19476,472,Excitatory_Neuron
19477,525,Excitatory_Neuron
19478,460,Immune
19479,521,Excitatory_Neuron
19480,457,Immune
19481,550,unassigned
19482,550,unassigned
19483,574,unassigned
19484,457,Immune
19485,493,Excitatory_Neuron
19486,507,GABA_Neuron
19487,465,Excitatory_Neuron
19488,467,Excitatory_Neuron
19489,470,Excitatory_Neuron
19490,571,Excitatory_Neuron
19491,586,unassigned
19492,472,Excitatory_Neuron
19493,513,Excitatory_Neuron
19494,521,Excitatory_Neuron
19495,506,Immune
19496,550,unassigned
19497,471,Excitatory_Neuron
19498,540,Excitatory_Neuron
19499,472,Excitatory_Neuron
19500,580,unassigned
19501,455,Immune
19502,525,Excitatory_Neuron
19503,455,Immune
19504,506,Immune
19505,496,Excitatory_Neuron
19506,570,unassigned
19507,560,unassigned
19508,527,GABA_Neuron
19509,527,GABA_Neuron
19510,470,Excitatory_Neuron
19511,553,Astro-Epen
19512,454,unassigned
19513,589,unassigned
19514,586,unassigned
19515,557,Excitatory_Neuron
19516,557,Excitatory_Neuron
19517,472,Excitatory_Neuron
19518,510,Excitatory_Neuron
19519,455,Immune
19520,486,Excitatory_Neuron
19521,507,GABA_Neuron
19522,462,unassigned
19523,465,Excitatory_Neuron
19524,522,Astro-Epen
19525,464,Excitatory_Neuron
19526,553,Astro-Epen
19527,553,Astro-Epen
19528,470,Excitatory_Neuron
19529,519,Excitatory_Neuron
19530,471,Excitatory_Neuron
19531,571,Excitatory_Neuron
19532,472,Excitatory_Neuron
19533,472,Excitatory_Neuron
19534,557,Excitatory_Neuron
19535,472,Excitatory_Neuron
19536,475,Excitatory_Neuron
19537,455,Immune
19538,525,Excitatory_Neuron
19539,521,Excitatory_Neuron
19540,506,Immune
19541,496,Excitatory_Neuron
19542,570,unassigned
19543,570,unassigned
19544,522,Astro-Epen
19545,569,unassigned
19546,586,unassigned
19547,519,Excitatory_Neuron
19548,472,Excitatory_Neuron
19549,576,Excitatory_Neuron
19550,540,Excitatory_Neuron
19551,536,Excitatory_Neuron
19552,460,Immune
19553,506,Immune
19554,487,Excitatory_Neuron
19555,487,Excitatory_Neuron
19556,493,Excitatory_Neuron
19557,465,Excitatory_Neuron
19558,465,Excitatory_Neuron
19559,458,Excitatory_Neuron
19560,454,unassigned
19561,472,Excitatory_Neuron
19562,557,Excitatory_Neuron
19563,557,Excitatory_Neuron
19564,525,Excitatory_Neuron
19565,552,unassigned
19566,457,Immune
19567,574,unassigned
19568,590,unassigned
19569,494,GABA_Neuron
19570,454,unassigned
19571,454,unassigned
19572,519,Excitatory_Neuron
19573,472,Excitatory_Neuron
19574,536,Excitatory_Neuron
19575,556,unassigned
19576,525,Excitatory_Neuron
19577,525,Excitatory_Neuron
19578,525,Excitatory_Neuron
19579,487,Excitatory_Neuron
19580,570,unassigned
19581,545,unassigned
19582,591,unassigned
19583,553,Astro-Epen
19584,471,Excitatory_Neuron
19585,470,Excitatory_Neuron
19586,471,Excitatory_Neuron
19587,550,unassigned
19588,458,Excitatory_Neuron
19589,569,unassigned
19590,454,unassigned
19591,557,Excitatory_Neuron
19592,513,Excitatory_Neuron
19593,525,Excitatory_Neuron
19594,513,Excitatory_Neuron
19595,521,Excitatory_Neuron
19596,486,Excitatory_Neuron
19597,486,Excitatory_Neuron
19598,574,unassigned
19599,504,Vascular
19600,504,Vascular
19601,516,Astro-Epen
19602,587,unassigned
19603,467,Excitatory_Neuron
19604,571,Excitatory_Neuron
19605,586,unassigned
19606,592,unassigned
19607,455,Immune
19608,575,GABA_Neuron
19609,536,Excitatory_Neuron
19610,552,unassigned
19611,574,unassigned
19612,494,GABA_Neuron
19613,494,GABA_Neuron
19614,553,Astro-Epen
19615,553,Astro-Epen
19616,559,Excitatory_Neuron
19617,569,unassigned
19618,553,Astro-Epen
19619,479,Excitatory_Neuron
19620,549,unassigned
19621,536,Excitatory_Neuron
19622,455,Immune
19623,521,Excitatory_Neuron
19624,521,Excitatory_Neuron
19625,486,Excitatory_Neuron
19626,461,Astro-Epen
19627,467,Excitatory_Neuron
19628,569,unassigned
19629,470,Excitatory_Neuron
19630,519,Excitatory_Neuron
19631,455,Immune
19632,455,Immune
19633,487,Excitatory_Neuron
19634,550,unassigned
19635,496,Excitatory_Neuron
19636,457,Immune
19637,493,Excitatory_Neuron
19638,516,Astro-Epen
19639,522,Astro-Epen
19640,458,Excitatory_Neuron
19641,471,Excitatory_Neuron
19642,470,Excitatory_Neuron
19643,472,Excitatory_Neuron
19644,472,Excitatory_Neuron
19645,472,Excitatory_Neuron
19646,455,Immune
19647,455,Immune
19648,549,unassigned
19649,460,Immune
19650,575,GABA_Neuron
19651,487,Excitatory_Neuron
19652,496,Excitatory_Neuron
19653,574,unassigned
19654,574,unassigned
19655,522,Astro-Epen
19656,522,Astro-Epen
19657,559,Excitatory_Neuron
19658,467,Excitatory_Neuron
19659,470,Excitatory_Neuron
19660,571,Excitatory_Neuron
19661,571,Excitatory_Neuron
19662,540,Excitatory_Neuron
19663,593,unassigned
19664,513,Excitatory_Neuron
19665,576,Excitatory_Neuron
19666,525,Excitatory_Neuron
19667,549,unassigned
19668,536,Excitatory_Neuron
19669,506,Immune
19670,521,Excitatory_Neuron
19671,487,Excitatory_Neuron
19672,496,Excitatory_Neuron
19673,545,unassigned
19674,465,Excitatory_Neuron
19675,569,unassigned
19676,569,unassigned
19677,519,Excitatory_Neuron
19678,475,Excitatory_Neuron
19679,540,Excitatory_Neuron
19680,594,unassigned
19681,460,Immune
19682,493,Excitatory_Neuron
19683,460,Immune
19684,465,Excitatory_Neuron
19685,559,Excitatory_Neuron
19686,472,Excitatory_Neuron
19687,472,Excitatory_Neuron
19688,575,GABA_Neuron
19689,506,Immune
19690,487,Excitatory_Neuron
19691,486,Excitatory_Neuron
19692,574,unassigned
19693,527,GABA_Neuron
19694,553,Astro-Epen
19695,519,Excitatory_Neuron
19696,538,unassigned
19697,455,Immune
19698,493,Excitatory_Neuron
19699,462,unassigned
19700,553,Astro-Epen
19701,458,Excitatory_Neuron
19702,571,Excitatory_Neuron
19703,540,Excitatory_Neuron
19704,510,Excitatory_Neuron
19705,575,GABA_Neuron
19706,521,Excitatory_Neuron
19707,521,Excitatory_Neuron
19708,496,Excitatory_Neuron
19709,461,Astro-Epen
19710,544,Excitatory_Neuron
19711,522,Astro-Epen
19712,559,Excitatory_Neuron
19713,553,Astro-Epen
19714,553,Astro-Epen
19715,471,Excitatory_Neuron
19716,472,Excitatory_Neuron
19717,470,Excitatory_Neuron
19718,479,Excitatory_Neuron
19719,585,unassigned
19720,513,Excitatory_Neuron
19721,455,Immune
19722,455,Immune
19723,521,Excitatory_Neuron
19724,552,unassigned
19725,550,unassigned
19726,577,unassigned
19727,595,unassigned
19728,522,Astro-Epen
19729,465,Excitatory_Neuron
19730,569,unassigned
19731,557,Excitatory_Neuron
19732,472,Excitatory_Neuron
19733,552,unassigned
19734,574,unassigned
19735,544,Excitatory_Neuron
19736,559,Excitatory_Neuron
19737,471,Excitatory_Neuron
19738,471,Excitatory_Neuron
19739,553,Astro-Epen
19740,553,Astro-Epen
19741,571,Excitatory_Neuron
19742,586,unassigned
19743,475,Excitatory_Neuron
19744,585,unassigned
19745,455,Immune
19746,455,Immune
19747,575,GABA_Neuron
19748,521,Excitatory_Neuron
19749,570,unassigned
19750,574,unassigned
19751,586,unassigned
19752,470,Excitatory_Neuron
19753,575,GABA_Neuron
19754,521,Excitatory_Neuron
19755,454,unassigned
19756,552,unassigned
19757,581,unassigned
19758,486,Excitatory_Neuron
19759,465,Excitatory_Neuron
19760,569,unassigned
19761,571,Excitatory_Neuron
19762,596,unassigned
19763,540,Excitatory_Neuron
19764,455,Immune
19765,455,Immune
19766,455,Immune
19767,575,GABA_Neuron
19768,574,unassigned
19769,493,Excitatory_Neuron
19770,544,Excitatory_Neuron
19771,522,Astro-Epen
19772,553,Astro-Epen
19773,471,Excitatory_Neuron
19774,553,Astro-Epen
19775,455,Immune
19776,576,Excitatory_Neuron
19777,460,Immune
19778,487,Excitatory_Neuron
19779,521,Excitatory_Neuron
19780,574,unassigned
19781,460,Immune
19782,493,Excitatory_Neuron
19783,577,unassigned
19784,544,Excitatory_Neuron
19785,544,Excitatory_Neuron
19786,467,Excitatory_Neuron
19787,559,Excitatory_Neuron
19788,559,Excitatory_Neuron
19789,587,unassigned
19790,587,unassigned
19791,555,unassigned
19792,455,Immune
19793,549,unassigned
19794,525,Excitatory_Neuron
19795,521,Excitatory_Neuron
19796,575,GABA_Neuron
19797,460,Immune
19798,570,unassigned
19799,574,unassigned
19800,597,unassigned
19801,494,GABA_Neuron
19802,598,unassigned
19803,467,Excitatory_Neuron
19804,471,Excitatory_Neuron
19805,472,Excitatory_Neuron
19806,475,Excitatory_Neuron
19807,538,unassigned
19808,513,Excitatory_Neuron
19809,536,Excitatory_Neuron
19810,455,Immune
19811,575,GABA_Neuron
19812,575,GABA_Neuron
19813,496,Excitatory_Neuron
19814,496,Excitatory_Neuron
19815,507,GABA_Neuron
19816,544,Excitatory_Neuron
19817,553,Astro-Epen
19818,587,unassigned
19819,454,unassigned
19820,540,Excitatory_Neuron
19821,536,Excitatory_Neuron
19822,496,Excitatory_Neuron
19823,487,Excitatory_Neuron
19824,496,Excitatory_Neuron
19825,507,GABA_Neuron
19826,493,Excitatory_Neuron
19827,544,Excitatory_Neuron
19828,465,Excitatory_Neuron
19829,544,Excitatory_Neuron
19830,544,Excitatory_Neuron
19831,522,Astro-Epen
19832,471,Excitatory_Neuron
19833,519,Excitatory_Neuron
19834,470,Excitatory_Neuron
19835,586,unassigned
19836,472,Excitatory_Neuron
19837,458,Excitatory_Neuron
19838,585,unassigned
19839,575,GABA_Neuron
19840,521,Excitatory_Neuron
19841,550,unassigned
19842,544,Excitatory_Neuron
19843,465,Excitatory_Neuron
19844,458,Excitatory_Neuron
19845,464,Excitatory_Neuron
19846,470,Excitatory_Neuron
19847,599,unassigned
19848,557,Excitatory_Neuron
19849,585,unassigned
19850,455,Immune
19851,576,Excitatory_Neuron
19852,455,Immune
19853,455,Immune
19854,455,Immune
19855,575,GABA_Neuron
19856,521,Excitatory_Neuron
19857,496,Excitatory_Neuron
19858,560,unassigned
19859,544,Excitatory_Neuron
19860,544,Excitatory_Neuron
19861,522,Astro-Epen
19862,559,Excitatory_Neuron
19863,471,Excitatory_Neuron
19864,458,Excitatory_Neuron
19865,571,Excitatory_Neuron
19866,585,unassigned
19867,455,Immune
19868,455,Immune
19869,460,Immune
19870,507,GABA_Neuron
19871,494,GABA_Neuron
19872,465,Excitatory_Neuron
19873,587,unassigned
19874,553,Astro-Epen
19875,587,unassigned
19876,559,Excitatory_Neuron
19877,571,Excitatory_Neuron
19878,470,Excitatory_Neuron
19879,472,Excitatory_Neuron
19880,557,Excitatory_Neuron
19881,600,unassigned
19882,472,Excitatory_Neuron
19883,585,unassigned
19884,455,Immune
19885,550,unassigned
19886,496,Excitatory_Neuron
19887,545,unassigned
19888,467,Excitatory_Neuron
19889,471,Excitatory_Neuron
19890,470,Excitatory_Neuron
19891,585,unassigned
19892,525,Excitatory_Neuron
19893,496,Excitatory_Neuron
19894,457,Immune
19895,493,Excitatory_Neuron
19896,544,Excitatory_Neuron
19897,471,Excitatory_Neuron
19898,569,unassigned
19899,470,Excitatory_Neuron
19900,586,unassigned
19901,592,unassigned
19902,455,Immune
19903,585,unassigned
19904,536,Excitatory_Neuron
19905,493,Excitatory_Neuron
19906,516,Astro-Epen
19907,544,Excitatory_Neuron
19908,559,Excitatory_Neuron
19909,587,unassigned
19910,539,unassigned
19911,540,Excitatory_Neuron
19912,479,Excitatory_Neuron
19913,525,Excitatory_Neuron
19914,455,Immune
19915,521,Excitatory_Neuron
19916,552,unassigned
19917,496,Excitatory_Neuron
19918,496,Excitatory_Neuron
19919,486,Excitatory_Neuron
19920,570,unassigned
19921,544,Excitatory_Neuron
19922,471,Excitatory_Neuron
19923,472,Excitatory_Neuron
19924,571,Excitatory_Neuron
19925,475,Excitatory_Neuron
19926,455,Immune
19927,455,Immune
19928,536,Excitatory_Neuron
19929,455,Immune
19930,521,Excitatory_Neuron
19931,552,unassigned
19932,521,Excitatory_Neuron
19933,496,Excitatory_Neuron
19934,574,unassigned
19935,486,Excitatory_Neuron
19936,545,unassigned
19937,574,unassigned
19938,545,unassigned
19939,493,Excitatory_Neuron
19940,465,Excitatory_Neuron
19941,527,GABA_Neuron
19942,458,Excitatory_Neuron
19943,569,unassigned
19944,569,unassigned
19945,472,Excitatory_Neuron
19946,571,Excitatory_Neuron
19947,601,unassigned
19948,536,Excitatory_Neuron
19949,455,Immune
19950,536,Excitatory_Neuron
19951,521,Excitatory_Neuron
19952,574,unassigned
19953,581,unassigned
19954,507,GABA_Neuron
19955,494,GABA_Neuron
19956,522,Astro-Epen
19957,569,unassigned
19958,569,unassigned
19959,557,Excitatory_Neuron
19960,540,Excitatory_Neuron
19961,592,unassigned
19962,455,Immune
19963,455,Immune
19964,454,unassigned
19965,521,Excitatory_Neuron
19966,506,Immune
19967,460,Immune
19968,574,unassigned
19969,583,unassigned
19970,494,GABA_Neuron
19971,522,Astro-Epen
19972,464,Excitatory_Neuron
19973,471,Excitatory_Neuron
19974,559,Excitatory_Neuron
19975,571,Excitatory_Neuron
19976,472,Excitatory_Neuron
19977,600,unassigned
19978,472,Excitatory_Neuron
19979,536,Excitatory_Neuron
19980,575,GABA_Neuron
19981,521,Excitatory_Neuron
19982,574,unassigned
19983,460,Immune
19984,553,Astro-Epen
19985,571,Excitatory_Neuron
19986,521,Excitatory_Neuron
19987,506,Immune
19988,570,unassigned
19989,496,Excitatory_Neuron
19990,457,Immune
19991,582,unassigned
19992,544,Excitatory_Neuron
19993,522,Astro-Epen
19994,559,Excitatory_Neuron
19995,571,Excitatory_Neuron
19996,475,Excitatory_Neuron
19997,601,unassigned
19998,455,Immune
19999,585,unassigned
20000,455,Immune
20001,455,Immune
20002,575,GABA_Neuron
20003,506,Immune
20004,496,Excitatory_Neuron
20005,487,Excitatory_Neuron
20006,550,unassigned
20007,496,Excitatory_Neuron
20008,581,unassigned
20009,527,GABA_Neuron
20010,464,Excitatory_Neuron
20011,519,Excitatory_Neuron
20012,519,Excitatory_Neuron
20013,557,Excitatory_Neuron
20014,576,Excitatory_Neuron
20015,475,Excitatory_Neuron
20016,592,unassigned
20017,513,Excitatory_Neuron
20018,549,unassigned
20019,479,Excitatory_Neuron
20020,455,Immune
20021,602,unassigned
20022,570,unassigned
20023,560,unassigned
20024,522,Astro-Epen
20025,522,Astro-Epen
20026,465,Excitatory_Neuron
20027,454,unassigned
20028,519,Excitatory_Neuron
20029,472,Excitatory_Neuron
20030,557,Excitatory_Neuron
20031,557,Excitatory_Neuron
20032,576,Excitatory_Neuron
20033,521,Excitatory_Neuron
20034,575,GABA_Neuron
20035,575,GABA_Neuron
20036,521,Excitatory_Neuron
20037,493,Excitatory_Neuron
20038,471,Excitatory_Neuron
20039,557,Excitatory_Neuron
20040,525,Excitatory_Neuron
20041,525,Excitatory_Neuron
20042,575,GABA_Neuron
20043,454,unassigned
20044,521,Excitatory_Neuron
20045,550,unassigned
20046,527,GABA_Neuron
20047,522,Astro-Epen
20048,467,Excitatory_Neuron
20049,569,unassigned
20050,569,unassigned
20051,519,Excitatory_Neuron
20052,472,Excitatory_Neuron
20053,472,Excitatory_Neuron
20054,472,Excitatory_Neuron
20055,472,Excitatory_Neuron
20056,576,Excitatory_Neuron
20057,479,Excitatory_Neuron
20058,479,Excitatory_Neuron
20059,536,Excitatory_Neuron
20060,575,GABA_Neuron
20061,455,Immune
20062,603,unassigned
20063,460,Immune
20064,496,Excitatory_Neuron
20065,545,unassigned
20066,460,Immune
20067,604,unassigned
20068,494,GABA_Neuron
20069,527,GABA_Neuron
20070,465,Excitatory_Neuron
20071,467,Excitatory_Neuron
20072,454,unassigned
20073,571,Excitatory_Neuron
20074,472,Excitatory_Neuron
20075,600,unassigned
20076,472,Excitatory_Neuron
20077,538,unassigned
20078,455,Immune
20079,536,Excitatory_Neuron
20080,521,Excitatory_Neuron
20081,560,unassigned
20082,527,GABA_Neuron
20083,559,Excitatory_Neuron
20084,571,Excitatory_Neuron
20085,600,unassigned
20086,507,GABA_Neuron
20087,582,unassigned
20088,582,unassigned
20089,522,Astro-Epen
20090,544,Excitatory_Neuron
20091,544,Excitatory_Neuron
20092,464,Excitatory_Neuron
20093,553,Astro-Epen
20094,553,Astro-Epen
20095,519,Excitatory_Neuron
20096,454,unassigned
20097,472,Excitatory_Neuron
20098,455,Immune
20099,455,Immune
20100,455,Immune
20101,522,Astro-Epen
20102,598,unassigned
20103,587,unassigned
20104,587,unassigned
20105,519,Excitatory_Neuron
20106,519,Excitatory_Neuron
20107,454,unassigned
20108,521,Excitatory_Neuron
20109,521,Excitatory_Neuron
20110,521,Excitatory_Neuron
20111,604,unassigned
20112,507,GABA_Neuron
20113,465,Excitatory_Neuron
20114,465,Excitatory_Neuron
20115,587,unassigned
20116,569,unassigned
20117,471,Excitatory_Neuron
20118,557,Excitatory_Neuron
20119,557,Excitatory_Neuron
20120,472,Excitatory_Neuron
20121,536,Excitatory_Neuron
20122,574,unassigned
20123,512,unassigned
20124,574,unassigned
20125,560,unassigned
20126,494,GABA_Neuron
20127,458,Excitatory_Neuron
20128,464,Excitatory_Neuron
20129,553,Astro-Epen
20130,519,Excitatory_Neuron
20131,472,Excitatory_Neuron
20132,540,Excitatory_Neuron
20133,576,Excitatory_Neuron
20134,596,unassigned
20135,585,unassigned
20136,576,Excitatory_Neuron
20137,575,GABA_Neuron
20138,496,Excitatory_Neuron
20139,457,Immune
20140,544,Excitatory_Neuron
20141,465,Excitatory_Neuron
20142,465,Excitatory_Neuron
20143,584,Excitatory_Neuron
20144,454,unassigned
20145,454,unassigned
20146,536,Excitatory_Neuron
20147,521,Excitatory_Neuron
20148,521,Excitatory_Neuron
20149,454,unassigned
20150,460,Immune
20151,581,unassigned
20152,512,unassigned
20153,454,unassigned
20154,464,Excitatory_Neuron
20155,470,Excitatory_Neuron
20156,571,Excitatory_Neuron
20157,540,Excitatory_Neuron
20158,455,Immune
20159,585,unassigned
20160,525,Excitatory_Neuron
20161,575,GABA_Neuron
20162,496,Excitatory_Neuron
20163,570,unassigned
20164,570,unassigned
20165,574,unassigned
20166,604,unassigned
20167,582,unassigned
20168,577,unassigned
20169,522,Astro-Epen
20170,553,Astro-Epen
20171,519,Excitatory_Neuron
20172,571,Excitatory_Neuron
20173,596,unassigned
20174,592,unassigned
20175,525,Excitatory_Neuron
20176,521,Excitatory_Neuron
20177,496,Excitatory_Neuron
20178,460,Immune
20179,507,GABA_Neuron
20180,507,GABA_Neuron
20181,582,unassigned
20182,582,unassigned
20183,582,unassigned
20184,560,unassigned
20185,590,unassigned
20186,522,Astro-Epen
20187,470,Excitatory_Neuron
20188,601,unassigned
20189,596,unassigned
20190,455,Immune
20191,592,unassigned
20192,479,Excitatory_Neuron
20193,536,Excitatory_Neuron
20194,536,Excitatory_Neuron
20195,454,unassigned
20196,455,Immune
20197,487,Excitatory_Neuron
20198,457,Immune
20199,460,Immune
20200,577,unassigned
20201,494,GABA_Neuron
20202,471,Excitatory_Neuron
20203,540,Excitatory_Neuron
20204,472,Excitatory_Neuron
20205,454,unassigned
20206,592,unassigned
20207,455,Immune
20208,549,unassigned
20209,536,Excitatory_Neuron
20210,479,Excitatory_Neuron
20211,486,Excitatory_Neuron
20212,496,Excitatory_Neuron
20213,460,Immune
20214,494,GABA_Neuron
20215,494,GABA_Neuron
20216,544,Excitatory_Neuron
20217,590,unassigned
20218,522,Astro-Epen
20219,464,Excitatory_Neuron
20220,559,Excitatory_Neuron
20221,598,unassigned
20222,454,unassigned
20223,553,Astro-Epen
20224,553,Astro-Epen
20225,569,unassigned
20226,519,Excitatory_Neuron
20227,454,unassigned
20228,592,unassigned
20229,536,Excitatory_Neuron
20230,536,Excitatory_Neuron
20231,454,unassigned
20232,454,unassigned
20233,570,unassigned
20234,602,unassigned
20235,522,Astro-Epen
20236,544,Excitatory_Neuron
20237,553,Astro-Epen
20238,553,Astro-Epen
20239,470,Excitatory_Neuron
20240,519,Excitatory_Neuron
20241,472,Excitatory_Neuron
20242,592,unassigned
20243,455,Immune
20244,460,Immune
20245,521,Excitatory_Neuron
20246,574,unassigned
20247,568,unassigned
20248,583,unassigned
20249,577,unassigned
20250,464,Excitatory_Neuron
20251,553,Astro-Epen
20252,571,Excitatory_Neuron
20253,540,Excitatory_Neuron
20254,592,unassigned
20255,592,unassigned
20256,525,Excitatory_Neuron
20257,454,unassigned
20258,454,unassigned
20259,454,unassigned
20260,496,Excitatory_Neuron
20261,570,unassigned
20262,574,unassigned
20263,574,unassigned
20264,544,Excitatory_Neuron
20265,544,Excitatory_Neuron
20266,559,Excitatory_Neuron
20267,553,Astro-Epen
20268,519,Excitatory_Neuron
20269,586,unassigned
20270,455,Immune
20271,525,Excitatory_Neuron
20272,455,Immune
20273,460,Immune
20274,603,unassigned
20275,552,unassigned
20276,550,unassigned
20277,496,Excitatory_Neuron
20278,507,GABA_Neuron
20279,494,GABA_Neuron
20280,544,Excitatory_Neuron
20281,465,Excitatory_Neuron
20282,553,Astro-Epen
20283,553,Astro-Epen
20284,600,unassigned
20285,592,unassigned
20286,455,Immune
20287,549,unassigned
20288,575,GABA_Neuron
20289,575,GABA_Neuron
20290,487,Excitatory_Neuron
20291,521,Excitatory_Neuron
20292,457,Immune
20293,574,unassigned
20294,570,unassigned
20295,605,unassigned
20296,471,Excitatory_Neuron
20297,471,Excitatory_Neuron
20298,471,Excitatory_Neuron
20299,569,unassigned
20300,471,Excitatory_Neuron
20301,458,Excitatory_Neuron
20302,596,unassigned
20303,455,Immune
20304,454,unassigned
20305,455,Immune
20306,575,GABA_Neuron
20307,575,GABA_Neuron
20308,549,unassigned
20309,521,Excitatory_Neuron
20310,486,Excitatory_Neuron
20311,574,unassigned
20312,486,Excitatory_Neuron
20313,487,Excitatory_Neuron
20314,460,Immune
20315,460,Immune
20316,507,GABA_Neuron
20317,544,Excitatory_Neuron
20318,458,Excitatory_Neuron
20319,465,Excitatory_Neuron
20320,587,unassigned
20321,586,unassigned
20322,458,Excitatory_Neuron
20323,458,Excitatory_Neuron
20324,472,Excitatory_Neuron
20325,454,unassigned
20326,525,Excitatory_Neuron
20327,525,Excitatory_Neuron
20328,574,unassigned
20329,496,Excitatory_Neuron
20330,496,Excitatory_Neuron
20331,507,GABA_Neuron
20332,494,GABA_Neuron
20333,522,Astro-Epen
20334,527,GABA_Neuron
20335,522,Astro-Epen
20336,465,Excitatory_Neuron
20337,571,Excitatory_Neuron
20338,472,Excitatory_Neuron
20339,586,unassigned
20340,540,Excitatory_Neuron
20341,540,Excitatory_Neuron
20342,592,unassigned
20343,472,Excitatory_Neuron
20344,525,Excitatory_Neuron
20345,455,Immune
20346,455,Immune
20347,460,Immune
20348,603,unassigned
20349,454,unassigned
20350,575,GABA_Neuron
20351,550,unassigned
20352,493,Excitatory_Neuron
20353,494,GABA_Neuron
20354,544,Excitatory_Neuron
20355,465,Excitatory_Neuron
20356,465,Excitatory_Neuron
20357,465,Excitatory_Neuron
20358,553,Astro-Epen
20359,465,Excitatory_Neuron
20360,571,Excitatory_Neuron
20361,571,Excitatory_Neuron
20362,455,Immune
20363,455,Immune
20364,521,Excitatory_Neuron
20365,454,unassigned
20366,521,Excitatory_Neuron
20367,486,Excitatory_Neuron
20368,496,Excitatory_Neuron
20369,460,Immune
20370,507,GABA_Neuron
20371,606,unassigned
20372,544,Excitatory_Neuron
20373,595,unassigned
20374,522,Astro-Epen
20375,553,Astro-Epen
20376,559,Excitatory_Neuron
20377,472,Excitatory_Neuron
20378,540,Excitatory_Neuron
20379,540,Excitatory_Neuron
20380,576,Excitatory_Neuron
20381,454,unassigned
20382,454,unassigned
20383,521,Excitatory_Neuron
20384,496,Excitatory_Neuron
20385,496,Excitatory_Neuron
20386,465,Excitatory_Neuron
20387,465,Excitatory_Neuron
20388,553,Astro-Epen
20389,454,unassigned
20390,571,Excitatory_Neuron
20391,571,Excitatory_Neuron
20392,454,unassigned
20393,596,unassigned
20394,455,Immune
20395,602,unassigned
20396,507,GABA_Neuron
20397,568,unassigned
20398,465,Excitatory_Neuron
20399,454,unassigned
20400,540,Excitatory_Neuron
20401,596,unassigned
20402,538,unassigned
20403,479,Excitatory_Neuron
20404,575,GABA_Neuron
20405,521,Excitatory_Neuron
20406,454,unassigned
20407,574,unassigned
20408,574,unassigned
20409,496,Excitatory_Neuron
20410,570,unassigned
20411,496,Excitatory_Neuron
20412,595,unassigned
20413,458,Excitatory_Neuron
20414,522,Astro-Epen
20415,464,Excitatory_Neuron
20416,553,Astro-Epen
20417,553,Astro-Epen
20418,472,Excitatory_Neuron
20419,472,Excitatory_Neuron
20420,455,Immune
20421,596,unassigned
20422,585,unassigned
20423,585,unassigned
20424,585,unassigned
20425,536,Excitatory_Neuron
20426,521,Excitatory_Neuron
20427,460,Immune
20428,521,Excitatory_Neuron
20429,454,unassigned
20430,553,Astro-Epen
20431,553,Astro-Epen
20432,553,Astro-Epen
20433,471,Excitatory_Neuron
20434,454,unassigned
20435,519,Excitatory_Neuron
20436,601,unassigned
20437,525,Excitatory_Neuron
20438,454,unassigned
20439,575,GABA_Neuron
20440,575,GABA_Neuron
20441,460,Immune
20442,496,Excitatory_Neuron
20443,506,Immune
20444,496,Excitatory_Neuron
20445,487,Excitatory_Neuron
20446,507,GABA_Neuron
20447,597,unassigned
20448,527,GABA_Neuron
20449,553,Astro-Epen
20450,607,unassigned
20451,559,Excitatory_Neuron
20452,571,Excitatory_Neuron
20453,472,Excitatory_Neuron
20454,576,Excitatory_Neuron
20455,536,Excitatory_Neuron
20456,455,Immune
20457,454,unassigned
20458,506,Immune
20459,608,unassigned
20460,486,Excitatory_Neuron
20461,506,Immune
20462,506,Immune
20463,496,Excitatory_Neuron
20464,582,unassigned
20465,516,Astro-Epen
20466,560,unassigned
20467,465,Excitatory_Neuron
20468,522,Astro-Epen
20469,569,unassigned
20470,454,unassigned
20471,587,unassigned
20472,601,unassigned
20473,455,Immune
20474,525,Excitatory_Neuron
20475,525,Excitatory_Neuron
20476,454,unassigned
20477,575,GABA_Neuron
20478,604,unassigned
20479,465,Excitatory_Neuron
20480,571,Excitatory_Neuron
20481,540,Excitatory_Neuron
20482,472,Excitatory_Neuron
20483,540,Excitatory_Neuron
20484,455,Immune
20485,521,Excitatory_Neuron
20486,496,Excitatory_Neuron
20487,609,unassigned
20488,457,Immune
20489,610,unassigned
20490,577,unassigned
20491,465,Excitatory_Neuron
20492,465,Excitatory_Neuron
20493,522,Astro-Epen
20494,559,Excitatory_Neuron
20495,553,Astro-Epen
20496,587,unassigned
20497,587,unassigned
20498,471,Excitatory_Neuron
20499,586,unassigned
20500,571,Excitatory_Neuron
20501,540,Excitatory_Neuron
20502,592,unassigned
20503,585,unassigned
20504,521,Excitatory_Neuron
20505,521,Excitatory_Neuron
20506,460,Immune
20507,496,Excitatory_Neuron
20508,506,Immune
20509,493,Excitatory_Neuron
20510,597,unassigned
20511,522,Astro-Epen
20512,559,Excitatory_Neuron
20513,472,Excitatory_Neuron
20514,458,Excitatory_Neuron
20515,458,Excitatory_Neuron
20516,472,Excitatory_Neuron
20517,592,unassigned
20518,455,Immune
20519,454,unassigned
20520,521,Excitatory_Neuron
20521,521,Excitatory_Neuron
20522,512,unassigned
20523,597,unassigned
20524,577,unassigned
20525,544,Excitatory_Neuron
20526,527,GABA_Neuron
20527,519,Excitatory_Neuron
20528,454,unassigned
20529,525,Excitatory_Neuron
20530,455,Immune
20531,575,GABA_Neuron
20532,454,unassigned
20533,574,unassigned
20534,602,unassigned
20535,545,unassigned
20536,457,Immune
20537,457,Immune
20538,527,GABA_Neuron
20539,494,GABA_Neuron
20540,465,Excitatory_Neuron
20541,465,Excitatory_Neuron
20542,458,Excitatory_Neuron
20543,522,Astro-Epen
20544,553,Astro-Epen
20545,569,unassigned
20546,569,unassigned
20547,472,Excitatory_Neuron
20548,519,Excitatory_Neuron
20549,586,unassigned
20550,571,Excitatory_Neuron
20551,472,Excitatory_Neuron
20552,540,Excitatory_Neuron
20553,472,Excitatory_Neuron
20554,601,unassigned
20555,592,unassigned
20556,521,Excitatory_Neuron
20557,454,unassigned
20558,521,Excitatory_Neuron
20559,496,Excitatory_Neuron
20560,494,GABA_Neuron
20561,611,unassigned
20562,587,unassigned
20563,607,unassigned
20564,470,Excitatory_Neuron
20565,519,Excitatory_Neuron
20566,458,Excitatory_Neuron
20567,540,Excitatory_Neuron
20568,576,Excitatory_Neuron
20569,596,unassigned
20570,525,Excitatory_Neuron
20571,525,Excitatory_Neuron
20572,487,Excitatory_Neuron
20573,460,Immune
20574,493,Excitatory_Neuron
20575,465,Excitatory_Neuron
20576,553,Astro-Epen
20577,607,unassigned
20578,454,unassigned
20579,586,unassigned
20580,540,Excitatory_Neuron
20581,586,unassigned
20582,454,unassigned
20583,571,Excitatory_Neuron
20584,538,unassigned
20585,596,unassigned
20586,525,Excitatory_Neuron
20587,575,GABA_Neuron
20588,521,Excitatory_Neuron
20589,612,unassigned
20590,602,unassigned
20591,602,unassigned
20592,604,unassigned
20593,604,unassigned
20594,553,Astro-Epen
20595,553,Astro-Epen
20596,519,Excitatory_Neuron
20597,470,Excitatory_Neuron
20598,472,Excitatory_Neuron
20599,472,Excitatory_Neuron
20600,472,Excitatory_Neuron
20601,549,unassigned
20602,506,Immune
20603,603,unassigned
20604,570,unassigned
20605,487,Excitatory_Neuron
20606,560,unassigned
20607,522,Astro-Epen
20608,598,unassigned
20609,465,Excitatory_Neuron
20610,569,unassigned
20611,587,unassigned
20612,600,unassigned
20613,601,unassigned
20614,557,Excitatory_Neuron
20615,460,Immune
20616,581,unassigned
20617,577,unassigned
20618,560,unassigned
20619,494,GABA_Neuron
20620,607,unassigned
20621,553,Astro-Epen
20622,540,Excitatory_Neuron
20623,455,Immune
20624,585,unassigned
20625,592,unassigned
20626,592,unassigned
20627,455,Immune
20628,575,GABA_Neuron
20629,575,GABA_Neuron
20630,521,Excitatory_Neuron
20631,570,unassigned
20632,597,unassigned
20633,500,unassigned
20634,465,Excitatory_Neuron
20635,587,unassigned
20636,600,unassigned
20637,540,Excitatory_Neuron
20638,525,Excitatory_Neuron
20639,507,GABA_Neuron
20640,597,unassigned
20641,606,unassigned
20642,494,GABA_Neuron
20643,494,GABA_Neuron
20644,465,Excitatory_Neuron
20645,465,Excitatory_Neuron
20646,553,Astro-Epen
20647,519,Excitatory_Neuron
20648,586,unassigned
20649,458,Excitatory_Neuron
20650,472,Excitatory_Neuron
20651,540,Excitatory_Neuron
20652,576,Excitatory_Neuron
20653,521,Excitatory_Neuron
20654,496,Excitatory_Neuron
20655,496,Excitatory_Neuron
20656,545,unassigned
20657,613,unassigned
20658,604,unassigned
20659,560,unassigned
20660,560,unassigned
20661,465,Excitatory_Neuron
20662,553,Astro-Epen
20663,607,unassigned
20664,559,Excitatory_Neuron
20665,519,Excitatory_Neuron
20666,571,Excitatory_Neuron
20667,571,Excitatory_Neuron
20668,472,Excitatory_Neuron
20669,472,Excitatory_Neuron
20670,557,Excitatory_Neuron
20671,472,Excitatory_Neuron
20672,525,Excitatory_Neuron
20673,525,Excitatory_Neuron
20674,525,Excitatory_Neuron
20675,575,GABA_Neuron
20676,460,Immune
20677,575,GABA_Neuron
20678,521,Excitatory_Neuron
20679,493,Excitatory_Neuron
20680,597,unassigned
20681,465,Excitatory_Neuron
20682,527,GABA_Neuron
20683,494,GABA_Neuron
20684,569,unassigned
20685,569,unassigned
20686,559,Excitatory_Neuron
20687,472,Excitatory_Neuron
20688,614,unassigned
20689,538,unassigned
20690,596,unassigned
20691,585,unassigned
20692,536,Excitatory_Neuron
20693,525,Excitatory_Neuron
20694,521,Excitatory_Neuron
20695,487,Excitatory_Neuron
20696,574,unassigned
20697,570,unassigned
20698,613,unassigned
20699,604,unassigned
20700,606,unassigned
20701,494,GABA_Neuron
20702,522,Astro-Epen
20703,458,Excitatory_Neuron
20704,458,Excitatory_Neuron
20705,472,Excitatory_Neuron
20706,472,Excitatory_Neuron
20707,538,unassigned
20708,585,unassigned
20709,454,unassigned
20710,570,unassigned
20711,457,Immune
20712,516,Astro-Epen
20713,544,Excitatory_Neuron
20714,615,unassigned
20715,454,unassigned
20716,519,Excitatory_Neuron
20717,571,Excitatory_Neuron
20718,472,Excitatory_Neuron
20719,540,Excitatory_Neuron
20720,592,unassigned
20721,585,unassigned
20722,525,Excitatory_Neuron
20723,575,GABA_Neuron
20724,454,unassigned
20725,613,unassigned
20726,507,GABA_Neuron
20727,527,GABA_Neuron
20728,465,Excitatory_Neuron
20729,465,Excitatory_Neuron
20730,553,Astro-Epen
20731,471,Excitatory_Neuron
20732,470,Excitatory_Neuron
20733,519,Excitatory_Neuron
20734,470,Excitatory_Neuron
20735,614,unassigned
20736,472,Excitatory_Neuron
20737,525,Excitatory_Neuron
20738,455,Immune
20739,585,unassigned
20740,585,unassigned
20741,521,Excitatory_Neuron
20742,612,unassigned
20743,454,unassigned
20744,545,unassigned
20745,496,Excitatory_Neuron
20746,545,unassigned
20747,583,unassigned
20748,516,Astro-Epen
20749,527,GABA_Neuron
20750,494,GABA_Neuron
20751,465,Excitatory_Neuron
20752,522,Astro-Epen
20753,559,Excitatory_Neuron
20754,587,unassigned
20755,472,Excitatory_Neuron
20756,472,Excitatory_Neuron
20757,596,unassigned
20758,472,Excitatory_Neuron
20759,596,unassigned
20760,576,Excitatory_Neuron
20761,455,Immune
20762,576,Excitatory_Neuron
20763,525,Excitatory_Neuron
20764,455,Immune
20765,496,Excitatory_Neuron
20766,496,Excitatory_Neuron
20767,507,GABA_Neuron
20768,560,unassigned
20769,577,unassigned
20770,494,GABA_Neuron
20771,465,Excitatory_Neuron
20772,465,Excitatory_Neuron
20773,559,Excitatory_Neuron
20774,587,unassigned
20775,472,Excitatory_Neuron
20776,538,unassigned
20777,596,unassigned
20778,592,unassigned
20779,521,Excitatory_Neuron
20780,574,unassigned
20781,583,unassigned
20782,465,Excitatory_Neuron
20783,614,unassigned
20784,538,unassigned
20785,596,unassigned
20786,455,Immune
20787,479,Excitatory_Neuron
20788,455,Immune
20789,521,Excitatory_Neuron
20790,496,Excitatory_Neuron
20791,545,unassigned
20792,560,unassigned
20793,577,unassigned
20794,544,Excitatory_Neuron
20795,527,GABA_Neuron
20796,465,Excitatory_Neuron
20797,458,Excitatory_Neuron
20798,464,Excitatory_Neuron
20799,587,unassigned
20800,587,unassigned
20801,540,Excitatory_Neuron
20802,472,Excitatory_Neuron
20803,455,Immune
20804,596,unassigned
20805,592,unassigned
20806,455,Immune
20807,455,Immune
20808,603,unassigned
20809,575,GABA_Neuron
20810,521,Excitatory_Neuron
20811,616,unassigned
20812,602,unassigned
20813,512,unassigned
20814,461,Astro-Epen
20815,577,unassigned
20816,544,Excitatory_Neuron
20817,522,Astro-Epen
20818,553,Astro-Epen
20819,540,Excitatory_Neuron
20820,600,unassigned
20821,525,Excitatory_Neuron
20822,454,unassigned
20823,575,GABA_Neuron
20824,493,Excitatory_Neuron
20825,583,unassigned
20826,494,GABA_Neuron
20827,590,unassigned
20828,527,GABA_Neuron
20829,494,GABA_Neuron
20830,519,Excitatory_Neuron
20831,571,Excitatory_Neuron
20832,586,unassigned
20833,571,Excitatory_Neuron
20834,472,Excitatory_Neuron
20835,600,unassigned
20836,455,Immune
20837,455,Immune
20838,603,unassigned
20839,454,unassigned
20840,496,Excitatory_Neuron
20841,496,Excitatory_Neuron
20842,493,Excitatory_Neuron
20843,507,GABA_Neuron
20844,527,GABA_Neuron
20845,522,Astro-Epen
20846,553,Astro-Epen
20847,569,unassigned
20848,571,Excitatory_Neuron
20849,470,Excitatory_Neuron
20850,458,Excitatory_Neuron
20851,571,Excitatory_Neuron
20852,540,Excitatory_Neuron
20853,472,Excitatory_Neuron
20854,472,Excitatory_Neuron
20855,472,Excitatory_Neuron
20856,600,unassigned
20857,592,unassigned
20858,455,Immune
20859,603,unassigned
20860,494,GABA_Neuron
20861,598,unassigned
20862,559,Excitatory_Neuron
20863,569,unassigned
20864,586,unassigned
20865,472,Excitatory_Neuron
20866,540,Excitatory_Neuron
20867,538,unassigned
20868,479,Excitatory_Neuron
20869,455,Immune
20870,525,Excitatory_Neuron
20871,525,Excitatory_Neuron
20872,603,unassigned
20873,521,Excitatory_Neuron
20874,506,Immune
20875,581,unassigned
20876,545,unassigned
20877,522,Astro-Epen
20878,617,unassigned
20879,522,Astro-Epen
20880,559,Excitatory_Neuron
20881,470,Excitatory_Neuron
20882,470,Excitatory_Neuron
20883,458,Excitatory_Neuron
20884,600,unassigned
20885,472,Excitatory_Neuron
20886,538,unassigned
20887,592,unassigned
20888,592,unassigned
20889,575,GABA_Neuron
20890,521,Excitatory_Neuron
20891,496,Excitatory_Neuron
20892,496,Excitatory_Neuron
20893,570,unassigned
20894,581,unassigned
20895,606,unassigned
20896,553,Astro-Epen
20897,553,Astro-Epen
20898,559,Excitatory_Neuron
20899,519,Excitatory_Neuron
20900,470,Excitatory_Neuron
20901,472,Excitatory_Neuron
20902,540,Excitatory_Neuron
20903,585,unassigned
20904,540,Excitatory_Neuron
20905,455,Immune
20906,536,Excitatory_Neuron
20907,585,unassigned
20908,618,unassigned
20909,454,unassigned
20910,521,Excitatory_Neuron
20911,460,Immune
20912,574,unassigned
20913,465,Excitatory_Neuron
20914,522,Astro-Epen
20915,494,GABA_Neuron
20916,465,Excitatory_Neuron
20917,576,Excitatory_Neuron
20918,472,Excitatory_Neuron
20919,576,Excitatory_Neuron
20920,455,Immune
20921,454,unassigned
20922,496,Excitatory_Neuron
20923,496,Excitatory_Neuron
20924,568,unassigned
20925,544,Excitatory_Neuron
20926,619,unassigned
20927,522,Astro-Epen
20928,494,GABA_Neuron
20929,553,Astro-Epen
20930,587,unassigned
20931,540,Excitatory_Neuron
20932,472,Excitatory_Neuron
20933,472,Excitatory_Neuron
20934,479,Excitatory_Neuron
20935,455,Immune
20936,479,Excitatory_Neuron
20937,525,Excitatory_Neuron
20938,455,Immune
20939,457,Immune
20940,493,Excitatory_Neuron
20941,500,unassigned
20942,494,GABA_Neuron
20943,465,Excitatory_Neuron
20944,544,Excitatory_Neuron
20945,619,unassigned
20946,465,Excitatory_Neuron
20947,559,Excitatory_Neuron
20948,620,unassigned
20949,571,Excitatory_Neuron
20950,540,Excitatory_Neuron
20951,576,Excitatory_Neuron
20952,538,unassigned
20953,479,Excitatory_Neuron
20954,621,unassigned
20955,576,Excitatory_Neuron
20956,536,Excitatory_Neuron
20957,454,unassigned
20958,575,GABA_Neuron
20959,622,unassigned
20960,454,unassigned
20961,496,Excitatory_Neuron
20962,545,unassigned
20963,460,Immune
20964,570,unassigned
20965,560,unassigned
20966,544,Excitatory_Neuron
20967,454,unassigned
20968,544,Excitatory_Neuron
20969,465,Excitatory_Neuron
20970,587,unassigned
20971,571,Excitatory_Neuron
20972,576,Excitatory_Neuron
20973,455,Immune
20974,455,Immune
20975,575,GABA_Neuron
20976,460,Immune
20977,512,unassigned
20978,493,Excitatory_Neuron
20979,522,Astro-Epen
20980,465,Excitatory_Neuron
20981,465,Excitatory_Neuron
20982,522,Astro-Epen
20983,522,Astro-Epen
20984,464,Excitatory_Neuron
20985,553,Astro-Epen
20986,467,Excitatory_Neuron
20987,519,Excitatory_Neuron
20988,540,Excitatory_Neuron
20989,596,unassigned
20990,479,Excitatory_Neuron
20991,576,Excitatory_Neuron
20992,455,Immune
20993,574,unassigned
20994,507,GABA_Neuron
20995,454,unassigned
20996,544,Excitatory_Neuron
20997,595,unassigned
20998,522,Astro-Epen
20999,522,Astro-Epen
21000,559,Excitatory_Neuron
21001,553,Astro-Epen
21002,611,unassigned
21003,553,Astro-Epen
21004,559,Excitatory_Neuron
21005,519,Excitatory_Neuron
21006,540,Excitatory_Neuron
21007,557,Excitatory_Neuron
21008,576,Excitatory_Neuron
21009,596,unassigned
21010,600,unassigned
21011,454,unassigned
21012,496,Excitatory_Neuron
21013,512,unassigned
21014,516,Astro-Epen
21015,571,Excitatory_Neuron
21016,586,unassigned
21017,472,Excitatory_Neuron
21018,538,unassigned
21019,455,Immune
21020,479,Excitatory_Neuron
21021,603,unassigned
21022,575,GABA_Neuron
21023,521,Excitatory_Neuron
21024,496,Excitatory_Neuron
21025,500,unassigned
21026,623,unassigned
21027,472,Excitatory_Neuron
21028,603,unassigned
21029,496,Excitatory_Neuron
21030,610,unassigned
21031,500,unassigned
21032,527,GABA_Neuron
21033,465,Excitatory_Neuron
21034,465,Excitatory_Neuron
21035,617,unassigned
21036,617,unassigned
21037,454,unassigned
21038,464,Excitatory_Neuron
21039,465,Excitatory_Neuron
21040,569,unassigned
21041,587,unassigned
21042,569,unassigned
21043,454,unassigned
21044,624,unassigned
21045,519,Excitatory_Neuron
21046,519,Excitatory_Neuron
21047,540,Excitatory_Neuron
21048,540,Excitatory_Neuron
21049,472,Excitatory_Neuron
21050,472,Excitatory_Neuron
21051,472,Excitatory_Neuron
21052,600,unassigned
21053,472,Excitatory_Neuron
21054,540,Excitatory_Neuron
21055,454,unassigned
21056,576,Excitatory_Neuron
21057,585,unassigned
21058,592,unassigned
21059,455,Immune
21060,536,Excitatory_Neuron
21061,575,GABA_Neuron
21062,603,unassigned
21063,454,unassigned
21064,603,unassigned
21065,612,unassigned
21066,521,Excitatory_Neuron
21067,521,Excitatory_Neuron
21068,454,unassigned
21069,521,Excitatory_Neuron
21070,521,Excitatory_Neuron
21071,575,GABA_Neuron
21072,496,Excitatory_Neuron
21073,612,unassigned
21074,521,Excitatory_Neuron
21075,612,unassigned
21076,460,Immune
21077,454,unassigned
21078,486,Excitatory_Neuron
21079,460,Immune
21080,570,unassigned
21081,496,Excitatory_Neuron
21082,545,unassigned
21083,460,Immune
21084,493,Excitatory_Neuron
21085,545,unassigned
21086,507,GABA_Neuron
21087,625,GABA_Neuron
21088,626,Astro-Epen
21089,627,Excitatory_Neuron
21090,625,GABA_Neuron
21091,628,Excitatory_Neuron
21092,629,unassigned
21093,630,Excitatory_Neuron
21094,630,Excitatory_Neuron
21095,630,Excitatory_Neuron
21096,631,Excitatory_Neuron
21097,632,unassigned
21098,633,unassigned
21099,628,Excitatory_Neuron
21100,630,Excitatory_Neuron
21101,634,unassigned
21102,635,Excitatory_Neuron
21103,636,Excitatory_Neuron
21104,626,Astro-Epen
21105,625,GABA_Neuron
21106,637,unassigned
21107,628,Excitatory_Neuron
21108,628,Excitatory_Neuron
21109,638,unassigned
21110,639,Excitatory_Neuron
21111,639,Excitatory_Neuron
21112,639,Excitatory_Neuron
21113,638,unassigned
21114,639,Excitatory_Neuron
21115,639,Excitatory_Neuron
21116,640,GABA_Neuron
21117,641,unassigned
21118,642,Excitatory_Neuron
21119,643,Astro-Epen
21120,643,Astro-Epen
21121,642,Excitatory_Neuron
21122,642,Excitatory_Neuron
21123,644,Excitatory_Neuron
21124,645,Excitatory_Neuron
21125,646,unassigned
21126,645,Excitatory_Neuron
21127,644,Excitatory_Neuron
21128,644,Excitatory_Neuron
21129,644,Excitatory_Neuron
21130,644,Excitatory_Neuron
21131,647,Excitatory_Neuron
21132,648,Excitatory_Neuron
21133,649,unassigned
21134,642,Excitatory_Neuron
21135,650,unassigned
21136,651,unassigned
21137,636,Excitatory_Neuron
21138,630,Excitatory_Neuron
21139,647,Excitatory_Neuron
21140,630,Excitatory_Neuron
21141,647,Excitatory_Neuron
21142,649,unassigned
21143,645,Excitatory_Neuron
21144,650,unassigned
21145,652,Immune
21146,634,unassigned
21147,649,unassigned
21148,642,Excitatory_Neuron
21149,642,Excitatory_Neuron
21150,643,Astro-Epen
21151,653,Excitatory_Neuron
21152,625,GABA_Neuron
21153,634,unassigned
21154,649,unassigned
21155,644,Excitatory_Neuron
21156,650,unassigned
21157,628,Excitatory_Neuron
21158,628,Excitatory_Neuron
21159,652,Immune
21160,647,Excitatory_Neuron
21161,628,Excitatory_Neuron
21162,648,Excitatory_Neuron
21163,642,Excitatory_Neuron
21164,641,unassigned
21165,632,unassigned
21166,654,unassigned
21167,644,Excitatory_Neuron
21168,655,unassigned
21169,651,unassigned
21170,628,Excitatory_Neuron
21171,656,Astro-Epen
21172,657,unassigned
21173,658,Astro-Epen
21174,639,Excitatory_Neuron
21175,639,Excitatory_Neuron
21176,641,unassigned
21177,642,Excitatory_Neuron
21178,632,unassigned
21179,650,unassigned
21180,655,unassigned
21181,659,unassigned
21182,628,Excitatory_Neuron
21183,656,Astro-Epen
21184,644,Excitatory_Neuron
21185,644,Excitatory_Neuron
21186,656,Astro-Epen
21187,648,Excitatory_Neuron
21188,636,Excitatory_Neuron
21189,628,Excitatory_Neuron
21190,647,Excitatory_Neuron
21191,647,Excitatory_Neuron
21192,628,Excitatory_Neuron
21193,660,unassigned
21194,639,Excitatory_Neuron
21195,640,GABA_Neuron
21196,661,unassigned
21197,643,Astro-Epen
21198,650,unassigned
21199,653,Excitatory_Neuron
21200,659,unassigned
21201,625,GABA_Neuron
21202,625,GABA_Neuron
21203,654,unassigned
21204,660,unassigned
21205,640,GABA_Neuron
21206,644,Excitatory_Neuron
21207,644,Excitatory_Neuron
21208,633,unassigned
21209,652,Immune
21210,647,Excitatory_Neuron
21211,628,Excitatory_Neuron
21212,647,Excitatory_Neuron
21213,647,Excitatory_Neuron
21214,640,GABA_Neuron
21215,632,unassigned
21216,645,Excitatory_Neuron
21217,645,Excitatory_Neuron
21218,659,unassigned
21219,659,unassigned
21220,625,GABA_Neuron
21221,647,Excitatory_Neuron
21222,635,Excitatory_Neuron
21223,648,Excitatory_Neuron
21224,645,Excitatory_Neuron
21225,644,Excitatory_Neuron
21226,654,unassigned
21227,659,unassigned
21228,659,unassigned
21229,625,GABA_Neuron
21230,628,Excitatory_Neuron
21231,630,Excitatory_Neuron
21232,639,Excitatory_Neuron
21233,662,unassigned
21234,644,Excitatory_Neuron
21235,652,Immune
21236,640,GABA_Neuron
21237,625,GABA_Neuron
21238,627,Excitatory_Neuron
21239,628,Excitatory_Neuron
21240,647,Excitatory_Neuron
21241,642,Excitatory_Neuron
21242,627,Excitatory_Neuron
21243,630,Excitatory_Neuron
21244,647,Excitatory_Neuron
21245,634,unassigned
21246,663,Astro-Epen
21247,638,unassigned
21248,660,unassigned
21249,628,Excitatory_Neuron
21250,642,Excitatory_Neuron
21251,635,Excitatory_Neuron
21252,644,Excitatory_Neuron
21253,645,Excitatory_Neuron
21254,653,Excitatory_Neuron
21255,626,Astro-Epen
21256,640,GABA_Neuron
21257,642,Excitatory_Neuron
21258,646,unassigned
21259,647,Excitatory_Neuron
21260,660,unassigned
21261,632,unassigned
21262,632,unassigned
21263,642,Excitatory_Neuron
21264,635,Excitatory_Neuron
21265,644,Excitatory_Neuron
21266,650,unassigned
21267,636,Excitatory_Neuron
21268,627,Excitatory_Neuron
21269,626,Astro-Epen
21270,628,Excitatory_Neuron
21271,652,Immune
21272,638,unassigned
21273,647,Excitatory_Neuron
21274,635,Excitatory_Neuron
21275,654,unassigned
21276,632,unassigned
21277,645,Excitatory_Neuron
21278,646,unassigned
21279,628,Excitatory_Neuron
21280,630,Excitatory_Neuron
21281,638,unassigned
21282,639,Excitatory_Neuron
21283,644,Excitatory_Neuron
21284,654,unassigned
21285,664,unassigned
21286,652,Immune
21287,665,unassigned
21288,648,Excitatory_Neuron
21289,654,unassigned
21290,645,Excitatory_Neuron
21291,644,Excitatory_Neuron
21292,636,Excitatory_Neuron
21293,664,unassigned
21294,647,Excitatory_Neuron
21295,647,Excitatory_Neuron
21296,654,unassigned
21297,643,Astro-Epen
21298,661,unassigned
21299,646,unassigned
21300,636,Excitatory_Neuron
21301,627,Excitatory_Neuron
21302,628,Excitatory_Neuron
21303,652,Immune
21304,628,Excitatory_Neuron
21305,628,Excitatory_Neuron
21306,647,Excitatory_Neuron
21307,654,unassigned
21308,660,unassigned
21309,649,unassigned
21310,644,Excitatory_Neuron
21311,653,Excitatory_Neuron
21312,637,unassigned
21313,628,Excitatory_Neuron
21314,630,Excitatory_Neuron
21315,645,Excitatory_Neuron
21316,643,Astro-Epen
21317,666,Excitatory_Neuron
21318,644,Excitatory_Neuron
21319,633,unassigned
21320,651,unassigned
21321,627,Excitatory_Neuron
21322,647,Excitatory_Neuron
21323,648,Excitatory_Neuron
21324,647,Excitatory_Neuron
21325,653,Excitatory_Neuron
21326,626,Astro-Epen
21327,652,Immune
21328,628,Excitatory_Neuron
21329,658,Astro-Epen
21330,667,unassigned
21331,660,unassigned
21332,642,Excitatory_Neuron
21333,640,GABA_Neuron
21334,644,Excitatory_Neuron
21335,627,Excitatory_Neuron
21336,628,Excitatory_Neuron
21337,628,Excitatory_Neuron
21338,652,Immune
21339,660,unassigned
21340,662,unassigned
21341,650,unassigned
21342,627,Excitatory_Neuron
21343,626,Astro-Epen
21344,630,Excitatory_Neuron
21345,652,Immune
21346,647,Excitatory_Neuron
21347,647,Excitatory_Neuron
21348,647,Excitatory_Neuron
21349,647,Excitatory_Neuron
21350,660,unassigned
21351,640,GABA_Neuron
21352,625,GABA_Neuron
21353,664,unassigned
21354,628,Excitatory_Neuron
21355,628,Excitatory_Neuron
21356,647,Excitatory_Neuron
21357,647,Excitatory_Neuron
21358,656,Astro-Epen
21359,663,Astro-Epen
21360,631,Excitatory_Neuron
21361,643,Astro-Epen
21362,646,unassigned
21363,644,Excitatory_Neuron
21364,651,unassigned
21365,659,unassigned
21366,647,Excitatory_Neuron
21367,650,unassigned
21368,625,GABA_Neuron
21369,647,Excitatory_Neuron
21370,635,Excitatory_Neuron
21371,642,Excitatory_Neuron
21372,644,Excitatory_Neuron
21373,668,Astro-Epen
21374,626,Astro-Epen
21375,654,unassigned
21376,645,Excitatory_Neuron
21377,653,Excitatory_Neuron
21378,628,Excitatory_Neuron
21379,647,Excitatory_Neuron
21380,647,Excitatory_Neuron
21381,654,unassigned
21382,649,unassigned
21383,646,unassigned
21384,637,unassigned
21385,626,Astro-Epen
21386,628,Excitatory_Neuron
21387,638,unassigned
21388,654,unassigned
21389,625,GABA_Neuron
21390,653,Excitatory_Neuron
21391,627,Excitatory_Neuron
21392,647,Excitatory_Neuron
21393,647,Excitatory_Neuron
21394,657,unassigned
21395,667,unassigned
21396,650,unassigned
21397,653,Excitatory_Neuron
21398,627,Excitatory_Neuron
21399,628,Excitatory_Neuron
21400,656,Astro-Epen
21401,663,Astro-Epen
21402,648,Excitatory_Neuron
21403,663,Astro-Epen
21404,648,Excitatory_Neuron
21405,645,Excitatory_Neuron
21406,645,Excitatory_Neuron
21407,628,Excitatory_Neuron
21408,663,Astro-Epen
21409,640,GABA_Neuron
21410,636,Excitatory_Neuron
21411,636,Excitatory_Neuron
21412,647,Excitatory_Neuron
21413,652,Immune
21414,663,Astro-Epen
21415,666,Excitatory_Neuron
21416,654,unassigned
21417,666,Excitatory_Neuron
21418,631,Excitatory_Neuron
21419,632,unassigned
21420,626,Astro-Epen
21421,627,Excitatory_Neuron
21422,647,Excitatory_Neuron
21423,630,Excitatory_Neuron
21424,642,Excitatory_Neuron
21425,650,unassigned
21426,650,unassigned
21427,647,Excitatory_Neuron
21428,666,Excitatory_Neuron
21429,651,unassigned
21430,628,Excitatory_Neuron
21431,647,Excitatory_Neuron
21432,647,Excitatory_Neuron
21433,656,Astro-Epen
21434,656,Astro-Epen
21435,644,Excitatory_Neuron
21436,626,Astro-Epen
21437,652,Immune
21438,630,Excitatory_Neuron
21439,669,unassigned
21440,631,Excitatory_Neuron
21441,635,Excitatory_Neuron
21442,645,Excitatory_Neuron
21443,625,GABA_Neuron
21444,628,Excitatory_Neuron
21445,630,Excitatory_Neuron
21446,630,Excitatory_Neuron
21447,644,Excitatory_Neuron
21448,651,unassigned
21449,650,unassigned
21450,659,unassigned
21451,625,GABA_Neuron
21452,636,Excitatory_Neuron
21453,663,Astro-Epen
21454,654,unassigned
21455,625,GABA_Neuron
21456,647,Excitatory_Neuron
21457,642,Excitatory_Neuron
21458,631,Excitatory_Neuron
21459,644,Excitatory_Neuron
21460,644,Excitatory_Neuron
21461,636,Excitatory_Neuron
21462,628,Excitatory_Neuron
21463,630,Excitatory_Neuron
21464,656,Astro-Epen
21465,630,Excitatory_Neuron
21466,642,Excitatory_Neuron
21467,645,Excitatory_Neuron
21468,644,Excitatory_Neuron
21469,650,unassigned
21470,653,Excitatory_Neuron
21471,625,GABA_Neuron
21472,628,Excitatory_Neuron
21473,647,Excitatory_Neuron
21474,670,unassigned
21475,631,Excitatory_Neuron
21476,635,Excitatory_Neuron
21477,649,unassigned
21478,654,unassigned
21479,644,Excitatory_Neuron
21480,644,Excitatory_Neuron
21481,644,Excitatory_Neuron
21482,653,Excitatory_Neuron
21483,625,GABA_Neuron
21484,647,Excitatory_Neuron
21485,658,Astro-Epen
21486,631,Excitatory_Neuron
21487,654,unassigned
21488,642,Excitatory_Neuron
21489,644,Excitatory_Neuron
21490,653,Excitatory_Neuron
21491,632,unassigned
21492,644,Excitatory_Neuron
21493,651,unassigned
21494,626,Astro-Epen
21495,628,Excitatory_Neuron
21496,647,Excitatory_Neuron
21497,656,Astro-Epen
21498,652,Immune
21499,667,unassigned
21500,640,GABA_Neuron
21501,635,Excitatory_Neuron
21502,660,unassigned
21503,660,unassigned
21504,644,Excitatory_Neuron
21505,628,Excitatory_Neuron
21506,647,Excitatory_Neuron
21507,665,unassigned
21508,666,Excitatory_Neuron
21509,638,unassigned
21510,642,Excitatory_Neuron
21511,664,unassigned
21512,660,unassigned
21513,642,Excitatory_Neuron
21514,642,Excitatory_Neuron
21515,644,Excitatory_Neuron
21516,644,Excitatory_Neuron
21517,651,unassigned
21518,650,unassigned
21519,626,Astro-Epen
21520,627,Excitatory_Neuron
21521,630,Excitatory_Neuron
21522,660,unassigned
21523,635,Excitatory_Neuron
21524,644,Excitatory_Neuron
21525,651,unassigned
21526,628,Excitatory_Neuron
21527,630,Excitatory_Neuron
21528,666,Excitatory_Neuron
21529,649,unassigned
21530,642,Excitatory_Neuron
21531,644,Excitatory_Neuron
21532,651,unassigned
21533,625,GABA_Neuron
21534,627,Excitatory_Neuron
21535,652,Immune
21536,648,Excitatory_Neuron
21537,657,unassigned
21538,640,GABA_Neuron
21539,628,Excitatory_Neuron
21540,656,Astro-Epen
21541,656,Astro-Epen
21542,666,Excitatory_Neuron
21543,640,GABA_Neuron
21544,654,unassigned
21545,653,Excitatory_Neuron
21546,651,unassigned
21547,651,unassigned
21548,627,Excitatory_Neuron
21549,647,Excitatory_Neuron
21550,639,Excitatory_Neuron
21551,654,unassigned
21552,642,Excitatory_Neuron
21553,644,Excitatory_Neuron
21554,662,unassigned
21555,650,unassigned
21556,626,Astro-Epen
21557,627,Excitatory_Neuron
21558,656,Astro-Epen
21559,647,Excitatory_Neuron
21560,630,Excitatory_Neuron
21561,656,Astro-Epen
21562,666,Excitatory_Neuron
21563,631,Excitatory_Neuron
21564,643,Astro-Epen
21565,654,unassigned
21566,653,Excitatory_Neuron
21567,651,unassigned
21568,647,Excitatory_Neuron
21569,628,Excitatory_Neuron
21570,628,Excitatory_Neuron
21571,666,Excitatory_Neuron
21572,639,Excitatory_Neuron
21573,656,Astro-Epen
21574,657,unassigned
21575,657,unassigned
21576,663,Astro-Epen
21577,671,unassigned
21578,644,Excitatory_Neuron
21579,644,Excitatory_Neuron
21580,627,Excitatory_Neuron
21581,628,Excitatory_Neuron
21582,648,Excitatory_Neuron
21583,657,unassigned
21584,665,unassigned
21585,639,Excitatory_Neuron
21586,635,Excitatory_Neuron
21587,666,Excitatory_Neuron
21588,643,Astro-Epen
21589,633,unassigned
21590,656,Astro-Epen
21591,647,Excitatory_Neuron
21592,647,Excitatory_Neuron
21593,666,Excitatory_Neuron
21594,640,GABA_Neuron
21595,631,Excitatory_Neuron
21596,649,unassigned
21597,644,Excitatory_Neuron
21598,644,Excitatory_Neuron
21599,627,Excitatory_Neuron
21600,639,Excitatory_Neuron
21601,664,unassigned
21602,648,Excitatory_Neuron
21603,666,Excitatory_Neuron
21604,639,Excitatory_Neuron
21605,635,Excitatory_Neuron
21606,639,Excitatory_Neuron
21607,639,Excitatory_Neuron
21608,645,Excitatory_Neuron
21609,654,unassigned
21610,656,Astro-Epen
21611,666,Excitatory_Neuron
21612,631,Excitatory_Neuron
21613,649,unassigned
21614,642,Excitatory_Neuron
21615,640,GABA_Neuron
21616,645,Excitatory_Neuron
21617,642,Excitatory_Neuron
21618,644,Excitatory_Neuron
21619,653,Excitatory_Neuron
21620,656,Astro-Epen
21621,663,Astro-Epen
21622,647,Excitatory_Neuron
21623,642,Excitatory_Neuron
21624,644,Excitatory_Neuron
21625,644,Excitatory_Neuron
21626,664,unassigned
21627,636,Excitatory_Neuron
21628,652,Immune
21629,666,Excitatory_Neuron
21630,639,Excitatory_Neuron
21631,640,GABA_Neuron
21632,642,Excitatory_Neuron
21633,630,Excitatory_Neuron
21634,656,Astro-Epen
21635,656,Astro-Epen
21636,663,Astro-Epen
21637,631,Excitatory_Neuron
21638,644,Excitatory_Neuron
21639,644,Excitatory_Neuron
21640,644,Excitatory_Neuron
21641,633,unassigned
21642,636,Excitatory_Neuron
21643,626,Astro-Epen
21644,665,unassigned
21645,666,Excitatory_Neuron
21646,631,Excitatory_Neuron
21647,642,Excitatory_Neuron
21648,640,GABA_Neuron
21649,643,Astro-Epen
21650,645,Excitatory_Neuron
21651,625,GABA_Neuron
21652,656,Astro-Epen
21653,666,Excitatory_Neuron
21654,654,unassigned
21655,640,GABA_Neuron
21656,625,GABA_Neuron
21657,656,Astro-Epen
21658,648,Excitatory_Neuron
21659,645,Excitatory_Neuron
21660,627,Excitatory_Neuron
21661,664,unassigned
21662,627,Excitatory_Neuron
21663,636,Excitatory_Neuron
21664,627,Excitatory_Neuron
21665,665,unassigned
21666,666,Excitatory_Neuron
21667,631,Excitatory_Neuron
21668,645,Excitatory_Neuron
21669,663,Astro-Epen
21670,663,Astro-Epen
21671,666,Excitatory_Neuron
21672,631,Excitatory_Neuron
21673,639,Excitatory_Neuron
21674,642,Excitatory_Neuron
21675,642,Excitatory_Neuron
21676,672,unassigned
21677,645,Excitatory_Neuron
21678,636,Excitatory_Neuron
21679,663,Astro-Epen
21680,639,Excitatory_Neuron
21681,654,unassigned
21682,644,Excitatory_Neuron
21683,636,Excitatory_Neuron
21684,630,Excitatory_Neuron
21685,666,Excitatory_Neuron
21686,666,Excitatory_Neuron
21687,639,Excitatory_Neuron
21688,645,Excitatory_Neuron
21689,646,unassigned
21690,636,Excitatory_Neuron
21691,656,Astro-Epen
21692,635,Excitatory_Neuron
21693,639,Excitatory_Neuron
21694,673,unassigned
21695,651,unassigned
21696,628,Excitatory_Neuron
21697,647,Excitatory_Neuron
21698,645,Excitatory_Neuron
21699,627,Excitatory_Neuron
21700,645,Excitatory_Neuron
21701,644,Excitatory_Neuron
21702,633,unassigned
21703,636,Excitatory_Neuron
21704,628,Excitatory_Neuron
21705,639,Excitatory_Neuron
21706,654,unassigned
21707,642,Excitatory_Neuron
21708,640,GABA_Neuron
21709,646,unassigned
21710,633,unassigned
21711,627,Excitatory_Neuron
21712,644,Excitatory_Neuron
21713,651,unassigned
21714,651,unassigned
21715,656,Astro-Epen
21716,648,Excitatory_Neuron
21717,674,unassigned
21718,640,GABA_Neuron
21719,631,Excitatory_Neuron
21720,644,Excitatory_Neuron
21721,627,Excitatory_Neuron
21722,626,Astro-Epen
21723,628,Excitatory_Neuron
21724,652,Immune
21725,656,Astro-Epen
21726,633,unassigned
21727,653,Excitatory_Neuron
21728,657,unassigned
21729,640,GABA_Neuron
21730,631,Excitatory_Neuron
21731,645,Excitatory_Neuron
21732,647,Excitatory_Neuron
21733,666,Excitatory_Neuron
21734,645,Excitatory_Neuron
21735,646,unassigned
21736,650,unassigned
21737,627,Excitatory_Neuron
21738,673,unassigned
21739,644,Excitatory_Neuron
21740,644,Excitatory_Neuron
21741,644,Excitatory_Neuron
21742,668,Astro-Epen
21743,633,unassigned
21744,644,Excitatory_Neuron
21745,636,Excitatory_Neuron
21746,666,Excitatory_Neuron
21747,639,Excitatory_Neuron
21748,649,unassigned
21749,640,GABA_Neuron
21750,631,Excitatory_Neuron
21751,644,Excitatory_Neuron
21752,646,unassigned
21753,653,Excitatory_Neuron
21754,625,GABA_Neuron
21755,635,Excitatory_Neuron
21756,626,Astro-Epen
21757,627,Excitatory_Neuron
21758,630,Excitatory_Neuron
21759,648,Excitatory_Neuron
21760,645,Excitatory_Neuron
21761,644,Excitatory_Neuron
21762,633,unassigned
21763,646,unassigned
21764,650,unassigned
21765,664,unassigned
21766,628,Excitatory_Neuron
21767,647,Excitatory_Neuron
21768,645,Excitatory_Neuron
21769,662,unassigned
21770,644,Excitatory_Neuron
21771,651,unassigned
21772,628,Excitatory_Neuron
21773,642,Excitatory_Neuron
21774,639,Excitatory_Neuron
21775,640,GABA_Neuron
21776,644,Excitatory_Neuron
21777,646,unassigned
21778,636,Excitatory_Neuron
21779,647,Excitatory_Neuron
21780,647,Excitatory_Neuron
21781,648,Excitatory_Neuron
21782,646,unassigned
21783,649,unassigned
21784,643,Astro-Epen
21785,646,unassigned
21786,636,Excitatory_Neuron
21787,628,Excitatory_Neuron
21788,656,Astro-Epen
21789,628,Excitatory_Neuron
21790,640,GABA_Neuron
21791,649,unassigned
21792,672,unassigned
21793,650,unassigned
21794,627,Excitatory_Neuron
21795,647,Excitatory_Neuron
21796,631,Excitatory_Neuron
21797,631,Excitatory_Neuron
21798,647,Excitatory_Neuron
21799,666,Excitatory_Neuron
21800,645,Excitatory_Neuron
21801,635,Excitatory_Neuron
21802,645,Excitatory_Neuron
21803,630,Excitatory_Neuron
21804,656,Astro-Epen
21805,666,Excitatory_Neuron
21806,666,Excitatory_Neuron
21807,648,Excitatory_Neuron
21808,644,Excitatory_Neuron
21809,627,Excitatory_Neuron
21810,636,Excitatory_Neuron
21811,647,Excitatory_Neuron
21812,642,Excitatory_Neuron
21813,645,Excitatory_Neuron
21814,672,unassigned
21815,626,Astro-Epen
21816,647,Excitatory_Neuron
21817,647,Excitatory_Neuron
21818,635,Excitatory_Neuron
21819,642,Excitatory_Neuron
21820,646,unassigned
21821,650,unassigned
21822,625,GABA_Neuron
21823,635,Excitatory_Neuron
21824,643,Astro-Epen
21825,643,Astro-Epen
21826,644,Excitatory_Neuron
21827,650,unassigned
21828,625,GABA_Neuron
21829,653,Excitatory_Neuron
21830,636,Excitatory_Neuron
21831,627,Excitatory_Neuron
21832,628,Excitatory_Neuron
21833,628,Excitatory_Neuron
21834,663,Astro-Epen
21835,647,Excitatory_Neuron
21836,648,Excitatory_Neuron
21837,640,GABA_Neuron
21838,643,Astro-Epen
21839,633,unassigned
21840,630,Excitatory_Neuron
21841,647,Excitatory_Neuron
21842,631,Excitatory_Neuron
21843,631,Excitatory_Neuron
21844,656,Astro-Epen
21845,630,Excitatory_Neuron
21846,647,Excitatory_Neuron
21847,663,Astro-Epen
21848,642,Excitatory_Neuron
21849,644,Excitatory_Neuron
21850,627,Excitatory_Neuron
21851,626,Astro-Epen
21852,626,Astro-Epen
21853,647,Excitatory_Neuron
21854,674,unassigned
21855,666,Excitatory_Neuron
21856,639,Excitatory_Neuron
21857,642,Excitatory_Neuron
21858,673,unassigned
21859,652,Immune
21860,663,Astro-Epen
21861,631,Excitatory_Neuron
21862,645,Excitatory_Neuron
21863,644,Excitatory_Neuron
21864,652,Immune
21865,647,Excitatory_Neuron
21866,648,Excitatory_Neuron
21867,663,Astro-Epen
21868,643,Astro-Epen
21869,628,Excitatory_Neuron
21870,628,Excitatory_Neuron
21871,652,Immune
21872,640,GABA_Neuron
21873,644,Excitatory_Neuron
21874,653,Excitatory_Neuron
21875,664,unassigned
21876,627,Excitatory_Neuron
21877,630,Excitatory_Neuron
21878,674,unassigned
21879,645,Excitatory_Neuron
21880,644,Excitatory_Neuron
21881,651,unassigned
21882,628,Excitatory_Neuron
21883,652,Immune
21884,648,Excitatory_Neuron
21885,644,Excitatory_Neuron
21886,664,unassigned
21887,628,Excitatory_Neuron
21888,647,Excitatory_Neuron
21889,666,Excitatory_Neuron
21890,648,Excitatory_Neuron
21891,631,Excitatory_Neuron
21892,653,Excitatory_Neuron
21893,653,Excitatory_Neuron
21894,627,Excitatory_Neuron
21895,627,Excitatory_Neuron
21896,628,Excitatory_Neuron
21897,640,GABA_Neuron
21898,662,unassigned
21899,657,unassigned
21900,644,Excitatory_Neuron
21901,653,Excitatory_Neuron
21902,649,unassigned
21903,631,Excitatory_Neuron
21904,650,unassigned
21905,656,Astro-Epen
21906,631,Excitatory_Neuron
21907,627,Excitatory_Neuron
21908,673,unassigned
21909,654,unassigned
21910,645,Excitatory_Neuron
21911,644,Excitatory_Neuron
21912,652,Immune
21913,656,Astro-Epen
21914,648,Excitatory_Neuron
21915,674,unassigned
21916,644,Excitatory_Neuron
21917,625,GABA_Neuron
21918,626,Astro-Epen
21919,628,Excitatory_Neuron
21920,665,unassigned
21921,663,Astro-Epen
21922,631,Excitatory_Neuron
21923,628,Excitatory_Neuron
21924,656,Astro-Epen
21925,628,Excitatory_Neuron
21926,647,Excitatory_Neuron
21927,647,Excitatory_Neuron
21928,631,Excitatory_Neuron
21929,673,unassigned
21930,645,Excitatory_Neuron
21931,662,unassigned
21932,644,Excitatory_Neuron
21933,646,unassigned
21934,650,unassigned
21935,628,Excitatory_Neuron
21936,666,Excitatory_Neuron
21937,675,unassigned
21938,640,GABA_Neuron
21939,644,Excitatory_Neuron
21940,656,Astro-Epen
21941,652,Immune
21942,663,Astro-Epen
21943,648,Excitatory_Neuron
21944,640,GABA_Neuron
21945,673,unassigned
21946,645,Excitatory_Neuron
21947,662,unassigned
21948,662,unassigned
21949,636,Excitatory_Neuron
21950,656,Astro-Epen
21951,647,Excitatory_Neuron
21952,648,Excitatory_Neuron
21953,644,Excitatory_Neuron
21954,630,Excitatory_Neuron
21955,628,Excitatory_Neuron
21956,628,Excitatory_Neuron
21957,656,Astro-Epen
21958,648,Excitatory_Neuron
21959,631,Excitatory_Neuron
21960,640,GABA_Neuron
21961,627,Excitatory_Neuron
21962,635,Excitatory_Neuron
21963,626,Astro-Epen
21964,656,Astro-Epen
21965,628,Excitatory_Neuron
21966,628,Excitatory_Neuron
21967,647,Excitatory_Neuron
21968,652,Immune
21969,666,Excitatory_Neuron
21970,631,Excitatory_Neuron
21971,628,Excitatory_Neuron
21972,656,Astro-Epen
21973,658,Astro-Epen
21974,663,Astro-Epen
21975,635,Excitatory_Neuron
21976,662,unassigned
21977,653,Excitatory_Neuron
21978,656,Astro-Epen
21979,658,Astro-Epen
21980,628,Excitatory_Neuron
21981,652,Immune
21982,640,GABA_Neuron
21983,635,Excitatory_Neuron
21984,643,Astro-Epen
21985,644,Excitatory_Neuron
21986,633,unassigned
21987,627,Excitatory_Neuron
21988,658,Astro-Epen
21989,650,unassigned
21990,663,Astro-Epen
21991,663,Astro-Epen
21992,649,unassigned
21993,645,Excitatory_Neuron
21994,645,Excitatory_Neuron
21995,644,Excitatory_Neuron
21996,628,Excitatory_Neuron
21997,630,Excitatory_Neuron
21998,631,Excitatory_Neuron
21999,642,Excitatory_Neuron
22000,664,unassigned
22001,663,Astro-Epen
22002,635,Excitatory_Neuron
22003,631,Excitatory_Neuron
22004,631,Excitatory_Neuron
22005,642,Excitatory_Neuron
22006,642,Excitatory_Neuron
22007,631,Excitatory_Neuron
22008,651,unassigned
22009,636,Excitatory_Neuron
22010,647,Excitatory_Neuron
22011,630,Excitatory_Neuron
22012,647,Excitatory_Neuron
22013,656,Astro-Epen
22014,636,Excitatory_Neuron
22015,630,Excitatory_Neuron
22016,643,Astro-Epen
22017,653,Excitatory_Neuron
22018,656,Astro-Epen
22019,663,Astro-Epen
22020,649,unassigned
22021,642,Excitatory_Neuron
22022,644,Excitatory_Neuron
22023,628,Excitatory_Neuron
22024,658,Astro-Epen
22025,663,Astro-Epen
22026,653,Excitatory_Neuron
22027,663,Astro-Epen
22028,639,Excitatory_Neuron
22029,674,unassigned
22030,631,Excitatory_Neuron
22031,631,Excitatory_Neuron
22032,642,Excitatory_Neuron
22033,635,Excitatory_Neuron
22034,642,Excitatory_Neuron
22035,625,GABA_Neuron
22036,625,GABA_Neuron
22037,628,Excitatory_Neuron
22038,647,Excitatory_Neuron
22039,630,Excitatory_Neuron
22040,642,Excitatory_Neuron
22041,642,Excitatory_Neuron
22042,631,Excitatory_Neuron
22043,631,Excitatory_Neuron
22044,635,Excitatory_Neuron
22045,662,unassigned
22046,662,unassigned
22047,652,Immune
22048,674,unassigned
22049,642,Excitatory_Neuron
22050,642,Excitatory_Neuron
22051,653,Excitatory_Neuron
22052,647,Excitatory_Neuron
22053,656,Astro-Epen
22054,663,Astro-Epen
22055,647,Excitatory_Neuron
22056,635,Excitatory_Neuron
22057,642,Excitatory_Neuron
22058,642,Excitatory_Neuron
22059,636,Excitatory_Neuron
22060,628,Excitatory_Neuron
22061,642,Excitatory_Neuron
22062,636,Excitatory_Neuron
22063,628,Excitatory_Neuron
22064,628,Excitatory_Neuron
22065,658,Astro-Epen
22066,630,Excitatory_Neuron
22067,642,Excitatory_Neuron
22068,635,Excitatory_Neuron
22069,642,Excitatory_Neuron
22070,653,Excitatory_Neuron
22071,652,Immune
22072,628,Excitatory_Neuron
22073,630,Excitatory_Neuron
22074,657,unassigned
22075,630,Excitatory_Neuron
22076,663,Astro-Epen
22077,630,Excitatory_Neuron
22078,642,Excitatory_Neuron
22079,635,Excitatory_Neuron
22080,645,Excitatory_Neuron
22081,636,Excitatory_Neuron
22082,666,Excitatory_Neuron
22083,644,Excitatory_Neuron
22084,626,Astro-Epen
22085,627,Excitatory_Neuron
22086,658,Astro-Epen
22087,625,GABA_Neuron
22088,666,Excitatory_Neuron
22089,675,unassigned
22090,645,Excitatory_Neuron
22091,625,GABA_Neuron
22092,625,GABA_Neuron
22093,658,Astro-Epen
22094,630,Excitatory_Neuron
22095,640,GABA_Neuron
22096,642,Excitatory_Neuron
22097,627,Excitatory_Neuron
22098,628,Excitatory_Neuron
22099,625,GABA_Neuron
22100,625,GABA_Neuron
22101,628,Excitatory_Neuron
22102,630,Excitatory_Neuron
22103,635,Excitatory_Neuron
22104,635,Excitatory_Neuron
22105,642,Excitatory_Neuron
22106,628,Excitatory_Neuron
22107,628,Excitatory_Neuron
22108,647,Excitatory_Neuron
22109,648,Excitatory_Neuron
22110,666,Excitatory_Neuron
22111,642,Excitatory_Neuron
22112,631,Excitatory_Neuron
22113,645,Excitatory_Neuron
22114,647,Excitatory_Neuron
22115,628,Excitatory_Neuron
22116,674,unassigned
22117,631,Excitatory_Neuron
22118,674,unassigned
22119,642,Excitatory_Neuron
22120,647,Excitatory_Neuron
22121,652,Immune
22122,648,Excitatory_Neuron
22123,640,GABA_Neuron
22124,644,Excitatory_Neuron
22125,631,Excitatory_Neuron
22126,662,unassigned
22127,625,GABA_Neuron
22128,647,Excitatory_Neuron
22129,656,Astro-Epen
22130,648,Excitatory_Neuron
22131,630,Excitatory_Neuron
22132,630,Excitatory_Neuron
22133,631,Excitatory_Neuron
22134,642,Excitatory_Neuron
22135,648,Excitatory_Neuron
22136,674,unassigned
22137,635,Excitatory_Neuron
22138,626,Astro-Epen
22139,666,Excitatory_Neuron
22140,640,GABA_Neuron
22141,662,unassigned
22142,625,GABA_Neuron
22143,627,Excitatory_Neuron
22144,642,Excitatory_Neuron
22145,642,Excitatory_Neuron
22146,635,Excitatory_Neuron
22147,631,Excitatory_Neuron
22148,631,Excitatory_Neuron
22149,645,Excitatory_Neuron
22150,643,Astro-Epen
22151,625,GABA_Neuron
22152,631,Excitatory_Neuron
22153,645,Excitatory_Neuron
22154,648,Excitatory_Neuron
22155,635,Excitatory_Neuron
22156,642,Excitatory_Neuron
22157,648,Excitatory_Neuron
22158,635,Excitatory_Neuron
22159,674,unassigned
22160,635,Excitatory_Neuron
22161,643,Astro-Epen
22162,676,unassigned
22163,628,Excitatory_Neuron
22164,630,Excitatory_Neuron
22165,635,Excitatory_Neuron
22166,645,Excitatory_Neuron
22167,662,unassigned
22168,645,Excitatory_Neuron
22169,677,unassigned
22170,644,Excitatory_Neuron
22171,627,Excitatory_Neuron
22172,648,Excitatory_Neuron
22173,663,Astro-Epen
22174,642,Excitatory_Neuron
22175,628,Excitatory_Neuron
22176,628,Excitatory_Neuron
22177,630,Excitatory_Neuron
22178,663,Astro-Epen
22179,648,Excitatory_Neuron
22180,663,Astro-Epen
22181,663,Astro-Epen
22182,635,Excitatory_Neuron
22183,644,Excitatory_Neuron
22184,635,Excitatory_Neuron
22185,642,Excitatory_Neuron
22186,654,unassigned
22187,631,Excitatory_Neuron
22188,651,unassigned
22189,630,Excitatory_Neuron
22190,675,unassigned
22191,642,Excitatory_Neuron
22192,645,Excitatory_Neuron
22193,644,Excitatory_Neuron
22194,644,Excitatory_Neuron
22195,625,GABA_Neuron
22196,648,Excitatory_Neuron
22197,631,Excitatory_Neuron
22198,668,Astro-Epen
22199,626,Astro-Epen
22200,653,Excitatory_Neuron
22201,630,Excitatory_Neuron
22202,647,Excitatory_Neuron
22203,647,Excitatory_Neuron
22204,663,Astro-Epen
22205,648,Excitatory_Neuron
22206,642,Excitatory_Neuron
22207,645,Excitatory_Neuron
22208,653,Excitatory_Neuron
22209,627,Excitatory_Neuron
22210,628,Excitatory_Neuron
22211,663,Astro-Epen
22212,663,Astro-Epen
22213,674,unassigned
22214,631,Excitatory_Neuron
22215,676,unassigned
22216,676,unassigned
22217,635,Excitatory_Neuron
22218,631,Excitatory_Neuron
22219,631,Excitatory_Neuron
22220,644,Excitatory_Neuron
22221,653,Excitatory_Neuron
22222,630,Excitatory_Neuron
22223,630,Excitatory_Neuron
22224,663,Astro-Epen
22225,642,Excitatory_Neuron
22226,645,Excitatory_Neuron
22227,647,Excitatory_Neuron
22228,656,Astro-Epen
22229,642,Excitatory_Neuron
22230,631,Excitatory_Neuron
22231,631,Excitatory_Neuron
22232,640,GABA_Neuron
22233,643,Astro-Epen
22234,678,unassigned
22235,627,Excitatory_Neuron
22236,626,Astro-Epen
22237,626,Astro-Epen
22238,628,Excitatory_Neuron
22239,647,Excitatory_Neuron
22240,656,Astro-Epen
22241,663,Astro-Epen
22242,635,Excitatory_Neuron
22243,647,Excitatory_Neuron
22244,674,unassigned
22245,645,Excitatory_Neuron
22246,662,unassigned
22247,627,Excitatory_Neuron
22248,628,Excitatory_Neuron
22249,666,Excitatory_Neuron
22250,674,unassigned
22251,648,Excitatory_Neuron
22252,642,Excitatory_Neuron
22253,631,Excitatory_Neuron
22254,631,Excitatory_Neuron
22255,628,Excitatory_Neuron
22256,630,Excitatory_Neuron
22257,630,Excitatory_Neuron
22258,674,unassigned
22259,674,unassigned
22260,672,unassigned
22261,630,Excitatory_Neuron
22262,658,Astro-Epen
22263,674,unassigned
22264,674,unassigned
22265,640,GABA_Neuron
22266,640,GABA_Neuron
22267,640,GABA_Neuron
22268,642,Excitatory_Neuron
22269,626,Astro-Epen
22270,630,Excitatory_Neuron
22271,628,Excitatory_Neuron
22272,647,Excitatory_Neuron
22273,647,Excitatory_Neuron
22274,630,Excitatory_Neuron
22275,663,Astro-Epen
22276,631,Excitatory_Neuron
22277,642,Excitatory_Neuron
22278,631,Excitatory_Neuron
22279,642,Excitatory_Neuron
22280,650,unassigned
22281,663,Astro-Epen
22282,639,Excitatory_Neuron
22283,642,Excitatory_Neuron
22284,662,unassigned
22285,654,unassigned
22286,652,Immune
22287,630,Excitatory_Neuron
22288,674,unassigned
22289,674,unassigned
22290,648,Excitatory_Neuron
22291,635,Excitatory_Neuron
22292,645,Excitatory_Neuron
22293,643,Astro-Epen
22294,625,GABA_Neuron
22295,628,Excitatory_Neuron
22296,656,Astro-Epen
22297,656,Astro-Epen
22298,645,Excitatory_Neuron
22299,630,Excitatory_Neuron
22300,630,Excitatory_Neuron
22301,630,Excitatory_Neuron
22302,643,Astro-Epen
22303,630,Excitatory_Neuron
22304,630,Excitatory_Neuron
22305,642,Excitatory_Neuron
22306,645,Excitatory_Neuron
22307,642,Excitatory_Neuron
22308,628,Excitatory_Neuron
22309,628,Excitatory_Neuron
22310,656,Astro-Epen
22311,663,Astro-Epen
22312,640,GABA_Neuron
22313,640,GABA_Neuron
22314,642,Excitatory_Neuron
22315,628,Excitatory_Neuron
22316,640,GABA_Neuron
22317,642,Excitatory_Neuron
22318,627,Excitatory_Neuron
22319,628,Excitatory_Neuron
22320,628,Excitatory_Neuron
22321,640,GABA_Neuron
22322,631,Excitatory_Neuron
22323,640,GABA_Neuron
22324,643,Astro-Epen
22325,627,Excitatory_Neuron
22326,674,unassigned
22327,642,Excitatory_Neuron
22328,642,Excitatory_Neuron
22329,640,GABA_Neuron
22330,640,GABA_Neuron
22331,631,Excitatory_Neuron
22332,654,unassigned
22333,668,Astro-Epen
22334,625,GABA_Neuron
22335,628,Excitatory_Neuron
22336,658,Astro-Epen
22337,658,Astro-Epen
22338,635,Excitatory_Neuron
22339,658,Astro-Epen
22340,642,Excitatory_Neuron
22341,640,GABA_Neuron
22342,654,unassigned
22343,643,Astro-Epen
22344,643,Astro-Epen
22345,626,Astro-Epen
22346,652,Immune
22347,652,Immune
22348,648,Excitatory_Neuron
22349,631,Excitatory_Neuron
22350,635,Excitatory_Neuron
22351,642,Excitatory_Neuron
22352,652,Immune
22353,647,Excitatory_Neuron
22354,631,Excitatory_Neuron
22355,645,Excitatory_Neuron
22356,628,Excitatory_Neuron
22357,647,Excitatory_Neuron
22358,674,unassigned
22359,648,Excitatory_Neuron
22360,675,unassigned
22361,675,unassigned
22362,645,Excitatory_Neuron
22363,645,Excitatory_Neuron
22364,645,Excitatory_Neuron
22365,626,Astro-Epen
22366,642,Excitatory_Neuron
22367,635,Excitatory_Neuron
22368,636,Excitatory_Neuron
22369,648,Excitatory_Neuron
22370,642,Excitatory_Neuron
22371,626,Astro-Epen
22372,647,Excitatory_Neuron
22373,639,Excitatory_Neuron
22374,635,Excitatory_Neuron
22375,640,GABA_Neuron
22376,635,Excitatory_Neuron
22377,643,Astro-Epen
22378,653,Excitatory_Neuron
22379,652,Immune
22380,674,unassigned
22381,666,Excitatory_Neuron
22382,648,Excitatory_Neuron
22383,640,GABA_Neuron
22384,642,Excitatory_Neuron
22385,631,Excitatory_Neuron
22386,643,Astro-Epen
22387,654,unassigned
22388,628,Excitatory_Neuron
22389,656,Astro-Epen
22390,652,Immune
22391,663,Astro-Epen
22392,635,Excitatory_Neuron
22393,642,Excitatory_Neuron
22394,631,Excitatory_Neuron
22395,625,GABA_Neuron
22396,628,Excitatory_Neuron
22397,647,Excitatory_Neuron
22398,651,unassigned
22399,626,Astro-Epen
22400,625,GABA_Neuron
22401,647,Excitatory_Neuron
22402,631,Excitatory_Neuron
22403,642,Excitatory_Neuron
22404,625,GABA_Neuron
22405,652,Immune
22406,625,GABA_Neuron
22407,656,Astro-Epen
22408,642,Excitatory_Neuron
22409,676,unassigned
22410,653,Excitatory_Neuron
22411,625,GABA_Neuron
22412,627,Excitatory_Neuron
22413,647,Excitatory_Neuron
22414,663,Astro-Epen
22415,648,Excitatory_Neuron
22416,674,unassigned
22417,643,Astro-Epen
22418,625,GABA_Neuron
22419,628,Excitatory_Neuron
22420,630,Excitatory_Neuron
22421,674,unassigned
22422,635,Excitatory_Neuron
22423,644,Excitatory_Neuron
22424,651,unassigned
22425,627,Excitatory_Neuron
22426,628,Excitatory_Neuron
22427,652,Immune
22428,647,Excitatory_Neuron
22429,653,Excitatory_Neuron
22430,627,Excitatory_Neuron
22431,626,Astro-Epen
22432,626,Astro-Epen
22433,630,Excitatory_Neuron
22434,675,unassigned
22435,640,GABA_Neuron
22436,645,Excitatory_Neuron
22437,676,unassigned
22438,628,Excitatory_Neuron
22439,630,Excitatory_Neuron
22440,631,Excitatory_Neuron
22441,640,GABA_Neuron
22442,643,Astro-Epen
22443,625,GABA_Neuron
22444,647,Excitatory_Neuron
22445,675,unassigned
22446,640,GABA_Neuron
22447,631,Excitatory_Neuron
22448,642,Excitatory_Neuron
22449,625,GABA_Neuron
22450,626,Astro-Epen
22451,654,unassigned
22452,630,Excitatory_Neuron
22453,630,Excitatory_Neuron
22454,647,Excitatory_Neuron
22455,663,Astro-Epen
22456,674,unassigned
22457,675,unassigned
22458,631,Excitatory_Neuron
22459,635,Excitatory_Neuron
22460,653,Excitatory_Neuron
22461,628,Excitatory_Neuron
22462,630,Excitatory_Neuron
22463,639,Excitatory_Neuron
22464,642,Excitatory_Neuron
22465,644,Excitatory_Neuron
22466,647,Excitatory_Neuron
22467,663,Astro-Epen
22468,635,Excitatory_Neuron
22469,653,Excitatory_Neuron
22470,652,Immune
22471,628,Excitatory_Neuron
22472,630,Excitatory_Neuron
22473,640,GABA_Neuron
22474,635,Excitatory_Neuron
22475,644,Excitatory_Neuron
22476,627,Excitatory_Neuron
22477,626,Astro-Epen
22478,652,Immune
22479,628,Excitatory_Neuron
22480,656,Astro-Epen
22481,663,Astro-Epen
22482,675,unassigned
22483,635,Excitatory_Neuron
22484,645,Excitatory_Neuron
22485,642,Excitatory_Neuron
22486,645,Excitatory_Neuron
22487,677,unassigned
22488,625,GABA_Neuron
22489,652,Immune
22490,675,unassigned
22491,639,Excitatory_Neuron
22492,643,Astro-Epen
22493,676,unassigned
22494,676,unassigned
22495,625,GABA_Neuron
22496,630,Excitatory_Neuron
22497,630,Excitatory_Neuron
22498,643,Astro-Epen
22499,651,unassigned
22500,628,Excitatory_Neuron
22501,652,Immune
22502,677,unassigned
22503,676,unassigned
22504,625,GABA_Neuron
22505,628,Excitatory_Neuron
22506,628,Excitatory_Neuron
22507,628,Excitatory_Neuron
22508,658,Astro-Epen
22509,663,Astro-Epen
22510,679,unassigned
22511,640,GABA_Neuron
22512,640,GABA_Neuron
22513,658,Astro-Epen
22514,666,Excitatory_Neuron
22515,640,GABA_Neuron
22516,631,Excitatory_Neuron
22517,627,Excitatory_Neuron
22518,626,Astro-Epen
22519,630,Excitatory_Neuron
22520,674,unassigned
22521,666,Excitatory_Neuron
22522,626,Astro-Epen
22523,628,Excitatory_Neuron
22524,625,GABA_Neuron
22525,628,Excitatory_Neuron
22526,628,Excitatory_Neuron
22527,652,Immune
22528,674,unassigned
22529,640,GABA_Neuron
22530,626,Astro-Epen
22531,635,Excitatory_Neuron
22532,643,Astro-Epen
22533,644,Excitatory_Neuron
22534,668,Astro-Epen
22535,644,Excitatory_Neuron
22536,680,unassigned
22537,627,Excitatory_Neuron
22538,625,GABA_Neuron
22539,656,Astro-Epen
22540,666,Excitatory_Neuron
22541,648,Excitatory_Neuron
22542,635,Excitatory_Neuron
22543,675,unassigned
22544,676,unassigned
22545,626,Astro-Epen
22546,628,Excitatory_Neuron
22547,652,Immune
22548,679,unassigned
22549,635,Excitatory_Neuron
22550,650,unassigned
22551,627,Excitatory_Neuron
22552,627,Excitatory_Neuron
22553,658,Astro-Epen
22554,658,Astro-Epen
22555,648,Excitatory_Neuron
22556,640,GABA_Neuron
22557,631,Excitatory_Neuron
22558,640,GABA_Neuron
22559,628,Excitatory_Neuron
22560,656,Astro-Epen
22561,630,Excitatory_Neuron
22562,681,unassigned
22563,642,Excitatory_Neuron
22564,653,Excitatory_Neuron
22565,658,Astro-Epen
22566,658,Astro-Epen
22567,663,Astro-Epen
22568,640,GABA_Neuron
22569,631,Excitatory_Neuron
22570,674,unassigned
22571,635,Excitatory_Neuron
22572,642,Excitatory_Neuron
22573,642,Excitatory_Neuron
22574,644,Excitatory_Neuron
22575,626,Astro-Epen
22576,626,Astro-Epen
22577,628,Excitatory_Neuron
22578,640,GABA_Neuron
22579,625,GABA_Neuron
22580,625,GABA_Neuron
22581,626,Astro-Epen
22582,663,Astro-Epen
22583,631,Excitatory_Neuron
22584,640,GABA_Neuron
22585,627,Excitatory_Neuron
22586,626,Astro-Epen
22587,656,Astro-Epen
22588,630,Excitatory_Neuron
22589,663,Astro-Epen
22590,635,Excitatory_Neuron
22591,668,Astro-Epen
22592,653,Excitatory_Neuron
22593,679,unassigned
22594,635,Excitatory_Neuron
22595,635,Excitatory_Neuron
22596,640,GABA_Neuron
22597,625,GABA_Neuron
22598,630,Excitatory_Neuron
22599,679,unassigned
22600,642,Excitatory_Neuron
22601,653,Excitatory_Neuron
22602,625,GABA_Neuron
22603,652,Immune
22604,648,Excitatory_Neuron
22605,656,Astro-Epen
22606,647,Excitatory_Neuron
22607,644,Excitatory_Neuron
22608,653,Excitatory_Neuron
22609,653,Excitatory_Neuron
22610,625,GABA_Neuron
22611,630,Excitatory_Neuron
22612,666,Excitatory_Neuron
22613,674,unassigned
22614,668,Astro-Epen
22615,626,Astro-Epen
22616,647,Excitatory_Neuron
22617,663,Astro-Epen
22618,663,Astro-Epen
22619,640,GABA_Neuron
22620,631,Excitatory_Neuron
22621,628,Excitatory_Neuron
22622,625,GABA_Neuron
22623,640,GABA_Neuron
22624,644,Excitatory_Neuron
22625,651,unassigned
22626,648,Excitatory_Neuron
22627,631,Excitatory_Neuron
22628,631,Excitatory_Neuron
22629,640,GABA_Neuron
22630,625,GABA_Neuron
22631,666,Excitatory_Neuron
22632,674,unassigned
22633,631,Excitatory_Neuron
22634,631,Excitatory_Neuron
22635,644,Excitatory_Neuron
22636,628,Excitatory_Neuron
22637,666,Excitatory_Neuron
22638,668,Astro-Epen
22639,644,Excitatory_Neuron
22640,653,Excitatory_Neuron
22641,626,Astro-Epen
22642,635,Excitatory_Neuron
22643,640,GABA_Neuron
22644,644,Excitatory_Neuron
22645,630,Excitatory_Neuron
22646,630,Excitatory_Neuron
22647,648,Excitatory_Neuron
22648,640,GABA_Neuron
22649,640,GABA_Neuron
22650,631,Excitatory_Neuron
22651,631,Excitatory_Neuron
22652,677,unassigned
22653,644,Excitatory_Neuron
22654,651,unassigned
22655,682,unassigned
22656,656,Astro-Epen
22657,656,Astro-Epen
22658,656,Astro-Epen
22659,640,GABA_Neuron
22660,631,Excitatory_Neuron
22661,656,Astro-Epen
22662,631,Excitatory_Neuron
22663,648,Excitatory_Neuron
22664,635,Excitatory_Neuron
22665,683,unassigned
22666,683,unassigned
22667,677,unassigned
22668,653,Excitatory_Neuron
22669,648,Excitatory_Neuron
22670,663,Astro-Epen
22671,631,Excitatory_Neuron
22672,653,Excitatory_Neuron
22673,626,Astro-Epen
22674,628,Excitatory_Neuron
22675,648,Excitatory_Neuron
22676,663,Astro-Epen
22677,684,unassigned
22678,640,GABA_Neuron
22679,628,Excitatory_Neuron
22680,666,Excitatory_Neuron
22681,642,Excitatory_Neuron
22682,642,Excitatory_Neuron
22683,640,GABA_Neuron
22684,647,Excitatory_Neuron
22685,648,Excitatory_Neuron
22686,663,Astro-Epen
22687,635,Excitatory_Neuron
22688,653,Excitatory_Neuron
22689,628,Excitatory_Neuron
22690,656,Astro-Epen
22691,666,Excitatory_Neuron
22692,683,unassigned
22693,683,unassigned
22694,668,Astro-Epen
22695,653,Excitatory_Neuron
22696,628,Excitatory_Neuron
22697,628,Excitatory_Neuron
22698,666,Excitatory_Neuron
22699,640,GABA_Neuron
22700,645,Excitatory_Neuron
22701,628,Excitatory_Neuron
22702,648,Excitatory_Neuron
22703,675,unassigned
22704,640,GABA_Neuron
22705,631,Excitatory_Neuron
22706,631,Excitatory_Neuron
22707,677,unassigned
22708,628,Excitatory_Neuron
22709,626,Astro-Epen
22710,666,Excitatory_Neuron
22711,635,Excitatory_Neuron
22712,640,GABA_Neuron
22713,631,Excitatory_Neuron
22714,677,unassigned
22715,685,unassigned
22716,627,Excitatory_Neuron
22717,648,Excitatory_Neuron
22718,679,unassigned
22719,663,Astro-Epen
22720,631,Excitatory_Neuron
22721,628,Excitatory_Neuron
22722,628,Excitatory_Neuron
22723,666,Excitatory_Neuron
22724,640,GABA_Neuron
22725,626,Astro-Epen
22726,640,GABA_Neuron
22727,635,Excitatory_Neuron
22728,643,Astro-Epen
22729,631,Excitatory_Neuron
22730,640,GABA_Neuron
22731,683,unassigned
22732,668,Astro-Epen
22733,626,Astro-Epen
22734,647,Excitatory_Neuron
22735,640,GABA_Neuron
22736,627,Excitatory_Neuron
22737,675,unassigned
22738,640,GABA_Neuron
22739,627,Excitatory_Neuron
22740,626,Astro-Epen
22741,656,Astro-Epen
22742,630,Excitatory_Neuron
22743,648,Excitatory_Neuron
22744,627,Excitatory_Neuron
22745,666,Excitatory_Neuron
22746,627,Excitatory_Neuron
22747,627,Excitatory_Neuron
22748,628,Excitatory_Neuron
22749,631,Excitatory_Neuron
22750,650,unassigned
22751,628,Excitatory_Neuron
22752,686,unassigned
22753,628,Excitatory_Neuron
22754,630,Excitatory_Neuron
22755,631,Excitatory_Neuron
22756,640,GABA_Neuron
22757,687,unassigned
22758,640,GABA_Neuron
22759,686,unassigned
22760,627,Excitatory_Neuron
22761,626,Astro-Epen
22762,652,Immune
22763,687,unassigned
22764,640,GABA_Neuron
22765,643,Astro-Epen
22766,643,Astro-Epen
22767,627,Excitatory_Neuron
22768,656,Astro-Epen
22769,628,Excitatory_Neuron
22770,628,Excitatory_Neuron
22771,628,Excitatory_Neuron
22772,656,Astro-Epen
22773,640,GABA_Neuron
22774,635,Excitatory_Neuron
22775,628,Excitatory_Neuron
22776,688,unassigned
22777,640,GABA_Neuron
22778,676,unassigned
22779,627,Excitatory_Neuron
22780,625,GABA_Neuron
22781,635,Excitatory_Neuron
22782,640,GABA_Neuron
22783,642,Excitatory_Neuron
22784,643,Astro-Epen
22785,640,GABA_Neuron
22786,683,unassigned
22787,680,unassigned
22788,627,Excitatory_Neuron
22789,627,Excitatory_Neuron
22790,635,Excitatory_Neuron
22791,689,unassigned
22792,635,Excitatory_Neuron
22793,631,Excitatory_Neuron
22794,645,Excitatory_Neuron
22795,640,GABA_Neuron
22796,626,Astro-Epen
22797,628,Excitatory_Neuron
22798,656,Astro-Epen
22799,676,unassigned
22800,648,Excitatory_Neuron
22801,675,unassigned
22802,642,Excitatory_Neuron
22803,627,Excitatory_Neuron
22804,627,Excitatory_Neuron
22805,626,Astro-Epen
22806,628,Excitatory_Neuron
22807,648,Excitatory_Neuron
22808,640,GABA_Neuron
22809,642,Excitatory_Neuron
22810,628,Excitatory_Neuron
22811,689,unassigned
22812,648,Excitatory_Neuron
22813,642,Excitatory_Neuron
22814,676,unassigned
22815,680,unassigned
22816,627,Excitatory_Neuron
22817,627,Excitatory_Neuron
22818,666,Excitatory_Neuron
22819,635,Excitatory_Neuron
22820,642,Excitatory_Neuron
22821,642,Excitatory_Neuron
22822,647,Excitatory_Neuron
22823,648,Excitatory_Neuron
22824,635,Excitatory_Neuron
22825,640,GABA_Neuron
22826,643,Astro-Epen
22827,676,unassigned
22828,653,Excitatory_Neuron
22829,635,Excitatory_Neuron
22830,640,GABA_Neuron
22831,631,Excitatory_Neuron
22832,627,Excitatory_Neuron
22833,648,Excitatory_Neuron
22834,630,Excitatory_Neuron
22835,635,Excitatory_Neuron
22836,640,GABA_Neuron
22837,644,Excitatory_Neuron
22838,627,Excitatory_Neuron
22839,627,Excitatory_Neuron
22840,658,Astro-Epen
22841,635,Excitatory_Neuron
22842,668,Astro-Epen
22843,648,Excitatory_Neuron
22844,643,Astro-Epen
22845,625,GABA_Neuron
22846,627,Excitatory_Neuron
22847,627,Excitatory_Neuron
22848,647,Excitatory_Neuron
22849,630,Excitatory_Neuron
22850,647,Excitatory_Neuron
22851,647,Excitatory_Neuron
22852,630,Excitatory_Neuron
22853,648,Excitatory_Neuron
22854,666,Excitatory_Neuron
22855,631,Excitatory_Neuron
22856,643,Astro-Epen
22857,680,unassigned
22858,625,GABA_Neuron
22859,628,Excitatory_Neuron
22860,647,Excitatory_Neuron
22861,656,Astro-Epen
22862,679,unassigned
22863,642,Excitatory_Neuron
22864,635,Excitatory_Neuron
22865,627,Excitatory_Neuron
22866,642,Excitatory_Neuron
22867,668,Astro-Epen
22868,656,Astro-Epen
22869,656,Astro-Epen
22870,658,Astro-Epen
22871,658,Astro-Epen
22872,648,Excitatory_Neuron
22873,640,GABA_Neuron
22874,631,Excitatory_Neuron
22875,631,Excitatory_Neuron
22876,656,Astro-Epen
22877,630,Excitatory_Neuron
22878,656,Astro-Epen
22879,631,Excitatory_Neuron
22880,642,Excitatory_Neuron
22881,676,unassigned
22882,676,unassigned
22883,625,GABA_Neuron
22884,628,Excitatory_Neuron
22885,648,Excitatory_Neuron
22886,635,Excitatory_Neuron
22887,640,GABA_Neuron
22888,653,Excitatory_Neuron
22889,628,Excitatory_Neuron
22890,648,Excitatory_Neuron
22891,648,Excitatory_Neuron
22892,675,unassigned
22893,674,unassigned
22894,643,Astro-Epen
22895,680,unassigned
22896,627,Excitatory_Neuron
22897,626,Astro-Epen
22898,682,unassigned
22899,648,Excitatory_Neuron
22900,627,Excitatory_Neuron
22901,627,Excitatory_Neuron
22902,656,Astro-Epen
22903,689,unassigned
22904,630,Excitatory_Neuron
22905,635,Excitatory_Neuron
22906,631,Excitatory_Neuron
22907,643,Astro-Epen
22908,680,unassigned
22909,626,Astro-Epen
22910,626,Astro-Epen
22911,628,Excitatory_Neuron
22912,689,unassigned
22913,679,unassigned
22914,630,Excitatory_Neuron
22915,643,Astro-Epen
22916,676,unassigned
22917,653,Excitatory_Neuron
22918,627,Excitatory_Neuron
22919,626,Astro-Epen
22920,625,GABA_Neuron
22921,627,Excitatory_Neuron
22922,628,Excitatory_Neuron
22923,630,Excitatory_Neuron
22924,689,unassigned
22925,647,Excitatory_Neuron
22926,635,Excitatory_Neuron
22927,640,GABA_Neuron
22928,640,GABA_Neuron
22929,631,Excitatory_Neuron
22930,643,Astro-Epen
22931,643,Astro-Epen
22932,668,Astro-Epen
22933,668,Astro-Epen
22934,656,Astro-Epen
22935,630,Excitatory_Neuron
22936,635,Excitatory_Neuron
22937,640,GABA_Neuron
22938,631,Excitatory_Neuron
22939,683,unassigned
22940,643,Astro-Epen
22941,683,unassigned
22942,683,unassigned
22943,680,unassigned
22944,627,Excitatory_Neuron
22945,627,Excitatory_Neuron
22946,625,GABA_Neuron
22947,627,Excitatory_Neuron
22948,628,Excitatory_Neuron
22949,627,Excitatory_Neuron
22950,690,unassigned
22951,640,GABA_Neuron
22952,635,Excitatory_Neuron
22953,628,Excitatory_Neuron
22954,640,GABA_Neuron
22955,643,Astro-Epen
22956,683,unassigned
22957,643,Astro-Epen
22958,644,Excitatory_Neuron
22959,643,Astro-Epen
22960,668,Astro-Epen
22961,680,unassigned
22962,690,unassigned
22963,640,GABA_Neuron
22964,635,Excitatory_Neuron
22965,675,unassigned
22966,631,Excitatory_Neuron
22967,676,unassigned
22968,680,unassigned
22969,628,Excitatory_Neuron
22970,650,unassigned
22971,680,unassigned
22972,628,Excitatory_Neuron
22973,666,Excitatory_Neuron
22974,640,GABA_Neuron
22975,683,unassigned
22976,628,Excitatory_Neuron
22977,628,Excitatory_Neuron
22978,630,Excitatory_Neuron
22979,630,Excitatory_Neuron
22980,631,Excitatory_Neuron
22981,640,GABA_Neuron
22982,668,Astro-Epen
22983,625,GABA_Neuron
22984,628,Excitatory_Neuron
22985,640,GABA_Neuron
22986,683,unassigned
22987,631,Excitatory_Neuron
22988,676,unassigned
22989,628,Excitatory_Neuron
22990,656,Astro-Epen
22991,689,unassigned
22992,648,Excitatory_Neuron
22993,647,Excitatory_Neuron
22994,640,GABA_Neuron
22995,680,unassigned
22996,628,Excitatory_Neuron
22997,640,GABA_Neuron
22998,640,GABA_Neuron
22999,648,Excitatory_Neuron
23000,648,Excitatory_Neuron
23001,625,GABA_Neuron
23002,628,Excitatory_Neuron
23003,656,Astro-Epen
23004,666,Excitatory_Neuron
23005,675,unassigned
23006,642,Excitatory_Neuron
23007,643,Astro-Epen
23008,683,unassigned
23009,626,Astro-Epen
23010,628,Excitatory_Neuron
23011,630,Excitatory_Neuron
23012,631,Excitatory_Neuron
23013,642,Excitatory_Neuron
23014,656,Astro-Epen
23015,689,unassigned
23016,631,Excitatory_Neuron
23017,677,unassigned
23018,668,Astro-Epen
23019,651,unassigned
23020,680,unassigned
23021,628,Excitatory_Neuron
23022,656,Astro-Epen
23023,656,Astro-Epen
23024,656,Astro-Epen
23025,656,Astro-Epen
23026,648,Excitatory_Neuron
23027,635,Excitatory_Neuron
23028,648,Excitatory_Neuron
23029,631,Excitatory_Neuron
23030,642,Excitatory_Neuron
23031,643,Astro-Epen
23032,683,unassigned
23033,643,Astro-Epen
23034,668,Astro-Epen
23035,644,Excitatory_Neuron
23036,628,Excitatory_Neuron
23037,628,Excitatory_Neuron
23038,640,GABA_Neuron
23039,640,GABA_Neuron
23040,640,GABA_Neuron
23041,640,GABA_Neuron
23042,631,Excitatory_Neuron
23043,676,unassigned
23044,648,Excitatory_Neuron
23045,648,Excitatory_Neuron
23046,640,GABA_Neuron
23047,640,GABA_Neuron
23048,643,Astro-Epen
23049,691,unassigned
23050,625,GABA_Neuron
23051,627,Excitatory_Neuron
23052,630,Excitatory_Neuron
23053,630,Excitatory_Neuron
23054,656,Astro-Epen
23055,643,Astro-Epen
23056,627,Excitatory_Neuron
23057,647,Excitatory_Neuron
23058,689,unassigned
23059,635,Excitatory_Neuron
23060,635,Excitatory_Neuron
23061,631,Excitatory_Neuron
23062,643,Astro-Epen
23063,627,Excitatory_Neuron
23064,628,Excitatory_Neuron
23065,648,Excitatory_Neuron
23066,648,Excitatory_Neuron
23067,640,GABA_Neuron
23068,648,Excitatory_Neuron
23069,643,Astro-Epen
23070,676,unassigned
23071,627,Excitatory_Neuron
23072,628,Excitatory_Neuron
23073,635,Excitatory_Neuron
23074,635,Excitatory_Neuron
23075,640,GABA_Neuron
23076,675,unassigned
23077,640,GABA_Neuron
23078,640,GABA_Neuron
23079,640,GABA_Neuron
23080,644,Excitatory_Neuron
23081,625,GABA_Neuron
23082,627,Excitatory_Neuron
23083,656,Astro-Epen
23084,689,unassigned
23085,630,Excitatory_Neuron
23086,684,unassigned
23087,642,Excitatory_Neuron
23088,680,unassigned
23089,650,unassigned
23090,647,Excitatory_Neuron
23091,627,Excitatory_Neuron
23092,627,Excitatory_Neuron
23093,626,Astro-Epen
23094,635,Excitatory_Neuron
23095,643,Astro-Epen
23096,630,Excitatory_Neuron
23097,648,Excitatory_Neuron
23098,640,GABA_Neuron
23099,676,unassigned
23100,656,Astro-Epen
23101,656,Astro-Epen
23102,635,Excitatory_Neuron
23103,640,GABA_Neuron
23104,640,GABA_Neuron
23105,640,GABA_Neuron
23106,640,GABA_Neuron
23107,680,unassigned
23108,692,unassigned
23109,643,Astro-Epen
23110,640,GABA_Neuron
23111,627,Excitatory_Neuron
23112,656,Astro-Epen
23113,640,GABA_Neuron
23114,640,GABA_Neuron
23115,628,Excitatory_Neuron
23116,628,Excitatory_Neuron
23117,656,Astro-Epen
23118,648,Excitatory_Neuron
23119,642,Excitatory_Neuron
23120,668,Astro-Epen
23121,644,Excitatory_Neuron
23122,650,unassigned
23123,680,unassigned
23124,689,unassigned
23125,635,Excitatory_Neuron
23126,635,Excitatory_Neuron
23127,640,GABA_Neuron
23128,631,Excitatory_Neuron
23129,680,unassigned
23130,656,Astro-Epen
23131,656,Astro-Epen
23132,656,Astro-Epen
23133,656,Astro-Epen
23134,630,Excitatory_Neuron
23135,635,Excitatory_Neuron
23136,640,GABA_Neuron
23137,640,GABA_Neuron
23138,640,GABA_Neuron
23139,642,Excitatory_Neuron
23140,643,Astro-Epen
23141,683,unassigned
23142,668,Astro-Epen
23143,626,Astro-Epen
23144,630,Excitatory_Neuron
23145,628,Excitatory_Neuron
23146,656,Astro-Epen
23147,656,Astro-Epen
23148,648,Excitatory_Neuron
23149,648,Excitatory_Neuron
23150,640,GABA_Neuron
23151,631,Excitatory_Neuron
23152,627,Excitatory_Neuron
23153,628,Excitatory_Neuron
23154,648,Excitatory_Neuron
23155,635,Excitatory_Neuron
23156,683,unassigned
23157,651,unassigned
23158,627,Excitatory_Neuron
23159,627,Excitatory_Neuron
23160,635,Excitatory_Neuron
23161,648,Excitatory_Neuron
23162,643,Astro-Epen
23163,625,GABA_Neuron
23164,628,Excitatory_Neuron
23165,647,Excitatory_Neuron
23166,689,unassigned
23167,648,Excitatory_Neuron
23168,690,unassigned
23169,635,Excitatory_Neuron
23170,693,unassigned
23171,677,unassigned
23172,668,Astro-Epen
23173,656,Astro-Epen
23174,656,Astro-Epen
23175,642,Excitatory_Neuron
23176,630,Excitatory_Neuron
23177,648,Excitatory_Neuron
23178,635,Excitatory_Neuron
23179,631,Excitatory_Neuron
23180,656,Astro-Epen
23181,642,Excitatory_Neuron
23182,628,Excitatory_Neuron
23183,656,Astro-Epen
23184,689,unassigned
23185,640,GABA_Neuron
23186,635,Excitatory_Neuron
23187,683,unassigned
23188,683,unassigned
23189,628,Excitatory_Neuron
23190,656,Astro-Epen
23191,656,Astro-Epen
23192,640,GABA_Neuron
23193,694,unassigned
23194,656,Astro-Epen
23195,679,unassigned
23196,640,GABA_Neuron
23197,642,Excitatory_Neuron
23198,651,unassigned
23199,689,unassigned
23200,690,unassigned
23201,640,GABA_Neuron
23202,643,Astro-Epen
23203,654,unassigned
23204,628,Excitatory_Neuron
23205,648,Excitatory_Neuron
23206,635,Excitatory_Neuron
23207,631,Excitatory_Neuron
23208,643,Astro-Epen
23209,628,Excitatory_Neuron
23210,627,Excitatory_Neuron
23211,656,Astro-Epen
23212,656,Astro-Epen
23213,656,Astro-Epen
23214,656,Astro-Epen
23215,640,GABA_Neuron
23216,635,Excitatory_Neuron
23217,653,Excitatory_Neuron
23218,627,Excitatory_Neuron
23219,628,Excitatory_Neuron
23220,625,GABA_Neuron
23221,640,GABA_Neuron
23222,642,Excitatory_Neuron
23223,683,unassigned
23224,627,Excitatory_Neuron
23225,628,Excitatory_Neuron
23226,630,Excitatory_Neuron
23227,630,Excitatory_Neuron
23228,640,GABA_Neuron
23229,675,unassigned
23230,640,GABA_Neuron
23231,651,unassigned
23232,627,Excitatory_Neuron
23233,648,Excitatory_Neuron
23234,635,Excitatory_Neuron
23235,654,unassigned
23236,626,Astro-Epen
23237,689,unassigned
23238,640,GABA_Neuron
23239,642,Excitatory_Neuron
23240,677,unassigned
23241,627,Excitatory_Neuron
23242,626,Astro-Epen
23243,628,Excitatory_Neuron
23244,656,Astro-Epen
23245,648,Excitatory_Neuron
23246,635,Excitatory_Neuron
23247,675,unassigned
23248,642,Excitatory_Neuron
23249,631,Excitatory_Neuron
23250,643,Astro-Epen
23251,626,Astro-Epen
23252,640,GABA_Neuron
23253,642,Excitatory_Neuron
23254,656,Astro-Epen
23255,656,Astro-Epen
23256,689,unassigned
23257,642,Excitatory_Neuron
23258,693,unassigned
23259,643,Astro-Epen
23260,683,unassigned
23261,643,Astro-Epen
23262,630,Excitatory_Neuron
23263,689,unassigned
23264,635,Excitatory_Neuron
23265,679,unassigned
23266,675,unassigned
23267,640,GABA_Neuron
23268,631,Excitatory_Neuron
23269,643,Astro-Epen
23270,643,Astro-Epen
23271,628,Excitatory_Neuron
23272,689,unassigned
23273,689,unassigned
23274,695,unassigned
23275,675,unassigned
23276,642,Excitatory_Neuron
23277,642,Excitatory_Neuron
23278,644,Excitatory_Neuron
23279,656,Astro-Epen
23280,689,unassigned
23281,643,Astro-Epen
23282,626,Astro-Epen
23283,656,Astro-Epen
23284,656,Astro-Epen
23285,642,Excitatory_Neuron
23286,643,Astro-Epen
23287,643,Astro-Epen
23288,643,Astro-Epen
23289,643,Astro-Epen
23290,628,Excitatory_Neuron
23291,630,Excitatory_Neuron
23292,683,unassigned
23293,628,Excitatory_Neuron
23294,630,Excitatory_Neuron
23295,648,Excitatory_Neuron
23296,631,Excitatory_Neuron
23297,643,Astro-Epen
23298,654,unassigned
23299,656,Astro-Epen
23300,679,unassigned
23301,642,Excitatory_Neuron
23302,656,Astro-Epen
23303,689,unassigned
23304,656,Astro-Epen
23305,679,unassigned
23306,635,Excitatory_Neuron
23307,684,unassigned
23308,640,GABA_Neuron
23309,642,Excitatory_Neuron
23310,642,Excitatory_Neuron
23311,693,unassigned
23312,625,GABA_Neuron
23313,647,Excitatory_Neuron
23314,630,Excitatory_Neuron
23315,656,Astro-Epen
23316,679,unassigned
23317,643,Astro-Epen
23318,643,Astro-Epen
23319,625,GABA_Neuron
23320,656,Astro-Epen
23321,683,unassigned
23322,643,Astro-Epen
23323,679,unassigned
23324,684,unassigned
23325,630,Excitatory_Neuron
23326,642,Excitatory_Neuron
23327,631,Excitatory_Neuron
23328,628,Excitatory_Neuron
23329,689,unassigned
23330,695,unassigned
23331,695,unassigned
23332,695,unassigned
23333,654,unassigned
23334,628,Excitatory_Neuron
23335,628,Excitatory_Neuron
23336,656,Astro-Epen
23337,640,GABA_Neuron
23338,642,Excitatory_Neuron
23339,644,Excitatory_Neuron
23340,630,Excitatory_Neuron
23341,675,unassigned
23342,640,GABA_Neuron
23343,683,unassigned
23344,627,Excitatory_Neuron
23345,628,Excitatory_Neuron
23346,630,Excitatory_Neuron
23347,630,Excitatory_Neuron
23348,656,Astro-Epen
23349,648,Excitatory_Neuron
23350,648,Excitatory_Neuron
23351,644,Excitatory_Neuron
23352,628,Excitatory_Neuron
23353,656,Astro-Epen
23354,628,Excitatory_Neuron
23355,628,Excitatory_Neuron
23356,642,Excitatory_Neuron
23357,683,unassigned
23358,627,Excitatory_Neuron
23359,689,unassigned
23360,675,unassigned
23361,625,GABA_Neuron
23362,647,Excitatory_Neuron
23363,635,Excitatory_Neuron
23364,679,unassigned
23365,640,GABA_Neuron
23366,640,GABA_Neuron
23367,631,Excitatory_Neuron
23368,635,Excitatory_Neuron
23369,679,unassigned
23370,679,unassigned
23371,642,Excitatory_Neuron
23372,654,unassigned
23373,626,Astro-Epen
23374,647,Excitatory_Neuron
23375,640,GABA_Neuron
23376,640,GABA_Neuron
23377,635,Excitatory_Neuron
23378,640,GABA_Neuron
23379,654,unassigned
23380,627,Excitatory_Neuron
23381,656,Astro-Epen
23382,647,Excitatory_Neuron
23383,656,Astro-Epen
23384,679,unassigned
23385,635,Excitatory_Neuron
23386,635,Excitatory_Neuron
23387,642,Excitatory_Neuron
23388,625,GABA_Neuron
23389,679,unassigned
23390,689,unassigned
23391,679,unassigned
23392,642,Excitatory_Neuron
23393,640,GABA_Neuron
23394,642,Excitatory_Neuron
23395,656,Astro-Epen
23396,647,Excitatory_Neuron
23397,635,Excitatory_Neuron
23398,696,unassigned
23399,635,Excitatory_Neuron
23400,631,Excitatory_Neuron
23401,697,unassigned
23402,656,Astro-Epen
23403,675,unassigned
23404,643,Astro-Epen
23405,643,Astro-Epen
23406,625,GABA_Neuron
23407,627,Excitatory_Neuron
23408,625,GABA_Neuron
23409,690,unassigned
23410,643,Astro-Epen
23411,698,unassigned
23412,699,unassigned
23413,642,Excitatory_Neuron
23414,696,unassigned
23415,675,unassigned
23416,642,Excitatory_Neuron
23417,643,Astro-Epen
23418,668,Astro-Epen
23419,628,Excitatory_Neuron
23420,647,Excitatory_Neuron
23421,635,Excitatory_Neuron
23422,642,Excitatory_Neuron
23423,696,unassigned
23424,631,Excitatory_Neuron
23425,656,Astro-Epen
23426,630,Excitatory_Neuron
23427,656,Astro-Epen
23428,656,Astro-Epen
23429,625,GABA_Neuron
23430,628,Excitatory_Neuron
23431,656,Astro-Epen
23432,635,Excitatory_Neuron
23433,640,GABA_Neuron
23434,654,unassigned
23435,647,Excitatory_Neuron
23436,675,unassigned
23437,640,GABA_Neuron
23438,642,Excitatory_Neuron
23439,656,Astro-Epen
23440,679,unassigned
23441,696,unassigned
23442,683,unassigned
23443,683,unassigned
23444,627,Excitatory_Neuron
23445,627,Excitatory_Neuron
23446,656,Astro-Epen
23447,630,Excitatory_Neuron
23448,635,Excitatory_Neuron
23449,675,unassigned
23450,640,GABA_Neuron
23451,640,GABA_Neuron
23452,640,GABA_Neuron
23453,654,unassigned
23454,676,unassigned
23455,626,Astro-Epen
23456,627,Excitatory_Neuron
23457,627,Excitatory_Neuron
23458,627,Excitatory_Neuron
23459,627,Excitatory_Neuron
23460,627,Excitatory_Neuron
23461,626,Astro-Epen
23462,626,Astro-Epen
23463,625,GABA_Neuron
23464,627,Excitatory_Neuron
23465,628,Excitatory_Neuron
23466,656,Astro-Epen
23467,656,Astro-Epen
23468,656,Astro-Epen
23469,656,Astro-Epen
23470,647,Excitatory_Neuron
23471,647,Excitatory_Neuron
23472,647,Excitatory_Neuron
23473,679,unassigned
23474,630,Excitatory_Neuron
23475,630,Excitatory_Neuron
23476,690,unassigned
23477,690,unassigned
23478,684,unassigned
23479,640,GABA_Neuron
23480,640,GABA_Neuron
23481,640,GABA_Neuron
23482,675,unassigned
23483,640,GABA_Neuron
23484,640,GABA_Neuron
23485,635,Excitatory_Neuron
23486,642,Excitatory_Neuron
23487,683,unassigned
23488,683,unassigned
23489,654,unassigned
23490,697,unassigned
23491,631,Excitatory_Neuron
23492,644,Excitatory_Neuron
23493,631,Excitatory_Neuron
23494,627,Excitatory_Neuron
23495,628,Excitatory_Neuron
23496,630,Excitatory_Neuron
23497,640,GABA_Neuron
23498,642,Excitatory_Neuron
23499,642,Excitatory_Neuron
23500,696,unassigned
23501,640,GABA_Neuron
23502,697,unassigned
23503,700,Immune
23504,701,unassigned
23505,702,Astro-Epen
23506,703,Immune
23507,703,Immune
23508,704,Excitatory_Neuron
23509,703,Immune
23510,705,Immune
23511,705,Immune
23512,704,Excitatory_Neuron
23513,703,Immune
23514,705,Immune
23515,706,Excitatory_Neuron
23516,705,Immune
23517,705,Immune
23518,705,Immune
23519,705,Immune
23520,707,Excitatory_Neuron
23521,707,Excitatory_Neuron
23522,707,Excitatory_Neuron
23523,707,Excitatory_Neuron
23524,707,Excitatory_Neuron
23525,708,Immune
23526,709,Vascular
23527,704,Excitatory_Neuron
23528,710,unassigned
23529,710,unassigned
23530,703,Immune
23531,703,Immune
23532,703,Immune
23533,703,Immune
23534,711,Excitatory_Neuron
23535,703,Immune
23536,712,Excitatory_Neuron
23537,713,Excitatory_Neuron
23538,712,Excitatory_Neuron
23539,712,Excitatory_Neuron
23540,714,unassigned
23541,715,Astro-Epen
23542,708,Immune
23543,703,Immune
23544,716,unassigned
23545,716,unassigned
23546,706,Excitatory_Neuron
23547,717,unassigned
23548,711,Excitatory_Neuron
23549,703,Immune
23550,716,unassigned
23551,706,Excitatory_Neuron
23552,718,Excitatory_Neuron
23553,716,unassigned
23554,719,Excitatory_Neuron
23555,719,Excitatory_Neuron
23556,700,Immune
23557,711,Excitatory_Neuron
23558,704,Excitatory_Neuron
23559,702,Astro-Epen
23560,703,Immune
23561,713,Excitatory_Neuron
23562,712,Excitatory_Neuron
23563,718,Excitatory_Neuron
23564,701,unassigned
23565,713,Excitatory_Neuron
23566,712,Excitatory_Neuron
23567,712,Excitatory_Neuron
23568,703,Immune
23569,720,unassigned
23570,721,Excitatory_Neuron
23571,705,Immune
23572,722,Excitatory_Neuron
23573,700,Immune
23574,712,Excitatory_Neuron
23575,703,Immune
23576,716,unassigned
23577,716,unassigned
23578,719,Excitatory_Neuron
23579,705,Immune
23580,700,Immune
23581,710,unassigned
23582,723,unassigned
23583,714,unassigned
23584,700,Immune
23585,705,Immune
23586,705,Immune
23587,712,Excitatory_Neuron
23588,703,Immune
23589,716,unassigned
23590,724,unassigned
23591,711,Excitatory_Neuron
23592,704,Excitatory_Neuron
23593,717,unassigned
23594,712,Excitatory_Neuron
23595,703,Immune
23596,712,Excitatory_Neuron
23597,719,Excitatory_Neuron
23598,725,unassigned
23599,700,Immune
23600,707,Excitatory_Neuron
23601,726,GABA_Neuron
23602,708,Immune
23603,709,Vascular
23604,712,Excitatory_Neuron
23605,712,Excitatory_Neuron
23606,712,Excitatory_Neuron
23607,713,Excitatory_Neuron
23608,727,unassigned
23609,706,Excitatory_Neuron
23610,704,Excitatory_Neuron
23611,728,unassigned
23612,729,unassigned
23613,725,unassigned
23614,701,unassigned
23615,707,Excitatory_Neuron
23616,707,Excitatory_Neuron
23617,711,Excitatory_Neuron
23618,728,unassigned
23619,716,unassigned
23620,726,GABA_Neuron
23621,707,Excitatory_Neuron
23622,726,GABA_Neuron
23623,710,unassigned
23624,713,Excitatory_Neuron
23625,712,Excitatory_Neuron
23626,712,Excitatory_Neuron
23627,712,Excitatory_Neuron
23628,718,Excitatory_Neuron
23629,721,Excitatory_Neuron
23630,700,Immune
23631,705,Immune
23632,707,Excitatory_Neuron
23633,704,Excitatory_Neuron
23634,718,Excitatory_Neuron
23635,705,Immune
23636,707,Excitatory_Neuron
23637,709,Vascular
23638,709,Vascular
23639,720,unassigned
23640,703,Immune
23641,703,Immune
23642,716,unassigned
23643,718,Excitatory_Neuron
23644,716,unassigned
23645,716,unassigned
23646,706,Excitatory_Neuron
23647,725,unassigned
23648,725,unassigned
23649,700,Immune
23650,708,Immune
23651,707,Excitatory_Neuron
23652,708,Immune
23653,702,Astro-Epen
23654,713,Excitatory_Neuron
23655,712,Excitatory_Neuron
23656,716,unassigned
23657,707,Excitatory_Neuron
23658,701,unassigned
23659,701,unassigned
23660,700,Immune
23661,700,Immune
23662,708,Immune
23663,730,unassigned
23664,704,Excitatory_Neuron
23665,714,unassigned
23666,714,unassigned
23667,721,Excitatory_Neuron
23668,705,Immune
23669,707,Excitatory_Neuron
23670,718,Excitatory_Neuron
23671,714,unassigned
23672,725,unassigned
23673,703,Immune
23674,703,Immune
23675,703,Immune
23676,718,Excitatory_Neuron
23677,726,GABA_Neuron
23678,701,unassigned
23679,726,GABA_Neuron
23680,704,Excitatory_Neuron
23681,723,unassigned
23682,703,Immune
23683,713,Excitatory_Neuron
23684,703,Immune
23685,726,GABA_Neuron
23686,709,Vascular
23687,702,Astro-Epen
23688,703,Immune
23689,703,Immune
23690,718,Excitatory_Neuron
23691,706,Excitatory_Neuron
23692,705,Immune
23693,705,Immune
23694,720,unassigned
23695,701,unassigned
23696,704,Excitatory_Neuron
23697,712,Excitatory_Neuron
23698,712,Excitatory_Neuron
23699,706,Excitatory_Neuron
23700,705,Immune
23701,724,unassigned
23702,731,Excitatory_Neuron
23703,706,Excitatory_Neuron
23704,732,Excitatory_Neuron
23705,709,Vascular
23706,711,Excitatory_Neuron
23707,712,Excitatory_Neuron
23708,724,unassigned
23709,731,Excitatory_Neuron
23710,726,GABA_Neuron
23711,726,GABA_Neuron
23712,726,GABA_Neuron
23713,709,Vascular
23714,703,Immune
23715,703,Immune
23716,733,Immune
23717,705,Immune
23718,726,GABA_Neuron
23719,710,unassigned
23720,703,Immune
23721,712,Excitatory_Neuron
23722,720,unassigned
23723,733,Immune
23724,734,unassigned
23725,700,Immune
23726,707,Excitatory_Neuron
23727,726,GABA_Neuron
23728,707,Excitatory_Neuron
23729,703,Immune
23730,714,unassigned
23731,726,GABA_Neuron
23732,730,unassigned
23733,702,Astro-Epen
23734,703,Immune
23735,703,Immune
23736,714,unassigned
23737,707,Excitatory_Neuron
23738,721,Excitatory_Neuron
23739,733,Immune
23740,733,Immune
23741,708,Immune
23742,704,Excitatory_Neuron
23743,712,Excitatory_Neuron
23744,712,Excitatory_Neuron
23745,703,Immune
23746,721,Excitatory_Neuron
23747,707,Excitatory_Neuron
23748,714,unassigned
23749,734,unassigned
23750,734,unassigned
23751,707,Excitatory_Neuron
23752,704,Excitatory_Neuron
23753,712,Excitatory_Neuron
23754,712,Excitatory_Neuron
23755,735,Excitatory_Neuron
23756,732,Excitatory_Neuron
23757,707,Excitatory_Neuron
23758,736,unassigned
23759,714,unassigned
23760,718,Excitatory_Neuron
23761,726,GABA_Neuron
23762,707,Excitatory_Neuron
23763,730,unassigned
23764,709,Vascular
23765,713,Excitatory_Neuron
23766,704,Excitatory_Neuron
23767,704,Excitatory_Neuron
23768,703,Immune
23769,712,Excitatory_Neuron
23770,718,Excitatory_Neuron
23771,724,unassigned
23772,700,Immune
23773,707,Excitatory_Neuron
23774,708,Immune
23775,737,Excitatory_Neuron
23776,711,Excitatory_Neuron
23777,711,Excitatory_Neuron
23778,712,Excitatory_Neuron
23779,703,Immune
23780,707,Excitatory_Neuron
23781,709,Vascular
23782,711,Excitatory_Neuron
23783,730,unassigned
23784,711,Excitatory_Neuron
23785,714,unassigned
23786,725,unassigned
23787,701,unassigned
23788,711,Excitatory_Neuron
23789,733,Immune
23790,724,unassigned
23791,734,unassigned
23792,726,GABA_Neuron
23793,711,Excitatory_Neuron
23794,737,Excitatory_Neuron
23795,731,Excitatory_Neuron
23796,738,unassigned
23797,708,Immune
23798,721,Excitatory_Neuron
23799,733,Immune
23800,700,Immune
23801,708,Immune
23802,710,unassigned
23803,711,Excitatory_Neuron
23804,713,Excitatory_Neuron
23805,703,Immune
23806,712,Excitatory_Neuron
23807,715,Astro-Epen
23808,707,Excitatory_Neuron
23809,708,Immune
23810,730,unassigned
23811,702,Astro-Epen
23812,712,Excitatory_Neuron
23813,713,Excitatory_Neuron
23814,703,Immune
23815,733,Immune
23816,705,Immune
23817,726,GABA_Neuron
23818,701,unassigned
23819,708,Immune
23820,739,unassigned
23821,739,unassigned
23822,711,Excitatory_Neuron
23823,704,Excitatory_Neuron
23824,703,Immune
23825,720,unassigned
23826,719,Excitatory_Neuron
23827,706,Excitatory_Neuron
23828,740,unassigned
23829,707,Excitatory_Neuron
23830,721,Excitatory_Neuron
23831,731,Excitatory_Neuron
23832,724,unassigned
23833,707,Excitatory_Neuron
23834,708,Immune
23835,711,Excitatory_Neuron
23836,712,Excitatory_Neuron
23837,728,unassigned
23838,735,Excitatory_Neuron
23839,703,Immune
23840,735,Excitatory_Neuron
23841,703,Immune
23842,733,Immune
23843,711,Excitatory_Neuron
23844,741,unassigned
23845,704,Excitatory_Neuron
23846,718,Excitatory_Neuron
23847,733,Immune
23848,731,Excitatory_Neuron
23849,706,Excitatory_Neuron
23850,701,unassigned
23851,726,GABA_Neuron
23852,704,Excitatory_Neuron
23853,716,unassigned
23854,733,Immune
23855,732,Excitatory_Neuron
23856,707,Excitatory_Neuron
23857,711,Excitatory_Neuron
23858,732,Excitatory_Neuron
23859,732,Excitatory_Neuron
23860,739,unassigned
23861,730,unassigned
23862,728,unassigned
23863,722,Excitatory_Neuron
23864,742,unassigned
23865,709,Vascular
23866,728,unassigned
23867,718,Excitatory_Neuron
23868,743,unassigned
23869,708,Immune
23870,726,GABA_Neuron
23871,712,Excitatory_Neuron
23872,713,Excitatory_Neuron
23873,703,Immune
23874,715,Astro-Epen
23875,733,Immune
23876,706,Excitatory_Neuron
23877,724,unassigned
23878,707,Excitatory_Neuron
23879,726,GABA_Neuron
23880,702,Astro-Epen
23881,709,Vascular
23882,704,Excitatory_Neuron
23883,711,Excitatory_Neuron
23884,712,Excitatory_Neuron
23885,705,Immune
23886,732,Excitatory_Neuron
23887,703,Immune
23888,712,Excitatory_Neuron
23889,728,unassigned
23890,735,Excitatory_Neuron
23891,733,Immune
23892,734,unassigned
23893,706,Excitatory_Neuron
23894,743,unassigned
23895,743,unassigned
23896,705,Immune
23897,726,GABA_Neuron
23898,707,Excitatory_Neuron
23899,707,Excitatory_Neuron
23900,726,GABA_Neuron
23901,737,Excitatory_Neuron
23902,703,Immune
23903,712,Excitatory_Neuron
23904,735,Excitatory_Neuron
23905,733,Immune
23906,724,unassigned
23907,730,unassigned
23908,711,Excitatory_Neuron
23909,712,Excitatory_Neuron
23910,735,Excitatory_Neuron
23911,701,unassigned
23912,708,Immune
23913,708,Immune
23914,703,Immune
23915,720,unassigned
23916,716,unassigned
23917,716,unassigned
23918,733,Immune
23919,744,Astro-Epen
23920,704,Excitatory_Neuron
23921,711,Excitatory_Neuron
23922,711,Excitatory_Neuron
23923,719,Excitatory_Neuron
23924,724,unassigned
23925,722,Excitatory_Neuron
23926,743,unassigned
23927,726,GABA_Neuron
23928,726,GABA_Neuron
23929,709,Vascular
23930,741,unassigned
23931,703,Immune
23932,718,Excitatory_Neuron
23933,721,Excitatory_Neuron
23934,743,unassigned
23935,740,unassigned
23936,726,GABA_Neuron
23937,730,unassigned
23938,704,Excitatory_Neuron
23939,712,Excitatory_Neuron
23940,712,Excitatory_Neuron
23941,720,unassigned
23942,733,Immune
23943,715,Astro-Epen
23944,700,Immune
23945,726,GABA_Neuron
23946,709,Vascular
23947,709,Vascular
23948,711,Excitatory_Neuron
23949,737,Excitatory_Neuron
23950,712,Excitatory_Neuron
23951,703,Immune
23952,728,unassigned
23953,721,Excitatory_Neuron
23954,706,Excitatory_Neuron
23955,703,Immune
23956,703,Immune
23957,703,Immune
23958,705,Immune
23959,742,unassigned
23960,726,GABA_Neuron
23961,702,Astro-Epen
23962,713,Excitatory_Neuron
23963,712,Excitatory_Neuron
23964,735,Excitatory_Neuron
23965,735,Excitatory_Neuron
23966,706,Excitatory_Neuron
23967,726,GABA_Neuron
23968,704,Excitatory_Neuron
23969,735,Excitatory_Neuron
23970,721,Excitatory_Neuron
23971,707,Excitatory_Neuron
23972,709,Vascular
23973,709,Vascular
23974,730,unassigned
23975,711,Excitatory_Neuron
23976,703,Immune
23977,703,Immune
23978,735,Excitatory_Neuron
23979,739,unassigned
23980,712,Excitatory_Neuron
23981,720,unassigned
23982,700,Immune
23983,709,Vascular
23984,712,Excitatory_Neuron
23985,718,Excitatory_Neuron
23986,715,Astro-Epen
23987,705,Immune
23988,713,Excitatory_Neuron
23989,728,unassigned
23990,715,Astro-Epen
23991,706,Excitatory_Neuron
23992,707,Excitatory_Neuron
23993,726,GABA_Neuron
23994,739,unassigned
23995,730,unassigned
23996,703,Immune
23997,737,Excitatory_Neuron
23998,733,Immune
23999,733,Immune
24000,726,GABA_Neuron
24001,708,Immune
24002,709,Vascular
24003,704,Excitatory_Neuron
24004,709,Vascular
24005,712,Excitatory_Neuron
24006,737,Excitatory_Neuron
24007,703,Immune
24008,728,unassigned
24009,720,unassigned
24010,733,Immune
24011,719,Excitatory_Neuron
24012,731,Excitatory_Neuron
24013,707,Excitatory_Neuron
24014,704,Excitatory_Neuron
24015,703,Immune
24016,707,Excitatory_Neuron
24017,739,unassigned
24018,711,Excitatory_Neuron
24019,709,Vascular
24020,703,Immune
24021,703,Immune
24022,728,unassigned
24023,718,Excitatory_Neuron
24024,715,Astro-Epen
24025,706,Excitatory_Neuron
24026,703,Immune
24027,735,Excitatory_Neuron
24028,718,Excitatory_Neuron
24029,731,Excitatory_Neuron
24030,705,Immune
24031,724,unassigned
24032,700,Immune
24033,737,Excitatory_Neuron
24034,704,Excitatory_Neuron
24035,703,Immune
24036,703,Immune
24037,733,Immune
24038,733,Immune
24039,744,Astro-Epen
24040,707,Excitatory_Neuron
24041,708,Immune
24042,702,Astro-Epen
24043,704,Excitatory_Neuron
24044,720,unassigned
24045,714,unassigned
24046,721,Excitatory_Neuron
24047,719,Excitatory_Neuron
24048,739,unassigned
24049,739,unassigned
24050,704,Excitatory_Neuron
24051,712,Excitatory_Neuron
24052,713,Excitatory_Neuron
24053,703,Immune
24054,721,Excitatory_Neuron
24055,733,Immune
24056,733,Immune
24057,705,Immune
24058,707,Excitatory_Neuron
24059,702,Astro-Epen
24060,713,Excitatory_Neuron
24061,703,Immune
24062,735,Excitatory_Neuron
24063,700,Immune
24064,702,Astro-Epen
24065,709,Vascular
24066,704,Excitatory_Neuron
24067,703,Immune
24068,737,Excitatory_Neuron
24069,703,Immune
24070,704,Excitatory_Neuron
24071,702,Astro-Epen
24072,713,Excitatory_Neuron
24073,703,Immune
24074,718,Excitatory_Neuron
24075,706,Excitatory_Neuron
24076,724,unassigned
24077,707,Excitatory_Neuron
24078,708,Immune
24079,709,Vascular
24080,737,Excitatory_Neuron
24081,728,unassigned
24082,714,unassigned
24083,714,unassigned
24084,721,Excitatory_Neuron
24085,721,Excitatory_Neuron
24086,733,Immune
24087,707,Excitatory_Neuron
24088,709,Vascular
24089,714,unassigned
24090,708,Immune
24091,709,Vascular
24092,702,Astro-Epen
24093,702,Astro-Epen
24094,713,Excitatory_Neuron
24095,721,Excitatory_Neuron
24096,731,Excitatory_Neuron
24097,707,Excitatory_Neuron
24098,739,unassigned
24099,703,Immune
24100,735,Excitatory_Neuron
24101,718,Excitatory_Neuron
24102,721,Excitatory_Neuron
24103,724,unassigned
24104,705,Immune
24105,732,Excitatory_Neuron
24106,707,Excitatory_Neuron
24107,708,Immune
24108,702,Astro-Epen
24109,702,Astro-Epen
24110,711,Excitatory_Neuron
24111,713,Excitatory_Neuron
24112,703,Immune
24113,735,Excitatory_Neuron
24114,721,Excitatory_Neuron
24115,700,Immune
24116,707,Excitatory_Neuron
24117,708,Immune
24118,709,Vascular
24119,737,Excitatory_Neuron
24120,703,Immune
24121,714,unassigned
24122,718,Excitatory_Neuron
24123,705,Immune
24124,707,Excitatory_Neuron
24125,745,Excitatory_Neuron
24126,733,Immune
24127,701,unassigned
24128,707,Excitatory_Neuron
24129,737,Excitatory_Neuron
24130,713,Excitatory_Neuron
24131,713,Excitatory_Neuron
24132,703,Immune
24133,716,unassigned
24134,721,Excitatory_Neuron
24135,716,unassigned
24136,746,unassigned
24137,703,Immune
24138,735,Excitatory_Neuron
24139,718,Excitatory_Neuron
24140,730,unassigned
24141,733,Immune
24142,713,Excitatory_Neuron
24143,703,Immune
24144,721,Excitatory_Neuron
24145,733,Immune
24146,724,unassigned
24147,705,Immune
24148,700,Immune
24149,703,Immune
24150,703,Immune
24151,733,Immune
24152,726,GABA_Neuron
24153,701,unassigned
24154,739,unassigned
24155,707,Excitatory_Neuron
24156,709,Vascular
24157,709,Vascular
24158,709,Vascular
24159,737,Excitatory_Neuron
24160,703,Immune
24161,703,Immune
24162,728,unassigned
24163,720,unassigned
24164,735,Excitatory_Neuron
24165,735,Excitatory_Neuron
24166,718,Excitatory_Neuron
24167,700,Immune
24168,726,GABA_Neuron
24169,704,Excitatory_Neuron
24170,733,Immune
24171,726,GABA_Neuron
24172,704,Excitatory_Neuron
24173,709,Vascular
24174,703,Immune
24175,745,Excitatory_Neuron
24176,715,Astro-Epen
24177,707,Excitatory_Neuron
24178,726,GABA_Neuron
24179,709,Vascular
24180,735,Excitatory_Neuron
24181,721,Excitatory_Neuron
24182,719,Excitatory_Neuron
24183,747,unassigned
24184,722,Excitatory_Neuron
24185,726,GABA_Neuron
24186,704,Excitatory_Neuron
24187,703,Immune
24188,703,Immune
24189,703,Immune
24190,745,Excitatory_Neuron
24191,745,Excitatory_Neuron
24192,731,Excitatory_Neuron
24193,706,Excitatory_Neuron
24194,700,Immune
24195,704,Excitatory_Neuron
24196,703,Immune
24197,703,Immune
24198,703,Immune
24199,735,Excitatory_Neuron
24200,735,Excitatory_Neuron
24201,707,Excitatory_Neuron
24202,707,Excitatory_Neuron
24203,726,GABA_Neuron
24204,703,Immune
24205,721,Excitatory_Neuron
24206,716,unassigned
24207,733,Immune
24208,719,Excitatory_Neuron
24209,732,Excitatory_Neuron
24210,700,Immune
24211,708,Immune
24212,708,Immune
24213,739,unassigned
24214,711,Excitatory_Neuron
24215,709,Vascular
24216,737,Excitatory_Neuron
24217,737,Excitatory_Neuron
24218,728,unassigned
24219,745,Excitatory_Neuron
24220,728,unassigned
24221,745,Excitatory_Neuron
24222,711,Excitatory_Neuron
24223,728,unassigned
24224,718,Excitatory_Neuron
24225,739,unassigned
24226,704,Excitatory_Neuron
24227,737,Excitatory_Neuron
24228,703,Immune
24229,735,Excitatory_Neuron
24230,720,unassigned
24231,718,Excitatory_Neuron
24232,719,Excitatory_Neuron
24233,731,Excitatory_Neuron
24234,707,Excitatory_Neuron
24235,707,Excitatory_Neuron
24236,748,unassigned
24237,713,Excitatory_Neuron
24238,703,Immune
24239,714,unassigned
24240,721,Excitatory_Neuron
24241,721,Excitatory_Neuron
24242,724,unassigned
24243,700,Immune
24244,707,Excitatory_Neuron
24245,707,Excitatory_Neuron
24246,703,Immune
24247,720,unassigned
24248,718,Excitatory_Neuron
24249,721,Excitatory_Neuron
24250,733,Immune
24251,705,Immune
24252,739,unassigned
24253,709,Vascular
24254,709,Vascular
24255,714,unassigned
24256,733,Immune
24257,719,Excitatory_Neuron
24258,705,Immune
24259,707,Excitatory_Neuron
24260,709,Vascular
24261,746,unassigned
24262,735,Excitatory_Neuron
24263,733,Immune
24264,705,Immune
24265,700,Immune
24266,700,Immune
24267,726,GABA_Neuron
24268,707,Excitatory_Neuron
24269,707,Excitatory_Neuron
24270,707,Excitatory_Neuron
24271,703,Immune
24272,703,Immune
24273,713,Excitatory_Neuron
24274,703,Immune
24275,720,unassigned
24276,731,Excitatory_Neuron
24277,724,unassigned
24278,702,Astro-Epen
24279,712,Excitatory_Neuron
24280,703,Immune
24281,705,Immune
24282,749,Immune
24283,718,Excitatory_Neuron
24284,716,unassigned
24285,705,Immune
24286,707,Excitatory_Neuron
24287,711,Excitatory_Neuron
24288,737,Excitatory_Neuron
24289,713,Excitatory_Neuron
24290,712,Excitatory_Neuron
24291,706,Excitatory_Neuron
24292,726,GABA_Neuron
24293,739,unassigned
24294,711,Excitatory_Neuron
24295,737,Excitatory_Neuron
24296,713,Excitatory_Neuron
24297,703,Immune
24298,716,unassigned
24299,733,Immune
24300,719,Excitatory_Neuron
24301,705,Immune
24302,724,unassigned
24303,732,Excitatory_Neuron
24304,700,Immune
24305,749,Immune
24306,709,Vascular
24307,711,Excitatory_Neuron
24308,704,Excitatory_Neuron
24309,745,Excitatory_Neuron
24310,720,unassigned
24311,733,Immune
24312,722,Excitatory_Neuron
24313,737,Excitatory_Neuron
24314,703,Immune
24315,703,Immune
24316,703,Immune
24317,703,Immune
24318,745,Excitatory_Neuron
24319,721,Excitatory_Neuron
24320,721,Excitatory_Neuron
24321,719,Excitatory_Neuron
24322,707,Excitatory_Neuron
24323,709,Vascular
24324,709,Vascular
24325,709,Vascular
24326,702,Astro-Epen
24327,733,Immune
24328,731,Excitatory_Neuron
24329,709,Vascular
24330,703,Immune
24331,713,Excitatory_Neuron
24332,703,Immune
24333,703,Immune
24334,745,Excitatory_Neuron
24335,706,Excitatory_Neuron
24336,707,Excitatory_Neuron
24337,726,GABA_Neuron
24338,730,unassigned
24339,730,unassigned
24340,703,Immune
24341,711,Excitatory_Neuron
24342,703,Immune
24343,719,Excitatory_Neuron
24344,733,Immune
24345,700,Immune
24346,707,Excitatory_Neuron
24347,732,Excitatory_Neuron
24348,705,Immune
24349,726,GABA_Neuron
24350,702,Astro-Epen
24351,703,Immune
24352,733,Immune
24353,708,Immune
24354,702,Astro-Epen
24355,730,unassigned
24356,703,Immune
24357,703,Immune
24358,703,Immune
24359,719,Excitatory_Neuron
24360,732,Excitatory_Neuron
24361,749,Immune
24362,703,Immune
24363,719,Excitatory_Neuron
24364,731,Excitatory_Neuron
24365,731,Excitatory_Neuron
24366,743,unassigned
24367,750,unassigned
24368,707,Excitatory_Neuron
24369,700,Immune
24370,707,Excitatory_Neuron
24371,708,Immune
24372,739,unassigned
24373,746,unassigned
24374,751,unassigned
24375,719,Excitatory_Neuron
24376,733,Immune
24377,721,Excitatory_Neuron
24378,719,Excitatory_Neuron
24379,733,Immune
24380,705,Immune
24381,711,Excitatory_Neuron
24382,703,Immune
24383,703,Immune
24384,719,Excitatory_Neuron
24385,733,Immune
24386,705,Immune
24387,708,Immune
24388,708,Immune
24389,708,Immune
24390,703,Immune
24391,703,Immune
24392,728,unassigned
24393,721,Excitatory_Neuron
24394,705,Immune
24395,724,unassigned
24396,705,Immune
24397,732,Excitatory_Neuron
24398,708,Immune
24399,708,Immune
24400,711,Excitatory_Neuron
24401,713,Excitatory_Neuron
24402,745,Excitatory_Neuron
24403,733,Immune
24404,727,unassigned
24405,706,Excitatory_Neuron
24406,705,Immune
24407,726,GABA_Neuron
24408,711,Excitatory_Neuron
24409,737,Excitatory_Neuron
24410,712,Excitatory_Neuron
24411,703,Immune
24412,735,Excitatory_Neuron
24413,714,unassigned
24414,719,Excitatory_Neuron
24415,733,Immune
24416,724,unassigned
24417,707,Excitatory_Neuron
24418,722,Excitatory_Neuron
24419,748,unassigned
24420,704,Excitatory_Neuron
24421,703,Immune
24422,703,Immune
24423,721,Excitatory_Neuron
24424,700,Immune
24425,726,GABA_Neuron
24426,704,Excitatory_Neuron
24427,703,Immune
24428,733,Immune
24429,715,Astro-Epen
24430,707,Excitatory_Neuron
24431,703,Immune
24432,700,Immune
24433,726,GABA_Neuron
24434,702,Astro-Epen
24435,704,Excitatory_Neuron
24436,713,Excitatory_Neuron
24437,726,GABA_Neuron
24438,708,Immune
24439,711,Excitatory_Neuron
24440,720,unassigned
24441,735,Excitatory_Neuron
24442,733,Immune
24443,708,Immune
24444,708,Immune
24445,711,Excitatory_Neuron
24446,728,unassigned
24447,721,Excitatory_Neuron
24448,719,Excitatory_Neuron
24449,722,Excitatory_Neuron
24450,722,Excitatory_Neuron
24451,748,unassigned
24452,711,Excitatory_Neuron
24453,712,Excitatory_Neuron
24454,720,unassigned
24455,706,Excitatory_Neuron
24456,732,Excitatory_Neuron
24457,700,Immune
24458,726,GABA_Neuron
24459,730,unassigned
24460,711,Excitatory_Neuron
24461,711,Excitatory_Neuron
24462,735,Excitatory_Neuron
24463,719,Excitatory_Neuron
24464,733,Immune
24465,705,Immune
24466,743,unassigned
24467,700,Immune
24468,726,GABA_Neuron
24469,702,Astro-Epen
24470,711,Excitatory_Neuron
24471,702,Astro-Epen
24472,746,unassigned
24473,728,unassigned
24474,716,unassigned
24475,721,Excitatory_Neuron
24476,733,Immune
24477,715,Astro-Epen
24478,707,Excitatory_Neuron
24479,711,Excitatory_Neuron
24480,713,Excitatory_Neuron
24481,713,Excitatory_Neuron
24482,703,Immune
24483,728,unassigned
24484,720,unassigned
24485,718,Excitatory_Neuron
24486,718,Excitatory_Neuron
24487,719,Excitatory_Neuron
24488,721,Excitatory_Neuron
24489,731,Excitatory_Neuron
24490,708,Immune
24491,709,Vascular
24492,711,Excitatory_Neuron
24493,703,Immune
24494,728,unassigned
24495,720,unassigned
24496,716,unassigned
24497,731,Excitatory_Neuron
24498,708,Immune
24499,707,Excitatory_Neuron
24500,730,unassigned
24501,745,Excitatory_Neuron
24502,731,Excitatory_Neuron
24503,731,Excitatory_Neuron
24504,722,Excitatory_Neuron
24505,707,Excitatory_Neuron
24506,739,unassigned
24507,711,Excitatory_Neuron
24508,711,Excitatory_Neuron
24509,703,Immune
24510,745,Excitatory_Neuron
24511,745,Excitatory_Neuron
24512,724,unassigned
24513,724,unassigned
24514,700,Immune
24515,726,GABA_Neuron
24516,707,Excitatory_Neuron
24517,711,Excitatory_Neuron
24518,711,Excitatory_Neuron
24519,704,Excitatory_Neuron
24520,711,Excitatory_Neuron
24521,703,Immune
24522,718,Excitatory_Neuron
24523,733,Immune
24524,708,Immune
24525,707,Excitatory_Neuron
24526,707,Excitatory_Neuron
24527,709,Vascular
24528,713,Excitatory_Neuron
24529,728,unassigned
24530,718,Excitatory_Neuron
24531,721,Excitatory_Neuron
24532,706,Excitatory_Neuron
24533,732,Excitatory_Neuron
24534,752,unassigned
24535,726,GABA_Neuron
24536,707,Excitatory_Neuron
24537,748,unassigned
24538,711,Excitatory_Neuron
24539,711,Excitatory_Neuron
24540,709,Vascular
24541,704,Excitatory_Neuron
24542,702,Astro-Epen
24543,737,Excitatory_Neuron
24544,746,unassigned
24545,746,unassigned
24546,703,Immune
24547,745,Excitatory_Neuron
24548,716,unassigned
24549,721,Excitatory_Neuron
24550,719,Excitatory_Neuron
24551,705,Immune
24552,739,unassigned
24553,753,Excitatory_Neuron
24554,709,Vascular
24555,703,Immune
24556,705,Immune
24557,707,Excitatory_Neuron
24558,702,Astro-Epen
24559,711,Excitatory_Neuron
24560,746,unassigned
24561,703,Immune
24562,720,unassigned
24563,720,unassigned
24564,706,Excitatory_Neuron
24565,705,Immune
24566,709,Vascular
24567,704,Excitatory_Neuron
24568,703,Immune
24569,745,Excitatory_Neuron
24570,718,Excitatory_Neuron
24571,733,Immune
24572,754,unassigned
24573,706,Excitatory_Neuron
24574,709,Vascular
24575,709,Vascular
24576,709,Vascular
24577,711,Excitatory_Neuron
24578,718,Excitatory_Neuron
24579,718,Excitatory_Neuron
24580,721,Excitatory_Neuron
24581,721,Excitatory_Neuron
24582,706,Excitatory_Neuron
24583,707,Excitatory_Neuron
24584,732,Excitatory_Neuron
24585,707,Excitatory_Neuron
24586,748,unassigned
24587,704,Excitatory_Neuron
24588,753,Excitatory_Neuron
24589,711,Excitatory_Neuron
24590,711,Excitatory_Neuron
24591,745,Excitatory_Neuron
24592,718,Excitatory_Neuron
24593,705,Immune
24594,707,Excitatory_Neuron
24595,711,Excitatory_Neuron
24596,709,Vascular
24597,709,Vascular
24598,702,Astro-Epen
24599,746,unassigned
24600,718,Excitatory_Neuron
24601,721,Excitatory_Neuron
24602,715,Astro-Epen
24603,707,Excitatory_Neuron
24604,739,unassigned
24605,748,unassigned
24606,711,Excitatory_Neuron
24607,704,Excitatory_Neuron
24608,705,Immune
24609,754,unassigned
24610,707,Excitatory_Neuron
24611,732,Excitatory_Neuron
24612,749,Immune
24613,730,unassigned
24614,711,Excitatory_Neuron
24615,711,Excitatory_Neuron
24616,728,unassigned
24617,733,Immune
24618,721,Excitatory_Neuron
24619,707,Excitatory_Neuron
24620,707,Excitatory_Neuron
24621,722,Excitatory_Neuron
24622,707,Excitatory_Neuron
24623,702,Astro-Epen
24624,703,Immune
24625,720,unassigned
24626,745,Excitatory_Neuron
24627,718,Excitatory_Neuron
24628,724,unassigned
24629,702,Astro-Epen
24630,753,Excitatory_Neuron
24631,712,Excitatory_Neuron
24632,746,unassigned
24633,718,Excitatory_Neuron
24634,715,Astro-Epen
24635,753,Excitatory_Neuron
24636,737,Excitatory_Neuron
24637,703,Immune
24638,746,unassigned
24639,703,Immune
24640,745,Excitatory_Neuron
24641,716,unassigned
24642,705,Immune
24643,702,Astro-Epen
24644,716,unassigned
24645,707,Excitatory_Neuron
24646,707,Excitatory_Neuron
24647,709,Vascular
24648,711,Excitatory_Neuron
24649,745,Excitatory_Neuron
24650,716,unassigned
24651,733,Immune
24652,731,Excitatory_Neuron
24653,706,Excitatory_Neuron
24654,707,Excitatory_Neuron
24655,726,GABA_Neuron
24656,726,GABA_Neuron
24657,709,Vascular
24658,703,Immune
24659,720,unassigned
24660,744,Astro-Epen
24661,722,Excitatory_Neuron
24662,732,Excitatory_Neuron
24663,708,Immune
24664,726,GABA_Neuron
24665,707,Excitatory_Neuron
24666,707,Excitatory_Neuron
24667,709,Vascular
24668,702,Astro-Epen
24669,712,Excitatory_Neuron
24670,728,unassigned
24671,746,unassigned
24672,709,Vascular
24673,737,Excitatory_Neuron
24674,712,Excitatory_Neuron
24675,718,Excitatory_Neuron
24676,732,Excitatory_Neuron
24677,707,Excitatory_Neuron
24678,708,Immune
24679,726,GABA_Neuron
24680,707,Excitatory_Neuron
24681,708,Immune
24682,711,Excitatory_Neuron
24683,704,Excitatory_Neuron
24684,712,Excitatory_Neuron
24685,746,unassigned
24686,703,Immune
24687,733,Immune
24688,715,Astro-Epen
24689,722,Excitatory_Neuron
24690,700,Immune
24691,704,Excitatory_Neuron
24692,713,Excitatory_Neuron
24693,713,Excitatory_Neuron
24694,713,Excitatory_Neuron
24695,703,Immune
24696,745,Excitatory_Neuron
24697,745,Excitatory_Neuron
24698,724,unassigned
24699,705,Immune
24700,709,Vascular
24701,753,Excitatory_Neuron
24702,709,Vascular
24703,737,Excitatory_Neuron
24704,737,Excitatory_Neuron
24705,703,Immune
24706,728,unassigned
24707,716,unassigned
24708,721,Excitatory_Neuron
24709,719,Excitatory_Neuron
24710,719,Excitatory_Neuron
24711,719,Excitatory_Neuron
24712,732,Excitatory_Neuron
24713,708,Immune
24714,702,Astro-Epen
24715,703,Immune
24716,703,Immune
24717,713,Excitatory_Neuron
24718,703,Immune
24719,718,Excitatory_Neuron
24720,733,Immune
24721,732,Excitatory_Neuron
24722,709,Vascular
24723,709,Vascular
24724,737,Excitatory_Neuron
24725,745,Excitatory_Neuron
24726,719,Excitatory_Neuron
24727,719,Excitatory_Neuron
24728,733,Immune
24729,732,Excitatory_Neuron
24730,707,Excitatory_Neuron
24731,726,GABA_Neuron
24732,713,Excitatory_Neuron
24733,735,Excitatory_Neuron
24734,745,Excitatory_Neuron
24735,718,Excitatory_Neuron
24736,719,Excitatory_Neuron
24737,704,Excitatory_Neuron
24738,737,Excitatory_Neuron
24739,745,Excitatory_Neuron
24740,720,unassigned
24741,719,Excitatory_Neuron
24742,731,Excitatory_Neuron
24743,711,Excitatory_Neuron
24744,711,Excitatory_Neuron
24745,704,Excitatory_Neuron
24746,713,Excitatory_Neuron
24747,737,Excitatory_Neuron
24748,745,Excitatory_Neuron
24749,721,Excitatory_Neuron
24750,706,Excitatory_Neuron
24751,722,Excitatory_Neuron
24752,707,Excitatory_Neuron
24753,707,Excitatory_Neuron
24754,708,Immune
24755,707,Excitatory_Neuron
24756,708,Immune
24757,748,unassigned
24758,711,Excitatory_Neuron
24759,703,Immune
24760,703,Immune
24761,719,Excitatory_Neuron
24762,707,Excitatory_Neuron
24763,726,GABA_Neuron
24764,707,Excitatory_Neuron
24765,707,Excitatory_Neuron
24766,711,Excitatory_Neuron
24767,703,Immune
24768,719,Excitatory_Neuron
24769,731,Excitatory_Neuron
24770,722,Excitatory_Neuron
24771,707,Excitatory_Neuron
24772,707,Excitatory_Neuron
24773,755,Vascular
24774,753,Excitatory_Neuron
24775,711,Excitatory_Neuron
24776,703,Immune
24777,745,Excitatory_Neuron
24778,733,Immune
24779,721,Excitatory_Neuron
24780,731,Excitatory_Neuron
24781,700,Immune
24782,705,Immune
24783,726,GABA_Neuron
24784,739,unassigned
24785,703,Immune
24786,705,Immune
24787,732,Excitatory_Neuron
24788,707,Excitatory_Neuron
24789,707,Excitatory_Neuron
24790,707,Excitatory_Neuron
24791,708,Immune
24792,703,Immune
24793,703,Immune
24794,735,Excitatory_Neuron
24795,718,Excitatory_Neuron
24796,719,Excitatory_Neuron
24797,733,Immune
24798,733,Immune
24799,724,unassigned
24800,732,Excitatory_Neuron
24801,756,unassigned
24802,739,unassigned
24803,755,Vascular
24804,713,Excitatory_Neuron
24805,737,Excitatory_Neuron
24806,713,Excitatory_Neuron
24807,703,Immune
24808,703,Immune
24809,716,unassigned
24810,718,Excitatory_Neuron
24811,721,Excitatory_Neuron
24812,721,Excitatory_Neuron
24813,733,Immune
24814,754,unassigned
24815,731,Excitatory_Neuron
24816,707,Excitatory_Neuron
24817,726,GABA_Neuron
24818,726,GABA_Neuron
24819,708,Immune
24820,702,Astro-Epen
24821,709,Vascular
24822,711,Excitatory_Neuron
24823,713,Excitatory_Neuron
24824,728,unassigned
24825,703,Immune
24826,703,Immune
24827,703,Immune
24828,745,Excitatory_Neuron
24829,733,Immune
24830,749,Immune
24831,726,GABA_Neuron
24832,704,Excitatory_Neuron
24833,712,Excitatory_Neuron
24834,703,Immune
24835,721,Excitatory_Neuron
24836,733,Immune
24837,722,Excitatory_Neuron
24838,739,unassigned
24839,726,GABA_Neuron
24840,755,Vascular
24841,711,Excitatory_Neuron
24842,709,Vascular
24843,709,Vascular
24844,704,Excitatory_Neuron
24845,711,Excitatory_Neuron
24846,703,Immune
24847,745,Excitatory_Neuron
24848,735,Excitatory_Neuron
24849,731,Excitatory_Neuron
24850,732,Excitatory_Neuron
24851,707,Excitatory_Neuron
24852,732,Excitatory_Neuron
24853,722,Excitatory_Neuron
24854,707,Excitatory_Neuron
24855,707,Excitatory_Neuron
24856,739,unassigned
24857,707,Excitatory_Neuron
24858,707,Excitatory_Neuron
24859,708,Immune
24860,711,Excitatory_Neuron
24861,737,Excitatory_Neuron
24862,733,Immune
24863,756,unassigned
24864,726,GABA_Neuron
24865,708,Immune
24866,757,unassigned
24867,709,Vascular
24868,713,Excitatory_Neuron
24869,703,Immune
24870,703,Immune
24871,718,Excitatory_Neuron
24872,733,Immune
24873,715,Astro-Epen
24874,715,Astro-Epen
24875,705,Immune
24876,709,Vascular
24877,711,Excitatory_Neuron
24878,713,Excitatory_Neuron
24879,703,Immune
24880,703,Immune
24881,720,unassigned
24882,721,Excitatory_Neuron
24883,706,Excitatory_Neuron
24884,705,Immune
24885,707,Excitatory_Neuron
24886,707,Excitatory_Neuron
24887,711,Excitatory_Neuron
24888,702,Astro-Epen
24889,703,Immune
24890,703,Immune
24891,728,unassigned
24892,745,Excitatory_Neuron
24893,733,Immune
24894,706,Excitatory_Neuron
24895,708,Immune
24896,748,unassigned
24897,702,Astro-Epen
24898,746,unassigned
24899,720,unassigned
24900,720,unassigned
24901,745,Excitatory_Neuron
24902,721,Excitatory_Neuron
24903,733,Immune
24904,732,Excitatory_Neuron
24905,705,Immune
24906,732,Excitatory_Neuron
24907,707,Excitatory_Neuron
24908,748,unassigned
24909,711,Excitatory_Neuron
24910,711,Excitatory_Neuron
24911,703,Immune
24912,703,Immune
24913,718,Excitatory_Neuron
24914,716,unassigned
24915,722,Excitatory_Neuron
24916,705,Immune
24917,703,Immune
24918,716,unassigned
24919,733,Immune
24920,758,unassigned
24921,722,Excitatory_Neuron
24922,705,Immune
24923,756,unassigned
24924,755,Vascular
24925,702,Astro-Epen
24926,712,Excitatory_Neuron
24927,715,Astro-Epen
24928,756,unassigned
24929,748,unassigned
24930,748,unassigned
24931,702,Astro-Epen
24932,704,Excitatory_Neuron
24933,711,Excitatory_Neuron
24934,711,Excitatory_Neuron
24935,712,Excitatory_Neuron
24936,703,Immune
24937,745,Excitatory_Neuron
24938,718,Excitatory_Neuron
24939,705,Immune
24940,757,unassigned
24941,709,Vascular
24942,713,Excitatory_Neuron
24943,712,Excitatory_Neuron
24944,745,Excitatory_Neuron
24945,719,Excitatory_Neuron
24946,731,Excitatory_Neuron
24947,700,Immune
24948,700,Immune
24949,757,unassigned
24950,702,Astro-Epen
24951,712,Excitatory_Neuron
24952,722,Excitatory_Neuron
24953,748,unassigned
24954,757,unassigned
24955,753,Excitatory_Neuron
24956,702,Astro-Epen
24957,712,Excitatory_Neuron
24958,721,Excitatory_Neuron
24959,706,Excitatory_Neuron
24960,700,Immune
24961,705,Immune
24962,732,Excitatory_Neuron
24963,708,Immune
24964,753,Excitatory_Neuron
24965,702,Astro-Epen
24966,703,Immune
24967,721,Excitatory_Neuron
24968,757,unassigned
24969,709,Vascular
24970,704,Excitatory_Neuron
24971,712,Excitatory_Neuron
24972,733,Immune
24973,722,Excitatory_Neuron
24974,722,Excitatory_Neuron
24975,732,Excitatory_Neuron
24976,705,Immune
24977,732,Excitatory_Neuron
24978,756,unassigned
24979,702,Astro-Epen
24980,753,Excitatory_Neuron
24981,753,Excitatory_Neuron
24982,702,Astro-Epen
24983,704,Excitatory_Neuron
24984,703,Immune
24985,759,unassigned
24986,720,unassigned
24987,718,Excitatory_Neuron
24988,716,unassigned
24989,718,Excitatory_Neuron
24990,719,Excitatory_Neuron
24991,715,Astro-Epen
24992,705,Immune
24993,708,Immune
24994,708,Immune
24995,757,unassigned
24996,703,Immune
24997,703,Immune
24998,721,Excitatory_Neuron
24999,721,Excitatory_Neuron
25000,707,Excitatory_Neuron
25001,705,Immune
25002,702,Astro-Epen
25003,711,Excitatory_Neuron
25004,704,Excitatory_Neuron
25005,703,Immune
25006,712,Excitatory_Neuron
25007,720,unassigned
25008,760,Excitatory_Neuron
25009,718,Excitatory_Neuron
25010,731,Excitatory_Neuron
25011,705,Immune
25012,732,Excitatory_Neuron
25013,726,GABA_Neuron
25014,748,unassigned
25015,753,Excitatory_Neuron
25016,753,Excitatory_Neuron
25017,711,Excitatory_Neuron
25018,712,Excitatory_Neuron
25019,712,Excitatory_Neuron
25020,733,Immune
25021,733,Immune
25022,707,Excitatory_Neuron
25023,708,Immune
25024,708,Immune
25025,737,Excitatory_Neuron
25026,703,Immune
25027,703,Immune
25028,703,Immune
25029,718,Excitatory_Neuron
25030,721,Excitatory_Neuron
25031,733,Immune
25032,721,Excitatory_Neuron
25033,711,Excitatory_Neuron
25034,702,Astro-Epen
25035,703,Immune
25036,703,Immune
25037,718,Excitatory_Neuron
25038,719,Excitatory_Neuron
25039,721,Excitatory_Neuron
25040,707,Excitatory_Neuron
25041,757,unassigned
25042,711,Excitatory_Neuron
25043,713,Excitatory_Neuron
25044,713,Excitatory_Neuron
25045,745,Excitatory_Neuron
25046,733,Immune
25047,705,Immune
25048,732,Excitatory_Neuron
25049,748,unassigned
25050,753,Excitatory_Neuron
25051,761,unassigned
25052,711,Excitatory_Neuron
25053,712,Excitatory_Neuron
25054,712,Excitatory_Neuron
25055,703,Immune
25056,745,Excitatory_Neuron
25057,745,Excitatory_Neuron
25058,722,Excitatory_Neuron
25059,713,Excitatory_Neuron
25060,712,Excitatory_Neuron
25061,703,Immune
25062,745,Excitatory_Neuron
25063,731,Excitatory_Neuron
25064,722,Excitatory_Neuron
25065,748,unassigned
25066,702,Astro-Epen
25067,703,Immune
25068,711,Excitatory_Neuron
25069,703,Immune
25070,703,Immune
25071,745,Excitatory_Neuron
25072,762,unassigned
25073,716,unassigned
25074,763,GABA_Neuron
25075,755,Vascular
25076,748,unassigned
25077,711,Excitatory_Neuron
25078,702,Astro-Epen
25079,712,Excitatory_Neuron
25080,712,Excitatory_Neuron
25081,720,unassigned
25082,721,Excitatory_Neuron
25083,719,Excitatory_Neuron
25084,733,Immune
25085,705,Immune
25086,706,Excitatory_Neuron
25087,753,Excitatory_Neuron
25088,737,Excitatory_Neuron
25089,703,Immune
25090,706,Excitatory_Neuron
25091,732,Excitatory_Neuron
25092,708,Immune
25093,707,Excitatory_Neuron
25094,763,GABA_Neuron
25095,748,unassigned
25096,711,Excitatory_Neuron
25097,704,Excitatory_Neuron
25098,711,Excitatory_Neuron
25099,728,unassigned
25100,703,Immune
25101,735,Excitatory_Neuron
25102,745,Excitatory_Neuron
25103,705,Immune
25104,731,Excitatory_Neuron
25105,724,unassigned
25106,700,Immune
25107,764,unassigned
25108,763,GABA_Neuron
25109,753,Excitatory_Neuron
25110,703,Immune
25111,720,unassigned
25112,748,unassigned
25113,765,unassigned
25114,703,Immune
25115,703,Immune
25116,735,Excitatory_Neuron
25117,732,Excitatory_Neuron
25118,708,Immune
25119,726,GABA_Neuron
25120,707,Excitatory_Neuron
25121,763,GABA_Neuron
25122,753,Excitatory_Neuron
25123,731,Excitatory_Neuron
25124,707,Excitatory_Neuron
25125,749,Immune
25126,764,unassigned
25127,749,Immune
25128,702,Astro-Epen
25129,702,Astro-Epen
25130,711,Excitatory_Neuron
25131,712,Excitatory_Neuron
25132,745,Excitatory_Neuron
25133,733,Immune
25134,705,Immune
25135,707,Excitatory_Neuron
25136,726,GABA_Neuron
25137,765,unassigned
25138,708,Immune
25139,755,Vascular
25140,711,Excitatory_Neuron
25141,757,unassigned
25142,711,Excitatory_Neuron
25143,711,Excitatory_Neuron
25144,703,Immune
25145,703,Immune
25146,721,Excitatory_Neuron
25147,721,Excitatory_Neuron
25148,724,unassigned
25149,722,Excitatory_Neuron
25150,712,Excitatory_Neuron
25151,746,unassigned
25152,733,Immune
25153,721,Excitatory_Neuron
25154,754,unassigned
25155,707,Excitatory_Neuron
25156,711,Excitatory_Neuron
25157,703,Immune
25158,703,Immune
25159,703,Immune
25160,721,Excitatory_Neuron
25161,754,unassigned
25162,705,Immune
25163,739,unassigned
25164,757,unassigned
25165,702,Astro-Epen
25166,702,Astro-Epen
25167,737,Excitatory_Neuron
25168,703,Immune
25169,707,Excitatory_Neuron
25170,757,unassigned
25171,702,Astro-Epen
25172,737,Excitatory_Neuron
25173,713,Excitatory_Neuron
25174,745,Excitatory_Neuron
25175,733,Immune
25176,733,Immune
25177,754,unassigned
25178,749,Immune
25179,707,Excitatory_Neuron
25180,711,Excitatory_Neuron
25181,703,Immune
25182,733,Immune
25183,732,Excitatory_Neuron
25184,726,GABA_Neuron
25185,748,unassigned
25186,711,Excitatory_Neuron
25187,711,Excitatory_Neuron
25188,711,Excitatory_Neuron
25189,703,Immune
25190,735,Excitatory_Neuron
25191,724,unassigned
25192,707,Excitatory_Neuron
25193,748,unassigned
25194,702,Astro-Epen
25195,746,unassigned
25196,718,Excitatory_Neuron
25197,708,Immune
25198,708,Immune
25199,748,unassigned
25200,702,Astro-Epen
25201,737,Excitatory_Neuron
25202,713,Excitatory_Neuron
25203,703,Immune
25204,733,Immune
25205,749,Immune
25206,708,Immune
25207,711,Excitatory_Neuron
25208,703,Immune
25209,703,Immune
25210,712,Excitatory_Neuron
25211,718,Excitatory_Neuron
25212,745,Excitatory_Neuron
25213,719,Excitatory_Neuron
25214,705,Immune
25215,726,GABA_Neuron
25216,703,Immune
25217,733,Immune
25218,706,Excitatory_Neuron
25219,726,GABA_Neuron
25220,708,Immune
25221,704,Excitatory_Neuron
25222,719,Excitatory_Neuron
25223,733,Immune
25224,715,Astro-Epen
25225,700,Immune
25226,764,unassigned
25227,707,Excitatory_Neuron
25228,755,Vascular
25229,755,Vascular
25230,702,Astro-Epen
25231,712,Excitatory_Neuron
25232,703,Immune
25233,718,Excitatory_Neuron
25234,721,Excitatory_Neuron
25235,706,Excitatory_Neuron
25236,749,Immune
25237,707,Excitatory_Neuron
25238,739,unassigned
25239,745,Excitatory_Neuron
25240,745,Excitatory_Neuron
25241,705,Immune
25242,705,Immune
25243,749,Immune
25244,726,GABA_Neuron
25245,765,unassigned
25246,702,Astro-Epen
25247,761,unassigned
25248,703,Immune
25249,731,Excitatory_Neuron
25250,707,Excitatory_Neuron
25251,757,unassigned
25252,703,Immune
25253,766,unassigned
25254,718,Excitatory_Neuron
25255,721,Excitatory_Neuron
25256,705,Immune
25257,707,Excitatory_Neuron
25258,765,unassigned
25259,702,Astro-Epen
25260,753,Excitatory_Neuron
25261,704,Excitatory_Neuron
25262,703,Immune
25263,703,Immune
25264,735,Excitatory_Neuron
25265,733,Immune
25266,733,Immune
25267,707,Excitatory_Neuron
25268,708,Immune
25269,737,Excitatory_Neuron
25270,713,Excitatory_Neuron
25271,703,Immune
25272,766,unassigned
25273,721,Excitatory_Neuron
25274,724,unassigned
25275,754,unassigned
25276,711,Excitatory_Neuron
25277,708,Immune
25278,702,Astro-Epen
25279,703,Immune
25280,766,unassigned
25281,735,Excitatory_Neuron
25282,735,Excitatory_Neuron
25283,733,Immune
25284,732,Excitatory_Neuron
25285,764,unassigned
25286,749,Immune
25287,708,Immune
25288,711,Excitatory_Neuron
25289,711,Excitatory_Neuron
25290,704,Excitatory_Neuron
25291,703,Immune
25292,703,Immune
25293,703,Immune
25294,703,Immune
25295,711,Excitatory_Neuron
25296,735,Excitatory_Neuron
25297,745,Excitatory_Neuron
25298,745,Excitatory_Neuron
25299,745,Excitatory_Neuron
25300,760,Excitatory_Neuron
25301,715,Astro-Epen
25302,705,Immune
25303,707,Excitatory_Neuron
25304,765,unassigned
25305,708,Immune
25306,711,Excitatory_Neuron
25307,702,Astro-Epen
25308,753,Excitatory_Neuron
25309,703,Immune
25310,703,Immune
25311,703,Immune
25312,760,Excitatory_Neuron
25313,715,Astro-Epen
25314,715,Astro-Epen
25315,722,Excitatory_Neuron
25316,707,Excitatory_Neuron
25317,707,Excitatory_Neuron
25318,711,Excitatory_Neuron
25319,757,unassigned
25320,703,Immune
25321,703,Immune
25322,700,Immune
25323,749,Immune
25324,757,unassigned
25325,711,Excitatory_Neuron
25326,766,unassigned
25327,721,Excitatory_Neuron
25328,706,Excitatory_Neuron
25329,754,unassigned
25330,753,Excitatory_Neuron
25331,753,Excitatory_Neuron
25332,713,Excitatory_Neuron
25333,766,unassigned
25334,735,Excitatory_Neuron
25335,705,Immune
25336,732,Excitatory_Neuron
25337,739,unassigned
25338,711,Excitatory_Neuron
25339,703,Immune
25340,703,Immune
25341,703,Immune
25342,762,unassigned
25343,718,Excitatory_Neuron
25344,735,Excitatory_Neuron
25345,719,Excitatory_Neuron
25346,706,Excitatory_Neuron
25347,707,Excitatory_Neuron
25348,726,GABA_Neuron
25349,708,Immune
25350,702,Astro-Epen
25351,703,Immune
25352,703,Immune
25353,760,Excitatory_Neuron
25354,760,Excitatory_Neuron
25355,705,Immune
25356,705,Immune
25357,707,Excitatory_Neuron
25358,765,unassigned
25359,703,Immune
25360,760,Excitatory_Neuron
25361,721,Excitatory_Neuron
25362,733,Immune
25363,708,Immune
25364,726,GABA_Neuron
25365,765,unassigned
25366,711,Excitatory_Neuron
25367,711,Excitatory_Neuron
25368,702,Astro-Epen
25369,702,Astro-Epen
25370,767,unassigned
25371,718,Excitatory_Neuron
25372,760,Excitatory_Neuron
25373,700,Immune
25374,763,GABA_Neuron
25375,739,unassigned
25376,748,unassigned
25377,737,Excitatory_Neuron
25378,703,Immune
25379,733,Immune
25380,705,Immune
25381,706,Excitatory_Neuron
25382,702,Astro-Epen
25383,702,Astro-Epen
25384,703,Immune
25385,745,Excitatory_Neuron
25386,720,unassigned
25387,762,unassigned
25388,732,Excitatory_Neuron
25389,749,Immune
25390,708,Immune
25391,767,unassigned
25392,703,Immune
25393,745,Excitatory_Neuron
25394,762,unassigned
25395,735,Excitatory_Neuron
25396,733,Immune
25397,756,unassigned
25398,726,GABA_Neuron
25399,703,Immune
25400,768,unassigned
25401,700,Immune
25402,726,GABA_Neuron
25403,702,Astro-Epen
25404,753,Excitatory_Neuron
25405,713,Excitatory_Neuron
25406,703,Immune
25407,703,Immune
25408,703,Immune
25409,703,Immune
25410,745,Excitatory_Neuron
25411,768,unassigned
25412,769,unassigned
25413,733,Immune
25414,707,Excitatory_Neuron
25415,765,unassigned
25416,702,Astro-Epen
25417,711,Excitatory_Neuron
25418,737,Excitatory_Neuron
25419,703,Immune
25420,745,Excitatory_Neuron
25421,706,Excitatory_Neuron
25422,707,Excitatory_Neuron
25423,707,Excitatory_Neuron
25424,765,unassigned
25425,711,Excitatory_Neuron
25426,711,Excitatory_Neuron
25427,702,Astro-Epen
25428,702,Astro-Epen
25429,703,Immune
25430,768,unassigned
25431,718,Excitatory_Neuron
25432,753,Excitatory_Neuron
25433,703,Immune
25434,703,Immune
25435,712,Excitatory_Neuron
25436,703,Immune
25437,770,unassigned
25438,733,Immune
25439,762,unassigned
25440,735,Excitatory_Neuron
25441,769,unassigned
25442,721,Excitatory_Neuron
25443,719,Excitatory_Neuron
25444,724,unassigned
25445,703,Immune
25446,735,Excitatory_Neuron
25447,735,Excitatory_Neuron
25448,721,Excitatory_Neuron
25449,724,unassigned
25450,705,Immune
25451,708,Immune
25452,703,Immune
25453,767,unassigned
25454,721,Excitatory_Neuron
25455,733,Immune
25456,705,Immune
25457,731,Excitatory_Neuron
25458,732,Excitatory_Neuron
25459,732,Excitatory_Neuron
25460,707,Excitatory_Neuron
25461,755,Vascular
25462,711,Excitatory_Neuron
25463,771,unassigned
25464,712,Excitatory_Neuron
25465,703,Immune
25466,719,Excitatory_Neuron
25467,705,Immune
25468,706,Excitatory_Neuron
25469,708,Immune
25470,757,unassigned
25471,711,Excitatory_Neuron
25472,762,unassigned
25473,745,Excitatory_Neuron
25474,755,Vascular
25475,711,Excitatory_Neuron
25476,702,Astro-Epen
25477,761,unassigned
25478,753,Excitatory_Neuron
25479,702,Astro-Epen
25480,705,Immune
25481,722,Excitatory_Neuron
25482,705,Immune
25483,707,Excitatory_Neuron
25484,711,Excitatory_Neuron
25485,755,Vascular
25486,703,Immune
25487,735,Excitatory_Neuron
25488,766,unassigned
25489,754,unassigned
25490,765,unassigned
25491,711,Excitatory_Neuron
25492,753,Excitatory_Neuron
25493,711,Excitatory_Neuron
25494,703,Immune
25495,703,Immune
25496,706,Excitatory_Neuron
25497,726,GABA_Neuron
25498,755,Vascular
25499,703,Immune
25500,733,Immune
25501,715,Astro-Epen
25502,705,Immune
25503,706,Excitatory_Neuron
25504,708,Immune
25505,761,unassigned
25506,712,Excitatory_Neuron
25507,721,Excitatory_Neuron
25508,769,unassigned
25509,754,unassigned
25510,708,Immune
25511,765,unassigned
25512,753,Excitatory_Neuron
25513,703,Immune
25514,703,Immune
25515,703,Immune
25516,760,Excitatory_Neuron
25517,760,Excitatory_Neuron
25518,718,Excitatory_Neuron
25519,733,Immune
25520,754,unassigned
25521,707,Excitatory_Neuron
25522,765,unassigned
25523,757,unassigned
25524,711,Excitatory_Neuron
25525,753,Excitatory_Neuron
25526,711,Excitatory_Neuron
25527,712,Excitatory_Neuron
25528,762,unassigned
25529,718,Excitatory_Neuron
25530,769,unassigned
25531,733,Immune
25532,726,GABA_Neuron
25533,707,Excitatory_Neuron
25534,765,unassigned
25535,766,unassigned
25536,760,Excitatory_Neuron
25537,721,Excitatory_Neuron
25538,769,unassigned
25539,705,Immune
25540,708,Immune
25541,703,Immune
25542,703,Immune
25543,762,unassigned
25544,721,Excitatory_Neuron
25545,733,Immune
25546,731,Excitatory_Neuron
25547,706,Excitatory_Neuron
25548,731,Excitatory_Neuron
25549,708,Immune
25550,739,unassigned
25551,765,unassigned
25552,711,Excitatory_Neuron
25553,703,Immune
25554,767,unassigned
25555,703,Immune
25556,712,Excitatory_Neuron
25557,735,Excitatory_Neuron
25558,733,Immune
25559,754,unassigned
25560,754,unassigned
25561,713,Excitatory_Neuron
25562,737,Excitatory_Neuron
25563,711,Excitatory_Neuron
25564,703,Immune
25565,703,Immune
25566,735,Excitatory_Neuron
25567,719,Excitatory_Neuron
25568,721,Excitatory_Neuron
25569,719,Excitatory_Neuron
25570,754,unassigned
25571,722,Excitatory_Neuron
25572,726,GABA_Neuron
25573,755,Vascular
25574,708,Immune
25575,713,Excitatory_Neuron
25576,718,Excitatory_Neuron
25577,715,Astro-Epen
25578,707,Excitatory_Neuron
25579,755,Vascular
25580,713,Excitatory_Neuron
25581,711,Excitatory_Neuron
25582,703,Immune
25583,769,unassigned
25584,733,Immune
25585,700,Immune
25586,726,GABA_Neuron
25587,708,Immune
25588,711,Excitatory_Neuron
25589,712,Excitatory_Neuron
25590,713,Excitatory_Neuron
25591,706,Excitatory_Neuron
25592,706,Excitatory_Neuron
25593,749,Immune
25594,708,Immune
25595,703,Immune
25596,713,Excitatory_Neuron
25597,703,Immune
25598,735,Excitatory_Neuron
25599,733,Immune
25600,715,Astro-Epen
25601,706,Excitatory_Neuron
25602,732,Excitatory_Neuron
25603,726,GABA_Neuron
25604,763,GABA_Neuron
25605,702,Astro-Epen
25606,703,Immune
25607,703,Immune
25608,712,Excitatory_Neuron
25609,705,Immune
25610,763,GABA_Neuron
25611,702,Astro-Epen
25612,711,Excitatory_Neuron
25613,702,Astro-Epen
25614,702,Astro-Epen
25615,711,Excitatory_Neuron
25616,703,Immune
25617,712,Excitatory_Neuron
25618,760,Excitatory_Neuron
25619,719,Excitatory_Neuron
25620,715,Astro-Epen
25621,715,Astro-Epen
25622,706,Excitatory_Neuron
25623,749,Immune
25624,711,Excitatory_Neuron
25625,712,Excitatory_Neuron
25626,735,Excitatory_Neuron
25627,721,Excitatory_Neuron
25628,708,Immune
25629,755,Vascular
25630,703,Immune
25631,702,Astro-Epen
25632,712,Excitatory_Neuron
25633,768,unassigned
25634,706,Excitatory_Neuron
25635,732,Excitatory_Neuron
25636,707,Excitatory_Neuron
25637,702,Astro-Epen
25638,713,Excitatory_Neuron
25639,712,Excitatory_Neuron
25640,770,unassigned
25641,718,Excitatory_Neuron
25642,721,Excitatory_Neuron
25643,715,Astro-Epen
25644,732,Excitatory_Neuron
25645,726,GABA_Neuron
25646,708,Immune
25647,765,unassigned
25648,708,Immune
25649,711,Excitatory_Neuron
25650,713,Excitatory_Neuron
25651,703,Immune
25652,703,Immune
25653,703,Immune
25654,719,Excitatory_Neuron
25655,700,Immune
25656,761,unassigned
25657,713,Excitatory_Neuron
25658,767,unassigned
25659,712,Excitatory_Neuron
25660,760,Excitatory_Neuron
25661,768,unassigned
25662,770,unassigned
25663,721,Excitatory_Neuron
25664,705,Immune
25665,712,Excitatory_Neuron
25666,762,unassigned
25667,768,unassigned
25668,760,Excitatory_Neuron
25669,718,Excitatory_Neuron
25670,760,Excitatory_Neuron
25671,754,unassigned
25672,706,Excitatory_Neuron
25673,708,Immune
25674,765,unassigned
25675,772,unassigned
25676,703,Immune
25677,711,Excitatory_Neuron
25678,711,Excitatory_Neuron
25679,766,unassigned
25680,768,unassigned
25681,706,Excitatory_Neuron
25682,706,Excitatory_Neuron
25683,707,Excitatory_Neuron
25684,708,Immune
25685,757,unassigned
25686,761,unassigned
25687,713,Excitatory_Neuron
25688,767,unassigned
25689,735,Excitatory_Neuron
25690,768,unassigned
25691,768,unassigned
25692,721,Excitatory_Neuron
25693,733,Immune
25694,705,Immune
25695,705,Immune
25696,705,Immune
25697,707,Excitatory_Neuron
25698,763,GABA_Neuron
25699,763,GABA_Neuron
25700,748,unassigned
25701,711,Excitatory_Neuron
25702,767,unassigned
25703,721,Excitatory_Neuron
25704,706,Excitatory_Neuron
25705,748,unassigned
25706,761,unassigned
25707,767,unassigned
25708,768,unassigned
25709,766,unassigned
25710,773,unassigned
25711,705,Immune
25712,705,Immune
25713,749,Immune
25714,755,Vascular
25715,711,Excitatory_Neuron
25716,711,Excitatory_Neuron
25717,735,Excitatory_Neuron
25718,768,unassigned
25719,768,unassigned
25720,733,Immune
25721,733,Immune
25722,715,Astro-Epen
25723,705,Immune
25724,708,Immune
25725,711,Excitatory_Neuron
25726,703,Immune
25727,735,Excitatory_Neuron
25728,760,Excitatory_Neuron
25729,721,Excitatory_Neuron
25730,705,Immune
25731,705,Immune
25732,765,unassigned
25733,765,unassigned
25734,711,Excitatory_Neuron
25735,774,unassigned
25736,712,Excitatory_Neuron
25737,768,unassigned
25738,705,Immune
25739,707,Excitatory_Neuron
25740,755,Vascular
25741,775,unassigned
25742,702,Astro-Epen
25743,702,Astro-Epen
25744,713,Excitatory_Neuron
25745,711,Excitatory_Neuron
25746,703,Immune
25747,731,Excitatory_Neuron
25748,707,Excitatory_Neuron
25749,713,Excitatory_Neuron
25750,713,Excitatory_Neuron
25751,703,Immune
25752,766,unassigned
25753,705,Immune
25754,776,unassigned
25755,732,Excitatory_Neuron
25756,711,Excitatory_Neuron
25757,712,Excitatory_Neuron
25758,760,Excitatory_Neuron
25759,733,Immune
25760,715,Astro-Epen
25761,705,Immune
25762,749,Immune
25763,767,unassigned
25764,760,Excitatory_Neuron
25765,769,unassigned
25766,733,Immune
25767,733,Immune
25768,705,Immune
25769,732,Excitatory_Neuron
25770,726,GABA_Neuron
25771,708,Immune
25772,763,GABA_Neuron
25773,765,unassigned
25774,753,Excitatory_Neuron
25775,761,unassigned
25776,713,Excitatory_Neuron
25777,703,Immune
25778,712,Excitatory_Neuron
25779,712,Excitatory_Neuron
25780,706,Excitatory_Neuron
25781,732,Excitatory_Neuron
25782,705,Immune
25783,763,GABA_Neuron
25784,748,unassigned
25785,737,Excitatory_Neuron
25786,769,unassigned
25787,707,Excitatory_Neuron
25788,708,Immune
25789,711,Excitatory_Neuron
25790,712,Excitatory_Neuron
25791,703,Immune
25792,705,Immune
25793,706,Excitatory_Neuron
25794,777,unassigned
25795,726,GABA_Neuron
25796,763,GABA_Neuron
25797,755,Vascular
25798,762,unassigned
25799,733,Immune
25800,733,Immune
25801,722,Excitatory_Neuron
25802,708,Immune
25803,726,GABA_Neuron
25804,757,unassigned
25805,748,unassigned
25806,761,unassigned
25807,713,Excitatory_Neuron
25808,767,unassigned
25809,703,Immune
25810,731,Excitatory_Neuron
25811,706,Excitatory_Neuron
25812,707,Excitatory_Neuron
25813,707,Excitatory_Neuron
25814,711,Excitatory_Neuron
25815,713,Excitatory_Neuron
25816,718,Excitatory_Neuron
25817,707,Excitatory_Neuron
25818,708,Immune
25819,708,Immune
25820,703,Immune
25821,703,Immune
25822,703,Immune
25823,760,Excitatory_Neuron
25824,700,Immune
25825,755,Vascular
25826,755,Vascular
25827,748,unassigned
25828,702,Astro-Epen
25829,711,Excitatory_Neuron
25830,767,unassigned
25831,711,Excitatory_Neuron
25832,719,Excitatory_Neuron
25833,731,Excitatory_Neuron
25834,726,GABA_Neuron
25835,711,Excitatory_Neuron
25836,766,unassigned
25837,776,unassigned
25838,707,Excitatory_Neuron
25839,707,Excitatory_Neuron
25840,708,Immune
25841,711,Excitatory_Neuron
25842,711,Excitatory_Neuron
25843,703,Immune
25844,770,unassigned
25845,722,Excitatory_Neuron
25846,722,Excitatory_Neuron
25847,732,Excitatory_Neuron
25848,748,unassigned
25849,702,Astro-Epen
25850,767,unassigned
25851,733,Immune
25852,708,Immune
25853,702,Astro-Epen
25854,711,Excitatory_Neuron
25855,711,Excitatory_Neuron
25856,737,Excitatory_Neuron
25857,713,Excitatory_Neuron
25858,703,Immune
25859,767,unassigned
25860,712,Excitatory_Neuron
25861,766,unassigned
25862,718,Excitatory_Neuron
25863,718,Excitatory_Neuron
25864,721,Excitatory_Neuron
25865,733,Immune
25866,733,Immune
25867,754,unassigned
25868,700,Immune
25869,707,Excitatory_Neuron
25870,757,unassigned
25871,767,unassigned
25872,703,Immune
25873,718,Excitatory_Neuron
25874,721,Excitatory_Neuron
25875,724,unassigned
25876,722,Excitatory_Neuron
25877,707,Excitatory_Neuron
25878,713,Excitatory_Neuron
25879,745,Excitatory_Neuron
25880,735,Excitatory_Neuron
25881,718,Excitatory_Neuron
25882,721,Excitatory_Neuron
25883,721,Excitatory_Neuron
25884,776,unassigned
25885,749,Immune
25886,755,Vascular
25887,765,unassigned
25888,757,unassigned
25889,711,Excitatory_Neuron
25890,721,Excitatory_Neuron
25891,724,unassigned
25892,705,Immune
25893,722,Excitatory_Neuron
25894,708,Immune
25895,708,Immune
25896,707,Excitatory_Neuron
25897,711,Excitatory_Neuron
25898,711,Excitatory_Neuron
25899,718,Excitatory_Neuron
25900,719,Excitatory_Neuron
25901,715,Astro-Epen
25902,715,Astro-Epen
25903,731,Excitatory_Neuron
25904,749,Immune
25905,711,Excitatory_Neuron
25906,748,unassigned
25907,711,Excitatory_Neuron
25908,775,unassigned
25909,767,unassigned
25910,703,Immune
25911,770,unassigned
25912,722,Excitatory_Neuron
25913,763,GABA_Neuron
25914,755,Vascular
25915,748,unassigned
25916,775,unassigned
25917,760,Excitatory_Neuron
25918,715,Astro-Epen
25919,706,Excitatory_Neuron
25920,749,Immune
25921,711,Excitatory_Neuron
25922,711,Excitatory_Neuron
25923,702,Astro-Epen
25924,711,Excitatory_Neuron
25925,702,Astro-Epen
25926,711,Excitatory_Neuron
25927,703,Immune
25928,768,unassigned
25929,768,unassigned
25930,768,unassigned
25931,724,unassigned
25932,722,Excitatory_Neuron
25933,707,Excitatory_Neuron
25934,763,GABA_Neuron
25935,708,Immune
25936,711,Excitatory_Neuron
25937,748,unassigned
25938,713,Excitatory_Neuron
25939,713,Excitatory_Neuron
25940,718,Excitatory_Neuron
25941,733,Immune
25942,778,unassigned
25943,749,Immune
25944,757,unassigned
25945,755,Vascular
25946,702,Astro-Epen
25947,703,Immune
25948,703,Immune
25949,733,Immune
25950,777,unassigned
25951,708,Immune
25952,711,Excitatory_Neuron
25953,757,unassigned
25954,711,Excitatory_Neuron
25955,767,unassigned
25956,767,unassigned
25957,703,Immune
25958,745,Excitatory_Neuron
25959,768,unassigned
25960,770,unassigned
25961,705,Immune
25962,707,Excitatory_Neuron
25963,708,Immune
25964,753,Excitatory_Neuron
25965,712,Excitatory_Neuron
25966,735,Excitatory_Neuron
25967,735,Excitatory_Neuron
25968,721,Excitatory_Neuron
25969,755,Vascular
25970,748,unassigned
25971,713,Excitatory_Neuron
25972,772,unassigned
25973,703,Immune
25974,712,Excitatory_Neuron
25975,745,Excitatory_Neuron
25976,768,unassigned
25977,718,Excitatory_Neuron
25978,705,Immune
25979,703,Immune
25980,735,Excitatory_Neuron
25981,768,unassigned
25982,721,Excitatory_Neuron
25983,719,Excitatory_Neuron
25984,705,Immune
25985,748,unassigned
25986,711,Excitatory_Neuron
25987,703,Immune
25988,703,Immune
25989,703,Immune
25990,745,Excitatory_Neuron
25991,768,unassigned
25992,770,unassigned
25993,715,Astro-Epen
25994,777,unassigned
25995,722,Excitatory_Neuron
25996,722,Excitatory_Neuron
25997,707,Excitatory_Neuron
25998,779,unassigned
25999,707,Excitatory_Neuron
26000,707,Excitatory_Neuron
26001,711,Excitatory_Neuron
26002,757,unassigned
26003,702,Astro-Epen
26004,767,unassigned
26005,713,Excitatory_Neuron
26006,703,Immune
26007,703,Immune
26008,769,unassigned
26009,722,Excitatory_Neuron
26010,705,Immune
26011,707,Excitatory_Neuron
26012,765,unassigned
26013,708,Immune
26014,711,Excitatory_Neuron
26015,711,Excitatory_Neuron
26016,711,Excitatory_Neuron
26017,702,Astro-Epen
26018,711,Excitatory_Neuron
26019,712,Excitatory_Neuron
26020,703,Immune
26021,712,Excitatory_Neuron
26022,705,Immune
26023,705,Immune
26024,777,unassigned
26025,757,unassigned
26026,774,unassigned
26027,703,Immune
26028,745,Excitatory_Neuron
26029,766,unassigned
26030,733,Immune
26031,749,Immune
26032,757,unassigned
26033,711,Excitatory_Neuron
26034,767,unassigned
26035,760,Excitatory_Neuron
26036,718,Excitatory_Neuron
26037,706,Excitatory_Neuron
26038,711,Excitatory_Neuron
26039,708,Immune
26040,713,Excitatory_Neuron
26041,711,Excitatory_Neuron
26042,774,unassigned
26043,703,Immune
26044,777,unassigned
26045,780,unassigned
26046,712,Excitatory_Neuron
26047,745,Excitatory_Neuron
26048,703,Immune
26049,703,Immune
26050,768,unassigned
26051,722,Excitatory_Neuron
26052,760,Excitatory_Neuron
26053,721,Excitatory_Neuron
26054,715,Astro-Epen
26055,713,Excitatory_Neuron
26056,712,Excitatory_Neuron
26057,703,Immune
26058,768,unassigned
26059,718,Excitatory_Neuron
26060,721,Excitatory_Neuron
26061,722,Excitatory_Neuron
26062,705,Immune
26063,749,Immune
26064,749,Immune
26065,713,Excitatory_Neuron
26066,712,Excitatory_Neuron
26067,703,Immune
26068,735,Excitatory_Neuron
26069,718,Excitatory_Neuron
26070,733,Immune
26071,733,Immune
26072,715,Astro-Epen
26073,705,Immune
26074,722,Excitatory_Neuron
26075,707,Excitatory_Neuron
26076,707,Excitatory_Neuron
26077,765,unassigned
26078,711,Excitatory_Neuron
26079,774,unassigned
26080,713,Excitatory_Neuron
26081,712,Excitatory_Neuron
26082,767,unassigned
26083,712,Excitatory_Neuron
26084,705,Immune
26085,781,unassigned
26086,713,Excitatory_Neuron
26087,703,Immune
26088,703,Immune
26089,735,Excitatory_Neuron
26090,721,Excitatory_Neuron
26091,721,Excitatory_Neuron
26092,715,Astro-Epen
26093,705,Immune
26094,765,unassigned
26095,755,Vascular
26096,753,Excitatory_Neuron
26097,735,Excitatory_Neuron
26098,768,unassigned
26099,760,Excitatory_Neuron
26100,768,unassigned
26101,760,Excitatory_Neuron
26102,715,Astro-Epen
26103,731,Excitatory_Neuron
26104,732,Excitatory_Neuron
26105,707,Excitatory_Neuron
26106,732,Excitatory_Neuron
26107,732,Excitatory_Neuron
26108,707,Excitatory_Neuron
26109,707,Excitatory_Neuron
26110,765,unassigned
26111,711,Excitatory_Neuron
26112,770,unassigned
26113,707,Excitatory_Neuron
26114,713,Excitatory_Neuron
26115,774,unassigned
26116,772,unassigned
26117,703,Immune
26118,703,Immune
26119,703,Immune
26120,745,Excitatory_Neuron
26121,760,Excitatory_Neuron
26122,722,Excitatory_Neuron
26123,722,Excitatory_Neuron
26124,732,Excitatory_Neuron
26125,707,Excitatory_Neuron
26126,749,Immune
26127,749,Immune
26128,753,Excitatory_Neuron
26129,782,unassigned
26130,774,unassigned
26131,770,unassigned
26132,721,Excitatory_Neuron
26133,715,Astro-Epen
26134,705,Immune
26135,755,Vascular
26136,711,Excitatory_Neuron
26137,711,Excitatory_Neuron
26138,711,Excitatory_Neuron
26139,774,unassigned
26140,772,unassigned
26141,703,Immune
26142,735,Excitatory_Neuron
26143,733,Immune
26144,706,Excitatory_Neuron
26145,731,Excitatory_Neuron
26146,705,Immune
26147,707,Excitatory_Neuron
26148,765,unassigned
26149,755,Vascular
26150,711,Excitatory_Neuron
26151,774,unassigned
26152,768,unassigned
26153,721,Excitatory_Neuron
26154,776,unassigned
26155,705,Immune
26156,749,Immune
26157,765,unassigned
26158,781,unassigned
26159,755,Vascular
26160,702,Astro-Epen
26161,774,unassigned
26162,713,Excitatory_Neuron
26163,735,Excitatory_Neuron
26164,760,Excitatory_Neuron
26165,721,Excitatory_Neuron
26166,705,Immune
26167,777,unassigned
26168,765,unassigned
26169,753,Excitatory_Neuron
26170,713,Excitatory_Neuron
26171,703,Immune
26172,731,Excitatory_Neuron
26173,732,Excitatory_Neuron
26174,749,Immune
26175,749,Immune
26176,711,Excitatory_Neuron
26177,711,Excitatory_Neuron
26178,774,unassigned
26179,711,Excitatory_Neuron
26180,703,Immune
26181,721,Excitatory_Neuron
26182,780,unassigned
26183,707,Excitatory_Neuron
26184,708,Immune
26185,708,Immune
26186,708,Immune
26187,781,unassigned
26188,767,unassigned
26189,712,Excitatory_Neuron
26190,703,Immune
26191,703,Immune
26192,721,Excitatory_Neuron
26193,708,Immune
26194,755,Vascular
26195,719,Excitatory_Neuron
26196,715,Astro-Epen
26197,705,Immune
26198,776,unassigned
26199,724,unassigned
26200,776,unassigned
26201,732,Excitatory_Neuron
26202,705,Immune
26203,749,Immune
26204,707,Excitatory_Neuron
26205,774,unassigned
26206,774,unassigned
26207,713,Excitatory_Neuron
26208,735,Excitatory_Neuron
26209,733,Immune
26210,783,unassigned
26211,784,unassigned
26212,711,Excitatory_Neuron
26213,748,unassigned
26214,713,Excitatory_Neuron
26215,712,Excitatory_Neuron
26216,785,unassigned
26217,706,Excitatory_Neuron
26218,708,Immune
26219,703,Immune
26220,722,Excitatory_Neuron
26221,708,Immune
26222,703,Immune
26223,712,Excitatory_Neuron
26224,783,unassigned
26225,713,Excitatory_Neuron
26226,713,Excitatory_Neuron
26227,703,Immune
26228,703,Immune
26229,735,Excitatory_Neuron
26230,733,Immune
26231,733,Immune
26232,732,Excitatory_Neuron
26233,748,unassigned
26234,753,Excitatory_Neuron
26235,753,Excitatory_Neuron
26236,715,Astro-Epen
26237,705,Immune
26238,706,Excitatory_Neuron
26239,777,unassigned
26240,708,Immune
26241,711,Excitatory_Neuron
26242,774,unassigned
26243,712,Excitatory_Neuron
26244,785,unassigned
26245,732,Excitatory_Neuron
26246,707,Excitatory_Neuron
26247,784,unassigned
26248,707,Excitatory_Neuron
26249,753,Excitatory_Neuron
26250,774,unassigned
26251,745,Excitatory_Neuron
26252,760,Excitatory_Neuron
26253,718,Excitatory_Neuron
26254,715,Astro-Epen
26255,705,Immune
26256,784,unassigned
26257,784,unassigned
26258,784,unassigned
26259,749,Immune
26260,711,Excitatory_Neuron
26261,774,unassigned
26262,713,Excitatory_Neuron
26263,712,Excitatory_Neuron
26264,769,unassigned
26265,721,Excitatory_Neuron
26266,700,Immune
26267,786,unassigned
26268,749,Immune
26269,708,Immune
26270,708,Immune
26271,711,Excitatory_Neuron
26272,711,Excitatory_Neuron
26273,713,Excitatory_Neuron
26274,774,unassigned
26275,703,Immune
26276,745,Excitatory_Neuron
26277,760,Excitatory_Neuron
26278,721,Excitatory_Neuron
26279,706,Excitatory_Neuron
26280,777,unassigned
26281,749,Immune
26282,749,Immune
26283,708,Immune
26284,702,Astro-Epen
26285,774,unassigned
26286,713,Excitatory_Neuron
26287,772,unassigned
26288,713,Excitatory_Neuron
26289,703,Immune
26290,767,unassigned
26291,735,Excitatory_Neuron
26292,777,unassigned
26293,777,unassigned
26294,774,unassigned
26295,712,Excitatory_Neuron
26296,749,Immune
26297,749,Immune
26298,708,Immune
26299,713,Excitatory_Neuron
26300,767,unassigned
26301,733,Immune
26302,765,unassigned
26303,712,Excitatory_Neuron
26304,712,Excitatory_Neuron
26305,767,unassigned
26306,760,Excitatory_Neuron
26307,721,Excitatory_Neuron
26308,733,Immune
26309,705,Immune
26310,722,Excitatory_Neuron
26311,765,unassigned
26312,708,Immune
26313,711,Excitatory_Neuron
26314,711,Excitatory_Neuron
26315,753,Excitatory_Neuron
26316,712,Excitatory_Neuron
26317,703,Immune
26318,745,Excitatory_Neuron
26319,770,unassigned
26320,721,Excitatory_Neuron
26321,721,Excitatory_Neuron
26322,705,Immune
26323,707,Excitatory_Neuron
26324,707,Excitatory_Neuron
26325,755,Vascular
26326,757,unassigned
26327,702,Astro-Epen
26328,712,Excitatory_Neuron
26329,767,unassigned
26330,745,Excitatory_Neuron
26331,703,Immune
26332,760,Excitatory_Neuron
26333,777,unassigned
26334,732,Excitatory_Neuron
26335,702,Astro-Epen
26336,713,Excitatory_Neuron
26337,713,Excitatory_Neuron
26338,733,Immune
26339,721,Excitatory_Neuron
26340,705,Immune
26341,706,Excitatory_Neuron
26342,703,Immune
26343,745,Excitatory_Neuron
26344,745,Excitatory_Neuron
26345,760,Excitatory_Neuron
26346,719,Excitatory_Neuron
26347,715,Astro-Epen
26348,777,unassigned
26349,755,Vascular
26350,702,Astro-Epen
26351,713,Excitatory_Neuron
26352,712,Excitatory_Neuron
26353,703,Immune
26354,760,Excitatory_Neuron
26355,769,unassigned
26356,732,Excitatory_Neuron
26357,749,Immune
26358,708,Immune
26359,765,unassigned
26360,711,Excitatory_Neuron
26361,774,unassigned
26362,774,unassigned
26363,703,Immune
26364,703,Immune
26365,703,Immune
26366,721,Excitatory_Neuron
26367,711,Excitatory_Neuron
26368,711,Excitatory_Neuron
26369,702,Astro-Epen
26370,787,unassigned
26371,776,unassigned
26372,776,unassigned
26373,732,Excitatory_Neuron
26374,784,unassigned
26375,708,Immune
26376,708,Immune
26377,713,Excitatory_Neuron
26378,711,Excitatory_Neuron
26379,745,Excitatory_Neuron
26380,703,Immune
26381,760,Excitatory_Neuron
26382,769,unassigned
26383,721,Excitatory_Neuron
26384,715,Astro-Epen
26385,776,unassigned
26386,707,Excitatory_Neuron
26387,788,unassigned
26388,711,Excitatory_Neuron
26389,774,unassigned
26390,745,Excitatory_Neuron
26391,783,unassigned
26392,789,unassigned
26393,707,Excitatory_Neuron
26394,748,unassigned
26395,753,Excitatory_Neuron
26396,712,Excitatory_Neuron
26397,745,Excitatory_Neuron
26398,715,Astro-Epen
26399,731,Excitatory_Neuron
26400,732,Excitatory_Neuron
26401,749,Immune
26402,765,unassigned
26403,757,unassigned
26404,703,Immune
26405,767,unassigned
26406,715,Astro-Epen
26407,707,Excitatory_Neuron
26408,708,Immune
26409,711,Excitatory_Neuron
26410,767,unassigned
26411,721,Excitatory_Neuron
26412,706,Excitatory_Neuron
26413,705,Immune
26414,783,unassigned
26415,705,Immune
26416,789,unassigned
26417,703,Immune
26418,767,unassigned
26419,735,Excitatory_Neuron
26420,768,unassigned
26421,732,Excitatory_Neuron
26422,708,Immune
26423,708,Immune
26424,702,Astro-Epen
26425,711,Excitatory_Neuron
26426,712,Excitatory_Neuron
26427,745,Excitatory_Neuron
26428,721,Excitatory_Neuron
26429,721,Excitatory_Neuron
26430,780,unassigned
26431,705,Immune
26432,708,Immune
26433,774,unassigned
26434,713,Excitatory_Neuron
26435,703,Immune
26436,735,Excitatory_Neuron
26437,721,Excitatory_Neuron
26438,733,Immune
26439,776,unassigned
26440,790,unassigned
26441,705,Immune
26442,705,Immune
26443,755,Vascular
26444,711,Excitatory_Neuron
26445,791,unassigned
26446,702,Astro-Epen
26447,774,unassigned
26448,712,Excitatory_Neuron
26449,770,unassigned
26450,721,Excitatory_Neuron
26451,715,Astro-Epen
26452,700,Immune
26453,702,Astro-Epen
26454,721,Excitatory_Neuron
26455,705,Immune
26456,732,Excitatory_Neuron
26457,732,Excitatory_Neuron
26458,708,Immune
26459,708,Immune
26460,712,Excitatory_Neuron
26461,735,Excitatory_Neuron
26462,715,Astro-Epen
26463,790,unassigned
26464,708,Immune
26465,757,unassigned
26466,711,Excitatory_Neuron
26467,753,Excitatory_Neuron
26468,774,unassigned
26469,774,unassigned
26470,713,Excitatory_Neuron
26471,777,unassigned
26472,707,Excitatory_Neuron
26473,707,Excitatory_Neuron
26474,707,Excitatory_Neuron
26475,712,Excitatory_Neuron
26476,712,Excitatory_Neuron
26477,715,Astro-Epen
26478,792,unassigned
26479,731,Excitatory_Neuron
26480,705,Immune
26481,776,unassigned
26482,705,Immune
26483,707,Excitatory_Neuron
26484,708,Immune
26485,757,unassigned
26486,712,Excitatory_Neuron
26487,712,Excitatory_Neuron
26488,715,Astro-Epen
26489,715,Astro-Epen
26490,777,unassigned
26491,749,Immune
26492,711,Excitatory_Neuron
26493,711,Excitatory_Neuron
26494,713,Excitatory_Neuron
26495,712,Excitatory_Neuron
26496,703,Immune
26497,745,Excitatory_Neuron
26498,733,Immune
26499,705,Immune
26500,790,unassigned
26501,706,Excitatory_Neuron
26502,732,Excitatory_Neuron
26503,757,unassigned
26504,711,Excitatory_Neuron
26505,713,Excitatory_Neuron
26506,711,Excitatory_Neuron
26507,712,Excitatory_Neuron
26508,767,unassigned
26509,760,Excitatory_Neuron
26510,705,Immune
26511,707,Excitatory_Neuron
26512,707,Excitatory_Neuron
26513,753,Excitatory_Neuron
26514,774,unassigned
26515,712,Excitatory_Neuron
26516,712,Excitatory_Neuron
26517,703,Immune
26518,760,Excitatory_Neuron
26519,721,Excitatory_Neuron
26520,776,unassigned
26521,753,Excitatory_Neuron
26522,774,unassigned
26523,792,unassigned
26524,705,Immune
26525,707,Excitatory_Neuron
26526,789,unassigned
26527,712,Excitatory_Neuron
26528,712,Excitatory_Neuron
26529,712,Excitatory_Neuron
26530,712,Excitatory_Neuron
26531,760,Excitatory_Neuron
26532,768,unassigned
26533,721,Excitatory_Neuron
26534,705,Immune
26535,708,Immune
26536,708,Immune
26537,708,Immune
26538,713,Excitatory_Neuron
26539,713,Excitatory_Neuron
26540,713,Excitatory_Neuron
26541,713,Excitatory_Neuron
26542,712,Excitatory_Neuron
26543,703,Immune
26544,703,Immune
26545,735,Excitatory_Neuron
26546,735,Excitatory_Neuron
26547,700,Immune
26548,711,Excitatory_Neuron
26549,711,Excitatory_Neuron
26550,793,unassigned
26551,735,Excitatory_Neuron
26552,768,unassigned
26553,769,unassigned
26554,733,Immune
26555,792,unassigned
26556,705,Immune
26557,705,Immune
26558,708,Immune
26559,712,Excitatory_Neuron
26560,712,Excitatory_Neuron
26561,703,Immune
26562,776,unassigned
26563,706,Excitatory_Neuron
26564,705,Immune
26565,732,Excitatory_Neuron
26566,732,Excitatory_Neuron
26567,732,Excitatory_Neuron
26568,707,Excitatory_Neuron
26569,707,Excitatory_Neuron
26570,732,Excitatory_Neuron
26571,732,Excitatory_Neuron
26572,755,Vascular
26573,702,Astro-Epen
26574,702,Astro-Epen
26575,702,Astro-Epen
26576,712,Excitatory_Neuron
26577,712,Excitatory_Neuron
26578,712,Excitatory_Neuron
26579,712,Excitatory_Neuron
26580,712,Excitatory_Neuron
26581,703,Immune
26582,712,Excitatory_Neuron
26583,712,Excitatory_Neuron
26584,721,Excitatory_Neuron
26585,721,Excitatory_Neuron
26586,721,Excitatory_Neuron
26587,721,Excitatory_Neuron
26588,777,unassigned
26589,712,Excitatory_Neuron
26590,712,Excitatory_Neuron
26591,712,Excitatory_Neuron
26592,721,Excitatory_Neuron
26593,748,unassigned
26594,703,Immune
26595,713,Excitatory_Neuron
26596,735,Excitatory_Neuron
26597,768,unassigned
26598,792,unassigned
26599,708,Immune
26600,769,unassigned
26601,777,unassigned
26602,702,Astro-Epen
26603,713,Excitatory_Neuron
26604,769,unassigned
26605,702,Astro-Epen
26606,712,Excitatory_Neuron
26607,790,unassigned
26608,722,Excitatory_Neuron
26609,755,Vascular
26610,712,Excitatory_Neuron
26611,713,Excitatory_Neuron
26612,793,unassigned
26613,719,Excitatory_Neuron
26614,733,Immune
26615,733,Immune
26616,792,unassigned
26617,794,Excitatory_Neuron
26618,795,Excitatory_Neuron
26619,796,Excitatory_Neuron
26620,797,Immune
26621,798,GABA_Neuron
26622,797,Immune
26623,799,Immune
26624,797,Immune
26625,798,GABA_Neuron
26626,800,Excitatory_Neuron
26627,801,Excitatory_Neuron
26628,802,unassigned
26629,800,Excitatory_Neuron
26630,801,Excitatory_Neuron
26631,803,Excitatory_Neuron
26632,804,unassigned
26633,805,Immune
26634,806,Excitatory_Neuron
26635,807,Excitatory_Neuron
26636,808,Excitatory_Neuron
26637,809,unassigned
26638,810,GABA_Neuron
26639,811,unassigned
26640,812,GABA_Neuron
26641,813,Excitatory_Neuron
26642,813,Excitatory_Neuron
26643,812,GABA_Neuron
26644,814,Excitatory_Neuron
26645,815,Excitatory_Neuron
26646,815,Excitatory_Neuron
26647,816,Excitatory_Neuron
26648,817,Excitatory_Neuron
26649,813,Excitatory_Neuron
26650,817,Excitatory_Neuron
26651,818,Excitatory_Neuron
26652,819,Excitatory_Neuron
26653,819,Excitatory_Neuron
26654,820,Excitatory_Neuron
26655,819,Excitatory_Neuron
26656,821,Excitatory_Neuron
26657,822,Excitatory_Neuron
26658,820,Excitatory_Neuron
26659,820,Excitatory_Neuron
26660,811,unassigned
26661,823,unassigned
26662,824,Excitatory_Neuron
26663,824,Excitatory_Neuron
26664,822,Excitatory_Neuron
26665,825,Astro-Epen
26666,822,Excitatory_Neuron
26667,826,unassigned
26668,826,unassigned
26669,825,Astro-Epen
26670,827,Excitatory_Neuron
26671,828,unassigned
26672,811,unassigned
26673,829,Excitatory_Neuron
26674,830,Excitatory_Neuron
26675,831,Immune
26676,832,unassigned
26677,796,Excitatory_Neuron
26678,795,Excitatory_Neuron
26679,833,Excitatory_Neuron
26680,799,Immune
26681,834,Excitatory_Neuron
26682,798,GABA_Neuron
26683,835,unassigned
26684,810,GABA_Neuron
26685,810,GABA_Neuron
26686,811,unassigned
26687,836,unassigned
26688,819,Excitatory_Neuron
26689,822,Excitatory_Neuron
26690,822,Excitatory_Neuron
26691,828,unassigned
26692,827,Excitatory_Neuron
26693,832,unassigned
26694,831,Immune
26695,837,Immune
26696,837,Immune
26697,794,Excitatory_Neuron
26698,838,unassigned
26699,837,Immune
26700,837,Immune
26701,839,Vascular
26702,840,unassigned
26703,798,GABA_Neuron
26704,801,Excitatory_Neuron
26705,805,Immune
26706,841,unassigned
26707,814,Excitatory_Neuron
26708,841,unassigned
26709,812,GABA_Neuron
26710,841,unassigned
26711,818,Excitatory_Neuron
26712,842,Excitatory_Neuron
26713,842,Excitatory_Neuron
26714,816,Excitatory_Neuron
26715,818,Excitatory_Neuron
26716,819,Excitatory_Neuron
26717,822,Excitatory_Neuron
26718,811,unassigned
26719,822,Excitatory_Neuron
26720,811,unassigned
26721,843,unassigned
26722,831,Immune
26723,797,Immune
26724,795,Excitatory_Neuron
26725,844,Excitatory_Neuron
26726,797,Immune
26727,798,GABA_Neuron
26728,845,Excitatory_Neuron
26729,801,Excitatory_Neuron
26730,807,Excitatory_Neuron
26731,809,unassigned
26732,810,GABA_Neuron
26733,817,Excitatory_Neuron
26734,818,Excitatory_Neuron
26735,842,Excitatory_Neuron
26736,846,Excitatory_Neuron
26737,846,Excitatory_Neuron
26738,822,Excitatory_Neuron
26739,847,unassigned
26740,825,Astro-Epen
26741,848,unassigned
26742,837,Immune
26743,795,Excitatory_Neuron
26744,797,Immune
26745,800,Excitatory_Neuron
26746,849,Astro-Epen
26747,801,Excitatory_Neuron
26748,800,Excitatory_Neuron
26749,808,Excitatory_Neuron
26750,818,Excitatory_Neuron
26751,811,unassigned
26752,815,Excitatory_Neuron
26753,842,Excitatory_Neuron
26754,816,Excitatory_Neuron
26755,842,Excitatory_Neuron
26756,850,unassigned
26757,838,unassigned
26758,795,Excitatory_Neuron
26759,837,Immune
26760,796,Excitatory_Neuron
26761,833,Excitatory_Neuron
26762,806,Excitatory_Neuron
26763,808,Excitatory_Neuron
26764,807,Excitatory_Neuron
26765,809,unassigned
26766,851,unassigned
26767,818,Excitatory_Neuron
26768,816,Excitatory_Neuron
26769,852,Excitatory_Neuron
26770,846,Excitatory_Neuron
26771,822,Excitatory_Neuron
26772,811,unassigned
26773,853,GABA_Neuron
26774,854,Immune
26775,844,Excitatory_Neuron
26776,798,GABA_Neuron
26777,798,GABA_Neuron
26778,798,GABA_Neuron
26779,797,Immune
26780,845,Excitatory_Neuron
26781,802,unassigned
26782,810,GABA_Neuron
26783,816,Excitatory_Neuron
26784,811,unassigned
26785,818,Excitatory_Neuron
26786,855,Excitatory_Neuron
26787,856,Astro-Epen
26788,856,Astro-Epen
26789,857,Vascular
26790,797,Immune
26791,858,Excitatory_Neuron
26792,800,Excitatory_Neuron
26793,803,Excitatory_Neuron
26794,810,GABA_Neuron
26795,822,Excitatory_Neuron
26796,829,Excitatory_Neuron
26797,831,Immune
26798,859,unassigned
26799,798,GABA_Neuron
26800,803,Excitatory_Neuron
26801,811,unassigned
26802,816,Excitatory_Neuron
26803,860,unassigned
26804,820,Excitatory_Neuron
26805,822,Excitatory_Neuron
26806,823,unassigned
26807,861,unassigned
26808,850,unassigned
26809,862,Astro-Epen
26810,857,Vascular
26811,797,Immune
26812,833,Excitatory_Neuron
26813,845,Excitatory_Neuron
26814,814,Excitatory_Neuron
26815,822,Excitatory_Neuron
26816,825,Astro-Epen
26817,856,Astro-Epen
26818,862,Astro-Epen
26819,856,Astro-Epen
26820,795,Excitatory_Neuron
26821,797,Immune
26822,863,Excitatory_Neuron
26823,798,GABA_Neuron
26824,864,unassigned
26825,798,GABA_Neuron
26826,801,Excitatory_Neuron
26827,865,Excitatory_Neuron
26828,841,unassigned
26829,842,Excitatory_Neuron
26830,818,Excitatory_Neuron
26831,820,Excitatory_Neuron
26832,820,Excitatory_Neuron
26833,824,Excitatory_Neuron
26834,822,Excitatory_Neuron
26835,822,Excitatory_Neuron
26836,825,Astro-Epen
26837,856,Astro-Epen
26838,837,Immune
26839,831,Immune
26840,857,Vascular
26841,837,Immune
26842,833,Excitatory_Neuron
26843,845,Excitatory_Neuron
26844,804,unassigned
26845,801,Excitatory_Neuron
26846,818,Excitatory_Neuron
26847,866,unassigned
26848,822,Excitatory_Neuron
26849,822,Excitatory_Neuron
26850,862,Astro-Epen
26851,831,Immune
26852,857,Vascular
26853,801,Excitatory_Neuron
26854,809,unassigned
26855,819,Excitatory_Neuron
26856,821,Excitatory_Neuron
26857,820,Excitatory_Neuron
26858,820,Excitatory_Neuron
26859,825,Astro-Epen
26860,861,unassigned
26861,825,Astro-Epen
26862,857,Vascular
26863,837,Immune
26864,795,Excitatory_Neuron
26865,797,Immune
26866,796,Excitatory_Neuron
26867,867,unassigned
26868,834,Excitatory_Neuron
26869,806,Excitatory_Neuron
26870,808,Excitatory_Neuron
26871,810,GABA_Neuron
26872,807,Excitatory_Neuron
26873,818,Excitatory_Neuron
26874,820,Excitatory_Neuron
26875,822,Excitatory_Neuron
26876,856,Astro-Epen
26877,831,Immune
26878,837,Immune
26879,854,Immune
26880,868,unassigned
26881,796,Excitatory_Neuron
26882,795,Excitatory_Neuron
26883,804,unassigned
26884,806,Excitatory_Neuron
26885,852,Excitatory_Neuron
26886,816,Excitatory_Neuron
26887,817,Excitatory_Neuron
26888,846,Excitatory_Neuron
26889,821,Excitatory_Neuron
26890,819,Excitatory_Neuron
26891,811,unassigned
26892,811,unassigned
26893,837,Immune
26894,796,Excitatory_Neuron
26895,797,Immune
26896,796,Excitatory_Neuron
26897,798,GABA_Neuron
26898,863,Excitatory_Neuron
26899,864,unassigned
26900,849,Astro-Epen
26901,807,Excitatory_Neuron
26902,809,unassigned
26903,836,unassigned
26904,819,Excitatory_Neuron
26905,824,Excitatory_Neuron
26906,869,unassigned
26907,827,Excitatory_Neuron
26908,827,Excitatory_Neuron
26909,870,unassigned
26910,862,Astro-Epen
26911,837,Immune
26912,837,Immune
26913,857,Vascular
26914,857,Vascular
26915,837,Immune
26916,834,Excitatory_Neuron
26917,833,Excitatory_Neuron
26918,800,Excitatory_Neuron
26919,809,unassigned
26920,851,unassigned
26921,807,Excitatory_Neuron
26922,816,Excitatory_Neuron
26923,842,Excitatory_Neuron
26924,816,Excitatory_Neuron
26925,818,Excitatory_Neuron
26926,824,Excitatory_Neuron
26927,820,Excitatory_Neuron
26928,811,unassigned
26929,862,Astro-Epen
26930,871,unassigned
26931,856,Astro-Epen
26932,857,Vascular
26933,832,unassigned
26934,833,Excitatory_Neuron
26935,797,Immune
26936,803,Excitatory_Neuron
26937,818,Excitatory_Neuron
26938,836,unassigned
26939,824,Excitatory_Neuron
26940,824,Excitatory_Neuron
26941,822,Excitatory_Neuron
26942,825,Astro-Epen
26943,862,Astro-Epen
26944,838,unassigned
26945,797,Immune
26946,854,Immune
26947,857,Vascular
26948,797,Immune
26949,833,Excitatory_Neuron
26950,799,Immune
26951,798,GABA_Neuron
26952,859,unassigned
26953,800,Excitatory_Neuron
26954,845,Excitatory_Neuron
26955,810,GABA_Neuron
26956,819,Excitatory_Neuron
26957,824,Excitatory_Neuron
26958,872,unassigned
26959,873,unassigned
26960,862,Astro-Epen
26961,857,Vascular
26962,857,Vascular
26963,796,Excitatory_Neuron
26964,798,GABA_Neuron
26965,834,Excitatory_Neuron
26966,798,GABA_Neuron
26967,858,Excitatory_Neuron
26968,810,GABA_Neuron
26969,841,unassigned
26970,807,Excitatory_Neuron
26971,813,Excitatory_Neuron
26972,836,unassigned
26973,820,Excitatory_Neuron
26974,821,Excitatory_Neuron
26975,830,Excitatory_Neuron
26976,830,Excitatory_Neuron
26977,857,Vascular
26978,857,Vascular
26979,838,unassigned
26980,795,Excitatory_Neuron
26981,857,Vascular
26982,795,Excitatory_Neuron
26983,833,Excitatory_Neuron
26984,840,unassigned
26985,798,GABA_Neuron
26986,858,Excitatory_Neuron
26987,849,Astro-Epen
26988,803,Excitatory_Neuron
26989,806,Excitatory_Neuron
26990,806,Excitatory_Neuron
26991,812,GABA_Neuron
26992,842,Excitatory_Neuron
26993,818,Excitatory_Neuron
26994,813,Excitatory_Neuron
26995,836,unassigned
26996,819,Excitatory_Neuron
26997,822,Excitatory_Neuron
26998,825,Astro-Epen
26999,871,unassigned
27000,837,Immune
27001,857,Vascular
27002,831,Immune
27003,874,Excitatory_Neuron
27004,798,GABA_Neuron
27005,845,Excitatory_Neuron
27006,801,Excitatory_Neuron
27007,810,GABA_Neuron
27008,807,Excitatory_Neuron
27009,807,Excitatory_Neuron
27010,807,Excitatory_Neuron
27011,819,Excitatory_Neuron
27012,816,Excitatory_Neuron
27013,820,Excitatory_Neuron
27014,875,Astro-Epen
27015,869,unassigned
27016,825,Astro-Epen
27017,857,Vascular
27018,839,Vascular
27019,854,Immune
27020,837,Immune
27021,834,Excitatory_Neuron
27022,834,Excitatory_Neuron
27023,863,Excitatory_Neuron
27024,864,unassigned
27025,805,Immune
27026,808,Excitatory_Neuron
27027,808,Excitatory_Neuron
27028,816,Excitatory_Neuron
27029,821,Excitatory_Neuron
27030,822,Excitatory_Neuron
27031,824,Excitatory_Neuron
27032,827,Excitatory_Neuron
27033,862,Astro-Epen
27034,794,Excitatory_Neuron
27035,797,Immune
27036,857,Vascular
27037,796,Excitatory_Neuron
27038,858,Excitatory_Neuron
27039,798,GABA_Neuron
27040,858,Excitatory_Neuron
27041,863,Excitatory_Neuron
27042,845,Excitatory_Neuron
27043,876,unassigned
27044,811,unassigned
27045,877,Excitatory_Neuron
27046,815,Excitatory_Neuron
27047,836,unassigned
27048,822,Excitatory_Neuron
27049,822,Excitatory_Neuron
27050,820,Excitatory_Neuron
27051,821,Excitatory_Neuron
27052,820,Excitatory_Neuron
27053,822,Excitatory_Neuron
27054,871,unassigned
27055,831,Immune
27056,857,Vascular
27057,863,Excitatory_Neuron
27058,845,Excitatory_Neuron
27059,798,GABA_Neuron
27060,798,GABA_Neuron
27061,858,Excitatory_Neuron
27062,849,Astro-Epen
27063,807,Excitatory_Neuron
27064,813,Excitatory_Neuron
27065,818,Excitatory_Neuron
27066,816,Excitatory_Neuron
27067,820,Excitatory_Neuron
27068,823,unassigned
27069,823,unassigned
27070,811,unassigned
27071,878,unassigned
27072,811,unassigned
27073,838,unassigned
27074,795,Excitatory_Neuron
27075,798,GABA_Neuron
27076,834,Excitatory_Neuron
27077,845,Excitatory_Neuron
27078,801,Excitatory_Neuron
27079,807,Excitatory_Neuron
27080,809,unassigned
27081,807,Excitatory_Neuron
27082,836,unassigned
27083,822,Excitatory_Neuron
27084,821,Excitatory_Neuron
27085,822,Excitatory_Neuron
27086,820,Excitatory_Neuron
27087,825,Astro-Epen
27088,870,unassigned
27089,856,Astro-Epen
27090,831,Immune
27091,857,Vascular
27092,795,Excitatory_Neuron
27093,797,Immune
27094,797,Immune
27095,834,Excitatory_Neuron
27096,834,Excitatory_Neuron
27097,800,Excitatory_Neuron
27098,807,Excitatory_Neuron
27099,836,unassigned
27100,843,unassigned
27101,856,Astro-Epen
27102,797,Immune
27103,797,Immune
27104,833,Excitatory_Neuron
27105,858,Excitatory_Neuron
27106,807,Excitatory_Neuron
27107,879,unassigned
27108,812,GABA_Neuron
27109,816,Excitatory_Neuron
27110,818,Excitatory_Neuron
27111,813,Excitatory_Neuron
27112,821,Excitatory_Neuron
27113,836,unassigned
27114,819,Excitatory_Neuron
27115,822,Excitatory_Neuron
27116,861,unassigned
27117,871,unassigned
27118,874,Excitatory_Neuron
27119,834,Excitatory_Neuron
27120,798,GABA_Neuron
27121,858,Excitatory_Neuron
27122,863,Excitatory_Neuron
27123,803,Excitatory_Neuron
27124,845,Excitatory_Neuron
27125,805,Immune
27126,806,Excitatory_Neuron
27127,818,Excitatory_Neuron
27128,816,Excitatory_Neuron
27129,818,Excitatory_Neuron
27130,817,Excitatory_Neuron
27131,819,Excitatory_Neuron
27132,820,Excitatory_Neuron
27133,822,Excitatory_Neuron
27134,880,Excitatory_Neuron
27135,797,Immune
27136,863,Excitatory_Neuron
27137,798,GABA_Neuron
27138,802,unassigned
27139,802,unassigned
27140,807,Excitatory_Neuron
27141,806,Excitatory_Neuron
27142,807,Excitatory_Neuron
27143,817,Excitatory_Neuron
27144,819,Excitatory_Neuron
27145,820,Excitatory_Neuron
27146,820,Excitatory_Neuron
27147,869,unassigned
27148,827,Excitatory_Neuron
27149,832,unassigned
27150,837,Immune
27151,798,GABA_Neuron
27152,798,GABA_Neuron
27153,845,Excitatory_Neuron
27154,845,Excitatory_Neuron
27155,801,Excitatory_Neuron
27156,807,Excitatory_Neuron
27157,811,unassigned
27158,809,unassigned
27159,807,Excitatory_Neuron
27160,820,Excitatory_Neuron
27161,856,Astro-Epen
27162,854,Immune
27163,837,Immune
27164,857,Vascular
27165,802,unassigned
27166,806,Excitatory_Neuron
27167,807,Excitatory_Neuron
27168,809,unassigned
27169,816,Excitatory_Neuron
27170,813,Excitatory_Neuron
27171,819,Excitatory_Neuron
27172,816,Excitatory_Neuron
27173,817,Excitatory_Neuron
27174,820,Excitatory_Neuron
27175,822,Excitatory_Neuron
27176,857,Vascular
27177,831,Immune
27178,874,Excitatory_Neuron
27179,857,Vascular
27180,848,unassigned
27181,798,GABA_Neuron
27182,810,GABA_Neuron
27183,807,Excitatory_Neuron
27184,877,Excitatory_Neuron
27185,819,Excitatory_Neuron
27186,877,Excitatory_Neuron
27187,877,Excitatory_Neuron
27188,846,Excitatory_Neuron
27189,816,Excitatory_Neuron
27190,881,unassigned
27191,811,unassigned
27192,827,Excitatory_Neuron
27193,825,Astro-Epen
27194,857,Vascular
27195,797,Immune
27196,796,Excitatory_Neuron
27197,795,Excitatory_Neuron
27198,863,Excitatory_Neuron
27199,858,Excitatory_Neuron
27200,863,Excitatory_Neuron
27201,858,Excitatory_Neuron
27202,849,Astro-Epen
27203,800,Excitatory_Neuron
27204,845,Excitatory_Neuron
27205,807,Excitatory_Neuron
27206,845,Excitatory_Neuron
27207,807,Excitatory_Neuron
27208,841,unassigned
27209,852,Excitatory_Neuron
27210,815,Excitatory_Neuron
27211,877,Excitatory_Neuron
27212,875,Astro-Epen
27213,822,Excitatory_Neuron
27214,861,unassigned
27215,827,Excitatory_Neuron
27216,882,unassigned
27217,854,Immune
27218,838,unassigned
27219,797,Immune
27220,797,Immune
27221,883,unassigned
27222,849,Astro-Epen
27223,807,Excitatory_Neuron
27224,807,Excitatory_Neuron
27225,812,GABA_Neuron
27226,816,Excitatory_Neuron
27227,877,Excitatory_Neuron
27228,855,Excitatory_Neuron
27229,820,Excitatory_Neuron
27230,880,Excitatory_Neuron
27231,827,Excitatory_Neuron
27232,880,Excitatory_Neuron
27233,825,Astro-Epen
27234,856,Astro-Epen
27235,856,Astro-Epen
27236,830,Excitatory_Neuron
27237,838,unassigned
27238,857,Vascular
27239,797,Immune
27240,797,Immune
27241,874,Excitatory_Neuron
27242,858,Excitatory_Neuron
27243,798,GABA_Neuron
27244,810,GABA_Neuron
27245,817,Excitatory_Neuron
27246,808,Excitatory_Neuron
27247,815,Excitatory_Neuron
27248,846,Excitatory_Neuron
27249,846,Excitatory_Neuron
27250,846,Excitatory_Neuron
27251,820,Excitatory_Neuron
27252,821,Excitatory_Neuron
27253,822,Excitatory_Neuron
27254,822,Excitatory_Neuron
27255,856,Astro-Epen
27256,857,Vascular
27257,795,Excitatory_Neuron
27258,837,Immune
27259,874,Excitatory_Neuron
27260,833,Excitatory_Neuron
27261,799,Immune
27262,863,Excitatory_Neuron
27263,845,Excitatory_Neuron
27264,806,Excitatory_Neuron
27265,816,Excitatory_Neuron
27266,820,Excitatory_Neuron
27267,836,unassigned
27268,846,Excitatory_Neuron
27269,820,Excitatory_Neuron
27270,822,Excitatory_Neuron
27271,821,Excitatory_Neuron
27272,811,unassigned
27273,827,Excitatory_Neuron
27274,856,Astro-Epen
27275,811,unassigned
27276,837,Immune
27277,797,Immune
27278,848,unassigned
27279,884,unassigned
27280,796,Excitatory_Neuron
27281,799,Immune
27282,833,Excitatory_Neuron
27283,797,Immune
27284,849,Astro-Epen
27285,802,unassigned
27286,806,Excitatory_Neuron
27287,865,Excitatory_Neuron
27288,817,Excitatory_Neuron
27289,816,Excitatory_Neuron
27290,816,Excitatory_Neuron
27291,820,Excitatory_Neuron
27292,822,Excitatory_Neuron
27293,822,Excitatory_Neuron
27294,821,Excitatory_Neuron
27295,827,Excitatory_Neuron
27296,862,Astro-Epen
27297,830,Excitatory_Neuron
27298,831,Immune
27299,797,Immune
27300,797,Immune
27301,844,Excitatory_Neuron
27302,833,Excitatory_Neuron
27303,858,Excitatory_Neuron
27304,845,Excitatory_Neuron
27305,809,unassigned
27306,812,GABA_Neuron
27307,842,Excitatory_Neuron
27308,819,Excitatory_Neuron
27309,836,unassigned
27310,820,Excitatory_Neuron
27311,822,Excitatory_Neuron
27312,820,Excitatory_Neuron
27313,824,Excitatory_Neuron
27314,880,Excitatory_Neuron
27315,843,unassigned
27316,843,unassigned
27317,795,Excitatory_Neuron
27318,885,unassigned
27319,857,Vascular
27320,839,Vascular
27321,799,Immune
27322,796,Excitatory_Neuron
27323,798,GABA_Neuron
27324,845,Excitatory_Neuron
27325,865,Excitatory_Neuron
27326,813,Excitatory_Neuron
27327,816,Excitatory_Neuron
27328,820,Excitatory_Neuron
27329,826,unassigned
27330,827,Excitatory_Neuron
27331,853,GABA_Neuron
27332,837,Immune
27333,832,unassigned
27334,837,Immune
27335,837,Immune
27336,797,Immune
27337,798,GABA_Neuron
27338,845,Excitatory_Neuron
27339,801,Excitatory_Neuron
27340,849,Astro-Epen
27341,849,Astro-Epen
27342,810,GABA_Neuron
27343,807,Excitatory_Neuron
27344,841,unassigned
27345,865,Excitatory_Neuron
27346,821,Excitatory_Neuron
27347,820,Excitatory_Neuron
27348,822,Excitatory_Neuron
27349,819,Excitatory_Neuron
27350,821,Excitatory_Neuron
27351,824,Excitatory_Neuron
27352,880,Excitatory_Neuron
27353,857,Vascular
27354,857,Vascular
27355,797,Immune
27356,837,Immune
27357,797,Immune
27358,834,Excitatory_Neuron
27359,798,GABA_Neuron
27360,798,GABA_Neuron
27361,864,unassigned
27362,802,unassigned
27363,845,Excitatory_Neuron
27364,806,Excitatory_Neuron
27365,816,Excitatory_Neuron
27366,820,Excitatory_Neuron
27367,873,unassigned
27368,850,unassigned
27369,843,unassigned
27370,862,Astro-Epen
27371,837,Immune
27372,837,Immune
27373,797,Immune
27374,797,Immune
27375,874,Excitatory_Neuron
27376,848,unassigned
27377,802,unassigned
27378,808,Excitatory_Neuron
27379,804,unassigned
27380,817,Excitatory_Neuron
27381,886,unassigned
27382,816,Excitatory_Neuron
27383,813,Excitatory_Neuron
27384,836,unassigned
27385,821,Excitatory_Neuron
27386,816,Excitatory_Neuron
27387,875,Astro-Epen
27388,820,Excitatory_Neuron
27389,822,Excitatory_Neuron
27390,822,Excitatory_Neuron
27391,830,Excitatory_Neuron
27392,887,unassigned
27393,837,Immune
27394,795,Excitatory_Neuron
27395,854,Immune
27396,838,unassigned
27397,799,Immune
27398,848,unassigned
27399,867,unassigned
27400,849,Astro-Epen
27401,845,Excitatory_Neuron
27402,845,Excitatory_Neuron
27403,806,Excitatory_Neuron
27404,805,Immune
27405,810,GABA_Neuron
27406,807,Excitatory_Neuron
27407,842,Excitatory_Neuron
27408,816,Excitatory_Neuron
27409,842,Excitatory_Neuron
27410,818,Excitatory_Neuron
27411,816,Excitatory_Neuron
27412,836,unassigned
27413,823,unassigned
27414,855,Excitatory_Neuron
27415,822,Excitatory_Neuron
27416,822,Excitatory_Neuron
27417,825,Astro-Epen
27418,853,GABA_Neuron
27419,843,unassigned
27420,843,unassigned
27421,857,Vascular
27422,797,Immune
27423,874,Excitatory_Neuron
27424,799,Immune
27425,797,Immune
27426,849,Astro-Epen
27427,810,GABA_Neuron
27428,879,unassigned
27429,816,Excitatory_Neuron
27430,820,Excitatory_Neuron
27431,846,Excitatory_Neuron
27432,824,Excitatory_Neuron
27433,854,Immune
27434,839,Vascular
27435,844,Excitatory_Neuron
27436,868,unassigned
27437,845,Excitatory_Neuron
27438,888,unassigned
27439,849,Astro-Epen
27440,864,unassigned
27441,805,Immune
27442,803,Excitatory_Neuron
27443,807,Excitatory_Neuron
27444,806,Excitatory_Neuron
27445,807,Excitatory_Neuron
27446,817,Excitatory_Neuron
27447,815,Excitatory_Neuron
27448,842,Excitatory_Neuron
27449,836,unassigned
27450,822,Excitatory_Neuron
27451,870,unassigned
27452,825,Astro-Epen
27453,830,Excitatory_Neuron
27454,837,Immune
27455,831,Immune
27456,839,Vascular
27457,837,Immune
27458,837,Immune
27459,889,Excitatory_Neuron
27460,797,Immune
27461,834,Excitatory_Neuron
27462,817,Excitatory_Neuron
27463,865,Excitatory_Neuron
27464,818,Excitatory_Neuron
27465,842,Excitatory_Neuron
27466,820,Excitatory_Neuron
27467,846,Excitatory_Neuron
27468,821,Excitatory_Neuron
27469,822,Excitatory_Neuron
27470,824,Excitatory_Neuron
27471,861,unassigned
27472,862,Astro-Epen
27473,797,Immune
27474,890,Excitatory_Neuron
27475,798,GABA_Neuron
27476,834,Excitatory_Neuron
27477,800,Excitatory_Neuron
27478,798,GABA_Neuron
27479,845,Excitatory_Neuron
27480,849,Astro-Epen
27481,849,Astro-Epen
27482,805,Immune
27483,845,Excitatory_Neuron
27484,813,Excitatory_Neuron
27485,814,Excitatory_Neuron
27486,816,Excitatory_Neuron
27487,816,Excitatory_Neuron
27488,823,unassigned
27489,855,Excitatory_Neuron
27490,861,unassigned
27491,825,Astro-Epen
27492,829,Excitatory_Neuron
27493,834,Excitatory_Neuron
27494,891,unassigned
27495,863,Excitatory_Neuron
27496,858,Excitatory_Neuron
27497,803,Excitatory_Neuron
27498,864,unassigned
27499,810,GABA_Neuron
27500,802,unassigned
27501,806,Excitatory_Neuron
27502,845,Excitatory_Neuron
27503,810,GABA_Neuron
27504,812,GABA_Neuron
27505,812,GABA_Neuron
27506,877,Excitatory_Neuron
27507,820,Excitatory_Neuron
27508,875,Astro-Epen
27509,830,Excitatory_Neuron
27510,892,unassigned
27511,831,Immune
27512,837,Immune
27513,796,Excitatory_Neuron
27514,833,Excitatory_Neuron
27515,834,Excitatory_Neuron
27516,798,GABA_Neuron
27517,803,Excitatory_Neuron
27518,849,Astro-Epen
27519,810,GABA_Neuron
27520,807,Excitatory_Neuron
27521,842,Excitatory_Neuron
27522,852,Excitatory_Neuron
27523,813,Excitatory_Neuron
27524,819,Excitatory_Neuron
27525,824,Excitatory_Neuron
27526,828,unassigned
27527,829,Excitatory_Neuron
27528,829,Excitatory_Neuron
27529,857,Vascular
27530,839,Vascular
27531,837,Immune
27532,797,Immune
27533,797,Immune
27534,833,Excitatory_Neuron
27535,798,GABA_Neuron
27536,798,GABA_Neuron
27537,798,GABA_Neuron
27538,863,Excitatory_Neuron
27539,803,Excitatory_Neuron
27540,807,Excitatory_Neuron
27541,893,Excitatory_Neuron
27542,807,Excitatory_Neuron
27543,806,Excitatory_Neuron
27544,806,Excitatory_Neuron
27545,808,Excitatory_Neuron
27546,807,Excitatory_Neuron
27547,842,Excitatory_Neuron
27548,816,Excitatory_Neuron
27549,819,Excitatory_Neuron
27550,820,Excitatory_Neuron
27551,820,Excitatory_Neuron
27552,853,GABA_Neuron
27553,856,Astro-Epen
27554,794,Excitatory_Neuron
27555,831,Immune
27556,797,Immune
27557,857,Vascular
27558,857,Vascular
27559,797,Immune
27560,799,Immune
27561,863,Excitatory_Neuron
27562,803,Excitatory_Neuron
27563,806,Excitatory_Neuron
27564,810,GABA_Neuron
27565,852,Excitatory_Neuron
27566,819,Excitatory_Neuron
27567,836,unassigned
27568,822,Excitatory_Neuron
27569,829,Excitatory_Neuron
27570,837,Immune
27571,794,Excitatory_Neuron
27572,794,Excitatory_Neuron
27573,885,unassigned
27574,797,Immune
27575,888,unassigned
27576,798,GABA_Neuron
27577,798,GABA_Neuron
27578,798,GABA_Neuron
27579,864,unassigned
27580,802,unassigned
27581,806,Excitatory_Neuron
27582,813,Excitatory_Neuron
27583,818,Excitatory_Neuron
27584,829,Excitatory_Neuron
27585,795,Excitatory_Neuron
27586,797,Immune
27587,802,unassigned
27588,805,Immune
27589,805,Immune
27590,845,Excitatory_Neuron
27591,808,Excitatory_Neuron
27592,816,Excitatory_Neuron
27593,820,Excitatory_Neuron
27594,846,Excitatory_Neuron
27595,822,Excitatory_Neuron
27596,827,Excitatory_Neuron
27597,825,Astro-Epen
27598,861,unassigned
27599,854,Immune
27600,797,Immune
27601,844,Excitatory_Neuron
27602,889,Excitatory_Neuron
27603,844,Excitatory_Neuron
27604,874,Excitatory_Neuron
27605,874,Excitatory_Neuron
27606,888,unassigned
27607,891,unassigned
27608,797,Immune
27609,834,Excitatory_Neuron
27610,798,GABA_Neuron
27611,849,Astro-Epen
27612,893,Excitatory_Neuron
27613,810,GABA_Neuron
27614,808,Excitatory_Neuron
27615,807,Excitatory_Neuron
27616,818,Excitatory_Neuron
27617,822,Excitatory_Neuron
27618,861,unassigned
27619,797,Immune
27620,874,Excitatory_Neuron
27621,797,Immune
27622,798,GABA_Neuron
27623,888,unassigned
27624,863,Excitatory_Neuron
27625,845,Excitatory_Neuron
27626,798,GABA_Neuron
27627,864,unassigned
27628,805,Immune
27629,800,Excitatory_Neuron
27630,806,Excitatory_Neuron
27631,812,GABA_Neuron
27632,886,unassigned
27633,813,Excitatory_Neuron
27634,820,Excitatory_Neuron
27635,824,Excitatory_Neuron
27636,822,Excitatory_Neuron
27637,822,Excitatory_Neuron
27638,827,Excitatory_Neuron
27639,829,Excitatory_Neuron
27640,874,Excitatory_Neuron
27641,844,Excitatory_Neuron
27642,797,Immune
27643,888,unassigned
27644,805,Immune
27645,808,Excitatory_Neuron
27646,879,unassigned
27647,845,Excitatory_Neuron
27648,807,Excitatory_Neuron
27649,842,Excitatory_Neuron
27650,815,Excitatory_Neuron
27651,894,unassigned
27652,827,Excitatory_Neuron
27653,831,Immune
27654,837,Immune
27655,895,unassigned
27656,797,Immune
27657,797,Immune
27658,834,Excitatory_Neuron
27659,799,Immune
27660,834,Excitatory_Neuron
27661,834,Excitatory_Neuron
27662,834,Excitatory_Neuron
27663,863,Excitatory_Neuron
27664,845,Excitatory_Neuron
27665,801,Excitatory_Neuron
27666,814,Excitatory_Neuron
27667,896,unassigned
27668,816,Excitatory_Neuron
27669,818,Excitatory_Neuron
27670,816,Excitatory_Neuron
27671,816,Excitatory_Neuron
27672,823,unassigned
27673,822,Excitatory_Neuron
27674,881,unassigned
27675,870,unassigned
27676,856,Astro-Epen
27677,856,Astro-Epen
27678,837,Immune
27679,857,Vascular
27680,797,Immune
27681,837,Immune
27682,889,Excitatory_Neuron
27683,834,Excitatory_Neuron
27684,798,GABA_Neuron
27685,798,GABA_Neuron
27686,897,unassigned
27687,798,GABA_Neuron
27688,801,Excitatory_Neuron
27689,810,GABA_Neuron
27690,865,Excitatory_Neuron
27691,812,GABA_Neuron
27692,819,Excitatory_Neuron
27693,816,Excitatory_Neuron
27694,821,Excitatory_Neuron
27695,815,Excitatory_Neuron
27696,820,Excitatory_Neuron
27697,822,Excitatory_Neuron
27698,843,unassigned
27699,854,Immune
27700,848,unassigned
27701,889,Excitatory_Neuron
27702,834,Excitatory_Neuron
27703,845,Excitatory_Neuron
27704,845,Excitatory_Neuron
27705,864,unassigned
27706,841,unassigned
27707,842,Excitatory_Neuron
27708,812,GABA_Neuron
27709,816,Excitatory_Neuron
27710,812,GABA_Neuron
27711,877,Excitatory_Neuron
27712,846,Excitatory_Neuron
27713,875,Astro-Epen
27714,820,Excitatory_Neuron
27715,822,Excitatory_Neuron
27716,827,Excitatory_Neuron
27717,861,unassigned
27718,870,unassigned
27719,843,unassigned
27720,831,Immune
27721,831,Immune
27722,831,Immune
27723,837,Immune
27724,857,Vascular
27725,808,Excitatory_Neuron
27726,810,GABA_Neuron
27727,808,Excitatory_Neuron
27728,806,Excitatory_Neuron
27729,822,Excitatory_Neuron
27730,815,Excitatory_Neuron
27731,822,Excitatory_Neuron
27732,822,Excitatory_Neuron
27733,822,Excitatory_Neuron
27734,881,unassigned
27735,862,Astro-Epen
27736,862,Astro-Epen
27737,837,Immune
27738,857,Vascular
27739,844,Excitatory_Neuron
27740,797,Immune
27741,867,unassigned
27742,834,Excitatory_Neuron
27743,798,GABA_Neuron
27744,798,GABA_Neuron
27745,800,Excitatory_Neuron
27746,800,Excitatory_Neuron
27747,808,Excitatory_Neuron
27748,806,Excitatory_Neuron
27749,812,GABA_Neuron
27750,813,Excitatory_Neuron
27751,877,Excitatory_Neuron
27752,816,Excitatory_Neuron
27753,819,Excitatory_Neuron
27754,819,Excitatory_Neuron
27755,898,Excitatory_Neuron
27756,875,Astro-Epen
27757,832,unassigned
27758,831,Immune
27759,885,unassigned
27760,796,Excitatory_Neuron
27761,874,Excitatory_Neuron
27762,834,Excitatory_Neuron
27763,845,Excitatory_Neuron
27764,798,GABA_Neuron
27765,858,Excitatory_Neuron
27766,808,Excitatory_Neuron
27767,807,Excitatory_Neuron
27768,841,unassigned
27769,817,Excitatory_Neuron
27770,812,GABA_Neuron
27771,842,Excitatory_Neuron
27772,817,Excitatory_Neuron
27773,820,Excitatory_Neuron
27774,820,Excitatory_Neuron
27775,822,Excitatory_Neuron
27776,875,Astro-Epen
27777,820,Excitatory_Neuron
27778,838,unassigned
27779,795,Excitatory_Neuron
27780,795,Excitatory_Neuron
27781,845,Excitatory_Neuron
27782,845,Excitatory_Neuron
27783,812,GABA_Neuron
27784,816,Excitatory_Neuron
27785,818,Excitatory_Neuron
27786,820,Excitatory_Neuron
27787,822,Excitatory_Neuron
27788,820,Excitatory_Neuron
27789,899,unassigned
27790,830,Excitatory_Neuron
27791,831,Immune
27792,837,Immune
27793,885,unassigned
27794,837,Immune
27795,799,Immune
27796,889,Excitatory_Neuron
27797,900,unassigned
27798,888,unassigned
27799,798,GABA_Neuron
27800,798,GABA_Neuron
27801,800,Excitatory_Neuron
27802,808,Excitatory_Neuron
27803,841,unassigned
27804,901,Excitatory_Neuron
27805,812,GABA_Neuron
27806,816,Excitatory_Neuron
27807,877,Excitatory_Neuron
27808,822,Excitatory_Neuron
27809,822,Excitatory_Neuron
27810,875,Astro-Epen
27811,875,Astro-Epen
27812,875,Astro-Epen
27813,855,Excitatory_Neuron
27814,870,unassigned
27815,825,Astro-Epen
27816,857,Vascular
27817,837,Immune
27818,857,Vascular
27819,795,Excitatory_Neuron
27820,889,Excitatory_Neuron
27821,867,unassigned
27822,863,Excitatory_Neuron
27823,800,Excitatory_Neuron
27824,800,Excitatory_Neuron
27825,815,Excitatory_Neuron
27826,877,Excitatory_Neuron
27827,811,unassigned
27828,855,Excitatory_Neuron
27829,861,unassigned
27830,831,Immune
27831,854,Immune
27832,794,Excitatory_Neuron
27833,857,Vascular
27834,837,Immune
27835,796,Excitatory_Neuron
27836,798,GABA_Neuron
27837,834,Excitatory_Neuron
27838,863,Excitatory_Neuron
27839,863,Excitatory_Neuron
27840,798,GABA_Neuron
27841,798,GABA_Neuron
27842,863,Excitatory_Neuron
27843,863,Excitatory_Neuron
27844,849,Astro-Epen
27845,807,Excitatory_Neuron
27846,807,Excitatory_Neuron
27847,813,Excitatory_Neuron
27848,813,Excitatory_Neuron
27849,875,Astro-Epen
27850,902,Astro-Epen
27851,887,unassigned
27852,831,Immune
27853,854,Immune
27854,857,Vascular
27855,798,GABA_Neuron
27856,798,GABA_Neuron
27857,798,GABA_Neuron
27858,801,Excitatory_Neuron
27859,807,Excitatory_Neuron
27860,806,Excitatory_Neuron
27861,841,unassigned
27862,813,Excitatory_Neuron
27863,877,Excitatory_Neuron
27864,903,unassigned
27865,818,Excitatory_Neuron
27866,815,Excitatory_Neuron
27867,824,Excitatory_Neuron
27868,820,Excitatory_Neuron
27869,822,Excitatory_Neuron
27870,822,Excitatory_Neuron
27871,843,unassigned
27872,856,Astro-Epen
27873,832,unassigned
27874,857,Vascular
27875,895,unassigned
27876,848,unassigned
27877,798,GABA_Neuron
27878,798,GABA_Neuron
27879,888,unassigned
27880,864,unassigned
27881,800,Excitatory_Neuron
27882,849,Astro-Epen
27883,808,Excitatory_Neuron
27884,812,GABA_Neuron
27885,842,Excitatory_Neuron
27886,877,Excitatory_Neuron
27887,815,Excitatory_Neuron
27888,855,Excitatory_Neuron
27889,827,Excitatory_Neuron
27890,825,Astro-Epen
27891,857,Vascular
27892,857,Vascular
27893,838,unassigned
27894,799,Immune
27895,834,Excitatory_Neuron
27896,897,unassigned
27897,800,Excitatory_Neuron
27898,798,GABA_Neuron
27899,849,Astro-Epen
27900,807,Excitatory_Neuron
27901,865,Excitatory_Neuron
27902,814,Excitatory_Neuron
27903,846,Excitatory_Neuron
27904,820,Excitatory_Neuron
27905,815,Excitatory_Neuron
27906,875,Astro-Epen
27907,828,unassigned
27908,875,Astro-Epen
27909,827,Excitatory_Neuron
27910,825,Astro-Epen
27911,856,Astro-Epen
27912,837,Immune
27913,857,Vascular
27914,889,Excitatory_Neuron
27915,834,Excitatory_Neuron
27916,834,Excitatory_Neuron
27917,798,GABA_Neuron
27918,849,Astro-Epen
27919,849,Astro-Epen
27920,864,unassigned
27921,800,Excitatory_Neuron
27922,803,Excitatory_Neuron
27923,807,Excitatory_Neuron
27924,812,GABA_Neuron
27925,877,Excitatory_Neuron
27926,816,Excitatory_Neuron
27927,877,Excitatory_Neuron
27928,822,Excitatory_Neuron
27929,823,unassigned
27930,854,Immune
27931,799,Immune
27932,844,Excitatory_Neuron
27933,797,Immune
27934,867,unassigned
27935,864,unassigned
27936,800,Excitatory_Neuron
27937,849,Astro-Epen
27938,845,Excitatory_Neuron
27939,810,GABA_Neuron
27940,812,GABA_Neuron
27941,812,GABA_Neuron
27942,812,GABA_Neuron
27943,852,Excitatory_Neuron
27944,816,Excitatory_Neuron
27945,821,Excitatory_Neuron
27946,822,Excitatory_Neuron
27947,822,Excitatory_Neuron
27948,820,Excitatory_Neuron
27949,875,Astro-Epen
27950,862,Astro-Epen
27951,825,Astro-Epen
27952,853,GABA_Neuron
27953,854,Immune
27954,831,Immune
27955,848,unassigned
27956,904,GABA_Neuron
27957,834,Excitatory_Neuron
27958,798,GABA_Neuron
27959,888,unassigned
27960,863,Excitatory_Neuron
27961,808,Excitatory_Neuron
27962,810,GABA_Neuron
27963,808,Excitatory_Neuron
27964,813,Excitatory_Neuron
27965,903,unassigned
27966,822,Excitatory_Neuron
27967,822,Excitatory_Neuron
27968,820,Excitatory_Neuron
27969,820,Excitatory_Neuron
27970,822,Excitatory_Neuron
27971,827,Excitatory_Neuron
27972,827,Excitatory_Neuron
27973,870,unassigned
27974,862,Astro-Epen
27975,887,unassigned
27976,854,Immune
27977,796,Excitatory_Neuron
27978,797,Immune
27979,799,Immune
27980,867,unassigned
27981,888,unassigned
27982,888,unassigned
27983,863,Excitatory_Neuron
27984,798,GABA_Neuron
27985,800,Excitatory_Neuron
27986,800,Excitatory_Neuron
27987,806,Excitatory_Neuron
27988,808,Excitatory_Neuron
27989,817,Excitatory_Neuron
27990,816,Excitatory_Neuron
27991,877,Excitatory_Neuron
27992,846,Excitatory_Neuron
27993,820,Excitatory_Neuron
27994,822,Excitatory_Neuron
27995,815,Excitatory_Neuron
27996,815,Excitatory_Neuron
27997,898,Excitatory_Neuron
27998,820,Excitatory_Neuron
27999,822,Excitatory_Neuron
28000,856,Astro-Epen
28001,862,Astro-Epen
28002,831,Immune
28003,831,Immune
28004,794,Excitatory_Neuron
28005,795,Excitatory_Neuron
28006,889,Excitatory_Neuron
28007,889,Excitatory_Neuron
28008,797,Immune
28009,798,GABA_Neuron
28010,888,unassigned
28011,845,Excitatory_Neuron
28012,798,GABA_Neuron
28013,863,Excitatory_Neuron
28014,849,Astro-Epen
28015,845,Excitatory_Neuron
28016,806,Excitatory_Neuron
28017,806,Excitatory_Neuron
28018,841,unassigned
28019,813,Excitatory_Neuron
28020,877,Excitatory_Neuron
28021,822,Excitatory_Neuron
28022,820,Excitatory_Neuron
28023,820,Excitatory_Neuron
28024,820,Excitatory_Neuron
28025,875,Astro-Epen
28026,820,Excitatory_Neuron
28027,875,Astro-Epen
28028,827,Excitatory_Neuron
28029,861,unassigned
28030,827,Excitatory_Neuron
28031,856,Astro-Epen
28032,857,Vascular
28033,796,Excitatory_Neuron
28034,889,Excitatory_Neuron
28035,858,Excitatory_Neuron
28036,905,unassigned
28037,834,Excitatory_Neuron
28038,800,Excitatory_Neuron
28039,803,Excitatory_Neuron
28040,849,Astro-Epen
28041,813,Excitatory_Neuron
28042,816,Excitatory_Neuron
28043,877,Excitatory_Neuron
28044,846,Excitatory_Neuron
28045,820,Excitatory_Neuron
28046,822,Excitatory_Neuron
28047,820,Excitatory_Neuron
28048,827,Excitatory_Neuron
28049,834,Excitatory_Neuron
28050,863,Excitatory_Neuron
28051,863,Excitatory_Neuron
28052,863,Excitatory_Neuron
28053,897,unassigned
28054,888,unassigned
28055,808,Excitatory_Neuron
28056,808,Excitatory_Neuron
28057,879,unassigned
28058,807,Excitatory_Neuron
28059,808,Excitatory_Neuron
28060,814,Excitatory_Neuron
28061,817,Excitatory_Neuron
28062,813,Excitatory_Neuron
28063,877,Excitatory_Neuron
28064,819,Excitatory_Neuron
28065,820,Excitatory_Neuron
28066,821,Excitatory_Neuron
28067,820,Excitatory_Neuron
28068,820,Excitatory_Neuron
28069,822,Excitatory_Neuron
28070,827,Excitatory_Neuron
28071,870,unassigned
28072,870,unassigned
28073,857,Vascular
28074,858,Excitatory_Neuron
28075,897,unassigned
28076,798,GABA_Neuron
28077,797,Immune
28078,798,GABA_Neuron
28079,849,Astro-Epen
28080,805,Immune
28081,879,unassigned
28082,812,GABA_Neuron
28083,817,Excitatory_Neuron
28084,852,Excitatory_Neuron
28085,815,Excitatory_Neuron
28086,816,Excitatory_Neuron
28087,846,Excitatory_Neuron
28088,821,Excitatory_Neuron
28089,820,Excitatory_Neuron
28090,906,Vascular
28091,856,Astro-Epen
28092,853,GABA_Neuron
28093,862,Astro-Epen
28094,832,unassigned
28095,794,Excitatory_Neuron
28096,844,Excitatory_Neuron
28097,798,GABA_Neuron
28098,863,Excitatory_Neuron
28099,834,Excitatory_Neuron
28100,834,Excitatory_Neuron
28101,863,Excitatory_Neuron
28102,807,Excitatory_Neuron
28103,812,GABA_Neuron
28104,819,Excitatory_Neuron
28105,820,Excitatory_Neuron
28106,820,Excitatory_Neuron
28107,894,unassigned
28108,861,unassigned
28109,870,unassigned
28110,870,unassigned
28111,892,unassigned
28112,796,Excitatory_Neuron
28113,799,Immune
28114,799,Immune
28115,888,unassigned
28116,888,unassigned
28117,798,GABA_Neuron
28118,888,unassigned
28119,863,Excitatory_Neuron
28120,800,Excitatory_Neuron
28121,807,Excitatory_Neuron
28122,814,Excitatory_Neuron
28123,812,GABA_Neuron
28124,852,Excitatory_Neuron
28125,819,Excitatory_Neuron
28126,822,Excitatory_Neuron
28127,822,Excitatory_Neuron
28128,820,Excitatory_Neuron
28129,822,Excitatory_Neuron
28130,875,Astro-Epen
28131,856,Astro-Epen
28132,843,unassigned
28133,831,Immune
28134,837,Immune
28135,907,unassigned
28136,857,Vascular
28137,797,Immune
28138,799,Immune
28139,849,Astro-Epen
28140,863,Excitatory_Neuron
28141,849,Astro-Epen
28142,813,Excitatory_Neuron
28143,812,GABA_Neuron
28144,812,GABA_Neuron
28145,813,Excitatory_Neuron
28146,842,Excitatory_Neuron
28147,816,Excitatory_Neuron
28148,817,Excitatory_Neuron
28149,852,Excitatory_Neuron
28150,822,Excitatory_Neuron
28151,820,Excitatory_Neuron
28152,822,Excitatory_Neuron
28153,824,Excitatory_Neuron
28154,898,Excitatory_Neuron
28155,875,Astro-Epen
28156,820,Excitatory_Neuron
28157,881,unassigned
28158,827,Excitatory_Neuron
28159,887,unassigned
28160,887,unassigned
28161,838,unassigned
28162,848,unassigned
28163,837,Immune
28164,888,unassigned
28165,863,Excitatory_Neuron
28166,797,Immune
28167,800,Excitatory_Neuron
28168,800,Excitatory_Neuron
28169,845,Excitatory_Neuron
28170,800,Excitatory_Neuron
28171,802,unassigned
28172,805,Immune
28173,879,unassigned
28174,810,GABA_Neuron
28175,817,Excitatory_Neuron
28176,818,Excitatory_Neuron
28177,877,Excitatory_Neuron
28178,852,Excitatory_Neuron
28179,820,Excitatory_Neuron
28180,819,Excitatory_Neuron
28181,818,Excitatory_Neuron
28182,820,Excitatory_Neuron
28183,821,Excitatory_Neuron
28184,820,Excitatory_Neuron
28185,827,Excitatory_Neuron
28186,881,unassigned
28187,825,Astro-Epen
28188,862,Astro-Epen
28189,837,Immune
28190,844,Excitatory_Neuron
28191,888,unassigned
28192,845,Excitatory_Neuron
28193,845,Excitatory_Neuron
28194,798,GABA_Neuron
28195,849,Astro-Epen
28196,893,Excitatory_Neuron
28197,814,Excitatory_Neuron
28198,806,Excitatory_Neuron
28199,818,Excitatory_Neuron
28200,846,Excitatory_Neuron
28201,822,Excitatory_Neuron
28202,881,unassigned
28203,822,Excitatory_Neuron
28204,822,Excitatory_Neuron
28205,870,unassigned
28206,870,unassigned
28207,870,unassigned
28208,831,Immune
28209,857,Vascular
28210,798,GABA_Neuron
28211,798,GABA_Neuron
28212,810,GABA_Neuron
28213,816,Excitatory_Neuron
28214,819,Excitatory_Neuron
28215,898,Excitatory_Neuron
28216,875,Astro-Epen
28217,820,Excitatory_Neuron
28218,825,Astro-Epen
28219,843,unassigned
28220,853,GABA_Neuron
28221,844,Excitatory_Neuron
28222,889,Excitatory_Neuron
28223,833,Excitatory_Neuron
28224,874,Excitatory_Neuron
28225,797,Immune
28226,888,unassigned
28227,900,unassigned
28228,798,GABA_Neuron
28229,806,Excitatory_Neuron
28230,806,Excitatory_Neuron
28231,818,Excitatory_Neuron
28232,816,Excitatory_Neuron
28233,852,Excitatory_Neuron
28234,846,Excitatory_Neuron
28235,823,unassigned
28236,820,Excitatory_Neuron
28237,824,Excitatory_Neuron
28238,843,unassigned
28239,892,unassigned
28240,837,Immune
28241,907,unassigned
28242,795,Excitatory_Neuron
28243,844,Excitatory_Neuron
28244,799,Immune
28245,888,unassigned
28246,845,Excitatory_Neuron
28247,886,unassigned
28248,842,Excitatory_Neuron
28249,817,Excitatory_Neuron
28250,877,Excitatory_Neuron
28251,903,unassigned
28252,903,unassigned
28253,822,Excitatory_Neuron
28254,820,Excitatory_Neuron
28255,861,unassigned
28256,855,Excitatory_Neuron
28257,830,Excitatory_Neuron
28258,831,Immune
28259,831,Immune
28260,831,Immune
28261,857,Vascular
28262,837,Immune
28263,890,Excitatory_Neuron
28264,888,unassigned
28265,834,Excitatory_Neuron
28266,798,GABA_Neuron
28267,849,Astro-Epen
28268,800,Excitatory_Neuron
28269,798,GABA_Neuron
28270,803,Excitatory_Neuron
28271,817,Excitatory_Neuron
28272,846,Excitatory_Neuron
28273,903,unassigned
28274,852,Excitatory_Neuron
28275,822,Excitatory_Neuron
28276,815,Excitatory_Neuron
28277,855,Excitatory_Neuron
28278,855,Excitatory_Neuron
28279,856,Astro-Epen
28280,857,Vascular
28281,797,Immune
28282,888,unassigned
28283,888,unassigned
28284,798,GABA_Neuron
28285,798,GABA_Neuron
28286,807,Excitatory_Neuron
28287,806,Excitatory_Neuron
28288,810,GABA_Neuron
28289,817,Excitatory_Neuron
28290,816,Excitatory_Neuron
28291,842,Excitatory_Neuron
28292,817,Excitatory_Neuron
28293,820,Excitatory_Neuron
28294,820,Excitatory_Neuron
28295,881,unassigned
28296,870,unassigned
28297,829,Excitatory_Neuron
28298,862,Astro-Epen
28299,857,Vascular
28300,794,Excitatory_Neuron
28301,854,Immune
28302,797,Immune
28303,888,unassigned
28304,798,GABA_Neuron
28305,801,Excitatory_Neuron
28306,810,GABA_Neuron
28307,807,Excitatory_Neuron
28308,810,GABA_Neuron
28309,886,unassigned
28310,813,Excitatory_Neuron
28311,816,Excitatory_Neuron
28312,816,Excitatory_Neuron
28313,815,Excitatory_Neuron
28314,822,Excitatory_Neuron
28315,898,Excitatory_Neuron
28316,861,unassigned
28317,827,Excitatory_Neuron
28318,861,unassigned
28319,829,Excitatory_Neuron
28320,837,Immune
28321,831,Immune
28322,831,Immune
28323,831,Immune
28324,794,Excitatory_Neuron
28325,854,Immune
28326,839,Vascular
28327,796,Excitatory_Neuron
28328,797,Immune
28329,900,unassigned
28330,845,Excitatory_Neuron
28331,864,unassigned
28332,802,unassigned
28333,807,Excitatory_Neuron
28334,865,Excitatory_Neuron
28335,886,unassigned
28336,812,GABA_Neuron
28337,813,Excitatory_Neuron
28338,842,Excitatory_Neuron
28339,819,Excitatory_Neuron
28340,820,Excitatory_Neuron
28341,820,Excitatory_Neuron
28342,820,Excitatory_Neuron
28343,875,Astro-Epen
28344,828,unassigned
28345,887,unassigned
28346,796,Excitatory_Neuron
28347,797,Immune
28348,810,GABA_Neuron
28349,842,Excitatory_Neuron
28350,816,Excitatory_Neuron
28351,846,Excitatory_Neuron
28352,816,Excitatory_Neuron
28353,820,Excitatory_Neuron
28354,875,Astro-Epen
28355,861,unassigned
28356,831,Immune
28357,907,unassigned
28358,797,Immune
28359,844,Excitatory_Neuron
28360,889,Excitatory_Neuron
28361,797,Immune
28362,833,Excitatory_Neuron
28363,798,GABA_Neuron
28364,863,Excitatory_Neuron
28365,798,GABA_Neuron
28366,800,Excitatory_Neuron
28367,849,Astro-Epen
28368,863,Excitatory_Neuron
28369,842,Excitatory_Neuron
28370,810,GABA_Neuron
28371,816,Excitatory_Neuron
28372,815,Excitatory_Neuron
28373,819,Excitatory_Neuron
28374,821,Excitatory_Neuron
28375,815,Excitatory_Neuron
28376,822,Excitatory_Neuron
28377,820,Excitatory_Neuron
28378,855,Excitatory_Neuron
28379,862,Astro-Epen
28380,856,Astro-Epen
28381,853,GABA_Neuron
28382,854,Immune
28383,837,Immune
28384,889,Excitatory_Neuron
28385,834,Excitatory_Neuron
28386,893,Excitatory_Neuron
28387,841,unassigned
28388,806,Excitatory_Neuron
28389,817,Excitatory_Neuron
28390,807,Excitatory_Neuron
28391,816,Excitatory_Neuron
28392,813,Excitatory_Neuron
28393,817,Excitatory_Neuron
28394,817,Excitatory_Neuron
28395,817,Excitatory_Neuron
28396,852,Excitatory_Neuron
28397,846,Excitatory_Neuron
28398,820,Excitatory_Neuron
28399,906,Vascular
28400,861,unassigned
28401,827,Excitatory_Neuron
28402,861,unassigned
28403,870,unassigned
28404,794,Excitatory_Neuron
28405,796,Excitatory_Neuron
28406,797,Immune
28407,799,Immune
28408,867,unassigned
28409,797,Immune
28410,908,unassigned
28411,834,Excitatory_Neuron
28412,800,Excitatory_Neuron
28413,803,Excitatory_Neuron
28414,805,Immune
28415,810,GABA_Neuron
28416,893,Excitatory_Neuron
28417,806,Excitatory_Neuron
28418,817,Excitatory_Neuron
28419,816,Excitatory_Neuron
28420,909,unassigned
28421,822,Excitatory_Neuron
28422,824,Excitatory_Neuron
28423,881,unassigned
28424,861,unassigned
28425,856,Astro-Epen
28426,887,unassigned
28427,829,Excitatory_Neuron
28428,829,Excitatory_Neuron
28429,854,Immune
28430,857,Vascular
28431,839,Vascular
28432,795,Excitatory_Neuron
28433,797,Immune
28434,799,Immune
28435,799,Immune
28436,888,unassigned
28437,888,unassigned
28438,888,unassigned
28439,808,Excitatory_Neuron
28440,813,Excitatory_Neuron
28441,842,Excitatory_Neuron
28442,816,Excitatory_Neuron
28443,842,Excitatory_Neuron
28444,817,Excitatory_Neuron
28445,842,Excitatory_Neuron
28446,877,Excitatory_Neuron
28447,846,Excitatory_Neuron
28448,824,Excitatory_Neuron
28449,861,unassigned
28450,855,Excitatory_Neuron
28451,910,unassigned
28452,899,unassigned
28453,830,Excitatory_Neuron
28454,839,Vascular
28455,797,Immune
28456,795,Excitatory_Neuron
28457,844,Excitatory_Neuron
28458,889,Excitatory_Neuron
28459,890,Excitatory_Neuron
28460,799,Immune
28461,897,unassigned
28462,897,unassigned
28463,798,GABA_Neuron
28464,798,GABA_Neuron
28465,801,Excitatory_Neuron
28466,805,Immune
28467,800,Excitatory_Neuron
28468,849,Astro-Epen
28469,849,Astro-Epen
28470,810,GABA_Neuron
28471,806,Excitatory_Neuron
28472,806,Excitatory_Neuron
28473,865,Excitatory_Neuron
28474,817,Excitatory_Neuron
28475,810,GABA_Neuron
28476,911,unassigned
28477,810,GABA_Neuron
28478,886,unassigned
28479,842,Excitatory_Neuron
28480,816,Excitatory_Neuron
28481,816,Excitatory_Neuron
28482,818,Excitatory_Neuron
28483,815,Excitatory_Neuron
28484,815,Excitatory_Neuron
28485,822,Excitatory_Neuron
28486,820,Excitatory_Neuron
28487,820,Excitatory_Neuron
28488,820,Excitatory_Neuron
28489,827,Excitatory_Neuron
28490,856,Astro-Epen
28491,794,Excitatory_Neuron
28492,888,unassigned
28493,888,unassigned
28494,798,GABA_Neuron
28495,912,Excitatory_Neuron
28496,805,Immune
28497,807,Excitatory_Neuron
28498,810,GABA_Neuron
28499,814,Excitatory_Neuron
28500,842,Excitatory_Neuron
28501,816,Excitatory_Neuron
28502,815,Excitatory_Neuron
28503,815,Excitatory_Neuron
28504,909,unassigned
28505,846,Excitatory_Neuron
28506,819,Excitatory_Neuron
28507,820,Excitatory_Neuron
28508,820,Excitatory_Neuron
28509,827,Excitatory_Neuron
28510,899,unassigned
28511,853,GABA_Neuron
28512,887,unassigned
28513,831,Immune
28514,795,Excitatory_Neuron
28515,797,Immune
28516,857,Vascular
28517,797,Immune
28518,834,Excitatory_Neuron
28519,874,Excitatory_Neuron
28520,900,unassigned
28521,798,GABA_Neuron
28522,798,GABA_Neuron
28523,800,Excitatory_Neuron
28524,845,Excitatory_Neuron
28525,879,unassigned
28526,806,Excitatory_Neuron
28527,816,Excitatory_Neuron
28528,909,unassigned
28529,821,Excitatory_Neuron
28530,913,unassigned
28531,820,Excitatory_Neuron
28532,828,unassigned
28533,855,Excitatory_Neuron
28534,837,Immune
28535,854,Immune
28536,857,Vascular
28537,799,Immune
28538,900,unassigned
28539,805,Immune
28540,801,Excitatory_Neuron
28541,801,Excitatory_Neuron
28542,807,Excitatory_Neuron
28543,819,Excitatory_Neuron
28544,846,Excitatory_Neuron
28545,821,Excitatory_Neuron
28546,913,unassigned
28547,820,Excitatory_Neuron
28548,881,unassigned
28549,839,Vascular
28550,799,Immune
28551,874,Excitatory_Neuron
28552,802,unassigned
28553,806,Excitatory_Neuron
28554,813,Excitatory_Neuron
28555,842,Excitatory_Neuron
28556,820,Excitatory_Neuron
28557,877,Excitatory_Neuron
28558,852,Excitatory_Neuron
28559,846,Excitatory_Neuron
28560,822,Excitatory_Neuron
28561,822,Excitatory_Neuron
28562,881,unassigned
28563,822,Excitatory_Neuron
28564,822,Excitatory_Neuron
28565,855,Excitatory_Neuron
28566,797,Immune
28567,857,Vascular
28568,889,Excitatory_Neuron
28569,800,Excitatory_Neuron
28570,802,unassigned
28571,807,Excitatory_Neuron
28572,814,Excitatory_Neuron
28573,893,Excitatory_Neuron
28574,842,Excitatory_Neuron
28575,816,Excitatory_Neuron
28576,815,Excitatory_Neuron
28577,818,Excitatory_Neuron
28578,822,Excitatory_Neuron
28579,822,Excitatory_Neuron
28580,898,Excitatory_Neuron
28581,906,Vascular
28582,870,unassigned
28583,870,unassigned
28584,870,unassigned
28585,831,Immune
28586,839,Vascular
28587,834,Excitatory_Neuron
28588,833,Excitatory_Neuron
28589,912,Excitatory_Neuron
28590,800,Excitatory_Neuron
28591,808,Excitatory_Neuron
28592,816,Excitatory_Neuron
28593,820,Excitatory_Neuron
28594,820,Excitatory_Neuron
28595,902,Astro-Epen
28596,902,Astro-Epen
28597,906,Vascular
28598,828,unassigned
28599,822,Excitatory_Neuron
28600,822,Excitatory_Neuron
28601,861,unassigned
28602,899,unassigned
28603,843,unassigned
28604,914,Excitatory_Neuron
28605,831,Immune
28606,831,Immune
28607,797,Immune
28608,848,unassigned
28609,797,Immune
28610,797,Immune
28611,797,Immune
28612,874,Excitatory_Neuron
28613,797,Immune
28614,797,Immune
28615,888,unassigned
28616,863,Excitatory_Neuron
28617,863,Excitatory_Neuron
28618,807,Excitatory_Neuron
28619,817,Excitatory_Neuron
28620,806,Excitatory_Neuron
28621,810,GABA_Neuron
28622,842,Excitatory_Neuron
28623,877,Excitatory_Neuron
28624,877,Excitatory_Neuron
28625,817,Excitatory_Neuron
28626,820,Excitatory_Neuron
28627,822,Excitatory_Neuron
28628,818,Excitatory_Neuron
28629,820,Excitatory_Neuron
28630,828,unassigned
28631,906,Vascular
28632,827,Excitatory_Neuron
28633,857,Vascular
28634,857,Vascular
28635,854,Immune
28636,848,unassigned
28637,837,Immune
28638,839,Vascular
28639,904,GABA_Neuron
28640,889,Excitatory_Neuron
28641,797,Immune
28642,799,Immune
28643,797,Immune
28644,799,Immune
28645,799,Immune
28646,849,Astro-Epen
28647,805,Immune
28648,915,unassigned
28649,813,Excitatory_Neuron
28650,812,GABA_Neuron
28651,816,Excitatory_Neuron
28652,818,Excitatory_Neuron
28653,820,Excitatory_Neuron
28654,846,Excitatory_Neuron
28655,820,Excitatory_Neuron
28656,820,Excitatory_Neuron
28657,820,Excitatory_Neuron
28658,811,unassigned
28659,834,Excitatory_Neuron
28660,833,Excitatory_Neuron
28661,797,Immune
28662,845,Excitatory_Neuron
28663,888,unassigned
28664,897,unassigned
28665,798,GABA_Neuron
28666,849,Astro-Epen
28667,800,Excitatory_Neuron
28668,863,Excitatory_Neuron
28669,803,Excitatory_Neuron
28670,806,Excitatory_Neuron
28671,807,Excitatory_Neuron
28672,807,Excitatory_Neuron
28673,865,Excitatory_Neuron
28674,842,Excitatory_Neuron
28675,846,Excitatory_Neuron
28676,846,Excitatory_Neuron
28677,846,Excitatory_Neuron
28678,820,Excitatory_Neuron
28679,820,Excitatory_Neuron
28680,875,Astro-Epen
28681,855,Excitatory_Neuron
28682,827,Excitatory_Neuron
28683,855,Excitatory_Neuron
28684,843,unassigned
28685,870,unassigned
28686,856,Astro-Epen
28687,797,Immune
28688,796,Excitatory_Neuron
28689,797,Immune
28690,805,Immune
28691,801,Excitatory_Neuron
28692,845,Excitatory_Neuron
28693,817,Excitatory_Neuron
28694,846,Excitatory_Neuron
28695,815,Excitatory_Neuron
28696,821,Excitatory_Neuron
28697,902,Astro-Epen
28698,861,unassigned
28699,870,unassigned
28700,856,Astro-Epen
28701,870,unassigned
28702,856,Astro-Epen
28703,837,Immune
28704,837,Immune
28705,916,unassigned
28706,857,Vascular
28707,889,Excitatory_Neuron
28708,834,Excitatory_Neuron
28709,799,Immune
28710,888,unassigned
28711,798,GABA_Neuron
28712,810,GABA_Neuron
28713,808,Excitatory_Neuron
28714,865,Excitatory_Neuron
28715,852,Excitatory_Neuron
28716,815,Excitatory_Neuron
28717,846,Excitatory_Neuron
28718,877,Excitatory_Neuron
28719,815,Excitatory_Neuron
28720,822,Excitatory_Neuron
28721,822,Excitatory_Neuron
28722,837,Immune
28723,907,unassigned
28724,834,Excitatory_Neuron
28725,798,GABA_Neuron
28726,798,GABA_Neuron
28727,849,Astro-Epen
28728,800,Excitatory_Neuron
28729,798,GABA_Neuron
28730,800,Excitatory_Neuron
28731,806,Excitatory_Neuron
28732,841,unassigned
28733,810,GABA_Neuron
28734,813,Excitatory_Neuron
28735,817,Excitatory_Neuron
28736,846,Excitatory_Neuron
28737,898,Excitatory_Neuron
28738,820,Excitatory_Neuron
28739,820,Excitatory_Neuron
28740,902,Astro-Epen
28741,820,Excitatory_Neuron
28742,811,unassigned
28743,825,Astro-Epen
28744,827,Excitatory_Neuron
28745,827,Excitatory_Neuron
28746,799,Immune
28747,799,Immune
28748,798,GABA_Neuron
28749,810,GABA_Neuron
28750,842,Excitatory_Neuron
28751,852,Excitatory_Neuron
28752,846,Excitatory_Neuron
28753,898,Excitatory_Neuron
28754,822,Excitatory_Neuron
28755,917,unassigned
28756,875,Astro-Epen
28757,861,unassigned
28758,829,Excitatory_Neuron
28759,857,Vascular
28760,889,Excitatory_Neuron
28761,889,Excitatory_Neuron
28762,889,Excitatory_Neuron
28763,833,Excitatory_Neuron
28764,798,GABA_Neuron
28765,863,Excitatory_Neuron
28766,805,Immune
28767,801,Excitatory_Neuron
28768,808,Excitatory_Neuron
28769,893,Excitatory_Neuron
28770,816,Excitatory_Neuron
28771,813,Excitatory_Neuron
28772,842,Excitatory_Neuron
28773,877,Excitatory_Neuron
28774,819,Excitatory_Neuron
28775,820,Excitatory_Neuron
28776,820,Excitatory_Neuron
28777,820,Excitatory_Neuron
28778,824,Excitatory_Neuron
28779,861,unassigned
28780,830,Excitatory_Neuron
28781,862,Astro-Epen
28782,837,Immune
28783,831,Immune
28784,844,Excitatory_Neuron
28785,888,unassigned
28786,863,Excitatory_Neuron
28787,798,GABA_Neuron
28788,864,unassigned
28789,903,unassigned
28790,875,Astro-Epen
28791,875,Astro-Epen
28792,906,Vascular
28793,827,Excitatory_Neuron
28794,899,unassigned
28795,892,unassigned
28796,797,Immune
28797,867,unassigned
28798,863,Excitatory_Neuron
28799,802,unassigned
28800,865,Excitatory_Neuron
28801,808,Excitatory_Neuron
28802,806,Excitatory_Neuron
28803,813,Excitatory_Neuron
28804,817,Excitatory_Neuron
28805,816,Excitatory_Neuron
28806,852,Excitatory_Neuron
28807,819,Excitatory_Neuron
28808,852,Excitatory_Neuron
28809,821,Excitatory_Neuron
28810,917,unassigned
28811,843,unassigned
28812,857,Vascular
28813,797,Immune
28814,890,Excitatory_Neuron
28815,863,Excitatory_Neuron
28816,888,unassigned
28817,849,Astro-Epen
28818,912,Excitatory_Neuron
28819,806,Excitatory_Neuron
28820,817,Excitatory_Neuron
28821,852,Excitatory_Neuron
28822,815,Excitatory_Neuron
28823,877,Excitatory_Neuron
28824,827,Excitatory_Neuron
28825,918,unassigned
28826,857,Vascular
28827,799,Immune
28828,844,Excitatory_Neuron
28829,797,Immune
28830,795,Excitatory_Neuron
28831,867,unassigned
28832,834,Excitatory_Neuron
28833,900,unassigned
28834,800,Excitatory_Neuron
28835,864,unassigned
28836,803,Excitatory_Neuron
28837,806,Excitatory_Neuron
28838,846,Excitatory_Neuron
28839,819,Excitatory_Neuron
28840,846,Excitatory_Neuron
28841,846,Excitatory_Neuron
28842,820,Excitatory_Neuron
28843,822,Excitatory_Neuron
28844,827,Excitatory_Neuron
28845,910,unassigned
28846,825,Astro-Epen
28847,887,unassigned
28848,854,Immune
28849,848,unassigned
28850,857,Vascular
28851,797,Immune
28852,889,Excitatory_Neuron
28853,889,Excitatory_Neuron
28854,799,Immune
28855,797,Immune
28856,834,Excitatory_Neuron
28857,798,GABA_Neuron
28858,863,Excitatory_Neuron
28859,849,Astro-Epen
28860,865,Excitatory_Neuron
28861,879,unassigned
28862,813,Excitatory_Neuron
28863,810,GABA_Neuron
28864,805,Immune
28865,812,GABA_Neuron
28866,812,GABA_Neuron
28867,822,Excitatory_Neuron
28868,818,Excitatory_Neuron
28869,898,Excitatory_Neuron
28870,820,Excitatory_Neuron
28871,906,Vascular
28872,855,Excitatory_Neuron
28873,825,Astro-Epen
28874,853,GABA_Neuron
28875,919,unassigned
28876,862,Astro-Epen
28877,837,Immune
28878,833,Excitatory_Neuron
28879,874,Excitatory_Neuron
28880,863,Excitatory_Neuron
28881,920,unassigned
28882,800,Excitatory_Neuron
28883,806,Excitatory_Neuron
28884,810,GABA_Neuron
28885,812,GABA_Neuron
28886,816,Excitatory_Neuron
28887,813,Excitatory_Neuron
28888,816,Excitatory_Neuron
28889,818,Excitatory_Neuron
28890,822,Excitatory_Neuron
28891,921,Astro-Epen
28892,822,Excitatory_Neuron
28893,921,Astro-Epen
28894,857,Vascular
28895,857,Vascular
28896,839,Vascular
28897,900,unassigned
28898,845,Excitatory_Neuron
28899,858,Excitatory_Neuron
28900,879,unassigned
28901,810,GABA_Neuron
28902,813,Excitatory_Neuron
28903,816,Excitatory_Neuron
28904,846,Excitatory_Neuron
28905,819,Excitatory_Neuron
28906,819,Excitatory_Neuron
28907,906,Vascular
28908,921,Astro-Epen
28909,855,Excitatory_Neuron
28910,862,Astro-Epen
28911,829,Excitatory_Neuron
28912,831,Immune
28913,837,Immune
28914,857,Vascular
28915,799,Immune
28916,798,GABA_Neuron
28917,849,Astro-Epen
28918,849,Astro-Epen
28919,849,Astro-Epen
28920,849,Astro-Epen
28921,801,Excitatory_Neuron
28922,807,Excitatory_Neuron
28923,807,Excitatory_Neuron
28924,807,Excitatory_Neuron
28925,808,Excitatory_Neuron
28926,808,Excitatory_Neuron
28927,814,Excitatory_Neuron
28928,812,GABA_Neuron
28929,817,Excitatory_Neuron
28930,815,Excitatory_Neuron
28931,819,Excitatory_Neuron
28932,922,unassigned
28933,820,Excitatory_Neuron
28934,824,Excitatory_Neuron
28935,820,Excitatory_Neuron
28936,822,Excitatory_Neuron
28937,827,Excitatory_Neuron
28938,887,unassigned
28939,843,unassigned
28940,887,unassigned
28941,830,Excitatory_Neuron
28942,794,Excitatory_Neuron
28943,831,Immune
28944,848,unassigned
28945,796,Excitatory_Neuron
28946,796,Excitatory_Neuron
28947,923,unassigned
28948,858,Excitatory_Neuron
28949,845,Excitatory_Neuron
28950,800,Excitatory_Neuron
28951,863,Excitatory_Neuron
28952,806,Excitatory_Neuron
28953,806,Excitatory_Neuron
28954,810,GABA_Neuron
28955,814,Excitatory_Neuron
28956,877,Excitatory_Neuron
28957,846,Excitatory_Neuron
28958,870,unassigned
28959,862,Astro-Epen
28960,924,unassigned
28961,839,Vascular
28962,799,Immune
28963,795,Excitatory_Neuron
28964,799,Immune
28965,802,unassigned
28966,805,Immune
28967,810,GABA_Neuron
28968,807,Excitatory_Neuron
28969,817,Excitatory_Neuron
28970,816,Excitatory_Neuron
28971,816,Excitatory_Neuron
28972,846,Excitatory_Neuron
28973,819,Excitatory_Neuron
28974,818,Excitatory_Neuron
28975,877,Excitatory_Neuron
28976,820,Excitatory_Neuron
28977,818,Excitatory_Neuron
28978,875,Astro-Epen
28979,825,Astro-Epen
28980,880,Excitatory_Neuron
28981,822,Excitatory_Neuron
28982,856,Astro-Epen
28983,854,Immune
28984,889,Excitatory_Neuron
28985,834,Excitatory_Neuron
28986,867,unassigned
28987,863,Excitatory_Neuron
28988,863,Excitatory_Neuron
28989,802,unassigned
28990,806,Excitatory_Neuron
28991,808,Excitatory_Neuron
28992,808,Excitatory_Neuron
28993,842,Excitatory_Neuron
28994,812,GABA_Neuron
28995,813,Excitatory_Neuron
28996,816,Excitatory_Neuron
28997,815,Excitatory_Neuron
28998,819,Excitatory_Neuron
28999,846,Excitatory_Neuron
29000,823,unassigned
29001,820,Excitatory_Neuron
29002,906,Vascular
29003,825,Astro-Epen
29004,887,unassigned
29005,843,unassigned
29006,831,Immune
29007,839,Vascular
29008,796,Excitatory_Neuron
29009,799,Immune
29010,798,GABA_Neuron
29011,900,unassigned
29012,863,Excitatory_Neuron
29013,800,Excitatory_Neuron
29014,858,Excitatory_Neuron
29015,849,Astro-Epen
29016,814,Excitatory_Neuron
29017,842,Excitatory_Neuron
29018,812,GABA_Neuron
29019,813,Excitatory_Neuron
29020,813,Excitatory_Neuron
29021,842,Excitatory_Neuron
29022,852,Excitatory_Neuron
29023,820,Excitatory_Neuron
29024,822,Excitatory_Neuron
29025,925,unassigned
29026,825,Astro-Epen
29027,856,Astro-Epen
29028,926,unassigned
29029,857,Vascular
29030,795,Excitatory_Neuron
29031,837,Immune
29032,889,Excitatory_Neuron
29033,799,Immune
29034,849,Astro-Epen
29035,807,Excitatory_Neuron
29036,807,Excitatory_Neuron
29037,810,GABA_Neuron
29038,808,Excitatory_Neuron
29039,817,Excitatory_Neuron
29040,816,Excitatory_Neuron
29041,852,Excitatory_Neuron
29042,917,unassigned
29043,824,Excitatory_Neuron
29044,827,Excitatory_Neuron
29045,861,unassigned
29046,870,unassigned
29047,843,unassigned
29048,831,Immune
29049,857,Vascular
29050,837,Immune
29051,839,Vascular
29052,857,Vascular
29053,797,Immune
29054,834,Excitatory_Neuron
29055,927,unassigned
29056,888,unassigned
29057,802,unassigned
29058,810,GABA_Neuron
29059,812,GABA_Neuron
29060,813,Excitatory_Neuron
29061,816,Excitatory_Neuron
29062,819,Excitatory_Neuron
29063,820,Excitatory_Neuron
29064,898,Excitatory_Neuron
29065,822,Excitatory_Neuron
29066,875,Astro-Epen
29067,828,unassigned
29068,827,Excitatory_Neuron
29069,856,Astro-Epen
29070,829,Excitatory_Neuron
29071,829,Excitatory_Neuron
29072,857,Vascular
29073,874,Excitatory_Neuron
29074,797,Immune
29075,834,Excitatory_Neuron
29076,900,unassigned
29077,849,Astro-Epen
29078,801,Excitatory_Neuron
29079,802,unassigned
29080,806,Excitatory_Neuron
29081,842,Excitatory_Neuron
29082,814,Excitatory_Neuron
29083,816,Excitatory_Neuron
29084,819,Excitatory_Neuron
29085,877,Excitatory_Neuron
29086,815,Excitatory_Neuron
29087,922,unassigned
29088,820,Excitatory_Neuron
29089,824,Excitatory_Neuron
29090,837,Immune
29091,796,Excitatory_Neuron
29092,890,Excitatory_Neuron
29093,889,Excitatory_Neuron
29094,800,Excitatory_Neuron
29095,808,Excitatory_Neuron
29096,808,Excitatory_Neuron
29097,842,Excitatory_Neuron
29098,816,Excitatory_Neuron
29099,846,Excitatory_Neuron
29100,877,Excitatory_Neuron
29101,846,Excitatory_Neuron
29102,820,Excitatory_Neuron
29103,855,Excitatory_Neuron
29104,825,Astro-Epen
29105,855,Excitatory_Neuron
29106,829,Excitatory_Neuron
29107,854,Immune
29108,928,unassigned
29109,854,Immune
29110,857,Vascular
29111,837,Immune
29112,889,Excitatory_Neuron
29113,889,Excitatory_Neuron
29114,863,Excitatory_Neuron
29115,845,Excitatory_Neuron
29116,800,Excitatory_Neuron
29117,814,Excitatory_Neuron
29118,808,Excitatory_Neuron
29119,813,Excitatory_Neuron
29120,852,Excitatory_Neuron
29121,816,Excitatory_Neuron
29122,903,unassigned
29123,824,Excitatory_Neuron
29124,898,Excitatory_Neuron
29125,828,unassigned
29126,822,Excitatory_Neuron
29127,855,Excitatory_Neuron
29128,857,Vascular
29129,837,Immune
29130,889,Excitatory_Neuron
29131,890,Excitatory_Neuron
29132,798,GABA_Neuron
29133,799,Immune
29134,874,Excitatory_Neuron
29135,897,unassigned
29136,927,unassigned
29137,863,Excitatory_Neuron
29138,800,Excitatory_Neuron
29139,929,unassigned
29140,800,Excitatory_Neuron
29141,805,Immune
29142,812,GABA_Neuron
29143,819,Excitatory_Neuron
29144,822,Excitatory_Neuron
29145,898,Excitatory_Neuron
29146,875,Astro-Epen
29147,827,Excitatory_Neuron
29148,822,Excitatory_Neuron
29149,910,unassigned
29150,856,Astro-Epen
29151,914,Excitatory_Neuron
29152,857,Vascular
29153,854,Immune
29154,857,Vascular
29155,857,Vascular
29156,857,Vascular
29157,797,Immune
29158,798,GABA_Neuron
29159,863,Excitatory_Neuron
29160,849,Astro-Epen
29161,930,Excitatory_Neuron
29162,801,Excitatory_Neuron
29163,863,Excitatory_Neuron
29164,810,GABA_Neuron
29165,805,Immune
29166,842,Excitatory_Neuron
29167,931,unassigned
29168,816,Excitatory_Neuron
29169,819,Excitatory_Neuron
29170,852,Excitatory_Neuron
29171,818,Excitatory_Neuron
29172,824,Excitatory_Neuron
29173,820,Excitatory_Neuron
29174,825,Astro-Epen
29175,899,unassigned
29176,900,unassigned
29177,900,unassigned
29178,893,Excitatory_Neuron
29179,814,Excitatory_Neuron
29180,813,Excitatory_Neuron
29181,842,Excitatory_Neuron
29182,842,Excitatory_Neuron
29183,842,Excitatory_Neuron
29184,816,Excitatory_Neuron
29185,877,Excitatory_Neuron
29186,877,Excitatory_Neuron
29187,823,unassigned
29188,820,Excitatory_Neuron
29189,820,Excitatory_Neuron
29190,822,Excitatory_Neuron
29191,870,unassigned
29192,829,Excitatory_Neuron
29193,794,Excitatory_Neuron
29194,797,Immune
29195,900,unassigned
29196,834,Excitatory_Neuron
29197,897,unassigned
29198,858,Excitatory_Neuron
29199,800,Excitatory_Neuron
29200,863,Excitatory_Neuron
29201,801,Excitatory_Neuron
29202,893,Excitatory_Neuron
29203,801,Excitatory_Neuron
29204,814,Excitatory_Neuron
29205,814,Excitatory_Neuron
29206,805,Immune
29207,865,Excitatory_Neuron
29208,852,Excitatory_Neuron
29209,932,Excitatory_Neuron
29210,877,Excitatory_Neuron
29211,898,Excitatory_Neuron
29212,875,Astro-Epen
29213,861,unassigned
29214,828,unassigned
29215,827,Excitatory_Neuron
29216,853,GABA_Neuron
29217,856,Astro-Epen
29218,829,Excitatory_Neuron
29219,857,Vascular
29220,797,Immune
29221,844,Excitatory_Neuron
29222,889,Excitatory_Neuron
29223,801,Excitatory_Neuron
29224,800,Excitatory_Neuron
29225,814,Excitatory_Neuron
29226,816,Excitatory_Neuron
29227,821,Excitatory_Neuron
29228,822,Excitatory_Neuron
29229,822,Excitatory_Neuron
29230,894,unassigned
29231,856,Astro-Epen
29232,919,unassigned
29233,830,Excitatory_Neuron
29234,831,Immune
29235,857,Vascular
29236,831,Immune
29237,848,unassigned
29238,795,Excitatory_Neuron
29239,834,Excitatory_Neuron
29240,799,Immune
29241,897,unassigned
29242,933,unassigned
29243,800,Excitatory_Neuron
29244,813,Excitatory_Neuron
29245,816,Excitatory_Neuron
29246,846,Excitatory_Neuron
29247,846,Excitatory_Neuron
29248,877,Excitatory_Neuron
29249,846,Excitatory_Neuron
29250,917,unassigned
29251,875,Astro-Epen
29252,822,Excitatory_Neuron
29253,827,Excitatory_Neuron
29254,827,Excitatory_Neuron
29255,856,Astro-Epen
29256,856,Astro-Epen
29257,843,unassigned
29258,926,unassigned
29259,862,Astro-Epen
29260,887,unassigned
29261,914,Excitatory_Neuron
29262,831,Immune
29263,857,Vascular
29264,848,unassigned
29265,799,Immune
29266,858,Excitatory_Neuron
29267,802,unassigned
29268,813,Excitatory_Neuron
29269,842,Excitatory_Neuron
29270,814,Excitatory_Neuron
29271,931,unassigned
29272,819,Excitatory_Neuron
29273,821,Excitatory_Neuron
29274,898,Excitatory_Neuron
29275,898,Excitatory_Neuron
29276,917,unassigned
29277,822,Excitatory_Neuron
29278,830,Excitatory_Neuron
29279,856,Astro-Epen
29280,831,Immune
29281,854,Immune
29282,837,Immune
29283,837,Immune
29284,831,Immune
29285,796,Excitatory_Neuron
29286,890,Excitatory_Neuron
29287,858,Excitatory_Neuron
29288,845,Excitatory_Neuron
29289,863,Excitatory_Neuron
29290,800,Excitatory_Neuron
29291,807,Excitatory_Neuron
29292,934,unassigned
29293,814,Excitatory_Neuron
29294,812,GABA_Neuron
29295,842,Excitatory_Neuron
29296,820,Excitatory_Neuron
29297,898,Excitatory_Neuron
29298,822,Excitatory_Neuron
29299,820,Excitatory_Neuron
29300,822,Excitatory_Neuron
29301,822,Excitatory_Neuron
29302,917,unassigned
29303,898,Excitatory_Neuron
29304,822,Excitatory_Neuron
29305,935,unassigned
29306,829,Excitatory_Neuron
29307,887,unassigned
29308,795,Excitatory_Neuron
29309,796,Excitatory_Neuron
29310,799,Immune
29311,858,Excitatory_Neuron
29312,863,Excitatory_Neuron
29313,800,Excitatory_Neuron
29314,801,Excitatory_Neuron
29315,805,Immune
29316,808,Excitatory_Neuron
29317,808,Excitatory_Neuron
29318,934,unassigned
29319,842,Excitatory_Neuron
29320,813,Excitatory_Neuron
29321,931,unassigned
29322,852,Excitatory_Neuron
29323,818,Excitatory_Neuron
29324,846,Excitatory_Neuron
29325,846,Excitatory_Neuron
29326,820,Excitatory_Neuron
29327,815,Excitatory_Neuron
29328,820,Excitatory_Neuron
29329,875,Astro-Epen
29330,898,Excitatory_Neuron
29331,827,Excitatory_Neuron
29332,899,unassigned
29333,856,Astro-Epen
29334,856,Astro-Epen
29335,829,Excitatory_Neuron
29336,837,Immune
29337,839,Vascular
29338,797,Immune
29339,848,unassigned
29340,834,Excitatory_Neuron
29341,796,Excitatory_Neuron
29342,900,unassigned
29343,798,GABA_Neuron
29344,912,Excitatory_Neuron
29345,849,Astro-Epen
29346,814,Excitatory_Neuron
29347,816,Excitatory_Neuron
29348,816,Excitatory_Neuron
29349,877,Excitatory_Neuron
29350,822,Excitatory_Neuron
29351,820,Excitatory_Neuron
29352,820,Excitatory_Neuron
29353,917,unassigned
29354,827,Excitatory_Neuron
29355,837,Immune
29356,831,Immune
29357,796,Excitatory_Neuron
29358,795,Excitatory_Neuron
29359,890,Excitatory_Neuron
29360,800,Excitatory_Neuron
29361,863,Excitatory_Neuron
29362,863,Excitatory_Neuron
29363,912,Excitatory_Neuron
29364,863,Excitatory_Neuron
29365,845,Excitatory_Neuron
29366,801,Excitatory_Neuron
29367,808,Excitatory_Neuron
29368,805,Immune
29369,852,Excitatory_Neuron
29370,877,Excitatory_Neuron
29371,819,Excitatory_Neuron
29372,824,Excitatory_Neuron
29373,917,unassigned
29374,917,unassigned
29375,898,Excitatory_Neuron
29376,906,Vascular
29377,906,Vascular
29378,902,Astro-Epen
29379,855,Excitatory_Neuron
29380,880,Excitatory_Neuron
29381,856,Astro-Epen
29382,918,unassigned
29383,837,Immune
29384,796,Excitatory_Neuron
29385,796,Excitatory_Neuron
29386,874,Excitatory_Neuron
29387,798,GABA_Neuron
29388,863,Excitatory_Neuron
29389,800,Excitatory_Neuron
29390,849,Astro-Epen
29391,849,Astro-Epen
29392,802,unassigned
29393,801,Excitatory_Neuron
29394,806,Excitatory_Neuron
29395,865,Excitatory_Neuron
29396,814,Excitatory_Neuron
29397,813,Excitatory_Neuron
29398,813,Excitatory_Neuron
29399,812,GABA_Neuron
29400,877,Excitatory_Neuron
29401,877,Excitatory_Neuron
29402,846,Excitatory_Neuron
29403,820,Excitatory_Neuron
29404,861,unassigned
29405,910,unassigned
29406,926,unassigned
29407,907,unassigned
29408,889,Excitatory_Neuron
29409,889,Excitatory_Neuron
29410,796,Excitatory_Neuron
29411,834,Excitatory_Neuron
29412,800,Excitatory_Neuron
29413,800,Excitatory_Neuron
29414,845,Excitatory_Neuron
29415,815,Excitatory_Neuron
29416,877,Excitatory_Neuron
29417,932,Excitatory_Neuron
29418,819,Excitatory_Neuron
29419,846,Excitatory_Neuron
29420,820,Excitatory_Neuron
29421,822,Excitatory_Neuron
29422,898,Excitatory_Neuron
29423,855,Excitatory_Neuron
29424,853,GABA_Neuron
29425,829,Excitatory_Neuron
29426,834,Excitatory_Neuron
29427,912,Excitatory_Neuron
29428,845,Excitatory_Neuron
29429,806,Excitatory_Neuron
29430,806,Excitatory_Neuron
29431,813,Excitatory_Neuron
29432,901,Excitatory_Neuron
29433,877,Excitatory_Neuron
29434,846,Excitatory_Neuron
29435,820,Excitatory_Neuron
29436,828,unassigned
29437,917,unassigned
29438,906,Vascular
29439,880,Excitatory_Neuron
29440,880,Excitatory_Neuron
29441,899,unassigned
29442,829,Excitatory_Neuron
29443,918,unassigned
29444,831,Immune
29445,831,Immune
29446,795,Excitatory_Neuron
29447,907,unassigned
29448,797,Immune
29449,834,Excitatory_Neuron
29450,799,Immune
29451,807,Excitatory_Neuron
29452,865,Excitatory_Neuron
29453,934,unassigned
29454,934,unassigned
29455,842,Excitatory_Neuron
29456,842,Excitatory_Neuron
29457,817,Excitatory_Neuron
29458,816,Excitatory_Neuron
29459,819,Excitatory_Neuron
29460,877,Excitatory_Neuron
29461,913,unassigned
29462,870,unassigned
29463,862,Astro-Epen
29464,928,unassigned
29465,918,unassigned
29466,839,Vascular
29467,796,Excitatory_Neuron
29468,889,Excitatory_Neuron
29469,799,Immune
29470,927,unassigned
29471,814,Excitatory_Neuron
29472,806,Excitatory_Neuron
29473,808,Excitatory_Neuron
29474,931,unassigned
29475,842,Excitatory_Neuron
29476,932,Excitatory_Neuron
29477,922,unassigned
29478,820,Excitatory_Neuron
29479,917,unassigned
29480,827,Excitatory_Neuron
29481,899,unassigned
29482,862,Astro-Epen
29483,837,Immune
29484,844,Excitatory_Neuron
29485,889,Excitatory_Neuron
29486,833,Excitatory_Neuron
29487,844,Excitatory_Neuron
29488,798,GABA_Neuron
29489,798,GABA_Neuron
29490,800,Excitatory_Neuron
29491,800,Excitatory_Neuron
29492,806,Excitatory_Neuron
29493,807,Excitatory_Neuron
29494,812,GABA_Neuron
29495,813,Excitatory_Neuron
29496,877,Excitatory_Neuron
29497,852,Excitatory_Neuron
29498,818,Excitatory_Neuron
29499,922,unassigned
29500,822,Excitatory_Neuron
29501,822,Excitatory_Neuron
29502,820,Excitatory_Neuron
29503,898,Excitatory_Neuron
29504,825,Astro-Epen
29505,910,unassigned
29506,936,unassigned
29507,854,Immune
29508,918,unassigned
29509,837,Immune
29510,839,Vascular
29511,857,Vascular
29512,795,Excitatory_Neuron
29513,858,Excitatory_Neuron
29514,800,Excitatory_Neuron
29515,800,Excitatory_Neuron
29516,849,Astro-Epen
29517,845,Excitatory_Neuron
29518,845,Excitatory_Neuron
29519,805,Immune
29520,808,Excitatory_Neuron
29521,813,Excitatory_Neuron
29522,898,Excitatory_Neuron
29523,822,Excitatory_Neuron
29524,822,Excitatory_Neuron
29525,822,Excitatory_Neuron
29526,862,Astro-Epen
29527,918,unassigned
29528,797,Immune
29529,797,Immune
29530,889,Excitatory_Neuron
29531,796,Excitatory_Neuron
29532,937,unassigned
29533,858,Excitatory_Neuron
29534,888,unassigned
29535,803,Excitatory_Neuron
29536,912,Excitatory_Neuron
29537,930,Excitatory_Neuron
29538,865,Excitatory_Neuron
29539,842,Excitatory_Neuron
29540,813,Excitatory_Neuron
29541,814,Excitatory_Neuron
29542,815,Excitatory_Neuron
29543,819,Excitatory_Neuron
29544,822,Excitatory_Neuron
29545,822,Excitatory_Neuron
29546,875,Astro-Epen
29547,822,Excitatory_Neuron
29548,822,Excitatory_Neuron
29549,910,unassigned
29550,870,unassigned
29551,829,Excitatory_Neuron
29552,874,Excitatory_Neuron
29553,927,unassigned
29554,803,Excitatory_Neuron
29555,806,Excitatory_Neuron
29556,814,Excitatory_Neuron
29557,813,Excitatory_Neuron
29558,842,Excitatory_Neuron
29559,812,GABA_Neuron
29560,815,Excitatory_Neuron
29561,824,Excitatory_Neuron
29562,822,Excitatory_Neuron
29563,898,Excitatory_Neuron
29564,820,Excitatory_Neuron
29565,827,Excitatory_Neuron
29566,825,Astro-Epen
29567,899,unassigned
29568,870,unassigned
29569,862,Astro-Epen
29570,829,Excitatory_Neuron
29571,914,Excitatory_Neuron
29572,794,Excitatory_Neuron
29573,854,Immune
29574,907,unassigned
29575,837,Immune
29576,848,unassigned
29577,797,Immune
29578,797,Immune
29579,799,Immune
29580,844,Excitatory_Neuron
29581,900,unassigned
29582,800,Excitatory_Neuron
29583,803,Excitatory_Neuron
29584,800,Excitatory_Neuron
29585,814,Excitatory_Neuron
29586,893,Excitatory_Neuron
29587,814,Excitatory_Neuron
29588,817,Excitatory_Neuron
29589,813,Excitatory_Neuron
29590,852,Excitatory_Neuron
29591,877,Excitatory_Neuron
29592,821,Excitatory_Neuron
29593,877,Excitatory_Neuron
29594,820,Excitatory_Neuron
29595,820,Excitatory_Neuron
29596,820,Excitatory_Neuron
29597,906,Vascular
29598,820,Excitatory_Neuron
29599,862,Astro-Epen
29600,830,Excitatory_Neuron
29601,938,Immune
29602,900,unassigned
29603,800,Excitatory_Neuron
29604,801,Excitatory_Neuron
29605,801,Excitatory_Neuron
29606,803,Excitatory_Neuron
29607,813,Excitatory_Neuron
29608,901,Excitatory_Neuron
29609,813,Excitatory_Neuron
29610,817,Excitatory_Neuron
29611,846,Excitatory_Neuron
29612,822,Excitatory_Neuron
29613,827,Excitatory_Neuron
29614,854,Immune
29615,854,Immune
29616,907,unassigned
29617,938,Immune
29618,844,Excitatory_Neuron
29619,798,GABA_Neuron
29620,845,Excitatory_Neuron
29621,801,Excitatory_Neuron
29622,803,Excitatory_Neuron
29623,803,Excitatory_Neuron
29624,803,Excitatory_Neuron
29625,814,Excitatory_Neuron
29626,806,Excitatory_Neuron
29627,806,Excitatory_Neuron
29628,806,Excitatory_Neuron
29629,865,Excitatory_Neuron
29630,818,Excitatory_Neuron
29631,852,Excitatory_Neuron
29632,815,Excitatory_Neuron
29633,820,Excitatory_Neuron
29634,898,Excitatory_Neuron
29635,828,unassigned
29636,875,Astro-Epen
29637,861,unassigned
29638,894,unassigned
29639,870,unassigned
29640,862,Astro-Epen
29641,914,Excitatory_Neuron
29642,837,Immune
29643,857,Vascular
29644,797,Immune
29645,796,Excitatory_Neuron
29646,844,Excitatory_Neuron
29647,889,Excitatory_Neuron
29648,799,Immune
29649,798,GABA_Neuron
29650,900,unassigned
29651,800,Excitatory_Neuron
29652,800,Excitatory_Neuron
29653,801,Excitatory_Neuron
29654,805,Immune
29655,814,Excitatory_Neuron
29656,842,Excitatory_Neuron
29657,922,unassigned
29658,822,Excitatory_Neuron
29659,898,Excitatory_Neuron
29660,820,Excitatory_Neuron
29661,855,Excitatory_Neuron
29662,902,Astro-Epen
29663,831,Immune
29664,837,Immune
29665,837,Immune
29666,912,Excitatory_Neuron
29667,845,Excitatory_Neuron
29668,901,Excitatory_Neuron
29669,931,unassigned
29670,842,Excitatory_Neuron
29671,818,Excitatory_Neuron
29672,846,Excitatory_Neuron
29673,922,unassigned
29674,827,Excitatory_Neuron
29675,880,Excitatory_Neuron
29676,837,Immune
29677,831,Immune
29678,797,Immune
29679,844,Excitatory_Neuron
29680,799,Immune
29681,798,GABA_Neuron
29682,939,Excitatory_Neuron
29683,805,Immune
29684,803,Excitatory_Neuron
29685,865,Excitatory_Neuron
29686,808,Excitatory_Neuron
29687,808,Excitatory_Neuron
29688,810,GABA_Neuron
29689,842,Excitatory_Neuron
29690,813,Excitatory_Neuron
29691,901,Excitatory_Neuron
29692,817,Excitatory_Neuron
29693,818,Excitatory_Neuron
29694,877,Excitatory_Neuron
29695,820,Excitatory_Neuron
29696,898,Excitatory_Neuron
29697,820,Excitatory_Neuron
29698,921,Astro-Epen
29699,825,Astro-Epen
29700,870,unassigned
29701,862,Astro-Epen
29702,924,unassigned
29703,844,Excitatory_Neuron
29704,844,Excitatory_Neuron
29705,796,Excitatory_Neuron
29706,844,Excitatory_Neuron
29707,867,unassigned
29708,900,unassigned
29709,800,Excitatory_Neuron
29710,800,Excitatory_Neuron
29711,800,Excitatory_Neuron
29712,849,Astro-Epen
29713,865,Excitatory_Neuron
29714,805,Immune
29715,806,Excitatory_Neuron
29716,814,Excitatory_Neuron
29717,814,Excitatory_Neuron
29718,842,Excitatory_Neuron
29719,815,Excitatory_Neuron
29720,816,Excitatory_Neuron
29721,877,Excitatory_Neuron
29722,822,Excitatory_Neuron
29723,827,Excitatory_Neuron
29724,827,Excitatory_Neuron
29725,910,unassigned
29726,831,Immune
29727,857,Vascular
29728,889,Excitatory_Neuron
29729,858,Excitatory_Neuron
29730,912,Excitatory_Neuron
29731,798,GABA_Neuron
29732,845,Excitatory_Neuron
29733,863,Excitatory_Neuron
29734,940,unassigned
29735,801,Excitatory_Neuron
29736,807,Excitatory_Neuron
29737,893,Excitatory_Neuron
29738,812,GABA_Neuron
29739,932,Excitatory_Neuron
29740,820,Excitatory_Neuron
29741,816,Excitatory_Neuron
29742,877,Excitatory_Neuron
29743,846,Excitatory_Neuron
29744,877,Excitatory_Neuron
29745,820,Excitatory_Neuron
29746,906,Vascular
29747,820,Excitatory_Neuron
29748,917,unassigned
29749,827,Excitatory_Neuron
29750,855,Excitatory_Neuron
29751,829,Excitatory_Neuron
29752,830,Excitatory_Neuron
29753,830,Excitatory_Neuron
29754,862,Astro-Epen
29755,831,Immune
29756,796,Excitatory_Neuron
29757,797,Immune
29758,800,Excitatory_Neuron
29759,800,Excitatory_Neuron
29760,800,Excitatory_Neuron
29761,805,Immune
29762,865,Excitatory_Neuron
29763,805,Immune
29764,877,Excitatory_Neuron
29765,818,Excitatory_Neuron
29766,846,Excitatory_Neuron
29767,877,Excitatory_Neuron
29768,819,Excitatory_Neuron
29769,822,Excitatory_Neuron
29770,822,Excitatory_Neuron
29771,855,Excitatory_Neuron
29772,831,Immune
29773,874,Excitatory_Neuron
29774,844,Excitatory_Neuron
29775,834,Excitatory_Neuron
29776,845,Excitatory_Neuron
29777,865,Excitatory_Neuron
29778,865,Excitatory_Neuron
29779,817,Excitatory_Neuron
29780,812,GABA_Neuron
29781,813,Excitatory_Neuron
29782,812,GABA_Neuron
29783,842,Excitatory_Neuron
29784,816,Excitatory_Neuron
29785,818,Excitatory_Neuron
29786,822,Excitatory_Neuron
29787,820,Excitatory_Neuron
29788,820,Excitatory_Neuron
29789,822,Excitatory_Neuron
29790,822,Excitatory_Neuron
29791,820,Excitatory_Neuron
29792,906,Vascular
29793,855,Excitatory_Neuron
29794,828,unassigned
29795,921,Astro-Epen
29796,910,unassigned
29797,856,Astro-Epen
29798,899,unassigned
29799,874,Excitatory_Neuron
29800,833,Excitatory_Neuron
29801,800,Excitatory_Neuron
29802,912,Excitatory_Neuron
29803,801,Excitatory_Neuron
29804,814,Excitatory_Neuron
29805,893,Excitatory_Neuron
29806,808,Excitatory_Neuron
29807,813,Excitatory_Neuron
29808,810,GABA_Neuron
29809,931,unassigned
29810,931,unassigned
29811,932,Excitatory_Neuron
29812,816,Excitatory_Neuron
29813,818,Excitatory_Neuron
29814,922,unassigned
29815,815,Excitatory_Neuron
29816,820,Excitatory_Neuron
29817,875,Astro-Epen
29818,875,Astro-Epen
29819,828,unassigned
29820,855,Excitatory_Neuron
29821,861,unassigned
29822,827,Excitatory_Neuron
29823,887,unassigned
29824,938,Immune
29825,854,Immune
29826,794,Excitatory_Neuron
29827,795,Excitatory_Neuron
29828,874,Excitatory_Neuron
29829,799,Immune
29830,807,Excitatory_Neuron
29831,806,Excitatory_Neuron
29832,814,Excitatory_Neuron
29833,865,Excitatory_Neuron
29834,814,Excitatory_Neuron
29835,817,Excitatory_Neuron
29836,812,GABA_Neuron
29837,842,Excitatory_Neuron
29838,817,Excitatory_Neuron
29839,816,Excitatory_Neuron
29840,813,Excitatory_Neuron
29841,816,Excitatory_Neuron
29842,815,Excitatory_Neuron
29843,815,Excitatory_Neuron
29844,816,Excitatory_Neuron
29845,877,Excitatory_Neuron
29846,820,Excitatory_Neuron
29847,815,Excitatory_Neuron
29848,898,Excitatory_Neuron
29849,819,Excitatory_Neuron
29850,875,Astro-Epen
29851,822,Excitatory_Neuron
29852,827,Excitatory_Neuron
29853,880,Excitatory_Neuron
29854,830,Excitatory_Neuron
29855,918,unassigned
29856,918,unassigned
29857,837,Immune
29858,795,Excitatory_Neuron
29859,799,Immune
29860,797,Immune
29861,844,Excitatory_Neuron
29862,845,Excitatory_Neuron
29863,845,Excitatory_Neuron
29864,803,Excitatory_Neuron
29865,806,Excitatory_Neuron
29866,806,Excitatory_Neuron
29867,805,Immune
29868,814,Excitatory_Neuron
29869,817,Excitatory_Neuron
29870,877,Excitatory_Neuron
29871,816,Excitatory_Neuron
29872,821,Excitatory_Neuron
29873,820,Excitatory_Neuron
29874,875,Astro-Epen
29875,906,Vascular
29876,880,Excitatory_Neuron
29877,921,Astro-Epen
29878,921,Astro-Epen
29879,828,unassigned
29880,827,Excitatory_Neuron
29881,889,Excitatory_Neuron
29882,799,Immune
29883,799,Immune
29884,874,Excitatory_Neuron
29885,834,Excitatory_Neuron
29886,863,Excitatory_Neuron
29887,912,Excitatory_Neuron
29888,800,Excitatory_Neuron
29889,845,Excitatory_Neuron
29890,849,Astro-Epen
29891,810,GABA_Neuron
29892,842,Excitatory_Neuron
29893,813,Excitatory_Neuron
29894,813,Excitatory_Neuron
29895,877,Excitatory_Neuron
29896,816,Excitatory_Neuron
29897,877,Excitatory_Neuron
29898,846,Excitatory_Neuron
29899,822,Excitatory_Neuron
29900,827,Excitatory_Neuron
29901,856,Astro-Epen
29902,837,Immune
29903,857,Vascular
29904,837,Immune
29905,794,Excitatory_Neuron
29906,857,Vascular
29907,799,Immune
29908,797,Immune
29909,795,Excitatory_Neuron
29910,874,Excitatory_Neuron
29911,874,Excitatory_Neuron
29912,889,Excitatory_Neuron
29913,800,Excitatory_Neuron
29914,807,Excitatory_Neuron
29915,806,Excitatory_Neuron
29916,812,GABA_Neuron
29917,842,Excitatory_Neuron
29918,814,Excitatory_Neuron
29919,842,Excitatory_Neuron
29920,817,Excitatory_Neuron
29921,817,Excitatory_Neuron
29922,818,Excitatory_Neuron
29923,822,Excitatory_Neuron
29924,815,Excitatory_Neuron
29925,819,Excitatory_Neuron
29926,822,Excitatory_Neuron
29927,822,Excitatory_Neuron
29928,822,Excitatory_Neuron
29929,827,Excitatory_Neuron
29930,862,Astro-Epen
29931,837,Immune
29932,795,Excitatory_Neuron
29933,889,Excitatory_Neuron
29934,834,Excitatory_Neuron
29935,941,Excitatory_Neuron
29936,912,Excitatory_Neuron
29937,912,Excitatory_Neuron
29938,803,Excitatory_Neuron
29939,801,Excitatory_Neuron
29940,806,Excitatory_Neuron
29941,814,Excitatory_Neuron
29942,812,GABA_Neuron
29943,931,unassigned
29944,846,Excitatory_Neuron
29945,824,Excitatory_Neuron
29946,906,Vascular
29947,899,unassigned
29948,830,Excitatory_Neuron
29949,853,GABA_Neuron
29950,856,Astro-Epen
29951,843,unassigned
29952,839,Vascular
29953,863,Excitatory_Neuron
29954,849,Astro-Epen
29955,801,Excitatory_Neuron
29956,814,Excitatory_Neuron
29957,893,Excitatory_Neuron
29958,817,Excitatory_Neuron
29959,852,Excitatory_Neuron
29960,821,Excitatory_Neuron
29961,820,Excitatory_Neuron
29962,913,unassigned
29963,875,Astro-Epen
29964,921,Astro-Epen
29965,827,Excitatory_Neuron
29966,862,Astro-Epen
29967,839,Vascular
29968,837,Immune
29969,796,Excitatory_Neuron
29970,797,Immune
29971,858,Excitatory_Neuron
29972,893,Excitatory_Neuron
29973,806,Excitatory_Neuron
29974,842,Excitatory_Neuron
29975,812,GABA_Neuron
29976,842,Excitatory_Neuron
29977,817,Excitatory_Neuron
29978,931,unassigned
29979,931,unassigned
29980,813,Excitatory_Neuron
29981,816,Excitatory_Neuron
29982,846,Excitatory_Neuron
29983,815,Excitatory_Neuron
29984,922,unassigned
29985,822,Excitatory_Neuron
29986,822,Excitatory_Neuron
29987,875,Astro-Epen
29988,827,Excitatory_Neuron
29989,827,Excitatory_Neuron
29990,870,unassigned
29991,856,Astro-Epen
29992,887,unassigned
29993,856,Astro-Epen
29994,839,Vascular
29995,839,Vascular
29996,889,Excitatory_Neuron
29997,799,Immune
29998,858,Excitatory_Neuron
29999,863,Excitatory_Neuron
30000,858,Excitatory_Neuron
30001,845,Excitatory_Neuron
30002,845,Excitatory_Neuron
30003,800,Excitatory_Neuron
30004,805,Immune
30005,801,Excitatory_Neuron
30006,808,Excitatory_Neuron
30007,817,Excitatory_Neuron
30008,813,Excitatory_Neuron
30009,816,Excitatory_Neuron
30010,818,Excitatory_Neuron
30011,819,Excitatory_Neuron
30012,820,Excitatory_Neuron
30013,820,Excitatory_Neuron
30014,917,unassigned
30015,820,Excitatory_Neuron
30016,917,unassigned
30017,820,Excitatory_Neuron
30018,827,Excitatory_Neuron
30019,942,Excitatory_Neuron
30020,856,Astro-Epen
30021,926,unassigned
30022,857,Vascular
30023,837,Immune
30024,796,Excitatory_Neuron
30025,937,unassigned
30026,867,unassigned
30027,863,Excitatory_Neuron
30028,941,Excitatory_Neuron
30029,863,Excitatory_Neuron
30030,800,Excitatory_Neuron
30031,803,Excitatory_Neuron
30032,801,Excitatory_Neuron
30033,814,Excitatory_Neuron
30034,806,Excitatory_Neuron
30035,814,Excitatory_Neuron
30036,808,Excitatory_Neuron
30037,842,Excitatory_Neuron
30038,817,Excitatory_Neuron
30039,818,Excitatory_Neuron
30040,824,Excitatory_Neuron
30041,910,unassigned
30042,854,Immune
30043,794,Excitatory_Neuron
30044,857,Vascular
30045,839,Vascular
30046,858,Excitatory_Neuron
30047,805,Immune
30048,801,Excitatory_Neuron
30049,801,Excitatory_Neuron
30050,801,Excitatory_Neuron
30051,813,Excitatory_Neuron
30052,816,Excitatory_Neuron
30053,816,Excitatory_Neuron
30054,815,Excitatory_Neuron
30055,818,Excitatory_Neuron
30056,821,Excitatory_Neuron
30057,821,Excitatory_Neuron
30058,875,Astro-Epen
30059,822,Excitatory_Neuron
30060,820,Excitatory_Neuron
30061,906,Vascular
30062,855,Excitatory_Neuron
30063,822,Excitatory_Neuron
30064,862,Astro-Epen
30065,831,Immune
30066,938,Immune
30067,794,Excitatory_Neuron
30068,857,Vascular
30069,848,unassigned
30070,799,Immune
30071,796,Excitatory_Neuron
30072,797,Immune
30073,874,Excitatory_Neuron
30074,799,Immune
30075,845,Excitatory_Neuron
30076,800,Excitatory_Neuron
30077,803,Excitatory_Neuron
30078,801,Excitatory_Neuron
30079,803,Excitatory_Neuron
30080,807,Excitatory_Neuron
30081,842,Excitatory_Neuron
30082,842,Excitatory_Neuron
30083,813,Excitatory_Neuron
30084,816,Excitatory_Neuron
30085,846,Excitatory_Neuron
30086,820,Excitatory_Neuron
30087,906,Vascular
30088,827,Excitatory_Neuron
30089,843,unassigned
30090,837,Immune
30091,938,Immune
30092,854,Immune
30093,943,unassigned
30094,797,Immune
30095,844,Excitatory_Neuron
30096,799,Immune
30097,799,Immune
30098,833,Excitatory_Neuron
30099,858,Excitatory_Neuron
30100,798,GABA_Neuron
30101,803,Excitatory_Neuron
30102,842,Excitatory_Neuron
30103,817,Excitatory_Neuron
30104,944,unassigned
30105,813,Excitatory_Neuron
30106,922,unassigned
30107,913,unassigned
30108,820,Excitatory_Neuron
30109,820,Excitatory_Neuron
30110,875,Astro-Epen
30111,827,Excitatory_Neuron
30112,822,Excitatory_Neuron
30113,870,unassigned
30114,831,Immune
30115,848,unassigned
30116,796,Excitatory_Neuron
30117,833,Excitatory_Neuron
30118,834,Excitatory_Neuron
30119,858,Excitatory_Neuron
30120,940,unassigned
30121,805,Immune
30122,814,Excitatory_Neuron
30123,814,Excitatory_Neuron
30124,814,Excitatory_Neuron
30125,842,Excitatory_Neuron
30126,816,Excitatory_Neuron
30127,846,Excitatory_Neuron
30128,822,Excitatory_Neuron
30129,855,Excitatory_Neuron
30130,830,Excitatory_Neuron
30131,862,Astro-Epen
30132,914,Excitatory_Neuron
30133,797,Immune
30134,796,Excitatory_Neuron
30135,937,unassigned
30136,927,unassigned
30137,858,Excitatory_Neuron
30138,912,Excitatory_Neuron
30139,940,unassigned
30140,805,Immune
30141,800,Excitatory_Neuron
30142,845,Excitatory_Neuron
30143,800,Excitatory_Neuron
30144,945,unassigned
30145,814,Excitatory_Neuron
30146,815,Excitatory_Neuron
30147,821,Excitatory_Neuron
30148,898,Excitatory_Neuron
30149,898,Excitatory_Neuron
30150,906,Vascular
30151,906,Vascular
30152,856,Astro-Epen
30153,829,Excitatory_Neuron
30154,862,Astro-Epen
30155,862,Astro-Epen
30156,919,unassigned
30157,837,Immune
30158,857,Vascular
30159,833,Excitatory_Neuron
30160,799,Immune
30161,799,Immune
30162,900,unassigned
30163,803,Excitatory_Neuron
30164,800,Excitatory_Neuron
30165,805,Immune
30166,806,Excitatory_Neuron
30167,810,GABA_Neuron
30168,813,Excitatory_Neuron
30169,932,Excitatory_Neuron
30170,922,unassigned
30171,898,Excitatory_Neuron
30172,820,Excitatory_Neuron
30173,913,unassigned
30174,942,Excitatory_Neuron
30175,827,Excitatory_Neuron
30176,856,Astro-Epen
30177,899,unassigned
30178,924,unassigned
30179,856,Astro-Epen
30180,857,Vascular
30181,904,GABA_Neuron
30182,833,Excitatory_Neuron
30183,799,Immune
30184,833,Excitatory_Neuron
30185,805,Immune
30186,842,Excitatory_Neuron
30187,842,Excitatory_Neuron
30188,817,Excitatory_Neuron
30189,922,unassigned
30190,820,Excitatory_Neuron
30191,822,Excitatory_Neuron
30192,820,Excitatory_Neuron
30193,856,Astro-Epen
30194,811,unassigned
30195,831,Immune
30196,794,Excitatory_Neuron
30197,844,Excitatory_Neuron
30198,844,Excitatory_Neuron
30199,844,Excitatory_Neuron
30200,863,Excitatory_Neuron
30201,845,Excitatory_Neuron
30202,800,Excitatory_Neuron
30203,945,unassigned
30204,865,Excitatory_Neuron
30205,931,unassigned
30206,842,Excitatory_Neuron
30207,944,unassigned
30208,816,Excitatory_Neuron
30209,932,Excitatory_Neuron
30210,816,Excitatory_Neuron
30211,820,Excitatory_Neuron
30212,906,Vascular
30213,880,Excitatory_Neuron
30214,843,unassigned
30215,829,Excitatory_Neuron
30216,856,Astro-Epen
30217,857,Vascular
30218,837,Immune
30219,857,Vascular
30220,857,Vascular
30221,857,Vascular
30222,844,Excitatory_Neuron
30223,889,Excitatory_Neuron
30224,844,Excitatory_Neuron
30225,834,Excitatory_Neuron
30226,844,Excitatory_Neuron
30227,858,Excitatory_Neuron
30228,874,Excitatory_Neuron
30229,833,Excitatory_Neuron
30230,888,unassigned
30231,798,GABA_Neuron
30232,912,Excitatory_Neuron
30233,863,Excitatory_Neuron
30234,800,Excitatory_Neuron
30235,893,Excitatory_Neuron
30236,814,Excitatory_Neuron
30237,805,Immune
30238,893,Excitatory_Neuron
30239,893,Excitatory_Neuron
30240,842,Excitatory_Neuron
30241,813,Excitatory_Neuron
30242,816,Excitatory_Neuron
30243,818,Excitatory_Neuron
30244,877,Excitatory_Neuron
30245,846,Excitatory_Neuron
30246,917,unassigned
30247,828,unassigned
30248,827,Excitatory_Neuron
30249,827,Excitatory_Neuron
30250,855,Excitatory_Neuron
30251,830,Excitatory_Neuron
30252,870,unassigned
30253,827,Excitatory_Neuron
30254,887,unassigned
30255,946,unassigned
30256,938,Immune
30257,857,Vascular
30258,795,Excitatory_Neuron
30259,857,Vascular
30260,857,Vascular
30261,874,Excitatory_Neuron
30262,797,Immune
30263,863,Excitatory_Neuron
30264,863,Excitatory_Neuron
30265,849,Astro-Epen
30266,806,Excitatory_Neuron
30267,931,unassigned
30268,944,unassigned
30269,813,Excitatory_Neuron
30270,816,Excitatory_Neuron
30271,827,Excitatory_Neuron
30272,914,Excitatory_Neuron
30273,914,Excitatory_Neuron
30274,857,Vascular
30275,844,Excitatory_Neuron
30276,900,unassigned
30277,834,Excitatory_Neuron
30278,799,Immune
30279,799,Immune
30280,863,Excitatory_Neuron
30281,940,unassigned
30282,801,Excitatory_Neuron
30283,805,Immune
30284,945,unassigned
30285,813,Excitatory_Neuron
30286,805,Immune
30287,817,Excitatory_Neuron
30288,815,Excitatory_Neuron
30289,820,Excitatory_Neuron
30290,820,Excitatory_Neuron
30291,822,Excitatory_Neuron
30292,825,Astro-Epen
30293,827,Excitatory_Neuron
30294,825,Astro-Epen
30295,870,unassigned
30296,862,Astro-Epen
30297,914,Excitatory_Neuron
30298,914,Excitatory_Neuron
30299,831,Immune
30300,799,Immune
30301,833,Excitatory_Neuron
30302,796,Excitatory_Neuron
30303,937,unassigned
30304,863,Excitatory_Neuron
30305,912,Excitatory_Neuron
30306,803,Excitatory_Neuron
30307,947,Excitatory_Neuron
30308,842,Excitatory_Neuron
30309,812,GABA_Neuron
30310,816,Excitatory_Neuron
30311,898,Excitatory_Neuron
30312,815,Excitatory_Neuron
30313,821,Excitatory_Neuron
30314,822,Excitatory_Neuron
30315,820,Excitatory_Neuron
30316,820,Excitatory_Neuron
30317,917,unassigned
30318,827,Excitatory_Neuron
30319,827,Excitatory_Neuron
30320,822,Excitatory_Neuron
30321,829,Excitatory_Neuron
30322,914,Excitatory_Neuron
30323,857,Vascular
30324,837,Immune
30325,834,Excitatory_Neuron
30326,890,Excitatory_Neuron
30327,858,Excitatory_Neuron
30328,799,Immune
30329,863,Excitatory_Neuron
30330,893,Excitatory_Neuron
30331,805,Immune
30332,865,Excitatory_Neuron
30333,813,Excitatory_Neuron
30334,817,Excitatory_Neuron
30335,816,Excitatory_Neuron
30336,846,Excitatory_Neuron
30337,932,Excitatory_Neuron
30338,820,Excitatory_Neuron
30339,822,Excitatory_Neuron
30340,828,unassigned
30341,887,unassigned
30342,938,Immune
30343,844,Excitatory_Neuron
30344,948,unassigned
30345,937,unassigned
30346,799,Immune
30347,800,Excitatory_Neuron
30348,814,Excitatory_Neuron
30349,814,Excitatory_Neuron
30350,805,Immune
30351,817,Excitatory_Neuron
30352,842,Excitatory_Neuron
30353,816,Excitatory_Neuron
30354,846,Excitatory_Neuron
30355,898,Excitatory_Neuron
30356,898,Excitatory_Neuron
30357,822,Excitatory_Neuron
30358,898,Excitatory_Neuron
30359,906,Vascular
30360,822,Excitatory_Neuron
30361,825,Astro-Epen
30362,894,unassigned
30363,870,unassigned
30364,837,Immune
30365,857,Vascular
30366,831,Immune
30367,857,Vascular
30368,837,Immune
30369,844,Excitatory_Neuron
30370,858,Excitatory_Neuron
30371,803,Excitatory_Neuron
30372,912,Excitatory_Neuron
30373,801,Excitatory_Neuron
30374,805,Immune
30375,805,Immune
30376,842,Excitatory_Neuron
30377,865,Excitatory_Neuron
30378,842,Excitatory_Neuron
30379,817,Excitatory_Neuron
30380,877,Excitatory_Neuron
30381,816,Excitatory_Neuron
30382,922,unassigned
30383,824,Excitatory_Neuron
30384,822,Excitatory_Neuron
30385,906,Vascular
30386,880,Excitatory_Neuron
30387,827,Excitatory_Neuron
30388,837,Immune
30389,796,Excitatory_Neuron
30390,799,Immune
30391,900,unassigned
30392,858,Excitatory_Neuron
30393,799,Immune
30394,803,Excitatory_Neuron
30395,941,Excitatory_Neuron
30396,805,Immune
30397,803,Excitatory_Neuron
30398,805,Immune
30399,814,Excitatory_Neuron
30400,817,Excitatory_Neuron
30401,817,Excitatory_Neuron
30402,813,Excitatory_Neuron
30403,813,Excitatory_Neuron
30404,901,Excitatory_Neuron
30405,816,Excitatory_Neuron
30406,852,Excitatory_Neuron
30407,818,Excitatory_Neuron
30408,855,Excitatory_Neuron
30409,887,unassigned
30410,830,Excitatory_Neuron
30411,837,Immune
30412,831,Immune
30413,831,Immune
30414,874,Excitatory_Neuron
30415,844,Excitatory_Neuron
30416,796,Excitatory_Neuron
30417,863,Excitatory_Neuron
30418,941,Excitatory_Neuron
30419,893,Excitatory_Neuron
30420,805,Immune
30421,893,Excitatory_Neuron
30422,947,Excitatory_Neuron
30423,865,Excitatory_Neuron
30424,812,GABA_Neuron
30425,817,Excitatory_Neuron
30426,817,Excitatory_Neuron
30427,813,Excitatory_Neuron
30428,816,Excitatory_Neuron
30429,877,Excitatory_Neuron
30430,818,Excitatory_Neuron
30431,852,Excitatory_Neuron
30432,818,Excitatory_Neuron
30433,816,Excitatory_Neuron
30434,922,unassigned
30435,824,Excitatory_Neuron
30436,824,Excitatory_Neuron
30437,898,Excitatory_Neuron
30438,880,Excitatory_Neuron
30439,825,Astro-Epen
30440,919,unassigned
30441,853,GABA_Neuron
30442,854,Immune
30443,837,Immune
30444,839,Vascular
30445,858,Excitatory_Neuron
30446,800,Excitatory_Neuron
30447,863,Excitatory_Neuron
30448,912,Excitatory_Neuron
30449,800,Excitatory_Neuron
30450,803,Excitatory_Neuron
30451,805,Immune
30452,801,Excitatory_Neuron
30453,812,GABA_Neuron
30454,931,unassigned
30455,944,unassigned
30456,821,Excitatory_Neuron
30457,877,Excitatory_Neuron
30458,820,Excitatory_Neuron
30459,820,Excitatory_Neuron
30460,855,Excitatory_Neuron
30461,906,Vascular
30462,827,Excitatory_Neuron
30463,949,unassigned
30464,853,GABA_Neuron
30465,914,Excitatory_Neuron
30466,831,Immune
30467,839,Vascular
30468,857,Vascular
30469,889,Excitatory_Neuron
30470,863,Excitatory_Neuron
30471,800,Excitatory_Neuron
30472,800,Excitatory_Neuron
30473,801,Excitatory_Neuron
30474,849,Astro-Epen
30475,805,Immune
30476,814,Excitatory_Neuron
30477,842,Excitatory_Neuron
30478,817,Excitatory_Neuron
30479,813,Excitatory_Neuron
30480,846,Excitatory_Neuron
30481,903,unassigned
30482,821,Excitatory_Neuron
30483,902,Astro-Epen
30484,913,unassigned
30485,913,unassigned
30486,822,Excitatory_Neuron
30487,906,Vascular
30488,894,unassigned
30489,831,Immune
30490,831,Immune
30491,794,Excitatory_Neuron
30492,857,Vascular
30493,937,unassigned
30494,800,Excitatory_Neuron
30495,805,Immune
30496,808,Excitatory_Neuron
30497,813,Excitatory_Neuron
30498,813,Excitatory_Neuron
30499,814,Excitatory_Neuron
30500,901,Excitatory_Neuron
30501,852,Excitatory_Neuron
30502,815,Excitatory_Neuron
30503,815,Excitatory_Neuron
30504,875,Astro-Epen
30505,820,Excitatory_Neuron
30506,820,Excitatory_Neuron
30507,821,Excitatory_Neuron
30508,822,Excitatory_Neuron
30509,855,Excitatory_Neuron
30510,921,Astro-Epen
30511,938,Immune
30512,914,Excitatory_Neuron
30513,839,Vascular
30514,857,Vascular
30515,844,Excitatory_Neuron
30516,834,Excitatory_Neuron
30517,834,Excitatory_Neuron
30518,800,Excitatory_Neuron
30519,845,Excitatory_Neuron
30520,803,Excitatory_Neuron
30521,805,Immune
30522,806,Excitatory_Neuron
30523,808,Excitatory_Neuron
30524,842,Excitatory_Neuron
30525,813,Excitatory_Neuron
30526,898,Excitatory_Neuron
30527,820,Excitatory_Neuron
30528,822,Excitatory_Neuron
30529,827,Excitatory_Neuron
30530,827,Excitatory_Neuron
30531,856,Astro-Epen
30532,914,Excitatory_Neuron
30533,938,Immune
30534,839,Vascular
30535,833,Excitatory_Neuron
30536,858,Excitatory_Neuron
30537,858,Excitatory_Neuron
30538,912,Excitatory_Neuron
30539,800,Excitatory_Neuron
30540,849,Astro-Epen
30541,893,Excitatory_Neuron
30542,808,Excitatory_Neuron
30543,950,unassigned
30544,813,Excitatory_Neuron
30545,814,Excitatory_Neuron
30546,816,Excitatory_Neuron
30547,816,Excitatory_Neuron
30548,818,Excitatory_Neuron
30549,901,Excitatory_Neuron
30550,932,Excitatory_Neuron
30551,822,Excitatory_Neuron
30552,815,Excitatory_Neuron
30553,815,Excitatory_Neuron
30554,824,Excitatory_Neuron
30555,822,Excitatory_Neuron
30556,906,Vascular
30557,921,Astro-Epen
30558,921,Astro-Epen
30559,825,Astro-Epen
30560,857,Vascular
30561,844,Excitatory_Neuron
30562,796,Excitatory_Neuron
30563,797,Immune
30564,912,Excitatory_Neuron
30565,939,Excitatory_Neuron
30566,858,Excitatory_Neuron
30567,803,Excitatory_Neuron
30568,912,Excitatory_Neuron
30569,845,Excitatory_Neuron
30570,803,Excitatory_Neuron
30571,801,Excitatory_Neuron
30572,951,unassigned
30573,818,Excitatory_Neuron
30574,842,Excitatory_Neuron
30575,816,Excitatory_Neuron
30576,821,Excitatory_Neuron
30577,824,Excitatory_Neuron
30578,824,Excitatory_Neuron
30579,820,Excitatory_Neuron
30580,822,Excitatory_Neuron
30581,820,Excitatory_Neuron
30582,906,Vascular
30583,824,Excitatory_Neuron
30584,822,Excitatory_Neuron
30585,880,Excitatory_Neuron
30586,855,Excitatory_Neuron
30587,828,unassigned
30588,822,Excitatory_Neuron
30589,825,Astro-Epen
30590,921,Astro-Epen
30591,862,Astro-Epen
30592,830,Excitatory_Neuron
30593,857,Vascular
30594,857,Vascular
30595,796,Excitatory_Neuron
30596,805,Immune
30597,806,Excitatory_Neuron
30598,806,Excitatory_Neuron
30599,950,unassigned
30600,814,Excitatory_Neuron
30601,931,unassigned
30602,816,Excitatory_Neuron
30603,816,Excitatory_Neuron
30604,852,Excitatory_Neuron
30605,820,Excitatory_Neuron
30606,902,Astro-Epen
30607,837,Immune
30608,839,Vascular
30609,794,Excitatory_Neuron
30610,831,Immune
30611,952,unassigned
30612,874,Excitatory_Neuron
30613,834,Excitatory_Neuron
30614,874,Excitatory_Neuron
30615,858,Excitatory_Neuron
30616,874,Excitatory_Neuron
30617,801,Excitatory_Neuron
30618,803,Excitatory_Neuron
30619,945,unassigned
30620,814,Excitatory_Neuron
30621,806,Excitatory_Neuron
30622,877,Excitatory_Neuron
30623,901,Excitatory_Neuron
30624,842,Excitatory_Neuron
30625,816,Excitatory_Neuron
30626,816,Excitatory_Neuron
30627,817,Excitatory_Neuron
30628,877,Excitatory_Neuron
30629,822,Excitatory_Neuron
30630,870,unassigned
30631,856,Astro-Epen
30632,862,Astro-Epen
30633,946,unassigned
30634,924,unassigned
30635,831,Immune
30636,914,Excitatory_Neuron
30637,831,Immune
30638,837,Immune
30639,839,Vascular
30640,837,Immune
30641,874,Excitatory_Neuron
30642,844,Excitatory_Neuron
30643,874,Excitatory_Neuron
30644,833,Excitatory_Neuron
30645,834,Excitatory_Neuron
30646,800,Excitatory_Neuron
30647,800,Excitatory_Neuron
30648,805,Immune
30649,893,Excitatory_Neuron
30650,893,Excitatory_Neuron
30651,842,Excitatory_Neuron
30652,877,Excitatory_Neuron
30653,822,Excitatory_Neuron
30654,902,Astro-Epen
30655,820,Excitatory_Neuron
30656,855,Excitatory_Neuron
30657,953,GABA_Neuron
30658,825,Astro-Epen
30659,870,unassigned
30660,862,Astro-Epen
30661,924,unassigned
30662,830,Excitatory_Neuron
30663,837,Immune
30664,794,Excitatory_Neuron
30665,794,Excitatory_Neuron
30666,796,Excitatory_Neuron
30667,796,Excitatory_Neuron
30668,800,Excitatory_Neuron
30669,799,Immune
30670,805,Immune
30671,947,Excitatory_Neuron
30672,817,Excitatory_Neuron
30673,815,Excitatory_Neuron
30674,821,Excitatory_Neuron
30675,824,Excitatory_Neuron
30676,820,Excitatory_Neuron
30677,821,Excitatory_Neuron
30678,942,Excitatory_Neuron
30679,827,Excitatory_Neuron
30680,837,Immune
30681,837,Immune
30682,833,Excitatory_Neuron
30683,833,Excitatory_Neuron
30684,937,unassigned
30685,799,Immune
30686,937,unassigned
30687,863,Excitatory_Neuron
30688,912,Excitatory_Neuron
30689,863,Excitatory_Neuron
30690,845,Excitatory_Neuron
30691,940,unassigned
30692,801,Excitatory_Neuron
30693,800,Excitatory_Neuron
30694,803,Excitatory_Neuron
30695,865,Excitatory_Neuron
30696,893,Excitatory_Neuron
30697,806,Excitatory_Neuron
30698,805,Immune
30699,818,Excitatory_Neuron
30700,818,Excitatory_Neuron
30701,816,Excitatory_Neuron
30702,842,Excitatory_Neuron
30703,842,Excitatory_Neuron
30704,901,Excitatory_Neuron
30705,954,unassigned
30706,816,Excitatory_Neuron
30707,898,Excitatory_Neuron
30708,822,Excitatory_Neuron
30709,898,Excitatory_Neuron
30710,822,Excitatory_Neuron
30711,828,unassigned
30712,855,Excitatory_Neuron
30713,861,unassigned
30714,938,Immune
30715,800,Excitatory_Neuron
30716,863,Excitatory_Neuron
30717,858,Excitatory_Neuron
30718,803,Excitatory_Neuron
30719,806,Excitatory_Neuron
30720,842,Excitatory_Neuron
30721,813,Excitatory_Neuron
30722,932,Excitatory_Neuron
30723,932,Excitatory_Neuron
30724,818,Excitatory_Neuron
30725,922,unassigned
30726,913,unassigned
30727,822,Excitatory_Neuron
30728,822,Excitatory_Neuron
30729,822,Excitatory_Neuron
30730,906,Vascular
30731,820,Excitatory_Neuron
30732,855,Excitatory_Neuron
30733,855,Excitatory_Neuron
30734,825,Astro-Epen
30735,862,Astro-Epen
30736,918,unassigned
30737,837,Immune
30738,874,Excitatory_Neuron
30739,834,Excitatory_Neuron
30740,844,Excitatory_Neuron
30741,799,Immune
30742,798,GABA_Neuron
30743,912,Excitatory_Neuron
30744,801,Excitatory_Neuron
30745,805,Immune
30746,805,Immune
30747,805,Immune
30748,805,Immune
30749,865,Excitatory_Neuron
30750,842,Excitatory_Neuron
30751,944,unassigned
30752,816,Excitatory_Neuron
30753,816,Excitatory_Neuron
30754,932,Excitatory_Neuron
30755,955,Excitatory_Neuron
30756,902,Astro-Epen
30757,825,Astro-Epen
30758,956,Excitatory_Neuron
30759,938,Immune
30760,918,unassigned
30761,857,Vascular
30762,857,Vascular
30763,874,Excitatory_Neuron
30764,890,Excitatory_Neuron
30765,796,Excitatory_Neuron
30766,833,Excitatory_Neuron
30767,858,Excitatory_Neuron
30768,888,unassigned
30769,912,Excitatory_Neuron
30770,858,Excitatory_Neuron
30771,805,Immune
30772,951,unassigned
30773,865,Excitatory_Neuron
30774,842,Excitatory_Neuron
30775,812,GABA_Neuron
30776,813,Excitatory_Neuron
30777,813,Excitatory_Neuron
30778,813,Excitatory_Neuron
30779,815,Excitatory_Neuron
30780,815,Excitatory_Neuron
30781,906,Vascular
30782,880,Excitatory_Neuron
30783,906,Vascular
30784,825,Astro-Epen
30785,924,unassigned
30786,957,unassigned
30787,794,Excitatory_Neuron
30788,938,Immune
30789,839,Vascular
30790,848,unassigned
30791,958,unassigned
30792,799,Immune
30793,796,Excitatory_Neuron
30794,900,unassigned
30795,849,Astro-Epen
30796,817,Excitatory_Neuron
30797,805,Immune
30798,842,Excitatory_Neuron
30799,842,Excitatory_Neuron
30800,852,Excitatory_Neuron
30801,816,Excitatory_Neuron
30802,852,Excitatory_Neuron
30803,852,Excitatory_Neuron
30804,902,Astro-Epen
30805,822,Excitatory_Neuron
30806,822,Excitatory_Neuron
30807,921,Astro-Epen
30808,953,GABA_Neuron
30809,822,Excitatory_Neuron
30810,822,Excitatory_Neuron
30811,921,Astro-Epen
30812,830,Excitatory_Neuron
30813,938,Immune
30814,959,unassigned
30815,837,Immune
30816,857,Vascular
30817,863,Excitatory_Neuron
30818,801,Excitatory_Neuron
30819,800,Excitatory_Neuron
30820,805,Immune
30821,805,Immune
30822,806,Excitatory_Neuron
30823,814,Excitatory_Neuron
30824,812,GABA_Neuron
30825,842,Excitatory_Neuron
30826,817,Excitatory_Neuron
30827,931,unassigned
30828,818,Excitatory_Neuron
30829,818,Excitatory_Neuron
30830,818,Excitatory_Neuron
30831,852,Excitatory_Neuron
30832,877,Excitatory_Neuron
30833,877,Excitatory_Neuron
30834,822,Excitatory_Neuron
30835,820,Excitatory_Neuron
30836,822,Excitatory_Neuron
30837,906,Vascular
30838,822,Excitatory_Neuron
30839,827,Excitatory_Neuron
30840,942,Excitatory_Neuron
30841,839,Vascular
30842,854,Immune
30843,938,Immune
30844,844,Excitatory_Neuron
30845,833,Excitatory_Neuron
30846,937,unassigned
30847,844,Excitatory_Neuron
30848,941,Excitatory_Neuron
30849,798,GABA_Neuron
30850,800,Excitatory_Neuron
30851,941,Excitatory_Neuron
30852,814,Excitatory_Neuron
30853,814,Excitatory_Neuron
30854,893,Excitatory_Neuron
30855,805,Immune
30856,877,Excitatory_Neuron
30857,846,Excitatory_Neuron
30858,821,Excitatory_Neuron
30859,822,Excitatory_Neuron
30860,825,Astro-Epen
30861,946,unassigned
30862,857,Vascular
30863,795,Excitatory_Neuron
30864,874,Excitatory_Neuron
30865,796,Excitatory_Neuron
30866,833,Excitatory_Neuron
30867,800,Excitatory_Neuron
30868,799,Immune
30869,941,Excitatory_Neuron
30870,803,Excitatory_Neuron
30871,803,Excitatory_Neuron
30872,805,Immune
30873,814,Excitatory_Neuron
30874,805,Immune
30875,806,Excitatory_Neuron
30876,865,Excitatory_Neuron
30877,922,unassigned
30878,877,Excitatory_Neuron
30879,815,Excitatory_Neuron
30880,822,Excitatory_Neuron
30881,922,unassigned
30882,820,Excitatory_Neuron
30883,956,Excitatory_Neuron
30884,829,Excitatory_Neuron
30885,946,unassigned
30886,830,Excitatory_Neuron
30887,834,Excitatory_Neuron
30888,833,Excitatory_Neuron
30889,874,Excitatory_Neuron
30890,863,Excitatory_Neuron
30891,845,Excitatory_Neuron
30892,863,Excitatory_Neuron
30893,805,Immune
30894,805,Immune
30895,814,Excitatory_Neuron
30896,817,Excitatory_Neuron
30897,842,Excitatory_Neuron
30898,818,Excitatory_Neuron
30899,818,Excitatory_Neuron
30900,821,Excitatory_Neuron
30901,820,Excitatory_Neuron
30902,875,Astro-Epen
30903,921,Astro-Epen
30904,855,Excitatory_Neuron
30905,830,Excitatory_Neuron
30906,862,Astro-Epen
30907,837,Immune
30908,831,Immune
30909,857,Vascular
30910,839,Vascular
30911,839,Vascular
30912,848,unassigned
30913,890,Excitatory_Neuron
30914,797,Immune
30915,863,Excitatory_Neuron
30916,799,Immune
30917,798,GABA_Neuron
30918,912,Excitatory_Neuron
30919,845,Excitatory_Neuron
30920,803,Excitatory_Neuron
30921,801,Excitatory_Neuron
30922,951,unassigned
30923,806,Excitatory_Neuron
30924,865,Excitatory_Neuron
30925,813,Excitatory_Neuron
30926,877,Excitatory_Neuron
30927,901,Excitatory_Neuron
30928,813,Excitatory_Neuron
30929,818,Excitatory_Neuron
30930,822,Excitatory_Neuron
30931,827,Excitatory_Neuron
30932,828,unassigned
30933,829,Excitatory_Neuron
30934,837,Immune
30935,918,unassigned
30936,914,Excitatory_Neuron
30937,938,Immune
30938,857,Vascular
30939,839,Vascular
30940,794,Excitatory_Neuron
30941,795,Excitatory_Neuron
30942,874,Excitatory_Neuron
30943,858,Excitatory_Neuron
30944,941,Excitatory_Neuron
30945,863,Excitatory_Neuron
30946,941,Excitatory_Neuron
30947,805,Immune
30948,893,Excitatory_Neuron
30949,805,Immune
30950,842,Excitatory_Neuron
30951,842,Excitatory_Neuron
30952,813,Excitatory_Neuron
30953,816,Excitatory_Neuron
30954,818,Excitatory_Neuron
30955,818,Excitatory_Neuron
30956,932,Excitatory_Neuron
30957,822,Excitatory_Neuron
30958,921,Astro-Epen
30959,956,Excitatory_Neuron
30960,827,Excitatory_Neuron
30961,853,GABA_Neuron
30962,829,Excitatory_Neuron
30963,960,unassigned
30964,831,Immune
30965,938,Immune
30966,794,Excitatory_Neuron
30967,795,Excitatory_Neuron
30968,854,Immune
30969,797,Immune
30970,795,Excitatory_Neuron
30971,874,Excitatory_Neuron
30972,795,Excitatory_Neuron
30973,858,Excitatory_Neuron
30974,890,Excitatory_Neuron
30975,803,Excitatory_Neuron
30976,863,Excitatory_Neuron
30977,803,Excitatory_Neuron
30978,805,Immune
30979,805,Immune
30980,813,Excitatory_Neuron
30981,842,Excitatory_Neuron
30982,901,Excitatory_Neuron
30983,818,Excitatory_Neuron
30984,815,Excitatory_Neuron
30985,822,Excitatory_Neuron
30986,828,unassigned
30987,942,Excitatory_Neuron
30988,938,Immune
30989,938,Immune
30990,837,Immune
30991,938,Immune
30992,958,unassigned
30993,848,unassigned
30994,874,Excitatory_Neuron
30995,863,Excitatory_Neuron
30996,845,Excitatory_Neuron
30997,803,Excitatory_Neuron
30998,845,Excitatory_Neuron
30999,801,Excitatory_Neuron
31000,800,Excitatory_Neuron
31001,805,Immune
31002,817,Excitatory_Neuron
31003,846,Excitatory_Neuron
31004,901,Excitatory_Neuron
31005,818,Excitatory_Neuron
31006,815,Excitatory_Neuron
31007,822,Excitatory_Neuron
31008,820,Excitatory_Neuron
31009,822,Excitatory_Neuron
31010,825,Astro-Epen
31011,829,Excitatory_Neuron
31012,914,Excitatory_Neuron
31013,837,Immune
31014,831,Immune
31015,837,Immune
31016,844,Excitatory_Neuron
31017,796,Excitatory_Neuron
31018,833,Excitatory_Neuron
31019,858,Excitatory_Neuron
31020,833,Excitatory_Neuron
31021,941,Excitatory_Neuron
31022,814,Excitatory_Neuron
31023,865,Excitatory_Neuron
31024,814,Excitatory_Neuron
31025,813,Excitatory_Neuron
31026,817,Excitatory_Neuron
31027,817,Excitatory_Neuron
31028,818,Excitatory_Neuron
31029,846,Excitatory_Neuron
31030,824,Excitatory_Neuron
31031,906,Vascular
31032,898,Excitatory_Neuron
31033,856,Astro-Epen
31034,831,Immune
31035,848,unassigned
31036,889,Excitatory_Neuron
31037,874,Excitatory_Neuron
31038,874,Excitatory_Neuron
31039,844,Excitatory_Neuron
31040,796,Excitatory_Neuron
31041,796,Excitatory_Neuron
31042,900,unassigned
31043,863,Excitatory_Neuron
31044,803,Excitatory_Neuron
31045,805,Immune
31046,947,Excitatory_Neuron
31047,814,Excitatory_Neuron
31048,814,Excitatory_Neuron
31049,813,Excitatory_Neuron
31050,815,Excitatory_Neuron
31051,822,Excitatory_Neuron
31052,822,Excitatory_Neuron
31053,822,Excitatory_Neuron
31054,898,Excitatory_Neuron
31055,961,unassigned
31056,825,Astro-Epen
31057,827,Excitatory_Neuron
31058,856,Astro-Epen
31059,837,Immune
31060,857,Vascular
31061,839,Vascular
31062,839,Vascular
31063,874,Excitatory_Neuron
31064,844,Excitatory_Neuron
31065,796,Excitatory_Neuron
31066,800,Excitatory_Neuron
31067,803,Excitatory_Neuron
31068,865,Excitatory_Neuron
31069,814,Excitatory_Neuron
31070,808,Excitatory_Neuron
31071,842,Excitatory_Neuron
31072,877,Excitatory_Neuron
31073,962,Excitatory_Neuron
31074,846,Excitatory_Neuron
31075,932,Excitatory_Neuron
31076,932,Excitatory_Neuron
31077,821,Excitatory_Neuron
31078,822,Excitatory_Neuron
31079,824,Excitatory_Neuron
31080,822,Excitatory_Neuron
31081,898,Excitatory_Neuron
31082,820,Excitatory_Neuron
31083,822,Excitatory_Neuron
31084,906,Vascular
31085,956,Excitatory_Neuron
31086,880,Excitatory_Neuron
31087,829,Excitatory_Neuron
31088,839,Vascular
31089,890,Excitatory_Neuron
31090,800,Excitatory_Neuron
31091,941,Excitatory_Neuron
31092,845,Excitatory_Neuron
31093,806,Excitatory_Neuron
31094,805,Immune
31095,817,Excitatory_Neuron
31096,852,Excitatory_Neuron
31097,877,Excitatory_Neuron
31098,815,Excitatory_Neuron
31099,815,Excitatory_Neuron
31100,906,Vascular
31101,828,unassigned
31102,827,Excitatory_Neuron
31103,956,Excitatory_Neuron
31104,827,Excitatory_Neuron
31105,854,Immune
31106,837,Immune
31107,874,Excitatory_Neuron
31108,848,unassigned
31109,796,Excitatory_Neuron
31110,844,Excitatory_Neuron
31111,796,Excitatory_Neuron
31112,858,Excitatory_Neuron
31113,803,Excitatory_Neuron
31114,941,Excitatory_Neuron
31115,803,Excitatory_Neuron
31116,805,Immune
31117,805,Immune
31118,805,Immune
31119,893,Excitatory_Neuron
31120,814,Excitatory_Neuron
31121,814,Excitatory_Neuron
31122,817,Excitatory_Neuron
31123,818,Excitatory_Neuron
31124,932,Excitatory_Neuron
31125,821,Excitatory_Neuron
31126,821,Excitatory_Neuron
31127,824,Excitatory_Neuron
31128,822,Excitatory_Neuron
31129,822,Excitatory_Neuron
31130,824,Excitatory_Neuron
31131,898,Excitatory_Neuron
31132,827,Excitatory_Neuron
31133,942,Excitatory_Neuron
31134,880,Excitatory_Neuron
31135,827,Excitatory_Neuron
31136,837,Immune
31137,848,unassigned
31138,857,Vascular
31139,833,Excitatory_Neuron
31140,844,Excitatory_Neuron
31141,796,Excitatory_Neuron
31142,799,Immune
31143,863,Excitatory_Neuron
31144,863,Excitatory_Neuron
31145,845,Excitatory_Neuron
31146,800,Excitatory_Neuron
31147,805,Immune
31148,805,Immune
31149,813,Excitatory_Neuron
31150,805,Immune
31151,818,Excitatory_Neuron
31152,814,Excitatory_Neuron
31153,954,unassigned
31154,822,Excitatory_Neuron
31155,820,Excitatory_Neuron
31156,906,Vascular
31157,926,unassigned
31158,829,Excitatory_Neuron
31159,829,Excitatory_Neuron
31160,837,Immune
31161,796,Excitatory_Neuron
31162,795,Excitatory_Neuron
31163,799,Immune
31164,798,GABA_Neuron
31165,863,Excitatory_Neuron
31166,805,Immune
31167,805,Immune
31168,817,Excitatory_Neuron
31169,816,Excitatory_Neuron
31170,817,Excitatory_Neuron
31171,820,Excitatory_Neuron
31172,955,Excitatory_Neuron
31173,955,Excitatory_Neuron
31174,820,Excitatory_Neuron
31175,898,Excitatory_Neuron
31176,906,Vascular
31177,825,Astro-Epen
31178,956,Excitatory_Neuron
31179,862,Astro-Epen
31180,946,unassigned
31181,854,Immune
31182,837,Immune
31183,938,Immune
31184,839,Vascular
31185,797,Immune
31186,857,Vascular
31187,837,Immune
31188,797,Immune
31189,833,Excitatory_Neuron
31190,863,Excitatory_Neuron
31191,803,Excitatory_Neuron
31192,801,Excitatory_Neuron
31193,901,Excitatory_Neuron
31194,898,Excitatory_Neuron
31195,815,Excitatory_Neuron
31196,824,Excitatory_Neuron
31197,821,Excitatory_Neuron
31198,898,Excitatory_Neuron
31199,828,unassigned
31200,894,unassigned
31201,829,Excitatory_Neuron
31202,914,Excitatory_Neuron
31203,958,unassigned
31204,848,unassigned
31205,797,Immune
31206,890,Excitatory_Neuron
31207,858,Excitatory_Neuron
31208,858,Excitatory_Neuron
31209,805,Immune
31210,801,Excitatory_Neuron
31211,800,Excitatory_Neuron
31212,947,Excitatory_Neuron
31213,951,unassigned
31214,817,Excitatory_Neuron
31215,818,Excitatory_Neuron
31216,813,Excitatory_Neuron
31217,818,Excitatory_Neuron
31218,818,Excitatory_Neuron
31219,954,unassigned
31220,815,Excitatory_Neuron
31221,932,Excitatory_Neuron
31222,898,Excitatory_Neuron
31223,822,Excitatory_Neuron
31224,898,Excitatory_Neuron
31225,898,Excitatory_Neuron
31226,942,Excitatory_Neuron
31227,880,Excitatory_Neuron
31228,831,Immune
31229,848,unassigned
31230,844,Excitatory_Neuron
31231,796,Excitatory_Neuron
31232,900,unassigned
31233,941,Excitatory_Neuron
31234,805,Immune
31235,814,Excitatory_Neuron
31236,805,Immune
31237,805,Immune
31238,814,Excitatory_Neuron
31239,842,Excitatory_Neuron
31240,931,unassigned
31241,962,Excitatory_Neuron
31242,963,unassigned
31243,846,Excitatory_Neuron
31244,815,Excitatory_Neuron
31245,824,Excitatory_Neuron
31246,822,Excitatory_Neuron
31247,880,Excitatory_Neuron
31248,870,unassigned
31249,938,Immune
31250,938,Immune
31251,795,Excitatory_Neuron
31252,874,Excitatory_Neuron
31253,889,Excitatory_Neuron
31254,964,unassigned
31255,858,Excitatory_Neuron
31256,845,Excitatory_Neuron
31257,930,Excitatory_Neuron
31258,940,unassigned
31259,912,Excitatory_Neuron
31260,805,Immune
31261,893,Excitatory_Neuron
31262,805,Immune
31263,805,Immune
31264,865,Excitatory_Neuron
31265,901,Excitatory_Neuron
31266,815,Excitatory_Neuron
31267,822,Excitatory_Neuron
31268,822,Excitatory_Neuron
31269,822,Excitatory_Neuron
31270,906,Vascular
31271,827,Excitatory_Neuron
31272,961,unassigned
31273,965,unassigned
31274,914,Excitatory_Neuron
31275,837,Immune
31276,831,Immune
31277,831,Immune
31278,797,Immune
31279,844,Excitatory_Neuron
31280,890,Excitatory_Neuron
31281,796,Excitatory_Neuron
31282,939,Excitatory_Neuron
31283,912,Excitatory_Neuron
31284,863,Excitatory_Neuron
31285,930,Excitatory_Neuron
31286,813,Excitatory_Neuron
31287,817,Excitatory_Neuron
31288,814,Excitatory_Neuron
31289,966,unassigned
31290,817,Excitatory_Neuron
31291,815,Excitatory_Neuron
31292,815,Excitatory_Neuron
31293,818,Excitatory_Neuron
31294,815,Excitatory_Neuron
31295,821,Excitatory_Neuron
31296,957,unassigned
31297,946,unassigned
31298,795,Excitatory_Neuron
31299,797,Immune
31300,844,Excitatory_Neuron
31301,844,Excitatory_Neuron
31302,799,Immune
31303,939,Excitatory_Neuron
31304,912,Excitatory_Neuron
31305,863,Excitatory_Neuron
31306,801,Excitatory_Neuron
31307,801,Excitatory_Neuron
31308,814,Excitatory_Neuron
31309,806,Excitatory_Neuron
31310,877,Excitatory_Neuron
31311,852,Excitatory_Neuron
31312,877,Excitatory_Neuron
31313,821,Excitatory_Neuron
31314,820,Excitatory_Neuron
31315,820,Excitatory_Neuron
31316,880,Excitatory_Neuron
31317,828,unassigned
31318,827,Excitatory_Neuron
31319,961,unassigned
31320,946,unassigned
31321,924,unassigned
31322,837,Immune
31323,844,Excitatory_Neuron
31324,890,Excitatory_Neuron
31325,939,Excitatory_Neuron
31326,798,GABA_Neuron
31327,799,Immune
31328,858,Excitatory_Neuron
31329,800,Excitatory_Neuron
31330,893,Excitatory_Neuron
31331,818,Excitatory_Neuron
31332,818,Excitatory_Neuron
31333,818,Excitatory_Neuron
31334,820,Excitatory_Neuron
31335,820,Excitatory_Neuron
31336,828,unassigned
31337,921,Astro-Epen
31338,906,Vascular
31339,880,Excitatory_Neuron
31340,956,Excitatory_Neuron
31341,961,unassigned
31342,830,Excitatory_Neuron
31343,938,Immune
31344,839,Vascular
31345,857,Vascular
31346,857,Vascular
31347,799,Immune
31348,858,Excitatory_Neuron
31349,799,Immune
31350,858,Excitatory_Neuron
31351,845,Excitatory_Neuron
31352,805,Immune
31353,865,Excitatory_Neuron
31354,813,Excitatory_Neuron
31355,818,Excitatory_Neuron
31356,962,Excitatory_Neuron
31357,815,Excitatory_Neuron
31358,846,Excitatory_Neuron
31359,898,Excitatory_Neuron
31360,818,Excitatory_Neuron
31361,815,Excitatory_Neuron
31362,942,Excitatory_Neuron
31363,880,Excitatory_Neuron
31364,918,unassigned
31365,938,Immune
31366,837,Immune
31367,844,Excitatory_Neuron
31368,845,Excitatory_Neuron
31369,940,unassigned
31370,845,Excitatory_Neuron
31371,947,Excitatory_Neuron
31372,803,Excitatory_Neuron
31373,947,Excitatory_Neuron
31374,806,Excitatory_Neuron
31375,805,Immune
31376,803,Excitatory_Neuron
31377,947,Excitatory_Neuron
31378,842,Excitatory_Neuron
31379,877,Excitatory_Neuron
31380,816,Excitatory_Neuron
31381,877,Excitatory_Neuron
31382,962,Excitatory_Neuron
31383,815,Excitatory_Neuron
31384,822,Excitatory_Neuron
31385,821,Excitatory_Neuron
31386,922,unassigned
31387,898,Excitatory_Neuron
31388,822,Excitatory_Neuron
31389,880,Excitatory_Neuron
31390,921,Astro-Epen
31391,894,unassigned
31392,874,Excitatory_Neuron
31393,799,Immune
31394,941,Excitatory_Neuron
31395,863,Excitatory_Neuron
31396,939,Excitatory_Neuron
31397,845,Excitatory_Neuron
31398,845,Excitatory_Neuron
31399,800,Excitatory_Neuron
31400,805,Immune
31401,893,Excitatory_Neuron
31402,817,Excitatory_Neuron
31403,877,Excitatory_Neuron
31404,877,Excitatory_Neuron
31405,818,Excitatory_Neuron
31406,818,Excitatory_Neuron
31407,898,Excitatory_Neuron
31408,815,Excitatory_Neuron
31409,824,Excitatory_Neuron
31410,922,unassigned
31411,880,Excitatory_Neuron
31412,921,Astro-Epen
31413,914,Excitatory_Neuron
31414,938,Immune
31415,839,Vascular
31416,837,Immune
31417,837,Immune
31418,890,Excitatory_Neuron
31419,890,Excitatory_Neuron
31420,833,Excitatory_Neuron
31421,799,Immune
31422,799,Immune
31423,800,Excitatory_Neuron
31424,858,Excitatory_Neuron
31425,805,Immune
31426,814,Excitatory_Neuron
31427,817,Excitatory_Neuron
31428,954,unassigned
31429,932,Excitatory_Neuron
31430,932,Excitatory_Neuron
31431,818,Excitatory_Neuron
31432,815,Excitatory_Neuron
31433,898,Excitatory_Neuron
31434,822,Excitatory_Neuron
31435,827,Excitatory_Neuron
31436,837,Immune
31437,854,Immune
31438,831,Immune
31439,837,Immune
31440,797,Immune
31441,844,Excitatory_Neuron
31442,797,Immune
31443,796,Excitatory_Neuron
31444,796,Excitatory_Neuron
31445,799,Immune
31446,900,unassigned
31447,863,Excitatory_Neuron
31448,805,Immune
31449,801,Excitatory_Neuron
31450,803,Excitatory_Neuron
31451,967,unassigned
31452,893,Excitatory_Neuron
31453,817,Excitatory_Neuron
31454,931,unassigned
31455,962,Excitatory_Neuron
31456,852,Excitatory_Neuron
31457,846,Excitatory_Neuron
31458,954,unassigned
31459,932,Excitatory_Neuron
31460,898,Excitatory_Neuron
31461,898,Excitatory_Neuron
31462,898,Excitatory_Neuron
31463,828,unassigned
31464,953,GABA_Neuron
31465,942,Excitatory_Neuron
31466,953,GABA_Neuron
31467,942,Excitatory_Neuron
31468,827,Excitatory_Neuron
31469,921,Astro-Epen
31470,965,unassigned
31471,914,Excitatory_Neuron
31472,839,Vascular
31473,797,Immune
31474,844,Excitatory_Neuron
31475,795,Excitatory_Neuron
31476,799,Immune
31477,890,Excitatory_Neuron
31478,890,Excitatory_Neuron
31479,858,Excitatory_Neuron
31480,900,unassigned
31481,941,Excitatory_Neuron
31482,939,Excitatory_Neuron
31483,939,Excitatory_Neuron
31484,863,Excitatory_Neuron
31485,805,Immune
31486,805,Immune
31487,805,Immune
31488,814,Excitatory_Neuron
31489,815,Excitatory_Neuron
31490,954,unassigned
31491,898,Excitatory_Neuron
31492,822,Excitatory_Neuron
31493,955,Excitatory_Neuron
31494,880,Excitatory_Neuron
31495,942,Excitatory_Neuron
31496,953,GABA_Neuron
31497,956,Excitatory_Neuron
31498,870,unassigned
31499,924,unassigned
31500,830,Excitatory_Neuron
31501,938,Immune
31502,794,Excitatory_Neuron
31503,837,Immune
31504,837,Immune
31505,794,Excitatory_Neuron
31506,833,Excitatory_Neuron
31507,858,Excitatory_Neuron
31508,939,Excitatory_Neuron
31509,863,Excitatory_Neuron
31510,805,Immune
31511,805,Immune
31512,801,Excitatory_Neuron
31513,945,unassigned
31514,951,unassigned
31515,947,Excitatory_Neuron
31516,813,Excitatory_Neuron
31517,813,Excitatory_Neuron
31518,963,unassigned
31519,817,Excitatory_Neuron
31520,932,Excitatory_Neuron
31521,898,Excitatory_Neuron
31522,968,Excitatory_Neuron
31523,822,Excitatory_Neuron
31524,956,Excitatory_Neuron
31525,921,Astro-Epen
31526,862,Astro-Epen
31527,857,Vascular
31528,839,Vascular
31529,874,Excitatory_Neuron
31530,799,Immune
31531,969,unassigned
31532,800,Excitatory_Neuron
31533,813,Excitatory_Neuron
31534,901,Excitatory_Neuron
31535,932,Excitatory_Neuron
31536,898,Excitatory_Neuron
31537,898,Excitatory_Neuron
31538,821,Excitatory_Neuron
31539,970,unassigned
31540,906,Vascular
31541,953,GABA_Neuron
31542,828,unassigned
31543,942,Excitatory_Neuron
31544,926,unassigned
31545,924,unassigned
31546,831,Immune
31547,837,Immune
31548,938,Immune
31549,938,Immune
31550,837,Immune
31551,833,Excitatory_Neuron
31552,858,Excitatory_Neuron
31553,939,Excitatory_Neuron
31554,939,Excitatory_Neuron
31555,858,Excitatory_Neuron
31556,805,Immune
31557,801,Excitatory_Neuron
31558,806,Excitatory_Neuron
31559,865,Excitatory_Neuron
31560,817,Excitatory_Neuron
31561,842,Excitatory_Neuron
31562,877,Excitatory_Neuron
31563,877,Excitatory_Neuron
31564,962,Excitatory_Neuron
31565,817,Excitatory_Neuron
31566,932,Excitatory_Neuron
31567,932,Excitatory_Neuron
31568,824,Excitatory_Neuron
31569,906,Vascular
31570,898,Excitatory_Neuron
31571,820,Excitatory_Neuron
31572,906,Vascular
31573,880,Excitatory_Neuron
31574,953,GABA_Neuron
31575,961,unassigned
31576,957,unassigned
31577,938,Immune
31578,938,Immune
31579,938,Immune
31580,796,Excitatory_Neuron
31581,795,Excitatory_Neuron
31582,844,Excitatory_Neuron
31583,890,Excitatory_Neuron
31584,799,Immune
31585,939,Excitatory_Neuron
31586,805,Immune
31587,803,Excitatory_Neuron
31588,893,Excitatory_Neuron
31589,805,Immune
31590,818,Excitatory_Neuron
31591,822,Excitatory_Neuron
31592,820,Excitatory_Neuron
31593,855,Excitatory_Neuron
31594,825,Astro-Epen
31595,924,unassigned
31596,831,Immune
31597,837,Immune
31598,795,Excitatory_Neuron
31599,844,Excitatory_Neuron
31600,844,Excitatory_Neuron
31601,797,Immune
31602,833,Excitatory_Neuron
31603,858,Excitatory_Neuron
31604,937,unassigned
31605,912,Excitatory_Neuron
31606,845,Excitatory_Neuron
31607,803,Excitatory_Neuron
31608,801,Excitatory_Neuron
31609,930,Excitatory_Neuron
31610,817,Excitatory_Neuron
31611,932,Excitatory_Neuron
31612,852,Excitatory_Neuron
31613,971,unassigned
31614,818,Excitatory_Neuron
31615,824,Excitatory_Neuron
31616,818,Excitatory_Neuron
31617,818,Excitatory_Neuron
31618,955,Excitatory_Neuron
31619,906,Vascular
31620,906,Vascular
31621,827,Excitatory_Neuron
31622,854,Immune
31623,857,Vascular
31624,844,Excitatory_Neuron
31625,833,Excitatory_Neuron
31626,858,Excitatory_Neuron
31627,799,Immune
31628,799,Immune
31629,939,Excitatory_Neuron
31630,803,Excitatory_Neuron
31631,805,Immune
31632,893,Excitatory_Neuron
31633,865,Excitatory_Neuron
31634,931,unassigned
31635,932,Excitatory_Neuron
31636,818,Excitatory_Neuron
31637,822,Excitatory_Neuron
31638,820,Excitatory_Neuron
31639,820,Excitatory_Neuron
31640,906,Vascular
31641,906,Vascular
31642,894,unassigned
31643,957,unassigned
31644,946,unassigned
31645,926,unassigned
31646,831,Immune
31647,837,Immune
31648,797,Immune
31649,848,unassigned
31650,796,Excitatory_Neuron
31651,937,unassigned
31652,969,unassigned
31653,858,Excitatory_Neuron
31654,941,Excitatory_Neuron
31655,814,Excitatory_Neuron
31656,805,Immune
31657,842,Excitatory_Neuron
31658,963,unassigned
31659,971,unassigned
31660,822,Excitatory_Neuron
31661,898,Excitatory_Neuron
31662,955,Excitatory_Neuron
31663,855,Excitatory_Neuron
31664,830,Excitatory_Neuron
31665,837,Immune
31666,874,Excitatory_Neuron
31667,797,Immune
31668,799,Immune
31669,799,Immune
31670,941,Excitatory_Neuron
31671,805,Immune
31672,805,Immune
31673,865,Excitatory_Neuron
31674,806,Excitatory_Neuron
31675,901,Excitatory_Neuron
31676,814,Excitatory_Neuron
31677,932,Excitatory_Neuron
31678,822,Excitatory_Neuron
31679,820,Excitatory_Neuron
31680,828,unassigned
31681,906,Vascular
31682,942,Excitatory_Neuron
31683,831,Immune
31684,831,Immune
31685,914,Excitatory_Neuron
31686,964,unassigned
31687,799,Immune
31688,800,Excitatory_Neuron
31689,803,Excitatory_Neuron
31690,801,Excitatory_Neuron
31691,803,Excitatory_Neuron
31692,947,Excitatory_Neuron
31693,877,Excitatory_Neuron
31694,932,Excitatory_Neuron
31695,815,Excitatory_Neuron
31696,822,Excitatory_Neuron
31697,824,Excitatory_Neuron
31698,972,unassigned
31699,961,unassigned
31700,831,Immune
31701,857,Vascular
31702,857,Vascular
31703,874,Excitatory_Neuron
31704,874,Excitatory_Neuron
31705,858,Excitatory_Neuron
31706,941,Excitatory_Neuron
31707,941,Excitatory_Neuron
31708,939,Excitatory_Neuron
31709,858,Excitatory_Neuron
31710,858,Excitatory_Neuron
31711,941,Excitatory_Neuron
31712,805,Immune
31713,805,Immune
31714,877,Excitatory_Neuron
31715,877,Excitatory_Neuron
31716,817,Excitatory_Neuron
31717,954,unassigned
31718,968,Excitatory_Neuron
31719,906,Vascular
31720,830,Excitatory_Neuron
31721,830,Excitatory_Neuron
31722,924,unassigned
31723,830,Excitatory_Neuron
31724,831,Immune
31725,837,Immune
31726,938,Immune
31727,904,GABA_Neuron
31728,844,Excitatory_Neuron
31729,844,Excitatory_Neuron
31730,833,Excitatory_Neuron
31731,799,Immune
31732,803,Excitatory_Neuron
31733,800,Excitatory_Neuron
31734,803,Excitatory_Neuron
31735,945,unassigned
31736,805,Immune
31737,821,Excitatory_Neuron
31738,822,Excitatory_Neuron
31739,955,Excitatory_Neuron
31740,821,Excitatory_Neuron
31741,955,Excitatory_Neuron
31742,828,unassigned
31743,906,Vascular
31744,880,Excitatory_Neuron
31745,830,Excitatory_Neuron
31746,973,unassigned
31747,974,unassigned
31748,854,Immune
31749,918,unassigned
31750,831,Immune
31751,839,Vascular
31752,837,Immune
31753,839,Vascular
31754,839,Vascular
31755,904,GABA_Neuron
31756,844,Excitatory_Neuron
31757,797,Immune
31758,858,Excitatory_Neuron
31759,874,Excitatory_Neuron
31760,858,Excitatory_Neuron
31761,833,Excitatory_Neuron
31762,797,Immune
31763,912,Excitatory_Neuron
31764,845,Excitatory_Neuron
31765,805,Immune
31766,805,Immune
31767,975,Excitatory_Neuron
31768,865,Excitatory_Neuron
31769,962,Excitatory_Neuron
31770,815,Excitatory_Neuron
31771,976,unassigned
31772,822,Excitatory_Neuron
31773,875,Astro-Epen
31774,906,Vascular
31775,953,GABA_Neuron
31776,828,unassigned
31777,957,unassigned
31778,914,Excitatory_Neuron
31779,854,Immune
31780,890,Excitatory_Neuron
31781,844,Excitatory_Neuron
31782,844,Excitatory_Neuron
31783,797,Immune
31784,799,Immune
31785,858,Excitatory_Neuron
31786,803,Excitatory_Neuron
31787,803,Excitatory_Neuron
31788,803,Excitatory_Neuron
31789,814,Excitatory_Neuron
31790,806,Excitatory_Neuron
31791,806,Excitatory_Neuron
31792,901,Excitatory_Neuron
31793,963,unassigned
31794,814,Excitatory_Neuron
31795,877,Excitatory_Neuron
31796,877,Excitatory_Neuron
31797,852,Excitatory_Neuron
31798,824,Excitatory_Neuron
31799,824,Excitatory_Neuron
31800,968,Excitatory_Neuron
31801,906,Vascular
31802,824,Excitatory_Neuron
31803,875,Astro-Epen
31804,862,Astro-Epen
31805,831,Immune
31806,837,Immune
31807,794,Excitatory_Neuron
31808,857,Vascular
31809,796,Excitatory_Neuron
31810,858,Excitatory_Neuron
31811,797,Immune
31812,797,Immune
31813,799,Immune
31814,939,Excitatory_Neuron
31815,912,Excitatory_Neuron
31816,941,Excitatory_Neuron
31817,801,Excitatory_Neuron
31818,842,Excitatory_Neuron
31819,817,Excitatory_Neuron
31820,814,Excitatory_Neuron
31821,852,Excitatory_Neuron
31822,815,Excitatory_Neuron
31823,820,Excitatory_Neuron
31824,827,Excitatory_Neuron
31825,942,Excitatory_Neuron
31826,827,Excitatory_Neuron
31827,830,Excitatory_Neuron
31828,854,Immune
31829,854,Immune
31830,839,Vascular
31831,837,Immune
31832,977,unassigned
31833,874,Excitatory_Neuron
31834,937,unassigned
31835,900,unassigned
31836,939,Excitatory_Neuron
31837,941,Excitatory_Neuron
31838,805,Immune
31839,801,Excitatory_Neuron
31840,813,Excitatory_Neuron
31841,818,Excitatory_Neuron
31842,817,Excitatory_Neuron
31843,815,Excitatory_Neuron
31844,821,Excitatory_Neuron
31845,955,Excitatory_Neuron
31846,906,Vascular
31847,854,Immune
31848,837,Immune
31849,837,Immune
31850,796,Excitatory_Neuron
31851,839,Vascular
31852,844,Excitatory_Neuron
31853,833,Excitatory_Neuron
31854,799,Immune
31855,941,Excitatory_Neuron
31856,858,Excitatory_Neuron
31857,945,unassigned
31858,947,Excitatory_Neuron
31859,805,Immune
31860,947,Excitatory_Neuron
31861,817,Excitatory_Neuron
31862,971,unassigned
31863,955,Excitatory_Neuron
31864,822,Excitatory_Neuron
31865,972,unassigned
31866,978,unassigned
31867,953,GABA_Neuron
31868,961,unassigned
31869,830,Excitatory_Neuron
31870,831,Immune
31871,831,Immune
31872,837,Immune
31873,938,Immune
31874,797,Immune
31875,844,Excitatory_Neuron
31876,874,Excitatory_Neuron
31877,833,Excitatory_Neuron
31878,890,Excitatory_Neuron
31879,937,unassigned
31880,799,Immune
31881,858,Excitatory_Neuron
31882,803,Excitatory_Neuron
31883,803,Excitatory_Neuron
31884,803,Excitatory_Neuron
31885,805,Immune
31886,803,Excitatory_Neuron
31887,930,Excitatory_Neuron
31888,805,Immune
31889,805,Immune
31890,817,Excitatory_Neuron
31891,820,Excitatory_Neuron
31892,968,Excitatory_Neuron
31893,821,Excitatory_Neuron
31894,822,Excitatory_Neuron
31895,875,Astro-Epen
31896,820,Excitatory_Neuron
31897,854,Immune
31898,839,Vascular
31899,795,Excitatory_Neuron
31900,799,Immune
31901,797,Immune
31902,937,unassigned
31903,939,Excitatory_Neuron
31904,803,Excitatory_Neuron
31905,842,Excitatory_Neuron
31906,877,Excitatory_Neuron
31907,821,Excitatory_Neuron
31908,824,Excitatory_Neuron
31909,875,Astro-Epen
31910,906,Vascular
31911,906,Vascular
31912,827,Excitatory_Neuron
31913,830,Excitatory_Neuron
31914,794,Excitatory_Neuron
31915,839,Vascular
31916,797,Immune
31917,857,Vascular
31918,890,Excitatory_Neuron
31919,890,Excitatory_Neuron
31920,941,Excitatory_Neuron
31921,941,Excitatory_Neuron
31922,941,Excitatory_Neuron
31923,801,Excitatory_Neuron
31924,801,Excitatory_Neuron
31925,805,Immune
31926,865,Excitatory_Neuron
31927,975,Excitatory_Neuron
31928,865,Excitatory_Neuron
31929,963,unassigned
31930,852,Excitatory_Neuron
31931,852,Excitatory_Neuron
31932,852,Excitatory_Neuron
31933,822,Excitatory_Neuron
31934,898,Excitatory_Neuron
31935,902,Astro-Epen
31936,820,Excitatory_Neuron
31937,822,Excitatory_Neuron
31938,906,Vascular
31939,822,Excitatory_Neuron
31940,898,Excitatory_Neuron
31941,906,Vascular
31942,953,GABA_Neuron
31943,942,Excitatory_Neuron
31944,856,Astro-Epen
31945,854,Immune
31946,839,Vascular
31947,958,unassigned
31948,890,Excitatory_Neuron
31949,969,unassigned
31950,939,Excitatory_Neuron
31951,800,Excitatory_Neuron
31952,803,Excitatory_Neuron
31953,803,Excitatory_Neuron
31954,803,Excitatory_Neuron
31955,805,Immune
31956,806,Excitatory_Neuron
31957,975,Excitatory_Neuron
31958,814,Excitatory_Neuron
31959,815,Excitatory_Neuron
31960,816,Excitatory_Neuron
31961,815,Excitatory_Neuron
31962,852,Excitatory_Neuron
31963,820,Excitatory_Neuron
31964,875,Astro-Epen
31965,820,Excitatory_Neuron
31966,906,Vascular
31967,820,Excitatory_Neuron
31968,942,Excitatory_Neuron
31969,825,Astro-Epen
31970,827,Excitatory_Neuron
31971,938,Immune
31972,854,Immune
31973,795,Excitatory_Neuron
31974,795,Excitatory_Neuron
31975,797,Immune
31976,799,Immune
31977,900,unassigned
31978,912,Excitatory_Neuron
31979,941,Excitatory_Neuron
31980,805,Immune
31981,932,Excitatory_Neuron
31982,816,Excitatory_Neuron
31983,968,Excitatory_Neuron
31984,968,Excitatory_Neuron
31985,822,Excitatory_Neuron
31986,955,Excitatory_Neuron
31987,970,unassigned
31988,955,Excitatory_Neuron
31989,820,Excitatory_Neuron
31990,875,Astro-Epen
31991,827,Excitatory_Neuron
31992,856,Astro-Epen
31993,862,Astro-Epen
31994,862,Astro-Epen
31995,857,Vascular
31996,914,Excitatory_Neuron
31997,844,Excitatory_Neuron
31998,833,Excitatory_Neuron
31999,797,Immune
32000,939,Excitatory_Neuron
32001,858,Excitatory_Neuron
32002,941,Excitatory_Neuron
32003,805,Immune
32004,805,Immune
32005,813,Excitatory_Neuron
32006,971,unassigned
32007,968,Excitatory_Neuron
32008,971,unassigned
32009,824,Excitatory_Neuron
32010,906,Vascular
32011,942,Excitatory_Neuron
32012,822,Excitatory_Neuron
32013,953,GABA_Neuron
32014,902,Astro-Epen
32015,942,Excitatory_Neuron
32016,880,Excitatory_Neuron
32017,956,Excitatory_Neuron
32018,827,Excitatory_Neuron
32019,830,Excitatory_Neuron
32020,854,Immune
32021,831,Immune
32022,857,Vascular
32023,904,GABA_Neuron
32024,939,Excitatory_Neuron
32025,939,Excitatory_Neuron
32026,930,Excitatory_Neuron
32027,814,Excitatory_Neuron
32028,805,Immune
32029,945,unassigned
32030,932,Excitatory_Neuron
32031,815,Excitatory_Neuron
32032,820,Excitatory_Neuron
32033,968,Excitatory_Neuron
32034,822,Excitatory_Neuron
32035,821,Excitatory_Neuron
32036,822,Excitatory_Neuron
32037,906,Vascular
32038,906,Vascular
32039,953,GABA_Neuron
32040,827,Excitatory_Neuron
32041,825,Astro-Epen
32042,829,Excitatory_Neuron
32043,946,unassigned
32044,946,unassigned
32045,794,Excitatory_Neuron
32046,958,unassigned
32047,794,Excitatory_Neuron
32048,904,GABA_Neuron
32049,958,unassigned
32050,796,Excitatory_Neuron
32051,796,Excitatory_Neuron
32052,874,Excitatory_Neuron
32053,833,Excitatory_Neuron
32054,874,Excitatory_Neuron
32055,797,Immune
32056,799,Immune
32057,939,Excitatory_Neuron
32058,912,Excitatory_Neuron
32059,858,Excitatory_Neuron
32060,858,Excitatory_Neuron
32061,930,Excitatory_Neuron
32062,805,Immune
32063,805,Immune
32064,865,Excitatory_Neuron
32065,805,Immune
32066,817,Excitatory_Neuron
32067,877,Excitatory_Neuron
32068,818,Excitatory_Neuron
32069,822,Excitatory_Neuron
32070,955,Excitatory_Neuron
32071,820,Excitatory_Neuron
32072,837,Immune
32073,839,Vascular
32074,837,Immune
32075,939,Excitatory_Neuron
32076,941,Excitatory_Neuron
32077,941,Excitatory_Neuron
32078,941,Excitatory_Neuron
32079,803,Excitatory_Neuron
32080,803,Excitatory_Neuron
32081,803,Excitatory_Neuron
32082,805,Immune
32083,805,Immune
32084,813,Excitatory_Neuron
32085,877,Excitatory_Neuron
32086,902,Astro-Epen
32087,956,Excitatory_Neuron
32088,965,unassigned
32089,837,Immune
32090,831,Immune
32091,831,Immune
32092,938,Immune
32093,837,Immune
32094,839,Vascular
32095,839,Vascular
32096,799,Immune
32097,874,Excitatory_Neuron
32098,858,Excitatory_Neuron
32099,833,Excitatory_Neuron
32100,833,Excitatory_Neuron
32101,858,Excitatory_Neuron
32102,858,Excitatory_Neuron
32103,912,Excitatory_Neuron
32104,912,Excitatory_Neuron
32105,863,Excitatory_Neuron
32106,945,unassigned
32107,865,Excitatory_Neuron
32108,877,Excitatory_Neuron
32109,813,Excitatory_Neuron
32110,852,Excitatory_Neuron
32111,877,Excitatory_Neuron
32112,877,Excitatory_Neuron
32113,852,Excitatory_Neuron
32114,852,Excitatory_Neuron
32115,815,Excitatory_Neuron
32116,979,unassigned
32117,820,Excitatory_Neuron
32118,970,unassigned
32119,824,Excitatory_Neuron
32120,855,Excitatory_Neuron
32121,827,Excitatory_Neuron
32122,830,Excitatory_Neuron
32123,938,Immune
32124,938,Immune
32125,958,unassigned
32126,845,Excitatory_Neuron
32127,805,Immune
32128,947,Excitatory_Neuron
32129,975,Excitatory_Neuron
32130,813,Excitatory_Neuron
32131,814,Excitatory_Neuron
32132,842,Excitatory_Neuron
32133,852,Excitatory_Neuron
32134,817,Excitatory_Neuron
32135,877,Excitatory_Neuron
32136,954,unassigned
32137,822,Excitatory_Neuron
32138,968,Excitatory_Neuron
32139,875,Astro-Epen
32140,822,Excitatory_Neuron
32141,822,Excitatory_Neuron
32142,820,Excitatory_Neuron
32143,820,Excitatory_Neuron
32144,822,Excitatory_Neuron
32145,953,GABA_Neuron
32146,902,Astro-Epen
32147,942,Excitatory_Neuron
32148,827,Excitatory_Neuron
32149,830,Excitatory_Neuron
32150,957,unassigned
32151,837,Immune
32152,938,Immune
32153,939,Excitatory_Neuron
32154,858,Excitatory_Neuron
32155,912,Excitatory_Neuron
32156,845,Excitatory_Neuron
32157,800,Excitatory_Neuron
32158,805,Immune
32159,803,Excitatory_Neuron
32160,877,Excitatory_Neuron
32161,818,Excitatory_Neuron
32162,815,Excitatory_Neuron
32163,822,Excitatory_Neuron
32164,955,Excitatory_Neuron
32165,821,Excitatory_Neuron
32166,970,unassigned
32167,942,Excitatory_Neuron
32168,956,Excitatory_Neuron
32169,862,Astro-Epen
32170,831,Immune
32171,938,Immune
32172,854,Immune
32173,794,Excitatory_Neuron
32174,958,unassigned
32175,890,Excitatory_Neuron
32176,890,Excitatory_Neuron
32177,858,Excitatory_Neuron
32178,939,Excitatory_Neuron
32179,863,Excitatory_Neuron
32180,941,Excitatory_Neuron
32181,803,Excitatory_Neuron
32182,800,Excitatory_Neuron
32183,801,Excitatory_Neuron
32184,945,unassigned
32185,893,Excitatory_Neuron
32186,893,Excitatory_Neuron
32187,806,Excitatory_Neuron
32188,806,Excitatory_Neuron
32189,805,Immune
32190,813,Excitatory_Neuron
32191,842,Excitatory_Neuron
32192,815,Excitatory_Neuron
32193,817,Excitatory_Neuron
32194,815,Excitatory_Neuron
32195,852,Excitatory_Neuron
32196,815,Excitatory_Neuron
32197,824,Excitatory_Neuron
32198,824,Excitatory_Neuron
32199,822,Excitatory_Neuron
32200,820,Excitatory_Neuron
32201,953,GABA_Neuron
32202,811,unassigned
32203,978,unassigned
32204,965,unassigned
32205,973,unassigned
32206,829,Excitatory_Neuron
32207,862,Astro-Epen
32208,924,unassigned
32209,837,Immune
32210,857,Vascular
32211,890,Excitatory_Neuron
32212,958,unassigned
32213,939,Excitatory_Neuron
32214,803,Excitatory_Neuron
32215,863,Excitatory_Neuron
32216,799,Immune
32217,893,Excitatory_Neuron
32218,814,Excitatory_Neuron
32219,818,Excitatory_Neuron
32220,818,Excitatory_Neuron
32221,842,Excitatory_Neuron
32222,842,Excitatory_Neuron
32223,877,Excitatory_Neuron
32224,975,Excitatory_Neuron
32225,877,Excitatory_Neuron
32226,852,Excitatory_Neuron
32227,932,Excitatory_Neuron
32228,822,Excitatory_Neuron
32229,955,Excitatory_Neuron
32230,906,Vascular
32231,902,Astro-Epen
32232,902,Astro-Epen
32233,880,Excitatory_Neuron
32234,938,Immune
32235,837,Immune
32236,857,Vascular
32237,799,Immune
32238,939,Excitatory_Neuron
32239,912,Excitatory_Neuron
32240,803,Excitatory_Neuron
32241,980,unassigned
32242,803,Excitatory_Neuron
32243,805,Immune
32244,817,Excitatory_Neuron
32245,813,Excitatory_Neuron
32246,814,Excitatory_Neuron
32247,932,Excitatory_Neuron
32248,877,Excitatory_Neuron
32249,971,unassigned
32250,971,unassigned
32251,955,Excitatory_Neuron
32252,902,Astro-Epen
32253,902,Astro-Epen
32254,942,Excitatory_Neuron
32255,956,Excitatory_Neuron
32256,830,Excitatory_Neuron
32257,973,unassigned
32258,938,Immune
32259,857,Vascular
32260,938,Immune
32261,837,Immune
32262,839,Vascular
32263,937,unassigned
32264,844,Excitatory_Neuron
32265,799,Immune
32266,941,Excitatory_Neuron
32267,845,Excitatory_Neuron
32268,801,Excitatory_Neuron
32269,818,Excitatory_Neuron
32270,817,Excitatory_Neuron
32271,805,Immune
32272,932,Excitatory_Neuron
32273,979,unassigned
32274,822,Excitatory_Neuron
32275,880,Excitatory_Neuron
32276,973,unassigned
32277,946,unassigned
32278,831,Immune
32279,795,Excitatory_Neuron
32280,938,Immune
32281,795,Excitatory_Neuron
32282,839,Vascular
32283,797,Immune
32284,795,Excitatory_Neuron
32285,977,unassigned
32286,937,unassigned
32287,799,Immune
32288,912,Excitatory_Neuron
32289,863,Excitatory_Neuron
32290,912,Excitatory_Neuron
32291,940,unassigned
32292,800,Excitatory_Neuron
32293,845,Excitatory_Neuron
32294,801,Excitatory_Neuron
32295,800,Excitatory_Neuron
32296,912,Excitatory_Neuron
32297,803,Excitatory_Neuron
32298,893,Excitatory_Neuron
32299,815,Excitatory_Neuron
32300,932,Excitatory_Neuron
32301,818,Excitatory_Neuron
32302,877,Excitatory_Neuron
32303,877,Excitatory_Neuron
32304,968,Excitatory_Neuron
32305,971,unassigned
32306,822,Excitatory_Neuron
32307,827,Excitatory_Neuron
32308,942,Excitatory_Neuron
32309,956,Excitatory_Neuron
32310,856,Astro-Epen
32311,938,Immune
32312,796,Excitatory_Neuron
32313,937,unassigned
32314,858,Excitatory_Neuron
32315,803,Excitatory_Neuron
32316,845,Excitatory_Neuron
32317,893,Excitatory_Neuron
32318,945,unassigned
32319,805,Immune
32320,805,Immune
32321,981,unassigned
32322,975,Excitatory_Neuron
32323,805,Immune
32324,842,Excitatory_Neuron
32325,877,Excitatory_Neuron
32326,818,Excitatory_Neuron
32327,971,unassigned
32328,971,unassigned
32329,828,unassigned
32330,956,Excitatory_Neuron
32331,862,Astro-Epen
32332,827,Excitatory_Neuron
32333,946,unassigned
32334,939,Excitatory_Neuron
32335,941,Excitatory_Neuron
32336,801,Excitatory_Neuron
32337,865,Excitatory_Neuron
32338,877,Excitatory_Neuron
32339,975,Excitatory_Neuron
32340,877,Excitatory_Neuron
32341,817,Excitatory_Neuron
32342,971,unassigned
32343,822,Excitatory_Neuron
32344,902,Astro-Epen
32345,921,Astro-Epen
32346,914,Excitatory_Neuron
32347,982,unassigned
32348,938,Immune
32349,874,Excitatory_Neuron
32350,874,Excitatory_Neuron
32351,939,Excitatory_Neuron
32352,941,Excitatory_Neuron
32353,858,Excitatory_Neuron
32354,799,Immune
32355,983,unassigned
32356,800,Excitatory_Neuron
32357,967,unassigned
32358,817,Excitatory_Neuron
32359,818,Excitatory_Neuron
32360,901,Excitatory_Neuron
32361,932,Excitatory_Neuron
32362,932,Excitatory_Neuron
32363,852,Excitatory_Neuron
32364,979,unassigned
32365,955,Excitatory_Neuron
32366,955,Excitatory_Neuron
32367,824,Excitatory_Neuron
32368,824,Excitatory_Neuron
32369,942,Excitatory_Neuron
32370,902,Astro-Epen
32371,978,unassigned
32372,837,Immune
32373,958,unassigned
32374,937,unassigned
32375,941,Excitatory_Neuron
32376,803,Excitatory_Neuron
32377,941,Excitatory_Neuron
32378,893,Excitatory_Neuron
32379,893,Excitatory_Neuron
32380,806,Excitatory_Neuron
32381,813,Excitatory_Neuron
32382,817,Excitatory_Neuron
32383,805,Immune
32384,818,Excitatory_Neuron
32385,932,Excitatory_Neuron
32386,984,unassigned
32387,985,unassigned
32388,902,Astro-Epen
32389,955,Excitatory_Neuron
32390,906,Vascular
32391,880,Excitatory_Neuron
32392,978,unassigned
32393,956,Excitatory_Neuron
32394,938,Immune
32395,938,Immune
32396,890,Excitatory_Neuron
32397,904,GABA_Neuron
32398,797,Immune
32399,797,Immune
32400,797,Immune
32401,799,Immune
32402,799,Immune
32403,858,Excitatory_Neuron
32404,858,Excitatory_Neuron
32405,941,Excitatory_Neuron
32406,941,Excitatory_Neuron
32407,912,Excitatory_Neuron
32408,930,Excitatory_Neuron
32409,803,Excitatory_Neuron
32410,803,Excitatory_Neuron
32411,814,Excitatory_Neuron
32412,932,Excitatory_Neuron
32413,954,unassigned
32414,817,Excitatory_Neuron
32415,971,unassigned
32416,903,unassigned
32417,955,Excitatory_Neuron
32418,955,Excitatory_Neuron
32419,820,Excitatory_Neuron
32420,906,Vascular
32421,956,Excitatory_Neuron
32422,831,Immune
32423,857,Vascular
32424,857,Vascular
32425,857,Vascular
32426,796,Excitatory_Neuron
32427,937,unassigned
32428,796,Excitatory_Neuron
32429,937,unassigned
32430,858,Excitatory_Neuron
32431,858,Excitatory_Neuron
32432,912,Excitatory_Neuron
32433,845,Excitatory_Neuron
32434,893,Excitatory_Neuron
32435,947,Excitatory_Neuron
32436,893,Excitatory_Neuron
32437,842,Excitatory_Neuron
32438,818,Excitatory_Neuron
32439,962,Excitatory_Neuron
32440,852,Excitatory_Neuron
32441,852,Excitatory_Neuron
32442,817,Excitatory_Neuron
32443,822,Excitatory_Neuron
32444,824,Excitatory_Neuron
32445,822,Excitatory_Neuron
32446,902,Astro-Epen
32447,855,Excitatory_Neuron
32448,986,unassigned
32449,837,Immune
32450,794,Excitatory_Neuron
32451,795,Excitatory_Neuron
32452,795,Excitatory_Neuron
32453,890,Excitatory_Neuron
32454,969,unassigned
32455,833,Excitatory_Neuron
32456,939,Excitatory_Neuron
32457,858,Excitatory_Neuron
32458,863,Excitatory_Neuron
32459,858,Excitatory_Neuron
32460,845,Excitatory_Neuron
32461,800,Excitatory_Neuron
32462,893,Excitatory_Neuron
32463,803,Excitatory_Neuron
32464,947,Excitatory_Neuron
32465,805,Immune
32466,932,Excitatory_Neuron
32467,816,Excitatory_Neuron
32468,818,Excitatory_Neuron
32469,818,Excitatory_Neuron
32470,818,Excitatory_Neuron
32471,820,Excitatory_Neuron
32472,820,Excitatory_Neuron
32473,906,Vascular
32474,880,Excitatory_Neuron
32475,794,Excitatory_Neuron
32476,837,Immune
32477,857,Vascular
32478,958,unassigned
32479,797,Immune
32480,937,unassigned
32481,797,Immune
32482,833,Excitatory_Neuron
32483,833,Excitatory_Neuron
32484,799,Immune
32485,939,Excitatory_Neuron
32486,803,Excitatory_Neuron
32487,930,Excitatory_Neuron
32488,803,Excitatory_Neuron
32489,803,Excitatory_Neuron
32490,845,Excitatory_Neuron
32491,803,Excitatory_Neuron
32492,801,Excitatory_Neuron
32493,803,Excitatory_Neuron
32494,893,Excitatory_Neuron
32495,893,Excitatory_Neuron
32496,842,Excitatory_Neuron
32497,842,Excitatory_Neuron
32498,817,Excitatory_Neuron
32499,818,Excitatory_Neuron
32500,932,Excitatory_Neuron
32501,932,Excitatory_Neuron
32502,877,Excitatory_Neuron
32503,821,Excitatory_Neuron
32504,818,Excitatory_Neuron
32505,955,Excitatory_Neuron
32506,906,Vascular
32507,855,Excitatory_Neuron
32508,856,Astro-Epen
32509,853,GABA_Neuron
32510,857,Vascular
32511,857,Vascular
32512,844,Excitatory_Neuron
32513,844,Excitatory_Neuron
32514,796,Excitatory_Neuron
32515,939,Excitatory_Neuron
32516,803,Excitatory_Neuron
32517,845,Excitatory_Neuron
32518,845,Excitatory_Neuron
32519,893,Excitatory_Neuron
32520,967,unassigned
32521,801,Excitatory_Neuron
32522,806,Excitatory_Neuron
32523,877,Excitatory_Neuron
32524,816,Excitatory_Neuron
32525,954,unassigned
32526,932,Excitatory_Neuron
32527,971,unassigned
32528,852,Excitatory_Neuron
32529,820,Excitatory_Neuron
32530,987,unassigned
32531,988,unassigned
32532,853,GABA_Neuron
32533,837,Immune
32534,904,GABA_Neuron
32535,797,Immune
32536,844,Excitatory_Neuron
32537,939,Excitatory_Neuron
32538,858,Excitatory_Neuron
32539,799,Immune
32540,803,Excitatory_Neuron
32541,980,unassigned
32542,805,Immune
32543,817,Excitatory_Neuron
32544,962,Excitatory_Neuron
32545,852,Excitatory_Neuron
32546,818,Excitatory_Neuron
32547,818,Excitatory_Neuron
32548,822,Excitatory_Neuron
32549,955,Excitatory_Neuron
32550,815,Excitatory_Neuron
32551,955,Excitatory_Neuron
32552,880,Excitatory_Neuron
32553,906,Vascular
32554,880,Excitatory_Neuron
32555,965,unassigned
32556,862,Astro-Epen
32557,829,Excitatory_Neuron
32558,795,Excitatory_Neuron
32559,797,Immune
32560,797,Immune
32561,958,unassigned
32562,833,Excitatory_Neuron
32563,874,Excitatory_Neuron
32564,799,Immune
32565,939,Excitatory_Neuron
32566,941,Excitatory_Neuron
32567,941,Excitatory_Neuron
32568,930,Excitatory_Neuron
32569,845,Excitatory_Neuron
32570,947,Excitatory_Neuron
32571,805,Immune
32572,893,Excitatory_Neuron
32573,975,Excitatory_Neuron
32574,842,Excitatory_Neuron
32575,852,Excitatory_Neuron
32576,818,Excitatory_Neuron
32577,852,Excitatory_Neuron
32578,817,Excitatory_Neuron
32579,971,unassigned
32580,979,unassigned
32581,824,Excitatory_Neuron
32582,902,Astro-Epen
32583,827,Excitatory_Neuron
32584,978,unassigned
32585,856,Astro-Epen
32586,965,unassigned
32587,829,Excitatory_Neuron
32588,799,Immune
32589,939,Excitatory_Neuron
32590,863,Excitatory_Neuron
32591,803,Excitatory_Neuron
32592,803,Excitatory_Neuron
32593,845,Excitatory_Neuron
32594,845,Excitatory_Neuron
32595,803,Excitatory_Neuron
32596,801,Excitatory_Neuron
32597,930,Excitatory_Neuron
32598,962,Excitatory_Neuron
32599,877,Excitatory_Neuron
32600,852,Excitatory_Neuron
32601,815,Excitatory_Neuron
32602,822,Excitatory_Neuron
32603,955,Excitatory_Neuron
32604,906,Vascular
32605,906,Vascular
32606,906,Vascular
32607,880,Excitatory_Neuron
32608,921,Astro-Epen
32609,853,GABA_Neuron
32610,797,Immune
32611,797,Immune
32612,799,Immune
32613,939,Excitatory_Neuron
32614,800,Excitatory_Neuron
32615,980,unassigned
32616,803,Excitatory_Neuron
32617,967,unassigned
32618,842,Excitatory_Neuron
32619,865,Excitatory_Neuron
32620,813,Excitatory_Neuron
32621,865,Excitatory_Neuron
32622,816,Excitatory_Neuron
32623,877,Excitatory_Neuron
32624,816,Excitatory_Neuron
32625,818,Excitatory_Neuron
32626,932,Excitatory_Neuron
32627,852,Excitatory_Neuron
32628,815,Excitatory_Neuron
32629,815,Excitatory_Neuron
32630,898,Excitatory_Neuron
32631,902,Astro-Epen
32632,942,Excitatory_Neuron
32633,942,Excitatory_Neuron
32634,965,unassigned
32635,830,Excitatory_Neuron
32636,839,Vascular
32637,959,unassigned
32638,938,Immune
32639,904,GABA_Neuron
32640,844,Excitatory_Neuron
32641,858,Excitatory_Neuron
32642,799,Immune
32643,833,Excitatory_Neuron
32644,799,Immune
32645,939,Excitatory_Neuron
32646,863,Excitatory_Neuron
32647,845,Excitatory_Neuron
32648,893,Excitatory_Neuron
32649,842,Excitatory_Neuron
32650,842,Excitatory_Neuron
32651,962,Excitatory_Neuron
32652,932,Excitatory_Neuron
32653,815,Excitatory_Neuron
32654,968,Excitatory_Neuron
32655,821,Excitatory_Neuron
32656,824,Excitatory_Neuron
32657,987,unassigned
32658,822,Excitatory_Neuron
32659,820,Excitatory_Neuron
32660,906,Vascular
32661,855,Excitatory_Neuron
32662,942,Excitatory_Neuron
32663,988,unassigned
32664,830,Excitatory_Neuron
32665,965,unassigned
32666,839,Vascular
32667,795,Excitatory_Neuron
32668,795,Excitatory_Neuron
32669,797,Immune
32670,797,Immune
32671,937,unassigned
32672,858,Excitatory_Neuron
32673,858,Excitatory_Neuron
32674,800,Excitatory_Neuron
32675,803,Excitatory_Neuron
32676,801,Excitatory_Neuron
32677,893,Excitatory_Neuron
32678,945,unassigned
32679,945,unassigned
32680,805,Immune
32681,805,Immune
32682,806,Excitatory_Neuron
32683,842,Excitatory_Neuron
32684,852,Excitatory_Neuron
32685,818,Excitatory_Neuron
32686,877,Excitatory_Neuron
32687,979,unassigned
32688,824,Excitatory_Neuron
32689,942,Excitatory_Neuron
32690,953,GABA_Neuron
32691,906,Vascular
32692,880,Excitatory_Neuron
32693,794,Excitatory_Neuron
32694,833,Excitatory_Neuron
32695,874,Excitatory_Neuron
32696,989,unassigned
32697,890,Excitatory_Neuron
32698,858,Excitatory_Neuron
32699,941,Excitatory_Neuron
32700,845,Excitatory_Neuron
32701,803,Excitatory_Neuron
32702,805,Immune
32703,990,unassigned
32704,947,Excitatory_Neuron
32705,947,Excitatory_Neuron
32706,814,Excitatory_Neuron
32707,814,Excitatory_Neuron
32708,932,Excitatory_Neuron
32709,817,Excitatory_Neuron
32710,954,unassigned
32711,954,unassigned
32712,852,Excitatory_Neuron
32713,932,Excitatory_Neuron
32714,852,Excitatory_Neuron
32715,968,Excitatory_Neuron
32716,822,Excitatory_Neuron
32717,820,Excitatory_Neuron
32718,942,Excitatory_Neuron
32719,906,Vascular
32720,827,Excitatory_Neuron
32721,956,Excitatory_Neuron
32722,855,Excitatory_Neuron
32723,988,unassigned
32724,811,unassigned
32725,830,Excitatory_Neuron
32726,837,Immune
32727,837,Immune
32728,874,Excitatory_Neuron
32729,799,Immune
32730,803,Excitatory_Neuron
32731,803,Excitatory_Neuron
32732,806,Excitatory_Neuron
32733,947,Excitatory_Neuron
32734,806,Excitatory_Neuron
32735,865,Excitatory_Neuron
32736,962,Excitatory_Neuron
32737,816,Excitatory_Neuron
32738,818,Excitatory_Neuron
32739,852,Excitatory_Neuron
32740,817,Excitatory_Neuron
32741,932,Excitatory_Neuron
32742,822,Excitatory_Neuron
32743,902,Astro-Epen
32744,820,Excitatory_Neuron
32745,955,Excitatory_Neuron
32746,822,Excitatory_Neuron
32747,820,Excitatory_Neuron
32748,956,Excitatory_Neuron
32749,942,Excitatory_Neuron
32750,880,Excitatory_Neuron
32751,988,unassigned
32752,972,unassigned
32753,862,Astro-Epen
32754,957,unassigned
32755,857,Vascular
32756,837,Immune
32757,839,Vascular
32758,839,Vascular
32759,857,Vascular
32760,844,Excitatory_Neuron
32761,799,Immune
32762,939,Excitatory_Neuron
32763,941,Excitatory_Neuron
32764,939,Excitatory_Neuron
32765,858,Excitatory_Neuron
32766,800,Excitatory_Neuron
32767,941,Excitatory_Neuron
32768,803,Excitatory_Neuron
32769,814,Excitatory_Neuron
32770,962,Excitatory_Neuron
32771,932,Excitatory_Neuron
32772,877,Excitatory_Neuron
32773,877,Excitatory_Neuron
32774,955,Excitatory_Neuron
32775,906,Vascular
32776,898,Excitatory_Neuron
32777,820,Excitatory_Neuron
32778,829,Excitatory_Neuron
32779,862,Astro-Epen
32780,853,GABA_Neuron
32781,854,Immune
32782,914,Excitatory_Neuron
32783,857,Vascular
32784,839,Vascular
32785,795,Excitatory_Neuron
32786,837,Immune
32787,796,Excitatory_Neuron
32788,797,Immune
32789,941,Excitatory_Neuron
32790,941,Excitatory_Neuron
32791,800,Excitatory_Neuron
32792,941,Excitatory_Neuron
32793,845,Excitatory_Neuron
32794,805,Immune
32795,805,Immune
32796,893,Excitatory_Neuron
32797,842,Excitatory_Neuron
32798,971,unassigned
32799,822,Excitatory_Neuron
32800,902,Astro-Epen
32801,953,GABA_Neuron
32802,827,Excitatory_Neuron
32803,991,unassigned
32804,830,Excitatory_Neuron
32805,837,Immune
32806,837,Immune
32807,839,Vascular
32808,803,Excitatory_Neuron
32809,805,Immune
32810,806,Excitatory_Neuron
32811,947,Excitatory_Neuron
32812,818,Excitatory_Neuron
32813,805,Immune
32814,968,Excitatory_Neuron
32815,985,unassigned
32816,979,unassigned
32817,968,Excitatory_Neuron
32818,815,Excitatory_Neuron
32819,821,Excitatory_Neuron
32820,955,Excitatory_Neuron
32821,987,unassigned
32822,942,Excitatory_Neuron
32823,921,Astro-Epen
32824,856,Astro-Epen
32825,926,unassigned
32826,914,Excitatory_Neuron
32827,854,Immune
32828,837,Immune
32829,837,Immune
32830,857,Vascular
32831,857,Vascular
32832,958,unassigned
32833,833,Excitatory_Neuron
32834,969,unassigned
32835,874,Excitatory_Neuron
32836,799,Immune
32837,939,Excitatory_Neuron
32838,803,Excitatory_Neuron
32839,863,Excitatory_Neuron
32840,799,Immune
32841,893,Excitatory_Neuron
32842,845,Excitatory_Neuron
32843,803,Excitatory_Neuron
32844,814,Excitatory_Neuron
32845,818,Excitatory_Neuron
32846,877,Excitatory_Neuron
32847,962,Excitatory_Neuron
32848,877,Excitatory_Neuron
32849,821,Excitatory_Neuron
32850,815,Excitatory_Neuron
32851,822,Excitatory_Neuron
32852,822,Excitatory_Neuron
32853,906,Vascular
32854,906,Vascular
32855,827,Excitatory_Neuron
32856,827,Excitatory_Neuron
32857,988,unassigned
32858,829,Excitatory_Neuron
32859,926,unassigned
32860,839,Vascular
32861,794,Excitatory_Neuron
32862,837,Immune
32863,958,unassigned
32864,992,unassigned
32865,833,Excitatory_Neuron
32866,941,Excitatory_Neuron
32867,941,Excitatory_Neuron
32868,845,Excitatory_Neuron
32869,845,Excitatory_Neuron
32870,990,unassigned
32871,842,Excitatory_Neuron
32872,817,Excitatory_Neuron
32873,817,Excitatory_Neuron
32874,877,Excitatory_Neuron
32875,852,Excitatory_Neuron
32876,815,Excitatory_Neuron
32877,815,Excitatory_Neuron
32878,815,Excitatory_Neuron
32879,821,Excitatory_Neuron
32880,824,Excitatory_Neuron
32881,956,Excitatory_Neuron
32882,988,unassigned
32883,811,unassigned
32884,856,Astro-Epen
32885,926,unassigned
32886,986,unassigned
32887,837,Immune
32888,914,Excitatory_Neuron
32889,839,Vascular
32890,795,Excitatory_Neuron
32891,904,GABA_Neuron
32892,937,unassigned
32893,993,unassigned
32894,912,Excitatory_Neuron
32895,799,Immune
32896,863,Excitatory_Neuron
32897,845,Excitatory_Neuron
32898,893,Excitatory_Neuron
32899,806,Excitatory_Neuron
32900,806,Excitatory_Neuron
32901,817,Excitatory_Neuron
32902,852,Excitatory_Neuron
32903,815,Excitatory_Neuron
32904,820,Excitatory_Neuron
32905,822,Excitatory_Neuron
32906,824,Excitatory_Neuron
32907,970,unassigned
32908,828,unassigned
32909,988,unassigned
32910,856,Astro-Epen
32911,837,Immune
32912,938,Immune
32913,839,Vascular
32914,794,Excitatory_Neuron
32915,794,Excitatory_Neuron
32916,797,Immune
32917,958,unassigned
32918,993,unassigned
32919,939,Excitatory_Neuron
32920,980,unassigned
32921,801,Excitatory_Neuron
32922,803,Excitatory_Neuron
32923,893,Excitatory_Neuron
32924,975,Excitatory_Neuron
32925,975,Excitatory_Neuron
32926,813,Excitatory_Neuron
32927,817,Excitatory_Neuron
32928,817,Excitatory_Neuron
32929,852,Excitatory_Neuron
32930,852,Excitatory_Neuron
32931,932,Excitatory_Neuron
32932,994,unassigned
32933,971,unassigned
32934,852,Excitatory_Neuron
32935,985,unassigned
32936,971,unassigned
32937,822,Excitatory_Neuron
32938,815,Excitatory_Neuron
32939,820,Excitatory_Neuron
32940,822,Excitatory_Neuron
32941,906,Vascular
32942,956,Excitatory_Neuron
32943,855,Excitatory_Neuron
32944,946,unassigned
32945,839,Vascular
32946,958,unassigned
32947,795,Excitatory_Neuron
32948,795,Excitatory_Neuron
32949,939,Excitatory_Neuron
32950,805,Immune
32951,805,Immune
32952,805,Immune
32953,818,Excitatory_Neuron
32954,877,Excitatory_Neuron
32955,877,Excitatory_Neuron
32956,971,unassigned
32957,956,Excitatory_Neuron
32958,942,Excitatory_Neuron
32959,972,unassigned
32960,988,unassigned
32961,862,Astro-Epen
32962,946,unassigned
32963,794,Excitatory_Neuron
32964,992,unassigned
32965,795,Excitatory_Neuron
32966,844,Excitatory_Neuron
32967,890,Excitatory_Neuron
32968,989,unassigned
32969,939,Excitatory_Neuron
32970,799,Immune
32971,799,Immune
32972,858,Excitatory_Neuron
32973,967,unassigned
32974,947,Excitatory_Neuron
32975,817,Excitatory_Neuron
32976,813,Excitatory_Neuron
32977,932,Excitatory_Neuron
32978,954,unassigned
32979,852,Excitatory_Neuron
32980,979,unassigned
32981,852,Excitatory_Neuron
32982,815,Excitatory_Neuron
32983,955,Excitatory_Neuron
32984,906,Vascular
32985,906,Vascular
32986,830,Excitatory_Neuron
32987,830,Excitatory_Neuron
32988,914,Excitatory_Neuron
32989,839,Vascular
32990,837,Immune
32991,837,Immune
32992,795,Excitatory_Neuron
32993,795,Excitatory_Neuron
32994,958,unassigned
32995,799,Immune
32996,800,Excitatory_Neuron
32997,941,Excitatory_Neuron
32998,912,Excitatory_Neuron
32999,800,Excitatory_Neuron
33000,803,Excitatory_Neuron
33001,803,Excitatory_Neuron
33002,947,Excitatory_Neuron
33003,947,Excitatory_Neuron
33004,803,Excitatory_Neuron
33005,842,Excitatory_Neuron
33006,805,Immune
33007,842,Excitatory_Neuron
33008,877,Excitatory_Neuron
33009,818,Excitatory_Neuron
33010,815,Excitatory_Neuron
33011,852,Excitatory_Neuron
33012,815,Excitatory_Neuron
33013,971,unassigned
33014,968,Excitatory_Neuron
33015,955,Excitatory_Neuron
33016,955,Excitatory_Neuron
33017,820,Excitatory_Neuron
33018,906,Vascular
33019,898,Excitatory_Neuron
33020,906,Vascular
33021,956,Excitatory_Neuron
33022,856,Astro-Epen
33023,926,unassigned
33024,986,unassigned
33025,837,Immune
33026,837,Immune
33027,938,Immune
33028,958,unassigned
33029,795,Excitatory_Neuron
33030,969,unassigned
33031,799,Immune
33032,796,Excitatory_Neuron
33033,874,Excitatory_Neuron
33034,800,Excitatory_Neuron
33035,941,Excitatory_Neuron
33036,930,Excitatory_Neuron
33037,805,Immune
33038,800,Excitatory_Neuron
33039,818,Excitatory_Neuron
33040,901,Excitatory_Neuron
33041,962,Excitatory_Neuron
33042,817,Excitatory_Neuron
33043,962,Excitatory_Neuron
33044,852,Excitatory_Neuron
33045,985,unassigned
33046,898,Excitatory_Neuron
33047,820,Excitatory_Neuron
33048,822,Excitatory_Neuron
33049,953,GABA_Neuron
33050,953,GABA_Neuron
33051,953,GABA_Neuron
33052,978,unassigned
33053,853,GABA_Neuron
33054,995,unassigned
33055,996,unassigned
33056,839,Vascular
33057,858,Excitatory_Neuron
33058,912,Excitatory_Neuron
33059,800,Excitatory_Neuron
33060,845,Excitatory_Neuron
33061,947,Excitatory_Neuron
33062,813,Excitatory_Neuron
33063,817,Excitatory_Neuron
33064,975,Excitatory_Neuron
33065,877,Excitatory_Neuron
33066,962,Excitatory_Neuron
33067,852,Excitatory_Neuron
33068,817,Excitatory_Neuron
33069,817,Excitatory_Neuron
33070,994,unassigned
33071,822,Excitatory_Neuron
33072,971,unassigned
33073,822,Excitatory_Neuron
33074,955,Excitatory_Neuron
33075,906,Vascular
33076,953,GABA_Neuron
33077,827,Excitatory_Neuron
33078,921,Astro-Epen
33079,921,Astro-Epen
33080,978,unassigned
33081,811,unassigned
33082,914,Excitatory_Neuron
33083,837,Immune
33084,795,Excitatory_Neuron
33085,857,Vascular
33086,799,Immune
33087,989,unassigned
33088,874,Excitatory_Neuron
33089,997,unassigned
33090,858,Excitatory_Neuron
33091,803,Excitatory_Neuron
33092,901,Excitatory_Neuron
33093,805,Immune
33094,975,Excitatory_Neuron
33095,852,Excitatory_Neuron
33096,824,Excitatory_Neuron
33097,820,Excitatory_Neuron
33098,942,Excitatory_Neuron
33099,965,unassigned
33100,957,unassigned
33101,856,Astro-Epen
33102,926,unassigned
33103,946,unassigned
33104,914,Excitatory_Neuron
33105,857,Vascular
33106,799,Immune
33107,799,Immune
33108,939,Excitatory_Neuron
33109,799,Immune
33110,858,Excitatory_Neuron
33111,799,Immune
33112,863,Excitatory_Neuron
33113,941,Excitatory_Neuron
33114,800,Excitatory_Neuron
33115,800,Excitatory_Neuron
33116,813,Excitatory_Neuron
33117,818,Excitatory_Neuron
33118,932,Excitatory_Neuron
33119,817,Excitatory_Neuron
33120,815,Excitatory_Neuron
33121,818,Excitatory_Neuron
33122,852,Excitatory_Neuron
33123,898,Excitatory_Neuron
33124,898,Excitatory_Neuron
33125,898,Excitatory_Neuron
33126,822,Excitatory_Neuron
33127,820,Excitatory_Neuron
33128,942,Excitatory_Neuron
33129,942,Excitatory_Neuron
33130,811,unassigned
33131,906,Vascular
33132,926,unassigned
33133,837,Immune
33134,914,Excitatory_Neuron
33135,837,Immune
33136,837,Immune
33137,969,unassigned
33138,998,unassigned
33139,941,Excitatory_Neuron
33140,939,Excitatory_Neuron
33141,799,Immune
33142,863,Excitatory_Neuron
33143,814,Excitatory_Neuron
33144,814,Excitatory_Neuron
33145,901,Excitatory_Neuron
33146,877,Excitatory_Neuron
33147,877,Excitatory_Neuron
33148,954,unassigned
33149,962,Excitatory_Neuron
33150,818,Excitatory_Neuron
33151,880,Excitatory_Neuron
33152,924,unassigned
33153,837,Immune
33154,938,Immune
33155,938,Immune
33156,795,Excitatory_Neuron
33157,857,Vascular
33158,874,Excitatory_Neuron
33159,874,Excitatory_Neuron
33160,997,unassigned
33161,997,unassigned
33162,800,Excitatory_Neuron
33163,941,Excitatory_Neuron
33164,803,Excitatory_Neuron
33165,947,Excitatory_Neuron
33166,893,Excitatory_Neuron
33167,814,Excitatory_Neuron
33168,975,Excitatory_Neuron
33169,852,Excitatory_Neuron
33170,985,unassigned
33171,822,Excitatory_Neuron
33172,971,unassigned
33173,822,Excitatory_Neuron
33174,822,Excitatory_Neuron
33175,942,Excitatory_Neuron
33176,906,Vascular
33177,956,Excitatory_Neuron
33178,853,GABA_Neuron
33179,938,Immune
33180,837,Immune
33181,857,Vascular
33182,797,Immune
33183,799,Immune
33184,989,unassigned
33185,796,Excitatory_Neuron
33186,937,unassigned
33187,805,Immune
33188,801,Excitatory_Neuron
33189,805,Immune
33190,852,Excitatory_Neuron
33191,817,Excitatory_Neuron
33192,962,Excitatory_Neuron
33193,979,unassigned
33194,815,Excitatory_Neuron
33195,827,Excitatory_Neuron
33196,996,unassigned
33197,839,Vascular
33198,799,Immune
33199,799,Immune
33200,796,Excitatory_Neuron
33201,900,unassigned
33202,803,Excitatory_Neuron
33203,801,Excitatory_Neuron
33204,805,Immune
33205,990,unassigned
33206,813,Excitatory_Neuron
33207,962,Excitatory_Neuron
33208,985,unassigned
33209,822,Excitatory_Neuron
33210,818,Excitatory_Neuron
33211,902,Astro-Epen
33212,906,Vascular
33213,953,GABA_Neuron
33214,827,Excitatory_Neuron
33215,827,Excitatory_Neuron
33216,837,Immune
33217,837,Immune
33218,857,Vascular
33219,938,Immune
33220,874,Excitatory_Neuron
33221,969,unassigned
33222,845,Excitatory_Neuron
33223,939,Excitatory_Neuron
33224,800,Excitatory_Neuron
33225,947,Excitatory_Neuron
33226,842,Excitatory_Neuron
33227,805,Immune
33228,816,Excitatory_Neuron
33229,962,Excitatory_Neuron
33230,962,Excitatory_Neuron
33231,852,Excitatory_Neuron
33232,824,Excitatory_Neuron
33233,906,Vascular
33234,906,Vascular
33235,822,Excitatory_Neuron
33236,956,Excitatory_Neuron
33237,988,unassigned
33238,995,unassigned
33239,995,unassigned
33240,857,Vascular
33241,833,Excitatory_Neuron
33242,805,Immune
33243,813,Excitatory_Neuron
33244,817,Excitatory_Neuron
33245,815,Excitatory_Neuron
33246,962,Excitatory_Neuron
33247,852,Excitatory_Neuron
33248,985,unassigned
33249,901,Excitatory_Neuron
33250,979,unassigned
33251,971,unassigned
33252,898,Excitatory_Neuron
33253,898,Excitatory_Neuron
33254,821,Excitatory_Neuron
33255,880,Excitatory_Neuron
33256,822,Excitatory_Neuron
33257,880,Excitatory_Neuron
33258,921,Astro-Epen
33259,827,Excitatory_Neuron
33260,956,Excitatory_Neuron
33261,986,unassigned
33262,926,unassigned
33263,797,Immune
33264,857,Vascular
33265,796,Excitatory_Neuron
33266,958,unassigned
33267,958,unassigned
33268,844,Excitatory_Neuron
33269,874,Excitatory_Neuron
33270,890,Excitatory_Neuron
33271,874,Excitatory_Neuron
33272,997,unassigned
33273,799,Immune
33274,799,Immune
33275,941,Excitatory_Neuron
33276,858,Excitatory_Neuron
33277,858,Excitatory_Neuron
33278,803,Excitatory_Neuron
33279,805,Immune
33280,806,Excitatory_Neuron
33281,842,Excitatory_Neuron
33282,975,Excitatory_Neuron
33283,815,Excitatory_Neuron
33284,852,Excitatory_Neuron
33285,821,Excitatory_Neuron
33286,815,Excitatory_Neuron
33287,902,Astro-Epen
33288,822,Excitatory_Neuron
33289,820,Excitatory_Neuron
33290,902,Astro-Epen
33291,906,Vascular
33292,956,Excitatory_Neuron
33293,921,Astro-Epen
33294,862,Astro-Epen
33295,995,unassigned
33296,924,unassigned
33297,874,Excitatory_Neuron
33298,799,Immune
33299,993,unassigned
33300,800,Excitatory_Neuron
33301,800,Excitatory_Neuron
33302,941,Excitatory_Neuron
33303,805,Immune
33304,990,unassigned
33305,842,Excitatory_Neuron
33306,805,Immune
33307,817,Excitatory_Neuron
33308,954,unassigned
33309,979,unassigned
33310,971,unassigned
33311,820,Excitatory_Neuron
33312,906,Vascular
33313,942,Excitatory_Neuron
33314,926,unassigned
33315,837,Immune
33316,839,Vascular
33317,795,Excitatory_Neuron
33318,904,GABA_Neuron
33319,858,Excitatory_Neuron
33320,912,Excitatory_Neuron
33321,801,Excitatory_Neuron
33322,801,Excitatory_Neuron
33323,967,unassigned
33324,806,Excitatory_Neuron
33325,990,unassigned
33326,842,Excitatory_Neuron
33327,816,Excitatory_Neuron
33328,815,Excitatory_Neuron
33329,954,unassigned
33330,968,Excitatory_Neuron
33331,852,Excitatory_Neuron
33332,852,Excitatory_Neuron
33333,822,Excitatory_Neuron
33334,822,Excitatory_Neuron
33335,955,Excitatory_Neuron
33336,820,Excitatory_Neuron
33337,906,Vascular
33338,906,Vascular
33339,926,unassigned
33340,839,Vascular
33341,938,Immune
33342,837,Immune
33343,904,GABA_Neuron
33344,969,unassigned
33345,799,Immune
33346,939,Excitatory_Neuron
33347,939,Excitatory_Neuron
33348,799,Immune
33349,803,Excitatory_Neuron
33350,805,Immune
33351,803,Excitatory_Neuron
33352,814,Excitatory_Neuron
33353,813,Excitatory_Neuron
33354,962,Excitatory_Neuron
33355,852,Excitatory_Neuron
33356,815,Excitatory_Neuron
33357,821,Excitatory_Neuron
33358,837,Immune
33359,857,Vascular
33360,839,Vascular
33361,797,Immune
33362,958,unassigned
33363,992,unassigned
33364,858,Excitatory_Neuron
33365,803,Excitatory_Neuron
33366,893,Excitatory_Neuron
33367,806,Excitatory_Neuron
33368,967,unassigned
33369,967,unassigned
33370,803,Excitatory_Neuron
33371,805,Immune
33372,990,unassigned
33373,893,Excitatory_Neuron
33374,815,Excitatory_Neuron
33375,994,unassigned
33376,815,Excitatory_Neuron
33377,901,Excitatory_Neuron
33378,822,Excitatory_Neuron
33379,824,Excitatory_Neuron
33380,955,Excitatory_Neuron
33381,824,Excitatory_Neuron
33382,820,Excitatory_Neuron
33383,906,Vascular
33384,953,GABA_Neuron
33385,921,Astro-Epen
33386,880,Excitatory_Neuron
33387,880,Excitatory_Neuron
33388,999,unassigned
33389,982,unassigned
33390,914,Excitatory_Neuron
33391,938,Immune
33392,839,Vascular
33393,938,Immune
33394,844,Excitatory_Neuron
33395,799,Immune
33396,863,Excitatory_Neuron
33397,845,Excitatory_Neuron
33398,803,Excitatory_Neuron
33399,980,unassigned
33400,845,Excitatory_Neuron
33401,801,Excitatory_Neuron
33402,805,Immune
33403,893,Excitatory_Neuron
33404,990,unassigned
33405,893,Excitatory_Neuron
33406,842,Excitatory_Neuron
33407,818,Excitatory_Neuron
33408,932,Excitatory_Neuron
33409,818,Excitatory_Neuron
33410,817,Excitatory_Neuron
33411,932,Excitatory_Neuron
33412,901,Excitatory_Neuron
33413,815,Excitatory_Neuron
33414,815,Excitatory_Neuron
33415,968,Excitatory_Neuron
33416,898,Excitatory_Neuron
33417,898,Excitatory_Neuron
33418,906,Vascular
33419,822,Excitatory_Neuron
33420,942,Excitatory_Neuron
33421,880,Excitatory_Neuron
33422,978,unassigned
33423,856,Astro-Epen
33424,830,Excitatory_Neuron
33425,946,unassigned
33426,914,Excitatory_Neuron
33427,837,Immune
33428,904,GABA_Neuron
33429,799,Immune
33430,799,Immune
33431,993,unassigned
33432,939,Excitatory_Neuron
33433,1000,unassigned
33434,852,Excitatory_Neuron
33435,852,Excitatory_Neuron
33436,979,unassigned
33437,979,unassigned
33438,902,Astro-Epen
33439,824,Excitatory_Neuron
33440,824,Excitatory_Neuron
33441,953,GABA_Neuron
33442,827,Excitatory_Neuron
33443,906,Vascular
33444,921,Astro-Epen
33445,982,unassigned
33446,996,unassigned
33447,837,Immune
33448,837,Immune
33449,795,Excitatory_Neuron
33450,796,Excitatory_Neuron
33451,799,Immune
33452,939,Excitatory_Neuron
33453,858,Excitatory_Neuron
33454,801,Excitatory_Neuron
33455,800,Excitatory_Neuron
33456,801,Excitatory_Neuron
33457,893,Excitatory_Neuron
33458,947,Excitatory_Neuron
33459,1001,unassigned
33460,893,Excitatory_Neuron
33461,962,Excitatory_Neuron
33462,815,Excitatory_Neuron
33463,901,Excitatory_Neuron
33464,994,unassigned
33465,821,Excitatory_Neuron
33466,820,Excitatory_Neuron
33467,822,Excitatory_Neuron
33468,956,Excitatory_Neuron
33469,853,GABA_Neuron
33470,837,Immune
33471,799,Immune
33472,858,Excitatory_Neuron
33473,799,Immune
33474,801,Excitatory_Neuron
33475,893,Excitatory_Neuron
33476,893,Excitatory_Neuron
33477,805,Immune
33478,967,unassigned
33479,805,Immune
33480,877,Excitatory_Neuron
33481,877,Excitatory_Neuron
33482,954,unassigned
33483,815,Excitatory_Neuron
33484,994,unassigned
33485,901,Excitatory_Neuron
33486,906,Vascular
33487,987,unassigned
33488,942,Excitatory_Neuron
33489,880,Excitatory_Neuron
33490,978,unassigned
33491,978,unassigned
33492,978,unassigned
33493,965,unassigned
33494,837,Immune
33495,839,Vascular
33496,799,Immune
33497,799,Immune
33498,799,Immune
33499,997,unassigned
33500,858,Excitatory_Neuron
33501,845,Excitatory_Neuron
33502,800,Excitatory_Neuron
33503,967,unassigned
33504,842,Excitatory_Neuron
33505,954,unassigned
33506,954,unassigned
33507,818,Excitatory_Neuron
33508,968,Excitatory_Neuron
33509,898,Excitatory_Neuron
33510,953,GABA_Neuron
33511,811,unassigned
33512,982,unassigned
33513,794,Excitatory_Neuron
33514,857,Vascular
33515,799,Immune
33516,874,Excitatory_Neuron
33517,799,Immune
33518,799,Immune
33519,799,Immune
33520,803,Excitatory_Neuron
33521,941,Excitatory_Neuron
33522,845,Excitatory_Neuron
33523,845,Excitatory_Neuron
33524,893,Excitatory_Neuron
33525,801,Excitatory_Neuron
33526,805,Immune
33527,805,Immune
33528,975,Excitatory_Neuron
33529,962,Excitatory_Neuron
33530,815,Excitatory_Neuron
33531,852,Excitatory_Neuron
33532,822,Excitatory_Neuron
33533,955,Excitatory_Neuron
33534,824,Excitatory_Neuron
33535,987,unassigned
33536,953,GABA_Neuron
33537,880,Excitatory_Neuron
33538,942,Excitatory_Neuron
33539,942,Excitatory_Neuron
33540,906,Vascular
33541,953,GABA_Neuron
33542,978,unassigned
33543,956,Excitatory_Neuron
33544,914,Excitatory_Neuron
33545,938,Immune
33546,839,Vascular
33547,833,Excitatory_Neuron
33548,799,Immune
33549,874,Excitatory_Neuron
33550,997,unassigned
33551,937,unassigned
33552,1001,unassigned
33553,893,Excitatory_Neuron
33554,1001,unassigned
33555,967,unassigned
33556,817,Excitatory_Neuron
33557,818,Excitatory_Neuron
33558,815,Excitatory_Neuron
33559,1002,unassigned
33560,824,Excitatory_Neuron
33561,880,Excitatory_Neuron
33562,880,Excitatory_Neuron
33563,953,GABA_Neuron
33564,953,GABA_Neuron
33565,837,Immune
33566,837,Immune
33567,796,Excitatory_Neuron
33568,796,Excitatory_Neuron
33569,799,Immune
33570,805,Immune
33571,806,Excitatory_Neuron
33572,842,Excitatory_Neuron
33573,994,unassigned
33574,1003,unassigned
33575,979,unassigned
33576,898,Excitatory_Neuron
33577,898,Excitatory_Neuron
33578,820,Excitatory_Neuron
33579,820,Excitatory_Neuron
33580,955,Excitatory_Neuron
33581,906,Vascular
33582,942,Excitatory_Neuron
33583,953,GABA_Neuron
33584,953,GABA_Neuron
33585,956,Excitatory_Neuron
33586,880,Excitatory_Neuron
33587,959,unassigned
33588,938,Immune
33589,938,Immune
33590,797,Immune
33591,992,unassigned
33592,1004,unassigned
33593,799,Immune
33594,941,Excitatory_Neuron
33595,799,Immune
33596,800,Excitatory_Neuron
33597,803,Excitatory_Neuron
33598,967,unassigned
33599,842,Excitatory_Neuron
33600,805,Immune
33601,852,Excitatory_Neuron
33602,979,unassigned
33603,898,Excitatory_Neuron
33604,821,Excitatory_Neuron
33605,880,Excitatory_Neuron
33606,953,GABA_Neuron
33607,942,Excitatory_Neuron
33608,978,unassigned
33609,946,unassigned
33610,839,Vascular
33611,839,Vascular
33612,839,Vascular
33613,795,Excitatory_Neuron
33614,795,Excitatory_Neuron
33615,941,Excitatory_Neuron
33616,845,Excitatory_Neuron
33617,805,Immune
33618,803,Excitatory_Neuron
33619,947,Excitatory_Neuron
33620,813,Excitatory_Neuron
33621,842,Excitatory_Neuron
33622,975,Excitatory_Neuron
33623,818,Excitatory_Neuron
33624,815,Excitatory_Neuron
33625,932,Excitatory_Neuron
33626,898,Excitatory_Neuron
33627,898,Excitatory_Neuron
33628,902,Astro-Epen
33629,902,Astro-Epen
33630,898,Excitatory_Neuron
33631,956,Excitatory_Neuron
33632,880,Excitatory_Neuron
33633,906,Vascular
33634,921,Astro-Epen
33635,811,unassigned
33636,978,unassigned
33637,906,Vascular
33638,837,Immune
33639,874,Excitatory_Neuron
33640,799,Immune
33641,858,Excitatory_Neuron
33642,858,Excitatory_Neuron
33643,939,Excitatory_Neuron
33644,858,Excitatory_Neuron
33645,980,unassigned
33646,803,Excitatory_Neuron
33647,893,Excitatory_Neuron
33648,801,Excitatory_Neuron
33649,947,Excitatory_Neuron
33650,805,Immune
33651,806,Excitatory_Neuron
33652,821,Excitatory_Neuron
33653,822,Excitatory_Neuron
33654,955,Excitatory_Neuron
33655,906,Vascular
33656,1005,unassigned
33657,904,GABA_Neuron
33658,833,Excitatory_Neuron
33659,997,unassigned
33660,799,Immune
33661,845,Excitatory_Neuron
33662,858,Excitatory_Neuron
33663,803,Excitatory_Neuron
33664,803,Excitatory_Neuron
33665,801,Excitatory_Neuron
33666,842,Excitatory_Neuron
33667,805,Immune
33668,932,Excitatory_Neuron
33669,954,unassigned
33670,932,Excitatory_Neuron
33671,985,unassigned
33672,821,Excitatory_Neuron
33673,968,Excitatory_Neuron
33674,822,Excitatory_Neuron
33675,953,GABA_Neuron
33676,856,Astro-Epen
33677,795,Excitatory_Neuron
33678,844,Excitatory_Neuron
33679,799,Immune
33680,799,Immune
33681,803,Excitatory_Neuron
33682,1001,unassigned
33683,967,unassigned
33684,805,Immune
33685,893,Excitatory_Neuron
33686,975,Excitatory_Neuron
33687,975,Excitatory_Neuron
33688,962,Excitatory_Neuron
33689,954,unassigned
33690,815,Excitatory_Neuron
33691,979,unassigned
33692,902,Astro-Epen
33693,985,unassigned
33694,818,Excitatory_Neuron
33695,820,Excitatory_Neuron
33696,955,Excitatory_Neuron
33697,955,Excitatory_Neuron
33698,902,Astro-Epen
33699,827,Excitatory_Neuron
33700,914,Excitatory_Neuron
33701,914,Excitatory_Neuron
33702,795,Excitatory_Neuron
33703,837,Immune
33704,857,Vascular
33705,997,unassigned
33706,858,Excitatory_Neuron
33707,799,Immune
33708,799,Immune
33709,800,Excitatory_Neuron
33710,941,Excitatory_Neuron
33711,930,Excitatory_Neuron
33712,803,Excitatory_Neuron
33713,1001,unassigned
33714,842,Excitatory_Neuron
33715,813,Excitatory_Neuron
33716,817,Excitatory_Neuron
33717,962,Excitatory_Neuron
33718,852,Excitatory_Neuron
33719,902,Astro-Epen
33720,824,Excitatory_Neuron
33721,898,Excitatory_Neuron
33722,824,Excitatory_Neuron
33723,824,Excitatory_Neuron
33724,906,Vascular
33725,942,Excitatory_Neuron
33726,827,Excitatory_Neuron
33727,956,Excitatory_Neuron
33728,837,Immune
33729,914,Excitatory_Neuron
33730,795,Excitatory_Neuron
33731,857,Vascular
33732,839,Vascular
33733,1005,unassigned
33734,803,Excitatory_Neuron
33735,817,Excitatory_Neuron
33736,818,Excitatory_Neuron
33737,975,Excitatory_Neuron
33738,932,Excitatory_Neuron
33739,979,unassigned
33740,815,Excitatory_Neuron
33741,821,Excitatory_Neuron
33742,824,Excitatory_Neuron
33743,968,Excitatory_Neuron
33744,820,Excitatory_Neuron
33745,820,Excitatory_Neuron
33746,822,Excitatory_Neuron
33747,953,GABA_Neuron
33748,956,Excitatory_Neuron
33749,938,Immune
33750,969,unassigned
33751,998,unassigned
33752,993,unassigned
33753,939,Excitatory_Neuron
33754,993,unassigned
33755,858,Excitatory_Neuron
33756,930,Excitatory_Neuron
33757,803,Excitatory_Neuron
33758,806,Excitatory_Neuron
33759,1001,unassigned
33760,803,Excitatory_Neuron
33761,893,Excitatory_Neuron
33762,842,Excitatory_Neuron
33763,932,Excitatory_Neuron
33764,902,Astro-Epen
33765,815,Excitatory_Neuron
33766,824,Excitatory_Neuron
33767,906,Vascular
33768,987,unassigned
33769,972,unassigned
33770,921,Astro-Epen
33771,988,unassigned
33772,959,unassigned
33773,837,Immune
33774,857,Vascular
33775,938,Immune
33776,797,Immune
33777,795,Excitatory_Neuron
33778,796,Excitatory_Neuron
33779,941,Excitatory_Neuron
33780,800,Excitatory_Neuron
33781,941,Excitatory_Neuron
33782,803,Excitatory_Neuron
33783,800,Excitatory_Neuron
33784,801,Excitatory_Neuron
33785,801,Excitatory_Neuron
33786,947,Excitatory_Neuron
33787,803,Excitatory_Neuron
33788,947,Excitatory_Neuron
33789,805,Immune
33790,975,Excitatory_Neuron
33791,817,Excitatory_Neuron
33792,962,Excitatory_Neuron
33793,962,Excitatory_Neuron
33794,968,Excitatory_Neuron
33795,979,unassigned
33796,898,Excitatory_Neuron
33797,898,Excitatory_Neuron
33798,822,Excitatory_Neuron
33799,822,Excitatory_Neuron
33800,953,GABA_Neuron
33801,906,Vascular
33802,978,unassigned
33803,1006,unassigned
33804,982,unassigned
33805,837,Immune
33806,938,Immune
33807,797,Immune
33808,904,GABA_Neuron
33809,833,Excitatory_Neuron
33810,799,Immune
33811,1004,unassigned
33812,833,Excitatory_Neuron
33813,858,Excitatory_Neuron
33814,941,Excitatory_Neuron
33815,980,unassigned
33816,1007,unassigned
33817,806,Excitatory_Neuron
33818,805,Immune
33819,813,Excitatory_Neuron
33820,901,Excitatory_Neuron
33821,901,Excitatory_Neuron
33822,852,Excitatory_Neuron
33823,1003,unassigned
33824,968,Excitatory_Neuron
33825,906,Vascular
33826,880,Excitatory_Neuron
33827,811,unassigned
33828,938,Immune
33829,794,Excitatory_Neuron
33830,958,unassigned
33831,890,Excitatory_Neuron
33832,796,Excitatory_Neuron
33833,969,unassigned
33834,874,Excitatory_Neuron
33835,863,Excitatory_Neuron
33836,800,Excitatory_Neuron
33837,805,Immune
33838,962,Excitatory_Neuron
33839,817,Excitatory_Neuron
33840,962,Excitatory_Neuron
33841,815,Excitatory_Neuron
33842,968,Excitatory_Neuron
33843,821,Excitatory_Neuron
33844,898,Excitatory_Neuron
33845,906,Vascular
33846,942,Excitatory_Neuron
33847,906,Vascular
33848,797,Immune
33849,938,Immune
33850,890,Excitatory_Neuron
33851,890,Excitatory_Neuron
33852,1004,unassigned
33853,845,Excitatory_Neuron
33854,800,Excitatory_Neuron
33855,930,Excitatory_Neuron
33856,800,Excitatory_Neuron
33857,803,Excitatory_Neuron
33858,801,Excitatory_Neuron
33859,845,Excitatory_Neuron
33860,803,Excitatory_Neuron
33861,967,unassigned
33862,893,Excitatory_Neuron
33863,805,Immune
33864,818,Excitatory_Neuron
33865,814,Excitatory_Neuron
33866,816,Excitatory_Neuron
33867,815,Excitatory_Neuron
33868,968,Excitatory_Neuron
33869,968,Excitatory_Neuron
33870,968,Excitatory_Neuron
33871,901,Excitatory_Neuron
33872,1003,unassigned
33873,971,unassigned
33874,968,Excitatory_Neuron
33875,898,Excitatory_Neuron
33876,822,Excitatory_Neuron
33877,820,Excitatory_Neuron
33878,821,Excitatory_Neuron
33879,956,Excitatory_Neuron
33880,906,Vascular
33881,1008,unassigned
33882,965,unassigned
33883,921,Astro-Epen
33884,965,unassigned
33885,986,unassigned
33886,830,Excitatory_Neuron
33887,938,Immune
33888,857,Vascular
33889,890,Excitatory_Neuron
33890,799,Immune
33891,803,Excitatory_Neuron
33892,813,Excitatory_Neuron
33893,852,Excitatory_Neuron
33894,815,Excitatory_Neuron
33895,815,Excitatory_Neuron
33896,968,Excitatory_Neuron
33897,822,Excitatory_Neuron
33898,956,Excitatory_Neuron
33899,914,Excitatory_Neuron
33900,839,Vascular
33901,799,Immune
33902,803,Excitatory_Neuron
33903,803,Excitatory_Neuron
33904,803,Excitatory_Neuron
33905,805,Immune
33906,1001,unassigned
33907,803,Excitatory_Neuron
33908,842,Excitatory_Neuron
33909,947,Excitatory_Neuron
33910,806,Excitatory_Neuron
33911,818,Excitatory_Neuron
33912,818,Excitatory_Neuron
33913,898,Excitatory_Neuron
33914,820,Excitatory_Neuron
33915,1009,unassigned
33916,822,Excitatory_Neuron
33917,953,GABA_Neuron
33918,956,Excitatory_Neuron
33919,978,unassigned
33920,921,Astro-Epen
33921,965,unassigned
33922,914,Excitatory_Neuron
33923,938,Immune
33924,857,Vascular
33925,874,Excitatory_Neuron
33926,799,Immune
33927,844,Excitatory_Neuron
33928,799,Immune
33929,803,Excitatory_Neuron
33930,803,Excitatory_Neuron
33931,803,Excitatory_Neuron
33932,947,Excitatory_Neuron
33933,967,unassigned
33934,975,Excitatory_Neuron
33935,818,Excitatory_Neuron
33936,901,Excitatory_Neuron
33937,901,Excitatory_Neuron
33938,814,Excitatory_Neuron
33939,815,Excitatory_Neuron
33940,821,Excitatory_Neuron
33941,968,Excitatory_Neuron
33942,898,Excitatory_Neuron
33943,820,Excitatory_Neuron
33944,880,Excitatory_Neuron
33945,953,GABA_Neuron
33946,914,Excitatory_Neuron
33947,857,Vascular
33948,839,Vascular
33949,794,Excitatory_Neuron
33950,904,GABA_Neuron
33951,844,Excitatory_Neuron
33952,939,Excitatory_Neuron
33953,912,Excitatory_Neuron
33954,800,Excitatory_Neuron
33955,803,Excitatory_Neuron
33956,806,Excitatory_Neuron
33957,805,Immune
33958,893,Excitatory_Neuron
33959,817,Excitatory_Neuron
33960,962,Excitatory_Neuron
33961,962,Excitatory_Neuron
33962,968,Excitatory_Neuron
33963,898,Excitatory_Neuron
33964,898,Excitatory_Neuron
33965,955,Excitatory_Neuron
33966,822,Excitatory_Neuron
33967,880,Excitatory_Neuron
33968,953,GABA_Neuron
33969,906,Vascular
33970,956,Excitatory_Neuron
33971,1006,unassigned
33972,959,unassigned
33973,837,Immune
33974,795,Excitatory_Neuron
33975,1004,unassigned
33976,1004,unassigned
33977,980,unassigned
33978,930,Excitatory_Neuron
33979,806,Excitatory_Neuron
33980,845,Excitatory_Neuron
33981,947,Excitatory_Neuron
33982,975,Excitatory_Neuron
33983,805,Immune
33984,975,Excitatory_Neuron
33985,817,Excitatory_Neuron
33986,818,Excitatory_Neuron
33987,1003,unassigned
33988,898,Excitatory_Neuron
33989,820,Excitatory_Neuron
33990,968,Excitatory_Neuron
33991,822,Excitatory_Neuron
33992,942,Excitatory_Neuron
33993,953,GABA_Neuron
33994,1008,unassigned
33995,839,Vascular
33996,837,Immune
33997,794,Excitatory_Neuron
33998,1010,unassigned
33999,839,Vascular
34000,857,Vascular
34001,992,unassigned
34002,799,Immune
34003,874,Excitatory_Neuron
34004,818,Excitatory_Neuron
34005,975,Excitatory_Neuron
34006,877,Excitatory_Neuron
34007,815,Excitatory_Neuron
34008,815,Excitatory_Neuron
34009,820,Excitatory_Neuron
34010,965,unassigned
34011,938,Immune
34012,992,unassigned
34013,939,Excitatory_Neuron
34014,799,Immune
34015,912,Excitatory_Neuron
34016,939,Excitatory_Neuron
34017,845,Excitatory_Neuron
34018,930,Excitatory_Neuron
34019,941,Excitatory_Neuron
34020,803,Excitatory_Neuron
34021,962,Excitatory_Neuron
34022,962,Excitatory_Neuron
34023,932,Excitatory_Neuron
34024,815,Excitatory_Neuron
34025,898,Excitatory_Neuron
34026,820,Excitatory_Neuron
34027,820,Excitatory_Neuron
34028,822,Excitatory_Neuron
34029,906,Vascular
34030,906,Vascular
34031,953,GABA_Neuron
34032,1011,unassigned
34033,926,unassigned
34034,959,unassigned
34035,959,unassigned
34036,938,Immune
34037,874,Excitatory_Neuron
34038,941,Excitatory_Neuron
34039,800,Excitatory_Neuron
34040,863,Excitatory_Neuron
34041,941,Excitatory_Neuron
34042,803,Excitatory_Neuron
34043,930,Excitatory_Neuron
34044,806,Excitatory_Neuron
34045,813,Excitatory_Neuron
34046,813,Excitatory_Neuron
34047,962,Excitatory_Neuron
34048,975,Excitatory_Neuron
34049,962,Excitatory_Neuron
34050,901,Excitatory_Neuron
34051,818,Excitatory_Neuron
34052,901,Excitatory_Neuron
34053,968,Excitatory_Neuron
34054,968,Excitatory_Neuron
34055,815,Excitatory_Neuron
34056,955,Excitatory_Neuron
34057,942,Excitatory_Neuron
34058,938,Immune
34059,904,GABA_Neuron
34060,998,unassigned
34061,993,unassigned
34062,874,Excitatory_Neuron
34063,863,Excitatory_Neuron
34064,803,Excitatory_Neuron
34065,803,Excitatory_Neuron
34066,1007,unassigned
34067,801,Excitatory_Neuron
34068,805,Immune
34069,947,Excitatory_Neuron
34070,842,Excitatory_Neuron
34071,962,Excitatory_Neuron
34072,962,Excitatory_Neuron
34073,877,Excitatory_Neuron
34074,818,Excitatory_Neuron
34075,962,Excitatory_Neuron
34076,817,Excitatory_Neuron
34077,815,Excitatory_Neuron
34078,902,Astro-Epen
34079,820,Excitatory_Neuron
34080,906,Vascular
34081,880,Excitatory_Neuron
34082,880,Excitatory_Neuron
34083,880,Excitatory_Neuron
34084,999,unassigned
34085,830,Excitatory_Neuron
34086,837,Immune
34087,839,Vascular
34088,795,Excitatory_Neuron
34089,795,Excitatory_Neuron
34090,937,unassigned
34091,874,Excitatory_Neuron
34092,998,unassigned
34093,799,Immune
34094,845,Excitatory_Neuron
34095,863,Excitatory_Neuron
34096,800,Excitatory_Neuron
34097,803,Excitatory_Neuron
34098,806,Excitatory_Neuron
34099,803,Excitatory_Neuron
34100,954,unassigned
34101,815,Excitatory_Neuron
34102,821,Excitatory_Neuron
34103,815,Excitatory_Neuron
34104,822,Excitatory_Neuron
34105,986,unassigned
34106,837,Immune
34107,996,unassigned
34108,938,Immune
34109,839,Vascular
34110,839,Vascular
34111,833,Excitatory_Neuron
34112,939,Excitatory_Neuron
34113,912,Excitatory_Neuron
34114,893,Excitatory_Neuron
34115,893,Excitatory_Neuron
34116,975,Excitatory_Neuron
34117,877,Excitatory_Neuron
34118,898,Excitatory_Neuron
34119,902,Astro-Epen
34120,987,unassigned
34121,987,unassigned
34122,822,Excitatory_Neuron
34123,827,Excitatory_Neuron
34124,921,Astro-Epen
34125,906,Vascular
34126,856,Astro-Epen
34127,856,Astro-Epen
34128,827,Excitatory_Neuron
34129,982,unassigned
34130,854,Immune
34131,914,Excitatory_Neuron
34132,857,Vascular
34133,794,Excitatory_Neuron
34134,958,unassigned
34135,958,unassigned
34136,969,unassigned
34137,997,unassigned
34138,912,Excitatory_Neuron
34139,805,Immune
34140,803,Excitatory_Neuron
34141,967,unassigned
34142,805,Immune
34143,842,Excitatory_Neuron
34144,962,Excitatory_Neuron
34145,975,Excitatory_Neuron
34146,877,Excitatory_Neuron
34147,820,Excitatory_Neuron
34148,820,Excitatory_Neuron
34149,820,Excitatory_Neuron
34150,827,Excitatory_Neuron
34151,965,unassigned
34152,965,unassigned
34153,811,unassigned
34154,839,Vascular
34155,914,Excitatory_Neuron
34156,938,Immune
34157,992,unassigned
34158,874,Excitatory_Neuron
34159,863,Excitatory_Neuron
34160,941,Excitatory_Neuron
34161,930,Excitatory_Neuron
34162,813,Excitatory_Neuron
34163,962,Excitatory_Neuron
34164,877,Excitatory_Neuron
34165,985,unassigned
34166,985,unassigned
34167,824,Excitatory_Neuron
34168,987,unassigned
34169,827,Excitatory_Neuron
34170,986,unassigned
34171,837,Immune
34172,874,Excitatory_Neuron
34173,796,Excitatory_Neuron
34174,833,Excitatory_Neuron
34175,912,Excitatory_Neuron
34176,799,Immune
34177,858,Excitatory_Neuron
34178,930,Excitatory_Neuron
34179,947,Excitatory_Neuron
34180,805,Immune
34181,814,Excitatory_Neuron
34182,932,Excitatory_Neuron
34183,817,Excitatory_Neuron
34184,985,unassigned
34185,898,Excitatory_Neuron
34186,955,Excitatory_Neuron
34187,955,Excitatory_Neuron
34188,898,Excitatory_Neuron
34189,820,Excitatory_Neuron
34190,822,Excitatory_Neuron
34191,822,Excitatory_Neuron
34192,906,Vascular
34193,953,GABA_Neuron
34194,906,Vascular
34195,830,Excitatory_Neuron
34196,837,Immune
34197,939,Excitatory_Neuron
34198,803,Excitatory_Neuron
34199,845,Excitatory_Neuron
34200,1000,unassigned
34201,1000,unassigned
34202,1007,unassigned
34203,893,Excitatory_Neuron
34204,805,Immune
34205,975,Excitatory_Neuron
34206,852,Excitatory_Neuron
34207,962,Excitatory_Neuron
34208,815,Excitatory_Neuron
34209,901,Excitatory_Neuron
34210,815,Excitatory_Neuron
34211,985,unassigned
34212,822,Excitatory_Neuron
34213,815,Excitatory_Neuron
34214,987,unassigned
34215,987,unassigned
34216,921,Astro-Epen
34217,988,unassigned
34218,988,unassigned
34219,926,unassigned
34220,995,unassigned
34221,853,GABA_Neuron
34222,811,unassigned
34223,811,unassigned
34224,914,Excitatory_Neuron
34225,1012,unassigned
34226,914,Excitatory_Neuron
34227,839,Vascular
34228,795,Excitatory_Neuron
34229,1005,unassigned
34230,797,Immune
34231,799,Immune
34232,939,Excitatory_Neuron
34233,800,Excitatory_Neuron
34234,803,Excitatory_Neuron
34235,967,unassigned
34236,806,Excitatory_Neuron
34237,814,Excitatory_Neuron
34238,975,Excitatory_Neuron
34239,962,Excitatory_Neuron
34240,821,Excitatory_Neuron
34241,979,unassigned
34242,820,Excitatory_Neuron
34243,820,Excitatory_Neuron
34244,811,unassigned
34245,938,Immune
34246,795,Excitatory_Neuron
34247,959,unassigned
34248,1010,unassigned
34249,799,Immune
34250,939,Excitatory_Neuron
34251,939,Excitatory_Neuron
34252,803,Excitatory_Neuron
34253,941,Excitatory_Neuron
34254,803,Excitatory_Neuron
34255,800,Excitatory_Neuron
34256,806,Excitatory_Neuron
34257,806,Excitatory_Neuron
34258,806,Excitatory_Neuron
34259,803,Excitatory_Neuron
34260,893,Excitatory_Neuron
34261,975,Excitatory_Neuron
34262,821,Excitatory_Neuron
34263,968,Excitatory_Neuron
34264,1013,unassigned
34265,822,Excitatory_Neuron
34266,822,Excitatory_Neuron
34267,822,Excitatory_Neuron
34268,906,Vascular
34269,906,Vascular
34270,1014,unassigned
34271,856,Astro-Epen
34272,853,GABA_Neuron
34273,856,Astro-Epen
34274,996,unassigned
34275,938,Immune
34276,797,Immune
34277,874,Excitatory_Neuron
34278,930,Excitatory_Neuron
34279,801,Excitatory_Neuron
34280,930,Excitatory_Neuron
34281,803,Excitatory_Neuron
34282,805,Immune
34283,805,Immune
34284,947,Excitatory_Neuron
34285,814,Excitatory_Neuron
34286,813,Excitatory_Neuron
34287,814,Excitatory_Neuron
34288,817,Excitatory_Neuron
34289,962,Excitatory_Neuron
34290,817,Excitatory_Neuron
34291,962,Excitatory_Neuron
34292,852,Excitatory_Neuron
34293,824,Excitatory_Neuron
34294,822,Excitatory_Neuron
34295,987,unassigned
34296,902,Astro-Epen
34297,953,GABA_Neuron
34298,827,Excitatory_Neuron
34299,978,unassigned
34300,856,Astro-Epen
34301,837,Immune
34302,839,Vascular
34303,839,Vascular
34304,938,Immune
34305,839,Vascular
34306,839,Vascular
34307,799,Immune
34308,939,Excitatory_Neuron
34309,803,Excitatory_Neuron
34310,863,Excitatory_Neuron
34311,980,unassigned
34312,803,Excitatory_Neuron
34313,947,Excitatory_Neuron
34314,806,Excitatory_Neuron
34315,947,Excitatory_Neuron
34316,967,unassigned
34317,813,Excitatory_Neuron
34318,962,Excitatory_Neuron
34319,932,Excitatory_Neuron
34320,817,Excitatory_Neuron
34321,815,Excitatory_Neuron
34322,822,Excitatory_Neuron
34323,987,unassigned
34324,822,Excitatory_Neuron
34325,906,Vascular
34326,906,Vascular
34327,956,Excitatory_Neuron
34328,906,Vascular
34329,988,unassigned
34330,965,unassigned
34331,995,unassigned
34332,982,unassigned
34333,837,Immune
34334,837,Immune
34335,938,Immune
34336,795,Excitatory_Neuron
34337,799,Immune
34338,939,Excitatory_Neuron
34339,912,Excitatory_Neuron
34340,941,Excitatory_Neuron
34341,800,Excitatory_Neuron
34342,967,unassigned
34343,813,Excitatory_Neuron
34344,975,Excitatory_Neuron
34345,1015,unassigned
34346,962,Excitatory_Neuron
34347,817,Excitatory_Neuron
34348,985,unassigned
34349,985,unassigned
34350,898,Excitatory_Neuron
34351,953,GABA_Neuron
34352,880,Excitatory_Neuron
34353,827,Excitatory_Neuron
34354,880,Excitatory_Neuron
34355,880,Excitatory_Neuron
34356,986,unassigned
34357,837,Immune
34358,1012,unassigned
34359,890,Excitatory_Neuron
34360,1004,unassigned
34361,858,Excitatory_Neuron
34362,800,Excitatory_Neuron
34363,800,Excitatory_Neuron
34364,805,Immune
34365,842,Excitatory_Neuron
34366,814,Excitatory_Neuron
34367,813,Excitatory_Neuron
34368,932,Excitatory_Neuron
34369,979,unassigned
34370,821,Excitatory_Neuron
34371,955,Excitatory_Neuron
34372,955,Excitatory_Neuron
34373,906,Vascular
34374,906,Vascular
34375,906,Vascular
34376,942,Excitatory_Neuron
34377,827,Excitatory_Neuron
34378,965,unassigned
34379,921,Astro-Epen
34380,797,Immune
34381,795,Excitatory_Neuron
34382,796,Excitatory_Neuron
34383,939,Excitatory_Neuron
34384,803,Excitatory_Neuron
34385,814,Excitatory_Neuron
34386,962,Excitatory_Neuron
34387,901,Excitatory_Neuron
34388,979,unassigned
34389,815,Excitatory_Neuron
34390,822,Excitatory_Neuron
34391,824,Excitatory_Neuron
34392,968,Excitatory_Neuron
34393,898,Excitatory_Neuron
34394,956,Excitatory_Neuron
34395,995,unassigned
34396,830,Excitatory_Neuron
34397,839,Vascular
34398,794,Excitatory_Neuron
34399,938,Immune
34400,1005,unassigned
34401,874,Excitatory_Neuron
34402,939,Excitatory_Neuron
34403,939,Excitatory_Neuron
34404,858,Excitatory_Neuron
34405,941,Excitatory_Neuron
34406,980,unassigned
34407,1000,unassigned
34408,805,Immune
34409,814,Excitatory_Neuron
34410,975,Excitatory_Neuron
34411,814,Excitatory_Neuron
34412,817,Excitatory_Neuron
34413,817,Excitatory_Neuron
34414,815,Excitatory_Neuron
34415,852,Excitatory_Neuron
34416,968,Excitatory_Neuron
34417,821,Excitatory_Neuron
34418,955,Excitatory_Neuron
34419,822,Excitatory_Neuron
34420,987,unassigned
34421,880,Excitatory_Neuron
34422,921,Astro-Epen
34423,978,unassigned
34424,999,unassigned
34425,880,Excitatory_Neuron
34426,965,unassigned
34427,946,unassigned
34428,938,Immune
34429,974,unassigned
34430,914,Excitatory_Neuron
34431,839,Vascular
34432,844,Excitatory_Neuron
34433,796,Excitatory_Neuron
34434,874,Excitatory_Neuron
34435,799,Immune
34436,803,Excitatory_Neuron
34437,845,Excitatory_Neuron
34438,930,Excitatory_Neuron
34439,803,Excitatory_Neuron
34440,801,Excitatory_Neuron
34441,947,Excitatory_Neuron
34442,893,Excitatory_Neuron
34443,803,Excitatory_Neuron
34444,893,Excitatory_Neuron
34445,893,Excitatory_Neuron
34446,817,Excitatory_Neuron
34447,962,Excitatory_Neuron
34448,821,Excitatory_Neuron
34449,818,Excitatory_Neuron
34450,822,Excitatory_Neuron
34451,902,Astro-Epen
34452,824,Excitatory_Neuron
34453,987,unassigned
34454,822,Excitatory_Neuron
34455,956,Excitatory_Neuron
34456,880,Excitatory_Neuron
34457,839,Vascular
34458,938,Immune
34459,839,Vascular
34460,1016,unassigned
34461,839,Vascular
34462,958,unassigned
34463,799,Immune
34464,992,unassigned
34465,833,Excitatory_Neuron
34466,874,Excitatory_Neuron
34467,997,unassigned
34468,941,Excitatory_Neuron
34469,993,unassigned
34470,858,Excitatory_Neuron
34471,858,Excitatory_Neuron
34472,845,Excitatory_Neuron
34473,980,unassigned
34474,845,Excitatory_Neuron
34475,806,Excitatory_Neuron
34476,813,Excitatory_Neuron
34477,975,Excitatory_Neuron
34478,877,Excitatory_Neuron
34479,1003,unassigned
34480,821,Excitatory_Neuron
34481,898,Excitatory_Neuron
34482,1003,unassigned
34483,955,Excitatory_Neuron
34484,987,unassigned
34485,902,Astro-Epen
34486,942,Excitatory_Neuron
34487,1008,unassigned
34488,880,Excitatory_Neuron
34489,1017,unassigned
34490,914,Excitatory_Neuron
34491,874,Excitatory_Neuron
34492,844,Excitatory_Neuron
34493,796,Excitatory_Neuron
34494,803,Excitatory_Neuron
34495,858,Excitatory_Neuron
34496,930,Excitatory_Neuron
34497,967,unassigned
34498,806,Excitatory_Neuron
34499,842,Excitatory_Neuron
34500,817,Excitatory_Neuron
34501,975,Excitatory_Neuron
34502,814,Excitatory_Neuron
34503,842,Excitatory_Neuron
34504,975,Excitatory_Neuron
34505,817,Excitatory_Neuron
34506,975,Excitatory_Neuron
34507,932,Excitatory_Neuron
34508,817,Excitatory_Neuron
34509,901,Excitatory_Neuron
34510,968,Excitatory_Neuron
34511,985,unassigned
34512,818,Excitatory_Neuron
34513,822,Excitatory_Neuron
34514,1008,unassigned
34515,965,unassigned
34516,926,unassigned
34517,839,Vascular
34518,797,Immune
34519,795,Excitatory_Neuron
34520,796,Excitatory_Neuron
34521,874,Excitatory_Neuron
34522,993,unassigned
34523,939,Excitatory_Neuron
34524,998,unassigned
34525,803,Excitatory_Neuron
34526,930,Excitatory_Neuron
34527,845,Excitatory_Neuron
34528,845,Excitatory_Neuron
34529,814,Excitatory_Neuron
34530,962,Excitatory_Neuron
34531,852,Excitatory_Neuron
34532,968,Excitatory_Neuron
34533,815,Excitatory_Neuron
34534,1002,unassigned
34535,818,Excitatory_Neuron
34536,906,Vascular
34537,982,unassigned
34538,992,unassigned
34539,799,Immune
34540,796,Excitatory_Neuron
34541,803,Excitatory_Neuron
34542,912,Excitatory_Neuron
34543,803,Excitatory_Neuron
34544,805,Immune
34545,805,Immune
34546,806,Excitatory_Neuron
34547,842,Excitatory_Neuron
34548,842,Excitatory_Neuron
34549,814,Excitatory_Neuron
34550,818,Excitatory_Neuron
34551,817,Excitatory_Neuron
34552,852,Excitatory_Neuron
34553,968,Excitatory_Neuron
34554,822,Excitatory_Neuron
34555,1018,unassigned
34556,902,Astro-Epen
34557,942,Excitatory_Neuron
34558,811,unassigned
34559,914,Excitatory_Neuron
34560,914,Excitatory_Neuron
34561,914,Excitatory_Neuron
34562,794,Excitatory_Neuron
34563,958,unassigned
34564,799,Immune
34565,799,Immune
34566,939,Excitatory_Neuron
34567,941,Excitatory_Neuron
34568,803,Excitatory_Neuron
34569,813,Excitatory_Neuron
34570,817,Excitatory_Neuron
34571,975,Excitatory_Neuron
34572,962,Excitatory_Neuron
34573,817,Excitatory_Neuron
34574,852,Excitatory_Neuron
34575,1003,unassigned
34576,852,Excitatory_Neuron
34577,902,Astro-Epen
34578,824,Excitatory_Neuron
34579,880,Excitatory_Neuron
34580,956,Excitatory_Neuron
34581,926,unassigned
34582,982,unassigned
34583,839,Vascular
34584,938,Immune
34585,1005,unassigned
34586,997,unassigned
34587,939,Excitatory_Neuron
34588,799,Immune
34589,939,Excitatory_Neuron
34590,800,Excitatory_Neuron
34591,1000,unassigned
34592,967,unassigned
34593,842,Excitatory_Neuron
34594,814,Excitatory_Neuron
34595,877,Excitatory_Neuron
34596,975,Excitatory_Neuron
34597,815,Excitatory_Neuron
34598,817,Excitatory_Neuron
34599,979,unassigned
34600,979,unassigned
34601,968,Excitatory_Neuron
34602,968,Excitatory_Neuron
34603,815,Excitatory_Neuron
34604,987,unassigned
34605,987,unassigned
34606,953,GABA_Neuron
34607,811,unassigned
34608,1016,unassigned
34609,1004,unassigned
34610,997,unassigned
34611,874,Excitatory_Neuron
34612,998,unassigned
34613,939,Excitatory_Neuron
34614,803,Excitatory_Neuron
34615,845,Excitatory_Neuron
34616,801,Excitatory_Neuron
34617,842,Excitatory_Neuron
34618,817,Excitatory_Neuron
34619,813,Excitatory_Neuron
34620,975,Excitatory_Neuron
34621,818,Excitatory_Neuron
34622,818,Excitatory_Neuron
34623,822,Excitatory_Neuron
34624,995,unassigned
34625,938,Immune
34626,914,Excitatory_Neuron
34627,992,unassigned
34628,799,Immune
34629,833,Excitatory_Neuron
34630,796,Excitatory_Neuron
34631,939,Excitatory_Neuron
34632,845,Excitatory_Neuron
34633,993,unassigned
34634,939,Excitatory_Neuron
34635,912,Excitatory_Neuron
34636,930,Excitatory_Neuron
34637,967,unassigned
34638,817,Excitatory_Neuron
34639,818,Excitatory_Neuron
34640,962,Excitatory_Neuron
34641,1003,unassigned
34642,898,Excitatory_Neuron
34643,898,Excitatory_Neuron
34644,824,Excitatory_Neuron
34645,906,Vascular
34646,880,Excitatory_Neuron
34647,978,unassigned
34648,996,unassigned
34649,839,Vascular
34650,992,unassigned
34651,797,Immune
34652,874,Excitatory_Neuron
34653,874,Excitatory_Neuron
34654,1004,unassigned
34655,799,Immune
34656,845,Excitatory_Neuron
34657,800,Excitatory_Neuron
34658,962,Excitatory_Neuron
34659,818,Excitatory_Neuron
34660,987,unassigned
34661,827,Excitatory_Neuron
34662,906,Vascular
34663,965,unassigned
34664,914,Excitatory_Neuron
34665,938,Immune
34666,938,Immune
34667,857,Vascular
34668,890,Excitatory_Neuron
34669,799,Immune
34670,800,Excitatory_Neuron
34671,800,Excitatory_Neuron
34672,1000,unassigned
34673,803,Excitatory_Neuron
34674,932,Excitatory_Neuron
34675,817,Excitatory_Neuron
34676,817,Excitatory_Neuron
34677,968,Excitatory_Neuron
34678,1003,unassigned
34679,1003,unassigned
34680,820,Excitatory_Neuron
34681,906,Vascular
34682,906,Vascular
34683,820,Excitatory_Neuron
34684,906,Vascular
34685,1019,unassigned
34686,914,Excitatory_Neuron
34687,837,Immune
34688,914,Excitatory_Neuron
34689,799,Immune
34690,799,Immune
34691,969,unassigned
34692,803,Excitatory_Neuron
34693,941,Excitatory_Neuron
34694,845,Excitatory_Neuron
34695,845,Excitatory_Neuron
34696,805,Immune
34697,805,Immune
34698,801,Excitatory_Neuron
34699,842,Excitatory_Neuron
34700,813,Excitatory_Neuron
34701,817,Excitatory_Neuron
34702,817,Excitatory_Neuron
34703,901,Excitatory_Neuron
34704,852,Excitatory_Neuron
34705,979,unassigned
34706,822,Excitatory_Neuron
34707,921,Astro-Epen
34708,978,unassigned
34709,906,Vascular
34710,978,unassigned
34711,921,Astro-Epen
34712,830,Excitatory_Neuron
34713,1005,unassigned
34714,992,unassigned
34715,939,Excitatory_Neuron
34716,803,Excitatory_Neuron
34717,800,Excitatory_Neuron
34718,803,Excitatory_Neuron
34719,947,Excitatory_Neuron
34720,842,Excitatory_Neuron
34721,975,Excitatory_Neuron
34722,932,Excitatory_Neuron
34723,818,Excitatory_Neuron
34724,815,Excitatory_Neuron
34725,978,unassigned
34726,795,Excitatory_Neuron
34727,839,Vascular
34728,839,Vascular
34729,797,Immune
34730,992,unassigned
34731,1000,unassigned
34732,967,unassigned
34733,893,Excitatory_Neuron
34734,975,Excitatory_Neuron
34735,814,Excitatory_Neuron
34736,814,Excitatory_Neuron
34737,877,Excitatory_Neuron
34738,817,Excitatory_Neuron
34739,852,Excitatory_Neuron
34740,815,Excitatory_Neuron
34741,815,Excitatory_Neuron
34742,824,Excitatory_Neuron
34743,822,Excitatory_Neuron
34744,968,Excitatory_Neuron
34745,815,Excitatory_Neuron
34746,968,Excitatory_Neuron
34747,822,Excitatory_Neuron
34748,921,Astro-Epen
34749,956,Excitatory_Neuron
34750,1008,unassigned
34751,938,Immune
34752,914,Excitatory_Neuron
34753,797,Immune
34754,797,Immune
34755,858,Excitatory_Neuron
34756,845,Excitatory_Neuron
34757,939,Excitatory_Neuron
34758,939,Excitatory_Neuron
34759,805,Immune
34760,803,Excitatory_Neuron
34761,967,unassigned
34762,842,Excitatory_Neuron
34763,814,Excitatory_Neuron
34764,962,Excitatory_Neuron
34765,852,Excitatory_Neuron
34766,932,Excitatory_Neuron
34767,968,Excitatory_Neuron
34768,824,Excitatory_Neuron
34769,1003,unassigned
34770,902,Astro-Epen
34771,1020,unassigned
34772,942,Excitatory_Neuron
34773,978,unassigned
34774,965,unassigned
34775,827,Excitatory_Neuron
34776,914,Excitatory_Neuron
34777,857,Vascular
34778,797,Immune
34779,1005,unassigned
34780,799,Immune
34781,833,Excitatory_Neuron
34782,800,Excitatory_Neuron
34783,801,Excitatory_Neuron
34784,805,Immune
34785,842,Excitatory_Neuron
34786,1021,unassigned
34787,817,Excitatory_Neuron
34788,852,Excitatory_Neuron
34789,822,Excitatory_Neuron
34790,955,Excitatory_Neuron
34791,942,Excitatory_Neuron
34792,880,Excitatory_Neuron
34793,965,unassigned
34794,996,unassigned
34795,857,Vascular
34796,904,GABA_Neuron
34797,833,Excitatory_Neuron
34798,803,Excitatory_Neuron
34799,800,Excitatory_Neuron
34800,980,unassigned
34801,1001,unassigned
34802,805,Immune
34803,967,unassigned
34804,842,Excitatory_Neuron
34805,814,Excitatory_Neuron
34806,814,Excitatory_Neuron
34807,817,Excitatory_Neuron
34808,815,Excitatory_Neuron
34809,815,Excitatory_Neuron
34810,898,Excitatory_Neuron
34811,921,Astro-Epen
34812,906,Vascular
34813,978,unassigned
34814,837,Immune
34815,996,unassigned
34816,938,Immune
34817,794,Excitatory_Neuron
34818,794,Excitatory_Neuron
34819,958,unassigned
34820,874,Excitatory_Neuron
34821,997,unassigned
34822,799,Immune
34823,800,Excitatory_Neuron
34824,818,Excitatory_Neuron
34825,817,Excitatory_Neuron
34826,1003,unassigned
34827,985,unassigned
34828,1003,unassigned
34829,1003,unassigned
34830,955,Excitatory_Neuron
34831,1022,unassigned
34832,880,Excitatory_Neuron
34833,972,unassigned
34834,914,Excitatory_Neuron
34835,794,Excitatory_Neuron
34836,857,Vascular
34837,794,Excitatory_Neuron
34838,795,Excitatory_Neuron
34839,795,Excitatory_Neuron
34840,992,unassigned
34841,890,Excitatory_Neuron
34842,845,Excitatory_Neuron
34843,941,Excitatory_Neuron
34844,967,unassigned
34845,801,Excitatory_Neuron
34846,967,unassigned
34847,805,Immune
34848,818,Excitatory_Neuron
34849,975,Excitatory_Neuron
34850,877,Excitatory_Neuron
34851,985,unassigned
34852,902,Astro-Epen
34853,1008,unassigned
34854,830,Excitatory_Neuron
34855,996,unassigned
34856,993,unassigned
34857,799,Immune
34858,863,Excitatory_Neuron
34859,800,Excitatory_Neuron
34860,803,Excitatory_Neuron
34861,805,Immune
34862,806,Excitatory_Neuron
34863,805,Immune
34864,967,unassigned
34865,967,unassigned
34866,813,Excitatory_Neuron
34867,893,Excitatory_Neuron
34868,818,Excitatory_Neuron
34869,818,Excitatory_Neuron
34870,962,Excitatory_Neuron
34871,852,Excitatory_Neuron
34872,815,Excitatory_Neuron
34873,815,Excitatory_Neuron
34874,985,unassigned
34875,979,unassigned
34876,824,Excitatory_Neuron
34877,955,Excitatory_Neuron
34878,902,Astro-Epen
34879,824,Excitatory_Neuron
34880,824,Excitatory_Neuron
34881,880,Excitatory_Neuron
34882,921,Astro-Epen
34883,1014,unassigned
34884,839,Vascular
34885,874,Excitatory_Neuron
34886,795,Excitatory_Neuron
34887,797,Immune
34888,796,Excitatory_Neuron
34889,845,Excitatory_Neuron
34890,858,Excitatory_Neuron
34891,803,Excitatory_Neuron
34892,801,Excitatory_Neuron
34893,801,Excitatory_Neuron
34894,801,Excitatory_Neuron
34895,947,Excitatory_Neuron
34896,805,Immune
34897,805,Immune
34898,814,Excitatory_Neuron
34899,975,Excitatory_Neuron
34900,975,Excitatory_Neuron
34901,968,Excitatory_Neuron
34902,818,Excitatory_Neuron
34903,815,Excitatory_Neuron
34904,968,Excitatory_Neuron
34905,821,Excitatory_Neuron
34906,898,Excitatory_Neuron
34907,822,Excitatory_Neuron
34908,987,unassigned
34909,830,Excitatory_Neuron
34910,857,Vascular
34911,839,Vascular
34912,1005,unassigned
34913,799,Immune
34914,998,unassigned
34915,799,Immune
34916,803,Excitatory_Neuron
34917,805,Immune
34918,805,Immune
34919,975,Excitatory_Neuron
34920,813,Excitatory_Neuron
34921,975,Excitatory_Neuron
34922,852,Excitatory_Neuron
34923,987,unassigned
34924,902,Astro-Epen
34925,827,Excitatory_Neuron
34926,827,Excitatory_Neuron
34927,794,Excitatory_Neuron
34928,874,Excitatory_Neuron
34929,797,Immune
34930,998,unassigned
34931,993,unassigned
34932,845,Excitatory_Neuron
34933,845,Excitatory_Neuron
34934,805,Immune
34935,805,Immune
34936,947,Excitatory_Neuron
34937,962,Excitatory_Neuron
34938,815,Excitatory_Neuron
34939,1003,unassigned
34940,968,Excitatory_Neuron
34941,815,Excitatory_Neuron
34942,1003,unassigned
34943,827,Excitatory_Neuron
34944,1019,unassigned
34945,965,unassigned
34946,914,Excitatory_Neuron
34947,837,Immune
34948,959,unassigned
34949,938,Immune
34950,799,Immune
34951,890,Excitatory_Neuron
34952,997,unassigned
34953,803,Excitatory_Neuron
34954,993,unassigned
34955,1000,unassigned
34956,805,Immune
34957,805,Immune
34958,805,Immune
34959,805,Immune
34960,842,Excitatory_Neuron
34961,877,Excitatory_Neuron
34962,979,unassigned
34963,985,unassigned
34964,815,Excitatory_Neuron
34965,822,Excitatory_Neuron
34966,898,Excitatory_Neuron
34967,1018,unassigned
34968,880,Excitatory_Neuron
34969,965,unassigned
34970,914,Excitatory_Neuron
34971,874,Excitatory_Neuron
34972,993,unassigned
34973,803,Excitatory_Neuron
34974,806,Excitatory_Neuron
34975,805,Immune
34976,947,Excitatory_Neuron
34977,818,Excitatory_Neuron
34978,818,Excitatory_Neuron
34979,1003,unassigned
34980,822,Excitatory_Neuron
34981,955,Excitatory_Neuron
34982,880,Excitatory_Neuron
34983,921,Astro-Epen
34984,1014,unassigned
34985,1010,unassigned
34986,797,Immune
34987,799,Immune
34988,797,Immune
34989,992,unassigned
34990,989,unassigned
34991,874,Excitatory_Neuron
34992,796,Excitatory_Neuron
34993,858,Excitatory_Neuron
34994,863,Excitatory_Neuron
34995,863,Excitatory_Neuron
34996,845,Excitatory_Neuron
34997,941,Excitatory_Neuron
34998,805,Immune
34999,803,Excitatory_Neuron
35000,800,Excitatory_Neuron
35001,1000,unassigned
35002,805,Immune
35003,818,Excitatory_Neuron
35004,968,Excitatory_Neuron
35005,822,Excitatory_Neuron
35006,956,Excitatory_Neuron
35007,978,unassigned
35008,956,Excitatory_Neuron
35009,965,unassigned
35010,839,Vascular
35011,811,unassigned
35012,993,unassigned
35013,993,unassigned
35014,845,Excitatory_Neuron
35015,845,Excitatory_Neuron
35016,1001,unassigned
35017,1000,unassigned
35018,805,Immune
35019,893,Excitatory_Neuron
35020,842,Excitatory_Neuron
35021,813,Excitatory_Neuron
35022,815,Excitatory_Neuron
35023,821,Excitatory_Neuron
35024,902,Astro-Epen
35025,921,Astro-Epen
35026,1014,unassigned
35027,1019,unassigned
35028,827,Excitatory_Neuron
35029,965,unassigned
35030,995,unassigned
35031,914,Excitatory_Neuron
35032,797,Immune
35033,799,Immune
35034,799,Immune
35035,805,Immune
35036,805,Immune
35037,947,Excitatory_Neuron
35038,814,Excitatory_Neuron
35039,815,Excitatory_Neuron
35040,817,Excitatory_Neuron
35041,815,Excitatory_Neuron
35042,979,unassigned
35043,979,unassigned
35044,822,Excitatory_Neuron
35045,898,Excitatory_Neuron
35046,955,Excitatory_Neuron
35047,906,Vascular
35048,978,unassigned
35049,999,unassigned
35050,1014,unassigned
35051,914,Excitatory_Neuron
35052,914,Excitatory_Neuron
35053,1005,unassigned
35054,1005,unassigned
35055,874,Excitatory_Neuron
35056,795,Excitatory_Neuron
35057,874,Excitatory_Neuron
35058,858,Excitatory_Neuron
35059,980,unassigned
35060,805,Immune
35061,1000,unassigned
35062,947,Excitatory_Neuron
35063,817,Excitatory_Neuron
35064,817,Excitatory_Neuron
35065,962,Excitatory_Neuron
35066,985,unassigned
35067,968,Excitatory_Neuron
35068,815,Excitatory_Neuron
35069,979,unassigned
35070,898,Excitatory_Neuron
35071,979,unassigned
35072,822,Excitatory_Neuron
35073,898,Excitatory_Neuron
35074,1023,unassigned
35075,822,Excitatory_Neuron
35076,822,Excitatory_Neuron
35077,906,Vascular
35078,942,Excitatory_Neuron
35079,827,Excitatory_Neuron
35080,880,Excitatory_Neuron
35081,926,unassigned
35082,856,Astro-Epen
35083,797,Immune
35084,874,Excitatory_Neuron
35085,874,Excitatory_Neuron
35086,969,unassigned
35087,858,Excitatory_Neuron
35088,858,Excitatory_Neuron
35089,980,unassigned
35090,806,Excitatory_Neuron
35091,845,Excitatory_Neuron
35092,806,Excitatory_Neuron
35093,803,Excitatory_Neuron
35094,947,Excitatory_Neuron
35095,805,Immune
35096,967,unassigned
35097,842,Excitatory_Neuron
35098,877,Excitatory_Neuron
35099,821,Excitatory_Neuron
35100,898,Excitatory_Neuron
35101,880,Excitatory_Neuron
35102,857,Vascular
35103,857,Vascular
35104,799,Immune
35105,998,unassigned
35106,912,Excitatory_Neuron
35107,803,Excitatory_Neuron
35108,805,Immune
35109,813,Excitatory_Neuron
35110,968,Excitatory_Neuron
35111,906,Vascular
35112,921,Astro-Epen
35113,1019,unassigned
35114,830,Excitatory_Neuron
35115,959,unassigned
35116,992,unassigned
35117,839,Vascular
35118,797,Immune
35119,796,Excitatory_Neuron
35120,811,unassigned
35121,845,Excitatory_Neuron
35122,800,Excitatory_Neuron
35123,803,Excitatory_Neuron
35124,967,unassigned
35125,975,Excitatory_Neuron
35126,975,Excitatory_Neuron
35127,818,Excitatory_Neuron
35128,1024,unassigned
35129,815,Excitatory_Neuron
35130,824,Excitatory_Neuron
35131,955,Excitatory_Neuron
35132,906,Vascular
35133,906,Vascular
35134,880,Excitatory_Neuron
35135,827,Excitatory_Neuron
35136,965,unassigned
35137,1014,unassigned
35138,965,unassigned
35139,890,Excitatory_Neuron
35140,799,Immune
35141,993,unassigned
35142,800,Excitatory_Neuron
35143,813,Excitatory_Neuron
35144,975,Excitatory_Neuron
35145,877,Excitatory_Neuron
35146,815,Excitatory_Neuron
35147,898,Excitatory_Neuron
35148,821,Excitatory_Neuron
35149,822,Excitatory_Neuron
35150,955,Excitatory_Neuron
35151,955,Excitatory_Neuron
35152,827,Excitatory_Neuron
35153,1025,unassigned
35154,1019,unassigned
35155,830,Excitatory_Neuron
35156,837,Immune
35157,837,Immune
35158,794,Excitatory_Neuron
35159,1026,unassigned
35160,1026,unassigned
35161,1027,unassigned
35162,803,Excitatory_Neuron
35163,845,Excitatory_Neuron
35164,845,Excitatory_Neuron
35165,1001,unassigned
35166,967,unassigned
35167,967,unassigned
35168,811,unassigned
35169,818,Excitatory_Neuron
35170,975,Excitatory_Neuron
35171,852,Excitatory_Neuron
35172,898,Excitatory_Neuron
35173,898,Excitatory_Neuron
35174,955,Excitatory_Neuron
35175,1022,unassigned
35176,827,Excitatory_Neuron
35177,856,Astro-Epen
35178,1028,unassigned
35179,959,unassigned
35180,797,Immune
35181,811,unassigned
35182,803,Excitatory_Neuron
35183,800,Excitatory_Neuron
35184,801,Excitatory_Neuron
35185,967,unassigned
35186,818,Excitatory_Neuron
35187,842,Excitatory_Neuron
35188,968,Excitatory_Neuron
35189,852,Excitatory_Neuron
35190,1029,unassigned
35191,794,Excitatory_Neuron
35192,803,Excitatory_Neuron
35193,800,Excitatory_Neuron
35194,805,Immune
35195,805,Immune
35196,805,Immune
35197,803,Excitatory_Neuron
35198,805,Immune
35199,967,unassigned
35200,947,Excitatory_Neuron
35201,814,Excitatory_Neuron
35202,975,Excitatory_Neuron
35203,842,Excitatory_Neuron
35204,901,Excitatory_Neuron
35205,962,Excitatory_Neuron
35206,818,Excitatory_Neuron
35207,962,Excitatory_Neuron
35208,818,Excitatory_Neuron
35209,971,unassigned
35210,822,Excitatory_Neuron
35211,902,Astro-Epen
35212,824,Excitatory_Neuron
35213,880,Excitatory_Neuron
35214,956,Excitatory_Neuron
35215,906,Vascular
35216,978,unassigned
35217,978,unassigned
35218,1008,unassigned
35219,827,Excitatory_Neuron
35220,1006,unassigned
35221,830,Excitatory_Neuron
35222,811,unassigned
35223,811,unassigned
35224,937,unassigned
35225,799,Immune
35226,912,Excitatory_Neuron
35227,845,Excitatory_Neuron
35228,901,Excitatory_Neuron
35229,852,Excitatory_Neuron
35230,815,Excitatory_Neuron
35231,824,Excitatory_Neuron
35232,979,unassigned
35233,898,Excitatory_Neuron
35234,827,Excitatory_Neuron
35235,998,unassigned
35236,962,Excitatory_Neuron
35237,818,Excitatory_Neuron
35238,898,Excitatory_Neuron
35239,955,Excitatory_Neuron
35240,938,Immune
35241,1029,unassigned
35242,992,unassigned
35243,799,Immune
35244,799,Immune
35245,796,Excitatory_Neuron
35246,799,Immune
35247,998,unassigned
35248,799,Immune
35249,993,unassigned
35250,912,Excitatory_Neuron
35251,858,Excitatory_Neuron
35252,800,Excitatory_Neuron
35253,947,Excitatory_Neuron
35254,842,Excitatory_Neuron
35255,818,Excitatory_Neuron
35256,842,Excitatory_Neuron
35257,813,Excitatory_Neuron
35258,817,Excitatory_Neuron
35259,817,Excitatory_Neuron
35260,877,Excitatory_Neuron
35261,814,Excitatory_Neuron
35262,818,Excitatory_Neuron
35263,932,Excitatory_Neuron
35264,817,Excitatory_Neuron
35265,817,Excitatory_Neuron
35266,962,Excitatory_Neuron
35267,932,Excitatory_Neuron
35268,1003,unassigned
35269,979,unassigned
35270,898,Excitatory_Neuron
35271,1003,unassigned
35272,815,Excitatory_Neuron
35273,987,unassigned
35274,955,Excitatory_Neuron
35275,955,Excitatory_Neuron
35276,906,Vascular
35277,942,Excitatory_Neuron
35278,1014,unassigned
35279,1030,Excitatory_Neuron
35280,1031,Excitatory_Neuron
35281,1032,Astro-Epen
35282,1031,Excitatory_Neuron
35283,1031,Excitatory_Neuron
35284,1033,Astro-Epen
35285,1034,Excitatory_Neuron
35286,1035,GABA_Neuron
35287,1034,Excitatory_Neuron
35288,1034,Excitatory_Neuron
35289,1036,unassigned
35290,1034,Excitatory_Neuron
35291,1031,Excitatory_Neuron
35292,1037,Excitatory_Neuron
35293,1034,Excitatory_Neuron
35294,1037,Excitatory_Neuron
35295,1037,Excitatory_Neuron
35296,1038,unassigned
35297,1039,Excitatory_Neuron
35298,1040,Immune
35299,1040,Immune
35300,1030,Excitatory_Neuron
35301,1041,unassigned
35302,1035,GABA_Neuron
35303,1034,Excitatory_Neuron
35304,1042,unassigned
35305,1043,unassigned
35306,1044,Excitatory_Neuron
35307,1045,Excitatory_Neuron
35308,1046,unassigned
35309,1043,unassigned
35310,1043,unassigned
35311,1030,Excitatory_Neuron
35312,1031,Excitatory_Neuron
35313,1031,Excitatory_Neuron
35314,1031,Excitatory_Neuron
35315,1041,unassigned
35316,1041,unassigned
35317,1034,Excitatory_Neuron
35318,1034,Excitatory_Neuron
35319,1037,Excitatory_Neuron
35320,1047,Excitatory_Neuron
35321,1040,Immune
35322,1038,unassigned
35323,1040,Immune
35324,1048,Excitatory_Neuron
35325,1049,unassigned
35326,1050,Excitatory_Neuron
35327,1051,Astro-Epen
35328,1051,Astro-Epen
35329,1052,unassigned
35330,1052,unassigned
35331,1053,Excitatory_Neuron
35332,1054,Excitatory_Neuron
35333,1053,Excitatory_Neuron
35334,1053,Excitatory_Neuron
35335,1052,unassigned
35336,1053,Excitatory_Neuron
35337,1052,unassigned
35338,1052,unassigned
35339,1052,unassigned
35340,1053,Excitatory_Neuron
35341,1053,Excitatory_Neuron
35342,1055,unassigned
35343,1054,Excitatory_Neuron
35344,1045,Excitatory_Neuron
35345,1043,unassigned
35346,1045,Excitatory_Neuron
35347,1053,Excitatory_Neuron
35348,1055,unassigned
35349,1044,Excitatory_Neuron
35350,1044,Excitatory_Neuron
35351,1056,unassigned
35352,1056,unassigned
35353,1053,Excitatory_Neuron
35354,1057,Excitatory_Neuron
35355,1043,unassigned
35356,1053,Excitatory_Neuron
35357,1057,Excitatory_Neuron
35358,1058,Excitatory_Neuron
35359,1057,Excitatory_Neuron
35360,1057,Excitatory_Neuron
35361,1059,Astro-Epen
35362,1060,unassigned
35363,1060,unassigned
35364,1060,unassigned
35365,1061,Astro-Epen
35366,1060,unassigned
35367,1059,Astro-Epen
35368,1060,unassigned
35369,1060,unassigned
35370,1061,Astro-Epen
35371,1057,Excitatory_Neuron
35372,1043,unassigned
35373,1062,Excitatory_Neuron
35374,1061,Astro-Epen
35375,1063,Excitatory_Neuron
35376,1064,Excitatory_Neuron
35377,1064,Excitatory_Neuron
35378,1064,Excitatory_Neuron
35379,1065,unassigned
35380,1032,Astro-Epen
35381,1047,Excitatory_Neuron
35382,1047,Excitatory_Neuron
35383,1042,unassigned
35384,1062,Excitatory_Neuron
35385,1066,unassigned
35386,1034,Excitatory_Neuron
35387,1042,unassigned
35388,1067,Excitatory_Neuron
35389,1062,Excitatory_Neuron
35390,1032,Astro-Epen
35391,1034,Excitatory_Neuron
35392,1039,Excitatory_Neuron
35393,1036,unassigned
35394,1047,Excitatory_Neuron
35395,1039,Excitatory_Neuron
35396,1057,Excitatory_Neuron
35397,1034,Excitatory_Neuron
35398,1040,Immune
35399,1045,Excitatory_Neuron
35400,1056,unassigned
35401,1057,Excitatory_Neuron
35402,1057,Excitatory_Neuron
35403,1060,unassigned
35404,1057,Excitatory_Neuron
35405,1068,unassigned
35406,1069,unassigned
35407,1031,Excitatory_Neuron
35408,1066,unassigned
35409,1040,Immune
35410,1040,Immune
35411,1070,unassigned
35412,1040,Immune
35413,1040,Immune
35414,1045,Excitatory_Neuron
35415,1053,Excitatory_Neuron
35416,1053,Excitatory_Neuron
35417,1067,Excitatory_Neuron
35418,1071,unassigned
35419,1064,Excitatory_Neuron
35420,1030,Excitatory_Neuron
35421,1034,Excitatory_Neuron
35422,1034,Excitatory_Neuron
35423,1035,GABA_Neuron
35424,1037,Excitatory_Neuron
35425,1037,Excitatory_Neuron
35426,1040,Immune
35427,1038,unassigned
35428,1049,unassigned
35429,1038,unassigned
35430,1072,unassigned
35431,1053,Excitatory_Neuron
35432,1053,Excitatory_Neuron
35433,1053,Excitatory_Neuron
35434,1055,unassigned
35435,1055,unassigned
35436,1056,unassigned
35437,1058,Excitatory_Neuron
35438,1057,Excitatory_Neuron
35439,1057,Excitatory_Neuron
35440,1060,unassigned
35441,1063,Excitatory_Neuron
35442,1064,Excitatory_Neuron
35443,1037,Excitatory_Neuron
35444,1031,Excitatory_Neuron
35445,1040,Immune
35446,1040,Immune
35447,1060,unassigned
35448,1071,unassigned
35449,1041,unassigned
35450,1034,Excitatory_Neuron
35451,1034,Excitatory_Neuron
35452,1037,Excitatory_Neuron
35453,1073,unassigned
35454,1074,Excitatory_Neuron
35455,1040,Immune
35456,1067,Excitatory_Neuron
35457,1062,Excitatory_Neuron
35458,1062,Excitatory_Neuron
35459,1057,Excitatory_Neuron
35460,1062,Excitatory_Neuron
35461,1032,Astro-Epen
35462,1031,Excitatory_Neuron
35463,1066,unassigned
35464,1045,Excitatory_Neuron
35465,1067,Excitatory_Neuron
35466,1059,Astro-Epen
35467,1063,Excitatory_Neuron
35468,1061,Astro-Epen
35469,1036,unassigned
35470,1038,unassigned
35471,1043,unassigned
35472,1045,Excitatory_Neuron
35473,1052,unassigned
35474,1054,Excitatory_Neuron
35475,1045,Excitatory_Neuron
35476,1053,Excitatory_Neuron
35477,1057,Excitatory_Neuron
35478,1060,unassigned
35479,1059,Astro-Epen
35480,1075,unassigned
35481,1071,unassigned
35482,1063,Excitatory_Neuron
35483,1068,unassigned
35484,1076,Excitatory_Neuron
35485,1077,unassigned
35486,1035,GABA_Neuron
35487,1034,Excitatory_Neuron
35488,1031,Excitatory_Neuron
35489,1049,unassigned
35490,1049,unassigned
35491,1052,unassigned
35492,1052,unassigned
35493,1044,Excitatory_Neuron
35494,1055,unassigned
35495,1053,Excitatory_Neuron
35496,1067,Excitatory_Neuron
35497,1062,Excitatory_Neuron
35498,1060,unassigned
35499,1043,unassigned
35500,1030,Excitatory_Neuron
35501,1041,unassigned
35502,1034,Excitatory_Neuron
35503,1078,unassigned
35504,1040,Immune
35505,1048,Excitatory_Neuron
35506,1040,Immune
35507,1045,Excitatory_Neuron
35508,1054,Excitatory_Neuron
35509,1062,Excitatory_Neuron
35510,1060,unassigned
35511,1043,unassigned
35512,1030,Excitatory_Neuron
35513,1032,Astro-Epen
35514,1031,Excitatory_Neuron
35515,1070,unassigned
35516,1039,Excitatory_Neuron
35517,1070,unassigned
35518,1040,Immune
35519,1049,unassigned
35520,1043,unassigned
35521,1054,Excitatory_Neuron
35522,1045,Excitatory_Neuron
35523,1053,Excitatory_Neuron
35524,1067,Excitatory_Neuron
35525,1059,Astro-Epen
35526,1062,Excitatory_Neuron
35527,1035,GABA_Neuron
35528,1035,GABA_Neuron
35529,1034,Excitatory_Neuron
35530,1048,Excitatory_Neuron
35531,1048,Excitatory_Neuron
35532,1051,Astro-Epen
35533,1045,Excitatory_Neuron
35534,1054,Excitatory_Neuron
35535,1061,Astro-Epen
35536,1064,Excitatory_Neuron
35537,1032,Astro-Epen
35538,1031,Excitatory_Neuron
35539,1031,Excitatory_Neuron
35540,1079,unassigned
35541,1052,unassigned
35542,1057,Excitatory_Neuron
35543,1053,Excitatory_Neuron
35544,1046,unassigned
35545,1080,unassigned
35546,1030,Excitatory_Neuron
35547,1034,Excitatory_Neuron
35548,1040,Immune
35549,1045,Excitatory_Neuron
35550,1062,Excitatory_Neuron
35551,1067,Excitatory_Neuron
35552,1059,Astro-Epen
35553,1034,Excitatory_Neuron
35554,1034,Excitatory_Neuron
35555,1035,GABA_Neuron
35556,1040,Immune
35557,1070,unassigned
35558,1045,Excitatory_Neuron
35559,1053,Excitatory_Neuron
35560,1053,Excitatory_Neuron
35561,1057,Excitatory_Neuron
35562,1061,Astro-Epen
35563,1059,Astro-Epen
35564,1076,Excitatory_Neuron
35565,1041,unassigned
35566,1034,Excitatory_Neuron
35567,1040,Immune
35568,1081,unassigned
35569,1081,unassigned
35570,1055,unassigned
35571,1053,Excitatory_Neuron
35572,1059,Astro-Epen
35573,1059,Astro-Epen
35574,1060,unassigned
35575,1057,Excitatory_Neuron
35576,1030,Excitatory_Neuron
35577,1082,unassigned
35578,1036,unassigned
35579,1072,unassigned
35580,1081,unassigned
35581,1052,unassigned
35582,1045,Excitatory_Neuron
35583,1083,unassigned
35584,1062,Excitatory_Neuron
35585,1059,Astro-Epen
35586,1071,unassigned
35587,1043,unassigned
35588,1043,unassigned
35589,1049,unassigned
35590,1053,Excitatory_Neuron
35591,1056,unassigned
35592,1046,unassigned
35593,1063,Excitatory_Neuron
35594,1030,Excitatory_Neuron
35595,1076,Excitatory_Neuron
35596,1035,GABA_Neuron
35597,1074,Excitatory_Neuron
35598,1040,Immune
35599,1040,Immune
35600,1043,unassigned
35601,1053,Excitatory_Neuron
35602,1056,unassigned
35603,1044,Excitatory_Neuron
35604,1054,Excitatory_Neuron
35605,1067,Excitatory_Neuron
35606,1067,Excitatory_Neuron
35607,1064,Excitatory_Neuron
35608,1037,Excitatory_Neuron
35609,1037,Excitatory_Neuron
35610,1070,unassigned
35611,1045,Excitatory_Neuron
35612,1079,unassigned
35613,1055,unassigned
35614,1084,Immune
35615,1059,Astro-Epen
35616,1075,unassigned
35617,1062,Excitatory_Neuron
35618,1064,Excitatory_Neuron
35619,1063,Excitatory_Neuron
35620,1041,unassigned
35621,1066,unassigned
35622,1044,Excitatory_Neuron
35623,1059,Astro-Epen
35624,1064,Excitatory_Neuron
35625,1071,unassigned
35626,1030,Excitatory_Neuron
35627,1076,Excitatory_Neuron
35628,1035,GABA_Neuron
35629,1037,Excitatory_Neuron
35630,1039,Excitatory_Neuron
35631,1074,Excitatory_Neuron
35632,1085,unassigned
35633,1040,Immune
35634,1045,Excitatory_Neuron
35635,1063,Excitatory_Neuron
35636,1061,Astro-Epen
35637,1030,Excitatory_Neuron
35638,1076,Excitatory_Neuron
35639,1035,GABA_Neuron
35640,1035,GABA_Neuron
35641,1035,GABA_Neuron
35642,1035,GABA_Neuron
35643,1074,Excitatory_Neuron
35644,1038,unassigned
35645,1040,Immune
35646,1081,unassigned
35647,1053,Excitatory_Neuron
35648,1052,unassigned
35649,1043,unassigned
35650,1057,Excitatory_Neuron
35651,1057,Excitatory_Neuron
35652,1057,Excitatory_Neuron
35653,1059,Astro-Epen
35654,1059,Astro-Epen
35655,1063,Excitatory_Neuron
35656,1030,Excitatory_Neuron
35657,1076,Excitatory_Neuron
35658,1035,GABA_Neuron
35659,1035,GABA_Neuron
35660,1034,Excitatory_Neuron
35661,1039,Excitatory_Neuron
35662,1037,Excitatory_Neuron
35663,1074,Excitatory_Neuron
35664,1040,Immune
35665,1072,unassigned
35666,1043,unassigned
35667,1061,Astro-Epen
35668,1061,Astro-Epen
35669,1071,unassigned
35670,1030,Excitatory_Neuron
35671,1035,GABA_Neuron
35672,1038,unassigned
35673,1040,Immune
35674,1050,Excitatory_Neuron
35675,1040,Immune
35676,1051,Astro-Epen
35677,1045,Excitatory_Neuron
35678,1044,Excitatory_Neuron
35679,1057,Excitatory_Neuron
35680,1055,unassigned
35681,1057,Excitatory_Neuron
35682,1062,Excitatory_Neuron
35683,1064,Excitatory_Neuron
35684,1068,unassigned
35685,1076,Excitatory_Neuron
35686,1037,Excitatory_Neuron
35687,1070,unassigned
35688,1079,unassigned
35689,1044,Excitatory_Neuron
35690,1057,Excitatory_Neuron
35691,1057,Excitatory_Neuron
35692,1084,Immune
35693,1059,Astro-Epen
35694,1075,unassigned
35695,1080,unassigned
35696,1030,Excitatory_Neuron
35697,1076,Excitatory_Neuron
35698,1086,Astro-Epen
35699,1031,Excitatory_Neuron
35700,1031,Excitatory_Neuron
35701,1041,unassigned
35702,1037,Excitatory_Neuron
35703,1047,Excitatory_Neuron
35704,1038,unassigned
35705,1040,Immune
35706,1085,unassigned
35707,1050,Excitatory_Neuron
35708,1043,unassigned
35709,1057,Excitatory_Neuron
35710,1046,unassigned
35711,1062,Excitatory_Neuron
35712,1059,Astro-Epen
35713,1064,Excitatory_Neuron
35714,1061,Astro-Epen
35715,1069,unassigned
35716,1041,unassigned
35717,1040,Immune
35718,1070,unassigned
35719,1040,Immune
35720,1040,Immune
35721,1081,unassigned
35722,1053,Excitatory_Neuron
35723,1045,Excitatory_Neuron
35724,1044,Excitatory_Neuron
35725,1057,Excitatory_Neuron
35726,1059,Astro-Epen
35727,1060,unassigned
35728,1070,unassigned
35729,1040,Immune
35730,1044,Excitatory_Neuron
35731,1057,Excitatory_Neuron
35732,1076,Excitatory_Neuron
35733,1082,unassigned
35734,1037,Excitatory_Neuron
35735,1037,Excitatory_Neuron
35736,1074,Excitatory_Neuron
35737,1040,Immune
35738,1040,Immune
35739,1040,Immune
35740,1081,unassigned
35741,1083,unassigned
35742,1045,Excitatory_Neuron
35743,1053,Excitatory_Neuron
35744,1059,Astro-Epen
35745,1060,unassigned
35746,1059,Astro-Epen
35747,1041,unassigned
35748,1034,Excitatory_Neuron
35749,1047,Excitatory_Neuron
35750,1052,unassigned
35751,1083,unassigned
35752,1045,Excitatory_Neuron
35753,1044,Excitatory_Neuron
35754,1084,Immune
35755,1061,Astro-Epen
35756,1071,unassigned
35757,1031,Excitatory_Neuron
35758,1031,Excitatory_Neuron
35759,1031,Excitatory_Neuron
35760,1035,GABA_Neuron
35761,1034,Excitatory_Neuron
35762,1037,Excitatory_Neuron
35763,1043,unassigned
35764,1055,unassigned
35765,1044,Excitatory_Neuron
35766,1053,Excitatory_Neuron
35767,1087,Excitatory_Neuron
35768,1057,Excitatory_Neuron
35769,1062,Excitatory_Neuron
35770,1059,Astro-Epen
35771,1057,Excitatory_Neuron
35772,1061,Astro-Epen
35773,1064,Excitatory_Neuron
35774,1062,Excitatory_Neuron
35775,1030,Excitatory_Neuron
35776,1030,Excitatory_Neuron
35777,1034,Excitatory_Neuron
35778,1031,Excitatory_Neuron
35779,1047,Excitatory_Neuron
35780,1039,Excitatory_Neuron
35781,1048,Excitatory_Neuron
35782,1072,unassigned
35783,1072,unassigned
35784,1083,unassigned
35785,1053,Excitatory_Neuron
35786,1064,Excitatory_Neuron
35787,1062,Excitatory_Neuron
35788,1030,Excitatory_Neuron
35789,1041,unassigned
35790,1035,GABA_Neuron
35791,1038,unassigned
35792,1040,Immune
35793,1045,Excitatory_Neuron
35794,1043,unassigned
35795,1044,Excitatory_Neuron
35796,1059,Astro-Epen
35797,1059,Astro-Epen
35798,1057,Excitatory_Neuron
35799,1057,Excitatory_Neuron
35800,1059,Astro-Epen
35801,1060,unassigned
35802,1041,unassigned
35803,1048,Excitatory_Neuron
35804,1048,Excitatory_Neuron
35805,1085,unassigned
35806,1072,unassigned
35807,1083,unassigned
35808,1045,Excitatory_Neuron
35809,1044,Excitatory_Neuron
35810,1067,Excitatory_Neuron
35811,1059,Astro-Epen
35812,1037,Excitatory_Neuron
35813,1052,unassigned
35814,1053,Excitatory_Neuron
35815,1053,Excitatory_Neuron
35816,1053,Excitatory_Neuron
35817,1053,Excitatory_Neuron
35818,1057,Excitatory_Neuron
35819,1061,Astro-Epen
35820,1031,Excitatory_Neuron
35821,1031,Excitatory_Neuron
35822,1037,Excitatory_Neuron
35823,1036,unassigned
35824,1039,Excitatory_Neuron
35825,1085,unassigned
35826,1085,unassigned
35827,1045,Excitatory_Neuron
35828,1083,unassigned
35829,1044,Excitatory_Neuron
35830,1057,Excitatory_Neuron
35831,1058,Excitatory_Neuron
35832,1059,Astro-Epen
35833,1061,Astro-Epen
35834,1064,Excitatory_Neuron
35835,1088,unassigned
35836,1037,Excitatory_Neuron
35837,1074,Excitatory_Neuron
35838,1039,Excitatory_Neuron
35839,1048,Excitatory_Neuron
35840,1051,Astro-Epen
35841,1053,Excitatory_Neuron
35842,1056,unassigned
35843,1061,Astro-Epen
35844,1071,unassigned
35845,1030,Excitatory_Neuron
35846,1030,Excitatory_Neuron
35847,1031,Excitatory_Neuron
35848,1043,unassigned
35849,1040,Immune
35850,1040,Immune
35851,1083,unassigned
35852,1052,unassigned
35853,1057,Excitatory_Neuron
35854,1058,Excitatory_Neuron
35855,1059,Astro-Epen
35856,1059,Astro-Epen
35857,1059,Astro-Epen
35858,1064,Excitatory_Neuron
35859,1061,Astro-Epen
35860,1041,unassigned
35861,1039,Excitatory_Neuron
35862,1050,Excitatory_Neuron
35863,1053,Excitatory_Neuron
35864,1064,Excitatory_Neuron
35865,1034,Excitatory_Neuron
35866,1031,Excitatory_Neuron
35867,1040,Immune
35868,1040,Immune
35869,1053,Excitatory_Neuron
35870,1053,Excitatory_Neuron
35871,1044,Excitatory_Neuron
35872,1058,Excitatory_Neuron
35873,1057,Excitatory_Neuron
35874,1057,Excitatory_Neuron
35875,1041,unassigned
35876,1039,Excitatory_Neuron
35877,1074,Excitatory_Neuron
35878,1083,unassigned
35879,1083,unassigned
35880,1053,Excitatory_Neuron
35881,1055,unassigned
35882,1067,Excitatory_Neuron
35883,1057,Excitatory_Neuron
35884,1057,Excitatory_Neuron
35885,1061,Astro-Epen
35886,1064,Excitatory_Neuron
35887,1034,Excitatory_Neuron
35888,1035,GABA_Neuron
35889,1038,unassigned
35890,1070,unassigned
35891,1089,Excitatory_Neuron
35892,1053,Excitatory_Neuron
35893,1045,Excitatory_Neuron
35894,1053,Excitatory_Neuron
35895,1083,unassigned
35896,1052,unassigned
35897,1053,Excitatory_Neuron
35898,1057,Excitatory_Neuron
35899,1057,Excitatory_Neuron
35900,1090,unassigned
35901,1071,unassigned
35902,1034,Excitatory_Neuron
35903,1037,Excitatory_Neuron
35904,1039,Excitatory_Neuron
35905,1085,unassigned
35906,1085,unassigned
35907,1072,unassigned
35908,1044,Excitatory_Neuron
35909,1053,Excitatory_Neuron
35910,1062,Excitatory_Neuron
35911,1059,Astro-Epen
35912,1043,unassigned
35913,1034,Excitatory_Neuron
35914,1039,Excitatory_Neuron
35915,1047,Excitatory_Neuron
35916,1070,unassigned
35917,1091,unassigned
35918,1044,Excitatory_Neuron
35919,1044,Excitatory_Neuron
35920,1046,unassigned
35921,1064,Excitatory_Neuron
35922,1037,Excitatory_Neuron
35923,1034,Excitatory_Neuron
35924,1036,unassigned
35925,1039,Excitatory_Neuron
35926,1038,unassigned
35927,1049,unassigned
35928,1044,Excitatory_Neuron
35929,1084,Immune
35930,1057,Excitatory_Neuron
35931,1090,unassigned
35932,1061,Astro-Epen
35933,1082,unassigned
35934,1033,Astro-Epen
35935,1041,unassigned
35936,1043,unassigned
35937,1038,unassigned
35938,1045,Excitatory_Neuron
35939,1045,Excitatory_Neuron
35940,1054,Excitatory_Neuron
35941,1057,Excitatory_Neuron
35942,1061,Astro-Epen
35943,1059,Astro-Epen
35944,1062,Excitatory_Neuron
35945,1059,Astro-Epen
35946,1057,Excitatory_Neuron
35947,1057,Excitatory_Neuron
35948,1064,Excitatory_Neuron
35949,1088,unassigned
35950,1034,Excitatory_Neuron
35951,1041,unassigned
35952,1034,Excitatory_Neuron
35953,1034,Excitatory_Neuron
35954,1039,Excitatory_Neuron
35955,1044,Excitatory_Neuron
35956,1053,Excitatory_Neuron
35957,1057,Excitatory_Neuron
35958,1057,Excitatory_Neuron
35959,1061,Astro-Epen
35960,1059,Astro-Epen
35961,1057,Excitatory_Neuron
35962,1090,unassigned
35963,1061,Astro-Epen
35964,1052,unassigned
35965,1067,Excitatory_Neuron
35966,1059,Astro-Epen
35967,1059,Astro-Epen
35968,1034,Excitatory_Neuron
35969,1034,Excitatory_Neuron
35970,1047,Excitatory_Neuron
35971,1074,Excitatory_Neuron
35972,1049,unassigned
35973,1045,Excitatory_Neuron
35974,1057,Excitatory_Neuron
35975,1057,Excitatory_Neuron
35976,1046,unassigned
35977,1059,Astro-Epen
35978,1064,Excitatory_Neuron
35979,1080,unassigned
35980,1086,Astro-Epen
35981,1033,Astro-Epen
35982,1037,Excitatory_Neuron
35983,1037,Excitatory_Neuron
35984,1047,Excitatory_Neuron
35985,1036,unassigned
35986,1038,unassigned
35987,1085,unassigned
35988,1040,Immune
35989,1053,Excitatory_Neuron
35990,1053,Excitatory_Neuron
35991,1058,Excitatory_Neuron
35992,1044,Excitatory_Neuron
35993,1044,Excitatory_Neuron
35994,1044,Excitatory_Neuron
35995,1046,unassigned
35996,1059,Astro-Epen
35997,1080,unassigned
35998,1035,GABA_Neuron
35999,1034,Excitatory_Neuron
36000,1040,Immune
36001,1043,unassigned
36002,1057,Excitatory_Neuron
36003,1055,unassigned
36004,1062,Excitatory_Neuron
36005,1088,unassigned
36006,1034,Excitatory_Neuron
36007,1037,Excitatory_Neuron
36008,1040,Immune
36009,1089,Excitatory_Neuron
36010,1053,Excitatory_Neuron
36011,1053,Excitatory_Neuron
36012,1072,unassigned
36013,1044,Excitatory_Neuron
36014,1044,Excitatory_Neuron
36015,1044,Excitatory_Neuron
36016,1045,Excitatory_Neuron
36017,1062,Excitatory_Neuron
36018,1059,Astro-Epen
36019,1060,unassigned
36020,1030,Excitatory_Neuron
36021,1037,Excitatory_Neuron
36022,1039,Excitatory_Neuron
36023,1039,Excitatory_Neuron
36024,1040,Immune
36025,1049,unassigned
36026,1045,Excitatory_Neuron
36027,1052,unassigned
36028,1052,unassigned
36029,1057,Excitatory_Neuron
36030,1061,Astro-Epen
36031,1057,Excitatory_Neuron
36032,1059,Astro-Epen
36033,1030,Excitatory_Neuron
36034,1092,unassigned
36035,1088,unassigned
36036,1031,Excitatory_Neuron
36037,1041,unassigned
36038,1035,GABA_Neuron
36039,1034,Excitatory_Neuron
36040,1093,unassigned
36041,1052,unassigned
36042,1045,Excitatory_Neuron
36043,1057,Excitatory_Neuron
36044,1059,Astro-Epen
36045,1080,unassigned
36046,1031,Excitatory_Neuron
36047,1047,Excitatory_Neuron
36048,1049,unassigned
36049,1053,Excitatory_Neuron
36050,1094,unassigned
36051,1044,Excitatory_Neuron
36052,1044,Excitatory_Neuron
36053,1057,Excitatory_Neuron
36054,1084,Immune
36055,1046,unassigned
36056,1062,Excitatory_Neuron
36057,1064,Excitatory_Neuron
36058,1071,unassigned
36059,1031,Excitatory_Neuron
36060,1031,Excitatory_Neuron
36061,1037,Excitatory_Neuron
36062,1031,Excitatory_Neuron
36063,1031,Excitatory_Neuron
36064,1037,Excitatory_Neuron
36065,1039,Excitatory_Neuron
36066,1089,Excitatory_Neuron
36067,1053,Excitatory_Neuron
36068,1049,unassigned
36069,1045,Excitatory_Neuron
36070,1094,unassigned
36071,1053,Excitatory_Neuron
36072,1084,Immune
36073,1032,Astro-Epen
36074,1031,Excitatory_Neuron
36075,1034,Excitatory_Neuron
36076,1035,GABA_Neuron
36077,1035,GABA_Neuron
36078,1031,Excitatory_Neuron
36079,1074,Excitatory_Neuron
36080,1040,Immune
36081,1049,unassigned
36082,1049,unassigned
36083,1053,Excitatory_Neuron
36084,1044,Excitatory_Neuron
36085,1056,unassigned
36086,1044,Excitatory_Neuron
36087,1057,Excitatory_Neuron
36088,1057,Excitatory_Neuron
36089,1064,Excitatory_Neuron
36090,1064,Excitatory_Neuron
36091,1030,Excitatory_Neuron
36092,1031,Excitatory_Neuron
36093,1033,Astro-Epen
36094,1033,Astro-Epen
36095,1034,Excitatory_Neuron
36096,1035,GABA_Neuron
36097,1039,Excitatory_Neuron
36098,1062,Excitatory_Neuron
36099,1084,Immune
36100,1034,Excitatory_Neuron
36101,1031,Excitatory_Neuron
36102,1039,Excitatory_Neuron
36103,1089,Excitatory_Neuron
36104,1048,Excitatory_Neuron
36105,1044,Excitatory_Neuron
36106,1056,unassigned
36107,1044,Excitatory_Neuron
36108,1055,unassigned
36109,1044,Excitatory_Neuron
36110,1057,Excitatory_Neuron
36111,1061,Astro-Epen
36112,1030,Excitatory_Neuron
36113,1035,GABA_Neuron
36114,1074,Excitatory_Neuron
36115,1074,Excitatory_Neuron
36116,1085,unassigned
36117,1072,unassigned
36118,1052,unassigned
36119,1052,unassigned
36120,1044,Excitatory_Neuron
36121,1035,GABA_Neuron
36122,1039,Excitatory_Neuron
36123,1036,unassigned
36124,1047,Excitatory_Neuron
36125,1039,Excitatory_Neuron
36126,1040,Immune
36127,1040,Immune
36128,1049,unassigned
36129,1040,Immune
36130,1052,unassigned
36131,1053,Excitatory_Neuron
36132,1054,Excitatory_Neuron
36133,1057,Excitatory_Neuron
36134,1080,unassigned
36135,1092,unassigned
36136,1034,Excitatory_Neuron
36137,1034,Excitatory_Neuron
36138,1074,Excitatory_Neuron
36139,1039,Excitatory_Neuron
36140,1040,Immune
36141,1070,unassigned
36142,1085,unassigned
36143,1072,unassigned
36144,1052,unassigned
36145,1044,Excitatory_Neuron
36146,1057,Excitatory_Neuron
36147,1057,Excitatory_Neuron
36148,1057,Excitatory_Neuron
36149,1064,Excitatory_Neuron
36150,1095,unassigned
36151,1035,GABA_Neuron
36152,1034,Excitatory_Neuron
36153,1034,Excitatory_Neuron
36154,1035,GABA_Neuron
36155,1039,Excitatory_Neuron
36156,1039,Excitatory_Neuron
36157,1052,unassigned
36158,1054,Excitatory_Neuron
36159,1056,unassigned
36160,1055,unassigned
36161,1061,Astro-Epen
36162,1059,Astro-Epen
36163,1088,unassigned
36164,1030,Excitatory_Neuron
36165,1031,Excitatory_Neuron
36166,1041,unassigned
36167,1035,GABA_Neuron
36168,1047,Excitatory_Neuron
36169,1039,Excitatory_Neuron
36170,1048,Excitatory_Neuron
36171,1072,unassigned
36172,1045,Excitatory_Neuron
36173,1054,Excitatory_Neuron
36174,1064,Excitatory_Neuron
36175,1039,Excitatory_Neuron
36176,1038,unassigned
36177,1048,Excitatory_Neuron
36178,1072,unassigned
36179,1052,unassigned
36180,1045,Excitatory_Neuron
36181,1061,Astro-Epen
36182,1059,Astro-Epen
36183,1059,Astro-Epen
36184,1033,Astro-Epen
36185,1035,GABA_Neuron
36186,1035,GABA_Neuron
36187,1039,Excitatory_Neuron
36188,1049,unassigned
36189,1044,Excitatory_Neuron
36190,1080,unassigned
36191,1032,Astro-Epen
36192,1082,unassigned
36193,1039,Excitatory_Neuron
36194,1039,Excitatory_Neuron
36195,1048,Excitatory_Neuron
36196,1044,Excitatory_Neuron
36197,1062,Excitatory_Neuron
36198,1059,Astro-Epen
36199,1063,Excitatory_Neuron
36200,1035,GABA_Neuron
36201,1034,Excitatory_Neuron
36202,1074,Excitatory_Neuron
36203,1048,Excitatory_Neuron
36204,1048,Excitatory_Neuron
36205,1045,Excitatory_Neuron
36206,1054,Excitatory_Neuron
36207,1058,Excitatory_Neuron
36208,1067,Excitatory_Neuron
36209,1095,unassigned
36210,1031,Excitatory_Neuron
36211,1031,Excitatory_Neuron
36212,1039,Excitatory_Neuron
36213,1038,unassigned
36214,1045,Excitatory_Neuron
36215,1056,unassigned
36216,1053,Excitatory_Neuron
36217,1058,Excitatory_Neuron
36218,1062,Excitatory_Neuron
36219,1061,Astro-Epen
36220,1057,Excitatory_Neuron
36221,1057,Excitatory_Neuron
36222,1061,Astro-Epen
36223,1095,unassigned
36224,1030,Excitatory_Neuron
36225,1082,unassigned
36226,1033,Astro-Epen
36227,1034,Excitatory_Neuron
36228,1040,Immune
36229,1091,unassigned
36230,1040,Immune
36231,1040,Immune
36232,1062,Excitatory_Neuron
36233,1057,Excitatory_Neuron
36234,1030,Excitatory_Neuron
36235,1030,Excitatory_Neuron
36236,1030,Excitatory_Neuron
36237,1092,unassigned
36238,1092,unassigned
36239,1034,Excitatory_Neuron
36240,1048,Excitatory_Neuron
36241,1050,Excitatory_Neuron
36242,1044,Excitatory_Neuron
36243,1057,Excitatory_Neuron
36244,1061,Astro-Epen
36245,1064,Excitatory_Neuron
36246,1030,Excitatory_Neuron
36247,1031,Excitatory_Neuron
36248,1036,unassigned
36249,1037,Excitatory_Neuron
36250,1040,Immune
36251,1070,unassigned
36252,1040,Immune
36253,1049,unassigned
36254,1045,Excitatory_Neuron
36255,1045,Excitatory_Neuron
36256,1055,unassigned
36257,1044,Excitatory_Neuron
36258,1044,Excitatory_Neuron
36259,1057,Excitatory_Neuron
36260,1057,Excitatory_Neuron
36261,1057,Excitatory_Neuron
36262,1061,Astro-Epen
36263,1064,Excitatory_Neuron
36264,1034,Excitatory_Neuron
36265,1074,Excitatory_Neuron
36266,1040,Immune
36267,1040,Immune
36268,1070,unassigned
36269,1049,unassigned
36270,1072,unassigned
36271,1043,unassigned
36272,1053,Excitatory_Neuron
36273,1055,unassigned
36274,1061,Astro-Epen
36275,1046,unassigned
36276,1084,Immune
36277,1064,Excitatory_Neuron
36278,1031,Excitatory_Neuron
36279,1039,Excitatory_Neuron
36280,1070,unassigned
36281,1040,Immune
36282,1051,Astro-Epen
36283,1072,unassigned
36284,1043,unassigned
36285,1044,Excitatory_Neuron
36286,1084,Immune
36287,1061,Astro-Epen
36288,1084,Immune
36289,1082,unassigned
36290,1030,Excitatory_Neuron
36291,1034,Excitatory_Neuron
36292,1034,Excitatory_Neuron
36293,1034,Excitatory_Neuron
36294,1031,Excitatory_Neuron
36295,1040,Immune
36296,1085,unassigned
36297,1040,Immune
36298,1048,Excitatory_Neuron
36299,1072,unassigned
36300,1053,Excitatory_Neuron
36301,1044,Excitatory_Neuron
36302,1053,Excitatory_Neuron
36303,1057,Excitatory_Neuron
36304,1057,Excitatory_Neuron
36305,1061,Astro-Epen
36306,1061,Astro-Epen
36307,1063,Excitatory_Neuron
36308,1096,Astro-Epen
36309,1032,Astro-Epen
36310,1082,unassigned
36311,1049,unassigned
36312,1072,unassigned
36313,1044,Excitatory_Neuron
36314,1057,Excitatory_Neuron
36315,1062,Excitatory_Neuron
36316,1057,Excitatory_Neuron
36317,1062,Excitatory_Neuron
36318,1065,unassigned
36319,1035,GABA_Neuron
36320,1041,unassigned
36321,1040,Immune
36322,1085,unassigned
36323,1040,Immune
36324,1045,Excitatory_Neuron
36325,1072,unassigned
36326,1043,unassigned
36327,1044,Excitatory_Neuron
36328,1045,Excitatory_Neuron
36329,1044,Excitatory_Neuron
36330,1057,Excitatory_Neuron
36331,1084,Immune
36332,1057,Excitatory_Neuron
36333,1057,Excitatory_Neuron
36334,1030,Excitatory_Neuron
36335,1076,Excitatory_Neuron
36336,1036,unassigned
36337,1034,Excitatory_Neuron
36338,1031,Excitatory_Neuron
36339,1038,unassigned
36340,1043,unassigned
36341,1072,unassigned
36342,1051,Astro-Epen
36343,1056,unassigned
36344,1044,Excitatory_Neuron
36345,1067,Excitatory_Neuron
36346,1061,Astro-Epen
36347,1062,Excitatory_Neuron
36348,1057,Excitatory_Neuron
36349,1034,Excitatory_Neuron
36350,1034,Excitatory_Neuron
36351,1031,Excitatory_Neuron
36352,1040,Immune
36353,1038,unassigned
36354,1089,Excitatory_Neuron
36355,1053,Excitatory_Neuron
36356,1058,Excitatory_Neuron
36357,1057,Excitatory_Neuron
36358,1064,Excitatory_Neuron
36359,1034,Excitatory_Neuron
36360,1089,Excitatory_Neuron
36361,1048,Excitatory_Neuron
36362,1040,Immune
36363,1040,Immune
36364,1062,Excitatory_Neuron
36365,1067,Excitatory_Neuron
36366,1084,Immune
36367,1057,Excitatory_Neuron
36368,1061,Astro-Epen
36369,1064,Excitatory_Neuron
36370,1064,Excitatory_Neuron
36371,1031,Excitatory_Neuron
36372,1030,Excitatory_Neuron
36373,1034,Excitatory_Neuron
36374,1034,Excitatory_Neuron
36375,1035,GABA_Neuron
36376,1038,unassigned
36377,1040,Immune
36378,1051,Astro-Epen
36379,1072,unassigned
36380,1072,unassigned
36381,1045,Excitatory_Neuron
36382,1053,Excitatory_Neuron
36383,1044,Excitatory_Neuron
36384,1044,Excitatory_Neuron
36385,1053,Excitatory_Neuron
36386,1053,Excitatory_Neuron
36387,1044,Excitatory_Neuron
36388,1057,Excitatory_Neuron
36389,1057,Excitatory_Neuron
36390,1062,Excitatory_Neuron
36391,1095,unassigned
36392,1061,Astro-Epen
36393,1064,Excitatory_Neuron
36394,1065,unassigned
36395,1030,Excitatory_Neuron
36396,1030,Excitatory_Neuron
36397,1031,Excitatory_Neuron
36398,1039,Excitatory_Neuron
36399,1039,Excitatory_Neuron
36400,1040,Immune
36401,1050,Excitatory_Neuron
36402,1072,unassigned
36403,1053,Excitatory_Neuron
36404,1057,Excitatory_Neuron
36405,1057,Excitatory_Neuron
36406,1057,Excitatory_Neuron
36407,1057,Excitatory_Neuron
36408,1097,unassigned
36409,1063,Excitatory_Neuron
36410,1076,Excitatory_Neuron
36411,1031,Excitatory_Neuron
36412,1038,unassigned
36413,1053,Excitatory_Neuron
36414,1053,Excitatory_Neuron
36415,1057,Excitatory_Neuron
36416,1067,Excitatory_Neuron
36417,1057,Excitatory_Neuron
36418,1059,Astro-Epen
36419,1057,Excitatory_Neuron
36420,1062,Excitatory_Neuron
36421,1064,Excitatory_Neuron
36422,1096,Astro-Epen
36423,1076,Excitatory_Neuron
36424,1031,Excitatory_Neuron
36425,1074,Excitatory_Neuron
36426,1040,Immune
36427,1040,Immune
36428,1085,unassigned
36429,1045,Excitatory_Neuron
36430,1067,Excitatory_Neuron
36431,1087,Excitatory_Neuron
36432,1057,Excitatory_Neuron
36433,1057,Excitatory_Neuron
36434,1090,unassigned
36435,1098,unassigned
36436,1034,Excitatory_Neuron
36437,1034,Excitatory_Neuron
36438,1074,Excitatory_Neuron
36439,1085,unassigned
36440,1044,Excitatory_Neuron
36441,1057,Excitatory_Neuron
36442,1092,unassigned
36443,1034,Excitatory_Neuron
36444,1039,Excitatory_Neuron
36445,1031,Excitatory_Neuron
36446,1089,Excitatory_Neuron
36447,1051,Astro-Epen
36448,1055,unassigned
36449,1044,Excitatory_Neuron
36450,1058,Excitatory_Neuron
36451,1057,Excitatory_Neuron
36452,1057,Excitatory_Neuron
36453,1057,Excitatory_Neuron
36454,1057,Excitatory_Neuron
36455,1062,Excitatory_Neuron
36456,1057,Excitatory_Neuron
36457,1076,Excitatory_Neuron
36458,1043,unassigned
36459,1033,Astro-Epen
36460,1043,unassigned
36461,1089,Excitatory_Neuron
36462,1038,unassigned
36463,1040,Immune
36464,1051,Astro-Epen
36465,1053,Excitatory_Neuron
36466,1044,Excitatory_Neuron
36467,1087,Excitatory_Neuron
36468,1067,Excitatory_Neuron
36469,1062,Excitatory_Neuron
36470,1063,Excitatory_Neuron
36471,1031,Excitatory_Neuron
36472,1031,Excitatory_Neuron
36473,1035,GABA_Neuron
36474,1039,Excitatory_Neuron
36475,1085,unassigned
36476,1051,Astro-Epen
36477,1053,Excitatory_Neuron
36478,1044,Excitatory_Neuron
36479,1055,unassigned
36480,1057,Excitatory_Neuron
36481,1062,Excitatory_Neuron
36482,1063,Excitatory_Neuron
36483,1061,Astro-Epen
36484,1076,Excitatory_Neuron
36485,1034,Excitatory_Neuron
36486,1099,Excitatory_Neuron
36487,1039,Excitatory_Neuron
36488,1074,Excitatory_Neuron
36489,1091,unassigned
36490,1040,Immune
36491,1045,Excitatory_Neuron
36492,1084,Immune
36493,1057,Excitatory_Neuron
36494,1035,GABA_Neuron
36495,1074,Excitatory_Neuron
36496,1040,Immune
36497,1074,Excitatory_Neuron
36498,1040,Immune
36499,1040,Immune
36500,1049,unassigned
36501,1072,unassigned
36502,1072,unassigned
36503,1084,Immune
36504,1057,Excitatory_Neuron
36505,1084,Immune
36506,1062,Excitatory_Neuron
36507,1057,Excitatory_Neuron
36508,1097,unassigned
36509,1034,Excitatory_Neuron
36510,1037,Excitatory_Neuron
36511,1039,Excitatory_Neuron
36512,1031,Excitatory_Neuron
36513,1040,Immune
36514,1038,unassigned
36515,1074,Excitatory_Neuron
36516,1051,Astro-Epen
36517,1045,Excitatory_Neuron
36518,1044,Excitatory_Neuron
36519,1061,Astro-Epen
36520,1057,Excitatory_Neuron
36521,1063,Excitatory_Neuron
36522,1063,Excitatory_Neuron
36523,1030,Excitatory_Neuron
36524,1051,Astro-Epen
36525,1051,Astro-Epen
36526,1051,Astro-Epen
36527,1055,unassigned
36528,1087,Excitatory_Neuron
36529,1062,Excitatory_Neuron
36530,1100,unassigned
36531,1059,Astro-Epen
36532,1034,Excitatory_Neuron
36533,1038,unassigned
36534,1084,Immune
36535,1084,Immune
36536,1090,unassigned
36537,1098,unassigned
36538,1064,Excitatory_Neuron
36539,1033,Astro-Epen
36540,1031,Excitatory_Neuron
36541,1034,Excitatory_Neuron
36542,1031,Excitatory_Neuron
36543,1040,Immune
36544,1040,Immune
36545,1044,Excitatory_Neuron
36546,1034,Excitatory_Neuron
36547,1034,Excitatory_Neuron
36548,1034,Excitatory_Neuron
36549,1037,Excitatory_Neuron
36550,1040,Immune
36551,1040,Immune
36552,1049,unassigned
36553,1072,unassigned
36554,1051,Astro-Epen
36555,1045,Excitatory_Neuron
36556,1055,unassigned
36557,1053,Excitatory_Neuron
36558,1055,unassigned
36559,1044,Excitatory_Neuron
36560,1067,Excitatory_Neuron
36561,1067,Excitatory_Neuron
36562,1067,Excitatory_Neuron
36563,1067,Excitatory_Neuron
36564,1061,Astro-Epen
36565,1076,Excitatory_Neuron
36566,1031,Excitatory_Neuron
36567,1038,unassigned
36568,1048,Excitatory_Neuron
36569,1043,unassigned
36570,1053,Excitatory_Neuron
36571,1053,Excitatory_Neuron
36572,1057,Excitatory_Neuron
36573,1084,Immune
36574,1090,unassigned
36575,1096,Astro-Epen
36576,1030,Excitatory_Neuron
36577,1034,Excitatory_Neuron
36578,1051,Astro-Epen
36579,1051,Astro-Epen
36580,1072,unassigned
36581,1045,Excitatory_Neuron
36582,1053,Excitatory_Neuron
36583,1053,Excitatory_Neuron
36584,1087,Excitatory_Neuron
36585,1087,Excitatory_Neuron
36586,1057,Excitatory_Neuron
36587,1098,unassigned
36588,1039,Excitatory_Neuron
36589,1031,Excitatory_Neuron
36590,1040,Immune
36591,1070,unassigned
36592,1070,unassigned
36593,1051,Astro-Epen
36594,1049,unassigned
36595,1044,Excitatory_Neuron
36596,1053,Excitatory_Neuron
36597,1053,Excitatory_Neuron
36598,1044,Excitatory_Neuron
36599,1057,Excitatory_Neuron
36600,1059,Astro-Epen
36601,1043,unassigned
36602,1098,unassigned
36603,1043,unassigned
36604,1051,Astro-Epen
36605,1085,unassigned
36606,1054,Excitatory_Neuron
36607,1053,Excitatory_Neuron
36608,1067,Excitatory_Neuron
36609,1067,Excitatory_Neuron
36610,1057,Excitatory_Neuron
36611,1030,Excitatory_Neuron
36612,1035,GABA_Neuron
36613,1034,Excitatory_Neuron
36614,1037,Excitatory_Neuron
36615,1040,Immune
36616,1070,unassigned
36617,1049,unassigned
36618,1053,Excitatory_Neuron
36619,1054,Excitatory_Neuron
36620,1067,Excitatory_Neuron
36621,1067,Excitatory_Neuron
36622,1057,Excitatory_Neuron
36623,1061,Astro-Epen
36624,1059,Astro-Epen
36625,1062,Excitatory_Neuron
36626,1057,Excitatory_Neuron
36627,1057,Excitatory_Neuron
36628,1090,unassigned
36629,1032,Astro-Epen
36630,1088,unassigned
36631,1076,Excitatory_Neuron
36632,1101,unassigned
36633,1070,unassigned
36634,1074,Excitatory_Neuron
36635,1040,Immune
36636,1072,unassigned
36637,1045,Excitatory_Neuron
36638,1053,Excitatory_Neuron
36639,1058,Excitatory_Neuron
36640,1084,Immune
36641,1061,Astro-Epen
36642,1059,Astro-Epen
36643,1063,Excitatory_Neuron
36644,1043,unassigned
36645,1031,Excitatory_Neuron
36646,1031,Excitatory_Neuron
36647,1038,unassigned
36648,1040,Immune
36649,1040,Immune
36650,1050,Excitatory_Neuron
36651,1055,unassigned
36652,1090,unassigned
36653,1064,Excitatory_Neuron
36654,1035,GABA_Neuron
36655,1034,Excitatory_Neuron
36656,1040,Immune
36657,1040,Immune
36658,1053,Excitatory_Neuron
36659,1053,Excitatory_Neuron
36660,1054,Excitatory_Neuron
36661,1053,Excitatory_Neuron
36662,1054,Excitatory_Neuron
36663,1053,Excitatory_Neuron
36664,1044,Excitatory_Neuron
36665,1062,Excitatory_Neuron
36666,1098,unassigned
36667,1057,Excitatory_Neuron
36668,1043,unassigned
36669,1076,Excitatory_Neuron
36670,1086,Astro-Epen
36671,1030,Excitatory_Neuron
36672,1076,Excitatory_Neuron
36673,1034,Excitatory_Neuron
36674,1037,Excitatory_Neuron
36675,1037,Excitatory_Neuron
36676,1031,Excitatory_Neuron
36677,1074,Excitatory_Neuron
36678,1040,Immune
36679,1053,Excitatory_Neuron
36680,1049,unassigned
36681,1053,Excitatory_Neuron
36682,1044,Excitatory_Neuron
36683,1044,Excitatory_Neuron
36684,1057,Excitatory_Neuron
36685,1043,unassigned
36686,1043,unassigned
36687,1043,unassigned
36688,1034,Excitatory_Neuron
36689,1040,Immune
36690,1047,Excitatory_Neuron
36691,1040,Immune
36692,1040,Immune
36693,1040,Immune
36694,1053,Excitatory_Neuron
36695,1061,Astro-Epen
36696,1064,Excitatory_Neuron
36697,1033,Astro-Epen
36698,1074,Excitatory_Neuron
36699,1053,Excitatory_Neuron
36700,1053,Excitatory_Neuron
36701,1087,Excitatory_Neuron
36702,1057,Excitatory_Neuron
36703,1061,Astro-Epen
36704,1061,Astro-Epen
36705,1100,unassigned
36706,1035,GABA_Neuron
36707,1033,Astro-Epen
36708,1039,Excitatory_Neuron
36709,1040,Immune
36710,1040,Immune
36711,1038,unassigned
36712,1045,Excitatory_Neuron
36713,1045,Excitatory_Neuron
36714,1044,Excitatory_Neuron
36715,1054,Excitatory_Neuron
36716,1061,Astro-Epen
36717,1030,Excitatory_Neuron
36718,1034,Excitatory_Neuron
36719,1037,Excitatory_Neuron
36720,1040,Immune
36721,1053,Excitatory_Neuron
36722,1051,Astro-Epen
36723,1054,Excitatory_Neuron
36724,1044,Excitatory_Neuron
36725,1055,unassigned
36726,1053,Excitatory_Neuron
36727,1057,Excitatory_Neuron
36728,1062,Excitatory_Neuron
36729,1076,Excitatory_Neuron
36730,1076,Excitatory_Neuron
36731,1041,unassigned
36732,1037,Excitatory_Neuron
36733,1039,Excitatory_Neuron
36734,1070,unassigned
36735,1040,Immune
36736,1040,Immune
36737,1085,unassigned
36738,1053,Excitatory_Neuron
36739,1044,Excitatory_Neuron
36740,1084,Immune
36741,1057,Excitatory_Neuron
36742,1057,Excitatory_Neuron
36743,1057,Excitatory_Neuron
36744,1061,Astro-Epen
36745,1097,unassigned
36746,1069,unassigned
36747,1030,Excitatory_Neuron
36748,1031,Excitatory_Neuron
36749,1031,Excitatory_Neuron
36750,1035,GABA_Neuron
36751,1034,Excitatory_Neuron
36752,1048,Excitatory_Neuron
36753,1049,unassigned
36754,1044,Excitatory_Neuron
36755,1052,unassigned
36756,1044,Excitatory_Neuron
36757,1044,Excitatory_Neuron
36758,1061,Astro-Epen
36759,1064,Excitatory_Neuron
36760,1030,Excitatory_Neuron
36761,1031,Excitatory_Neuron
36762,1034,Excitatory_Neuron
36763,1037,Excitatory_Neuron
36764,1034,Excitatory_Neuron
36765,1048,Excitatory_Neuron
36766,1050,Excitatory_Neuron
36767,1072,unassigned
36768,1054,Excitatory_Neuron
36769,1053,Excitatory_Neuron
36770,1053,Excitatory_Neuron
36771,1064,Excitatory_Neuron
36772,1033,Astro-Epen
36773,1034,Excitatory_Neuron
36774,1070,unassigned
36775,1054,Excitatory_Neuron
36776,1063,Excitatory_Neuron
36777,1034,Excitatory_Neuron
36778,1040,Immune
36779,1051,Astro-Epen
36780,1053,Excitatory_Neuron
36781,1044,Excitatory_Neuron
36782,1057,Excitatory_Neuron
36783,1084,Immune
36784,1057,Excitatory_Neuron
36785,1036,unassigned
36786,1085,unassigned
36787,1072,unassigned
36788,1051,Astro-Epen
36789,1053,Excitatory_Neuron
36790,1054,Excitatory_Neuron
36791,1057,Excitatory_Neuron
36792,1084,Immune
36793,1057,Excitatory_Neuron
36794,1062,Excitatory_Neuron
36795,1096,Astro-Epen
36796,1092,unassigned
36797,1035,GABA_Neuron
36798,1031,Excitatory_Neuron
36799,1034,Excitatory_Neuron
36800,1034,Excitatory_Neuron
36801,1036,unassigned
36802,1048,Excitatory_Neuron
36803,1040,Immune
36804,1054,Excitatory_Neuron
36805,1062,Excitatory_Neuron
36806,1064,Excitatory_Neuron
36807,1031,Excitatory_Neuron
36808,1034,Excitatory_Neuron
36809,1035,GABA_Neuron
36810,1031,Excitatory_Neuron
36811,1050,Excitatory_Neuron
36812,1054,Excitatory_Neuron
36813,1053,Excitatory_Neuron
36814,1057,Excitatory_Neuron
36815,1100,unassigned
36816,1063,Excitatory_Neuron
36817,1033,Astro-Epen
36818,1049,unassigned
36819,1053,Excitatory_Neuron
36820,1057,Excitatory_Neuron
36821,1057,Excitatory_Neuron
36822,1087,Excitatory_Neuron
36823,1084,Immune
36824,1096,Astro-Epen
36825,1032,Astro-Epen
36826,1076,Excitatory_Neuron
36827,1034,Excitatory_Neuron
36828,1074,Excitatory_Neuron
36829,1047,Excitatory_Neuron
36830,1040,Immune
36831,1072,unassigned
36832,1051,Astro-Epen
36833,1053,Excitatory_Neuron
36834,1063,Excitatory_Neuron
36835,1069,unassigned
36836,1033,Astro-Epen
36837,1033,Astro-Epen
36838,1031,Excitatory_Neuron
36839,1034,Excitatory_Neuron
36840,1099,Excitatory_Neuron
36841,1074,Excitatory_Neuron
36842,1044,Excitatory_Neuron
36843,1053,Excitatory_Neuron
36844,1053,Excitatory_Neuron
36845,1062,Excitatory_Neuron
36846,1061,Astro-Epen
36847,1064,Excitatory_Neuron
36848,1062,Excitatory_Neuron
36849,1031,Excitatory_Neuron
36850,1035,GABA_Neuron
36851,1034,Excitatory_Neuron
36852,1039,Excitatory_Neuron
36853,1072,unassigned
36854,1053,Excitatory_Neuron
36855,1057,Excitatory_Neuron
36856,1062,Excitatory_Neuron
36857,1076,Excitatory_Neuron
36858,1035,GABA_Neuron
36859,1074,Excitatory_Neuron
36860,1040,Immune
36861,1074,Excitatory_Neuron
36862,1074,Excitatory_Neuron
36863,1039,Excitatory_Neuron
36864,1051,Astro-Epen
36865,1049,unassigned
36866,1051,Astro-Epen
36867,1044,Excitatory_Neuron
36868,1044,Excitatory_Neuron
36869,1045,Excitatory_Neuron
36870,1044,Excitatory_Neuron
36871,1044,Excitatory_Neuron
36872,1062,Excitatory_Neuron
36873,1061,Astro-Epen
36874,1061,Astro-Epen
36875,1033,Astro-Epen
36876,1035,GABA_Neuron
36877,1037,Excitatory_Neuron
36878,1074,Excitatory_Neuron
36879,1089,Excitatory_Neuron
36880,1040,Immune
36881,1058,Excitatory_Neuron
36882,1058,Excitatory_Neuron
36883,1058,Excitatory_Neuron
36884,1032,Astro-Epen
36885,1069,unassigned
36886,1037,Excitatory_Neuron
36887,1051,Astro-Epen
36888,1053,Excitatory_Neuron
36889,1057,Excitatory_Neuron
36890,1053,Excitatory_Neuron
36891,1057,Excitatory_Neuron
36892,1061,Astro-Epen
36893,1064,Excitatory_Neuron
36894,1076,Excitatory_Neuron
36895,1034,Excitatory_Neuron
36896,1034,Excitatory_Neuron
36897,1085,unassigned
36898,1053,Excitatory_Neuron
36899,1053,Excitatory_Neuron
36900,1054,Excitatory_Neuron
36901,1044,Excitatory_Neuron
36902,1044,Excitatory_Neuron
36903,1055,unassigned
36904,1045,Excitatory_Neuron
36905,1054,Excitatory_Neuron
36906,1058,Excitatory_Neuron
36907,1057,Excitatory_Neuron
36908,1063,Excitatory_Neuron
36909,1030,Excitatory_Neuron
36910,1031,Excitatory_Neuron
36911,1047,Excitatory_Neuron
36912,1040,Immune
36913,1040,Immune
36914,1044,Excitatory_Neuron
36915,1054,Excitatory_Neuron
36916,1045,Excitatory_Neuron
36917,1064,Excitatory_Neuron
36918,1076,Excitatory_Neuron
36919,1043,unassigned
36920,1037,Excitatory_Neuron
36921,1034,Excitatory_Neuron
36922,1074,Excitatory_Neuron
36923,1043,unassigned
36924,1038,unassigned
36925,1044,Excitatory_Neuron
36926,1058,Excitatory_Neuron
36927,1058,Excitatory_Neuron
36928,1057,Excitatory_Neuron
36929,1061,Astro-Epen
36930,1062,Excitatory_Neuron
36931,1076,Excitatory_Neuron
36932,1031,Excitatory_Neuron
36933,1034,Excitatory_Neuron
36934,1047,Excitatory_Neuron
36935,1040,Immune
36936,1085,unassigned
36937,1053,Excitatory_Neuron
36938,1084,Immune
36939,1062,Excitatory_Neuron
36940,1057,Excitatory_Neuron
36941,1057,Excitatory_Neuron
36942,1032,Astro-Epen
36943,1035,GABA_Neuron
36944,1034,Excitatory_Neuron
36945,1048,Excitatory_Neuron
36946,1051,Astro-Epen
36947,1049,unassigned
36948,1044,Excitatory_Neuron
36949,1055,unassigned
36950,1058,Excitatory_Neuron
36951,1062,Excitatory_Neuron
36952,1033,Astro-Epen
36953,1070,unassigned
36954,1058,Excitatory_Neuron
36955,1067,Excitatory_Neuron
36956,1057,Excitatory_Neuron
36957,1062,Excitatory_Neuron
36958,1090,unassigned
36959,1090,unassigned
36960,1064,Excitatory_Neuron
36961,1064,Excitatory_Neuron
36962,1064,Excitatory_Neuron
36963,1086,Astro-Epen
36964,1031,Excitatory_Neuron
36965,1031,Excitatory_Neuron
36966,1034,Excitatory_Neuron
36967,1040,Immune
36968,1050,Excitatory_Neuron
36969,1053,Excitatory_Neuron
36970,1102,unassigned
36971,1051,Astro-Epen
36972,1051,Astro-Epen
36973,1044,Excitatory_Neuron
36974,1054,Excitatory_Neuron
36975,1058,Excitatory_Neuron
36976,1058,Excitatory_Neuron
36977,1057,Excitatory_Neuron
36978,1090,unassigned
36979,1063,Excitatory_Neuron
36980,1030,Excitatory_Neuron
36981,1069,unassigned
36982,1032,Astro-Epen
36983,1032,Astro-Epen
36984,1031,Excitatory_Neuron
36985,1031,Excitatory_Neuron
36986,1035,GABA_Neuron
36987,1035,GABA_Neuron
36988,1037,Excitatory_Neuron
36989,1034,Excitatory_Neuron
36990,1040,Immune
36991,1040,Immune
36992,1040,Immune
36993,1051,Astro-Epen
36994,1050,Excitatory_Neuron
36995,1103,unassigned
36996,1045,Excitatory_Neuron
36997,1032,Astro-Epen
36998,1032,Astro-Epen
36999,1036,unassigned
37000,1043,unassigned
37001,1074,Excitatory_Neuron
37002,1047,Excitatory_Neuron
37003,1070,unassigned
37004,1074,Excitatory_Neuron
37005,1089,Excitatory_Neuron
37006,1053,Excitatory_Neuron
37007,1053,Excitatory_Neuron
37008,1104,Excitatory_Neuron
37009,1044,Excitatory_Neuron
37010,1058,Excitatory_Neuron
37011,1100,unassigned
37012,1063,Excitatory_Neuron
37013,1063,Excitatory_Neuron
37014,1064,Excitatory_Neuron
37015,1030,Excitatory_Neuron
37016,1051,Astro-Epen
37017,1051,Astro-Epen
37018,1045,Excitatory_Neuron
37019,1045,Excitatory_Neuron
37020,1044,Excitatory_Neuron
37021,1058,Excitatory_Neuron
37022,1062,Excitatory_Neuron
37023,1062,Excitatory_Neuron
37024,1064,Excitatory_Neuron
37025,1086,Astro-Epen
37026,1031,Excitatory_Neuron
37027,1043,unassigned
37028,1031,Excitatory_Neuron
37029,1089,Excitatory_Neuron
37030,1050,Excitatory_Neuron
37031,1051,Astro-Epen
37032,1044,Excitatory_Neuron
37033,1045,Excitatory_Neuron
37034,1058,Excitatory_Neuron
37035,1087,Excitatory_Neuron
37036,1058,Excitatory_Neuron
37037,1064,Excitatory_Neuron
37038,1064,Excitatory_Neuron
37039,1043,unassigned
37040,1086,Astro-Epen
37041,1105,unassigned
37042,1031,Excitatory_Neuron
37043,1034,Excitatory_Neuron
37044,1039,Excitatory_Neuron
37045,1047,Excitatory_Neuron
37046,1074,Excitatory_Neuron
37047,1048,Excitatory_Neuron
37048,1040,Immune
37049,1085,unassigned
37050,1070,unassigned
37051,1049,unassigned
37052,1104,Excitatory_Neuron
37053,1045,Excitatory_Neuron
37054,1053,Excitatory_Neuron
37055,1062,Excitatory_Neuron
37056,1064,Excitatory_Neuron
37057,1063,Excitatory_Neuron
37058,1031,Excitatory_Neuron
37059,1040,Immune
37060,1043,unassigned
37061,1102,unassigned
37062,1044,Excitatory_Neuron
37063,1103,unassigned
37064,1067,Excitatory_Neuron
37065,1053,Excitatory_Neuron
37066,1106,unassigned
37067,1062,Excitatory_Neuron
37068,1043,unassigned
37069,1061,Astro-Epen
37070,1076,Excitatory_Neuron
37071,1076,Excitatory_Neuron
37072,1031,Excitatory_Neuron
37073,1034,Excitatory_Neuron
37074,1040,Immune
37075,1045,Excitatory_Neuron
37076,1045,Excitatory_Neuron
37077,1103,unassigned
37078,1045,Excitatory_Neuron
37079,1044,Excitatory_Neuron
37080,1057,Excitatory_Neuron
37081,1057,Excitatory_Neuron
37082,1062,Excitatory_Neuron
37083,1076,Excitatory_Neuron
37084,1033,Astro-Epen
37085,1074,Excitatory_Neuron
37086,1038,unassigned
37087,1050,Excitatory_Neuron
37088,1055,unassigned
37089,1055,unassigned
37090,1067,Excitatory_Neuron
37091,1053,Excitatory_Neuron
37092,1058,Excitatory_Neuron
37093,1087,Excitatory_Neuron
37094,1064,Excitatory_Neuron
37095,1033,Astro-Epen
37096,1031,Excitatory_Neuron
37097,1035,GABA_Neuron
37098,1047,Excitatory_Neuron
37099,1040,Immune
37100,1050,Excitatory_Neuron
37101,1103,unassigned
37102,1087,Excitatory_Neuron
37103,1087,Excitatory_Neuron
37104,1032,Astro-Epen
37105,1033,Astro-Epen
37106,1076,Excitatory_Neuron
37107,1031,Excitatory_Neuron
37108,1047,Excitatory_Neuron
37109,1062,Excitatory_Neuron
37110,1062,Excitatory_Neuron
37111,1062,Excitatory_Neuron
37112,1064,Excitatory_Neuron
37113,1064,Excitatory_Neuron
37114,1032,Astro-Epen
37115,1086,Astro-Epen
37116,1033,Astro-Epen
37117,1034,Excitatory_Neuron
37118,1037,Excitatory_Neuron
37119,1070,unassigned
37120,1048,Excitatory_Neuron
37121,1043,unassigned
37122,1103,unassigned
37123,1054,Excitatory_Neuron
37124,1058,Excitatory_Neuron
37125,1087,Excitatory_Neuron
37126,1059,Astro-Epen
37127,1057,Excitatory_Neuron
37128,1063,Excitatory_Neuron
37129,1061,Astro-Epen
37130,1098,unassigned
37131,1043,unassigned
37132,1086,Astro-Epen
37133,1082,unassigned
37134,1033,Astro-Epen
37135,1034,Excitatory_Neuron
37136,1035,GABA_Neuron
37137,1053,Excitatory_Neuron
37138,1053,Excitatory_Neuron
37139,1107,unassigned
37140,1045,Excitatory_Neuron
37141,1044,Excitatory_Neuron
37142,1044,Excitatory_Neuron
37143,1044,Excitatory_Neuron
37144,1053,Excitatory_Neuron
37145,1057,Excitatory_Neuron
37146,1058,Excitatory_Neuron
37147,1059,Astro-Epen
37148,1063,Excitatory_Neuron
37149,1041,unassigned
37150,1031,Excitatory_Neuron
37151,1047,Excitatory_Neuron
37152,1074,Excitatory_Neuron
37153,1089,Excitatory_Neuron
37154,1043,unassigned
37155,1051,Astro-Epen
37156,1043,unassigned
37157,1104,Excitatory_Neuron
37158,1045,Excitatory_Neuron
37159,1045,Excitatory_Neuron
37160,1058,Excitatory_Neuron
37161,1062,Excitatory_Neuron
37162,1086,Astro-Epen
37163,1032,Astro-Epen
37164,1074,Excitatory_Neuron
37165,1040,Immune
37166,1049,unassigned
37167,1049,unassigned
37168,1050,Excitatory_Neuron
37169,1053,Excitatory_Neuron
37170,1072,unassigned
37171,1045,Excitatory_Neuron
37172,1045,Excitatory_Neuron
37173,1044,Excitatory_Neuron
37174,1067,Excitatory_Neuron
37175,1049,unassigned
37176,1053,Excitatory_Neuron
37177,1044,Excitatory_Neuron
37178,1045,Excitatory_Neuron
37179,1053,Excitatory_Neuron
37180,1057,Excitatory_Neuron
37181,1082,unassigned
37182,1033,Astro-Epen
37183,1031,Excitatory_Neuron
37184,1034,Excitatory_Neuron
37185,1039,Excitatory_Neuron
37186,1040,Immune
37187,1089,Excitatory_Neuron
37188,1043,unassigned
37189,1043,unassigned
37190,1053,Excitatory_Neuron
37191,1058,Excitatory_Neuron
37192,1057,Excitatory_Neuron
37193,1098,unassigned
37194,1033,Astro-Epen
37195,1033,Astro-Epen
37196,1043,unassigned
37197,1035,GABA_Neuron
37198,1074,Excitatory_Neuron
37199,1099,Excitatory_Neuron
37200,1089,Excitatory_Neuron
37201,1040,Immune
37202,1043,unassigned
37203,1051,Astro-Epen
37204,1045,Excitatory_Neuron
37205,1062,Excitatory_Neuron
37206,1062,Excitatory_Neuron
37207,1064,Excitatory_Neuron
37208,1035,GABA_Neuron
37209,1039,Excitatory_Neuron
37210,1070,unassigned
37211,1048,Excitatory_Neuron
37212,1084,Immune
37213,1057,Excitatory_Neuron
37214,1063,Excitatory_Neuron
37215,1032,Astro-Epen
37216,1082,unassigned
37217,1082,unassigned
37218,1034,Excitatory_Neuron
37219,1036,unassigned
37220,1040,Immune
37221,1048,Excitatory_Neuron
37222,1040,Immune
37223,1038,unassigned
37224,1085,unassigned
37225,1067,Excitatory_Neuron
37226,1067,Excitatory_Neuron
37227,1076,Excitatory_Neuron
37228,1030,Excitatory_Neuron
37229,1034,Excitatory_Neuron
37230,1099,Excitatory_Neuron
37231,1040,Immune
37232,1053,Excitatory_Neuron
37233,1043,unassigned
37234,1104,Excitatory_Neuron
37235,1082,unassigned
37236,1033,Astro-Epen
37237,1031,Excitatory_Neuron
37238,1047,Excitatory_Neuron
37239,1049,unassigned
37240,1053,Excitatory_Neuron
37241,1057,Excitatory_Neuron
37242,1057,Excitatory_Neuron
37243,1064,Excitatory_Neuron
37244,1082,unassigned
37245,1086,Astro-Epen
37246,1034,Excitatory_Neuron
37247,1031,Excitatory_Neuron
37248,1053,Excitatory_Neuron
37249,1050,Excitatory_Neuron
37250,1051,Astro-Epen
37251,1052,unassigned
37252,1044,Excitatory_Neuron
37253,1058,Excitatory_Neuron
37254,1090,unassigned
37255,1064,Excitatory_Neuron
37256,1063,Excitatory_Neuron
37257,1076,Excitatory_Neuron
37258,1034,Excitatory_Neuron
37259,1035,GABA_Neuron
37260,1034,Excitatory_Neuron
37261,1099,Excitatory_Neuron
37262,1089,Excitatory_Neuron
37263,1089,Excitatory_Neuron
37264,1050,Excitatory_Neuron
37265,1053,Excitatory_Neuron
37266,1054,Excitatory_Neuron
37267,1053,Excitatory_Neuron
37268,1054,Excitatory_Neuron
37269,1067,Excitatory_Neuron
37270,1084,Immune
37271,1061,Astro-Epen
37272,1033,Astro-Epen
37273,1033,Astro-Epen
37274,1031,Excitatory_Neuron
37275,1033,Astro-Epen
37276,1035,GABA_Neuron
37277,1038,unassigned
37278,1044,Excitatory_Neuron
37279,1044,Excitatory_Neuron
37280,1063,Excitatory_Neuron
37281,1076,Excitatory_Neuron
37282,1082,unassigned
37283,1035,GABA_Neuron
37284,1037,Excitatory_Neuron
37285,1035,GABA_Neuron
37286,1051,Astro-Epen
37287,1050,Excitatory_Neuron
37288,1053,Excitatory_Neuron
37289,1072,unassigned
37290,1067,Excitatory_Neuron
37291,1057,Excitatory_Neuron
37292,1063,Excitatory_Neuron
37293,1108,unassigned
37294,1034,Excitatory_Neuron
37295,1035,GABA_Neuron
37296,1099,Excitatory_Neuron
37297,1070,unassigned
37298,1048,Excitatory_Neuron
37299,1050,Excitatory_Neuron
37300,1044,Excitatory_Neuron
37301,1053,Excitatory_Neuron
37302,1058,Excitatory_Neuron
37303,1062,Excitatory_Neuron
37304,1057,Excitatory_Neuron
37305,1059,Astro-Epen
37306,1064,Excitatory_Neuron
37307,1035,GABA_Neuron
37308,1035,GABA_Neuron
37309,1039,Excitatory_Neuron
37310,1040,Immune
37311,1049,unassigned
37312,1064,Excitatory_Neuron
37313,1064,Excitatory_Neuron
37314,1043,unassigned
37315,1031,Excitatory_Neuron
37316,1040,Immune
37317,1040,Immune
37318,1054,Excitatory_Neuron
37319,1087,Excitatory_Neuron
37320,1090,unassigned
37321,1100,unassigned
37322,1063,Excitatory_Neuron
37323,1086,Astro-Epen
37324,1082,unassigned
37325,1105,unassigned
37326,1035,GABA_Neuron
37327,1037,Excitatory_Neuron
37328,1034,Excitatory_Neuron
37329,1074,Excitatory_Neuron
37330,1040,Immune
37331,1089,Excitatory_Neuron
37332,1040,Immune
37333,1050,Excitatory_Neuron
37334,1040,Immune
37335,1044,Excitatory_Neuron
37336,1058,Excitatory_Neuron
37337,1058,Excitatory_Neuron
37338,1084,Immune
37339,1057,Excitatory_Neuron
37340,1032,Astro-Epen
37341,1076,Excitatory_Neuron
37342,1038,unassigned
37343,1044,Excitatory_Neuron
37344,1054,Excitatory_Neuron
37345,1057,Excitatory_Neuron
37346,1033,Astro-Epen
37347,1035,GABA_Neuron
37348,1072,unassigned
37349,1045,Excitatory_Neuron
37350,1087,Excitatory_Neuron
37351,1053,Excitatory_Neuron
37352,1057,Excitatory_Neuron
37353,1064,Excitatory_Neuron
37354,1086,Astro-Epen
37355,1076,Excitatory_Neuron
37356,1034,Excitatory_Neuron
37357,1039,Excitatory_Neuron
37358,1043,unassigned
37359,1053,Excitatory_Neuron
37360,1087,Excitatory_Neuron
37361,1059,Astro-Epen
37362,1090,unassigned
37363,1031,Excitatory_Neuron
37364,1035,GABA_Neuron
37365,1034,Excitatory_Neuron
37366,1099,Excitatory_Neuron
37367,1089,Excitatory_Neuron
37368,1089,Excitatory_Neuron
37369,1045,Excitatory_Neuron
37370,1107,unassigned
37371,1057,Excitatory_Neuron
37372,1057,Excitatory_Neuron
37373,1084,Immune
37374,1057,Excitatory_Neuron
37375,1084,Immune
37376,1076,Excitatory_Neuron
37377,1035,GABA_Neuron
37378,1035,GABA_Neuron
37379,1039,Excitatory_Neuron
37380,1074,Excitatory_Neuron
37381,1048,Excitatory_Neuron
37382,1049,unassigned
37383,1104,Excitatory_Neuron
37384,1067,Excitatory_Neuron
37385,1044,Excitatory_Neuron
37386,1053,Excitatory_Neuron
37387,1087,Excitatory_Neuron
37388,1057,Excitatory_Neuron
37389,1064,Excitatory_Neuron
37390,1043,unassigned
37391,1076,Excitatory_Neuron
37392,1076,Excitatory_Neuron
37393,1034,Excitatory_Neuron
37394,1034,Excitatory_Neuron
37395,1109,unassigned
37396,1044,Excitatory_Neuron
37397,1053,Excitatory_Neuron
37398,1044,Excitatory_Neuron
37399,1084,Immune
37400,1061,Astro-Epen
37401,1064,Excitatory_Neuron
37402,1047,Excitatory_Neuron
37403,1074,Excitatory_Neuron
37404,1051,Astro-Epen
37405,1087,Excitatory_Neuron
37406,1057,Excitatory_Neuron
37407,1057,Excitatory_Neuron
37408,1059,Astro-Epen
37409,1076,Excitatory_Neuron
37410,1082,unassigned
37411,1088,unassigned
37412,1076,Excitatory_Neuron
37413,1034,Excitatory_Neuron
37414,1031,Excitatory_Neuron
37415,1039,Excitatory_Neuron
37416,1089,Excitatory_Neuron
37417,1040,Immune
37418,1053,Excitatory_Neuron
37419,1053,Excitatory_Neuron
37420,1044,Excitatory_Neuron
37421,1067,Excitatory_Neuron
37422,1057,Excitatory_Neuron
37423,1061,Astro-Epen
37424,1105,unassigned
37425,1034,Excitatory_Neuron
37426,1047,Excitatory_Neuron
37427,1053,Excitatory_Neuron
37428,1054,Excitatory_Neuron
37429,1057,Excitatory_Neuron
37430,1057,Excitatory_Neuron
37431,1057,Excitatory_Neuron
37432,1063,Excitatory_Neuron
37433,1031,Excitatory_Neuron
37434,1035,GABA_Neuron
37435,1035,GABA_Neuron
37436,1109,unassigned
37437,1043,unassigned
37438,1074,Excitatory_Neuron
37439,1031,Excitatory_Neuron
37440,1040,Immune
37441,1040,Immune
37442,1053,Excitatory_Neuron
37443,1044,Excitatory_Neuron
37444,1067,Excitatory_Neuron
37445,1057,Excitatory_Neuron
37446,1057,Excitatory_Neuron
37447,1100,unassigned
37448,1098,unassigned
37449,1061,Astro-Epen
37450,1064,Excitatory_Neuron
37451,1063,Excitatory_Neuron
37452,1076,Excitatory_Neuron
37453,1109,unassigned
37454,1074,Excitatory_Neuron
37455,1050,Excitatory_Neuron
37456,1051,Astro-Epen
37457,1057,Excitatory_Neuron
37458,1062,Excitatory_Neuron
37459,1057,Excitatory_Neuron
37460,1076,Excitatory_Neuron
37461,1034,Excitatory_Neuron
37462,1034,Excitatory_Neuron
37463,1074,Excitatory_Neuron
37464,1053,Excitatory_Neuron
37465,1044,Excitatory_Neuron
37466,1044,Excitatory_Neuron
37467,1044,Excitatory_Neuron
37468,1067,Excitatory_Neuron
37469,1058,Excitatory_Neuron
37470,1057,Excitatory_Neuron
37471,1063,Excitatory_Neuron
37472,1030,Excitatory_Neuron
37473,1110,unassigned
37474,1034,Excitatory_Neuron
37475,1040,Immune
37476,1104,Excitatory_Neuron
37477,1044,Excitatory_Neuron
37478,1044,Excitatory_Neuron
37479,1054,Excitatory_Neuron
37480,1053,Excitatory_Neuron
37481,1057,Excitatory_Neuron
37482,1061,Astro-Epen
37483,1057,Excitatory_Neuron
37484,1057,Excitatory_Neuron
37485,1090,unassigned
37486,1074,Excitatory_Neuron
37487,1038,unassigned
37488,1044,Excitatory_Neuron
37489,1044,Excitatory_Neuron
37490,1044,Excitatory_Neuron
37491,1057,Excitatory_Neuron
37492,1034,Excitatory_Neuron
37493,1111,unassigned
37494,1074,Excitatory_Neuron
37495,1039,Excitatory_Neuron
37496,1048,Excitatory_Neuron
37497,1051,Astro-Epen
37498,1051,Astro-Epen
37499,1044,Excitatory_Neuron
37500,1054,Excitatory_Neuron
37501,1057,Excitatory_Neuron
37502,1061,Astro-Epen
37503,1076,Excitatory_Neuron
37504,1039,Excitatory_Neuron
37505,1048,Excitatory_Neuron
37506,1048,Excitatory_Neuron
37507,1049,unassigned
37508,1051,Astro-Epen
37509,1051,Astro-Epen
37510,1067,Excitatory_Neuron
37511,1031,Excitatory_Neuron
37512,1034,Excitatory_Neuron
37513,1047,Excitatory_Neuron
37514,1047,Excitatory_Neuron
37515,1040,Immune
37516,1044,Excitatory_Neuron
37517,1084,Immune
37518,1064,Excitatory_Neuron
37519,1064,Excitatory_Neuron
37520,1030,Excitatory_Neuron
37521,1030,Excitatory_Neuron
37522,1034,Excitatory_Neuron
37523,1031,Excitatory_Neuron
37524,1035,GABA_Neuron
37525,1034,Excitatory_Neuron
37526,1031,Excitatory_Neuron
37527,1039,Excitatory_Neuron
37528,1050,Excitatory_Neuron
37529,1048,Excitatory_Neuron
37530,1049,unassigned
37531,1044,Excitatory_Neuron
37532,1044,Excitatory_Neuron
37533,1067,Excitatory_Neuron
37534,1087,Excitatory_Neuron
37535,1057,Excitatory_Neuron
37536,1062,Excitatory_Neuron
37537,1062,Excitatory_Neuron
37538,1064,Excitatory_Neuron
37539,1064,Excitatory_Neuron
37540,1048,Excitatory_Neuron
37541,1038,unassigned
37542,1038,unassigned
37543,1040,Immune
37544,1048,Excitatory_Neuron
37545,1104,Excitatory_Neuron
37546,1044,Excitatory_Neuron
37547,1104,Excitatory_Neuron
37548,1067,Excitatory_Neuron
37549,1053,Excitatory_Neuron
37550,1084,Immune
37551,1062,Excitatory_Neuron
37552,1061,Astro-Epen
37553,1061,Astro-Epen
37554,1030,Excitatory_Neuron
37555,1034,Excitatory_Neuron
37556,1039,Excitatory_Neuron
37557,1040,Immune
37558,1070,unassigned
37559,1038,unassigned
37560,1043,unassigned
37561,1053,Excitatory_Neuron
37562,1053,Excitatory_Neuron
37563,1057,Excitatory_Neuron
37564,1084,Immune
37565,1057,Excitatory_Neuron
37566,1096,Astro-Epen
37567,1034,Excitatory_Neuron
37568,1043,unassigned
37569,1047,Excitatory_Neuron
37570,1039,Excitatory_Neuron
37571,1053,Excitatory_Neuron
37572,1112,Astro-Epen
37573,1045,Excitatory_Neuron
37574,1057,Excitatory_Neuron
37575,1059,Astro-Epen
37576,1031,Excitatory_Neuron
37577,1043,unassigned
37578,1031,Excitatory_Neuron
37579,1047,Excitatory_Neuron
37580,1040,Immune
37581,1053,Excitatory_Neuron
37582,1064,Excitatory_Neuron
37583,1038,unassigned
37584,1053,Excitatory_Neuron
37585,1053,Excitatory_Neuron
37586,1051,Astro-Epen
37587,1040,Immune
37588,1067,Excitatory_Neuron
37589,1044,Excitatory_Neuron
37590,1087,Excitatory_Neuron
37591,1067,Excitatory_Neuron
37592,1057,Excitatory_Neuron
37593,1064,Excitatory_Neuron
37594,1032,Astro-Epen
37595,1033,Astro-Epen
37596,1040,Immune
37597,1040,Immune
37598,1048,Excitatory_Neuron
37599,1104,Excitatory_Neuron
37600,1045,Excitatory_Neuron
37601,1057,Excitatory_Neuron
37602,1061,Astro-Epen
37603,1061,Astro-Epen
37604,1086,Astro-Epen
37605,1031,Excitatory_Neuron
37606,1113,unassigned
37607,1034,Excitatory_Neuron
37608,1047,Excitatory_Neuron
37609,1039,Excitatory_Neuron
37610,1089,Excitatory_Neuron
37611,1048,Excitatory_Neuron
37612,1044,Excitatory_Neuron
37613,1045,Excitatory_Neuron
37614,1044,Excitatory_Neuron
37615,1067,Excitatory_Neuron
37616,1044,Excitatory_Neuron
37617,1057,Excitatory_Neuron
37618,1034,Excitatory_Neuron
37619,1040,Immune
37620,1043,unassigned
37621,1040,Immune
37622,1053,Excitatory_Neuron
37623,1053,Excitatory_Neuron
37624,1061,Astro-Epen
37625,1064,Excitatory_Neuron
37626,1096,Astro-Epen
37627,1032,Astro-Epen
37628,1031,Excitatory_Neuron
37629,1113,unassigned
37630,1034,Excitatory_Neuron
37631,1031,Excitatory_Neuron
37632,1099,Excitatory_Neuron
37633,1040,Immune
37634,1045,Excitatory_Neuron
37635,1053,Excitatory_Neuron
37636,1084,Immune
37637,1057,Excitatory_Neuron
37638,1057,Excitatory_Neuron
37639,1064,Excitatory_Neuron
37640,1096,Astro-Epen
37641,1034,Excitatory_Neuron
37642,1039,Excitatory_Neuron
37643,1040,Immune
37644,1040,Immune
37645,1053,Excitatory_Neuron
37646,1104,Excitatory_Neuron
37647,1114,unassigned
37648,1044,Excitatory_Neuron
37649,1044,Excitatory_Neuron
37650,1067,Excitatory_Neuron
37651,1057,Excitatory_Neuron
37652,1084,Immune
37653,1096,Astro-Epen
37654,1076,Excitatory_Neuron
37655,1099,Excitatory_Neuron
37656,1045,Excitatory_Neuron
37657,1054,Excitatory_Neuron
37658,1067,Excitatory_Neuron
37659,1057,Excitatory_Neuron
37660,1061,Astro-Epen
37661,1062,Excitatory_Neuron
37662,1090,unassigned
37663,1043,unassigned
37664,1064,Excitatory_Neuron
37665,1105,unassigned
37666,1108,unassigned
37667,1035,GABA_Neuron
37668,1039,Excitatory_Neuron
37669,1047,Excitatory_Neuron
37670,1074,Excitatory_Neuron
37671,1038,unassigned
37672,1048,Excitatory_Neuron
37673,1045,Excitatory_Neuron
37674,1053,Excitatory_Neuron
37675,1044,Excitatory_Neuron
37676,1044,Excitatory_Neuron
37677,1044,Excitatory_Neuron
37678,1063,Excitatory_Neuron
37679,1063,Excitatory_Neuron
37680,1086,Astro-Epen
37681,1031,Excitatory_Neuron
37682,1033,Astro-Epen
37683,1034,Excitatory_Neuron
37684,1099,Excitatory_Neuron
37685,1048,Excitatory_Neuron
37686,1053,Excitatory_Neuron
37687,1057,Excitatory_Neuron
37688,1090,unassigned
37689,1096,Astro-Epen
37690,1096,Astro-Epen
37691,1043,unassigned
37692,1034,Excitatory_Neuron
37693,1035,GABA_Neuron
37694,1031,Excitatory_Neuron
37695,1089,Excitatory_Neuron
37696,1053,Excitatory_Neuron
37697,1051,Astro-Epen
37698,1050,Excitatory_Neuron
37699,1053,Excitatory_Neuron
37700,1053,Excitatory_Neuron
37701,1058,Excitatory_Neuron
37702,1062,Excitatory_Neuron
37703,1062,Excitatory_Neuron
37704,1084,Immune
37705,1084,Immune
37706,1057,Excitatory_Neuron
37707,1057,Excitatory_Neuron
37708,1074,Excitatory_Neuron
37709,1039,Excitatory_Neuron
37710,1050,Excitatory_Neuron
37711,1104,Excitatory_Neuron
37712,1051,Astro-Epen
37713,1054,Excitatory_Neuron
37714,1044,Excitatory_Neuron
37715,1044,Excitatory_Neuron
37716,1053,Excitatory_Neuron
37717,1087,Excitatory_Neuron
37718,1062,Excitatory_Neuron
37719,1084,Immune
37720,1057,Excitatory_Neuron
37721,1064,Excitatory_Neuron
37722,1064,Excitatory_Neuron
37723,1031,Excitatory_Neuron
37724,1031,Excitatory_Neuron
37725,1113,unassigned
37726,1034,Excitatory_Neuron
37727,1053,Excitatory_Neuron
37728,1050,Excitatory_Neuron
37729,1043,unassigned
37730,1054,Excitatory_Neuron
37731,1045,Excitatory_Neuron
37732,1053,Excitatory_Neuron
37733,1057,Excitatory_Neuron
37734,1067,Excitatory_Neuron
37735,1062,Excitatory_Neuron
37736,1064,Excitatory_Neuron
37737,1063,Excitatory_Neuron
37738,1032,Astro-Epen
37739,1082,unassigned
37740,1033,Astro-Epen
37741,1076,Excitatory_Neuron
37742,1035,GABA_Neuron
37743,1034,Excitatory_Neuron
37744,1034,Excitatory_Neuron
37745,1031,Excitatory_Neuron
37746,1040,Immune
37747,1048,Excitatory_Neuron
37748,1048,Excitatory_Neuron
37749,1049,unassigned
37750,1050,Excitatory_Neuron
37751,1053,Excitatory_Neuron
37752,1054,Excitatory_Neuron
37753,1067,Excitatory_Neuron
37754,1062,Excitatory_Neuron
37755,1087,Excitatory_Neuron
37756,1064,Excitatory_Neuron
37757,1105,unassigned
37758,1113,unassigned
37759,1039,Excitatory_Neuron
37760,1048,Excitatory_Neuron
37761,1040,Immune
37762,1067,Excitatory_Neuron
37763,1087,Excitatory_Neuron
37764,1059,Astro-Epen
37765,1063,Excitatory_Neuron
37766,1076,Excitatory_Neuron
37767,1031,Excitatory_Neuron
37768,1039,Excitatory_Neuron
37769,1047,Excitatory_Neuron
37770,1050,Excitatory_Neuron
37771,1050,Excitatory_Neuron
37772,1054,Excitatory_Neuron
37773,1044,Excitatory_Neuron
37774,1044,Excitatory_Neuron
37775,1053,Excitatory_Neuron
37776,1061,Astro-Epen
37777,1062,Excitatory_Neuron
37778,1064,Excitatory_Neuron
37779,1032,Astro-Epen
37780,1031,Excitatory_Neuron
37781,1111,unassigned
37782,1031,Excitatory_Neuron
37783,1034,Excitatory_Neuron
37784,1035,GABA_Neuron
37785,1038,unassigned
37786,1112,Astro-Epen
37787,1053,Excitatory_Neuron
37788,1057,Excitatory_Neuron
37789,1064,Excitatory_Neuron
37790,1057,Excitatory_Neuron
37791,1064,Excitatory_Neuron
37792,1076,Excitatory_Neuron
37793,1099,Excitatory_Neuron
37794,1050,Excitatory_Neuron
37795,1043,unassigned
37796,1044,Excitatory_Neuron
37797,1057,Excitatory_Neuron
37798,1087,Excitatory_Neuron
37799,1115,unassigned
37800,1100,unassigned
37801,1064,Excitatory_Neuron
37802,1064,Excitatory_Neuron
37803,1096,Astro-Epen
37804,1105,unassigned
37805,1113,unassigned
37806,1047,Excitatory_Neuron
37807,1040,Immune
37808,1050,Excitatory_Neuron
37809,1116,unassigned
37810,1051,Astro-Epen
37811,1058,Excitatory_Neuron
37812,1087,Excitatory_Neuron
37813,1061,Astro-Epen
37814,1096,Astro-Epen
37815,1031,Excitatory_Neuron
37816,1031,Excitatory_Neuron
37817,1031,Excitatory_Neuron
37818,1047,Excitatory_Neuron
37819,1053,Excitatory_Neuron
37820,1054,Excitatory_Neuron
37821,1044,Excitatory_Neuron
37822,1067,Excitatory_Neuron
37823,1063,Excitatory_Neuron
37824,1064,Excitatory_Neuron
37825,1064,Excitatory_Neuron
37826,1064,Excitatory_Neuron
37827,1063,Excitatory_Neuron
37828,1064,Excitatory_Neuron
37829,1063,Excitatory_Neuron
37830,1031,Excitatory_Neuron
37831,1047,Excitatory_Neuron
37832,1040,Immune
37833,1053,Excitatory_Neuron
37834,1057,Excitatory_Neuron
37835,1057,Excitatory_Neuron
37836,1062,Excitatory_Neuron
37837,1063,Excitatory_Neuron
37838,1034,Excitatory_Neuron
37839,1031,Excitatory_Neuron
37840,1034,Excitatory_Neuron
37841,1034,Excitatory_Neuron
37842,1039,Excitatory_Neuron
37843,1040,Immune
37844,1040,Immune
37845,1054,Excitatory_Neuron
37846,1053,Excitatory_Neuron
37847,1084,Immune
37848,1043,unassigned
37849,1032,Astro-Epen
37850,1033,Astro-Epen
37851,1033,Astro-Epen
37852,1099,Excitatory_Neuron
37853,1117,unassigned
37854,1057,Excitatory_Neuron
37855,1087,Excitatory_Neuron
37856,1057,Excitatory_Neuron
37857,1057,Excitatory_Neuron
37858,1076,Excitatory_Neuron
37859,1105,unassigned
37860,1031,Excitatory_Neuron
37861,1034,Excitatory_Neuron
37862,1031,Excitatory_Neuron
37863,1099,Excitatory_Neuron
37864,1048,Excitatory_Neuron
37865,1040,Immune
37866,1043,unassigned
37867,1053,Excitatory_Neuron
37868,1044,Excitatory_Neuron
37869,1087,Excitatory_Neuron
37870,1061,Astro-Epen
37871,1063,Excitatory_Neuron
37872,1063,Excitatory_Neuron
37873,1034,Excitatory_Neuron
37874,1031,Excitatory_Neuron
37875,1034,Excitatory_Neuron
37876,1111,unassigned
37877,1043,unassigned
37878,1043,unassigned
37879,1044,Excitatory_Neuron
37880,1053,Excitatory_Neuron
37881,1067,Excitatory_Neuron
37882,1067,Excitatory_Neuron
37883,1057,Excitatory_Neuron
37884,1062,Excitatory_Neuron
37885,1057,Excitatory_Neuron
37886,1064,Excitatory_Neuron
37887,1063,Excitatory_Neuron
37888,1096,Astro-Epen
37889,1047,Excitatory_Neuron
37890,1047,Excitatory_Neuron
37891,1116,unassigned
37892,1054,Excitatory_Neuron
37893,1053,Excitatory_Neuron
37894,1067,Excitatory_Neuron
37895,1057,Excitatory_Neuron
37896,1115,unassigned
37897,1063,Excitatory_Neuron
37898,1063,Excitatory_Neuron
37899,1076,Excitatory_Neuron
37900,1076,Excitatory_Neuron
37901,1105,unassigned
37902,1039,Excitatory_Neuron
37903,1034,Excitatory_Neuron
37904,1039,Excitatory_Neuron
37905,1047,Excitatory_Neuron
37906,1099,Excitatory_Neuron
37907,1040,Immune
37908,1074,Excitatory_Neuron
37909,1040,Immune
37910,1112,Astro-Epen
37911,1051,Astro-Epen
37912,1054,Excitatory_Neuron
37913,1067,Excitatory_Neuron
37914,1053,Excitatory_Neuron
37915,1062,Excitatory_Neuron
37916,1087,Excitatory_Neuron
37917,1064,Excitatory_Neuron
37918,1100,unassigned
37919,1057,Excitatory_Neuron
37920,1100,unassigned
37921,1086,Astro-Epen
37922,1033,Astro-Epen
37923,1034,Excitatory_Neuron
37924,1035,GABA_Neuron
37925,1039,Excitatory_Neuron
37926,1039,Excitatory_Neuron
37927,1048,Excitatory_Neuron
37928,1116,unassigned
37929,1045,Excitatory_Neuron
37930,1044,Excitatory_Neuron
37931,1067,Excitatory_Neuron
37932,1067,Excitatory_Neuron
37933,1054,Excitatory_Neuron
37934,1053,Excitatory_Neuron
37935,1057,Excitatory_Neuron
37936,1057,Excitatory_Neuron
37937,1057,Excitatory_Neuron
37938,1064,Excitatory_Neuron
37939,1031,Excitatory_Neuron
37940,1031,Excitatory_Neuron
37941,1034,Excitatory_Neuron
37942,1040,Immune
37943,1089,Excitatory_Neuron
37944,1040,Immune
37945,1051,Astro-Epen
37946,1053,Excitatory_Neuron
37947,1104,Excitatory_Neuron
37948,1062,Excitatory_Neuron
37949,1057,Excitatory_Neuron
37950,1031,Excitatory_Neuron
37951,1034,Excitatory_Neuron
37952,1040,Immune
37953,1040,Immune
37954,1067,Excitatory_Neuron
37955,1067,Excitatory_Neuron
37956,1067,Excitatory_Neuron
37957,1057,Excitatory_Neuron
37958,1057,Excitatory_Neuron
37959,1057,Excitatory_Neuron
37960,1064,Excitatory_Neuron
37961,1099,Excitatory_Neuron
37962,1040,Immune
37963,1050,Excitatory_Neuron
37964,1050,Excitatory_Neuron
37965,1112,Astro-Epen
37966,1104,Excitatory_Neuron
37967,1057,Excitatory_Neuron
37968,1067,Excitatory_Neuron
37969,1057,Excitatory_Neuron
37970,1100,unassigned
37971,1031,Excitatory_Neuron
37972,1105,unassigned
37973,1031,Excitatory_Neuron
37974,1099,Excitatory_Neuron
37975,1099,Excitatory_Neuron
37976,1040,Immune
37977,1050,Excitatory_Neuron
37978,1058,Excitatory_Neuron
37979,1057,Excitatory_Neuron
37980,1057,Excitatory_Neuron
37981,1061,Astro-Epen
37982,1031,Excitatory_Neuron
37983,1031,Excitatory_Neuron
37984,1031,Excitatory_Neuron
37985,1108,unassigned
37986,1105,unassigned
37987,1108,unassigned
37988,1040,Immune
37989,1040,Immune
37990,1053,Excitatory_Neuron
37991,1084,Immune
37992,1084,Immune
37993,1057,Excitatory_Neuron
37994,1031,Excitatory_Neuron
37995,1108,unassigned
37996,1031,Excitatory_Neuron
37997,1040,Immune
37998,1051,Astro-Epen
37999,1084,Immune
38000,1067,Excitatory_Neuron
38001,1084,Immune
38002,1062,Excitatory_Neuron
38003,1057,Excitatory_Neuron
38004,1057,Excitatory_Neuron
38005,1105,unassigned
38006,1039,Excitatory_Neuron
38007,1118,unassigned
38008,1040,Immune
38009,1040,Immune
38010,1104,Excitatory_Neuron
38011,1104,Excitatory_Neuron
38012,1104,Excitatory_Neuron
38013,1054,Excitatory_Neuron
38014,1067,Excitatory_Neuron
38015,1063,Excitatory_Neuron
38016,1119,unassigned
38017,1076,Excitatory_Neuron
38018,1076,Excitatory_Neuron
38019,1035,GABA_Neuron
38020,1099,Excitatory_Neuron
38021,1039,Excitatory_Neuron
38022,1040,Immune
38023,1089,Excitatory_Neuron
38024,1040,Immune
38025,1053,Excitatory_Neuron
38026,1084,Immune
38027,1057,Excitatory_Neuron
38028,1062,Excitatory_Neuron
38029,1057,Excitatory_Neuron
38030,1057,Excitatory_Neuron
38031,1100,unassigned
38032,1063,Excitatory_Neuron
38033,1034,Excitatory_Neuron
38034,1040,Immune
38035,1038,unassigned
38036,1040,Immune
38037,1053,Excitatory_Neuron
38038,1057,Excitatory_Neuron
38039,1067,Excitatory_Neuron
38040,1120,unassigned
38041,1120,unassigned
38042,1120,unassigned
38043,1061,Astro-Epen
38044,1105,unassigned
38045,1031,Excitatory_Neuron
38046,1048,Excitatory_Neuron
38047,1040,Immune
38048,1048,Excitatory_Neuron
38049,1058,Excitatory_Neuron
38050,1057,Excitatory_Neuron
38051,1115,unassigned
38052,1119,unassigned
38053,1031,Excitatory_Neuron
38054,1034,Excitatory_Neuron
38055,1039,Excitatory_Neuron
38056,1099,Excitatory_Neuron
38057,1044,Excitatory_Neuron
38058,1057,Excitatory_Neuron
38059,1087,Excitatory_Neuron
38060,1062,Excitatory_Neuron
38061,1076,Excitatory_Neuron
38062,1105,unassigned
38063,1108,unassigned
38064,1031,Excitatory_Neuron
38065,1031,Excitatory_Neuron
38066,1099,Excitatory_Neuron
38067,1038,unassigned
38068,1050,Excitatory_Neuron
38069,1121,Immune
38070,1040,Immune
38071,1112,Astro-Epen
38072,1051,Astro-Epen
38073,1044,Excitatory_Neuron
38074,1062,Excitatory_Neuron
38075,1061,Astro-Epen
38076,1048,Excitatory_Neuron
38077,1104,Excitatory_Neuron
38078,1112,Astro-Epen
38079,1112,Astro-Epen
38080,1104,Excitatory_Neuron
38081,1063,Excitatory_Neuron
38082,1034,Excitatory_Neuron
38083,1089,Excitatory_Neuron
38084,1122,unassigned
38085,1044,Excitatory_Neuron
38086,1120,unassigned
38087,1115,unassigned
38088,1064,Excitatory_Neuron
38089,1063,Excitatory_Neuron
38090,1063,Excitatory_Neuron
38091,1105,unassigned
38092,1034,Excitatory_Neuron
38093,1099,Excitatory_Neuron
38094,1034,Excitatory_Neuron
38095,1118,unassigned
38096,1039,Excitatory_Neuron
38097,1048,Excitatory_Neuron
38098,1048,Excitatory_Neuron
38099,1040,Immune
38100,1043,unassigned
38101,1112,Astro-Epen
38102,1054,Excitatory_Neuron
38103,1054,Excitatory_Neuron
38104,1057,Excitatory_Neuron
38105,1062,Excitatory_Neuron
38106,1067,Excitatory_Neuron
38107,1120,unassigned
38108,1057,Excitatory_Neuron
38109,1063,Excitatory_Neuron
38110,1033,Astro-Epen
38111,1034,Excitatory_Neuron
38112,1039,Excitatory_Neuron
38113,1043,unassigned
38114,1040,Immune
38115,1104,Excitatory_Neuron
38116,1104,Excitatory_Neuron
38117,1104,Excitatory_Neuron
38118,1053,Excitatory_Neuron
38119,1057,Excitatory_Neuron
38120,1062,Excitatory_Neuron
38121,1100,unassigned
38122,1063,Excitatory_Neuron
38123,1034,Excitatory_Neuron
38124,1087,Excitatory_Neuron
38125,1057,Excitatory_Neuron
38126,1067,Excitatory_Neuron
38127,1061,Astro-Epen
38128,1063,Excitatory_Neuron
38129,1096,Astro-Epen
38130,1113,unassigned
38131,1034,Excitatory_Neuron
38132,1034,Excitatory_Neuron
38133,1047,Excitatory_Neuron
38134,1039,Excitatory_Neuron
38135,1040,Immune
38136,1112,Astro-Epen
38137,1057,Excitatory_Neuron
38138,1096,Astro-Epen
38139,1034,Excitatory_Neuron
38140,1031,Excitatory_Neuron
38141,1040,Immune
38142,1040,Immune
38143,1054,Excitatory_Neuron
38144,1104,Excitatory_Neuron
38145,1053,Excitatory_Neuron
38146,1044,Excitatory_Neuron
38147,1053,Excitatory_Neuron
38148,1062,Excitatory_Neuron
38149,1057,Excitatory_Neuron
38150,1031,Excitatory_Neuron
38151,1105,unassigned
38152,1031,Excitatory_Neuron
38153,1031,Excitatory_Neuron
38154,1099,Excitatory_Neuron
38155,1040,Immune
38156,1123,unassigned
38157,1040,Immune
38158,1121,Immune
38159,1112,Astro-Epen
38160,1054,Excitatory_Neuron
38161,1053,Excitatory_Neuron
38162,1087,Excitatory_Neuron
38163,1057,Excitatory_Neuron
38164,1062,Excitatory_Neuron
38165,1057,Excitatory_Neuron
38166,1100,unassigned
38167,1063,Excitatory_Neuron
38168,1031,Excitatory_Neuron
38169,1031,Excitatory_Neuron
38170,1124,unassigned
38171,1074,Excitatory_Neuron
38172,1034,Excitatory_Neuron
38173,1040,Immune
38174,1048,Excitatory_Neuron
38175,1040,Immune
38176,1040,Immune
38177,1045,Excitatory_Neuron
38178,1104,Excitatory_Neuron
38179,1044,Excitatory_Neuron
38180,1057,Excitatory_Neuron
38181,1057,Excitatory_Neuron
38182,1115,unassigned
38183,1063,Excitatory_Neuron
38184,1043,unassigned
38185,1034,Excitatory_Neuron
38186,1074,Excitatory_Neuron
38187,1053,Excitatory_Neuron
38188,1104,Excitatory_Neuron
38189,1104,Excitatory_Neuron
38190,1104,Excitatory_Neuron
38191,1053,Excitatory_Neuron
38192,1032,Astro-Epen
38193,1076,Excitatory_Neuron
38194,1105,unassigned
38195,1105,unassigned
38196,1124,unassigned
38197,1034,Excitatory_Neuron
38198,1099,Excitatory_Neuron
38199,1040,Immune
38200,1043,unassigned
38201,1051,Astro-Epen
38202,1112,Astro-Epen
38203,1044,Excitatory_Neuron
38204,1112,Astro-Epen
38205,1087,Excitatory_Neuron
38206,1100,unassigned
38207,1034,Excitatory_Neuron
38208,1034,Excitatory_Neuron
38209,1099,Excitatory_Neuron
38210,1047,Excitatory_Neuron
38211,1054,Excitatory_Neuron
38212,1054,Excitatory_Neuron
38213,1067,Excitatory_Neuron
38214,1057,Excitatory_Neuron
38215,1057,Excitatory_Neuron
38216,1034,Excitatory_Neuron
38217,1074,Excitatory_Neuron
38218,1040,Immune
38219,1121,Immune
38220,1054,Excitatory_Neuron
38221,1057,Excitatory_Neuron
38222,1062,Excitatory_Neuron
38223,1115,unassigned
38224,1115,unassigned
38225,1064,Excitatory_Neuron
38226,1125,unassigned
38227,1031,Excitatory_Neuron
38228,1074,Excitatory_Neuron
38229,1039,Excitatory_Neuron
38230,1040,Immune
38231,1099,Excitatory_Neuron
38232,1039,Excitatory_Neuron
38233,1121,Immune
38234,1050,Excitatory_Neuron
38235,1044,Excitatory_Neuron
38236,1067,Excitatory_Neuron
38237,1044,Excitatory_Neuron
38238,1062,Excitatory_Neuron
38239,1057,Excitatory_Neuron
38240,1057,Excitatory_Neuron
38241,1105,unassigned
38242,1031,Excitatory_Neuron
38243,1034,Excitatory_Neuron
38244,1040,Immune
38245,1040,Immune
38246,1048,Excitatory_Neuron
38247,1045,Excitatory_Neuron
38248,1061,Astro-Epen
38249,1064,Excitatory_Neuron
38250,1096,Astro-Epen
38251,1031,Excitatory_Neuron
38252,1039,Excitatory_Neuron
38253,1051,Astro-Epen
38254,1112,Astro-Epen
38255,1044,Excitatory_Neuron
38256,1057,Excitatory_Neuron
38257,1084,Immune
38258,1062,Excitatory_Neuron
38259,1061,Astro-Epen
38260,1115,unassigned
38261,1126,unassigned
38262,1031,Excitatory_Neuron
38263,1031,Excitatory_Neuron
38264,1040,Immune
38265,1053,Excitatory_Neuron
38266,1104,Excitatory_Neuron
38267,1053,Excitatory_Neuron
38268,1054,Excitatory_Neuron
38269,1053,Excitatory_Neuron
38270,1044,Excitatory_Neuron
38271,1057,Excitatory_Neuron
38272,1062,Excitatory_Neuron
38273,1053,Excitatory_Neuron
38274,1058,Excitatory_Neuron
38275,1057,Excitatory_Neuron
38276,1057,Excitatory_Neuron
38277,1062,Excitatory_Neuron
38278,1115,unassigned
38279,1115,unassigned
38280,1096,Astro-Epen
38281,1105,unassigned
38282,1031,Excitatory_Neuron
38283,1034,Excitatory_Neuron
38284,1031,Excitatory_Neuron
38285,1034,Excitatory_Neuron
38286,1039,Excitatory_Neuron
38287,1040,Immune
38288,1040,Immune
38289,1048,Excitatory_Neuron
38290,1050,Excitatory_Neuron
38291,1127,unassigned
38292,1112,Astro-Epen
38293,1054,Excitatory_Neuron
38294,1057,Excitatory_Neuron
38295,1064,Excitatory_Neuron
38296,1064,Excitatory_Neuron
38297,1064,Excitatory_Neuron
38298,1031,Excitatory_Neuron
38299,1034,Excitatory_Neuron
38300,1040,Immune
38301,1043,unassigned
38302,1104,Excitatory_Neuron
38303,1054,Excitatory_Neuron
38304,1044,Excitatory_Neuron
38305,1057,Excitatory_Neuron
38306,1057,Excitatory_Neuron
38307,1057,Excitatory_Neuron
38308,1057,Excitatory_Neuron
38309,1061,Astro-Epen
38310,1063,Excitatory_Neuron
38311,1128,unassigned
38312,1076,Excitatory_Neuron
38313,1031,Excitatory_Neuron
38314,1034,Excitatory_Neuron
38315,1031,Excitatory_Neuron
38316,1047,Excitatory_Neuron
38317,1122,unassigned
38318,1104,Excitatory_Neuron
38319,1122,unassigned
38320,1054,Excitatory_Neuron
38321,1054,Excitatory_Neuron
38322,1053,Excitatory_Neuron
38323,1067,Excitatory_Neuron
38324,1067,Excitatory_Neuron
38325,1057,Excitatory_Neuron
38326,1062,Excitatory_Neuron
38327,1034,Excitatory_Neuron
38328,1034,Excitatory_Neuron
38329,1034,Excitatory_Neuron
38330,1031,Excitatory_Neuron
38331,1040,Immune
38332,1104,Excitatory_Neuron
38333,1057,Excitatory_Neuron
38334,1061,Astro-Epen
38335,1063,Excitatory_Neuron
38336,1043,unassigned
38337,1031,Excitatory_Neuron
38338,1031,Excitatory_Neuron
38339,1099,Excitatory_Neuron
38340,1040,Immune
38341,1104,Excitatory_Neuron
38342,1043,unassigned
38343,1057,Excitatory_Neuron
38344,1087,Excitatory_Neuron
38345,1087,Excitatory_Neuron
38346,1057,Excitatory_Neuron
38347,1064,Excitatory_Neuron
38348,1061,Astro-Epen
38349,1115,unassigned
38350,1063,Excitatory_Neuron
38351,1031,Excitatory_Neuron
38352,1034,Excitatory_Neuron
38353,1034,Excitatory_Neuron
38354,1034,Excitatory_Neuron
38355,1031,Excitatory_Neuron
38356,1031,Excitatory_Neuron
38357,1099,Excitatory_Neuron
38358,1040,Immune
38359,1040,Immune
38360,1053,Excitatory_Neuron
38361,1051,Astro-Epen
38362,1053,Excitatory_Neuron
38363,1054,Excitatory_Neuron
38364,1044,Excitatory_Neuron
38365,1044,Excitatory_Neuron
38366,1058,Excitatory_Neuron
38367,1067,Excitatory_Neuron
38368,1087,Excitatory_Neuron
38369,1062,Excitatory_Neuron
38370,1061,Astro-Epen
38371,1115,unassigned
38372,1063,Excitatory_Neuron
38373,1064,Excitatory_Neuron
38374,1108,unassigned
38375,1089,Excitatory_Neuron
38376,1104,Excitatory_Neuron
38377,1129,unassigned
38378,1104,Excitatory_Neuron
38379,1044,Excitatory_Neuron
38380,1044,Excitatory_Neuron
38381,1053,Excitatory_Neuron
38382,1076,Excitatory_Neuron
38383,1108,unassigned
38384,1031,Excitatory_Neuron
38385,1031,Excitatory_Neuron
38386,1031,Excitatory_Neuron
38387,1040,Immune
38388,1039,Excitatory_Neuron
38389,1040,Immune
38390,1043,unassigned
38391,1121,Immune
38392,1104,Excitatory_Neuron
38393,1054,Excitatory_Neuron
38394,1053,Excitatory_Neuron
38395,1053,Excitatory_Neuron
38396,1067,Excitatory_Neuron
38397,1062,Excitatory_Neuron
38398,1115,unassigned
38399,1032,Astro-Epen
38400,1033,Astro-Epen
38401,1108,unassigned
38402,1113,unassigned
38403,1047,Excitatory_Neuron
38404,1039,Excitatory_Neuron
38405,1040,Immune
38406,1050,Excitatory_Neuron
38407,1112,Astro-Epen
38408,1044,Excitatory_Neuron
38409,1053,Excitatory_Neuron
38410,1057,Excitatory_Neuron
38411,1067,Excitatory_Neuron
38412,1057,Excitatory_Neuron
38413,1096,Astro-Epen
38414,1031,Excitatory_Neuron
38415,1033,Astro-Epen
38416,1031,Excitatory_Neuron
38417,1031,Excitatory_Neuron
38418,1034,Excitatory_Neuron
38419,1031,Excitatory_Neuron
38420,1039,Excitatory_Neuron
38421,1040,Immune
38422,1089,Excitatory_Neuron
38423,1053,Excitatory_Neuron
38424,1044,Excitatory_Neuron
38425,1067,Excitatory_Neuron
38426,1053,Excitatory_Neuron
38427,1067,Excitatory_Neuron
38428,1057,Excitatory_Neuron
38429,1057,Excitatory_Neuron
38430,1057,Excitatory_Neuron
38431,1057,Excitatory_Neuron
38432,1062,Excitatory_Neuron
38433,1032,Astro-Epen
38434,1076,Excitatory_Neuron
38435,1108,unassigned
38436,1034,Excitatory_Neuron
38437,1034,Excitatory_Neuron
38438,1039,Excitatory_Neuron
38439,1089,Excitatory_Neuron
38440,1089,Excitatory_Neuron
38441,1050,Excitatory_Neuron
38442,1050,Excitatory_Neuron
38443,1104,Excitatory_Neuron
38444,1044,Excitatory_Neuron
38445,1129,unassigned
38446,1057,Excitatory_Neuron
38447,1057,Excitatory_Neuron
38448,1057,Excitatory_Neuron
38449,1064,Excitatory_Neuron
38450,1064,Excitatory_Neuron
38451,1096,Astro-Epen
38452,1076,Excitatory_Neuron
38453,1040,Immune
38454,1099,Excitatory_Neuron
38455,1050,Excitatory_Neuron
38456,1112,Astro-Epen
38457,1054,Excitatory_Neuron
38458,1087,Excitatory_Neuron
38459,1061,Astro-Epen
38460,1063,Excitatory_Neuron
38461,1096,Astro-Epen
38462,1030,Excitatory_Neuron
38463,1031,Excitatory_Neuron
38464,1034,Excitatory_Neuron
38465,1034,Excitatory_Neuron
38466,1035,GABA_Neuron
38467,1031,Excitatory_Neuron
38468,1031,Excitatory_Neuron
38469,1074,Excitatory_Neuron
38470,1051,Astro-Epen
38471,1057,Excitatory_Neuron
38472,1031,Excitatory_Neuron
38473,1050,Excitatory_Neuron
38474,1089,Excitatory_Neuron
38475,1050,Excitatory_Neuron
38476,1104,Excitatory_Neuron
38477,1067,Excitatory_Neuron
38478,1053,Excitatory_Neuron
38479,1058,Excitatory_Neuron
38480,1057,Excitatory_Neuron
38481,1063,Excitatory_Neuron
38482,1105,unassigned
38483,1076,Excitatory_Neuron
38484,1108,unassigned
38485,1108,unassigned
38486,1113,unassigned
38487,1040,Immune
38488,1104,Excitatory_Neuron
38489,1112,Astro-Epen
38490,1054,Excitatory_Neuron
38491,1104,Excitatory_Neuron
38492,1067,Excitatory_Neuron
38493,1067,Excitatory_Neuron
38494,1062,Excitatory_Neuron
38495,1063,Excitatory_Neuron
38496,1115,unassigned
38497,1063,Excitatory_Neuron
38498,1063,Excitatory_Neuron
38499,1096,Astro-Epen
38500,1096,Astro-Epen
38501,1034,Excitatory_Neuron
38502,1031,Excitatory_Neuron
38503,1040,Immune
38504,1040,Immune
38505,1050,Excitatory_Neuron
38506,1100,unassigned
38507,1064,Excitatory_Neuron
38508,1115,unassigned
38509,1063,Excitatory_Neuron
38510,1063,Excitatory_Neuron
38511,1076,Excitatory_Neuron
38512,1043,unassigned
38513,1034,Excitatory_Neuron
38514,1130,unassigned
38515,1031,Excitatory_Neuron
38516,1099,Excitatory_Neuron
38517,1099,Excitatory_Neuron
38518,1074,Excitatory_Neuron
38519,1104,Excitatory_Neuron
38520,1089,Excitatory_Neuron
38521,1045,Excitatory_Neuron
38522,1104,Excitatory_Neuron
38523,1067,Excitatory_Neuron
38524,1057,Excitatory_Neuron
38525,1061,Astro-Epen
38526,1063,Excitatory_Neuron
38527,1096,Astro-Epen
38528,1076,Excitatory_Neuron
38529,1076,Excitatory_Neuron
38530,1031,Excitatory_Neuron
38531,1113,unassigned
38532,1040,Immune
38533,1112,Astro-Epen
38534,1053,Excitatory_Neuron
38535,1053,Excitatory_Neuron
38536,1067,Excitatory_Neuron
38537,1067,Excitatory_Neuron
38538,1058,Excitatory_Neuron
38539,1064,Excitatory_Neuron
38540,1063,Excitatory_Neuron
38541,1064,Excitatory_Neuron
38542,1105,unassigned
38543,1031,Excitatory_Neuron
38544,1131,unassigned
38545,1124,unassigned
38546,1067,Excitatory_Neuron
38547,1053,Excitatory_Neuron
38548,1058,Excitatory_Neuron
38549,1057,Excitatory_Neuron
38550,1057,Excitatory_Neuron
38551,1031,Excitatory_Neuron
38552,1089,Excitatory_Neuron
38553,1121,Immune
38554,1050,Excitatory_Neuron
38555,1121,Immune
38556,1112,Astro-Epen
38557,1054,Excitatory_Neuron
38558,1129,unassigned
38559,1044,Excitatory_Neuron
38560,1053,Excitatory_Neuron
38561,1057,Excitatory_Neuron
38562,1057,Excitatory_Neuron
38563,1057,Excitatory_Neuron
38564,1115,unassigned
38565,1031,Excitatory_Neuron
38566,1031,Excitatory_Neuron
38567,1121,Immune
38568,1122,unassigned
38569,1044,Excitatory_Neuron
38570,1053,Excitatory_Neuron
38571,1067,Excitatory_Neuron
38572,1062,Excitatory_Neuron
38573,1064,Excitatory_Neuron
38574,1031,Excitatory_Neuron
38575,1131,unassigned
38576,1031,Excitatory_Neuron
38577,1034,Excitatory_Neuron
38578,1040,Immune
38579,1040,Immune
38580,1040,Immune
38581,1104,Excitatory_Neuron
38582,1067,Excitatory_Neuron
38583,1063,Excitatory_Neuron
38584,1096,Astro-Epen
38585,1043,unassigned
38586,1130,unassigned
38587,1113,unassigned
38588,1031,Excitatory_Neuron
38589,1074,Excitatory_Neuron
38590,1040,Immune
38591,1127,unassigned
38592,1104,Excitatory_Neuron
38593,1067,Excitatory_Neuron
38594,1054,Excitatory_Neuron
38595,1044,Excitatory_Neuron
38596,1057,Excitatory_Neuron
38597,1057,Excitatory_Neuron
38598,1057,Excitatory_Neuron
38599,1063,Excitatory_Neuron
38600,1031,Excitatory_Neuron
38601,1047,Excitatory_Neuron
38602,1112,Astro-Epen
38603,1044,Excitatory_Neuron
38604,1044,Excitatory_Neuron
38605,1057,Excitatory_Neuron
38606,1057,Excitatory_Neuron
38607,1057,Excitatory_Neuron
38608,1061,Astro-Epen
38609,1063,Excitatory_Neuron
38610,1061,Astro-Epen
38611,1096,Astro-Epen
38612,1105,unassigned
38613,1076,Excitatory_Neuron
38614,1031,Excitatory_Neuron
38615,1132,unassigned
38616,1089,Excitatory_Neuron
38617,1040,Immune
38618,1050,Excitatory_Neuron
38619,1045,Excitatory_Neuron
38620,1054,Excitatory_Neuron
38621,1067,Excitatory_Neuron
38622,1057,Excitatory_Neuron
38623,1061,Astro-Epen
38624,1061,Astro-Epen
38625,1064,Excitatory_Neuron
38626,1115,unassigned
38627,1031,Excitatory_Neuron
38628,1034,Excitatory_Neuron
38629,1031,Excitatory_Neuron
38630,1089,Excitatory_Neuron
38631,1050,Excitatory_Neuron
38632,1058,Excitatory_Neuron
38633,1057,Excitatory_Neuron
38634,1115,unassigned
38635,1064,Excitatory_Neuron
38636,1133,unassigned
38637,1063,Excitatory_Neuron
38638,1076,Excitatory_Neuron
38639,1031,Excitatory_Neuron
38640,1099,Excitatory_Neuron
38641,1054,Excitatory_Neuron
38642,1053,Excitatory_Neuron
38643,1057,Excitatory_Neuron
38644,1062,Excitatory_Neuron
38645,1115,unassigned
38646,1063,Excitatory_Neuron
38647,1076,Excitatory_Neuron
38648,1031,Excitatory_Neuron
38649,1130,unassigned
38650,1034,Excitatory_Neuron
38651,1034,Excitatory_Neuron
38652,1074,Excitatory_Neuron
38653,1104,Excitatory_Neuron
38654,1122,unassigned
38655,1112,Astro-Epen
38656,1054,Excitatory_Neuron
38657,1129,unassigned
38658,1044,Excitatory_Neuron
38659,1057,Excitatory_Neuron
38660,1057,Excitatory_Neuron
38661,1057,Excitatory_Neuron
38662,1064,Excitatory_Neuron
38663,1115,unassigned
38664,1115,unassigned
38665,1134,unassigned
38666,1105,unassigned
38667,1076,Excitatory_Neuron
38668,1043,unassigned
38669,1105,unassigned
38670,1031,Excitatory_Neuron
38671,1031,Excitatory_Neuron
38672,1130,unassigned
38673,1040,Immune
38674,1039,Excitatory_Neuron
38675,1045,Excitatory_Neuron
38676,1129,unassigned
38677,1044,Excitatory_Neuron
38678,1053,Excitatory_Neuron
38679,1044,Excitatory_Neuron
38680,1061,Astro-Epen
38681,1061,Astro-Epen
38682,1131,unassigned
38683,1031,Excitatory_Neuron
38684,1074,Excitatory_Neuron
38685,1121,Immune
38686,1089,Excitatory_Neuron
38687,1112,Astro-Epen
38688,1089,Excitatory_Neuron
38689,1053,Excitatory_Neuron
38690,1044,Excitatory_Neuron
38691,1057,Excitatory_Neuron
38692,1067,Excitatory_Neuron
38693,1057,Excitatory_Neuron
38694,1062,Excitatory_Neuron
38695,1115,unassigned
38696,1076,Excitatory_Neuron
38697,1108,unassigned
38698,1034,Excitatory_Neuron
38699,1031,Excitatory_Neuron
38700,1040,Immune
38701,1040,Immune
38702,1040,Immune
38703,1050,Excitatory_Neuron
38704,1104,Excitatory_Neuron
38705,1054,Excitatory_Neuron
38706,1129,unassigned
38707,1057,Excitatory_Neuron
38708,1087,Excitatory_Neuron
38709,1057,Excitatory_Neuron
38710,1061,Astro-Epen
38711,1043,unassigned
38712,1043,unassigned
38713,1131,unassigned
38714,1074,Excitatory_Neuron
38715,1045,Excitatory_Neuron
38716,1043,unassigned
38717,1054,Excitatory_Neuron
38718,1067,Excitatory_Neuron
38719,1053,Excitatory_Neuron
38720,1053,Excitatory_Neuron
38721,1053,Excitatory_Neuron
38722,1067,Excitatory_Neuron
38723,1044,Excitatory_Neuron
38724,1087,Excitatory_Neuron
38725,1057,Excitatory_Neuron
38726,1057,Excitatory_Neuron
38727,1062,Excitatory_Neuron
38728,1057,Excitatory_Neuron
38729,1063,Excitatory_Neuron
38730,1099,Excitatory_Neuron
38731,1089,Excitatory_Neuron
38732,1089,Excitatory_Neuron
38733,1104,Excitatory_Neuron
38734,1044,Excitatory_Neuron
38735,1057,Excitatory_Neuron
38736,1063,Excitatory_Neuron
38737,1063,Excitatory_Neuron
38738,1031,Excitatory_Neuron
38739,1031,Excitatory_Neuron
38740,1034,Excitatory_Neuron
38741,1132,unassigned
38742,1031,Excitatory_Neuron
38743,1031,Excitatory_Neuron
38744,1074,Excitatory_Neuron
38745,1121,Immune
38746,1112,Astro-Epen
38747,1057,Excitatory_Neuron
38748,1062,Excitatory_Neuron
38749,1084,Immune
38750,1063,Excitatory_Neuron
38751,1130,unassigned
38752,1031,Excitatory_Neuron
38753,1047,Excitatory_Neuron
38754,1121,Immune
38755,1040,Immune
38756,1089,Excitatory_Neuron
38757,1051,Astro-Epen
38758,1054,Excitatory_Neuron
38759,1054,Excitatory_Neuron
38760,1129,unassigned
38761,1044,Excitatory_Neuron
38762,1064,Excitatory_Neuron
38763,1135,unassigned
38764,1135,unassigned
38765,1124,unassigned
38766,1047,Excitatory_Neuron
38767,1089,Excitatory_Neuron
38768,1050,Excitatory_Neuron
38769,1104,Excitatory_Neuron
38770,1112,Astro-Epen
38771,1050,Excitatory_Neuron
38772,1050,Excitatory_Neuron
38773,1112,Astro-Epen
38774,1057,Excitatory_Neuron
38775,1087,Excitatory_Neuron
38776,1084,Immune
38777,1063,Excitatory_Neuron
38778,1086,Astro-Epen
38779,1105,unassigned
38780,1043,unassigned
38781,1104,Excitatory_Neuron
38782,1054,Excitatory_Neuron
38783,1053,Excitatory_Neuron
38784,1044,Excitatory_Neuron
38785,1053,Excitatory_Neuron
38786,1057,Excitatory_Neuron
38787,1057,Excitatory_Neuron
38788,1086,Astro-Epen
38789,1031,Excitatory_Neuron
38790,1031,Excitatory_Neuron
38791,1089,Excitatory_Neuron
38792,1089,Excitatory_Neuron
38793,1054,Excitatory_Neuron
38794,1112,Astro-Epen
38795,1057,Excitatory_Neuron
38796,1084,Immune
38797,1087,Excitatory_Neuron
38798,1063,Excitatory_Neuron
38799,1133,unassigned
38800,1076,Excitatory_Neuron
38801,1121,Immune
38802,1104,Excitatory_Neuron
38803,1129,unassigned
38804,1053,Excitatory_Neuron
38805,1044,Excitatory_Neuron
38806,1057,Excitatory_Neuron
38807,1115,unassigned
38808,1076,Excitatory_Neuron
38809,1096,Astro-Epen
38810,1136,unassigned
38811,1051,Astro-Epen
38812,1051,Astro-Epen
38813,1053,Excitatory_Neuron
38814,1115,unassigned
38815,1115,unassigned
38816,1105,unassigned
38817,1031,Excitatory_Neuron
38818,1039,Excitatory_Neuron
38819,1050,Excitatory_Neuron
38820,1104,Excitatory_Neuron
38821,1058,Excitatory_Neuron
38822,1057,Excitatory_Neuron
38823,1061,Astro-Epen
38824,1063,Excitatory_Neuron
38825,1076,Excitatory_Neuron
38826,1043,unassigned
38827,1099,Excitatory_Neuron
38828,1099,Excitatory_Neuron
38829,1047,Excitatory_Neuron
38830,1040,Immune
38831,1040,Immune
38832,1089,Excitatory_Neuron
38833,1057,Excitatory_Neuron
38834,1058,Excitatory_Neuron
38835,1084,Immune
38836,1064,Excitatory_Neuron
38837,1064,Excitatory_Neuron
38838,1076,Excitatory_Neuron
38839,1040,Immune
38840,1104,Excitatory_Neuron
38841,1051,Astro-Epen
38842,1089,Excitatory_Neuron
38843,1067,Excitatory_Neuron
38844,1058,Excitatory_Neuron
38845,1084,Immune
38846,1135,unassigned
38847,1115,unassigned
38848,1031,Excitatory_Neuron
38849,1034,Excitatory_Neuron
38850,1099,Excitatory_Neuron
38851,1099,Excitatory_Neuron
38852,1104,Excitatory_Neuron
38853,1050,Excitatory_Neuron
38854,1104,Excitatory_Neuron
38855,1044,Excitatory_Neuron
38856,1053,Excitatory_Neuron
38857,1061,Astro-Epen
38858,1076,Excitatory_Neuron
38859,1105,unassigned
38860,1124,unassigned
38861,1074,Excitatory_Neuron
38862,1040,Immune
38863,1040,Immune
38864,1127,unassigned
38865,1043,unassigned
38866,1050,Excitatory_Neuron
38867,1054,Excitatory_Neuron
38868,1057,Excitatory_Neuron
38869,1044,Excitatory_Neuron
38870,1053,Excitatory_Neuron
38871,1087,Excitatory_Neuron
38872,1137,unassigned
38873,1096,Astro-Epen
38874,1031,Excitatory_Neuron
38875,1076,Excitatory_Neuron
38876,1105,unassigned
38877,1031,Excitatory_Neuron
38878,1099,Excitatory_Neuron
38879,1039,Excitatory_Neuron
38880,1050,Excitatory_Neuron
38881,1054,Excitatory_Neuron
38882,1057,Excitatory_Neuron
38883,1105,unassigned
38884,1124,unassigned
38885,1039,Excitatory_Neuron
38886,1121,Immune
38887,1040,Immune
38888,1112,Astro-Epen
38889,1054,Excitatory_Neuron
38890,1062,Excitatory_Neuron
38891,1062,Excitatory_Neuron
38892,1064,Excitatory_Neuron
38893,1115,unassigned
38894,1063,Excitatory_Neuron
38895,1031,Excitatory_Neuron
38896,1138,unassigned
38897,1099,Excitatory_Neuron
38898,1040,Immune
38899,1089,Excitatory_Neuron
38900,1089,Excitatory_Neuron
38901,1054,Excitatory_Neuron
38902,1067,Excitatory_Neuron
38903,1057,Excitatory_Neuron
38904,1053,Excitatory_Neuron
38905,1087,Excitatory_Neuron
38906,1062,Excitatory_Neuron
38907,1087,Excitatory_Neuron
38908,1057,Excitatory_Neuron
38909,1096,Astro-Epen
38910,1031,Excitatory_Neuron
38911,1099,Excitatory_Neuron
38912,1047,Excitatory_Neuron
38913,1039,Excitatory_Neuron
38914,1040,Immune
38915,1127,unassigned
38916,1104,Excitatory_Neuron
38917,1044,Excitatory_Neuron
38918,1044,Excitatory_Neuron
38919,1044,Excitatory_Neuron
38920,1087,Excitatory_Neuron
38921,1133,unassigned
38922,1039,Excitatory_Neuron
38923,1089,Excitatory_Neuron
38924,1043,unassigned
38925,1053,Excitatory_Neuron
38926,1057,Excitatory_Neuron
38927,1057,Excitatory_Neuron
38928,1135,unassigned
38929,1061,Astro-Epen
38930,1133,unassigned
38931,1076,Excitatory_Neuron
38932,1035,GABA_Neuron
38933,1099,Excitatory_Neuron
38934,1089,Excitatory_Neuron
38935,1122,unassigned
38936,1050,Excitatory_Neuron
38937,1058,Excitatory_Neuron
38938,1057,Excitatory_Neuron
38939,1057,Excitatory_Neuron
38940,1062,Excitatory_Neuron
38941,1064,Excitatory_Neuron
38942,1115,unassigned
38943,1063,Excitatory_Neuron
38944,1133,unassigned
38945,1105,unassigned
38946,1099,Excitatory_Neuron
38947,1121,Immune
38948,1104,Excitatory_Neuron
38949,1053,Excitatory_Neuron
38950,1062,Excitatory_Neuron
38951,1124,unassigned
38952,1031,Excitatory_Neuron
38953,1139,unassigned
38954,1074,Excitatory_Neuron
38955,1040,Immune
38956,1053,Excitatory_Neuron
38957,1043,unassigned
38958,1129,unassigned
38959,1053,Excitatory_Neuron
38960,1053,Excitatory_Neuron
38961,1058,Excitatory_Neuron
38962,1054,Excitatory_Neuron
38963,1053,Excitatory_Neuron
38964,1067,Excitatory_Neuron
38965,1087,Excitatory_Neuron
38966,1064,Excitatory_Neuron
38967,1031,Excitatory_Neuron
38968,1034,Excitatory_Neuron
38969,1099,Excitatory_Neuron
38970,1099,Excitatory_Neuron
38971,1140,unassigned
38972,1057,Excitatory_Neuron
38973,1057,Excitatory_Neuron
38974,1064,Excitatory_Neuron
38975,1133,unassigned
38976,1064,Excitatory_Neuron
38977,1076,Excitatory_Neuron
38978,1034,Excitatory_Neuron
38979,1031,Excitatory_Neuron
38980,1031,Excitatory_Neuron
38981,1031,Excitatory_Neuron
38982,1040,Immune
38983,1050,Excitatory_Neuron
38984,1089,Excitatory_Neuron
38985,1053,Excitatory_Neuron
38986,1054,Excitatory_Neuron
38987,1044,Excitatory_Neuron
38988,1057,Excitatory_Neuron
38989,1057,Excitatory_Neuron
38990,1057,Excitatory_Neuron
38991,1057,Excitatory_Neuron
38992,1057,Excitatory_Neuron
38993,1057,Excitatory_Neuron
38994,1057,Excitatory_Neuron
38995,1115,unassigned
38996,1043,unassigned
38997,1086,Astro-Epen
38998,1031,Excitatory_Neuron
38999,1050,Excitatory_Neuron
39000,1140,unassigned
39001,1112,Astro-Epen
39002,1057,Excitatory_Neuron
39003,1141,unassigned
39004,1057,Excitatory_Neuron
39005,1057,Excitatory_Neuron
39006,1115,unassigned
39007,1115,unassigned
39008,1034,Excitatory_Neuron
39009,1124,unassigned
39010,1124,unassigned
39011,1142,unassigned
39012,1047,Excitatory_Neuron
39013,1047,Excitatory_Neuron
39014,1127,unassigned
39015,1121,Immune
39016,1122,unassigned
39017,1104,Excitatory_Neuron
39018,1112,Astro-Epen
39019,1044,Excitatory_Neuron
39020,1067,Excitatory_Neuron
39021,1057,Excitatory_Neuron
39022,1064,Excitatory_Neuron
39023,1064,Excitatory_Neuron
39024,1063,Excitatory_Neuron
39025,1064,Excitatory_Neuron
39026,1034,Excitatory_Neuron
39027,1124,unassigned
39028,1047,Excitatory_Neuron
39029,1040,Immune
39030,1140,unassigned
39031,1050,Excitatory_Neuron
39032,1058,Excitatory_Neuron
39033,1067,Excitatory_Neuron
39034,1053,Excitatory_Neuron
39035,1053,Excitatory_Neuron
39036,1084,Immune
39037,1084,Immune
39038,1084,Immune
39039,1063,Excitatory_Neuron
39040,1063,Excitatory_Neuron
39041,1063,Excitatory_Neuron
39042,1043,unassigned
39043,1043,unassigned
39044,1040,Immune
39045,1053,Excitatory_Neuron
39046,1050,Excitatory_Neuron
39047,1129,unassigned
39048,1053,Excitatory_Neuron
39049,1061,Astro-Epen
39050,1105,unassigned
39051,1138,unassigned
39052,1043,unassigned
39053,1040,Immune
39054,1043,unassigned
39055,1053,Excitatory_Neuron
39056,1058,Excitatory_Neuron
39057,1067,Excitatory_Neuron
39058,1057,Excitatory_Neuron
39059,1084,Immune
39060,1062,Excitatory_Neuron
39061,1064,Excitatory_Neuron
39062,1061,Astro-Epen
39063,1064,Excitatory_Neuron
39064,1076,Excitatory_Neuron
39065,1031,Excitatory_Neuron
39066,1031,Excitatory_Neuron
39067,1143,unassigned
39068,1031,Excitatory_Neuron
39069,1039,Excitatory_Neuron
39070,1047,Excitatory_Neuron
39071,1089,Excitatory_Neuron
39072,1053,Excitatory_Neuron
39073,1129,unassigned
39074,1053,Excitatory_Neuron
39075,1053,Excitatory_Neuron
39076,1057,Excitatory_Neuron
39077,1063,Excitatory_Neuron
39078,1086,Astro-Epen
39079,1076,Excitatory_Neuron
39080,1031,Excitatory_Neuron
39081,1034,Excitatory_Neuron
39082,1031,Excitatory_Neuron
39083,1031,Excitatory_Neuron
39084,1034,Excitatory_Neuron
39085,1040,Immune
39086,1127,unassigned
39087,1050,Excitatory_Neuron
39088,1089,Excitatory_Neuron
39089,1104,Excitatory_Neuron
39090,1053,Excitatory_Neuron
39091,1053,Excitatory_Neuron
39092,1057,Excitatory_Neuron
39093,1057,Excitatory_Neuron
39094,1064,Excitatory_Neuron
39095,1064,Excitatory_Neuron
39096,1063,Excitatory_Neuron
39097,1031,Excitatory_Neuron
39098,1127,unassigned
39099,1121,Immune
39100,1121,Immune
39101,1104,Excitatory_Neuron
39102,1104,Excitatory_Neuron
39103,1104,Excitatory_Neuron
39104,1054,Excitatory_Neuron
39105,1135,unassigned
39106,1061,Astro-Epen
39107,1133,unassigned
39108,1061,Astro-Epen
39109,1031,Excitatory_Neuron
39110,1034,Excitatory_Neuron
39111,1031,Excitatory_Neuron
39112,1127,unassigned
39113,1121,Immune
39114,1043,unassigned
39115,1129,unassigned
39116,1058,Excitatory_Neuron
39117,1057,Excitatory_Neuron
39118,1084,Immune
39119,1133,unassigned
39120,1043,unassigned
39121,1032,Astro-Epen
39122,1105,unassigned
39123,1124,unassigned
39124,1142,unassigned
39125,1040,Immune
39126,1031,Excitatory_Neuron
39127,1047,Excitatory_Neuron
39128,1127,unassigned
39129,1040,Immune
39130,1050,Excitatory_Neuron
39131,1053,Excitatory_Neuron
39132,1054,Excitatory_Neuron
39133,1053,Excitatory_Neuron
39134,1053,Excitatory_Neuron
39135,1084,Immune
39136,1084,Immune
39137,1057,Excitatory_Neuron
39138,1062,Excitatory_Neuron
39139,1064,Excitatory_Neuron
39140,1064,Excitatory_Neuron
39141,1032,Astro-Epen
39142,1076,Excitatory_Neuron
39143,1076,Excitatory_Neuron
39144,1031,Excitatory_Neuron
39145,1034,Excitatory_Neuron
39146,1031,Excitatory_Neuron
39147,1043,unassigned
39148,1031,Excitatory_Neuron
39149,1099,Excitatory_Neuron
39150,1039,Excitatory_Neuron
39151,1040,Immune
39152,1127,unassigned
39153,1040,Immune
39154,1050,Excitatory_Neuron
39155,1040,Immune
39156,1043,unassigned
39157,1050,Excitatory_Neuron
39158,1112,Astro-Epen
39159,1104,Excitatory_Neuron
39160,1054,Excitatory_Neuron
39161,1087,Excitatory_Neuron
39162,1057,Excitatory_Neuron
39163,1057,Excitatory_Neuron
39164,1062,Excitatory_Neuron
39165,1062,Excitatory_Neuron
39166,1063,Excitatory_Neuron
39167,1030,Excitatory_Neuron
39168,1032,Astro-Epen
39169,1034,Excitatory_Neuron
39170,1121,Immune
39171,1043,unassigned
39172,1050,Excitatory_Neuron
39173,1122,unassigned
39174,1054,Excitatory_Neuron
39175,1053,Excitatory_Neuron
39176,1057,Excitatory_Neuron
39177,1067,Excitatory_Neuron
39178,1057,Excitatory_Neuron
39179,1062,Excitatory_Neuron
39180,1062,Excitatory_Neuron
39181,1084,Immune
39182,1064,Excitatory_Neuron
39183,1043,unassigned
39184,1096,Astro-Epen
39185,1105,unassigned
39186,1127,unassigned
39187,1121,Immune
39188,1121,Immune
39189,1057,Excitatory_Neuron
39190,1053,Excitatory_Neuron
39191,1057,Excitatory_Neuron
39192,1087,Excitatory_Neuron
39193,1057,Excitatory_Neuron
39194,1062,Excitatory_Neuron
39195,1096,Astro-Epen
39196,1034,Excitatory_Neuron
39197,1112,Astro-Epen
39198,1064,Excitatory_Neuron
39199,1043,unassigned
39200,1034,Excitatory_Neuron
39201,1039,Excitatory_Neuron
39202,1043,unassigned
39203,1140,unassigned
39204,1054,Excitatory_Neuron
39205,1054,Excitatory_Neuron
39206,1053,Excitatory_Neuron
39207,1062,Excitatory_Neuron
39208,1096,Astro-Epen
39209,1086,Astro-Epen
39210,1031,Excitatory_Neuron
39211,1043,unassigned
39212,1031,Excitatory_Neuron
39213,1099,Excitatory_Neuron
39214,1099,Excitatory_Neuron
39215,1040,Immune
39216,1047,Excitatory_Neuron
39217,1121,Immune
39218,1050,Excitatory_Neuron
39219,1121,Immune
39220,1050,Excitatory_Neuron
39221,1053,Excitatory_Neuron
39222,1050,Excitatory_Neuron
39223,1112,Astro-Epen
39224,1053,Excitatory_Neuron
39225,1057,Excitatory_Neuron
39226,1062,Excitatory_Neuron
39227,1043,unassigned
39228,1064,Excitatory_Neuron
39229,1137,unassigned
39230,1064,Excitatory_Neuron
39231,1032,Astro-Epen
39232,1105,unassigned
39233,1031,Excitatory_Neuron
39234,1099,Excitatory_Neuron
39235,1040,Immune
39236,1099,Excitatory_Neuron
39237,1047,Excitatory_Neuron
39238,1047,Excitatory_Neuron
39239,1089,Excitatory_Neuron
39240,1040,Immune
39241,1112,Astro-Epen
39242,1067,Excitatory_Neuron
39243,1057,Excitatory_Neuron
39244,1057,Excitatory_Neuron
39245,1084,Immune
39246,1057,Excitatory_Neuron
39247,1064,Excitatory_Neuron
39248,1063,Excitatory_Neuron
39249,1031,Excitatory_Neuron
39250,1031,Excitatory_Neuron
39251,1138,unassigned
39252,1040,Immune
39253,1057,Excitatory_Neuron
39254,1057,Excitatory_Neuron
39255,1063,Excitatory_Neuron
39256,1144,unassigned
39257,1034,Excitatory_Neuron
39258,1127,unassigned
39259,1047,Excitatory_Neuron
39260,1040,Immune
39261,1121,Immune
39262,1122,unassigned
39263,1112,Astro-Epen
39264,1122,unassigned
39265,1053,Excitatory_Neuron
39266,1053,Excitatory_Neuron
39267,1064,Excitatory_Neuron
39268,1064,Excitatory_Neuron
39269,1064,Excitatory_Neuron
39270,1076,Excitatory_Neuron
39271,1032,Astro-Epen
39272,1031,Excitatory_Neuron
39273,1034,Excitatory_Neuron
39274,1039,Excitatory_Neuron
39275,1127,unassigned
39276,1054,Excitatory_Neuron
39277,1112,Astro-Epen
39278,1104,Excitatory_Neuron
39279,1087,Excitatory_Neuron
39280,1057,Excitatory_Neuron
39281,1062,Excitatory_Neuron
39282,1064,Excitatory_Neuron
39283,1061,Astro-Epen
39284,1031,Excitatory_Neuron
39285,1031,Excitatory_Neuron
39286,1039,Excitatory_Neuron
39287,1127,unassigned
39288,1047,Excitatory_Neuron
39289,1089,Excitatory_Neuron
39290,1040,Immune
39291,1050,Excitatory_Neuron
39292,1050,Excitatory_Neuron
39293,1104,Excitatory_Neuron
39294,1112,Astro-Epen
39295,1104,Excitatory_Neuron
39296,1112,Astro-Epen
39297,1053,Excitatory_Neuron
39298,1058,Excitatory_Neuron
39299,1057,Excitatory_Neuron
39300,1057,Excitatory_Neuron
39301,1057,Excitatory_Neuron
39302,1062,Excitatory_Neuron
39303,1063,Excitatory_Neuron
39304,1144,unassigned
39305,1034,Excitatory_Neuron
39306,1124,unassigned
39307,1143,unassigned
39308,1047,Excitatory_Neuron
39309,1127,unassigned
39310,1047,Excitatory_Neuron
39311,1050,Excitatory_Neuron
39312,1050,Excitatory_Neuron
39313,1054,Excitatory_Neuron
39314,1112,Astro-Epen
39315,1112,Astro-Epen
39316,1067,Excitatory_Neuron
39317,1058,Excitatory_Neuron
39318,1057,Excitatory_Neuron
39319,1031,Excitatory_Neuron
39320,1043,unassigned
39321,1031,Excitatory_Neuron
39322,1031,Excitatory_Neuron
39323,1127,unassigned
39324,1121,Immune
39325,1089,Excitatory_Neuron
39326,1104,Excitatory_Neuron
39327,1067,Excitatory_Neuron
39328,1054,Excitatory_Neuron
39329,1087,Excitatory_Neuron
39330,1057,Excitatory_Neuron
39331,1105,unassigned
39332,1034,Excitatory_Neuron
39333,1127,unassigned
39334,1121,Immune
39335,1063,Excitatory_Neuron
39336,1031,Excitatory_Neuron
39337,1043,unassigned
39338,1112,Astro-Epen
39339,1053,Excitatory_Neuron
39340,1087,Excitatory_Neuron
39341,1062,Excitatory_Neuron
39342,1057,Excitatory_Neuron
39343,1067,Excitatory_Neuron
39344,1145,unassigned
39345,1096,Astro-Epen
39346,1032,Astro-Epen
39347,1076,Excitatory_Neuron
39348,1034,Excitatory_Neuron
39349,1047,Excitatory_Neuron
39350,1099,Excitatory_Neuron
39351,1127,unassigned
39352,1089,Excitatory_Neuron
39353,1050,Excitatory_Neuron
39354,1112,Astro-Epen
39355,1067,Excitatory_Neuron
39356,1057,Excitatory_Neuron
39357,1053,Excitatory_Neuron
39358,1057,Excitatory_Neuron
39359,1062,Excitatory_Neuron
39360,1063,Excitatory_Neuron
39361,1034,Excitatory_Neuron
39362,1138,unassigned
39363,1047,Excitatory_Neuron
39364,1050,Excitatory_Neuron
39365,1043,unassigned
39366,1058,Excitatory_Neuron
39367,1087,Excitatory_Neuron
39368,1084,Immune
39369,1063,Excitatory_Neuron
39370,1032,Astro-Epen
39371,1096,Astro-Epen
39372,1105,unassigned
39373,1034,Excitatory_Neuron
39374,1130,unassigned
39375,1099,Excitatory_Neuron
39376,1104,Excitatory_Neuron
39377,1050,Excitatory_Neuron
39378,1053,Excitatory_Neuron
39379,1045,Excitatory_Neuron
39380,1129,unassigned
39381,1054,Excitatory_Neuron
39382,1135,unassigned
39383,1063,Excitatory_Neuron
39384,1034,Excitatory_Neuron
39385,1034,Excitatory_Neuron
39386,1139,unassigned
39387,1040,Immune
39388,1040,Immune
39389,1047,Excitatory_Neuron
39390,1089,Excitatory_Neuron
39391,1112,Astro-Epen
39392,1044,Excitatory_Neuron
39393,1067,Excitatory_Neuron
39394,1031,Excitatory_Neuron
39395,1031,Excitatory_Neuron
39396,1043,unassigned
39397,1112,Astro-Epen
39398,1058,Excitatory_Neuron
39399,1084,Immune
39400,1053,Excitatory_Neuron
39401,1057,Excitatory_Neuron
39402,1057,Excitatory_Neuron
39403,1034,Excitatory_Neuron
39404,1031,Excitatory_Neuron
39405,1139,unassigned
39406,1121,Immune
39407,1040,Immune
39408,1040,Immune
39409,1112,Astro-Epen
39410,1045,Excitatory_Neuron
39411,1084,Immune
39412,1062,Excitatory_Neuron
39413,1063,Excitatory_Neuron
39414,1063,Excitatory_Neuron
39415,1043,unassigned
39416,1031,Excitatory_Neuron
39417,1039,Excitatory_Neuron
39418,1089,Excitatory_Neuron
39419,1104,Excitatory_Neuron
39420,1053,Excitatory_Neuron
39421,1104,Excitatory_Neuron
39422,1087,Excitatory_Neuron
39423,1057,Excitatory_Neuron
39424,1062,Excitatory_Neuron
39425,1057,Excitatory_Neuron
39426,1063,Excitatory_Neuron
39427,1139,unassigned
39428,1138,unassigned
39429,1040,Immune
39430,1121,Immune
39431,1089,Excitatory_Neuron
39432,1062,Excitatory_Neuron
39433,1057,Excitatory_Neuron
39434,1063,Excitatory_Neuron
39435,1032,Astro-Epen
39436,1032,Astro-Epen
39437,1031,Excitatory_Neuron
39438,1031,Excitatory_Neuron
39439,1142,unassigned
39440,1031,Excitatory_Neuron
39441,1031,Excitatory_Neuron
39442,1034,Excitatory_Neuron
39443,1040,Immune
39444,1054,Excitatory_Neuron
39445,1112,Astro-Epen
39446,1122,unassigned
39447,1053,Excitatory_Neuron
39448,1053,Excitatory_Neuron
39449,1058,Excitatory_Neuron
39450,1087,Excitatory_Neuron
39451,1053,Excitatory_Neuron
39452,1087,Excitatory_Neuron
39453,1057,Excitatory_Neuron
39454,1057,Excitatory_Neuron
39455,1062,Excitatory_Neuron
39456,1064,Excitatory_Neuron
39457,1034,Excitatory_Neuron
39458,1124,unassigned
39459,1034,Excitatory_Neuron
39460,1043,unassigned
39461,1121,Immune
39462,1112,Astro-Epen
39463,1054,Excitatory_Neuron
39464,1053,Excitatory_Neuron
39465,1084,Immune
39466,1057,Excitatory_Neuron
39467,1145,unassigned
39468,1063,Excitatory_Neuron
39469,1096,Astro-Epen
39470,1034,Excitatory_Neuron
39471,1031,Excitatory_Neuron
39472,1146,unassigned
39473,1039,Excitatory_Neuron
39474,1040,Immune
39475,1050,Excitatory_Neuron
39476,1050,Excitatory_Neuron
39477,1054,Excitatory_Neuron
39478,1058,Excitatory_Neuron
39479,1062,Excitatory_Neuron
39480,1057,Excitatory_Neuron
39481,1031,Excitatory_Neuron
39482,1031,Excitatory_Neuron
39483,1031,Excitatory_Neuron
39484,1054,Excitatory_Neuron
39485,1129,unassigned
39486,1129,unassigned
39487,1054,Excitatory_Neuron
39488,1057,Excitatory_Neuron
39489,1084,Immune
39490,1061,Astro-Epen
39491,1064,Excitatory_Neuron
39492,1032,Astro-Epen
39493,1076,Excitatory_Neuron
39494,1105,unassigned
39495,1130,unassigned
39496,1050,Excitatory_Neuron
39497,1104,Excitatory_Neuron
39498,1053,Excitatory_Neuron
39499,1141,unassigned
39500,1067,Excitatory_Neuron
39501,1067,Excitatory_Neuron
39502,1084,Immune
39503,1084,Immune
39504,1061,Astro-Epen
39505,1115,unassigned
39506,1031,Excitatory_Neuron
39507,1031,Excitatory_Neuron
39508,1138,unassigned
39509,1112,Astro-Epen
39510,1053,Excitatory_Neuron
39511,1057,Excitatory_Neuron
39512,1067,Excitatory_Neuron
39513,1057,Excitatory_Neuron
39514,1057,Excitatory_Neuron
39515,1063,Excitatory_Neuron
39516,1064,Excitatory_Neuron
39517,1064,Excitatory_Neuron
39518,1096,Astro-Epen
39519,1031,Excitatory_Neuron
39520,1040,Immune
39521,1121,Immune
39522,1121,Immune
39523,1050,Excitatory_Neuron
39524,1121,Immune
39525,1121,Immune
39526,1050,Excitatory_Neuron
39527,1053,Excitatory_Neuron
39528,1054,Excitatory_Neuron
39529,1129,unassigned
39530,1054,Excitatory_Neuron
39531,1054,Excitatory_Neuron
39532,1057,Excitatory_Neuron
39533,1084,Immune
39534,1062,Excitatory_Neuron
39535,1145,unassigned
39536,1147,unassigned
39537,1031,Excitatory_Neuron
39538,1034,Excitatory_Neuron
39539,1040,Immune
39540,1121,Immune
39541,1121,Immune
39542,1089,Excitatory_Neuron
39543,1050,Excitatory_Neuron
39544,1053,Excitatory_Neuron
39545,1057,Excitatory_Neuron
39546,1130,unassigned
39547,1047,Excitatory_Neuron
39548,1047,Excitatory_Neuron
39549,1112,Astro-Epen
39550,1104,Excitatory_Neuron
39551,1104,Excitatory_Neuron
39552,1053,Excitatory_Neuron
39553,1057,Excitatory_Neuron
39554,1057,Excitatory_Neuron
39555,1057,Excitatory_Neuron
39556,1062,Excitatory_Neuron
39557,1064,Excitatory_Neuron
39558,1062,Excitatory_Neuron
39559,1096,Astro-Epen
39560,1031,Excitatory_Neuron
39561,1031,Excitatory_Neuron
39562,1031,Excitatory_Neuron
39563,1031,Excitatory_Neuron
39564,1040,Immune
39565,1099,Excitatory_Neuron
39566,1047,Excitatory_Neuron
39567,1040,Immune
39568,1122,unassigned
39569,1104,Excitatory_Neuron
39570,1104,Excitatory_Neuron
39571,1057,Excitatory_Neuron
39572,1057,Excitatory_Neuron
39573,1053,Excitatory_Neuron
39574,1057,Excitatory_Neuron
39575,1057,Excitatory_Neuron
39576,1062,Excitatory_Neuron
39577,1147,unassigned
39578,1146,unassigned
39579,1139,unassigned
39580,1040,Immune
39581,1089,Excitatory_Neuron
39582,1104,Excitatory_Neuron
39583,1057,Excitatory_Neuron
39584,1084,Immune
39585,1057,Excitatory_Neuron
39586,1064,Excitatory_Neuron
39587,1096,Astro-Epen
39588,1034,Excitatory_Neuron
39589,1124,unassigned
39590,1031,Excitatory_Neuron
39591,1040,Immune
39592,1050,Excitatory_Neuron
39593,1122,unassigned
39594,1053,Excitatory_Neuron
39595,1057,Excitatory_Neuron
39596,1057,Excitatory_Neuron
39597,1057,Excitatory_Neuron
39598,1064,Excitatory_Neuron
39599,1064,Excitatory_Neuron
39600,1137,unassigned
39601,1043,unassigned
39602,1031,Excitatory_Neuron
39603,1031,Excitatory_Neuron
39604,1031,Excitatory_Neuron
39605,1139,unassigned
39606,1121,Immune
39607,1053,Excitatory_Neuron
39608,1112,Astro-Epen
39609,1053,Excitatory_Neuron
39610,1054,Excitatory_Neuron
39611,1057,Excitatory_Neuron
39612,1057,Excitatory_Neuron
39613,1084,Immune
39614,1084,Immune
39615,1032,Astro-Epen
39616,1031,Excitatory_Neuron
39617,1148,unassigned
39618,1031,Excitatory_Neuron
39619,1043,unassigned
39620,1031,Excitatory_Neuron
39621,1121,Immune
39622,1050,Excitatory_Neuron
39623,1089,Excitatory_Neuron
39624,1050,Excitatory_Neuron
39625,1122,unassigned
39626,1053,Excitatory_Neuron
39627,1053,Excitatory_Neuron
39628,1067,Excitatory_Neuron
39629,1067,Excitatory_Neuron
39630,1057,Excitatory_Neuron
39631,1057,Excitatory_Neuron
39632,1087,Excitatory_Neuron
39633,1063,Excitatory_Neuron
39634,1063,Excitatory_Neuron
39635,1076,Excitatory_Neuron
39636,1031,Excitatory_Neuron
39637,1034,Excitatory_Neuron
39638,1127,unassigned
39639,1050,Excitatory_Neuron
39640,1112,Astro-Epen
39641,1104,Excitatory_Neuron
39642,1054,Excitatory_Neuron
39643,1053,Excitatory_Neuron
39644,1064,Excitatory_Neuron
39645,1076,Excitatory_Neuron
39646,1142,unassigned
39647,1139,unassigned
39648,1040,Immune
39649,1043,unassigned
39650,1089,Excitatory_Neuron
39651,1050,Excitatory_Neuron
39652,1054,Excitatory_Neuron
39653,1054,Excitatory_Neuron
39654,1054,Excitatory_Neuron
39655,1057,Excitatory_Neuron
39656,1084,Immune
39657,1043,unassigned
39658,1133,unassigned
39659,1064,Excitatory_Neuron
39660,1063,Excitatory_Neuron
39661,1147,unassigned
39662,1076,Excitatory_Neuron
39663,1105,unassigned
39664,1031,Excitatory_Neuron
39665,1034,Excitatory_Neuron
39666,1139,unassigned
39667,1050,Excitatory_Neuron
39668,1050,Excitatory_Neuron
39669,1043,unassigned
39670,1062,Excitatory_Neuron
39671,1057,Excitatory_Neuron
39672,1145,unassigned
39673,1115,unassigned
39674,1031,Excitatory_Neuron
39675,1127,unassigned
39676,1050,Excitatory_Neuron
39677,1121,Immune
39678,1112,Astro-Epen
39679,1129,unassigned
39680,1057,Excitatory_Neuron
39681,1084,Immune
39682,1057,Excitatory_Neuron
39683,1062,Excitatory_Neuron
39684,1062,Excitatory_Neuron
39685,1076,Excitatory_Neuron
39686,1031,Excitatory_Neuron
39687,1139,unassigned
39688,1047,Excitatory_Neuron
39689,1047,Excitatory_Neuron
39690,1121,Immune
39691,1043,unassigned
39692,1089,Excitatory_Neuron
39693,1104,Excitatory_Neuron
39694,1053,Excitatory_Neuron
39695,1053,Excitatory_Neuron
39696,1115,unassigned
39697,1043,unassigned
39698,1142,unassigned
39699,1031,Excitatory_Neuron
39700,1121,Immune
39701,1047,Excitatory_Neuron
39702,1149,unassigned
39703,1043,unassigned
39704,1062,Excitatory_Neuron
39705,1137,unassigned
39706,1096,Astro-Epen
39707,1076,Excitatory_Neuron
39708,1031,Excitatory_Neuron
39709,1142,unassigned
39710,1050,Excitatory_Neuron
39711,1127,unassigned
39712,1050,Excitatory_Neuron
39713,1104,Excitatory_Neuron
39714,1129,unassigned
39715,1044,Excitatory_Neuron
39716,1054,Excitatory_Neuron
39717,1058,Excitatory_Neuron
39718,1053,Excitatory_Neuron
39719,1057,Excitatory_Neuron
39720,1084,Immune
39721,1057,Excitatory_Neuron
39722,1062,Excitatory_Neuron
39723,1137,unassigned
39724,1031,Excitatory_Neuron
39725,1127,unassigned
39726,1121,Immune
39727,1122,unassigned
39728,1112,Astro-Epen
39729,1054,Excitatory_Neuron
39730,1053,Excitatory_Neuron
39731,1067,Excitatory_Neuron
39732,1053,Excitatory_Neuron
39733,1067,Excitatory_Neuron
39734,1084,Immune
39735,1057,Excitatory_Neuron
39736,1062,Excitatory_Neuron
39737,1135,unassigned
39738,1145,unassigned
39739,1063,Excitatory_Neuron
39740,1133,unassigned
39741,1063,Excitatory_Neuron
39742,1031,Excitatory_Neuron
39743,1105,unassigned
39744,1034,Excitatory_Neuron
39745,1031,Excitatory_Neuron
39746,1127,unassigned
39747,1112,Astro-Epen
39748,1053,Excitatory_Neuron
39749,1058,Excitatory_Neuron
39750,1057,Excitatory_Neuron
39751,1057,Excitatory_Neuron
39752,1057,Excitatory_Neuron
39753,1061,Astro-Epen
39754,1032,Astro-Epen
39755,1031,Excitatory_Neuron
39756,1076,Excitatory_Neuron
39757,1031,Excitatory_Neuron
39758,1031,Excitatory_Neuron
39759,1130,unassigned
39760,1040,Immune
39761,1040,Immune
39762,1138,unassigned
39763,1127,unassigned
39764,1050,Excitatory_Neuron
39765,1104,Excitatory_Neuron
39766,1112,Astro-Epen
39767,1054,Excitatory_Neuron
39768,1053,Excitatory_Neuron
39769,1129,unassigned
39770,1053,Excitatory_Neuron
39771,1135,unassigned
39772,1145,unassigned
39773,1057,Excitatory_Neuron
39774,1057,Excitatory_Neuron
39775,1137,unassigned
39776,1064,Excitatory_Neuron
39777,1031,Excitatory_Neuron
39778,1050,Excitatory_Neuron
39779,1054,Excitatory_Neuron
39780,1043,unassigned
39781,1054,Excitatory_Neuron
39782,1057,Excitatory_Neuron
39783,1062,Excitatory_Neuron
39784,1063,Excitatory_Neuron
39785,1034,Excitatory_Neuron
39786,1034,Excitatory_Neuron
39787,1031,Excitatory_Neuron
39788,1138,unassigned
39789,1040,Immune
39790,1121,Immune
39791,1050,Excitatory_Neuron
39792,1127,unassigned
39793,1054,Excitatory_Neuron
39794,1104,Excitatory_Neuron
39795,1054,Excitatory_Neuron
39796,1057,Excitatory_Neuron
39797,1067,Excitatory_Neuron
39798,1057,Excitatory_Neuron
39799,1057,Excitatory_Neuron
39800,1034,Excitatory_Neuron
39801,1034,Excitatory_Neuron
39802,1113,unassigned
39803,1031,Excitatory_Neuron
39804,1099,Excitatory_Neuron
39805,1040,Immune
39806,1043,unassigned
39807,1053,Excitatory_Neuron
39808,1043,unassigned
39809,1053,Excitatory_Neuron
39810,1133,unassigned
39811,1133,unassigned
39812,1133,unassigned
39813,1142,unassigned
39814,1138,unassigned
39815,1138,unassigned
39816,1150,unassigned
39817,1104,Excitatory_Neuron
39818,1054,Excitatory_Neuron
39819,1043,unassigned
39820,1104,Excitatory_Neuron
39821,1062,Excitatory_Neuron
39822,1057,Excitatory_Neuron
39823,1062,Excitatory_Neuron
39824,1133,unassigned
39825,1034,Excitatory_Neuron
39826,1031,Excitatory_Neuron
39827,1138,unassigned
39828,1040,Immune
39829,1040,Immune
39830,1127,unassigned
39831,1121,Immune
39832,1043,unassigned
39833,1050,Excitatory_Neuron
39834,1043,unassigned
39835,1104,Excitatory_Neuron
39836,1087,Excitatory_Neuron
39837,1057,Excitatory_Neuron
39838,1062,Excitatory_Neuron
39839,1057,Excitatory_Neuron
39840,1099,Excitatory_Neuron
39841,1089,Excitatory_Neuron
39842,1122,unassigned
39843,1087,Excitatory_Neuron
39844,1087,Excitatory_Neuron
39845,1057,Excitatory_Neuron
39846,1063,Excitatory_Neuron
39847,1086,Astro-Epen
39848,1031,Excitatory_Neuron
39849,1034,Excitatory_Neuron
39850,1040,Immune
39851,1127,unassigned
39852,1054,Excitatory_Neuron
39853,1067,Excitatory_Neuron
39854,1057,Excitatory_Neuron
39855,1062,Excitatory_Neuron
39856,1057,Excitatory_Neuron
39857,1145,unassigned
39858,1151,unassigned
39859,1057,Excitatory_Neuron
39860,1034,Excitatory_Neuron
39861,1034,Excitatory_Neuron
39862,1034,Excitatory_Neuron
39863,1031,Excitatory_Neuron
39864,1031,Excitatory_Neuron
39865,1047,Excitatory_Neuron
39866,1122,unassigned
39867,1122,unassigned
39868,1053,Excitatory_Neuron
39869,1053,Excitatory_Neuron
39870,1057,Excitatory_Neuron
39871,1053,Excitatory_Neuron
39872,1053,Excitatory_Neuron
39873,1057,Excitatory_Neuron
39874,1057,Excitatory_Neuron
39875,1057,Excitatory_Neuron
39876,1138,unassigned
39877,1040,Immune
39878,1104,Excitatory_Neuron
39879,1152,unassigned
39880,1122,unassigned
39881,1054,Excitatory_Neuron
39882,1057,Excitatory_Neuron
39883,1063,Excitatory_Neuron
39884,1061,Astro-Epen
39885,1142,unassigned
39886,1040,Immune
39887,1050,Excitatory_Neuron
39888,1067,Excitatory_Neuron
39889,1129,unassigned
39890,1087,Excitatory_Neuron
39891,1057,Excitatory_Neuron
39892,1084,Immune
39893,1057,Excitatory_Neuron
39894,1145,unassigned
39895,1062,Excitatory_Neuron
39896,1145,unassigned
39897,1062,Excitatory_Neuron
39898,1133,unassigned
39899,1031,Excitatory_Neuron
39900,1034,Excitatory_Neuron
39901,1139,unassigned
39902,1031,Excitatory_Neuron
39903,1121,Immune
39904,1043,unassigned
39905,1145,unassigned
39906,1031,Excitatory_Neuron
39907,1043,unassigned
39908,1040,Immune
39909,1043,unassigned
39910,1122,unassigned
39911,1152,unassigned
39912,1054,Excitatory_Neuron
39913,1063,Excitatory_Neuron
39914,1076,Excitatory_Neuron
39915,1034,Excitatory_Neuron
39916,1031,Excitatory_Neuron
39917,1040,Immune
39918,1139,unassigned
39919,1047,Excitatory_Neuron
39920,1138,unassigned
39921,1047,Excitatory_Neuron
39922,1047,Excitatory_Neuron
39923,1127,unassigned
39924,1040,Immune
39925,1121,Immune
39926,1121,Immune
39927,1149,unassigned
39928,1043,unassigned
39929,1104,Excitatory_Neuron
39930,1057,Excitatory_Neuron
39931,1062,Excitatory_Neuron
39932,1151,unassigned
39933,1063,Excitatory_Neuron
39934,1096,Astro-Epen
39935,1130,unassigned
39936,1130,unassigned
39937,1043,unassigned
39938,1153,unassigned
39939,1142,unassigned
39940,1031,Excitatory_Neuron
39941,1139,unassigned
39942,1047,Excitatory_Neuron
39943,1050,Excitatory_Neuron
39944,1104,Excitatory_Neuron
39945,1054,Excitatory_Neuron
39946,1067,Excitatory_Neuron
39947,1054,Excitatory_Neuron
39948,1053,Excitatory_Neuron
39949,1044,Excitatory_Neuron
39950,1053,Excitatory_Neuron
39951,1054,Excitatory_Neuron
39952,1135,unassigned
39953,1032,Astro-Epen
39954,1034,Excitatory_Neuron
39955,1040,Immune
39956,1104,Excitatory_Neuron
39957,1112,Astro-Epen
39958,1053,Excitatory_Neuron
39959,1053,Excitatory_Neuron
39960,1058,Excitatory_Neuron
39961,1031,Excitatory_Neuron
39962,1040,Immune
39963,1047,Excitatory_Neuron
39964,1112,Astro-Epen
39965,1053,Excitatory_Neuron
39966,1053,Excitatory_Neuron
39967,1057,Excitatory_Neuron
39968,1057,Excitatory_Neuron
39969,1133,unassigned
39970,1063,Excitatory_Neuron
39971,1043,unassigned
39972,1031,Excitatory_Neuron
39973,1043,unassigned
39974,1099,Excitatory_Neuron
39975,1047,Excitatory_Neuron
39976,1040,Immune
39977,1053,Excitatory_Neuron
39978,1053,Excitatory_Neuron
39979,1057,Excitatory_Neuron
39980,1145,unassigned
39981,1034,Excitatory_Neuron
39982,1043,unassigned
39983,1034,Excitatory_Neuron
39984,1031,Excitatory_Neuron
39985,1121,Immune
39986,1054,Excitatory_Neuron
39987,1053,Excitatory_Neuron
39988,1053,Excitatory_Neuron
39989,1058,Excitatory_Neuron
39990,1137,unassigned
39991,1043,unassigned
39992,1043,unassigned
39993,1096,Astro-Epen
39994,1031,Excitatory_Neuron
39995,1031,Excitatory_Neuron
39996,1040,Immune
39997,1040,Immune
39998,1150,unassigned
39999,1053,Excitatory_Neuron
40000,1129,unassigned
40001,1067,Excitatory_Neuron
40002,1054,Excitatory_Neuron
40003,1063,Excitatory_Neuron
40004,1040,Immune
40005,1127,unassigned
40006,1043,unassigned
40007,1043,unassigned
40008,1122,unassigned
40009,1054,Excitatory_Neuron
40010,1057,Excitatory_Neuron
40011,1057,Excitatory_Neuron
40012,1115,unassigned
40013,1064,Excitatory_Neuron
40014,1043,unassigned
40015,1076,Excitatory_Neuron
40016,1031,Excitatory_Neuron
40017,1034,Excitatory_Neuron
40018,1034,Excitatory_Neuron
40019,1139,unassigned
40020,1047,Excitatory_Neuron
40021,1112,Astro-Epen
40022,1152,unassigned
40023,1129,unassigned
40024,1054,Excitatory_Neuron
40025,1062,Excitatory_Neuron
40026,1057,Excitatory_Neuron
40027,1057,Excitatory_Neuron
40028,1076,Excitatory_Neuron
40029,1034,Excitatory_Neuron
40030,1039,Excitatory_Neuron
40031,1104,Excitatory_Neuron
40032,1050,Excitatory_Neuron
40033,1050,Excitatory_Neuron
40034,1112,Astro-Epen
40035,1054,Excitatory_Neuron
40036,1057,Excitatory_Neuron
40037,1067,Excitatory_Neuron
40038,1057,Excitatory_Neuron
40039,1057,Excitatory_Neuron
40040,1057,Excitatory_Neuron
40041,1043,unassigned
40042,1043,unassigned
40043,1057,Excitatory_Neuron
40044,1096,Astro-Epen
40045,1043,unassigned
40046,1034,Excitatory_Neuron
40047,1043,unassigned
40048,1040,Immune
40049,1050,Excitatory_Neuron
40050,1050,Excitatory_Neuron
40051,1121,Immune
40052,1129,unassigned
40053,1053,Excitatory_Neuron
40054,1057,Excitatory_Neuron
40055,1063,Excitatory_Neuron
40056,1057,Excitatory_Neuron
40057,1031,Excitatory_Neuron
40058,1130,unassigned
40059,1121,Immune
40060,1053,Excitatory_Neuron
40061,1129,unassigned
40062,1057,Excitatory_Neuron
40063,1053,Excitatory_Neuron
40064,1067,Excitatory_Neuron
40065,1053,Excitatory_Neuron
40066,1084,Immune
40067,1031,Excitatory_Neuron
40068,1031,Excitatory_Neuron
40069,1146,unassigned
40070,1043,unassigned
40071,1031,Excitatory_Neuron
40072,1047,Excitatory_Neuron
40073,1121,Immune
40074,1054,Excitatory_Neuron
40075,1053,Excitatory_Neuron
40076,1154,unassigned
40077,1053,Excitatory_Neuron
40078,1053,Excitatory_Neuron
40079,1053,Excitatory_Neuron
40080,1058,Excitatory_Neuron
40081,1058,Excitatory_Neuron
40082,1084,Immune
40083,1084,Immune
40084,1155,unassigned
40085,1063,Excitatory_Neuron
40086,1142,unassigned
40087,1040,Immune
40088,1043,unassigned
40089,1047,Excitatory_Neuron
40090,1121,Immune
40091,1121,Immune
40092,1121,Immune
40093,1127,unassigned
40094,1050,Excitatory_Neuron
40095,1152,unassigned
40096,1156,unassigned
40097,1057,Excitatory_Neuron
40098,1057,Excitatory_Neuron
40099,1057,Excitatory_Neuron
40100,1031,Excitatory_Neuron
40101,1040,Immune
40102,1121,Immune
40103,1121,Immune
40104,1121,Immune
40105,1127,unassigned
40106,1054,Excitatory_Neuron
40107,1057,Excitatory_Neuron
40108,1084,Immune
40109,1062,Excitatory_Neuron
40110,1063,Excitatory_Neuron
40111,1096,Astro-Epen
40112,1096,Astro-Epen
40113,1031,Excitatory_Neuron
40114,1034,Excitatory_Neuron
40115,1047,Excitatory_Neuron
40116,1121,Immune
40117,1149,unassigned
40118,1053,Excitatory_Neuron
40119,1058,Excitatory_Neuron
40120,1058,Excitatory_Neuron
40121,1053,Excitatory_Neuron
40122,1067,Excitatory_Neuron
40123,1084,Immune
40124,1031,Excitatory_Neuron
40125,1043,unassigned
40126,1031,Excitatory_Neuron
40127,1034,Excitatory_Neuron
40128,1043,unassigned
40129,1047,Excitatory_Neuron
40130,1127,unassigned
40131,1043,unassigned
40132,1112,Astro-Epen
40133,1053,Excitatory_Neuron
40134,1043,unassigned
40135,1043,unassigned
40136,1087,Excitatory_Neuron
40137,1057,Excitatory_Neuron
40138,1076,Excitatory_Neuron
40139,1076,Excitatory_Neuron
40140,1043,unassigned
40141,1043,unassigned
40142,1031,Excitatory_Neuron
40143,1138,unassigned
40144,1050,Excitatory_Neuron
40145,1043,unassigned
40146,1057,Excitatory_Neuron
40147,1063,Excitatory_Neuron
40148,1086,Astro-Epen
40149,1076,Excitatory_Neuron
40150,1096,Astro-Epen
40151,1031,Excitatory_Neuron
40152,1031,Excitatory_Neuron
40153,1040,Immune
40154,1121,Immune
40155,1122,unassigned
40156,1122,unassigned
40157,1053,Excitatory_Neuron
40158,1112,Astro-Epen
40159,1057,Excitatory_Neuron
40160,1155,unassigned
40161,1061,Astro-Epen
40162,1063,Excitatory_Neuron
40163,1031,Excitatory_Neuron
40164,1130,unassigned
40165,1130,unassigned
40166,1099,Excitatory_Neuron
40167,1053,Excitatory_Neuron
40168,1084,Immune
40169,1063,Excitatory_Neuron
40170,1031,Excitatory_Neuron
40171,1104,Excitatory_Neuron
40172,1076,Excitatory_Neuron
40173,1032,Astro-Epen
40174,1034,Excitatory_Neuron
40175,1031,Excitatory_Neuron
40176,1034,Excitatory_Neuron
40177,1031,Excitatory_Neuron
40178,1031,Excitatory_Neuron
40179,1031,Excitatory_Neuron
40180,1031,Excitatory_Neuron
40181,1157,unassigned
40182,1031,Excitatory_Neuron
40183,1031,Excitatory_Neuron
40184,1139,unassigned
40185,1031,Excitatory_Neuron
40186,1040,Immune
40187,1031,Excitatory_Neuron
40188,1047,Excitatory_Neuron
40189,1047,Excitatory_Neuron
40190,1127,unassigned
40191,1040,Immune
40192,1127,unassigned
40193,1040,Immune
40194,1053,Excitatory_Neuron
40195,1149,unassigned
40196,1122,unassigned
40197,1050,Excitatory_Neuron
40198,1112,Astro-Epen
40199,1050,Excitatory_Neuron
40200,1043,unassigned
40201,1054,Excitatory_Neuron
40202,1104,Excitatory_Neuron
40203,1053,Excitatory_Neuron
40204,1043,unassigned
40205,1053,Excitatory_Neuron
40206,1058,Excitatory_Neuron
40207,1057,Excitatory_Neuron
40208,1057,Excitatory_Neuron
40209,1053,Excitatory_Neuron
40210,1053,Excitatory_Neuron
40211,1087,Excitatory_Neuron
40212,1057,Excitatory_Neuron
40213,1057,Excitatory_Neuron
40214,1057,Excitatory_Neuron
40215,1133,unassigned
40216,1063,Excitatory_Neuron
40217,1158,unassigned
40218,1159,unassigned
40219,1160,unassigned
40220,1161,unassigned
40221,1160,unassigned
40222,1162,unassigned
40223,1159,unassigned
40224,1159,unassigned
40225,1159,unassigned
40226,1158,unassigned
40227,1159,unassigned
40228,1159,unassigned
40229,1159,unassigned
40230,1161,unassigned
40231,1158,unassigned
40232,1158,unassigned
40233,1158,unassigned
40234,1158,unassigned
40235,1158,unassigned
40236,1161,unassigned
40237,1159,unassigned
40238,1158,unassigned
40239,1163,unassigned
40240,1158,unassigned
40241,1159,unassigned
40242,1159,unassigned
40243,1159,unassigned
40244,1158,unassigned
40245,1164,unassigned
40246,1159,unassigned
40247,1162,unassigned
40248,1162,unassigned
40249,1162,unassigned
40250,1159,unassigned
40251,1161,unassigned
40252,1159,unassigned
40253,1159,unassigned
40254,1159,unassigned
40255,1161,unassigned
40256,1159,unassigned
40257,1159,unassigned
40258,1161,unassigned
40259,1159,unassigned
40260,1159,unassigned
40261,1159,unassigned
40262,1159,unassigned
40263,1161,unassigned
40264,1161,unassigned
40265,1161,unassigned
40266,1159,unassigned
40267,1161,unassigned
40268,1161,unassigned
40269,1165,GABA_Neuron
40270,1166,GABA_Neuron
40271,1167,Excitatory_Neuron
40272,1167,Excitatory_Neuron
40273,1167,Excitatory_Neuron
40274,1168,GABA_Neuron
40275,1168,GABA_Neuron
40276,1169,Astro-Epen
40277,1170,Excitatory_Neuron
40278,1170,Excitatory_Neuron
40279,1170,Excitatory_Neuron
40280,1171,unassigned
40281,1171,unassigned
40282,1171,unassigned
40283,1172,Excitatory_Neuron
40284,1172,Excitatory_Neuron
40285,1173,Excitatory_Neuron
40286,1174,unassigned
40287,1175,unassigned
40288,1176,Excitatory_Neuron
40289,1177,unassigned
40290,1178,Excitatory_Neuron
40291,1179,unassigned
40292,1179,unassigned
40293,1177,unassigned
40294,1180,Excitatory_Neuron
40295,1180,Excitatory_Neuron
40296,1180,Excitatory_Neuron
40297,1180,Excitatory_Neuron
40298,1168,GABA_Neuron
40299,1169,Astro-Epen
40300,1170,Excitatory_Neuron
40301,1172,Excitatory_Neuron
40302,1181,Excitatory_Neuron
40303,1182,unassigned
40304,1183,Excitatory_Neuron
40305,1184,unassigned
40306,1165,GABA_Neuron
40307,1165,GABA_Neuron
40308,1185,GABA_Neuron
40309,1185,GABA_Neuron
40310,1185,GABA_Neuron
40311,1165,GABA_Neuron
40312,1165,GABA_Neuron
40313,1186,unassigned
40314,1185,GABA_Neuron
40315,1168,GABA_Neuron
40316,1170,Excitatory_Neuron
40317,1177,unassigned
40318,1170,Excitatory_Neuron
40319,1173,Excitatory_Neuron
40320,1173,Excitatory_Neuron
40321,1174,unassigned
40322,1174,unassigned
40323,1187,unassigned
40324,1172,Excitatory_Neuron
40325,1188,unassigned
40326,1187,unassigned
40327,1177,unassigned
40328,1189,Excitatory_Neuron
40329,1189,Excitatory_Neuron
40330,1190,Excitatory_Neuron
40331,1191,Excitatory_Neuron
40332,1189,Excitatory_Neuron
40333,1177,unassigned
40334,1178,Excitatory_Neuron
40335,1177,unassigned
40336,1190,Excitatory_Neuron
40337,1190,Excitatory_Neuron
40338,1181,Excitatory_Neuron
40339,1177,unassigned
40340,1179,unassigned
40341,1180,Excitatory_Neuron
40342,1180,Excitatory_Neuron
40343,1180,Excitatory_Neuron
40344,1192,Excitatory_Neuron
40345,1177,unassigned
40346,1193,unassigned
40347,1193,unassigned
40348,1180,Excitatory_Neuron
40349,1192,Excitatory_Neuron
40350,1193,unassigned
40351,1165,GABA_Neuron
40352,1168,GABA_Neuron
40353,1169,Astro-Epen
40354,1170,Excitatory_Neuron
40355,1170,Excitatory_Neuron
40356,1169,Astro-Epen
40357,1173,Excitatory_Neuron
40358,1172,Excitatory_Neuron
40359,1187,unassigned
40360,1187,unassigned
40361,1178,Excitatory_Neuron
40362,1189,Excitatory_Neuron
40363,1177,unassigned
40364,1181,Excitatory_Neuron
40365,1182,unassigned
40366,1182,unassigned
40367,1179,unassigned
40368,1183,Excitatory_Neuron
40369,1183,Excitatory_Neuron
40370,1165,GABA_Neuron
40371,1194,unassigned
40372,1170,Excitatory_Neuron
40373,1169,Astro-Epen
40374,1173,Excitatory_Neuron
40375,1173,Excitatory_Neuron
40376,1182,unassigned
40377,1193,unassigned
40378,1185,GABA_Neuron
40379,1165,GABA_Neuron
40380,1168,GABA_Neuron
40381,1169,Astro-Epen
40382,1169,Astro-Epen
40383,1172,Excitatory_Neuron
40384,1173,Excitatory_Neuron
40385,1174,unassigned
40386,1172,Excitatory_Neuron
40387,1178,Excitatory_Neuron
40388,1178,Excitatory_Neuron
40389,1177,unassigned
40390,1177,unassigned
40391,1195,GABA_Neuron
40392,1196,Immune
40393,1167,Excitatory_Neuron
40394,1168,GABA_Neuron
40395,1171,unassigned
40396,1178,Excitatory_Neuron
40397,1189,Excitatory_Neuron
40398,1178,Excitatory_Neuron
40399,1182,unassigned
40400,1192,Excitatory_Neuron
40401,1183,Excitatory_Neuron
40402,1197,unassigned
40403,1198,unassigned
40404,1196,Immune
40405,1168,GABA_Neuron
40406,1173,Excitatory_Neuron
40407,1173,Excitatory_Neuron
40408,1177,unassigned
40409,1189,Excitatory_Neuron
40410,1190,Excitatory_Neuron
40411,1190,Excitatory_Neuron
40412,1181,Excitatory_Neuron
40413,1181,Excitatory_Neuron
40414,1196,Immune
40415,1199,unassigned
40416,1165,GABA_Neuron
40417,1200,unassigned
40418,1168,GABA_Neuron
40419,1170,Excitatory_Neuron
40420,1172,Excitatory_Neuron
40421,1178,Excitatory_Neuron
40422,1178,Excitatory_Neuron
40423,1182,unassigned
40424,1183,Excitatory_Neuron
40425,1197,unassigned
40426,1192,Excitatory_Neuron
40427,1198,unassigned
40428,1185,GABA_Neuron
40429,1185,GABA_Neuron
40430,1165,GABA_Neuron
40431,1200,unassigned
40432,1168,GABA_Neuron
40433,1189,Excitatory_Neuron
40434,1178,Excitatory_Neuron
40435,1190,Excitatory_Neuron
40436,1181,Excitatory_Neuron
40437,1183,Excitatory_Neuron
40438,1180,Excitatory_Neuron
40439,1183,Excitatory_Neuron
40440,1185,GABA_Neuron
40441,1194,unassigned
40442,1169,Astro-Epen
40443,1177,unassigned
40444,1197,unassigned
40445,1177,unassigned
40446,1201,unassigned
40447,1199,unassigned
40448,1202,unassigned
40449,1173,Excitatory_Neuron
40450,1189,Excitatory_Neuron
40451,1178,Excitatory_Neuron
40452,1190,Excitatory_Neuron
40453,1183,Excitatory_Neuron
40454,1180,Excitatory_Neuron
40455,1185,GABA_Neuron
40456,1170,Excitatory_Neuron
40457,1178,Excitatory_Neuron
40458,1178,Excitatory_Neuron
40459,1191,Excitatory_Neuron
40460,1179,unassigned
40461,1197,unassigned
40462,1180,Excitatory_Neuron
40463,1180,Excitatory_Neuron
40464,1180,Excitatory_Neuron
40465,1203,unassigned
40466,1203,unassigned
40467,1173,Excitatory_Neuron
40468,1189,Excitatory_Neuron
40469,1191,Excitatory_Neuron
40470,1182,unassigned
40471,1177,unassigned
40472,1196,Immune
40473,1185,GABA_Neuron
40474,1165,GABA_Neuron
40475,1167,Excitatory_Neuron
40476,1194,unassigned
40477,1169,Astro-Epen
40478,1168,GABA_Neuron
40479,1170,Excitatory_Neuron
40480,1173,Excitatory_Neuron
40481,1204,unassigned
40482,1178,Excitatory_Neuron
40483,1191,Excitatory_Neuron
40484,1189,Excitatory_Neuron
40485,1177,unassigned
40486,1183,Excitatory_Neuron
40487,1192,Excitatory_Neuron
40488,1180,Excitatory_Neuron
40489,1193,unassigned
40490,1165,GABA_Neuron
40491,1165,GABA_Neuron
40492,1165,GABA_Neuron
40493,1200,unassigned
40494,1168,GABA_Neuron
40495,1205,Excitatory_Neuron
40496,1178,Excitatory_Neuron
40497,1181,Excitatory_Neuron
40498,1181,Excitatory_Neuron
40499,1181,Excitatory_Neuron
40500,1185,GABA_Neuron
40501,1169,Astro-Epen
40502,1173,Excitatory_Neuron
40503,1178,Excitatory_Neuron
40504,1176,Excitatory_Neuron
40505,1175,unassigned
40506,1181,Excitatory_Neuron
40507,1177,unassigned
40508,1182,unassigned
40509,1197,unassigned
40510,1193,unassigned
40511,1196,Immune
40512,1165,GABA_Neuron
40513,1185,GABA_Neuron
40514,1167,Excitatory_Neuron
40515,1194,unassigned
40516,1178,Excitatory_Neuron
40517,1191,Excitatory_Neuron
40518,1181,Excitatory_Neuron
40519,1180,Excitatory_Neuron
40520,1198,unassigned
40521,1185,GABA_Neuron
40522,1165,GABA_Neuron
40523,1165,GABA_Neuron
40524,1191,Excitatory_Neuron
40525,1190,Excitatory_Neuron
40526,1190,Excitatory_Neuron
40527,1181,Excitatory_Neuron
40528,1182,unassigned
40529,1180,Excitatory_Neuron
40530,1180,Excitatory_Neuron
40531,1180,Excitatory_Neuron
40532,1184,unassigned
40533,1206,Astro-Epen
40534,1185,GABA_Neuron
40535,1185,GABA_Neuron
40536,1167,Excitatory_Neuron
40537,1168,GABA_Neuron
40538,1168,GABA_Neuron
40539,1170,Excitatory_Neuron
40540,1172,Excitatory_Neuron
40541,1178,Excitatory_Neuron
40542,1191,Excitatory_Neuron
40543,1180,Excitatory_Neuron
40544,1185,GABA_Neuron
40545,1185,GABA_Neuron
40546,1171,unassigned
40547,1173,Excitatory_Neuron
40548,1178,Excitatory_Neuron
40549,1190,Excitatory_Neuron
40550,1181,Excitatory_Neuron
40551,1193,unassigned
40552,1196,Immune
40553,1196,Immune
40554,1167,Excitatory_Neuron
40555,1194,unassigned
40556,1169,Astro-Epen
40557,1169,Astro-Epen
40558,1202,unassigned
40559,1197,unassigned
40560,1180,Excitatory_Neuron
40561,1185,GABA_Neuron
40562,1185,GABA_Neuron
40563,1186,unassigned
40564,1169,Astro-Epen
40565,1170,Excitatory_Neuron
40566,1169,Astro-Epen
40567,1173,Excitatory_Neuron
40568,1178,Excitatory_Neuron
40569,1178,Excitatory_Neuron
40570,1178,Excitatory_Neuron
40571,1191,Excitatory_Neuron
40572,1180,Excitatory_Neuron
40573,1165,GABA_Neuron
40574,1166,GABA_Neuron
40575,1169,Astro-Epen
40576,1205,Excitatory_Neuron
40577,1207,unassigned
40578,1201,unassigned
40579,1196,Immune
40580,1185,GABA_Neuron
40581,1167,Excitatory_Neuron
40582,1169,Astro-Epen
40583,1169,Astro-Epen
40584,1176,Excitatory_Neuron
40585,1178,Excitatory_Neuron
40586,1208,Astro-Epen
40587,1192,Excitatory_Neuron
40588,1180,Excitatory_Neuron
40589,1165,GABA_Neuron
40590,1176,Excitatory_Neuron
40591,1191,Excitatory_Neuron
40592,1182,unassigned
40593,1197,unassigned
40594,1197,unassigned
40595,1168,GABA_Neuron
40596,1168,GABA_Neuron
40597,1169,Astro-Epen
40598,1174,unassigned
40599,1173,Excitatory_Neuron
40600,1172,Excitatory_Neuron
40601,1178,Excitatory_Neuron
40602,1192,Excitatory_Neuron
40603,1180,Excitatory_Neuron
40604,1180,Excitatory_Neuron
40605,1180,Excitatory_Neuron
40606,1196,Immune
40607,1187,unassigned
40608,1178,Excitatory_Neuron
40609,1192,Excitatory_Neuron
40610,1180,Excitatory_Neuron
40611,1180,Excitatory_Neuron
40612,1193,unassigned
40613,1184,unassigned
40614,1168,GABA_Neuron
40615,1169,Astro-Epen
40616,1176,Excitatory_Neuron
40617,1177,unassigned
40618,1178,Excitatory_Neuron
40619,1180,Excitatory_Neuron
40620,1177,unassigned
40621,1206,Astro-Epen
40622,1165,GABA_Neuron
40623,1205,Excitatory_Neuron
40624,1173,Excitatory_Neuron
40625,1178,Excitatory_Neuron
40626,1176,Excitatory_Neuron
40627,1181,Excitatory_Neuron
40628,1195,GABA_Neuron
40629,1196,Immune
40630,1165,GABA_Neuron
40631,1185,GABA_Neuron
40632,1167,Excitatory_Neuron
40633,1194,unassigned
40634,1168,GABA_Neuron
40635,1170,Excitatory_Neuron
40636,1169,Astro-Epen
40637,1173,Excitatory_Neuron
40638,1178,Excitatory_Neuron
40639,1178,Excitatory_Neuron
40640,1190,Excitatory_Neuron
40641,1166,GABA_Neuron
40642,1167,Excitatory_Neuron
40643,1168,GABA_Neuron
40644,1169,Astro-Epen
40645,1170,Excitatory_Neuron
40646,1169,Astro-Epen
40647,1169,Astro-Epen
40648,1205,Excitatory_Neuron
40649,1191,Excitatory_Neuron
40650,1190,Excitatory_Neuron
40651,1183,Excitatory_Neuron
40652,1180,Excitatory_Neuron
40653,1192,Excitatory_Neuron
40654,1185,GABA_Neuron
40655,1168,GABA_Neuron
40656,1194,unassigned
40657,1173,Excitatory_Neuron
40658,1173,Excitatory_Neuron
40659,1178,Excitatory_Neuron
40660,1190,Excitatory_Neuron
40661,1191,Excitatory_Neuron
40662,1192,Excitatory_Neuron
40663,1197,unassigned
40664,1177,unassigned
40665,1180,Excitatory_Neuron
40666,1180,Excitatory_Neuron
40667,1185,GABA_Neuron
40668,1167,Excitatory_Neuron
40669,1169,Astro-Epen
40670,1169,Astro-Epen
40671,1172,Excitatory_Neuron
40672,1172,Excitatory_Neuron
40673,1177,unassigned
40674,1178,Excitatory_Neuron
40675,1177,unassigned
40676,1191,Excitatory_Neuron
40677,1167,Excitatory_Neuron
40678,1200,unassigned
40679,1169,Astro-Epen
40680,1205,Excitatory_Neuron
40681,1173,Excitatory_Neuron
40682,1204,unassigned
40683,1176,Excitatory_Neuron
40684,1178,Excitatory_Neuron
40685,1177,unassigned
40686,1179,unassigned
40687,1180,Excitatory_Neuron
40688,1177,unassigned
40689,1180,Excitatory_Neuron
40690,1201,unassigned
40691,1186,unassigned
40692,1168,GABA_Neuron
40693,1169,Astro-Epen
40694,1175,unassigned
40695,1195,GABA_Neuron
40696,1165,GABA_Neuron
40697,1185,GABA_Neuron
40698,1194,unassigned
40699,1169,Astro-Epen
40700,1169,Astro-Epen
40701,1171,unassigned
40702,1172,Excitatory_Neuron
40703,1173,Excitatory_Neuron
40704,1176,Excitatory_Neuron
40705,1176,Excitatory_Neuron
40706,1177,unassigned
40707,1191,Excitatory_Neuron
40708,1209,unassigned
40709,1183,Excitatory_Neuron
40710,1195,GABA_Neuron
40711,1168,GABA_Neuron
40712,1177,unassigned
40713,1176,Excitatory_Neuron
40714,1177,unassigned
40715,1192,Excitatory_Neuron
40716,1177,unassigned
40717,1185,GABA_Neuron
40718,1185,GABA_Neuron
40719,1168,GABA_Neuron
40720,1194,unassigned
40721,1168,GABA_Neuron
40722,1194,unassigned
40723,1173,Excitatory_Neuron
40724,1189,Excitatory_Neuron
40725,1175,unassigned
40726,1183,Excitatory_Neuron
40727,1180,Excitatory_Neuron
40728,1201,unassigned
40729,1199,unassigned
40730,1172,Excitatory_Neuron
40731,1172,Excitatory_Neuron
40732,1189,Excitatory_Neuron
40733,1190,Excitatory_Neuron
40734,1190,Excitatory_Neuron
40735,1177,unassigned
40736,1177,unassigned
40737,1168,GABA_Neuron
40738,1166,GABA_Neuron
40739,1169,Astro-Epen
40740,1204,unassigned
40741,1176,Excitatory_Neuron
40742,1189,Excitatory_Neuron
40743,1178,Excitatory_Neuron
40744,1195,GABA_Neuron
40745,1168,GABA_Neuron
40746,1194,unassigned
40747,1200,unassigned
40748,1200,unassigned
40749,1170,Excitatory_Neuron
40750,1170,Excitatory_Neuron
40751,1173,Excitatory_Neuron
40752,1178,Excitatory_Neuron
40753,1178,Excitatory_Neuron
40754,1190,Excitatory_Neuron
40755,1190,Excitatory_Neuron
40756,1181,Excitatory_Neuron
40757,1183,Excitatory_Neuron
40758,1183,Excitatory_Neuron
40759,1196,Immune
40760,1185,GABA_Neuron
40761,1165,GABA_Neuron
40762,1167,Excitatory_Neuron
40763,1167,Excitatory_Neuron
40764,1194,unassigned
40765,1194,unassigned
40766,1169,Astro-Epen
40767,1178,Excitatory_Neuron
40768,1178,Excitatory_Neuron
40769,1181,Excitatory_Neuron
40770,1180,Excitatory_Neuron
40771,1196,Immune
40772,1169,Astro-Epen
40773,1177,unassigned
40774,1191,Excitatory_Neuron
40775,1192,Excitatory_Neuron
40776,1180,Excitatory_Neuron
40777,1198,unassigned
40778,1165,GABA_Neuron
40779,1167,Excitatory_Neuron
40780,1210,Astro-Epen
40781,1170,Excitatory_Neuron
40782,1175,unassigned
40783,1167,Excitatory_Neuron
40784,1167,Excitatory_Neuron
40785,1200,unassigned
40786,1170,Excitatory_Neuron
40787,1172,Excitatory_Neuron
40788,1173,Excitatory_Neuron
40789,1204,unassigned
40790,1189,Excitatory_Neuron
40791,1177,unassigned
40792,1191,Excitatory_Neuron
40793,1209,unassigned
40794,1181,Excitatory_Neuron
40795,1183,Excitatory_Neuron
40796,1177,unassigned
40797,1199,unassigned
40798,1185,GABA_Neuron
40799,1185,GABA_Neuron
40800,1166,GABA_Neuron
40801,1168,GABA_Neuron
40802,1211,Excitatory_Neuron
40803,1169,Astro-Epen
40804,1169,Astro-Epen
40805,1169,Astro-Epen
40806,1169,Astro-Epen
40807,1190,Excitatory_Neuron
40808,1183,Excitatory_Neuron
40809,1180,Excitatory_Neuron
40810,1180,Excitatory_Neuron
40811,1206,Astro-Epen
40812,1167,Excitatory_Neuron
40813,1194,unassigned
40814,1167,Excitatory_Neuron
40815,1167,Excitatory_Neuron
40816,1200,unassigned
40817,1169,Astro-Epen
40818,1169,Astro-Epen
40819,1178,Excitatory_Neuron
40820,1178,Excitatory_Neuron
40821,1178,Excitatory_Neuron
40822,1178,Excitatory_Neuron
40823,1209,unassigned
40824,1191,Excitatory_Neuron
40825,1183,Excitatory_Neuron
40826,1177,unassigned
40827,1197,unassigned
40828,1180,Excitatory_Neuron
40829,1177,unassigned
40830,1195,GABA_Neuron
40831,1165,GABA_Neuron
40832,1211,Excitatory_Neuron
40833,1169,Astro-Epen
40834,1169,Astro-Epen
40835,1173,Excitatory_Neuron
40836,1173,Excitatory_Neuron
40837,1177,unassigned
40838,1183,Excitatory_Neuron
40839,1177,unassigned
40840,1180,Excitatory_Neuron
40841,1196,Immune
40842,1185,GABA_Neuron
40843,1167,Excitatory_Neuron
40844,1173,Excitatory_Neuron
40845,1177,unassigned
40846,1178,Excitatory_Neuron
40847,1176,Excitatory_Neuron
40848,1190,Excitatory_Neuron
40849,1181,Excitatory_Neuron
40850,1206,Astro-Epen
40851,1206,Astro-Epen
40852,1168,GABA_Neuron
40853,1173,Excitatory_Neuron
40854,1173,Excitatory_Neuron
40855,1176,Excitatory_Neuron
40856,1178,Excitatory_Neuron
40857,1177,unassigned
40858,1190,Excitatory_Neuron
40859,1191,Excitatory_Neuron
40860,1180,Excitatory_Neuron
40861,1180,Excitatory_Neuron
40862,1177,unassigned
40863,1194,unassigned
40864,1173,Excitatory_Neuron
40865,1172,Excitatory_Neuron
40866,1189,Excitatory_Neuron
40867,1212,Excitatory_Neuron
40868,1184,unassigned
40869,1199,unassigned
40870,1165,GABA_Neuron
40871,1200,unassigned
40872,1169,Astro-Epen
40873,1190,Excitatory_Neuron
40874,1191,Excitatory_Neuron
40875,1191,Excitatory_Neuron
40876,1180,Excitatory_Neuron
40877,1166,GABA_Neuron
40878,1167,Excitatory_Neuron
40879,1169,Astro-Epen
40880,1169,Astro-Epen
40881,1178,Excitatory_Neuron
40882,1189,Excitatory_Neuron
40883,1190,Excitatory_Neuron
40884,1178,Excitatory_Neuron
40885,1177,unassigned
40886,1180,Excitatory_Neuron
40887,1167,Excitatory_Neuron
40888,1170,Excitatory_Neuron
40889,1169,Astro-Epen
40890,1204,unassigned
40891,1172,Excitatory_Neuron
40892,1176,Excitatory_Neuron
40893,1178,Excitatory_Neuron
40894,1190,Excitatory_Neuron
40895,1190,Excitatory_Neuron
40896,1180,Excitatory_Neuron
40897,1180,Excitatory_Neuron
40898,1192,Excitatory_Neuron
40899,1185,GABA_Neuron
40900,1167,Excitatory_Neuron
40901,1168,GABA_Neuron
40902,1172,Excitatory_Neuron
40903,1173,Excitatory_Neuron
40904,1176,Excitatory_Neuron
40905,1172,Excitatory_Neuron
40906,1178,Excitatory_Neuron
40907,1191,Excitatory_Neuron
40908,1181,Excitatory_Neuron
40909,1183,Excitatory_Neuron
40910,1165,GABA_Neuron
40911,1171,unassigned
40912,1169,Astro-Epen
40913,1169,Astro-Epen
40914,1205,Excitatory_Neuron
40915,1178,Excitatory_Neuron
40916,1190,Excitatory_Neuron
40917,1195,GABA_Neuron
40918,1183,Excitatory_Neuron
40919,1180,Excitatory_Neuron
40920,1184,unassigned
40921,1165,GABA_Neuron
40922,1206,Astro-Epen
40923,1167,Excitatory_Neuron
40924,1194,unassigned
40925,1200,unassigned
40926,1194,unassigned
40927,1170,Excitatory_Neuron
40928,1204,unassigned
40929,1190,Excitatory_Neuron
40930,1190,Excitatory_Neuron
40931,1181,Excitatory_Neuron
40932,1180,Excitatory_Neuron
40933,1195,GABA_Neuron
40934,1196,Immune
40935,1196,Immune
40936,1206,Astro-Epen
40937,1166,GABA_Neuron
40938,1168,GABA_Neuron
40939,1167,Excitatory_Neuron
40940,1194,unassigned
40941,1191,Excitatory_Neuron
40942,1180,Excitatory_Neuron
40943,1195,GABA_Neuron
40944,1180,Excitatory_Neuron
40945,1196,Immune
40946,1194,unassigned
40947,1177,unassigned
40948,1169,Astro-Epen
40949,1176,Excitatory_Neuron
40950,1177,unassigned
40951,1184,unassigned
40952,1184,unassigned
40953,1184,unassigned
40954,1206,Astro-Epen
40955,1186,unassigned
40956,1167,Excitatory_Neuron
40957,1210,Astro-Epen
40958,1172,Excitatory_Neuron
40959,1172,Excitatory_Neuron
40960,1173,Excitatory_Neuron
40961,1172,Excitatory_Neuron
40962,1177,unassigned
40963,1209,unassigned
40964,1177,unassigned
40965,1184,unassigned
40966,1196,Immune
40967,1194,unassigned
40968,1169,Astro-Epen
40969,1170,Excitatory_Neuron
40970,1178,Excitatory_Neuron
40971,1176,Excitatory_Neuron
40972,1190,Excitatory_Neuron
40973,1197,unassigned
40974,1183,Excitatory_Neuron
40975,1177,unassigned
40976,1180,Excitatory_Neuron
40977,1185,GABA_Neuron
40978,1173,Excitatory_Neuron
40979,1176,Excitatory_Neuron
40980,1191,Excitatory_Neuron
40981,1191,Excitatory_Neuron
40982,1190,Excitatory_Neuron
40983,1183,Excitatory_Neuron
40984,1183,Excitatory_Neuron
40985,1185,GABA_Neuron
40986,1167,Excitatory_Neuron
40987,1168,GABA_Neuron
40988,1169,Astro-Epen
40989,1172,Excitatory_Neuron
40990,1204,unassigned
40991,1177,unassigned
40992,1197,unassigned
40993,1167,Excitatory_Neuron
40994,1194,unassigned
40995,1168,GABA_Neuron
40996,1169,Astro-Epen
40997,1205,Excitatory_Neuron
40998,1172,Excitatory_Neuron
40999,1173,Excitatory_Neuron
41000,1172,Excitatory_Neuron
41001,1178,Excitatory_Neuron
41002,1176,Excitatory_Neuron
41003,1178,Excitatory_Neuron
41004,1178,Excitatory_Neuron
41005,1183,Excitatory_Neuron
41006,1165,GABA_Neuron
41007,1165,GABA_Neuron
41008,1170,Excitatory_Neuron
41009,1169,Astro-Epen
41010,1172,Excitatory_Neuron
41011,1205,Excitatory_Neuron
41012,1180,Excitatory_Neuron
41013,1213,Astro-Epen
41014,1184,unassigned
41015,1185,GABA_Neuron
41016,1168,GABA_Neuron
41017,1169,Astro-Epen
41018,1170,Excitatory_Neuron
41019,1169,Astro-Epen
41020,1169,Astro-Epen
41021,1169,Astro-Epen
41022,1172,Excitatory_Neuron
41023,1190,Excitatory_Neuron
41024,1190,Excitatory_Neuron
41025,1183,Excitatory_Neuron
41026,1195,GABA_Neuron
41027,1196,Immune
41028,1185,GABA_Neuron
41029,1185,GABA_Neuron
41030,1194,unassigned
41031,1194,unassigned
41032,1170,Excitatory_Neuron
41033,1169,Astro-Epen
41034,1170,Excitatory_Neuron
41035,1178,Excitatory_Neuron
41036,1177,unassigned
41037,1183,Excitatory_Neuron
41038,1212,Excitatory_Neuron
41039,1167,Excitatory_Neuron
41040,1176,Excitatory_Neuron
41041,1176,Excitatory_Neuron
41042,1190,Excitatory_Neuron
41043,1209,unassigned
41044,1183,Excitatory_Neuron
41045,1183,Excitatory_Neuron
41046,1199,unassigned
41047,1185,GABA_Neuron
41048,1169,Astro-Epen
41049,1170,Excitatory_Neuron
41050,1169,Astro-Epen
41051,1172,Excitatory_Neuron
41052,1172,Excitatory_Neuron
41053,1178,Excitatory_Neuron
41054,1176,Excitatory_Neuron
41055,1178,Excitatory_Neuron
41056,1195,GABA_Neuron
41057,1165,GABA_Neuron
41058,1167,Excitatory_Neuron
41059,1167,Excitatory_Neuron
41060,1168,GABA_Neuron
41061,1172,Excitatory_Neuron
41062,1178,Excitatory_Neuron
41063,1189,Excitatory_Neuron
41064,1177,unassigned
41065,1185,GABA_Neuron
41066,1167,Excitatory_Neuron
41067,1167,Excitatory_Neuron
41068,1169,Astro-Epen
41069,1169,Astro-Epen
41070,1171,unassigned
41071,1169,Astro-Epen
41072,1169,Astro-Epen
41073,1181,Excitatory_Neuron
41074,1191,Excitatory_Neuron
41075,1191,Excitatory_Neuron
41076,1183,Excitatory_Neuron
41077,1167,Excitatory_Neuron
41078,1167,Excitatory_Neuron
41079,1168,GABA_Neuron
41080,1169,Astro-Epen
41081,1169,Astro-Epen
41082,1170,Excitatory_Neuron
41083,1169,Astro-Epen
41084,1178,Excitatory_Neuron
41085,1177,unassigned
41086,1183,Excitatory_Neuron
41087,1212,Excitatory_Neuron
41088,1213,Astro-Epen
41089,1186,unassigned
41090,1170,Excitatory_Neuron
41091,1170,Excitatory_Neuron
41092,1169,Astro-Epen
41093,1172,Excitatory_Neuron
41094,1172,Excitatory_Neuron
41095,1172,Excitatory_Neuron
41096,1173,Excitatory_Neuron
41097,1178,Excitatory_Neuron
41098,1176,Excitatory_Neuron
41099,1178,Excitatory_Neuron
41100,1184,unassigned
41101,1185,GABA_Neuron
41102,1166,GABA_Neuron
41103,1169,Astro-Epen
41104,1205,Excitatory_Neuron
41105,1178,Excitatory_Neuron
41106,1190,Excitatory_Neuron
41107,1181,Excitatory_Neuron
41108,1183,Excitatory_Neuron
41109,1170,Excitatory_Neuron
41110,1169,Astro-Epen
41111,1169,Astro-Epen
41112,1172,Excitatory_Neuron
41113,1172,Excitatory_Neuron
41114,1204,unassigned
41115,1189,Excitatory_Neuron
41116,1178,Excitatory_Neuron
41117,1182,unassigned
41118,1183,Excitatory_Neuron
41119,1183,Excitatory_Neuron
41120,1195,GABA_Neuron
41121,1177,unassigned
41122,1180,Excitatory_Neuron
41123,1192,Excitatory_Neuron
41124,1177,unassigned
41125,1206,Astro-Epen
41126,1194,unassigned
41127,1170,Excitatory_Neuron
41128,1173,Excitatory_Neuron
41129,1178,Excitatory_Neuron
41130,1178,Excitatory_Neuron
41131,1195,GABA_Neuron
41132,1212,Excitatory_Neuron
41133,1180,Excitatory_Neuron
41134,1199,unassigned
41135,1185,GABA_Neuron
41136,1185,GABA_Neuron
41137,1167,Excitatory_Neuron
41138,1167,Excitatory_Neuron
41139,1169,Astro-Epen
41140,1170,Excitatory_Neuron
41141,1170,Excitatory_Neuron
41142,1169,Astro-Epen
41143,1172,Excitatory_Neuron
41144,1190,Excitatory_Neuron
41145,1183,Excitatory_Neuron
41146,1212,Excitatory_Neuron
41147,1184,unassigned
41148,1184,unassigned
41149,1173,Excitatory_Neuron
41150,1178,Excitatory_Neuron
41151,1165,GABA_Neuron
41152,1186,unassigned
41153,1177,unassigned
41154,1172,Excitatory_Neuron
41155,1191,Excitatory_Neuron
41156,1191,Excitatory_Neuron
41157,1180,Excitatory_Neuron
41158,1185,GABA_Neuron
41159,1167,Excitatory_Neuron
41160,1167,Excitatory_Neuron
41161,1170,Excitatory_Neuron
41162,1169,Astro-Epen
41163,1177,unassigned
41164,1191,Excitatory_Neuron
41165,1177,unassigned
41166,1177,unassigned
41167,1190,Excitatory_Neuron
41168,1183,Excitatory_Neuron
41169,1192,Excitatory_Neuron
41170,1185,GABA_Neuron
41171,1167,Excitatory_Neuron
41172,1211,Excitatory_Neuron
41173,1194,unassigned
41174,1168,GABA_Neuron
41175,1170,Excitatory_Neuron
41176,1204,unassigned
41177,1189,Excitatory_Neuron
41178,1205,Excitatory_Neuron
41179,1178,Excitatory_Neuron
41180,1183,Excitatory_Neuron
41181,1183,Excitatory_Neuron
41182,1183,Excitatory_Neuron
41183,1183,Excitatory_Neuron
41184,1211,Excitatory_Neuron
41185,1168,GABA_Neuron
41186,1169,Astro-Epen
41187,1169,Astro-Epen
41188,1169,Astro-Epen
41189,1173,Excitatory_Neuron
41190,1172,Excitatory_Neuron
41191,1172,Excitatory_Neuron
41192,1173,Excitatory_Neuron
41193,1178,Excitatory_Neuron
41194,1190,Excitatory_Neuron
41195,1178,Excitatory_Neuron
41196,1190,Excitatory_Neuron
41197,1181,Excitatory_Neuron
41198,1183,Excitatory_Neuron
41199,1206,Astro-Epen
41200,1167,Excitatory_Neuron
41201,1167,Excitatory_Neuron
41202,1194,unassigned
41203,1211,Excitatory_Neuron
41204,1168,GABA_Neuron
41205,1170,Excitatory_Neuron
41206,1169,Astro-Epen
41207,1170,Excitatory_Neuron
41208,1170,Excitatory_Neuron
41209,1176,Excitatory_Neuron
41210,1181,Excitatory_Neuron
41211,1192,Excitatory_Neuron
41212,1186,unassigned
41213,1169,Astro-Epen
41214,1169,Astro-Epen
41215,1169,Astro-Epen
41216,1172,Excitatory_Neuron
41217,1192,Excitatory_Neuron
41218,1180,Excitatory_Neuron
41219,1192,Excitatory_Neuron
41220,1213,Astro-Epen
41221,1199,unassigned
41222,1165,GABA_Neuron
41223,1167,Excitatory_Neuron
41224,1168,GABA_Neuron
41225,1214,unassigned
41226,1170,Excitatory_Neuron
41227,1169,Astro-Epen
41228,1173,Excitatory_Neuron
41229,1172,Excitatory_Neuron
41230,1172,Excitatory_Neuron
41231,1189,Excitatory_Neuron
41232,1191,Excitatory_Neuron
41233,1209,unassigned
41234,1209,unassigned
41235,1180,Excitatory_Neuron
41236,1180,Excitatory_Neuron
41237,1195,GABA_Neuron
41238,1180,Excitatory_Neuron
41239,1185,GABA_Neuron
41240,1186,unassigned
41241,1169,Astro-Epen
41242,1169,Astro-Epen
41243,1172,Excitatory_Neuron
41244,1178,Excitatory_Neuron
41245,1178,Excitatory_Neuron
41246,1190,Excitatory_Neuron
41247,1190,Excitatory_Neuron
41248,1181,Excitatory_Neuron
41249,1179,unassigned
41250,1177,unassigned
41251,1165,GABA_Neuron
41252,1185,GABA_Neuron
41253,1185,GABA_Neuron
41254,1167,Excitatory_Neuron
41255,1168,GABA_Neuron
41256,1169,Astro-Epen
41257,1169,Astro-Epen
41258,1169,Astro-Epen
41259,1205,Excitatory_Neuron
41260,1189,Excitatory_Neuron
41261,1183,Excitatory_Neuron
41262,1197,unassigned
41263,1180,Excitatory_Neuron
41264,1180,Excitatory_Neuron
41265,1177,unassigned
41266,1180,Excitatory_Neuron
41267,1196,Immune
41268,1206,Astro-Epen
41269,1215,unassigned
41270,1210,Astro-Epen
41271,1169,Astro-Epen
41272,1172,Excitatory_Neuron
41273,1173,Excitatory_Neuron
41274,1176,Excitatory_Neuron
41275,1177,unassigned
41276,1178,Excitatory_Neuron
41277,1176,Excitatory_Neuron
41278,1180,Excitatory_Neuron
41279,1180,Excitatory_Neuron
41280,1180,Excitatory_Neuron
41281,1186,unassigned
41282,1167,Excitatory_Neuron
41283,1168,GABA_Neuron
41284,1214,unassigned
41285,1169,Astro-Epen
41286,1189,Excitatory_Neuron
41287,1183,Excitatory_Neuron
41288,1195,GABA_Neuron
41289,1184,unassigned
41290,1165,GABA_Neuron
41291,1185,GABA_Neuron
41292,1167,Excitatory_Neuron
41293,1168,GABA_Neuron
41294,1170,Excitatory_Neuron
41295,1170,Excitatory_Neuron
41296,1189,Excitatory_Neuron
41297,1177,unassigned
41298,1177,unassigned
41299,1181,Excitatory_Neuron
41300,1191,Excitatory_Neuron
41301,1181,Excitatory_Neuron
41302,1192,Excitatory_Neuron
41303,1212,Excitatory_Neuron
41304,1180,Excitatory_Neuron
41305,1212,Excitatory_Neuron
41306,1165,GABA_Neuron
41307,1168,GABA_Neuron
41308,1172,Excitatory_Neuron
41309,1172,Excitatory_Neuron
41310,1189,Excitatory_Neuron
41311,1178,Excitatory_Neuron
41312,1191,Excitatory_Neuron
41313,1183,Excitatory_Neuron
41314,1197,unassigned
41315,1195,GABA_Neuron
41316,1195,GABA_Neuron
41317,1186,unassigned
41318,1167,Excitatory_Neuron
41319,1210,Astro-Epen
41320,1169,Astro-Epen
41321,1169,Astro-Epen
41322,1176,Excitatory_Neuron
41323,1190,Excitatory_Neuron
41324,1177,unassigned
41325,1195,GABA_Neuron
41326,1180,Excitatory_Neuron
41327,1192,Excitatory_Neuron
41328,1206,Astro-Epen
41329,1170,Excitatory_Neuron
41330,1170,Excitatory_Neuron
41331,1170,Excitatory_Neuron
41332,1169,Astro-Epen
41333,1169,Astro-Epen
41334,1172,Excitatory_Neuron
41335,1177,unassigned
41336,1190,Excitatory_Neuron
41337,1195,GABA_Neuron
41338,1177,unassigned
41339,1180,Excitatory_Neuron
41340,1167,Excitatory_Neuron
41341,1168,GABA_Neuron
41342,1169,Astro-Epen
41343,1172,Excitatory_Neuron
41344,1173,Excitatory_Neuron
41345,1172,Excitatory_Neuron
41346,1177,unassigned
41347,1178,Excitatory_Neuron
41348,1181,Excitatory_Neuron
41349,1209,unassigned
41350,1192,Excitatory_Neuron
41351,1196,Immune
41352,1165,GABA_Neuron
41353,1165,GABA_Neuron
41354,1167,Excitatory_Neuron
41355,1211,Excitatory_Neuron
41356,1170,Excitatory_Neuron
41357,1216,unassigned
41358,1181,Excitatory_Neuron
41359,1183,Excitatory_Neuron
41360,1195,GABA_Neuron
41361,1165,GABA_Neuron
41362,1165,GABA_Neuron
41363,1167,Excitatory_Neuron
41364,1211,Excitatory_Neuron
41365,1169,Astro-Epen
41366,1177,unassigned
41367,1181,Excitatory_Neuron
41368,1191,Excitatory_Neuron
41369,1191,Excitatory_Neuron
41370,1209,unassigned
41371,1209,unassigned
41372,1197,unassigned
41373,1180,Excitatory_Neuron
41374,1193,unassigned
41375,1213,Astro-Epen
41376,1186,unassigned
41377,1170,Excitatory_Neuron
41378,1169,Astro-Epen
41379,1205,Excitatory_Neuron
41380,1172,Excitatory_Neuron
41381,1173,Excitatory_Neuron
41382,1191,Excitatory_Neuron
41383,1191,Excitatory_Neuron
41384,1183,Excitatory_Neuron
41385,1183,Excitatory_Neuron
41386,1192,Excitatory_Neuron
41387,1195,GABA_Neuron
41388,1180,Excitatory_Neuron
41389,1165,GABA_Neuron
41390,1165,GABA_Neuron
41391,1185,GABA_Neuron
41392,1167,Excitatory_Neuron
41393,1211,Excitatory_Neuron
41394,1177,unassigned
41395,1169,Astro-Epen
41396,1191,Excitatory_Neuron
41397,1209,unassigned
41398,1180,Excitatory_Neuron
41399,1180,Excitatory_Neuron
41400,1177,unassigned
41401,1185,GABA_Neuron
41402,1167,Excitatory_Neuron
41403,1172,Excitatory_Neuron
41404,1172,Excitatory_Neuron
41405,1191,Excitatory_Neuron
41406,1183,Excitatory_Neuron
41407,1180,Excitatory_Neuron
41408,1180,Excitatory_Neuron
41409,1199,unassigned
41410,1206,Astro-Epen
41411,1166,GABA_Neuron
41412,1168,GABA_Neuron
41413,1168,GABA_Neuron
41414,1169,Astro-Epen
41415,1169,Astro-Epen
41416,1170,Excitatory_Neuron
41417,1189,Excitatory_Neuron
41418,1191,Excitatory_Neuron
41419,1191,Excitatory_Neuron
41420,1191,Excitatory_Neuron
41421,1191,Excitatory_Neuron
41422,1183,Excitatory_Neuron
41423,1209,unassigned
41424,1192,Excitatory_Neuron
41425,1214,unassigned
41426,1173,Excitatory_Neuron
41427,1205,Excitatory_Neuron
41428,1189,Excitatory_Neuron
41429,1176,Excitatory_Neuron
41430,1183,Excitatory_Neuron
41431,1195,GABA_Neuron
41432,1180,Excitatory_Neuron
41433,1206,Astro-Epen
41434,1167,Excitatory_Neuron
41435,1169,Astro-Epen
41436,1172,Excitatory_Neuron
41437,1189,Excitatory_Neuron
41438,1176,Excitatory_Neuron
41439,1177,unassigned
41440,1190,Excitatory_Neuron
41441,1190,Excitatory_Neuron
41442,1181,Excitatory_Neuron
41443,1183,Excitatory_Neuron
41444,1195,GABA_Neuron
41445,1212,Excitatory_Neuron
41446,1177,unassigned
41447,1165,GABA_Neuron
41448,1185,GABA_Neuron
41449,1167,Excitatory_Neuron
41450,1177,unassigned
41451,1169,Astro-Epen
41452,1178,Excitatory_Neuron
41453,1183,Excitatory_Neuron
41454,1192,Excitatory_Neuron
41455,1180,Excitatory_Neuron
41456,1165,GABA_Neuron
41457,1167,Excitatory_Neuron
41458,1167,Excitatory_Neuron
41459,1169,Astro-Epen
41460,1172,Excitatory_Neuron
41461,1205,Excitatory_Neuron
41462,1172,Excitatory_Neuron
41463,1173,Excitatory_Neuron
41464,1173,Excitatory_Neuron
41465,1190,Excitatory_Neuron
41466,1197,unassigned
41467,1183,Excitatory_Neuron
41468,1183,Excitatory_Neuron
41469,1177,unassigned
41470,1184,unassigned
41471,1206,Astro-Epen
41472,1206,Astro-Epen
41473,1194,unassigned
41474,1172,Excitatory_Neuron
41475,1189,Excitatory_Neuron
41476,1181,Excitatory_Neuron
41477,1183,Excitatory_Neuron
41478,1212,Excitatory_Neuron
41479,1212,Excitatory_Neuron
41480,1180,Excitatory_Neuron
41481,1212,Excitatory_Neuron
41482,1180,Excitatory_Neuron
41483,1180,Excitatory_Neuron
41484,1180,Excitatory_Neuron
41485,1165,GABA_Neuron
41486,1206,Astro-Epen
41487,1211,Excitatory_Neuron
41488,1168,GABA_Neuron
41489,1210,Astro-Epen
41490,1169,Astro-Epen
41491,1173,Excitatory_Neuron
41492,1189,Excitatory_Neuron
41493,1178,Excitatory_Neuron
41494,1181,Excitatory_Neuron
41495,1191,Excitatory_Neuron
41496,1181,Excitatory_Neuron
41497,1181,Excitatory_Neuron
41498,1212,Excitatory_Neuron
41499,1180,Excitatory_Neuron
41500,1199,unassigned
41501,1217,Excitatory_Neuron
41502,1218,Excitatory_Neuron
41503,1173,Excitatory_Neuron
41504,1178,Excitatory_Neuron
41505,1177,unassigned
41506,1191,Excitatory_Neuron
41507,1195,GABA_Neuron
41508,1213,Astro-Epen
41509,1185,GABA_Neuron
41510,1211,Excitatory_Neuron
41511,1211,Excitatory_Neuron
41512,1166,GABA_Neuron
41513,1170,Excitatory_Neuron
41514,1176,Excitatory_Neuron
41515,1209,unassigned
41516,1208,Astro-Epen
41517,1183,Excitatory_Neuron
41518,1213,Astro-Epen
41519,1165,GABA_Neuron
41520,1166,GABA_Neuron
41521,1170,Excitatory_Neuron
41522,1218,Excitatory_Neuron
41523,1170,Excitatory_Neuron
41524,1178,Excitatory_Neuron
41525,1177,unassigned
41526,1206,Astro-Epen
41527,1165,GABA_Neuron
41528,1185,GABA_Neuron
41529,1170,Excitatory_Neuron
41530,1172,Excitatory_Neuron
41531,1191,Excitatory_Neuron
41532,1183,Excitatory_Neuron
41533,1180,Excitatory_Neuron
41534,1192,Excitatory_Neuron
41535,1168,GABA_Neuron
41536,1170,Excitatory_Neuron
41537,1177,unassigned
41538,1172,Excitatory_Neuron
41539,1172,Excitatory_Neuron
41540,1209,unassigned
41541,1208,Astro-Epen
41542,1180,Excitatory_Neuron
41543,1192,Excitatory_Neuron
41544,1192,Excitatory_Neuron
41545,1166,GABA_Neuron
41546,1177,unassigned
41547,1183,Excitatory_Neuron
41548,1180,Excitatory_Neuron
41549,1196,Immune
41550,1206,Astro-Epen
41551,1165,GABA_Neuron
41552,1166,GABA_Neuron
41553,1167,Excitatory_Neuron
41554,1211,Excitatory_Neuron
41555,1169,Astro-Epen
41556,1173,Excitatory_Neuron
41557,1189,Excitatory_Neuron
41558,1173,Excitatory_Neuron
41559,1176,Excitatory_Neuron
41560,1189,Excitatory_Neuron
41561,1190,Excitatory_Neuron
41562,1209,unassigned
41563,1181,Excitatory_Neuron
41564,1181,Excitatory_Neuron
41565,1212,Excitatory_Neuron
41566,1193,unassigned
41567,1165,GABA_Neuron
41568,1185,GABA_Neuron
41569,1219,unassigned
41570,1194,unassigned
41571,1169,Astro-Epen
41572,1170,Excitatory_Neuron
41573,1169,Astro-Epen
41574,1205,Excitatory_Neuron
41575,1183,Excitatory_Neuron
41576,1180,Excitatory_Neuron
41577,1212,Excitatory_Neuron
41578,1189,Excitatory_Neuron
41579,1180,Excitatory_Neuron
41580,1193,unassigned
41581,1212,Excitatory_Neuron
41582,1220,unassigned
41583,1165,GABA_Neuron
41584,1167,Excitatory_Neuron
41585,1169,Astro-Epen
41586,1172,Excitatory_Neuron
41587,1178,Excitatory_Neuron
41588,1191,Excitatory_Neuron
41589,1181,Excitatory_Neuron
41590,1183,Excitatory_Neuron
41591,1183,Excitatory_Neuron
41592,1195,GABA_Neuron
41593,1195,GABA_Neuron
41594,1195,GABA_Neuron
41595,1180,Excitatory_Neuron
41596,1180,Excitatory_Neuron
41597,1177,unassigned
41598,1205,Excitatory_Neuron
41599,1172,Excitatory_Neuron
41600,1177,unassigned
41601,1181,Excitatory_Neuron
41602,1183,Excitatory_Neuron
41603,1183,Excitatory_Neuron
41604,1212,Excitatory_Neuron
41605,1180,Excitatory_Neuron
41606,1213,Astro-Epen
41607,1206,Astro-Epen
41608,1166,GABA_Neuron
41609,1211,Excitatory_Neuron
41610,1181,Excitatory_Neuron
41611,1177,unassigned
41612,1191,Excitatory_Neuron
41613,1213,Astro-Epen
41614,1167,Excitatory_Neuron
41615,1169,Astro-Epen
41616,1170,Excitatory_Neuron
41617,1176,Excitatory_Neuron
41618,1189,Excitatory_Neuron
41619,1183,Excitatory_Neuron
41620,1167,Excitatory_Neuron
41621,1211,Excitatory_Neuron
41622,1170,Excitatory_Neuron
41623,1169,Astro-Epen
41624,1170,Excitatory_Neuron
41625,1189,Excitatory_Neuron
41626,1172,Excitatory_Neuron
41627,1178,Excitatory_Neuron
41628,1197,unassigned
41629,1192,Excitatory_Neuron
41630,1167,Excitatory_Neuron
41631,1194,unassigned
41632,1168,GABA_Neuron
41633,1170,Excitatory_Neuron
41634,1170,Excitatory_Neuron
41635,1183,Excitatory_Neuron
41636,1212,Excitatory_Neuron
41637,1183,Excitatory_Neuron
41638,1192,Excitatory_Neuron
41639,1211,Excitatory_Neuron
41640,1211,Excitatory_Neuron
41641,1190,Excitatory_Neuron
41642,1183,Excitatory_Neuron
41643,1183,Excitatory_Neuron
41644,1192,Excitatory_Neuron
41645,1208,Astro-Epen
41646,1177,unassigned
41647,1185,GABA_Neuron
41648,1166,GABA_Neuron
41649,1167,Excitatory_Neuron
41650,1219,unassigned
41651,1170,Excitatory_Neuron
41652,1172,Excitatory_Neuron
41653,1177,unassigned
41654,1221,unassigned
41655,1181,Excitatory_Neuron
41656,1191,Excitatory_Neuron
41657,1177,unassigned
41658,1166,GABA_Neuron
41659,1167,Excitatory_Neuron
41660,1166,GABA_Neuron
41661,1219,unassigned
41662,1168,GABA_Neuron
41663,1189,Excitatory_Neuron
41664,1183,Excitatory_Neuron
41665,1191,Excitatory_Neuron
41666,1212,Excitatory_Neuron
41667,1192,Excitatory_Neuron
41668,1222,unassigned
41669,1166,GABA_Neuron
41670,1167,Excitatory_Neuron
41671,1167,Excitatory_Neuron
41672,1223,Astro-Epen
41673,1223,Astro-Epen
41674,1170,Excitatory_Neuron
41675,1173,Excitatory_Neuron
41676,1176,Excitatory_Neuron
41677,1181,Excitatory_Neuron
41678,1190,Excitatory_Neuron
41679,1181,Excitatory_Neuron
41680,1195,GABA_Neuron
41681,1195,GABA_Neuron
41682,1195,GABA_Neuron
41683,1185,GABA_Neuron
41684,1185,GABA_Neuron
41685,1219,unassigned
41686,1167,Excitatory_Neuron
41687,1169,Astro-Epen
41688,1169,Astro-Epen
41689,1189,Excitatory_Neuron
41690,1212,Excitatory_Neuron
41691,1213,Astro-Epen
41692,1170,Excitatory_Neuron
41693,1189,Excitatory_Neuron
41694,1195,GABA_Neuron
41695,1183,Excitatory_Neuron
41696,1212,Excitatory_Neuron
41697,1183,Excitatory_Neuron
41698,1180,Excitatory_Neuron
41699,1212,Excitatory_Neuron
41700,1180,Excitatory_Neuron
41701,1212,Excitatory_Neuron
41702,1213,Astro-Epen
41703,1192,Excitatory_Neuron
41704,1167,Excitatory_Neuron
41705,1168,GABA_Neuron
41706,1211,Excitatory_Neuron
41707,1170,Excitatory_Neuron
41708,1169,Astro-Epen
41709,1172,Excitatory_Neuron
41710,1172,Excitatory_Neuron
41711,1177,unassigned
41712,1181,Excitatory_Neuron
41713,1191,Excitatory_Neuron
41714,1183,Excitatory_Neuron
41715,1180,Excitatory_Neuron
41716,1222,unassigned
41717,1167,Excitatory_Neuron
41718,1223,Astro-Epen
41719,1211,Excitatory_Neuron
41720,1217,Excitatory_Neuron
41721,1210,Astro-Epen
41722,1169,Astro-Epen
41723,1170,Excitatory_Neuron
41724,1183,Excitatory_Neuron
41725,1183,Excitatory_Neuron
41726,1196,Immune
41727,1167,Excitatory_Neuron
41728,1223,Astro-Epen
41729,1194,unassigned
41730,1170,Excitatory_Neuron
41731,1169,Astro-Epen
41732,1205,Excitatory_Neuron
41733,1181,Excitatory_Neuron
41734,1191,Excitatory_Neuron
41735,1183,Excitatory_Neuron
41736,1192,Excitatory_Neuron
41737,1185,GABA_Neuron
41738,1166,GABA_Neuron
41739,1167,Excitatory_Neuron
41740,1170,Excitatory_Neuron
41741,1177,unassigned
41742,1169,Astro-Epen
41743,1172,Excitatory_Neuron
41744,1180,Excitatory_Neuron
41745,1195,GABA_Neuron
41746,1184,unassigned
41747,1167,Excitatory_Neuron
41748,1168,GABA_Neuron
41749,1170,Excitatory_Neuron
41750,1177,unassigned
41751,1170,Excitatory_Neuron
41752,1205,Excitatory_Neuron
41753,1189,Excitatory_Neuron
41754,1181,Excitatory_Neuron
41755,1167,Excitatory_Neuron
41756,1223,Astro-Epen
41757,1177,unassigned
41758,1170,Excitatory_Neuron
41759,1189,Excitatory_Neuron
41760,1180,Excitatory_Neuron
41761,1213,Astro-Epen
41762,1192,Excitatory_Neuron
41763,1223,Astro-Epen
41764,1167,Excitatory_Neuron
41765,1168,GABA_Neuron
41766,1168,GABA_Neuron
41767,1169,Astro-Epen
41768,1173,Excitatory_Neuron
41769,1173,Excitatory_Neuron
41770,1184,unassigned
41771,1168,GABA_Neuron
41772,1217,Excitatory_Neuron
41773,1177,unassigned
41774,1205,Excitatory_Neuron
41775,1172,Excitatory_Neuron
41776,1205,Excitatory_Neuron
41777,1172,Excitatory_Neuron
41778,1189,Excitatory_Neuron
41779,1191,Excitatory_Neuron
41780,1180,Excitatory_Neuron
41781,1185,GABA_Neuron
41782,1223,Astro-Epen
41783,1211,Excitatory_Neuron
41784,1224,unassigned
41785,1178,Excitatory_Neuron
41786,1191,Excitatory_Neuron
41787,1190,Excitatory_Neuron
41788,1191,Excitatory_Neuron
41789,1208,Astro-Epen
41790,1180,Excitatory_Neuron
41791,1180,Excitatory_Neuron
41792,1213,Astro-Epen
41793,1213,Astro-Epen
41794,1206,Astro-Epen
41795,1185,GABA_Neuron
41796,1167,Excitatory_Neuron
41797,1210,Astro-Epen
41798,1170,Excitatory_Neuron
41799,1177,unassigned
41800,1170,Excitatory_Neuron
41801,1205,Excitatory_Neuron
41802,1189,Excitatory_Neuron
41803,1190,Excitatory_Neuron
41804,1183,Excitatory_Neuron
41805,1191,Excitatory_Neuron
41806,1180,Excitatory_Neuron
41807,1192,Excitatory_Neuron
41808,1212,Excitatory_Neuron
41809,1199,unassigned
41810,1167,Excitatory_Neuron
41811,1170,Excitatory_Neuron
41812,1210,Astro-Epen
41813,1170,Excitatory_Neuron
41814,1170,Excitatory_Neuron
41815,1172,Excitatory_Neuron
41816,1173,Excitatory_Neuron
41817,1190,Excitatory_Neuron
41818,1190,Excitatory_Neuron
41819,1183,Excitatory_Neuron
41820,1183,Excitatory_Neuron
41821,1208,Astro-Epen
41822,1213,Astro-Epen
41823,1165,GABA_Neuron
41824,1165,GABA_Neuron
41825,1167,Excitatory_Neuron
41826,1210,Astro-Epen
41827,1189,Excitatory_Neuron
41828,1176,Excitatory_Neuron
41829,1178,Excitatory_Neuron
41830,1181,Excitatory_Neuron
41831,1168,GABA_Neuron
41832,1183,Excitatory_Neuron
41833,1183,Excitatory_Neuron
41834,1167,Excitatory_Neuron
41835,1167,Excitatory_Neuron
41836,1167,Excitatory_Neuron
41837,1211,Excitatory_Neuron
41838,1169,Astro-Epen
41839,1176,Excitatory_Neuron
41840,1190,Excitatory_Neuron
41841,1192,Excitatory_Neuron
41842,1170,Excitatory_Neuron
41843,1170,Excitatory_Neuron
41844,1183,Excitatory_Neuron
41845,1192,Excitatory_Neuron
41846,1189,Excitatory_Neuron
41847,1189,Excitatory_Neuron
41848,1191,Excitatory_Neuron
41849,1168,GABA_Neuron
41850,1173,Excitatory_Neuron
41851,1170,Excitatory_Neuron
41852,1172,Excitatory_Neuron
41853,1224,unassigned
41854,1190,Excitatory_Neuron
41855,1191,Excitatory_Neuron
41856,1181,Excitatory_Neuron
41857,1208,Astro-Epen
41858,1185,GABA_Neuron
41859,1166,GABA_Neuron
41860,1167,Excitatory_Neuron
41861,1224,unassigned
41862,1183,Excitatory_Neuron
41863,1184,unassigned
41864,1185,GABA_Neuron
41865,1223,Astro-Epen
41866,1223,Astro-Epen
41867,1167,Excitatory_Neuron
41868,1217,Excitatory_Neuron
41869,1205,Excitatory_Neuron
41870,1190,Excitatory_Neuron
41871,1181,Excitatory_Neuron
41872,1183,Excitatory_Neuron
41873,1180,Excitatory_Neuron
41874,1211,Excitatory_Neuron
41875,1183,Excitatory_Neuron
41876,1184,unassigned
41877,1165,GABA_Neuron
41878,1166,GABA_Neuron
41879,1210,Astro-Epen
41880,1224,unassigned
41881,1225,unassigned
41882,1191,Excitatory_Neuron
41883,1208,Astro-Epen
41884,1212,Excitatory_Neuron
41885,1195,GABA_Neuron
41886,1180,Excitatory_Neuron
41887,1226,Excitatory_Neuron
41888,1166,GABA_Neuron
41889,1166,GABA_Neuron
41890,1210,Astro-Epen
41891,1170,Excitatory_Neuron
41892,1170,Excitatory_Neuron
41893,1170,Excitatory_Neuron
41894,1170,Excitatory_Neuron
41895,1173,Excitatory_Neuron
41896,1181,Excitatory_Neuron
41897,1212,Excitatory_Neuron
41898,1212,Excitatory_Neuron
41899,1192,Excitatory_Neuron
41900,1185,GABA_Neuron
41901,1211,Excitatory_Neuron
41902,1168,GABA_Neuron
41903,1211,Excitatory_Neuron
41904,1170,Excitatory_Neuron
41905,1170,Excitatory_Neuron
41906,1169,Astro-Epen
41907,1173,Excitatory_Neuron
41908,1189,Excitatory_Neuron
41909,1191,Excitatory_Neuron
41910,1181,Excitatory_Neuron
41911,1181,Excitatory_Neuron
41912,1208,Astro-Epen
41913,1180,Excitatory_Neuron
41914,1213,Astro-Epen
41915,1206,Astro-Epen
41916,1196,Immune
41917,1170,Excitatory_Neuron
41918,1178,Excitatory_Neuron
41919,1208,Astro-Epen
41920,1212,Excitatory_Neuron
41921,1212,Excitatory_Neuron
41922,1199,unassigned
41923,1165,GABA_Neuron
41924,1166,GABA_Neuron
41925,1169,Astro-Epen
41926,1176,Excitatory_Neuron
41927,1180,Excitatory_Neuron
41928,1167,Excitatory_Neuron
41929,1211,Excitatory_Neuron
41930,1210,Astro-Epen
41931,1169,Astro-Epen
41932,1178,Excitatory_Neuron
41933,1178,Excitatory_Neuron
41934,1177,unassigned
41935,1208,Astro-Epen
41936,1191,Excitatory_Neuron
41937,1212,Excitatory_Neuron
41938,1195,GABA_Neuron
41939,1227,unassigned
41940,1184,unassigned
41941,1185,GABA_Neuron
41942,1166,GABA_Neuron
41943,1167,Excitatory_Neuron
41944,1189,Excitatory_Neuron
41945,1183,Excitatory_Neuron
41946,1183,Excitatory_Neuron
41947,1180,Excitatory_Neuron
41948,1206,Astro-Epen
41949,1210,Astro-Epen
41950,1169,Astro-Epen
41951,1176,Excitatory_Neuron
41952,1191,Excitatory_Neuron
41953,1181,Excitatory_Neuron
41954,1180,Excitatory_Neuron
41955,1213,Astro-Epen
41956,1192,Excitatory_Neuron
41957,1196,Immune
41958,1206,Astro-Epen
41959,1165,GABA_Neuron
41960,1167,Excitatory_Neuron
41961,1211,Excitatory_Neuron
41962,1170,Excitatory_Neuron
41963,1176,Excitatory_Neuron
41964,1189,Excitatory_Neuron
41965,1189,Excitatory_Neuron
41966,1181,Excitatory_Neuron
41967,1212,Excitatory_Neuron
41968,1222,unassigned
41969,1211,Excitatory_Neuron
41970,1169,Astro-Epen
41971,1176,Excitatory_Neuron
41972,1221,unassigned
41973,1208,Astro-Epen
41974,1183,Excitatory_Neuron
41975,1199,unassigned
41976,1217,Excitatory_Neuron
41977,1170,Excitatory_Neuron
41978,1189,Excitatory_Neuron
41979,1228,unassigned
41980,1180,Excitatory_Neuron
41981,1213,Astro-Epen
41982,1196,Immune
41983,1206,Astro-Epen
41984,1185,GABA_Neuron
41985,1173,Excitatory_Neuron
41986,1172,Excitatory_Neuron
41987,1212,Excitatory_Neuron
41988,1195,GABA_Neuron
41989,1213,Astro-Epen
41990,1165,GABA_Neuron
41991,1185,GABA_Neuron
41992,1166,GABA_Neuron
41993,1210,Astro-Epen
41994,1170,Excitatory_Neuron
41995,1224,unassigned
41996,1221,unassigned
41997,1183,Excitatory_Neuron
41998,1212,Excitatory_Neuron
41999,1167,Excitatory_Neuron
42000,1210,Astro-Epen
42001,1228,unassigned
42002,1228,unassigned
42003,1190,Excitatory_Neuron
42004,1181,Excitatory_Neuron
42005,1223,Astro-Epen
42006,1217,Excitatory_Neuron
42007,1211,Excitatory_Neuron
42008,1169,Astro-Epen
42009,1169,Astro-Epen
42010,1170,Excitatory_Neuron
42011,1205,Excitatory_Neuron
42012,1189,Excitatory_Neuron
42013,1189,Excitatory_Neuron
42014,1189,Excitatory_Neuron
42015,1178,Excitatory_Neuron
42016,1212,Excitatory_Neuron
42017,1185,GABA_Neuron
42018,1217,Excitatory_Neuron
42019,1211,Excitatory_Neuron
42020,1170,Excitatory_Neuron
42021,1177,unassigned
42022,1191,Excitatory_Neuron
42023,1191,Excitatory_Neuron
42024,1212,Excitatory_Neuron
42025,1183,Excitatory_Neuron
42026,1212,Excitatory_Neuron
42027,1213,Astro-Epen
42028,1229,unassigned
42029,1222,unassigned
42030,1169,Astro-Epen
42031,1170,Excitatory_Neuron
42032,1169,Astro-Epen
42033,1205,Excitatory_Neuron
42034,1189,Excitatory_Neuron
42035,1183,Excitatory_Neuron
42036,1212,Excitatory_Neuron
42037,1213,Astro-Epen
42038,1185,GABA_Neuron
42039,1167,Excitatory_Neuron
42040,1166,GABA_Neuron
42041,1211,Excitatory_Neuron
42042,1176,Excitatory_Neuron
42043,1190,Excitatory_Neuron
42044,1212,Excitatory_Neuron
42045,1199,unassigned
42046,1169,Astro-Epen
42047,1176,Excitatory_Neuron
42048,1228,unassigned
42049,1221,unassigned
42050,1181,Excitatory_Neuron
42051,1183,Excitatory_Neuron
42052,1212,Excitatory_Neuron
42053,1184,unassigned
42054,1190,Excitatory_Neuron
42055,1191,Excitatory_Neuron
42056,1181,Excitatory_Neuron
42057,1212,Excitatory_Neuron
42058,1229,unassigned
42059,1229,unassigned
42060,1211,Excitatory_Neuron
42061,1210,Astro-Epen
42062,1211,Excitatory_Neuron
42063,1170,Excitatory_Neuron
42064,1224,unassigned
42065,1191,Excitatory_Neuron
42066,1183,Excitatory_Neuron
42067,1183,Excitatory_Neuron
42068,1192,Excitatory_Neuron
42069,1229,unassigned
42070,1167,Excitatory_Neuron
42071,1170,Excitatory_Neuron
42072,1228,unassigned
42073,1212,Excitatory_Neuron
42074,1180,Excitatory_Neuron
42075,1167,Excitatory_Neuron
42076,1224,unassigned
42077,1191,Excitatory_Neuron
42078,1190,Excitatory_Neuron
42079,1195,GABA_Neuron
42080,1212,Excitatory_Neuron
42081,1180,Excitatory_Neuron
42082,1212,Excitatory_Neuron
42083,1170,Excitatory_Neuron
42084,1189,Excitatory_Neuron
42085,1183,Excitatory_Neuron
42086,1183,Excitatory_Neuron
42087,1165,GABA_Neuron
42088,1166,GABA_Neuron
42089,1168,GABA_Neuron
42090,1211,Excitatory_Neuron
42091,1170,Excitatory_Neuron
42092,1225,unassigned
42093,1191,Excitatory_Neuron
42094,1181,Excitatory_Neuron
42095,1208,Astro-Epen
42096,1229,unassigned
42097,1223,Astro-Epen
42098,1166,GABA_Neuron
42099,1168,GABA_Neuron
42100,1170,Excitatory_Neuron
42101,1170,Excitatory_Neuron
42102,1170,Excitatory_Neuron
42103,1178,Excitatory_Neuron
42104,1208,Astro-Epen
42105,1195,GABA_Neuron
42106,1192,Excitatory_Neuron
42107,1211,Excitatory_Neuron
42108,1211,Excitatory_Neuron
42109,1172,Excitatory_Neuron
42110,1172,Excitatory_Neuron
42111,1178,Excitatory_Neuron
42112,1230,unassigned
42113,1225,unassigned
42114,1191,Excitatory_Neuron
42115,1181,Excitatory_Neuron
42116,1183,Excitatory_Neuron
42117,1191,Excitatory_Neuron
42118,1212,Excitatory_Neuron
42119,1229,unassigned
42120,1206,Astro-Epen
42121,1167,Excitatory_Neuron
42122,1223,Astro-Epen
42123,1167,Excitatory_Neuron
42124,1217,Excitatory_Neuron
42125,1169,Astro-Epen
42126,1172,Excitatory_Neuron
42127,1189,Excitatory_Neuron
42128,1180,Excitatory_Neuron
42129,1195,GABA_Neuron
42130,1212,Excitatory_Neuron
42131,1170,Excitatory_Neuron
42132,1169,Astro-Epen
42133,1176,Excitatory_Neuron
42134,1189,Excitatory_Neuron
42135,1191,Excitatory_Neuron
42136,1208,Astro-Epen
42137,1183,Excitatory_Neuron
42138,1212,Excitatory_Neuron
42139,1229,unassigned
42140,1192,Excitatory_Neuron
42141,1166,GABA_Neuron
42142,1167,Excitatory_Neuron
42143,1168,GABA_Neuron
42144,1211,Excitatory_Neuron
42145,1210,Astro-Epen
42146,1170,Excitatory_Neuron
42147,1170,Excitatory_Neuron
42148,1170,Excitatory_Neuron
42149,1172,Excitatory_Neuron
42150,1170,Excitatory_Neuron
42151,1173,Excitatory_Neuron
42152,1172,Excitatory_Neuron
42153,1228,unassigned
42154,1191,Excitatory_Neuron
42155,1183,Excitatory_Neuron
42156,1183,Excitatory_Neuron
42157,1180,Excitatory_Neuron
42158,1192,Excitatory_Neuron
42159,1211,Excitatory_Neuron
42160,1205,Excitatory_Neuron
42161,1213,Astro-Epen
42162,1227,unassigned
42163,1167,Excitatory_Neuron
42164,1167,Excitatory_Neuron
42165,1167,Excitatory_Neuron
42166,1167,Excitatory_Neuron
42167,1168,GABA_Neuron
42168,1170,Excitatory_Neuron
42169,1169,Astro-Epen
42170,1178,Excitatory_Neuron
42171,1178,Excitatory_Neuron
42172,1191,Excitatory_Neuron
42173,1183,Excitatory_Neuron
42174,1183,Excitatory_Neuron
42175,1212,Excitatory_Neuron
42176,1212,Excitatory_Neuron
42177,1212,Excitatory_Neuron
42178,1177,unassigned
42179,1184,unassigned
42180,1206,Astro-Epen
42181,1223,Astro-Epen
42182,1223,Astro-Epen
42183,1167,Excitatory_Neuron
42184,1170,Excitatory_Neuron
42185,1169,Astro-Epen
42186,1172,Excitatory_Neuron
42187,1181,Excitatory_Neuron
42188,1191,Excitatory_Neuron
42189,1208,Astro-Epen
42190,1191,Excitatory_Neuron
42191,1191,Excitatory_Neuron
42192,1191,Excitatory_Neuron
42193,1195,GABA_Neuron
42194,1227,unassigned
42195,1192,Excitatory_Neuron
42196,1165,GABA_Neuron
42197,1166,GABA_Neuron
42198,1211,Excitatory_Neuron
42199,1211,Excitatory_Neuron
42200,1170,Excitatory_Neuron
42201,1170,Excitatory_Neuron
42202,1212,Excitatory_Neuron
42203,1212,Excitatory_Neuron
42204,1195,GABA_Neuron
42205,1180,Excitatory_Neuron
42206,1223,Astro-Epen
42207,1167,Excitatory_Neuron
42208,1211,Excitatory_Neuron
42209,1218,Excitatory_Neuron
42210,1170,Excitatory_Neuron
42211,1172,Excitatory_Neuron
42212,1170,Excitatory_Neuron
42213,1172,Excitatory_Neuron
42214,1181,Excitatory_Neuron
42215,1183,Excitatory_Neuron
42216,1181,Excitatory_Neuron
42217,1191,Excitatory_Neuron
42218,1212,Excitatory_Neuron
42219,1178,Excitatory_Neuron
42220,1178,Excitatory_Neuron
42221,1224,unassigned
42222,1176,Excitatory_Neuron
42223,1190,Excitatory_Neuron
42224,1178,Excitatory_Neuron
42225,1195,GABA_Neuron
42226,1180,Excitatory_Neuron
42227,1192,Excitatory_Neuron
42228,1213,Astro-Epen
42229,1213,Astro-Epen
42230,1196,Immune
42231,1165,GABA_Neuron
42232,1211,Excitatory_Neuron
42233,1217,Excitatory_Neuron
42234,1169,Astro-Epen
42235,1178,Excitatory_Neuron
42236,1178,Excitatory_Neuron
42237,1178,Excitatory_Neuron
42238,1183,Excitatory_Neuron
42239,1181,Excitatory_Neuron
42240,1183,Excitatory_Neuron
42241,1213,Astro-Epen
42242,1227,unassigned
42243,1184,unassigned
42244,1206,Astro-Epen
42245,1165,GABA_Neuron
42246,1170,Excitatory_Neuron
42247,1169,Astro-Epen
42248,1208,Astro-Epen
42249,1208,Astro-Epen
42250,1181,Excitatory_Neuron
42251,1212,Excitatory_Neuron
42252,1212,Excitatory_Neuron
42253,1192,Excitatory_Neuron
42254,1180,Excitatory_Neuron
42255,1229,unassigned
42256,1206,Astro-Epen
42257,1170,Excitatory_Neuron
42258,1218,Excitatory_Neuron
42259,1170,Excitatory_Neuron
42260,1172,Excitatory_Neuron
42261,1170,Excitatory_Neuron
42262,1178,Excitatory_Neuron
42263,1191,Excitatory_Neuron
42264,1208,Astro-Epen
42265,1212,Excitatory_Neuron
42266,1183,Excitatory_Neuron
42267,1227,unassigned
42268,1213,Astro-Epen
42269,1192,Excitatory_Neuron
42270,1165,GABA_Neuron
42271,1217,Excitatory_Neuron
42272,1229,unassigned
42273,1185,GABA_Neuron
42274,1226,Excitatory_Neuron
42275,1177,unassigned
42276,1176,Excitatory_Neuron
42277,1176,Excitatory_Neuron
42278,1178,Excitatory_Neuron
42279,1208,Astro-Epen
42280,1208,Astro-Epen
42281,1212,Excitatory_Neuron
42282,1183,Excitatory_Neuron
42283,1231,Immune
42284,1167,Excitatory_Neuron
42285,1217,Excitatory_Neuron
42286,1170,Excitatory_Neuron
42287,1183,Excitatory_Neuron
42288,1208,Astro-Epen
42289,1183,Excitatory_Neuron
42290,1227,unassigned
42291,1213,Astro-Epen
42292,1226,Excitatory_Neuron
42293,1223,Astro-Epen
42294,1167,Excitatory_Neuron
42295,1168,GABA_Neuron
42296,1210,Astro-Epen
42297,1176,Excitatory_Neuron
42298,1208,Astro-Epen
42299,1195,GABA_Neuron
42300,1167,Excitatory_Neuron
42301,1170,Excitatory_Neuron
42302,1178,Excitatory_Neuron
42303,1181,Excitatory_Neuron
42304,1183,Excitatory_Neuron
42305,1183,Excitatory_Neuron
42306,1212,Excitatory_Neuron
42307,1212,Excitatory_Neuron
42308,1212,Excitatory_Neuron
42309,1213,Astro-Epen
42310,1199,unassigned
42311,1218,Excitatory_Neuron
42312,1170,Excitatory_Neuron
42313,1176,Excitatory_Neuron
42314,1190,Excitatory_Neuron
42315,1208,Astro-Epen
42316,1226,Excitatory_Neuron
42317,1167,Excitatory_Neuron
42318,1167,Excitatory_Neuron
42319,1218,Excitatory_Neuron
42320,1170,Excitatory_Neuron
42321,1178,Excitatory_Neuron
42322,1228,unassigned
42323,1191,Excitatory_Neuron
42324,1167,Excitatory_Neuron
42325,1226,Excitatory_Neuron
42326,1166,GABA_Neuron
42327,1169,Astro-Epen
42328,1217,Excitatory_Neuron
42329,1176,Excitatory_Neuron
42330,1176,Excitatory_Neuron
42331,1178,Excitatory_Neuron
42332,1225,unassigned
42333,1212,Excitatory_Neuron
42334,1213,Astro-Epen
42335,1206,Astro-Epen
42336,1185,GABA_Neuron
42337,1185,GABA_Neuron
42338,1210,Astro-Epen
42339,1170,Excitatory_Neuron
42340,1178,Excitatory_Neuron
42341,1224,unassigned
42342,1224,unassigned
42343,1190,Excitatory_Neuron
42344,1208,Astro-Epen
42345,1208,Astro-Epen
42346,1167,Excitatory_Neuron
42347,1217,Excitatory_Neuron
42348,1217,Excitatory_Neuron
42349,1170,Excitatory_Neuron
42350,1189,Excitatory_Neuron
42351,1225,unassigned
42352,1225,unassigned
42353,1213,Astro-Epen
42354,1199,unassigned
42355,1206,Astro-Epen
42356,1206,Astro-Epen
42357,1211,Excitatory_Neuron
42358,1170,Excitatory_Neuron
42359,1170,Excitatory_Neuron
42360,1169,Astro-Epen
42361,1190,Excitatory_Neuron
42362,1225,unassigned
42363,1227,unassigned
42364,1229,unassigned
42365,1196,Immune
42366,1223,Astro-Epen
42367,1211,Excitatory_Neuron
42368,1176,Excitatory_Neuron
42369,1208,Astro-Epen
42370,1227,unassigned
42371,1227,unassigned
42372,1184,unassigned
42373,1166,GABA_Neuron
42374,1167,Excitatory_Neuron
42375,1170,Excitatory_Neuron
42376,1176,Excitatory_Neuron
42377,1178,Excitatory_Neuron
42378,1178,Excitatory_Neuron
42379,1224,unassigned
42380,1176,Excitatory_Neuron
42381,1208,Astro-Epen
42382,1232,Immune
42383,1211,Excitatory_Neuron
42384,1178,Excitatory_Neuron
42385,1189,Excitatory_Neuron
42386,1183,Excitatory_Neuron
42387,1167,Excitatory_Neuron
42388,1211,Excitatory_Neuron
42389,1170,Excitatory_Neuron
42390,1211,Excitatory_Neuron
42391,1178,Excitatory_Neuron
42392,1183,Excitatory_Neuron
42393,1212,Excitatory_Neuron
42394,1213,Astro-Epen
42395,1233,unassigned
42396,1210,Astro-Epen
42397,1210,Astro-Epen
42398,1178,Excitatory_Neuron
42399,1176,Excitatory_Neuron
42400,1181,Excitatory_Neuron
42401,1181,Excitatory_Neuron
42402,1185,GABA_Neuron
42403,1217,Excitatory_Neuron
42404,1217,Excitatory_Neuron
42405,1224,unassigned
42406,1176,Excitatory_Neuron
42407,1178,Excitatory_Neuron
42408,1183,Excitatory_Neuron
42409,1196,Immune
42410,1226,Excitatory_Neuron
42411,1185,GABA_Neuron
42412,1217,Excitatory_Neuron
42413,1217,Excitatory_Neuron
42414,1217,Excitatory_Neuron
42415,1234,Excitatory_Neuron
42416,1189,Excitatory_Neuron
42417,1178,Excitatory_Neuron
42418,1225,unassigned
42419,1208,Astro-Epen
42420,1181,Excitatory_Neuron
42421,1183,Excitatory_Neuron
42422,1183,Excitatory_Neuron
42423,1183,Excitatory_Neuron
42424,1183,Excitatory_Neuron
42425,1213,Astro-Epen
42426,1226,Excitatory_Neuron
42427,1167,Excitatory_Neuron
42428,1210,Astro-Epen
42429,1172,Excitatory_Neuron
42430,1205,Excitatory_Neuron
42431,1189,Excitatory_Neuron
42432,1178,Excitatory_Neuron
42433,1224,unassigned
42434,1221,unassigned
42435,1225,unassigned
42436,1223,Astro-Epen
42437,1168,GABA_Neuron
42438,1211,Excitatory_Neuron
42439,1170,Excitatory_Neuron
42440,1235,Excitatory_Neuron
42441,1191,Excitatory_Neuron
42442,1183,Excitatory_Neuron
42443,1183,Excitatory_Neuron
42444,1212,Excitatory_Neuron
42445,1183,Excitatory_Neuron
42446,1232,Immune
42447,1227,unassigned
42448,1165,GABA_Neuron
42449,1167,Excitatory_Neuron
42450,1226,Excitatory_Neuron
42451,1211,Excitatory_Neuron
42452,1170,Excitatory_Neuron
42453,1205,Excitatory_Neuron
42454,1172,Excitatory_Neuron
42455,1178,Excitatory_Neuron
42456,1181,Excitatory_Neuron
42457,1213,Astro-Epen
42458,1196,Immune
42459,1185,GABA_Neuron
42460,1226,Excitatory_Neuron
42461,1166,GABA_Neuron
42462,1170,Excitatory_Neuron
42463,1235,Excitatory_Neuron
42464,1228,unassigned
42465,1190,Excitatory_Neuron
42466,1181,Excitatory_Neuron
42467,1191,Excitatory_Neuron
42468,1195,GABA_Neuron
42469,1195,GABA_Neuron
42470,1210,Astro-Epen
42471,1218,Excitatory_Neuron
42472,1205,Excitatory_Neuron
42473,1189,Excitatory_Neuron
42474,1183,Excitatory_Neuron
42475,1183,Excitatory_Neuron
42476,1212,Excitatory_Neuron
42477,1233,unassigned
42478,1226,Excitatory_Neuron
42479,1210,Astro-Epen
42480,1210,Astro-Epen
42481,1211,Excitatory_Neuron
42482,1189,Excitatory_Neuron
42483,1176,Excitatory_Neuron
42484,1176,Excitatory_Neuron
42485,1178,Excitatory_Neuron
42486,1183,Excitatory_Neuron
42487,1183,Excitatory_Neuron
42488,1213,Astro-Epen
42489,1232,Immune
42490,1223,Astro-Epen
42491,1211,Excitatory_Neuron
42492,1205,Excitatory_Neuron
42493,1178,Excitatory_Neuron
42494,1190,Excitatory_Neuron
42495,1178,Excitatory_Neuron
42496,1195,GABA_Neuron
42497,1195,GABA_Neuron
42498,1195,GABA_Neuron
42499,1167,Excitatory_Neuron
42500,1170,Excitatory_Neuron
42501,1177,unassigned
42502,1178,Excitatory_Neuron
42503,1181,Excitatory_Neuron
42504,1183,Excitatory_Neuron
42505,1183,Excitatory_Neuron
42506,1183,Excitatory_Neuron
42507,1232,Immune
42508,1232,Immune
42509,1232,Immune
42510,1184,unassigned
42511,1166,GABA_Neuron
42512,1167,Excitatory_Neuron
42513,1210,Astro-Epen
42514,1205,Excitatory_Neuron
42515,1178,Excitatory_Neuron
42516,1232,Immune
42517,1233,unassigned
42518,1211,Excitatory_Neuron
42519,1217,Excitatory_Neuron
42520,1234,Excitatory_Neuron
42521,1230,unassigned
42522,1183,Excitatory_Neuron
42523,1236,unassigned
42524,1167,Excitatory_Neuron
42525,1170,Excitatory_Neuron
42526,1228,unassigned
42527,1189,Excitatory_Neuron
42528,1181,Excitatory_Neuron
42529,1181,Excitatory_Neuron
42530,1191,Excitatory_Neuron
42531,1183,Excitatory_Neuron
42532,1192,Excitatory_Neuron
42533,1231,Immune
42534,1217,Excitatory_Neuron
42535,1217,Excitatory_Neuron
42536,1170,Excitatory_Neuron
42537,1170,Excitatory_Neuron
42538,1170,Excitatory_Neuron
42539,1205,Excitatory_Neuron
42540,1235,Excitatory_Neuron
42541,1189,Excitatory_Neuron
42542,1177,unassigned
42543,1206,Astro-Epen
42544,1233,unassigned
42545,1170,Excitatory_Neuron
42546,1234,Excitatory_Neuron
42547,1205,Excitatory_Neuron
42548,1205,Excitatory_Neuron
42549,1235,Excitatory_Neuron
42550,1228,unassigned
42551,1189,Excitatory_Neuron
42552,1178,Excitatory_Neuron
42553,1232,Immune
42554,1237,unassigned
42555,1167,Excitatory_Neuron
42556,1170,Excitatory_Neuron
42557,1170,Excitatory_Neuron
42558,1224,unassigned
42559,1178,Excitatory_Neuron
42560,1183,Excitatory_Neuron
42561,1183,Excitatory_Neuron
42562,1165,GABA_Neuron
42563,1223,Astro-Epen
42564,1170,Excitatory_Neuron
42565,1218,Excitatory_Neuron
42566,1172,Excitatory_Neuron
42567,1189,Excitatory_Neuron
42568,1225,unassigned
42569,1191,Excitatory_Neuron
42570,1183,Excitatory_Neuron
42571,1229,unassigned
42572,1222,unassigned
42573,1210,Astro-Epen
42574,1172,Excitatory_Neuron
42575,1176,Excitatory_Neuron
42576,1224,unassigned
42577,1178,Excitatory_Neuron
42578,1183,Excitatory_Neuron
42579,1181,Excitatory_Neuron
42580,1180,Excitatory_Neuron
42581,1222,unassigned
42582,1167,Excitatory_Neuron
42583,1167,Excitatory_Neuron
42584,1167,Excitatory_Neuron
42585,1210,Astro-Epen
42586,1170,Excitatory_Neuron
42587,1205,Excitatory_Neuron
42588,1228,unassigned
42589,1178,Excitatory_Neuron
42590,1181,Excitatory_Neuron
42591,1191,Excitatory_Neuron
42592,1208,Astro-Epen
42593,1229,unassigned
42594,1184,unassigned
42595,1196,Immune
42596,1170,Excitatory_Neuron
42597,1170,Excitatory_Neuron
42598,1234,Excitatory_Neuron
42599,1234,Excitatory_Neuron
42600,1170,Excitatory_Neuron
42601,1177,unassigned
42602,1205,Excitatory_Neuron
42603,1205,Excitatory_Neuron
42604,1224,unassigned
42605,1183,Excitatory_Neuron
42606,1213,Astro-Epen
42607,1222,unassigned
42608,1170,Excitatory_Neuron
42609,1235,Excitatory_Neuron
42610,1189,Excitatory_Neuron
42611,1178,Excitatory_Neuron
42612,1189,Excitatory_Neuron
42613,1224,unassigned
42614,1191,Excitatory_Neuron
42615,1208,Astro-Epen
42616,1167,Excitatory_Neuron
42617,1233,unassigned
42618,1210,Astro-Epen
42619,1218,Excitatory_Neuron
42620,1170,Excitatory_Neuron
42621,1224,unassigned
42622,1224,unassigned
42623,1228,unassigned
42624,1228,unassigned
42625,1183,Excitatory_Neuron
42626,1212,Excitatory_Neuron
42627,1213,Astro-Epen
42628,1227,unassigned
42629,1167,Excitatory_Neuron
42630,1167,Excitatory_Neuron
42631,1167,Excitatory_Neuron
42632,1217,Excitatory_Neuron
42633,1170,Excitatory_Neuron
42634,1170,Excitatory_Neuron
42635,1170,Excitatory_Neuron
42636,1205,Excitatory_Neuron
42637,1228,unassigned
42638,1189,Excitatory_Neuron
42639,1178,Excitatory_Neuron
42640,1181,Excitatory_Neuron
42641,1177,unassigned
42642,1199,unassigned
42643,1238,unassigned
42644,1166,GABA_Neuron
42645,1170,Excitatory_Neuron
42646,1170,Excitatory_Neuron
42647,1183,Excitatory_Neuron
42648,1167,Excitatory_Neuron
42649,1223,Astro-Epen
42650,1223,Astro-Epen
42651,1170,Excitatory_Neuron
42652,1234,Excitatory_Neuron
42653,1176,Excitatory_Neuron
42654,1178,Excitatory_Neuron
42655,1178,Excitatory_Neuron
42656,1183,Excitatory_Neuron
42657,1208,Astro-Epen
42658,1183,Excitatory_Neuron
42659,1184,unassigned
42660,1211,Excitatory_Neuron
42661,1177,unassigned
42662,1170,Excitatory_Neuron
42663,1235,Excitatory_Neuron
42664,1228,unassigned
42665,1230,unassigned
42666,1232,Immune
42667,1167,Excitatory_Neuron
42668,1167,Excitatory_Neuron
42669,1210,Astro-Epen
42670,1211,Excitatory_Neuron
42671,1176,Excitatory_Neuron
42672,1235,Excitatory_Neuron
42673,1181,Excitatory_Neuron
42674,1181,Excitatory_Neuron
42675,1183,Excitatory_Neuron
42676,1181,Excitatory_Neuron
42677,1181,Excitatory_Neuron
42678,1226,Excitatory_Neuron
42679,1167,Excitatory_Neuron
42680,1228,unassigned
42681,1178,Excitatory_Neuron
42682,1167,Excitatory_Neuron
42683,1226,Excitatory_Neuron
42684,1167,Excitatory_Neuron
42685,1167,Excitatory_Neuron
42686,1211,Excitatory_Neuron
42687,1176,Excitatory_Neuron
42688,1189,Excitatory_Neuron
42689,1228,unassigned
42690,1190,Excitatory_Neuron
42691,1191,Excitatory_Neuron
42692,1208,Astro-Epen
42693,1183,Excitatory_Neuron
42694,1229,unassigned
42695,1222,unassigned
42696,1206,Astro-Epen
42697,1166,GABA_Neuron
42698,1223,Astro-Epen
42699,1217,Excitatory_Neuron
42700,1170,Excitatory_Neuron
42701,1228,unassigned
42702,1228,unassigned
42703,1230,unassigned
42704,1183,Excitatory_Neuron
42705,1213,Astro-Epen
42706,1232,Immune
42707,1167,Excitatory_Neuron
42708,1176,Excitatory_Neuron
42709,1235,Excitatory_Neuron
42710,1178,Excitatory_Neuron
42711,1229,unassigned
42712,1226,Excitatory_Neuron
42713,1196,Immune
42714,1166,GABA_Neuron
42715,1211,Excitatory_Neuron
42716,1170,Excitatory_Neuron
42717,1170,Excitatory_Neuron
42718,1167,Excitatory_Neuron
42719,1223,Astro-Epen
42720,1223,Astro-Epen
42721,1211,Excitatory_Neuron
42722,1217,Excitatory_Neuron
42723,1211,Excitatory_Neuron
42724,1239,unassigned
42725,1178,Excitatory_Neuron
42726,1230,unassigned
42727,1212,Excitatory_Neuron
42728,1213,Astro-Epen
42729,1206,Astro-Epen
42730,1223,Astro-Epen
42731,1217,Excitatory_Neuron
42732,1170,Excitatory_Neuron
42733,1170,Excitatory_Neuron
42734,1191,Excitatory_Neuron
42735,1183,Excitatory_Neuron
42736,1213,Astro-Epen
42737,1213,Astro-Epen
42738,1170,Excitatory_Neuron
42739,1177,unassigned
42740,1176,Excitatory_Neuron
42741,1228,unassigned
42742,1178,Excitatory_Neuron
42743,1191,Excitatory_Neuron
42744,1208,Astro-Epen
42745,1208,Astro-Epen
42746,1183,Excitatory_Neuron
42747,1181,Excitatory_Neuron
42748,1208,Astro-Epen
42749,1170,Excitatory_Neuron
42750,1211,Excitatory_Neuron
42751,1170,Excitatory_Neuron
42752,1176,Excitatory_Neuron
42753,1212,Excitatory_Neuron
42754,1240,Excitatory_Neuron
42755,1196,Immune
42756,1226,Excitatory_Neuron
42757,1226,Excitatory_Neuron
42758,1178,Excitatory_Neuron
42759,1230,unassigned
42760,1211,Excitatory_Neuron
42761,1177,unassigned
42762,1176,Excitatory_Neuron
42763,1176,Excitatory_Neuron
42764,1181,Excitatory_Neuron
42765,1183,Excitatory_Neuron
42766,1183,Excitatory_Neuron
42767,1208,Astro-Epen
42768,1208,Astro-Epen
42769,1177,unassigned
42770,1226,Excitatory_Neuron
42771,1167,Excitatory_Neuron
42772,1217,Excitatory_Neuron
42773,1178,Excitatory_Neuron
42774,1230,unassigned
42775,1183,Excitatory_Neuron
42776,1183,Excitatory_Neuron
42777,1232,Immune
42778,1227,unassigned
42779,1236,unassigned
42780,1206,Astro-Epen
42781,1226,Excitatory_Neuron
42782,1217,Excitatory_Neuron
42783,1176,Excitatory_Neuron
42784,1176,Excitatory_Neuron
42785,1178,Excitatory_Neuron
42786,1190,Excitatory_Neuron
42787,1181,Excitatory_Neuron
42788,1178,Excitatory_Neuron
42789,1213,Astro-Epen
42790,1226,Excitatory_Neuron
42791,1226,Excitatory_Neuron
42792,1233,unassigned
42793,1233,unassigned
42794,1170,Excitatory_Neuron
42795,1235,Excitatory_Neuron
42796,1177,unassigned
42797,1235,Excitatory_Neuron
42798,1183,Excitatory_Neuron
42799,1208,Astro-Epen
42800,1227,unassigned
42801,1223,Astro-Epen
42802,1166,GABA_Neuron
42803,1170,Excitatory_Neuron
42804,1178,Excitatory_Neuron
42805,1235,Excitatory_Neuron
42806,1190,Excitatory_Neuron
42807,1241,Excitatory_Neuron
42808,1183,Excitatory_Neuron
42809,1212,Excitatory_Neuron
42810,1226,Excitatory_Neuron
42811,1230,unassigned
42812,1178,Excitatory_Neuron
42813,1181,Excitatory_Neuron
42814,1240,Excitatory_Neuron
42815,1223,Astro-Epen
42816,1166,GABA_Neuron
42817,1170,Excitatory_Neuron
42818,1176,Excitatory_Neuron
42819,1178,Excitatory_Neuron
42820,1208,Astro-Epen
42821,1208,Astro-Epen
42822,1167,Excitatory_Neuron
42823,1210,Astro-Epen
42824,1234,Excitatory_Neuron
42825,1170,Excitatory_Neuron
42826,1228,unassigned
42827,1228,unassigned
42828,1181,Excitatory_Neuron
42829,1208,Astro-Epen
42830,1229,unassigned
42831,1236,unassigned
42832,1236,unassigned
42833,1236,unassigned
42834,1227,unassigned
42835,1227,unassigned
42836,1233,unassigned
42837,1211,Excitatory_Neuron
42838,1224,unassigned
42839,1176,Excitatory_Neuron
42840,1227,unassigned
42841,1229,unassigned
42842,1178,Excitatory_Neuron
42843,1183,Excitatory_Neuron
42844,1192,Excitatory_Neuron
42845,1206,Astro-Epen
42846,1233,unassigned
42847,1170,Excitatory_Neuron
42848,1170,Excitatory_Neuron
42849,1178,Excitatory_Neuron
42850,1176,Excitatory_Neuron
42851,1208,Astro-Epen
42852,1208,Astro-Epen
42853,1232,Immune
42854,1232,Immune
42855,1212,Excitatory_Neuron
42856,1236,unassigned
42857,1177,unassigned
42858,1222,unassigned
42859,1223,Astro-Epen
42860,1167,Excitatory_Neuron
42861,1211,Excitatory_Neuron
42862,1218,Excitatory_Neuron
42863,1205,Excitatory_Neuron
42864,1170,Excitatory_Neuron
42865,1176,Excitatory_Neuron
42866,1190,Excitatory_Neuron
42867,1181,Excitatory_Neuron
42868,1213,Astro-Epen
42869,1229,unassigned
42870,1222,unassigned
42871,1222,unassigned
42872,1226,Excitatory_Neuron
42873,1211,Excitatory_Neuron
42874,1235,Excitatory_Neuron
42875,1189,Excitatory_Neuron
42876,1176,Excitatory_Neuron
42877,1241,Excitatory_Neuron
42878,1208,Astro-Epen
42879,1229,unassigned
42880,1223,Astro-Epen
42881,1210,Astro-Epen
42882,1234,Excitatory_Neuron
42883,1236,unassigned
42884,1166,GABA_Neuron
42885,1167,Excitatory_Neuron
42886,1211,Excitatory_Neuron
42887,1217,Excitatory_Neuron
42888,1234,Excitatory_Neuron
42889,1235,Excitatory_Neuron
42890,1235,Excitatory_Neuron
42891,1178,Excitatory_Neuron
42892,1178,Excitatory_Neuron
42893,1225,unassigned
42894,1190,Excitatory_Neuron
42895,1232,Immune
42896,1222,unassigned
42897,1167,Excitatory_Neuron
42898,1223,Astro-Epen
42899,1167,Excitatory_Neuron
42900,1210,Astro-Epen
42901,1211,Excitatory_Neuron
42902,1211,Excitatory_Neuron
42903,1170,Excitatory_Neuron
42904,1235,Excitatory_Neuron
42905,1235,Excitatory_Neuron
42906,1176,Excitatory_Neuron
42907,1190,Excitatory_Neuron
42908,1183,Excitatory_Neuron
42909,1232,Immune
42910,1196,Immune
42911,1167,Excitatory_Neuron
42912,1167,Excitatory_Neuron
42913,1211,Excitatory_Neuron
42914,1176,Excitatory_Neuron
42915,1176,Excitatory_Neuron
42916,1230,unassigned
42917,1181,Excitatory_Neuron
42918,1208,Astro-Epen
42919,1208,Astro-Epen
42920,1232,Immune
42921,1236,unassigned
42922,1236,unassigned
42923,1196,Immune
42924,1196,Immune
42925,1226,Excitatory_Neuron
42926,1226,Excitatory_Neuron
42927,1226,Excitatory_Neuron
42928,1223,Astro-Epen
42929,1234,Excitatory_Neuron
42930,1218,Excitatory_Neuron
42931,1176,Excitatory_Neuron
42932,1178,Excitatory_Neuron
42933,1242,Immune
42934,1208,Astro-Epen
42935,1212,Excitatory_Neuron
42936,1212,Excitatory_Neuron
42937,1177,unassigned
42938,1243,unassigned
42939,1211,Excitatory_Neuron
42940,1235,Excitatory_Neuron
42941,1176,Excitatory_Neuron
42942,1189,Excitatory_Neuron
42943,1208,Astro-Epen
42944,1242,Immune
42945,1213,Astro-Epen
42946,1222,unassigned
42947,1196,Immune
42948,1166,GABA_Neuron
42949,1167,Excitatory_Neuron
42950,1170,Excitatory_Neuron
42951,1177,unassigned
42952,1176,Excitatory_Neuron
42953,1176,Excitatory_Neuron
42954,1230,unassigned
42955,1183,Excitatory_Neuron
42956,1181,Excitatory_Neuron
42957,1212,Excitatory_Neuron
42958,1240,Excitatory_Neuron
42959,1196,Immune
42960,1226,Excitatory_Neuron
42961,1223,Astro-Epen
42962,1166,GABA_Neuron
42963,1170,Excitatory_Neuron
42964,1191,Excitatory_Neuron
42965,1183,Excitatory_Neuron
42966,1208,Astro-Epen
42967,1212,Excitatory_Neuron
42968,1212,Excitatory_Neuron
42969,1213,Astro-Epen
42970,1222,unassigned
42971,1206,Astro-Epen
42972,1178,Excitatory_Neuron
42973,1178,Excitatory_Neuron
42974,1190,Excitatory_Neuron
42975,1190,Excitatory_Neuron
42976,1183,Excitatory_Neuron
42977,1191,Excitatory_Neuron
42978,1236,unassigned
42979,1222,unassigned
42980,1206,Astro-Epen
42981,1170,Excitatory_Neuron
42982,1235,Excitatory_Neuron
42983,1189,Excitatory_Neuron
42984,1191,Excitatory_Neuron
42985,1183,Excitatory_Neuron
42986,1212,Excitatory_Neuron
42987,1212,Excitatory_Neuron
42988,1240,Excitatory_Neuron
42989,1229,unassigned
42990,1177,unassigned
42991,1232,Immune
42992,1227,unassigned
42993,1236,unassigned
42994,1210,Astro-Epen
42995,1170,Excitatory_Neuron
42996,1178,Excitatory_Neuron
42997,1176,Excitatory_Neuron
42998,1178,Excitatory_Neuron
42999,1183,Excitatory_Neuron
43000,1181,Excitatory_Neuron
43001,1212,Excitatory_Neuron
43002,1196,Immune
43003,1226,Excitatory_Neuron
43004,1226,Excitatory_Neuron
43005,1170,Excitatory_Neuron
43006,1170,Excitatory_Neuron
43007,1235,Excitatory_Neuron
43008,1224,unassigned
43009,1225,unassigned
43010,1241,Excitatory_Neuron
43011,1191,Excitatory_Neuron
43012,1208,Astro-Epen
43013,1232,Immune
43014,1243,unassigned
43015,1196,Immune
43016,1226,Excitatory_Neuron
43017,1211,Excitatory_Neuron
43018,1235,Excitatory_Neuron
43019,1235,Excitatory_Neuron
43020,1189,Excitatory_Neuron
43021,1230,unassigned
43022,1190,Excitatory_Neuron
43023,1183,Excitatory_Neuron
43024,1212,Excitatory_Neuron
43025,1242,Immune
43026,1212,Excitatory_Neuron
43027,1240,Excitatory_Neuron
43028,1213,Astro-Epen
43029,1232,Immune
43030,1196,Immune
43031,1196,Immune
43032,1166,GABA_Neuron
43033,1211,Excitatory_Neuron
43034,1244,unassigned
43035,1234,Excitatory_Neuron
43036,1234,Excitatory_Neuron
43037,1235,Excitatory_Neuron
43038,1225,unassigned
43039,1178,Excitatory_Neuron
43040,1191,Excitatory_Neuron
43041,1181,Excitatory_Neuron
43042,1242,Immune
43043,1208,Astro-Epen
43044,1210,Astro-Epen
43045,1211,Excitatory_Neuron
43046,1178,Excitatory_Neuron
43047,1176,Excitatory_Neuron
43048,1178,Excitatory_Neuron
43049,1176,Excitatory_Neuron
43050,1190,Excitatory_Neuron
43051,1191,Excitatory_Neuron
43052,1241,Excitatory_Neuron
43053,1181,Excitatory_Neuron
43054,1181,Excitatory_Neuron
43055,1183,Excitatory_Neuron
43056,1213,Astro-Epen
43057,1213,Astro-Epen
43058,1222,unassigned
43059,1243,unassigned
43060,1210,Astro-Epen
43061,1178,Excitatory_Neuron
43062,1191,Excitatory_Neuron
43063,1191,Excitatory_Neuron
43064,1212,Excitatory_Neuron
43065,1232,Immune
43066,1212,Excitatory_Neuron
43067,1236,unassigned
43068,1196,Immune
43069,1196,Immune
43070,1217,Excitatory_Neuron
43071,1170,Excitatory_Neuron
43072,1224,unassigned
43073,1176,Excitatory_Neuron
43074,1183,Excitatory_Neuron
43075,1183,Excitatory_Neuron
43076,1232,Immune
43077,1222,unassigned
43078,1226,Excitatory_Neuron
43079,1211,Excitatory_Neuron
43080,1211,Excitatory_Neuron
43081,1170,Excitatory_Neuron
43082,1181,Excitatory_Neuron
43083,1213,Astro-Epen
43084,1206,Astro-Epen
43085,1167,Excitatory_Neuron
43086,1166,GABA_Neuron
43087,1167,Excitatory_Neuron
43088,1167,Excitatory_Neuron
43089,1167,Excitatory_Neuron
43090,1210,Astro-Epen
43091,1244,unassigned
43092,1170,Excitatory_Neuron
43093,1170,Excitatory_Neuron
43094,1176,Excitatory_Neuron
43095,1230,unassigned
43096,1181,Excitatory_Neuron
43097,1183,Excitatory_Neuron
43098,1183,Excitatory_Neuron
43099,1181,Excitatory_Neuron
43100,1240,Excitatory_Neuron
43101,1213,Astro-Epen
43102,1236,unassigned
43103,1206,Astro-Epen
43104,1206,Astro-Epen
43105,1167,Excitatory_Neuron
43106,1167,Excitatory_Neuron
43107,1211,Excitatory_Neuron
43108,1181,Excitatory_Neuron
43109,1212,Excitatory_Neuron
43110,1242,Immune
43111,1208,Astro-Epen
43112,1232,Immune
43113,1232,Immune
43114,1167,Excitatory_Neuron
43115,1223,Astro-Epen
43116,1218,Excitatory_Neuron
43117,1176,Excitatory_Neuron
43118,1235,Excitatory_Neuron
43119,1189,Excitatory_Neuron
43120,1208,Astro-Epen
43121,1181,Excitatory_Neuron
43122,1222,unassigned
43123,1226,Excitatory_Neuron
43124,1226,Excitatory_Neuron
43125,1223,Astro-Epen
43126,1211,Excitatory_Neuron
43127,1218,Excitatory_Neuron
43128,1170,Excitatory_Neuron
43129,1212,Excitatory_Neuron
43130,1167,Excitatory_Neuron
43131,1226,Excitatory_Neuron
43132,1211,Excitatory_Neuron
43133,1178,Excitatory_Neuron
43134,1176,Excitatory_Neuron
43135,1208,Astro-Epen
43136,1240,Excitatory_Neuron
43137,1232,Immune
43138,1226,Excitatory_Neuron
43139,1211,Excitatory_Neuron
43140,1217,Excitatory_Neuron
43141,1205,Excitatory_Neuron
43142,1170,Excitatory_Neuron
43143,1176,Excitatory_Neuron
43144,1190,Excitatory_Neuron
43145,1183,Excitatory_Neuron
43146,1208,Astro-Epen
43147,1212,Excitatory_Neuron
43148,1232,Immune
43149,1167,Excitatory_Neuron
43150,1217,Excitatory_Neuron
43151,1218,Excitatory_Neuron
43152,1234,Excitatory_Neuron
43153,1170,Excitatory_Neuron
43154,1176,Excitatory_Neuron
43155,1178,Excitatory_Neuron
43156,1230,unassigned
43157,1230,unassigned
43158,1181,Excitatory_Neuron
43159,1232,Immune
43160,1232,Immune
43161,1226,Excitatory_Neuron
43162,1245,unassigned
43163,1245,unassigned
43164,1166,GABA_Neuron
43165,1176,Excitatory_Neuron
43166,1178,Excitatory_Neuron
43167,1235,Excitatory_Neuron
43168,1230,unassigned
43169,1181,Excitatory_Neuron
43170,1183,Excitatory_Neuron
43171,1181,Excitatory_Neuron
43172,1240,Excitatory_Neuron
43173,1196,Immune
43174,1217,Excitatory_Neuron
43175,1234,Excitatory_Neuron
43176,1170,Excitatory_Neuron
43177,1176,Excitatory_Neuron
43178,1225,unassigned
43179,1178,Excitatory_Neuron
43180,1181,Excitatory_Neuron
43181,1242,Immune
43182,1212,Excitatory_Neuron
43183,1212,Excitatory_Neuron
43184,1232,Immune
43185,1245,unassigned
43186,1218,Excitatory_Neuron
43187,1224,unassigned
43188,1178,Excitatory_Neuron
43189,1178,Excitatory_Neuron
43190,1241,Excitatory_Neuron
43191,1208,Astro-Epen
43192,1181,Excitatory_Neuron
43193,1242,Immune
43194,1212,Excitatory_Neuron
43195,1240,Excitatory_Neuron
43196,1212,Excitatory_Neuron
43197,1236,unassigned
43198,1227,unassigned
43199,1177,unassigned
43200,1167,Excitatory_Neuron
43201,1166,GABA_Neuron
43202,1211,Excitatory_Neuron
43203,1167,Excitatory_Neuron
43204,1211,Excitatory_Neuron
43205,1211,Excitatory_Neuron
43206,1170,Excitatory_Neuron
43207,1170,Excitatory_Neuron
43208,1170,Excitatory_Neuron
43209,1177,unassigned
43210,1177,unassigned
43211,1178,Excitatory_Neuron
43212,1224,unassigned
43213,1176,Excitatory_Neuron
43214,1190,Excitatory_Neuron
43215,1183,Excitatory_Neuron
43216,1177,unassigned
43217,1177,unassigned
43218,1222,unassigned
43219,1223,Astro-Epen
43220,1210,Astro-Epen
43221,1167,Excitatory_Neuron
43222,1178,Excitatory_Neuron
43223,1178,Excitatory_Neuron
43224,1225,unassigned
43225,1183,Excitatory_Neuron
43226,1240,Excitatory_Neuron
43227,1232,Immune
43228,1167,Excitatory_Neuron
43229,1167,Excitatory_Neuron
43230,1170,Excitatory_Neuron
43231,1218,Excitatory_Neuron
43232,1218,Excitatory_Neuron
43233,1170,Excitatory_Neuron
43234,1225,unassigned
43235,1225,unassigned
43236,1190,Excitatory_Neuron
43237,1232,Immune
43238,1217,Excitatory_Neuron
43239,1234,Excitatory_Neuron
43240,1170,Excitatory_Neuron
43241,1176,Excitatory_Neuron
43242,1230,unassigned
43243,1241,Excitatory_Neuron
43244,1208,Astro-Epen
43245,1212,Excitatory_Neuron
43246,1167,Excitatory_Neuron
43247,1217,Excitatory_Neuron
43248,1170,Excitatory_Neuron
43249,1217,Excitatory_Neuron
43250,1218,Excitatory_Neuron
43251,1170,Excitatory_Neuron
43252,1170,Excitatory_Neuron
43253,1176,Excitatory_Neuron
43254,1181,Excitatory_Neuron
43255,1208,Astro-Epen
43256,1226,Excitatory_Neuron
43257,1166,GABA_Neuron
43258,1211,Excitatory_Neuron
43259,1211,Excitatory_Neuron
43260,1218,Excitatory_Neuron
43261,1170,Excitatory_Neuron
43262,1246,unassigned
43263,1230,unassigned
43264,1178,Excitatory_Neuron
43265,1178,Excitatory_Neuron
43266,1176,Excitatory_Neuron
43267,1242,Immune
43268,1212,Excitatory_Neuron
43269,1208,Astro-Epen
43270,1240,Excitatory_Neuron
43271,1222,unassigned
43272,1166,GABA_Neuron
43273,1211,Excitatory_Neuron
43274,1167,Excitatory_Neuron
43275,1217,Excitatory_Neuron
43276,1170,Excitatory_Neuron
43277,1234,Excitatory_Neuron
43278,1176,Excitatory_Neuron
43279,1181,Excitatory_Neuron
43280,1181,Excitatory_Neuron
43281,1191,Excitatory_Neuron
43282,1247,unassigned
43283,1232,Immune
43284,1232,Immune
43285,1227,unassigned
43286,1211,Excitatory_Neuron
43287,1234,Excitatory_Neuron
43288,1218,Excitatory_Neuron
43289,1176,Excitatory_Neuron
43290,1178,Excitatory_Neuron
43291,1176,Excitatory_Neuron
43292,1230,unassigned
43293,1208,Astro-Epen
43294,1183,Excitatory_Neuron
43295,1212,Excitatory_Neuron
43296,1229,unassigned
43297,1226,Excitatory_Neuron
43298,1223,Astro-Epen
43299,1211,Excitatory_Neuron
43300,1167,Excitatory_Neuron
43301,1167,Excitatory_Neuron
43302,1176,Excitatory_Neuron
43303,1208,Astro-Epen
43304,1245,unassigned
43305,1226,Excitatory_Neuron
43306,1226,Excitatory_Neuron
43307,1176,Excitatory_Neuron
43308,1170,Excitatory_Neuron
43309,1176,Excitatory_Neuron
43310,1176,Excitatory_Neuron
43311,1225,unassigned
43312,1178,Excitatory_Neuron
43313,1230,unassigned
43314,1178,Excitatory_Neuron
43315,1176,Excitatory_Neuron
43316,1183,Excitatory_Neuron
43317,1181,Excitatory_Neuron
43318,1247,unassigned
43319,1240,Excitatory_Neuron
43320,1240,Excitatory_Neuron
43321,1229,unassigned
43322,1196,Immune
43323,1167,Excitatory_Neuron
43324,1211,Excitatory_Neuron
43325,1234,Excitatory_Neuron
43326,1170,Excitatory_Neuron
43327,1178,Excitatory_Neuron
43328,1247,unassigned
43329,1192,Excitatory_Neuron
43330,1242,Immune
43331,1240,Excitatory_Neuron
43332,1232,Immune
43333,1222,unassigned
43334,1245,unassigned
43335,1167,Excitatory_Neuron
43336,1211,Excitatory_Neuron
43337,1217,Excitatory_Neuron
43338,1235,Excitatory_Neuron
43339,1176,Excitatory_Neuron
43340,1225,unassigned
43341,1181,Excitatory_Neuron
43342,1242,Immune
43343,1191,Excitatory_Neuron
43344,1208,Astro-Epen
43345,1226,Excitatory_Neuron
43346,1226,Excitatory_Neuron
43347,1166,GABA_Neuron
43348,1167,Excitatory_Neuron
43349,1211,Excitatory_Neuron
43350,1170,Excitatory_Neuron
43351,1170,Excitatory_Neuron
43352,1181,Excitatory_Neuron
43353,1181,Excitatory_Neuron
43354,1242,Immune
43355,1232,Immune
43356,1242,Immune
43357,1232,Immune
43358,1236,unassigned
43359,1170,Excitatory_Neuron
43360,1235,Excitatory_Neuron
43361,1176,Excitatory_Neuron
43362,1178,Excitatory_Neuron
43363,1181,Excitatory_Neuron
43364,1247,unassigned
43365,1226,Excitatory_Neuron
43366,1167,Excitatory_Neuron
43367,1217,Excitatory_Neuron
43368,1170,Excitatory_Neuron
43369,1178,Excitatory_Neuron
43370,1178,Excitatory_Neuron
43371,1178,Excitatory_Neuron
43372,1183,Excitatory_Neuron
43373,1183,Excitatory_Neuron
43374,1247,unassigned
43375,1242,Immune
43376,1208,Astro-Epen
43377,1212,Excitatory_Neuron
43378,1212,Excitatory_Neuron
43379,1177,unassigned
43380,1196,Immune
43381,1223,Astro-Epen
43382,1167,Excitatory_Neuron
43383,1170,Excitatory_Neuron
43384,1170,Excitatory_Neuron
43385,1248,unassigned
43386,1225,unassigned
43387,1181,Excitatory_Neuron
43388,1181,Excitatory_Neuron
43389,1181,Excitatory_Neuron
43390,1177,unassigned
43391,1226,Excitatory_Neuron
43392,1166,GABA_Neuron
43393,1234,Excitatory_Neuron
43394,1234,Excitatory_Neuron
43395,1218,Excitatory_Neuron
43396,1218,Excitatory_Neuron
43397,1178,Excitatory_Neuron
43398,1178,Excitatory_Neuron
43399,1191,Excitatory_Neuron
43400,1210,Astro-Epen
43401,1228,unassigned
43402,1224,unassigned
43403,1230,unassigned
43404,1242,Immune
43405,1232,Immune
43406,1196,Immune
43407,1196,Immune
43408,1226,Excitatory_Neuron
43409,1210,Astro-Epen
43410,1170,Excitatory_Neuron
43411,1241,Excitatory_Neuron
43412,1232,Immune
43413,1232,Immune
43414,1213,Astro-Epen
43415,1226,Excitatory_Neuron
43416,1170,Excitatory_Neuron
43417,1170,Excitatory_Neuron
43418,1178,Excitatory_Neuron
43419,1181,Excitatory_Neuron
43420,1191,Excitatory_Neuron
43421,1181,Excitatory_Neuron
43422,1240,Excitatory_Neuron
43423,1212,Excitatory_Neuron
43424,1196,Immune
43425,1210,Astro-Epen
43426,1211,Excitatory_Neuron
43427,1170,Excitatory_Neuron
43428,1234,Excitatory_Neuron
43429,1235,Excitatory_Neuron
43430,1235,Excitatory_Neuron
43431,1176,Excitatory_Neuron
43432,1224,unassigned
43433,1181,Excitatory_Neuron
43434,1242,Immune
43435,1212,Excitatory_Neuron
43436,1208,Astro-Epen
43437,1208,Astro-Epen
43438,1232,Immune
43439,1213,Astro-Epen
43440,1167,Excitatory_Neuron
43441,1211,Excitatory_Neuron
43442,1177,unassigned
43443,1178,Excitatory_Neuron
43444,1178,Excitatory_Neuron
43445,1247,unassigned
43446,1232,Immune
43447,1232,Immune
43448,1177,unassigned
43449,1231,Immune
43450,1211,Excitatory_Neuron
43451,1211,Excitatory_Neuron
43452,1170,Excitatory_Neuron
43453,1170,Excitatory_Neuron
43454,1235,Excitatory_Neuron
43455,1176,Excitatory_Neuron
43456,1249,unassigned
43457,1191,Excitatory_Neuron
43458,1177,unassigned
43459,1196,Immune
43460,1226,Excitatory_Neuron
43461,1223,Astro-Epen
43462,1235,Excitatory_Neuron
43463,1178,Excitatory_Neuron
43464,1178,Excitatory_Neuron
43465,1241,Excitatory_Neuron
43466,1241,Excitatory_Neuron
43467,1240,Excitatory_Neuron
43468,1213,Astro-Epen
43469,1233,unassigned
43470,1166,GABA_Neuron
43471,1250,unassigned
43472,1176,Excitatory_Neuron
43473,1249,unassigned
43474,1178,Excitatory_Neuron
43475,1212,Excitatory_Neuron
43476,1213,Astro-Epen
43477,1206,Astro-Epen
43478,1223,Astro-Epen
43479,1251,unassigned
43480,1218,Excitatory_Neuron
43481,1170,Excitatory_Neuron
43482,1170,Excitatory_Neuron
43483,1170,Excitatory_Neuron
43484,1176,Excitatory_Neuron
43485,1249,unassigned
43486,1235,Excitatory_Neuron
43487,1225,unassigned
43488,1176,Excitatory_Neuron
43489,1183,Excitatory_Neuron
43490,1212,Excitatory_Neuron
43491,1252,unassigned
43492,1232,Immune
43493,1196,Immune
43494,1167,Excitatory_Neuron
43495,1210,Astro-Epen
43496,1170,Excitatory_Neuron
43497,1170,Excitatory_Neuron
43498,1235,Excitatory_Neuron
43499,1235,Excitatory_Neuron
43500,1230,unassigned
43501,1178,Excitatory_Neuron
43502,1178,Excitatory_Neuron
43503,1178,Excitatory_Neuron
43504,1241,Excitatory_Neuron
43505,1181,Excitatory_Neuron
43506,1247,unassigned
43507,1241,Excitatory_Neuron
43508,1183,Excitatory_Neuron
43509,1212,Excitatory_Neuron
43510,1226,Excitatory_Neuron
43511,1167,Excitatory_Neuron
43512,1226,Excitatory_Neuron
43513,1251,unassigned
43514,1210,Astro-Epen
43515,1176,Excitatory_Neuron
43516,1176,Excitatory_Neuron
43517,1224,unassigned
43518,1178,Excitatory_Neuron
43519,1241,Excitatory_Neuron
43520,1178,Excitatory_Neuron
43521,1241,Excitatory_Neuron
43522,1212,Excitatory_Neuron
43523,1226,Excitatory_Neuron
43524,1167,Excitatory_Neuron
43525,1210,Astro-Epen
43526,1170,Excitatory_Neuron
43527,1170,Excitatory_Neuron
43528,1235,Excitatory_Neuron
43529,1235,Excitatory_Neuron
43530,1178,Excitatory_Neuron
43531,1225,unassigned
43532,1225,unassigned
43533,1181,Excitatory_Neuron
43534,1242,Immune
43535,1240,Excitatory_Neuron
43536,1196,Immune
43537,1167,Excitatory_Neuron
43538,1178,Excitatory_Neuron
43539,1181,Excitatory_Neuron
43540,1212,Excitatory_Neuron
43541,1240,Excitatory_Neuron
43542,1196,Immune
43543,1167,Excitatory_Neuron
43544,1210,Astro-Epen
43545,1217,Excitatory_Neuron
43546,1218,Excitatory_Neuron
43547,1176,Excitatory_Neuron
43548,1230,unassigned
43549,1176,Excitatory_Neuron
43550,1177,unassigned
43551,1176,Excitatory_Neuron
43552,1225,unassigned
43553,1181,Excitatory_Neuron
43554,1183,Excitatory_Neuron
43555,1181,Excitatory_Neuron
43556,1229,unassigned
43557,1167,Excitatory_Neuron
43558,1226,Excitatory_Neuron
43559,1170,Excitatory_Neuron
43560,1234,Excitatory_Neuron
43561,1218,Excitatory_Neuron
43562,1235,Excitatory_Neuron
43563,1178,Excitatory_Neuron
43564,1230,unassigned
43565,1181,Excitatory_Neuron
43566,1181,Excitatory_Neuron
43567,1177,unassigned
43568,1196,Immune
43569,1166,GABA_Neuron
43570,1166,GABA_Neuron
43571,1226,Excitatory_Neuron
43572,1210,Astro-Epen
43573,1251,unassigned
43574,1234,Excitatory_Neuron
43575,1170,Excitatory_Neuron
43576,1249,unassigned
43577,1176,Excitatory_Neuron
43578,1230,unassigned
43579,1230,unassigned
43580,1212,Excitatory_Neuron
43581,1166,GABA_Neuron
43582,1251,unassigned
43583,1210,Astro-Epen
43584,1170,Excitatory_Neuron
43585,1234,Excitatory_Neuron
43586,1178,Excitatory_Neuron
43587,1178,Excitatory_Neuron
43588,1226,Excitatory_Neuron
43589,1211,Excitatory_Neuron
43590,1178,Excitatory_Neuron
43591,1177,unassigned
43592,1178,Excitatory_Neuron
43593,1183,Excitatory_Neuron
43594,1240,Excitatory_Neuron
43595,1222,unassigned
43596,1196,Immune
43597,1226,Excitatory_Neuron
43598,1167,Excitatory_Neuron
43599,1251,unassigned
43600,1217,Excitatory_Neuron
43601,1211,Excitatory_Neuron
43602,1170,Excitatory_Neuron
43603,1235,Excitatory_Neuron
43604,1240,Excitatory_Neuron
43605,1212,Excitatory_Neuron
43606,1232,Immune
43607,1232,Immune
43608,1210,Astro-Epen
43609,1176,Excitatory_Neuron
43610,1177,unassigned
43611,1232,Immune
43612,1213,Astro-Epen
43613,1177,unassigned
43614,1170,Excitatory_Neuron
43615,1218,Excitatory_Neuron
43616,1178,Excitatory_Neuron
43617,1177,unassigned
43618,1178,Excitatory_Neuron
43619,1241,Excitatory_Neuron
43620,1196,Immune
43621,1167,Excitatory_Neuron
43622,1234,Excitatory_Neuron
43623,1170,Excitatory_Neuron
43624,1235,Excitatory_Neuron
43625,1241,Excitatory_Neuron
43626,1191,Excitatory_Neuron
43627,1183,Excitatory_Neuron
43628,1240,Excitatory_Neuron
43629,1226,Excitatory_Neuron
43630,1210,Astro-Epen
43631,1218,Excitatory_Neuron
43632,1240,Excitatory_Neuron
43633,1196,Immune
43634,1211,Excitatory_Neuron
43635,1170,Excitatory_Neuron
43636,1234,Excitatory_Neuron
43637,1176,Excitatory_Neuron
43638,1178,Excitatory_Neuron
43639,1176,Excitatory_Neuron
43640,1225,unassigned
43641,1183,Excitatory_Neuron
43642,1183,Excitatory_Neuron
43643,1208,Astro-Epen
43644,1252,unassigned
43645,1167,Excitatory_Neuron
43646,1211,Excitatory_Neuron
43647,1176,Excitatory_Neuron
43648,1225,unassigned
43649,1183,Excitatory_Neuron
43650,1191,Excitatory_Neuron
43651,1240,Excitatory_Neuron
43652,1167,Excitatory_Neuron
43653,1223,Astro-Epen
43654,1167,Excitatory_Neuron
43655,1170,Excitatory_Neuron
43656,1234,Excitatory_Neuron
43657,1178,Excitatory_Neuron
43658,1208,Astro-Epen
43659,1177,unassigned
43660,1226,Excitatory_Neuron
43661,1211,Excitatory_Neuron
43662,1178,Excitatory_Neuron
43663,1230,unassigned
43664,1178,Excitatory_Neuron
43665,1217,Excitatory_Neuron
43666,1183,Excitatory_Neuron
43667,1183,Excitatory_Neuron
43668,1177,unassigned
43669,1167,Excitatory_Neuron
43670,1170,Excitatory_Neuron
43671,1170,Excitatory_Neuron
43672,1218,Excitatory_Neuron
43673,1225,unassigned
43674,1177,unassigned
43675,1211,Excitatory_Neuron
43676,1178,Excitatory_Neuron
43677,1230,unassigned
43678,1177,unassigned
43679,1181,Excitatory_Neuron
43680,1196,Immune
43681,1251,unassigned
43682,1211,Excitatory_Neuron
43683,1234,Excitatory_Neuron
43684,1234,Excitatory_Neuron
43685,1178,Excitatory_Neuron
43686,1230,unassigned
43687,1178,Excitatory_Neuron
43688,1247,unassigned
43689,1191,Excitatory_Neuron
43690,1242,Immune
43691,1212,Excitatory_Neuron
43692,1177,unassigned
43693,1166,GABA_Neuron
43694,1167,Excitatory_Neuron
43695,1211,Excitatory_Neuron
43696,1234,Excitatory_Neuron
43697,1218,Excitatory_Neuron
43698,1176,Excitatory_Neuron
43699,1191,Excitatory_Neuron
43700,1226,Excitatory_Neuron
43701,1167,Excitatory_Neuron
43702,1167,Excitatory_Neuron
43703,1167,Excitatory_Neuron
43704,1211,Excitatory_Neuron
43705,1211,Excitatory_Neuron
43706,1246,unassigned
43707,1235,Excitatory_Neuron
43708,1249,unassigned
43709,1241,Excitatory_Neuron
43710,1191,Excitatory_Neuron
43711,1232,Immune
43712,1236,unassigned
43713,1167,Excitatory_Neuron
43714,1251,unassigned
43715,1211,Excitatory_Neuron
43716,1170,Excitatory_Neuron
43717,1178,Excitatory_Neuron
43718,1181,Excitatory_Neuron
43719,1232,Immune
43720,1167,Excitatory_Neuron
43721,1167,Excitatory_Neuron
43722,1170,Excitatory_Neuron
43723,1183,Excitatory_Neuron
43724,1232,Immune
43725,1232,Immune
43726,1222,unassigned
43727,1166,GABA_Neuron
43728,1251,unassigned
43729,1234,Excitatory_Neuron
43730,1170,Excitatory_Neuron
43731,1176,Excitatory_Neuron
43732,1178,Excitatory_Neuron
43733,1191,Excitatory_Neuron
43734,1191,Excitatory_Neuron
43735,1242,Immune
43736,1242,Immune
43737,1212,Excitatory_Neuron
43738,1212,Excitatory_Neuron
43739,1196,Immune
43740,1167,Excitatory_Neuron
43741,1166,GABA_Neuron
43742,1226,Excitatory_Neuron
43743,1166,GABA_Neuron
43744,1211,Excitatory_Neuron
43745,1211,Excitatory_Neuron
43746,1235,Excitatory_Neuron
43747,1249,unassigned
43748,1191,Excitatory_Neuron
43749,1242,Immune
43750,1183,Excitatory_Neuron
43751,1240,Excitatory_Neuron
43752,1242,Immune
43753,1196,Immune
43754,1167,Excitatory_Neuron
43755,1167,Excitatory_Neuron
43756,1210,Astro-Epen
43757,1234,Excitatory_Neuron
43758,1170,Excitatory_Neuron
43759,1170,Excitatory_Neuron
43760,1176,Excitatory_Neuron
43761,1241,Excitatory_Neuron
43762,1183,Excitatory_Neuron
43763,1212,Excitatory_Neuron
43764,1236,unassigned
43765,1236,unassigned
43766,1177,unassigned
43767,1232,Immune
43768,1232,Immune
43769,1226,Excitatory_Neuron
43770,1234,Excitatory_Neuron
43771,1225,unassigned
43772,1191,Excitatory_Neuron
43773,1232,Immune
43774,1167,Excitatory_Neuron
43775,1210,Astro-Epen
43776,1170,Excitatory_Neuron
43777,1234,Excitatory_Neuron
43778,1170,Excitatory_Neuron
43779,1178,Excitatory_Neuron
43780,1178,Excitatory_Neuron
43781,1225,unassigned
43782,1230,unassigned
43783,1241,Excitatory_Neuron
43784,1232,Immune
43785,1232,Immune
43786,1236,unassigned
43787,1236,unassigned
43788,1253,unassigned
43789,1254,unassigned
43790,1170,Excitatory_Neuron
43791,1235,Excitatory_Neuron
43792,1249,unassigned
43793,1176,Excitatory_Neuron
43794,1212,Excitatory_Neuron
43795,1240,Excitatory_Neuron
43796,1177,unassigned
43797,1251,unassigned
43798,1170,Excitatory_Neuron
43799,1242,Immune
43800,1232,Immune
43801,1167,Excitatory_Neuron
43802,1167,Excitatory_Neuron
43803,1211,Excitatory_Neuron
43804,1234,Excitatory_Neuron
43805,1234,Excitatory_Neuron
43806,1170,Excitatory_Neuron
43807,1242,Immune
43808,1183,Excitatory_Neuron
43809,1208,Astro-Epen
43810,1232,Immune
43811,1167,Excitatory_Neuron
43812,1166,GABA_Neuron
43813,1167,Excitatory_Neuron
43814,1218,Excitatory_Neuron
43815,1225,unassigned
43816,1241,Excitatory_Neuron
43817,1183,Excitatory_Neuron
43818,1236,unassigned
43819,1167,Excitatory_Neuron
43820,1166,GABA_Neuron
43821,1251,unassigned
43822,1211,Excitatory_Neuron
43823,1254,unassigned
43824,1170,Excitatory_Neuron
43825,1235,Excitatory_Neuron
43826,1235,Excitatory_Neuron
43827,1178,Excitatory_Neuron
43828,1178,Excitatory_Neuron
43829,1225,unassigned
43830,1178,Excitatory_Neuron
43831,1241,Excitatory_Neuron
43832,1208,Astro-Epen
43833,1177,unassigned
43834,1166,GABA_Neuron
43835,1211,Excitatory_Neuron
43836,1235,Excitatory_Neuron
43837,1178,Excitatory_Neuron
43838,1178,Excitatory_Neuron
43839,1225,unassigned
43840,1181,Excitatory_Neuron
43841,1212,Excitatory_Neuron
43842,1232,Immune
43843,1226,Excitatory_Neuron
43844,1211,Excitatory_Neuron
43845,1235,Excitatory_Neuron
43846,1235,Excitatory_Neuron
43847,1225,unassigned
43848,1208,Astro-Epen
43849,1240,Excitatory_Neuron
43850,1236,unassigned
43851,1167,Excitatory_Neuron
43852,1226,Excitatory_Neuron
43853,1166,GABA_Neuron
43854,1251,unassigned
43855,1210,Astro-Epen
43856,1235,Excitatory_Neuron
43857,1246,unassigned
43858,1178,Excitatory_Neuron
43859,1255,unassigned
43860,1183,Excitatory_Neuron
43861,1240,Excitatory_Neuron
43862,1256,unassigned
43863,1167,Excitatory_Neuron
43864,1251,unassigned
43865,1234,Excitatory_Neuron
43866,1170,Excitatory_Neuron
43867,1235,Excitatory_Neuron
43868,1246,unassigned
43869,1178,Excitatory_Neuron
43870,1183,Excitatory_Neuron
43871,1240,Excitatory_Neuron
43872,1240,Excitatory_Neuron
43873,1177,unassigned
43874,1212,Excitatory_Neuron
43875,1232,Immune
43876,1167,Excitatory_Neuron
43877,1166,GABA_Neuron
43878,1218,Excitatory_Neuron
43879,1235,Excitatory_Neuron
43880,1183,Excitatory_Neuron
43881,1241,Excitatory_Neuron
43882,1242,Immune
43883,1242,Immune
43884,1240,Excitatory_Neuron
43885,1222,unassigned
43886,1210,Astro-Epen
43887,1170,Excitatory_Neuron
43888,1178,Excitatory_Neuron
43889,1249,unassigned
43890,1181,Excitatory_Neuron
43891,1183,Excitatory_Neuron
43892,1183,Excitatory_Neuron
43893,1192,Excitatory_Neuron
43894,1232,Immune
43895,1177,unassigned
43896,1236,unassigned
43897,1226,Excitatory_Neuron
43898,1211,Excitatory_Neuron
43899,1170,Excitatory_Neuron
43900,1235,Excitatory_Neuron
43901,1225,unassigned
43902,1230,unassigned
43903,1183,Excitatory_Neuron
43904,1241,Excitatory_Neuron
43905,1212,Excitatory_Neuron
43906,1232,Immune
43907,1177,unassigned
43908,1166,GABA_Neuron
43909,1167,Excitatory_Neuron
43910,1211,Excitatory_Neuron
43911,1211,Excitatory_Neuron
43912,1177,unassigned
43913,1225,unassigned
43914,1183,Excitatory_Neuron
43915,1222,unassigned
43916,1226,Excitatory_Neuron
43917,1211,Excitatory_Neuron
43918,1234,Excitatory_Neuron
43919,1254,unassigned
43920,1170,Excitatory_Neuron
43921,1170,Excitatory_Neuron
43922,1178,Excitatory_Neuron
43923,1178,Excitatory_Neuron
43924,1241,Excitatory_Neuron
43925,1177,unassigned
43926,1167,Excitatory_Neuron
43927,1210,Astro-Epen
43928,1211,Excitatory_Neuron
43929,1230,unassigned
43930,1177,unassigned
43931,1176,Excitatory_Neuron
43932,1177,unassigned
43933,1240,Excitatory_Neuron
43934,1242,Immune
43935,1167,Excitatory_Neuron
43936,1166,GABA_Neuron
43937,1170,Excitatory_Neuron
43938,1249,unassigned
43939,1225,unassigned
43940,1183,Excitatory_Neuron
43941,1236,unassigned
43942,1240,Excitatory_Neuron
43943,1226,Excitatory_Neuron
43944,1211,Excitatory_Neuron
43945,1257,unassigned
43946,1170,Excitatory_Neuron
43947,1178,Excitatory_Neuron
43948,1181,Excitatory_Neuron
43949,1247,unassigned
43950,1181,Excitatory_Neuron
43951,1232,Immune
43952,1232,Immune
43953,1177,unassigned
43954,1177,unassigned
43955,1211,Excitatory_Neuron
43956,1210,Astro-Epen
43957,1211,Excitatory_Neuron
43958,1211,Excitatory_Neuron
43959,1178,Excitatory_Neuron
43960,1181,Excitatory_Neuron
43961,1181,Excitatory_Neuron
43962,1240,Excitatory_Neuron
43963,1242,Immune
43964,1232,Immune
43965,1232,Immune
43966,1177,unassigned
43967,1256,unassigned
43968,1167,Excitatory_Neuron
43969,1167,Excitatory_Neuron
43970,1251,unassigned
43971,1167,Excitatory_Neuron
43972,1218,Excitatory_Neuron
43973,1183,Excitatory_Neuron
43974,1208,Astro-Epen
43975,1242,Immune
43976,1226,Excitatory_Neuron
43977,1166,GABA_Neuron
43978,1210,Astro-Epen
43979,1224,unassigned
43980,1176,Excitatory_Neuron
43981,1178,Excitatory_Neuron
43982,1241,Excitatory_Neuron
43983,1242,Immune
43984,1236,unassigned
43985,1232,Immune
43986,1232,Immune
43987,1167,Excitatory_Neuron
43988,1210,Astro-Epen
43989,1211,Excitatory_Neuron
43990,1234,Excitatory_Neuron
43991,1211,Excitatory_Neuron
43992,1170,Excitatory_Neuron
43993,1235,Excitatory_Neuron
43994,1234,Excitatory_Neuron
43995,1235,Excitatory_Neuron
43996,1176,Excitatory_Neuron
43997,1241,Excitatory_Neuron
43998,1177,unassigned
43999,1242,Immune
44000,1256,unassigned
44001,1167,Excitatory_Neuron
44002,1226,Excitatory_Neuron
44003,1223,Astro-Epen
44004,1167,Excitatory_Neuron
44005,1258,unassigned
44006,1210,Astro-Epen
44007,1235,Excitatory_Neuron
44008,1178,Excitatory_Neuron
44009,1240,Excitatory_Neuron
44010,1252,unassigned
44011,1177,unassigned
44012,1210,Astro-Epen
44013,1251,unassigned
44014,1251,unassigned
44015,1235,Excitatory_Neuron
44016,1235,Excitatory_Neuron
44017,1249,unassigned
44018,1181,Excitatory_Neuron
44019,1177,unassigned
44020,1167,Excitatory_Neuron
44021,1226,Excitatory_Neuron
44022,1211,Excitatory_Neuron
44023,1218,Excitatory_Neuron
44024,1176,Excitatory_Neuron
44025,1241,Excitatory_Neuron
44026,1242,Immune
44027,1232,Immune
44028,1183,Excitatory_Neuron
44029,1210,Astro-Epen
44030,1211,Excitatory_Neuron
44031,1211,Excitatory_Neuron
44032,1235,Excitatory_Neuron
44033,1176,Excitatory_Neuron
44034,1178,Excitatory_Neuron
44035,1181,Excitatory_Neuron
44036,1232,Immune
44037,1240,Excitatory_Neuron
44038,1212,Excitatory_Neuron
44039,1222,unassigned
44040,1167,Excitatory_Neuron
44041,1251,unassigned
44042,1251,unassigned
44043,1235,Excitatory_Neuron
44044,1178,Excitatory_Neuron
44045,1232,Immune
44046,1232,Immune
44047,1242,Immune
44048,1226,Excitatory_Neuron
44049,1226,Excitatory_Neuron
44050,1210,Astro-Epen
44051,1246,unassigned
44052,1236,unassigned
44053,1167,Excitatory_Neuron
44054,1251,unassigned
44055,1210,Astro-Epen
44056,1170,Excitatory_Neuron
44057,1170,Excitatory_Neuron
44058,1178,Excitatory_Neuron
44059,1242,Immune
44060,1247,unassigned
44061,1247,unassigned
44062,1242,Immune
44063,1232,Immune
44064,1177,unassigned
44065,1242,Immune
44066,1226,Excitatory_Neuron
44067,1210,Astro-Epen
44068,1249,unassigned
44069,1235,Excitatory_Neuron
44070,1177,unassigned
44071,1177,unassigned
44072,1232,Immune
44073,1167,Excitatory_Neuron
44074,1166,GABA_Neuron
44075,1223,Astro-Epen
44076,1211,Excitatory_Neuron
44077,1210,Astro-Epen
44078,1210,Astro-Epen
44079,1210,Astro-Epen
44080,1170,Excitatory_Neuron
44081,1234,Excitatory_Neuron
44082,1241,Excitatory_Neuron
44083,1181,Excitatory_Neuron
44084,1242,Immune
44085,1240,Excitatory_Neuron
44086,1240,Excitatory_Neuron
44087,1177,unassigned
44088,1222,unassigned
44089,1167,Excitatory_Neuron
44090,1210,Astro-Epen
44091,1210,Astro-Epen
44092,1210,Astro-Epen
44093,1251,unassigned
44094,1211,Excitatory_Neuron
44095,1234,Excitatory_Neuron
44096,1170,Excitatory_Neuron
44097,1170,Excitatory_Neuron
44098,1235,Excitatory_Neuron
44099,1259,unassigned
44100,1259,unassigned
44101,1247,unassigned
44102,1181,Excitatory_Neuron
44103,1242,Immune
44104,1177,unassigned
44105,1226,Excitatory_Neuron
44106,1166,GABA_Neuron
44107,1167,Excitatory_Neuron
44108,1167,Excitatory_Neuron
44109,1246,unassigned
44110,1178,Excitatory_Neuron
44111,1181,Excitatory_Neuron
44112,1177,unassigned
44113,1240,Excitatory_Neuron
44114,1251,unassigned
44115,1211,Excitatory_Neuron
44116,1254,unassigned
44117,1218,Excitatory_Neuron
44118,1246,unassigned
44119,1176,Excitatory_Neuron
44120,1241,Excitatory_Neuron
44121,1259,unassigned
44122,1232,Immune
44123,1177,unassigned
44124,1236,unassigned
44125,1211,Excitatory_Neuron
44126,1234,Excitatory_Neuron
44127,1170,Excitatory_Neuron
44128,1177,unassigned
44129,1176,Excitatory_Neuron
44130,1230,unassigned
44131,1181,Excitatory_Neuron
44132,1240,Excitatory_Neuron
44133,1240,Excitatory_Neuron
44134,1166,GABA_Neuron
44135,1166,GABA_Neuron
44136,1170,Excitatory_Neuron
44137,1178,Excitatory_Neuron
44138,1247,unassigned
44139,1177,unassigned
44140,1166,GABA_Neuron
44141,1211,Excitatory_Neuron
44142,1211,Excitatory_Neuron
44143,1211,Excitatory_Neuron
44144,1235,Excitatory_Neuron
44145,1176,Excitatory_Neuron
44146,1178,Excitatory_Neuron
44147,1176,Excitatory_Neuron
44148,1241,Excitatory_Neuron
44149,1177,unassigned
44150,1212,Excitatory_Neuron
44151,1236,unassigned
44152,1222,unassigned
44153,1167,Excitatory_Neuron
44154,1226,Excitatory_Neuron
44155,1210,Astro-Epen
44156,1177,unassigned
44157,1218,Excitatory_Neuron
44158,1178,Excitatory_Neuron
44159,1178,Excitatory_Neuron
44160,1178,Excitatory_Neuron
44161,1176,Excitatory_Neuron
44162,1242,Immune
44163,1240,Excitatory_Neuron
44164,1242,Immune
44165,1252,unassigned
44166,1177,unassigned
44167,1226,Excitatory_Neuron
44168,1254,unassigned
44169,1254,unassigned
44170,1218,Excitatory_Neuron
44171,1246,unassigned
44172,1230,unassigned
44173,1177,unassigned
44174,1230,unassigned
44175,1241,Excitatory_Neuron
44176,1177,unassigned
44177,1232,Immune
44178,1223,Astro-Epen
44179,1251,unassigned
44180,1234,Excitatory_Neuron
44181,1234,Excitatory_Neuron
44182,1170,Excitatory_Neuron
44183,1249,unassigned
44184,1246,unassigned
44185,1246,unassigned
44186,1230,unassigned
44187,1178,Excitatory_Neuron
44188,1230,unassigned
44189,1181,Excitatory_Neuron
44190,1183,Excitatory_Neuron
44191,1240,Excitatory_Neuron
44192,1177,unassigned
44193,1211,Excitatory_Neuron
44194,1210,Astro-Epen
44195,1211,Excitatory_Neuron
44196,1234,Excitatory_Neuron
44197,1170,Excitatory_Neuron
44198,1176,Excitatory_Neuron
44199,1176,Excitatory_Neuron
44200,1178,Excitatory_Neuron
44201,1252,unassigned
44202,1166,GABA_Neuron
44203,1211,Excitatory_Neuron
44204,1249,unassigned
44205,1241,Excitatory_Neuron
44206,1240,Excitatory_Neuron
44207,1232,Immune
44208,1232,Immune
44209,1232,Immune
44210,1222,unassigned
44211,1226,Excitatory_Neuron
44212,1177,unassigned
44213,1177,unassigned
44214,1218,Excitatory_Neuron
44215,1254,unassigned
44216,1218,Excitatory_Neuron
44217,1218,Excitatory_Neuron
44218,1246,unassigned
44219,1249,unassigned
44220,1235,Excitatory_Neuron
44221,1178,Excitatory_Neuron
44222,1176,Excitatory_Neuron
44223,1181,Excitatory_Neuron
44224,1247,unassigned
44225,1232,Immune
44226,1240,Excitatory_Neuron
44227,1177,unassigned
44228,1222,unassigned
44229,1166,GABA_Neuron
44230,1210,Astro-Epen
44231,1211,Excitatory_Neuron
44232,1234,Excitatory_Neuron
44233,1218,Excitatory_Neuron
44234,1170,Excitatory_Neuron
44235,1176,Excitatory_Neuron
44236,1249,unassigned
44237,1230,unassigned
44238,1178,Excitatory_Neuron
44239,1241,Excitatory_Neuron
44240,1242,Immune
44241,1240,Excitatory_Neuron
44242,1232,Immune
44243,1236,unassigned
44244,1166,GABA_Neuron
44245,1210,Astro-Epen
44246,1211,Excitatory_Neuron
44247,1218,Excitatory_Neuron
44248,1170,Excitatory_Neuron
44249,1170,Excitatory_Neuron
44250,1246,unassigned
44251,1246,unassigned
44252,1176,Excitatory_Neuron
44253,1259,unassigned
44254,1166,GABA_Neuron
44255,1249,unassigned
44256,1235,Excitatory_Neuron
44257,1178,Excitatory_Neuron
44258,1178,Excitatory_Neuron
44259,1178,Excitatory_Neuron
44260,1181,Excitatory_Neuron
44261,1252,unassigned
44262,1236,unassigned
44263,1222,unassigned
44264,1235,Excitatory_Neuron
44265,1178,Excitatory_Neuron
44266,1249,unassigned
44267,1241,Excitatory_Neuron
44268,1210,Astro-Epen
44269,1258,unassigned
44270,1211,Excitatory_Neuron
44271,1258,unassigned
44272,1211,Excitatory_Neuron
44273,1218,Excitatory_Neuron
44274,1260,unassigned
44275,1177,unassigned
44276,1178,Excitatory_Neuron
44277,1167,Excitatory_Neuron
44278,1211,Excitatory_Neuron
44279,1210,Astro-Epen
44280,1170,Excitatory_Neuron
44281,1246,unassigned
44282,1246,unassigned
44283,1240,Excitatory_Neuron
44284,1212,Excitatory_Neuron
44285,1252,unassigned
44286,1222,unassigned
44287,1251,unassigned
44288,1211,Excitatory_Neuron
44289,1218,Excitatory_Neuron
44290,1176,Excitatory_Neuron
44291,1176,Excitatory_Neuron
44292,1176,Excitatory_Neuron
44293,1178,Excitatory_Neuron
44294,1178,Excitatory_Neuron
44295,1178,Excitatory_Neuron
44296,1178,Excitatory_Neuron
44297,1259,unassigned
44298,1242,Immune
44299,1232,Immune
44300,1177,unassigned
44301,1166,GABA_Neuron
44302,1211,Excitatory_Neuron
44303,1258,unassigned
44304,1177,unassigned
44305,1251,unassigned
44306,1176,Excitatory_Neuron
44307,1246,unassigned
44308,1176,Excitatory_Neuron
44309,1178,Excitatory_Neuron
44310,1230,unassigned
44311,1241,Excitatory_Neuron
44312,1241,Excitatory_Neuron
44313,1247,unassigned
44314,1241,Excitatory_Neuron
44315,1242,Immune
44316,1242,Immune
44317,1232,Immune
44318,1240,Excitatory_Neuron
44319,1252,unassigned
44320,1261,unassigned
44321,1166,GABA_Neuron
44322,1211,Excitatory_Neuron
44323,1251,unassigned
44324,1218,Excitatory_Neuron
44325,1234,Excitatory_Neuron
44326,1178,Excitatory_Neuron
44327,1178,Excitatory_Neuron
44328,1241,Excitatory_Neuron
44329,1181,Excitatory_Neuron
44330,1211,Excitatory_Neuron
44331,1170,Excitatory_Neuron
44332,1234,Excitatory_Neuron
44333,1170,Excitatory_Neuron
44334,1234,Excitatory_Neuron
44335,1246,unassigned
44336,1176,Excitatory_Neuron
44337,1177,unassigned
44338,1249,unassigned
44339,1240,Excitatory_Neuron
44340,1252,unassigned
44341,1236,unassigned
44342,1211,Excitatory_Neuron
44343,1218,Excitatory_Neuron
44344,1246,unassigned
44345,1246,unassigned
44346,1176,Excitatory_Neuron
44347,1178,Excitatory_Neuron
44348,1178,Excitatory_Neuron
44349,1181,Excitatory_Neuron
44350,1183,Excitatory_Neuron
44351,1242,Immune
44352,1240,Excitatory_Neuron
44353,1177,unassigned
44354,1232,Immune
44355,1211,Excitatory_Neuron
44356,1258,unassigned
44357,1178,Excitatory_Neuron
44358,1176,Excitatory_Neuron
44359,1249,unassigned
44360,1249,unassigned
44361,1178,Excitatory_Neuron
44362,1178,Excitatory_Neuron
44363,1178,Excitatory_Neuron
44364,1259,unassigned
44365,1177,unassigned
44366,1243,unassigned
44367,1256,unassigned
44368,1166,GABA_Neuron
44369,1226,Excitatory_Neuron
44370,1226,Excitatory_Neuron
44371,1251,unassigned
44372,1177,unassigned
44373,1178,Excitatory_Neuron
44374,1181,Excitatory_Neuron
44375,1177,unassigned
44376,1177,unassigned
44377,1212,Excitatory_Neuron
44378,1252,unassigned
44379,1252,unassigned
44380,1251,unassigned
44381,1211,Excitatory_Neuron
44382,1211,Excitatory_Neuron
44383,1234,Excitatory_Neuron
44384,1170,Excitatory_Neuron
44385,1235,Excitatory_Neuron
44386,1176,Excitatory_Neuron
44387,1246,unassigned
44388,1178,Excitatory_Neuron
44389,1178,Excitatory_Neuron
44390,1181,Excitatory_Neuron
44391,1183,Excitatory_Neuron
44392,1242,Immune
44393,1236,unassigned
44394,1222,unassigned
44395,1177,unassigned
44396,1226,Excitatory_Neuron
44397,1167,Excitatory_Neuron
44398,1210,Astro-Epen
44399,1210,Astro-Epen
44400,1218,Excitatory_Neuron
44401,1218,Excitatory_Neuron
44402,1218,Excitatory_Neuron
44403,1249,unassigned
44404,1241,Excitatory_Neuron
44405,1181,Excitatory_Neuron
44406,1167,Excitatory_Neuron
44407,1211,Excitatory_Neuron
44408,1258,unassigned
44409,1211,Excitatory_Neuron
44410,1210,Astro-Epen
44411,1210,Astro-Epen
44412,1235,Excitatory_Neuron
44413,1177,unassigned
44414,1240,Excitatory_Neuron
44415,1167,Excitatory_Neuron
44416,1178,Excitatory_Neuron
44417,1178,Excitatory_Neuron
44418,1178,Excitatory_Neuron
44419,1241,Excitatory_Neuron
44420,1181,Excitatory_Neuron
44421,1177,unassigned
44422,1167,Excitatory_Neuron
44423,1167,Excitatory_Neuron
44424,1211,Excitatory_Neuron
44425,1170,Excitatory_Neuron
44426,1170,Excitatory_Neuron
44427,1218,Excitatory_Neuron
44428,1218,Excitatory_Neuron
44429,1262,unassigned
44430,1176,Excitatory_Neuron
44431,1262,unassigned
44432,1178,Excitatory_Neuron
44433,1176,Excitatory_Neuron
44434,1178,Excitatory_Neuron
44435,1176,Excitatory_Neuron
44436,1178,Excitatory_Neuron
44437,1176,Excitatory_Neuron
44438,1178,Excitatory_Neuron
44439,1241,Excitatory_Neuron
44440,1241,Excitatory_Neuron
44441,1241,Excitatory_Neuron
44442,1177,unassigned
44443,1177,unassigned
44444,1222,unassigned
44445,1222,unassigned
44446,1251,unassigned
44447,1178,Excitatory_Neuron
44448,1230,unassigned
44449,1241,Excitatory_Neuron
44450,1177,unassigned
44451,1213,Astro-Epen
44452,1177,unassigned
44453,1222,unassigned
44454,1211,Excitatory_Neuron
44455,1177,unassigned
44456,1218,Excitatory_Neuron
44457,1234,Excitatory_Neuron
44458,1234,Excitatory_Neuron
44459,1249,unassigned
44460,1249,unassigned
44461,1178,Excitatory_Neuron
44462,1178,Excitatory_Neuron
44463,1178,Excitatory_Neuron
44464,1178,Excitatory_Neuron
44465,1178,Excitatory_Neuron
44466,1178,Excitatory_Neuron
44467,1241,Excitatory_Neuron
44468,1181,Excitatory_Neuron
44469,1241,Excitatory_Neuron
44470,1177,unassigned
44471,1242,Immune
44472,1242,Immune
44473,1263,unassigned
44474,1222,unassigned
44475,1226,Excitatory_Neuron
44476,1226,Excitatory_Neuron
44477,1167,Excitatory_Neuron
44478,1234,Excitatory_Neuron
44479,1218,Excitatory_Neuron
44480,1249,unassigned
44481,1178,Excitatory_Neuron
44482,1181,Excitatory_Neuron
44483,1252,unassigned
44484,1177,unassigned
44485,1247,unassigned
44486,1247,unassigned
44487,1177,unassigned
44488,1177,unassigned
44489,1240,Excitatory_Neuron
44490,1252,unassigned
44491,1177,unassigned
44492,1211,Excitatory_Neuron
44493,1251,unassigned
44494,1181,Excitatory_Neuron
44495,1240,Excitatory_Neuron
44496,1211,Excitatory_Neuron
44497,1210,Astro-Epen
44498,1218,Excitatory_Neuron
44499,1241,Excitatory_Neuron
44500,1177,unassigned
44501,1240,Excitatory_Neuron
44502,1167,Excitatory_Neuron
44503,1167,Excitatory_Neuron
44504,1226,Excitatory_Neuron
44505,1210,Astro-Epen
44506,1218,Excitatory_Neuron
44507,1211,Excitatory_Neuron
44508,1211,Excitatory_Neuron
44509,1218,Excitatory_Neuron
44510,1218,Excitatory_Neuron
44511,1246,unassigned
44512,1241,Excitatory_Neuron
44513,1242,Immune
44514,1177,unassigned
44515,1177,unassigned
44516,1264,unassigned
44517,1264,unassigned
44518,1265,unassigned
44519,1266,Excitatory_Neuron
44520,1266,Excitatory_Neuron
44521,1264,unassigned
44522,1264,unassigned
44523,1267,Excitatory_Neuron
44524,1264,unassigned
44525,1264,unassigned
44526,1268,Excitatory_Neuron
44527,1269,Excitatory_Neuron
44528,1264,unassigned
44529,1269,Excitatory_Neuron
44530,1270,Excitatory_Neuron
44531,1264,unassigned
44532,1271,Excitatory_Neuron
44533,1272,Astro-Epen
44534,1264,unassigned
44535,1272,Astro-Epen
44536,1264,unassigned
44537,1273,unassigned
44538,1264,unassigned
44539,1264,unassigned
44540,1274,Excitatory_Neuron
44541,1270,Excitatory_Neuron
44542,1264,unassigned
44543,1275,Excitatory_Neuron
44544,1264,unassigned
44545,1264,unassigned
44546,1264,unassigned
44547,1276,Astro-Epen
44548,1264,unassigned
44549,1272,Astro-Epen
44550,1277,unassigned
44551,1278,unassigned
44552,1274,Excitatory_Neuron
44553,1264,unassigned
44554,1264,unassigned
44555,1279,unassigned
44556,1264,unassigned
44557,1264,unassigned
44558,1264,unassigned
44559,1264,unassigned
44560,1264,unassigned
44561,1264,unassigned
44562,1264,unassigned
44563,1264,unassigned
44564,1264,unassigned
44565,1280,Excitatory_Neuron
44566,1264,unassigned
44567,1270,Excitatory_Neuron
44568,1270,Excitatory_Neuron
44569,1266,Excitatory_Neuron
44570,1272,Astro-Epen
44571,1272,Astro-Epen
44572,1264,unassigned
44573,1264,unassigned
44574,1269,Excitatory_Neuron
44575,1264,unassigned
44576,1281,Astro-Epen
44577,1264,unassigned
44578,1275,Excitatory_Neuron
44579,1264,unassigned
44580,1282,Immune
44581,1264,unassigned
44582,1264,unassigned
44583,1267,Excitatory_Neuron
44584,1272,Astro-Epen
44585,1283,unassigned
44586,1264,unassigned
44587,1264,unassigned
44588,1264,unassigned
44589,1277,unassigned
44590,1280,Excitatory_Neuron
44591,1281,Astro-Epen
44592,1264,unassigned
44593,1275,Excitatory_Neuron
44594,1264,unassigned
44595,1264,unassigned
44596,1264,unassigned
44597,1272,Astro-Epen
44598,1264,unassigned
44599,1284,unassigned
44600,1264,unassigned
44601,1264,unassigned
44602,1264,unassigned
44603,1285,Excitatory_Neuron
44604,1264,unassigned
44605,1264,unassigned
44606,1265,unassigned
44607,1286,unassigned
44608,1264,unassigned
44609,1272,Astro-Epen
44610,1272,Astro-Epen
44611,1272,Astro-Epen
44612,1264,unassigned
44613,1264,unassigned
44614,1264,unassigned
44615,1264,unassigned
44616,1264,unassigned
44617,1264,unassigned
44618,1274,Excitatory_Neuron
44619,1274,Excitatory_Neuron
44620,1264,unassigned
44621,1279,unassigned
44622,1281,Astro-Epen
44623,1264,unassigned
44624,1264,unassigned
44625,1275,Excitatory_Neuron
44626,1264,unassigned
44627,1275,Excitatory_Neuron
44628,1264,unassigned
44629,1264,unassigned
44630,1265,unassigned
44631,1264,unassigned
44632,1272,Astro-Epen
44633,1264,unassigned
44634,1274,Excitatory_Neuron
44635,1264,unassigned
44636,1285,Excitatory_Neuron
44637,1270,Excitatory_Neuron
44638,1264,unassigned
44639,1264,unassigned
44640,1275,Excitatory_Neuron
44641,1264,unassigned
44642,1264,unassigned
44643,1264,unassigned
44644,1264,unassigned
44645,1264,unassigned
44646,1279,unassigned
44647,1264,unassigned
44648,1287,unassigned
44649,1264,unassigned
44650,1264,unassigned
44651,1288,Astro-Epen
44652,1283,unassigned
44653,1264,unassigned
44654,1289,Immune
44655,1264,unassigned
44656,1281,Astro-Epen
44657,1275,Excitatory_Neuron
44658,1275,Excitatory_Neuron
44659,1282,Immune
44660,1275,Excitatory_Neuron
44661,1264,unassigned
44662,1264,unassigned
44663,1265,unassigned
44664,1264,unassigned
44665,1290,Astro-Epen
44666,1283,unassigned
44667,1289,Immune
44668,1289,Immune
44669,1274,Excitatory_Neuron
44670,1291,unassigned
44671,1270,Excitatory_Neuron
44672,1270,Excitatory_Neuron
44673,1264,unassigned
44674,1292,unassigned
44675,1272,Astro-Epen
44676,1272,Astro-Epen
44677,1283,unassigned
44678,1264,unassigned
44679,1270,Excitatory_Neuron
44680,1264,unassigned
44681,1264,unassigned
44682,1271,Excitatory_Neuron
44683,1264,unassigned
44684,1264,unassigned
44685,1264,unassigned
44686,1272,Astro-Epen
44687,1292,unassigned
44688,1264,unassigned
44689,1264,unassigned
44690,1264,unassigned
44691,1264,unassigned
44692,1285,Excitatory_Neuron
44693,1285,Excitatory_Neuron
44694,1264,unassigned
44695,1266,Excitatory_Neuron
44696,1264,unassigned
44697,1264,unassigned
44698,1272,Astro-Epen
44699,1264,unassigned
44700,1264,unassigned
44701,1264,unassigned
44702,1264,unassigned
44703,1264,unassigned
44704,1270,Excitatory_Neuron
44705,1264,unassigned
44706,1264,unassigned
44707,1276,Astro-Epen
44708,1264,unassigned
44709,1276,Astro-Epen
44710,1264,unassigned
44711,1272,Astro-Epen
44712,1288,Astro-Epen
44713,1264,unassigned
44714,1264,unassigned
44715,1264,unassigned
44716,1264,unassigned
44717,1274,Excitatory_Neuron
44718,1269,Excitatory_Neuron
44719,1264,unassigned
44720,1264,unassigned
44721,1270,Excitatory_Neuron
44722,1266,Excitatory_Neuron
44723,1264,unassigned
44724,1282,Immune
44725,1275,Excitatory_Neuron
44726,1264,unassigned
44727,1264,unassigned
44728,1271,Excitatory_Neuron
44729,1286,unassigned
44730,1271,Excitatory_Neuron
44731,1267,Excitatory_Neuron
44732,1271,Excitatory_Neuron
44733,1264,unassigned
44734,1290,Astro-Epen
44735,1272,Astro-Epen
44736,1292,unassigned
44737,1283,unassigned
44738,1264,unassigned
44739,1264,unassigned
44740,1264,unassigned
44741,1264,unassigned
44742,1270,Excitatory_Neuron
44743,1285,Excitatory_Neuron
44744,1285,Excitatory_Neuron
44745,1264,unassigned
44746,1266,Excitatory_Neuron
44747,1264,unassigned
44748,1276,Astro-Epen
44749,1286,unassigned
44750,1286,unassigned
44751,1288,Astro-Epen
44752,1272,Astro-Epen
44753,1284,unassigned
44754,1264,unassigned
44755,1264,unassigned
44756,1293,unassigned
44757,1269,Excitatory_Neuron
44758,1264,unassigned
44759,1269,Excitatory_Neuron
44760,1264,unassigned
44761,1285,Excitatory_Neuron
44762,1270,Excitatory_Neuron
44763,1285,Excitatory_Neuron
44764,1275,Excitatory_Neuron
44765,1275,Excitatory_Neuron
44766,1265,unassigned
44767,1265,unassigned
44768,1264,unassigned
44769,1264,unassigned
44770,1264,unassigned
44771,1268,Excitatory_Neuron
44772,1281,Astro-Epen
44773,1264,unassigned
44774,1266,Excitatory_Neuron
44775,1285,Excitatory_Neuron
44776,1272,Astro-Epen
44777,1272,Astro-Epen
44778,1264,unassigned
44779,1293,unassigned
44780,1264,unassigned
44781,1264,unassigned
44782,1264,unassigned
44783,1274,Excitatory_Neuron
44784,1270,Excitatory_Neuron
44785,1279,unassigned
44786,1264,unassigned
44787,1264,unassigned
44788,1264,unassigned
44789,1282,Immune
44790,1275,Excitatory_Neuron
44791,1265,unassigned
44792,1271,Excitatory_Neuron
44793,1264,unassigned
44794,1264,unassigned
44795,1290,Astro-Epen
44796,1294,Astro-Epen
44797,1264,unassigned
44798,1293,unassigned
44799,1264,unassigned
44800,1269,Excitatory_Neuron
44801,1264,unassigned
44802,1264,unassigned
44803,1282,Immune
44804,1264,unassigned
44805,1272,Astro-Epen
44806,1264,unassigned
44807,1272,Astro-Epen
44808,1264,unassigned
44809,1283,unassigned
44810,1264,unassigned
44811,1264,unassigned
44812,1269,Excitatory_Neuron
44813,1270,Excitatory_Neuron
44814,1282,Immune
44815,1287,unassigned
44816,1264,unassigned
44817,1286,unassigned
44818,1264,unassigned
44819,1264,unassigned
44820,1264,unassigned
44821,1264,unassigned
44822,1264,unassigned
44823,1283,unassigned
44824,1264,unassigned
44825,1264,unassigned
44826,1264,unassigned
44827,1264,unassigned
44828,1264,unassigned
44829,1264,unassigned
44830,1264,unassigned
44831,1282,Immune
44832,1282,Immune
44833,1275,Excitatory_Neuron
44834,1264,unassigned
44835,1264,unassigned
44836,1288,Astro-Epen
44837,1264,unassigned
44838,1272,Astro-Epen
44839,1283,unassigned
44840,1264,unassigned
44841,1264,unassigned
44842,1281,Astro-Epen
44843,1264,unassigned
44844,1264,unassigned
44845,1281,Astro-Epen
44846,1264,unassigned
44847,1264,unassigned
44848,1295,Astro-Epen
44849,1275,Excitatory_Neuron
44850,1287,unassigned
44851,1264,unassigned
44852,1264,unassigned
44853,1296,unassigned
44854,1265,unassigned
44855,1265,unassigned
44856,1267,Excitatory_Neuron
44857,1264,unassigned
44858,1272,Astro-Epen
44859,1278,unassigned
44860,1264,unassigned
44861,1269,Excitatory_Neuron
44862,1270,Excitatory_Neuron
44863,1275,Excitatory_Neuron
44864,1287,unassigned
44865,1264,unassigned
44866,1282,Immune
44867,1296,unassigned
44868,1296,unassigned
44869,1286,unassigned
44870,1264,unassigned
44871,1264,unassigned
44872,1264,unassigned
44873,1264,unassigned
44874,1264,unassigned
44875,1264,unassigned
44876,1264,unassigned
44877,1278,unassigned
44878,1285,Excitatory_Neuron
44879,1270,Excitatory_Neuron
44880,1264,unassigned
44881,1285,Excitatory_Neuron
44882,1264,unassigned
44883,1264,unassigned
44884,1267,Excitatory_Neuron
44885,1264,unassigned
44886,1264,unassigned
44887,1264,unassigned
44888,1277,unassigned
44889,1264,unassigned
44890,1264,unassigned
44891,1269,Excitatory_Neuron
44892,1264,unassigned
44893,1275,Excitatory_Neuron
44894,1266,Excitatory_Neuron
44895,1275,Excitatory_Neuron
44896,1264,unassigned
44897,1264,unassigned
44898,1264,unassigned
44899,1264,unassigned
44900,1272,Astro-Epen
44901,1264,unassigned
44902,1294,Astro-Epen
44903,1264,unassigned
44904,1264,unassigned
44905,1264,unassigned
44906,1264,unassigned
44907,1282,Immune
44908,1276,Astro-Epen
44909,1264,unassigned
44910,1296,unassigned
44911,1264,unassigned
44912,1264,unassigned
44913,1272,Astro-Epen
44914,1272,Astro-Epen
44915,1264,unassigned
44916,1277,unassigned
44917,1268,Excitatory_Neuron
44918,1266,Excitatory_Neuron
44919,1285,Excitatory_Neuron
44920,1285,Excitatory_Neuron
44921,1282,Immune
44922,1287,unassigned
44923,1276,Astro-Epen
44924,1264,unassigned
44925,1264,unassigned
44926,1283,unassigned
44927,1264,unassigned
44928,1264,unassigned
44929,1297,Excitatory_Neuron
44930,1264,unassigned
44931,1264,unassigned
44932,1287,unassigned
44933,1264,unassigned
44934,1264,unassigned
44935,1290,Astro-Epen
44936,1284,unassigned
44937,1264,unassigned
44938,1264,unassigned
44939,1298,unassigned
44940,1270,Excitatory_Neuron
44941,1270,Excitatory_Neuron
44942,1285,Excitatory_Neuron
44943,1264,unassigned
44944,1264,unassigned
44945,1264,unassigned
44946,1286,unassigned
44947,1271,Excitatory_Neuron
44948,1290,Astro-Epen
44949,1290,Astro-Epen
44950,1264,unassigned
44951,1272,Astro-Epen
44952,1264,unassigned
44953,1264,unassigned
44954,1278,unassigned
44955,1264,unassigned
44956,1279,unassigned
44957,1299,unassigned
44958,1285,Excitatory_Neuron
44959,1264,unassigned
44960,1275,Excitatory_Neuron
44961,1264,unassigned
44962,1264,unassigned
44963,1264,unassigned
44964,1271,Excitatory_Neuron
44965,1290,Astro-Epen
44966,1284,unassigned
44967,1264,unassigned
44968,1277,unassigned
44969,1264,unassigned
44970,1266,Excitatory_Neuron
44971,1264,unassigned
44972,1275,Excitatory_Neuron
44973,1275,Excitatory_Neuron
44974,1264,unassigned
44975,1264,unassigned
44976,1264,unassigned
44977,1264,unassigned
44978,1270,Excitatory_Neuron
44979,1270,Excitatory_Neuron
44980,1266,Excitatory_Neuron
44981,1287,unassigned
44982,1275,Excitatory_Neuron
44983,1271,Excitatory_Neuron
44984,1276,Astro-Epen
44985,1267,Excitatory_Neuron
44986,1292,unassigned
44987,1290,Astro-Epen
44988,1288,Astro-Epen
44989,1264,unassigned
44990,1264,unassigned
44991,1264,unassigned
44992,1289,Immune
44993,1264,unassigned
44994,1300,unassigned
44995,1264,unassigned
44996,1270,Excitatory_Neuron
44997,1264,unassigned
44998,1285,Excitatory_Neuron
44999,1266,Excitatory_Neuron
45000,1275,Excitatory_Neuron
45001,1275,Excitatory_Neuron
45002,1275,Excitatory_Neuron
45003,1287,unassigned
45004,1296,unassigned
45005,1264,unassigned
45006,1264,unassigned
45007,1264,unassigned
45008,1264,unassigned
45009,1281,Astro-Epen
45010,1270,Excitatory_Neuron
45011,1264,unassigned
45012,1264,unassigned
45013,1275,Excitatory_Neuron
45014,1264,unassigned
45015,1264,unassigned
45016,1271,Excitatory_Neuron
45017,1264,unassigned
45018,1278,unassigned
45019,1269,Excitatory_Neuron
45020,1279,unassigned
45021,1266,Excitatory_Neuron
45022,1264,unassigned
45023,1266,Excitatory_Neuron
45024,1264,unassigned
45025,1264,unassigned
45026,1282,Immune
45027,1264,unassigned
45028,1290,Astro-Epen
45029,1283,unassigned
45030,1264,unassigned
45031,1264,unassigned
45032,1277,unassigned
45033,1274,Excitatory_Neuron
45034,1269,Excitatory_Neuron
45035,1281,Astro-Epen
45036,1285,Excitatory_Neuron
45037,1264,unassigned
45038,1264,unassigned
45039,1264,unassigned
45040,1285,Excitatory_Neuron
45041,1264,unassigned
45042,1287,unassigned
45043,1275,Excitatory_Neuron
45044,1264,unassigned
45045,1282,Immune
45046,1264,unassigned
45047,1267,Excitatory_Neuron
45048,1264,unassigned
45049,1264,unassigned
45050,1264,unassigned
45051,1269,Excitatory_Neuron
45052,1285,Excitatory_Neuron
45053,1285,Excitatory_Neuron
45054,1295,Astro-Epen
45055,1275,Excitatory_Neuron
45056,1276,Astro-Epen
45057,1267,Excitatory_Neuron
45058,1264,unassigned
45059,1264,unassigned
45060,1264,unassigned
45061,1264,unassigned
45062,1264,unassigned
45063,1264,unassigned
45064,1270,Excitatory_Neuron
45065,1281,Astro-Epen
45066,1264,unassigned
45067,1266,Excitatory_Neuron
45068,1264,unassigned
45069,1288,Astro-Epen
45070,1292,unassigned
45071,1264,unassigned
45072,1264,unassigned
45073,1280,Excitatory_Neuron
45074,1274,Excitatory_Neuron
45075,1264,unassigned
45076,1266,Excitatory_Neuron
45077,1266,Excitatory_Neuron
45078,1264,unassigned
45079,1264,unassigned
45080,1272,Astro-Epen
45081,1264,unassigned
45082,1294,Astro-Epen
45083,1264,unassigned
45084,1264,unassigned
45085,1264,unassigned
45086,1264,unassigned
45087,1301,unassigned
45088,1264,unassigned
45089,1268,Excitatory_Neuron
45090,1270,Excitatory_Neuron
45091,1264,unassigned
45092,1285,Excitatory_Neuron
45093,1270,Excitatory_Neuron
45094,1264,unassigned
45095,1264,unassigned
45096,1287,unassigned
45097,1265,unassigned
45098,1276,Astro-Epen
45099,1264,unassigned
45100,1283,unassigned
45101,1289,Immune
45102,1285,Excitatory_Neuron
45103,1285,Excitatory_Neuron
45104,1275,Excitatory_Neuron
45105,1287,unassigned
45106,1287,unassigned
45107,1292,unassigned
45108,1283,unassigned
45109,1264,unassigned
45110,1264,unassigned
45111,1278,unassigned
45112,1264,unassigned
45113,1269,Excitatory_Neuron
45114,1274,Excitatory_Neuron
45115,1264,unassigned
45116,1270,Excitatory_Neuron
45117,1271,Excitatory_Neuron
45118,1288,Astro-Epen
45119,1272,Astro-Epen
45120,1264,unassigned
45121,1289,Immune
45122,1277,unassigned
45123,1264,unassigned
45124,1264,unassigned
45125,1279,unassigned
45126,1270,Excitatory_Neuron
45127,1281,Astro-Epen
45128,1285,Excitatory_Neuron
45129,1270,Excitatory_Neuron
45130,1299,unassigned
45131,1275,Excitatory_Neuron
45132,1264,unassigned
45133,1265,unassigned
45134,1264,unassigned
45135,1292,unassigned
45136,1264,unassigned
45137,1264,unassigned
45138,1281,Astro-Epen
45139,1264,unassigned
45140,1264,unassigned
45141,1266,Excitatory_Neuron
45142,1264,unassigned
45143,1287,unassigned
45144,1302,Astro-Epen
45145,1271,Excitatory_Neuron
45146,1264,unassigned
45147,1264,unassigned
45148,1283,unassigned
45149,1264,unassigned
45150,1264,unassigned
45151,1264,unassigned
45152,1281,Astro-Epen
45153,1275,Excitatory_Neuron
45154,1264,unassigned
45155,1276,Astro-Epen
45156,1264,unassigned
45157,1267,Excitatory_Neuron
45158,1292,unassigned
45159,1272,Astro-Epen
45160,1264,unassigned
45161,1264,unassigned
45162,1264,unassigned
45163,1264,unassigned
45164,1274,Excitatory_Neuron
45165,1268,Excitatory_Neuron
45166,1279,unassigned
45167,1275,Excitatory_Neuron
45168,1266,Excitatory_Neuron
45169,1264,unassigned
45170,1264,unassigned
45171,1290,Astro-Epen
45172,1288,Astro-Epen
45173,1264,unassigned
45174,1289,Immune
45175,1264,unassigned
45176,1264,unassigned
45177,1264,unassigned
45178,1271,Excitatory_Neuron
45179,1272,Astro-Epen
45180,1288,Astro-Epen
45181,1264,unassigned
45182,1272,Astro-Epen
45183,1264,unassigned
45184,1274,Excitatory_Neuron
45185,1274,Excitatory_Neuron
45186,1269,Excitatory_Neuron
45187,1264,unassigned
45188,1266,Excitatory_Neuron
45189,1266,Excitatory_Neuron
45190,1275,Excitatory_Neuron
45191,1275,Excitatory_Neuron
45192,1290,Astro-Epen
45193,1290,Astro-Epen
45194,1264,unassigned
45195,1264,unassigned
45196,1283,unassigned
45197,1272,Astro-Epen
45198,1283,unassigned
45199,1264,unassigned
45200,1264,unassigned
45201,1264,unassigned
45202,1270,Excitatory_Neuron
45203,1266,Excitatory_Neuron
45204,1264,unassigned
45205,1287,unassigned
45206,1264,unassigned
45207,1282,Immune
45208,1282,Immune
45209,1282,Immune
45210,1288,Astro-Epen
45211,1271,Excitatory_Neuron
45212,1264,unassigned
45213,1292,unassigned
45214,1294,Astro-Epen
45215,1281,Astro-Epen
45216,1264,unassigned
45217,1275,Excitatory_Neuron
45218,1285,Excitatory_Neuron
45219,1265,unassigned
45220,1264,unassigned
45221,1271,Excitatory_Neuron
45222,1290,Astro-Epen
45223,1272,Astro-Epen
45224,1264,unassigned
45225,1283,unassigned
45226,1264,unassigned
45227,1281,Astro-Epen
45228,1270,Excitatory_Neuron
45229,1285,Excitatory_Neuron
45230,1264,unassigned
45231,1264,unassigned
45232,1275,Excitatory_Neuron
45233,1275,Excitatory_Neuron
45234,1271,Excitatory_Neuron
45235,1302,Astro-Epen
45236,1272,Astro-Epen
45237,1272,Astro-Epen
45238,1264,unassigned
45239,1264,unassigned
45240,1264,unassigned
45241,1277,unassigned
45242,1303,Excitatory_Neuron
45243,1274,Excitatory_Neuron
45244,1281,Astro-Epen
45245,1281,Astro-Epen
45246,1270,Excitatory_Neuron
45247,1264,unassigned
45248,1264,unassigned
45249,1275,Excitatory_Neuron
45250,1287,unassigned
45251,1275,Excitatory_Neuron
45252,1264,unassigned
45253,1267,Excitatory_Neuron
45254,1290,Astro-Epen
45255,1264,unassigned
45256,1264,unassigned
45257,1293,unassigned
45258,1268,Excitatory_Neuron
45259,1264,unassigned
45260,1297,Excitatory_Neuron
45261,1279,unassigned
45262,1264,unassigned
45263,1270,Excitatory_Neuron
45264,1264,unassigned
45265,1270,Excitatory_Neuron
45266,1264,unassigned
45267,1285,Excitatory_Neuron
45268,1295,Astro-Epen
45269,1304,Excitatory_Neuron
45270,1265,unassigned
45271,1305,unassigned
45272,1288,Astro-Epen
45273,1288,Astro-Epen
45274,1264,unassigned
45275,1272,Astro-Epen
45276,1264,unassigned
45277,1264,unassigned
45278,1293,unassigned
45279,1293,unassigned
45280,1268,Excitatory_Neuron
45281,1268,Excitatory_Neuron
45282,1269,Excitatory_Neuron
45283,1285,Excitatory_Neuron
45284,1299,unassigned
45285,1264,unassigned
45286,1264,unassigned
45287,1264,unassigned
45288,1267,Excitatory_Neuron
45289,1264,unassigned
45290,1278,unassigned
45291,1274,Excitatory_Neuron
45292,1274,Excitatory_Neuron
45293,1264,unassigned
45294,1270,Excitatory_Neuron
45295,1270,Excitatory_Neuron
45296,1281,Astro-Epen
45297,1264,unassigned
45298,1285,Excitatory_Neuron
45299,1299,unassigned
45300,1275,Excitatory_Neuron
45301,1287,unassigned
45302,1264,unassigned
45303,1303,Excitatory_Neuron
45304,1264,unassigned
45305,1264,unassigned
45306,1264,unassigned
45307,1264,unassigned
45308,1264,unassigned
45309,1282,Immune
45310,1264,unassigned
45311,1289,Immune
45312,1264,unassigned
45313,1274,Excitatory_Neuron
45314,1269,Excitatory_Neuron
45315,1264,unassigned
45316,1281,Astro-Epen
45317,1281,Astro-Epen
45318,1270,Excitatory_Neuron
45319,1266,Excitatory_Neuron
45320,1266,Excitatory_Neuron
45321,1264,unassigned
45322,1275,Excitatory_Neuron
45323,1275,Excitatory_Neuron
45324,1264,unassigned
45325,1264,unassigned
45326,1264,unassigned
45327,1282,Immune
45328,1276,Astro-Epen
45329,1290,Astro-Epen
45330,1267,Excitatory_Neuron
45331,1264,unassigned
45332,1288,Astro-Epen
45333,1290,Astro-Epen
45334,1268,Excitatory_Neuron
45335,1274,Excitatory_Neuron
45336,1269,Excitatory_Neuron
45337,1269,Excitatory_Neuron
45338,1279,unassigned
45339,1281,Astro-Epen
45340,1270,Excitatory_Neuron
45341,1264,unassigned
45342,1275,Excitatory_Neuron
45343,1275,Excitatory_Neuron
45344,1264,unassigned
45345,1287,unassigned
45346,1276,Astro-Epen
45347,1264,unassigned
45348,1305,unassigned
45349,1272,Astro-Epen
45350,1264,unassigned
45351,1292,unassigned
45352,1283,unassigned
45353,1283,unassigned
45354,1277,unassigned
45355,1270,Excitatory_Neuron
45356,1266,Excitatory_Neuron
45357,1264,unassigned
45358,1271,Excitatory_Neuron
45359,1294,Astro-Epen
45360,1283,unassigned
45361,1264,unassigned
45362,1289,Immune
45363,1289,Immune
45364,1264,unassigned
45365,1264,unassigned
45366,1285,Excitatory_Neuron
45367,1266,Excitatory_Neuron
45368,1287,unassigned
45369,1295,Astro-Epen
45370,1282,Immune
45371,1276,Astro-Epen
45372,1292,unassigned
45373,1264,unassigned
45374,1294,Astro-Epen
45375,1264,unassigned
45376,1289,Immune
45377,1289,Immune
45378,1274,Excitatory_Neuron
45379,1264,unassigned
45380,1264,unassigned
45381,1288,Astro-Epen
45382,1264,unassigned
45383,1264,unassigned
45384,1264,unassigned
45385,1269,Excitatory_Neuron
45386,1297,Excitatory_Neuron
45387,1279,unassigned
45388,1297,Excitatory_Neuron
45389,1264,unassigned
45390,1264,unassigned
45391,1270,Excitatory_Neuron
45392,1281,Astro-Epen
45393,1264,unassigned
45394,1299,unassigned
45395,1285,Excitatory_Neuron
45396,1287,unassigned
45397,1264,unassigned
45398,1276,Astro-Epen
45399,1276,Astro-Epen
45400,1267,Excitatory_Neuron
45401,1264,unassigned
45402,1272,Astro-Epen
45403,1288,Astro-Epen
45404,1264,unassigned
45405,1283,unassigned
45406,1289,Immune
45407,1285,Excitatory_Neuron
45408,1302,Astro-Epen
45409,1288,Astro-Epen
45410,1272,Astro-Epen
45411,1290,Astro-Epen
45412,1288,Astro-Epen
45413,1264,unassigned
45414,1283,unassigned
45415,1288,Astro-Epen
45416,1288,Astro-Epen
45417,1278,unassigned
45418,1281,Astro-Epen
45419,1264,unassigned
45420,1264,unassigned
45421,1282,Immune
45422,1302,Astro-Epen
45423,1306,unassigned
45424,1294,Astro-Epen
45425,1264,unassigned
45426,1281,Astro-Epen
45427,1270,Excitatory_Neuron
45428,1275,Excitatory_Neuron
45429,1272,Astro-Epen
45430,1264,unassigned
45431,1264,unassigned
45432,1280,Excitatory_Neuron
45433,1279,unassigned
45434,1281,Astro-Epen
45435,1275,Excitatory_Neuron
45436,1264,unassigned
45437,1287,unassigned
45438,1276,Astro-Epen
45439,1302,Astro-Epen
45440,1271,Excitatory_Neuron
45441,1271,Excitatory_Neuron
45442,1267,Excitatory_Neuron
45443,1288,Astro-Epen
45444,1283,unassigned
45445,1264,unassigned
45446,1279,unassigned
45447,1281,Astro-Epen
45448,1275,Excitatory_Neuron
45449,1275,Excitatory_Neuron
45450,1264,unassigned
45451,1264,unassigned
45452,1282,Immune
45453,1302,Astro-Epen
45454,1264,unassigned
45455,1302,Astro-Epen
45456,1264,unassigned
45457,1276,Astro-Epen
45458,1271,Excitatory_Neuron
45459,1272,Astro-Epen
45460,1264,unassigned
45461,1264,unassigned
45462,1289,Immune
45463,1297,Excitatory_Neuron
45464,1264,unassigned
45465,1264,unassigned
45466,1302,Astro-Epen
45467,1276,Astro-Epen
45468,1272,Astro-Epen
45469,1272,Astro-Epen
45470,1264,unassigned
45471,1264,unassigned
45472,1269,Excitatory_Neuron
45473,1269,Excitatory_Neuron
45474,1281,Astro-Epen
45475,1270,Excitatory_Neuron
45476,1270,Excitatory_Neuron
45477,1264,unassigned
45478,1305,unassigned
45479,1271,Excitatory_Neuron
45480,1264,unassigned
45481,1272,Astro-Epen
45482,1264,unassigned
45483,1303,Excitatory_Neuron
45484,1268,Excitatory_Neuron
45485,1264,unassigned
45486,1264,unassigned
45487,1275,Excitatory_Neuron
45488,1282,Immune
45489,1305,unassigned
45490,1272,Astro-Epen
45491,1294,Astro-Epen
45492,1264,unassigned
45493,1264,unassigned
45494,1293,unassigned
45495,1307,Immune
45496,1264,unassigned
45497,1264,unassigned
45498,1270,Excitatory_Neuron
45499,1264,unassigned
45500,1275,Excitatory_Neuron
45501,1271,Excitatory_Neuron
45502,1271,Excitatory_Neuron
45503,1264,unassigned
45504,1272,Astro-Epen
45505,1264,unassigned
45506,1264,unassigned
45507,1264,unassigned
45508,1280,Excitatory_Neuron
45509,1269,Excitatory_Neuron
45510,1281,Astro-Epen
45511,1266,Excitatory_Neuron
45512,1266,Excitatory_Neuron
45513,1282,Immune
45514,1264,unassigned
45515,1267,Excitatory_Neuron
45516,1272,Astro-Epen
45517,1274,Excitatory_Neuron
45518,1264,unassigned
45519,1274,Excitatory_Neuron
45520,1270,Excitatory_Neuron
45521,1297,Excitatory_Neuron
45522,1299,unassigned
45523,1264,unassigned
45524,1299,unassigned
45525,1264,unassigned
45526,1288,Astro-Epen
45527,1264,unassigned
45528,1289,Immune
45529,1293,unassigned
45530,1280,Excitatory_Neuron
45531,1308,Excitatory_Neuron
45532,1308,Excitatory_Neuron
45533,1281,Astro-Epen
45534,1297,Excitatory_Neuron
45535,1264,unassigned
45536,1264,unassigned
45537,1264,unassigned
45538,1275,Excitatory_Neuron
45539,1265,unassigned
45540,1264,unassigned
45541,1264,unassigned
45542,1264,unassigned
45543,1272,Astro-Epen
45544,1264,unassigned
45545,1264,unassigned
45546,1288,Astro-Epen
45547,1264,unassigned
45548,1264,unassigned
45549,1280,Excitatory_Neuron
45550,1268,Excitatory_Neuron
45551,1297,Excitatory_Neuron
45552,1281,Astro-Epen
45553,1295,Astro-Epen
45554,1304,Excitatory_Neuron
45555,1264,unassigned
45556,1267,Excitatory_Neuron
45557,1264,unassigned
45558,1306,unassigned
45559,1264,unassigned
45560,1277,unassigned
45561,1264,unassigned
45562,1266,Excitatory_Neuron
45563,1285,Excitatory_Neuron
45564,1285,Excitatory_Neuron
45565,1264,unassigned
45566,1282,Immune
45567,1264,unassigned
45568,1290,Astro-Epen
45569,1264,unassigned
45570,1288,Astro-Epen
45571,1278,unassigned
45572,1293,unassigned
45573,1278,unassigned
45574,1269,Excitatory_Neuron
45575,1270,Excitatory_Neuron
45576,1266,Excitatory_Neuron
45577,1264,unassigned
45578,1264,unassigned
45579,1264,unassigned
45580,1304,Excitatory_Neuron
45581,1290,Astro-Epen
45582,1267,Excitatory_Neuron
45583,1264,unassigned
45584,1264,unassigned
45585,1269,Excitatory_Neuron
45586,1279,unassigned
45587,1299,unassigned
45588,1264,unassigned
45589,1282,Immune
45590,1271,Excitatory_Neuron
45591,1264,unassigned
45592,1289,Immune
45593,1280,Excitatory_Neuron
45594,1268,Excitatory_Neuron
45595,1270,Excitatory_Neuron
45596,1285,Excitatory_Neuron
45597,1264,unassigned
45598,1302,Astro-Epen
45599,1271,Excitatory_Neuron
45600,1290,Astro-Epen
45601,1267,Excitatory_Neuron
45602,1272,Astro-Epen
45603,1294,Astro-Epen
45604,1306,unassigned
45605,1288,Astro-Epen
45606,1294,Astro-Epen
45607,1266,Excitatory_Neuron
45608,1264,unassigned
45609,1295,Astro-Epen
45610,1282,Immune
45611,1271,Excitatory_Neuron
45612,1283,unassigned
45613,1264,unassigned
45614,1264,unassigned
45615,1280,Excitatory_Neuron
45616,1270,Excitatory_Neuron
45617,1270,Excitatory_Neuron
45618,1270,Excitatory_Neuron
45619,1264,unassigned
45620,1287,unassigned
45621,1282,Immune
45622,1283,unassigned
45623,1264,unassigned
45624,1289,Immune
45625,1303,Excitatory_Neuron
45626,1280,Excitatory_Neuron
45627,1274,Excitatory_Neuron
45628,1268,Excitatory_Neuron
45629,1270,Excitatory_Neuron
45630,1297,Excitatory_Neuron
45631,1285,Excitatory_Neuron
45632,1270,Excitatory_Neuron
45633,1299,unassigned
45634,1282,Immune
45635,1302,Astro-Epen
45636,1264,unassigned
45637,1272,Astro-Epen
45638,1272,Astro-Epen
45639,1294,Astro-Epen
45640,1264,unassigned
45641,1288,Astro-Epen
45642,1294,Astro-Epen
45643,1264,unassigned
45644,1303,Excitatory_Neuron
45645,1266,Excitatory_Neuron
45646,1299,unassigned
45647,1264,unassigned
45648,1276,Astro-Epen
45649,1264,unassigned
45650,1264,unassigned
45651,1264,unassigned
45652,1289,Immune
45653,1308,Excitatory_Neuron
45654,1285,Excitatory_Neuron
45655,1276,Astro-Epen
45656,1288,Astro-Epen
45657,1264,unassigned
45658,1264,unassigned
45659,1309,unassigned
45660,1264,unassigned
45661,1278,unassigned
45662,1269,Excitatory_Neuron
45663,1270,Excitatory_Neuron
45664,1281,Astro-Epen
45665,1281,Astro-Epen
45666,1309,unassigned
45667,1289,Immune
45668,1278,unassigned
45669,1308,Excitatory_Neuron
45670,1281,Astro-Epen
45671,1297,Excitatory_Neuron
45672,1299,unassigned
45673,1270,Excitatory_Neuron
45674,1287,unassigned
45675,1310,unassigned
45676,1305,unassigned
45677,1264,unassigned
45678,1271,Excitatory_Neuron
45679,1288,Astro-Epen
45680,1283,unassigned
45681,1293,unassigned
45682,1299,unassigned
45683,1282,Immune
45684,1275,Excitatory_Neuron
45685,1282,Immune
45686,1271,Excitatory_Neuron
45687,1264,unassigned
45688,1264,unassigned
45689,1305,unassigned
45690,1288,Astro-Epen
45691,1294,Astro-Epen
45692,1278,unassigned
45693,1308,Excitatory_Neuron
45694,1297,Excitatory_Neuron
45695,1270,Excitatory_Neuron
45696,1264,unassigned
45697,1264,unassigned
45698,1282,Immune
45699,1282,Immune
45700,1276,Astro-Epen
45701,1276,Astro-Epen
45702,1271,Excitatory_Neuron
45703,1267,Excitatory_Neuron
45704,1288,Astro-Epen
45705,1288,Astro-Epen
45706,1264,unassigned
45707,1288,Astro-Epen
45708,1288,Astro-Epen
45709,1280,Excitatory_Neuron
45710,1308,Excitatory_Neuron
45711,1308,Excitatory_Neuron
45712,1264,unassigned
45713,1275,Excitatory_Neuron
45714,1282,Immune
45715,1287,unassigned
45716,1271,Excitatory_Neuron
45717,1271,Excitatory_Neuron
45718,1267,Excitatory_Neuron
45719,1264,unassigned
45720,1311,unassigned
45721,1288,Astro-Epen
45722,1283,unassigned
45723,1264,unassigned
45724,1269,Excitatory_Neuron
45725,1264,unassigned
45726,1270,Excitatory_Neuron
45727,1285,Excitatory_Neuron
45728,1270,Excitatory_Neuron
45729,1266,Excitatory_Neuron
45730,1264,unassigned
45731,1264,unassigned
45732,1304,Excitatory_Neuron
45733,1290,Astro-Epen
45734,1290,Astro-Epen
45735,1267,Excitatory_Neuron
45736,1264,unassigned
45737,1264,unassigned
45738,1264,unassigned
45739,1264,unassigned
45740,1264,unassigned
45741,1264,unassigned
45742,1281,Astro-Epen
45743,1270,Excitatory_Neuron
45744,1264,unassigned
45745,1285,Excitatory_Neuron
45746,1275,Excitatory_Neuron
45747,1275,Excitatory_Neuron
45748,1264,unassigned
45749,1312,unassigned
45750,1272,Astro-Epen
45751,1264,unassigned
45752,1294,Astro-Epen
45753,1283,unassigned
45754,1289,Immune
45755,1281,Astro-Epen
45756,1297,Excitatory_Neuron
45757,1285,Excitatory_Neuron
45758,1266,Excitatory_Neuron
45759,1282,Immune
45760,1276,Astro-Epen
45761,1272,Astro-Epen
45762,1283,unassigned
45763,1264,unassigned
45764,1274,Excitatory_Neuron
45765,1281,Astro-Epen
45766,1270,Excitatory_Neuron
45767,1264,unassigned
45768,1264,unassigned
45769,1264,unassigned
45770,1264,unassigned
45771,1264,unassigned
45772,1282,Immune
45773,1264,unassigned
45774,1272,Astro-Epen
45775,1272,Astro-Epen
45776,1294,Astro-Epen
45777,1264,unassigned
45778,1306,unassigned
45779,1272,Astro-Epen
45780,1283,unassigned
45781,1274,Excitatory_Neuron
45782,1297,Excitatory_Neuron
45783,1297,Excitatory_Neuron
45784,1275,Excitatory_Neuron
45785,1271,Excitatory_Neuron
45786,1305,unassigned
45787,1271,Excitatory_Neuron
45788,1283,unassigned
45789,1294,Astro-Epen
45790,1307,Immune
45791,1278,unassigned
45792,1297,Excitatory_Neuron
45793,1281,Astro-Epen
45794,1264,unassigned
45795,1264,unassigned
45796,1264,unassigned
45797,1264,unassigned
45798,1266,Excitatory_Neuron
45799,1264,unassigned
45800,1275,Excitatory_Neuron
45801,1264,unassigned
45802,1305,unassigned
45803,1305,unassigned
45804,1272,Astro-Epen
45805,1272,Astro-Epen
45806,1272,Astro-Epen
45807,1288,Astro-Epen
45808,1288,Astro-Epen
45809,1264,unassigned
45810,1264,unassigned
45811,1303,Excitatory_Neuron
45812,1297,Excitatory_Neuron
45813,1266,Excitatory_Neuron
45814,1266,Excitatory_Neuron
45815,1295,Astro-Epen
45816,1282,Immune
45817,1271,Excitatory_Neuron
45818,1271,Excitatory_Neuron
45819,1271,Excitatory_Neuron
45820,1276,Astro-Epen
45821,1290,Astro-Epen
45822,1272,Astro-Epen
45823,1288,Astro-Epen
45824,1264,unassigned
45825,1264,unassigned
45826,1289,Immune
45827,1274,Excitatory_Neuron
45828,1275,Excitatory_Neuron
45829,1264,unassigned
45830,1304,Excitatory_Neuron
45831,1271,Excitatory_Neuron
45832,1302,Astro-Epen
45833,1271,Excitatory_Neuron
45834,1267,Excitatory_Neuron
45835,1267,Excitatory_Neuron
45836,1264,unassigned
45837,1264,unassigned
45838,1303,Excitatory_Neuron
45839,1303,Excitatory_Neuron
45840,1269,Excitatory_Neuron
45841,1279,unassigned
45842,1297,Excitatory_Neuron
45843,1279,unassigned
45844,1266,Excitatory_Neuron
45845,1282,Immune
45846,1282,Immune
45847,1290,Astro-Epen
45848,1264,unassigned
45849,1288,Astro-Epen
45850,1307,Immune
45851,1270,Excitatory_Neuron
45852,1266,Excitatory_Neuron
45853,1285,Excitatory_Neuron
45854,1295,Astro-Epen
45855,1304,Excitatory_Neuron
45856,1290,Astro-Epen
45857,1272,Astro-Epen
45858,1269,Excitatory_Neuron
45859,1270,Excitatory_Neuron
45860,1264,unassigned
45861,1304,Excitatory_Neuron
45862,1276,Astro-Epen
45863,1271,Excitatory_Neuron
45864,1290,Astro-Epen
45865,1264,unassigned
45866,1276,Astro-Epen
45867,1306,unassigned
45868,1264,unassigned
45869,1264,unassigned
45870,1280,Excitatory_Neuron
45871,1270,Excitatory_Neuron
45872,1285,Excitatory_Neuron
45873,1264,unassigned
45874,1275,Excitatory_Neuron
45875,1264,unassigned
45876,1282,Immune
45877,1305,unassigned
45878,1272,Astro-Epen
45879,1311,unassigned
45880,1272,Astro-Epen
45881,1264,unassigned
45882,1280,Excitatory_Neuron
45883,1308,Excitatory_Neuron
45884,1297,Excitatory_Neuron
45885,1264,unassigned
45886,1276,Astro-Epen
45887,1276,Astro-Epen
45888,1271,Excitatory_Neuron
45889,1272,Astro-Epen
45890,1276,Astro-Epen
45891,1311,unassigned
45892,1306,unassigned
45893,1303,Excitatory_Neuron
45894,1274,Excitatory_Neuron
45895,1268,Excitatory_Neuron
45896,1275,Excitatory_Neuron
45897,1266,Excitatory_Neuron
45898,1266,Excitatory_Neuron
45899,1282,Immune
45900,1282,Immune
45901,1264,unassigned
45902,1264,unassigned
45903,1272,Astro-Epen
45904,1288,Astro-Epen
45905,1264,unassigned
45906,1280,Excitatory_Neuron
45907,1274,Excitatory_Neuron
45908,1270,Excitatory_Neuron
45909,1297,Excitatory_Neuron
45910,1299,unassigned
45911,1282,Immune
45912,1264,unassigned
45913,1264,unassigned
45914,1271,Excitatory_Neuron
45915,1294,Astro-Epen
45916,1264,unassigned
45917,1278,unassigned
45918,1313,unassigned
45919,1280,Excitatory_Neuron
45920,1303,Excitatory_Neuron
45921,1264,unassigned
45922,1269,Excitatory_Neuron
45923,1281,Astro-Epen
45924,1297,Excitatory_Neuron
45925,1281,Astro-Epen
45926,1281,Astro-Epen
45927,1266,Excitatory_Neuron
45928,1290,Astro-Epen
45929,1264,unassigned
45930,1288,Astro-Epen
45931,1283,unassigned
45932,1274,Excitatory_Neuron
45933,1274,Excitatory_Neuron
45934,1266,Excitatory_Neuron
45935,1282,Immune
45936,1267,Excitatory_Neuron
45937,1276,Astro-Epen
45938,1264,unassigned
45939,1264,unassigned
45940,1307,Immune
45941,1289,Immune
45942,1303,Excitatory_Neuron
45943,1270,Excitatory_Neuron
45944,1270,Excitatory_Neuron
45945,1266,Excitatory_Neuron
45946,1304,Excitatory_Neuron
45947,1267,Excitatory_Neuron
45948,1272,Astro-Epen
45949,1311,unassigned
45950,1264,unassigned
45951,1303,Excitatory_Neuron
45952,1274,Excitatory_Neuron
45953,1297,Excitatory_Neuron
45954,1264,unassigned
45955,1264,unassigned
45956,1304,Excitatory_Neuron
45957,1264,unassigned
45958,1272,Astro-Epen
45959,1289,Immune
45960,1303,Excitatory_Neuron
45961,1274,Excitatory_Neuron
45962,1264,unassigned
45963,1264,unassigned
45964,1302,Astro-Epen
45965,1264,unassigned
45966,1281,Astro-Epen
45967,1264,unassigned
45968,1302,Astro-Epen
45969,1271,Excitatory_Neuron
45970,1288,Astro-Epen
45971,1288,Astro-Epen
45972,1306,unassigned
45973,1278,unassigned
45974,1278,unassigned
45975,1280,Excitatory_Neuron
45976,1280,Excitatory_Neuron
45977,1274,Excitatory_Neuron
45978,1281,Astro-Epen
45979,1264,unassigned
45980,1271,Excitatory_Neuron
45981,1304,Excitatory_Neuron
45982,1272,Astro-Epen
45983,1311,unassigned
45984,1264,unassigned
45985,1303,Excitatory_Neuron
45986,1264,unassigned
45987,1268,Excitatory_Neuron
45988,1297,Excitatory_Neuron
45989,1270,Excitatory_Neuron
45990,1275,Excitatory_Neuron
45991,1275,Excitatory_Neuron
45992,1304,Excitatory_Neuron
45993,1276,Astro-Epen
45994,1288,Astro-Epen
45995,1311,unassigned
45996,1314,unassigned
45997,1264,unassigned
45998,1289,Immune
45999,1278,unassigned
46000,1274,Excitatory_Neuron
46001,1297,Excitatory_Neuron
46002,1264,unassigned
46003,1275,Excitatory_Neuron
46004,1264,unassigned
46005,1302,Astro-Epen
46006,1304,Excitatory_Neuron
46007,1290,Astro-Epen
46008,1289,Immune
46009,1278,unassigned
46010,1297,Excitatory_Neuron
46011,1270,Excitatory_Neuron
46012,1264,unassigned
46013,1264,unassigned
46014,1264,unassigned
46015,1275,Excitatory_Neuron
46016,1275,Excitatory_Neuron
46017,1276,Astro-Epen
46018,1272,Astro-Epen
46019,1272,Astro-Epen
46020,1269,Excitatory_Neuron
46021,1279,unassigned
46022,1275,Excitatory_Neuron
46023,1302,Astro-Epen
46024,1264,unassigned
46025,1290,Astro-Epen
46026,1272,Astro-Epen
46027,1280,Excitatory_Neuron
46028,1274,Excitatory_Neuron
46029,1315,Excitatory_Neuron
46030,1264,unassigned
46031,1270,Excitatory_Neuron
46032,1264,unassigned
46033,1285,Excitatory_Neuron
46034,1266,Excitatory_Neuron
46035,1287,unassigned
46036,1276,Astro-Epen
46037,1272,Astro-Epen
46038,1272,Astro-Epen
46039,1283,unassigned
46040,1290,Astro-Epen
46041,1264,unassigned
46042,1269,Excitatory_Neuron
46043,1281,Astro-Epen
46044,1285,Excitatory_Neuron
46045,1270,Excitatory_Neuron
46046,1270,Excitatory_Neuron
46047,1276,Astro-Epen
46048,1276,Astro-Epen
46049,1276,Astro-Epen
46050,1290,Astro-Epen
46051,1294,Astro-Epen
46052,1278,unassigned
46053,1264,unassigned
46054,1281,Astro-Epen
46055,1270,Excitatory_Neuron
46056,1275,Excitatory_Neuron
46057,1282,Immune
46058,1264,unassigned
46059,1316,unassigned
46060,1290,Astro-Epen
46061,1264,unassigned
46062,1264,unassigned
46063,1289,Immune
46064,1274,Excitatory_Neuron
46065,1269,Excitatory_Neuron
46066,1270,Excitatory_Neuron
46067,1266,Excitatory_Neuron
46068,1275,Excitatory_Neuron
46069,1302,Astro-Epen
46070,1276,Astro-Epen
46071,1290,Astro-Epen
46072,1264,unassigned
46073,1264,unassigned
46074,1278,unassigned
46075,1270,Excitatory_Neuron
46076,1270,Excitatory_Neuron
46077,1299,unassigned
46078,1264,unassigned
46079,1275,Excitatory_Neuron
46080,1285,Excitatory_Neuron
46081,1264,unassigned
46082,1264,unassigned
46083,1271,Excitatory_Neuron
46084,1264,unassigned
46085,1317,unassigned
46086,1274,Excitatory_Neuron
46087,1276,Astro-Epen
46088,1276,Astro-Epen
46089,1264,unassigned
46090,1264,unassigned
46091,1278,unassigned
46092,1308,Excitatory_Neuron
46093,1266,Excitatory_Neuron
46094,1285,Excitatory_Neuron
46095,1266,Excitatory_Neuron
46096,1272,Astro-Epen
46097,1272,Astro-Epen
46098,1294,Astro-Epen
46099,1281,Astro-Epen
46100,1264,unassigned
46101,1264,unassigned
46102,1264,unassigned
46103,1288,Astro-Epen
46104,1288,Astro-Epen
46105,1264,unassigned
46106,1264,unassigned
46107,1278,unassigned
46108,1280,Excitatory_Neuron
46109,1285,Excitatory_Neuron
46110,1270,Excitatory_Neuron
46111,1299,unassigned
46112,1264,unassigned
46113,1266,Excitatory_Neuron
46114,1264,unassigned
46115,1276,Astro-Epen
46116,1276,Astro-Epen
46117,1302,Astro-Epen
46118,1290,Astro-Epen
46119,1290,Astro-Epen
46120,1264,unassigned
46121,1272,Astro-Epen
46122,1280,Excitatory_Neuron
46123,1266,Excitatory_Neuron
46124,1264,unassigned
46125,1276,Astro-Epen
46126,1290,Astro-Epen
46127,1264,unassigned
46128,1318,unassigned
46129,1272,Astro-Epen
46130,1278,unassigned
46131,1274,Excitatory_Neuron
46132,1269,Excitatory_Neuron
46133,1270,Excitatory_Neuron
46134,1270,Excitatory_Neuron
46135,1266,Excitatory_Neuron
46136,1285,Excitatory_Neuron
46137,1285,Excitatory_Neuron
46138,1264,unassigned
46139,1282,Immune
46140,1275,Excitatory_Neuron
46141,1276,Astro-Epen
46142,1302,Astro-Epen
46143,1264,unassigned
46144,1290,Astro-Epen
46145,1264,unassigned
46146,1306,unassigned
46147,1317,unassigned
46148,1278,unassigned
46149,1303,Excitatory_Neuron
46150,1281,Astro-Epen
46151,1315,Excitatory_Neuron
46152,1297,Excitatory_Neuron
46153,1297,Excitatory_Neuron
46154,1264,unassigned
46155,1266,Excitatory_Neuron
46156,1264,unassigned
46157,1282,Immune
46158,1276,Astro-Epen
46159,1290,Astro-Epen
46160,1290,Astro-Epen
46161,1264,unassigned
46162,1264,unassigned
46163,1274,Excitatory_Neuron
46164,1268,Excitatory_Neuron
46165,1279,unassigned
46166,1297,Excitatory_Neuron
46167,1264,unassigned
46168,1282,Immune
46169,1264,unassigned
46170,1287,unassigned
46171,1302,Astro-Epen
46172,1276,Astro-Epen
46173,1276,Astro-Epen
46174,1267,Excitatory_Neuron
46175,1264,unassigned
46176,1290,Astro-Epen
46177,1264,unassigned
46178,1306,unassigned
46179,1278,unassigned
46180,1307,Immune
46181,1289,Immune
46182,1274,Excitatory_Neuron
46183,1270,Excitatory_Neuron
46184,1264,unassigned
46185,1302,Astro-Epen
46186,1276,Astro-Epen
46187,1276,Astro-Epen
46188,1290,Astro-Epen
46189,1288,Astro-Epen
46190,1264,unassigned
46191,1283,unassigned
46192,1264,unassigned
46193,1278,unassigned
46194,1269,Excitatory_Neuron
46195,1269,Excitatory_Neuron
46196,1308,Excitatory_Neuron
46197,1270,Excitatory_Neuron
46198,1264,unassigned
46199,1302,Astro-Epen
46200,1264,unassigned
46201,1294,Astro-Epen
46202,1264,unassigned
46203,1307,Immune
46204,1278,unassigned
46205,1270,Excitatory_Neuron
46206,1264,unassigned
46207,1302,Astro-Epen
46208,1272,Astro-Epen
46209,1264,unassigned
46210,1269,Excitatory_Neuron
46211,1267,Excitatory_Neuron
46212,1276,Astro-Epen
46213,1272,Astro-Epen
46214,1272,Astro-Epen
46215,1264,unassigned
46216,1306,unassigned
46217,1283,unassigned
46218,1264,unassigned
46219,1264,unassigned
46220,1264,unassigned
46221,1303,Excitatory_Neuron
46222,1281,Astro-Epen
46223,1297,Excitatory_Neuron
46224,1279,unassigned
46225,1279,unassigned
46226,1281,Astro-Epen
46227,1270,Excitatory_Neuron
46228,1266,Excitatory_Neuron
46229,1276,Astro-Epen
46230,1304,Excitatory_Neuron
46231,1264,unassigned
46232,1290,Astro-Epen
46233,1271,Excitatory_Neuron
46234,1288,Astro-Epen
46235,1288,Astro-Epen
46236,1294,Astro-Epen
46237,1264,unassigned
46238,1264,unassigned
46239,1288,Astro-Epen
46240,1264,unassigned
46241,1306,unassigned
46242,1281,Astro-Epen
46243,1270,Excitatory_Neuron
46244,1270,Excitatory_Neuron
46245,1270,Excitatory_Neuron
46246,1275,Excitatory_Neuron
46247,1282,Immune
46248,1302,Astro-Epen
46249,1267,Excitatory_Neuron
46250,1302,Astro-Epen
46251,1264,unassigned
46252,1294,Astro-Epen
46253,1306,unassigned
46254,1264,unassigned
46255,1264,unassigned
46256,1274,Excitatory_Neuron
46257,1297,Excitatory_Neuron
46258,1270,Excitatory_Neuron
46259,1285,Excitatory_Neuron
46260,1264,unassigned
46261,1264,unassigned
46262,1287,unassigned
46263,1302,Astro-Epen
46264,1276,Astro-Epen
46265,1290,Astro-Epen
46266,1311,unassigned
46267,1272,Astro-Epen
46268,1267,Excitatory_Neuron
46269,1267,Excitatory_Neuron
46270,1278,unassigned
46271,1303,Excitatory_Neuron
46272,1268,Excitatory_Neuron
46273,1269,Excitatory_Neuron
46274,1270,Excitatory_Neuron
46275,1270,Excitatory_Neuron
46276,1270,Excitatory_Neuron
46277,1302,Astro-Epen
46278,1264,unassigned
46279,1302,Astro-Epen
46280,1302,Astro-Epen
46281,1264,unassigned
46282,1264,unassigned
46283,1319,Astro-Epen
46284,1289,Immune
46285,1274,Excitatory_Neuron
46286,1297,Excitatory_Neuron
46287,1266,Excitatory_Neuron
46288,1264,unassigned
46289,1264,unassigned
46290,1282,Immune
46291,1282,Immune
46292,1264,unassigned
46293,1302,Astro-Epen
46294,1302,Astro-Epen
46295,1264,unassigned
46296,1272,Astro-Epen
46297,1288,Astro-Epen
46298,1307,Immune
46299,1303,Excitatory_Neuron
46300,1269,Excitatory_Neuron
46301,1281,Astro-Epen
46302,1297,Excitatory_Neuron
46303,1275,Excitatory_Neuron
46304,1264,unassigned
46305,1282,Immune
46306,1264,unassigned
46307,1264,unassigned
46308,1302,Astro-Epen
46309,1272,Astro-Epen
46310,1272,Astro-Epen
46311,1264,unassigned
46312,1294,Astro-Epen
46313,1306,unassigned
46314,1264,unassigned
46315,1307,Immune
46316,1289,Immune
46317,1269,Excitatory_Neuron
46318,1269,Excitatory_Neuron
46319,1281,Astro-Epen
46320,1297,Excitatory_Neuron
46321,1297,Excitatory_Neuron
46322,1297,Excitatory_Neuron
46323,1297,Excitatory_Neuron
46324,1270,Excitatory_Neuron
46325,1285,Excitatory_Neuron
46326,1264,unassigned
46327,1290,Astro-Epen
46328,1276,Astro-Epen
46329,1264,unassigned
46330,1267,Excitatory_Neuron
46331,1306,unassigned
46332,1289,Immune
46333,1307,Immune
46334,1308,Excitatory_Neuron
46335,1297,Excitatory_Neuron
46336,1302,Astro-Epen
46337,1272,Astro-Epen
46338,1264,unassigned
46339,1264,unassigned
46340,1278,unassigned
46341,1303,Excitatory_Neuron
46342,1269,Excitatory_Neuron
46343,1269,Excitatory_Neuron
46344,1264,unassigned
46345,1281,Astro-Epen
46346,1266,Excitatory_Neuron
46347,1276,Astro-Epen
46348,1288,Astro-Epen
46349,1311,unassigned
46350,1272,Astro-Epen
46351,1306,unassigned
46352,1264,unassigned
46353,1264,unassigned
46354,1289,Immune
46355,1266,Excitatory_Neuron
46356,1266,Excitatory_Neuron
46357,1285,Excitatory_Neuron
46358,1264,unassigned
46359,1282,Immune
46360,1295,Astro-Epen
46361,1264,unassigned
46362,1302,Astro-Epen
46363,1302,Astro-Epen
46364,1264,unassigned
46365,1264,unassigned
46366,1272,Astro-Epen
46367,1264,unassigned
46368,1264,unassigned
46369,1278,unassigned
46370,1289,Immune
46371,1264,unassigned
46372,1278,unassigned
46373,1280,Excitatory_Neuron
46374,1297,Excitatory_Neuron
46375,1297,Excitatory_Neuron
46376,1270,Excitatory_Neuron
46377,1285,Excitatory_Neuron
46378,1266,Excitatory_Neuron
46379,1282,Immune
46380,1282,Immune
46381,1275,Excitatory_Neuron
46382,1264,unassigned
46383,1276,Astro-Epen
46384,1302,Astro-Epen
46385,1264,unassigned
46386,1289,Immune
46387,1274,Excitatory_Neuron
46388,1270,Excitatory_Neuron
46389,1270,Excitatory_Neuron
46390,1266,Excitatory_Neuron
46391,1264,unassigned
46392,1264,unassigned
46393,1264,unassigned
46394,1283,unassigned
46395,1264,unassigned
46396,1280,Excitatory_Neuron
46397,1275,Excitatory_Neuron
46398,1270,Excitatory_Neuron
46399,1275,Excitatory_Neuron
46400,1320,unassigned
46401,1264,unassigned
46402,1302,Astro-Epen
46403,1304,Excitatory_Neuron
46404,1267,Excitatory_Neuron
46405,1306,unassigned
46406,1307,Immune
46407,1280,Excitatory_Neuron
46408,1270,Excitatory_Neuron
46409,1270,Excitatory_Neuron
46410,1294,Astro-Epen
46411,1264,unassigned
46412,1303,Excitatory_Neuron
46413,1264,unassigned
46414,1285,Excitatory_Neuron
46415,1270,Excitatory_Neuron
46416,1290,Astro-Epen
46417,1294,Astro-Epen
46418,1264,unassigned
46419,1280,Excitatory_Neuron
46420,1297,Excitatory_Neuron
46421,1270,Excitatory_Neuron
46422,1285,Excitatory_Neuron
46423,1270,Excitatory_Neuron
46424,1275,Excitatory_Neuron
46425,1302,Astro-Epen
46426,1302,Astro-Epen
46427,1264,unassigned
46428,1311,unassigned
46429,1264,unassigned
46430,1321,unassigned
46431,1303,Excitatory_Neuron
46432,1269,Excitatory_Neuron
46433,1308,Excitatory_Neuron
46434,1308,Excitatory_Neuron
46435,1315,Excitatory_Neuron
46436,1315,Excitatory_Neuron
46437,1281,Astro-Epen
46438,1270,Excitatory_Neuron
46439,1266,Excitatory_Neuron
46440,1266,Excitatory_Neuron
46441,1264,unassigned
46442,1282,Immune
46443,1295,Astro-Epen
46444,1304,Excitatory_Neuron
46445,1276,Astro-Epen
46446,1264,unassigned
46447,1264,unassigned
46448,1308,Excitatory_Neuron
46449,1281,Astro-Epen
46450,1281,Astro-Epen
46451,1264,unassigned
46452,1285,Excitatory_Neuron
46453,1266,Excitatory_Neuron
46454,1264,unassigned
46455,1304,Excitatory_Neuron
46456,1276,Astro-Epen
46457,1288,Astro-Epen
46458,1294,Astro-Epen
46459,1264,unassigned
46460,1319,Astro-Epen
46461,1278,unassigned
46462,1297,Excitatory_Neuron
46463,1285,Excitatory_Neuron
46464,1266,Excitatory_Neuron
46465,1264,unassigned
46466,1264,unassigned
46467,1302,Astro-Epen
46468,1302,Astro-Epen
46469,1276,Astro-Epen
46470,1306,unassigned
46471,1264,unassigned
46472,1264,unassigned
46473,1303,Excitatory_Neuron
46474,1322,Astro-Epen
46475,1295,Astro-Epen
46476,1276,Astro-Epen
46477,1264,unassigned
46478,1264,unassigned
46479,1264,unassigned
46480,1264,unassigned
46481,1264,unassigned
46482,1269,Excitatory_Neuron
46483,1274,Excitatory_Neuron
46484,1281,Astro-Epen
46485,1270,Excitatory_Neuron
46486,1285,Excitatory_Neuron
46487,1264,unassigned
46488,1302,Astro-Epen
46489,1276,Astro-Epen
46490,1302,Astro-Epen
46491,1264,unassigned
46492,1267,Excitatory_Neuron
46493,1264,unassigned
46494,1278,unassigned
46495,1274,Excitatory_Neuron
46496,1297,Excitatory_Neuron
46497,1315,Excitatory_Neuron
46498,1297,Excitatory_Neuron
46499,1264,unassigned
46500,1275,Excitatory_Neuron
46501,1266,Excitatory_Neuron
46502,1264,unassigned
46503,1264,unassigned
46504,1271,Excitatory_Neuron
46505,1271,Excitatory_Neuron
46506,1272,Astro-Epen
46507,1264,unassigned
46508,1308,Excitatory_Neuron
46509,1269,Excitatory_Neuron
46510,1269,Excitatory_Neuron
46511,1281,Astro-Epen
46512,1270,Excitatory_Neuron
46513,1275,Excitatory_Neuron
46514,1282,Immune
46515,1264,unassigned
46516,1304,Excitatory_Neuron
46517,1302,Astro-Epen
46518,1276,Astro-Epen
46519,1264,unassigned
46520,1303,Excitatory_Neuron
46521,1303,Excitatory_Neuron
46522,1281,Astro-Epen
46523,1297,Excitatory_Neuron
46524,1270,Excitatory_Neuron
46525,1270,Excitatory_Neuron
46526,1264,unassigned
46527,1264,unassigned
46528,1264,unassigned
46529,1271,Excitatory_Neuron
46530,1264,unassigned
46531,1264,unassigned
46532,1289,Immune
46533,1297,Excitatory_Neuron
46534,1275,Excitatory_Neuron
46535,1264,unassigned
46536,1302,Astro-Epen
46537,1282,Immune
46538,1276,Astro-Epen
46539,1290,Astro-Epen
46540,1264,unassigned
46541,1264,unassigned
46542,1264,unassigned
46543,1289,Immune
46544,1264,unassigned
46545,1302,Astro-Epen
46546,1271,Excitatory_Neuron
46547,1264,unassigned
46548,1272,Astro-Epen
46549,1272,Astro-Epen
46550,1288,Astro-Epen
46551,1314,unassigned
46552,1272,Astro-Epen
46553,1264,unassigned
46554,1280,Excitatory_Neuron
46555,1280,Excitatory_Neuron
46556,1303,Excitatory_Neuron
46557,1303,Excitatory_Neuron
46558,1308,Excitatory_Neuron
46559,1269,Excitatory_Neuron
46560,1308,Excitatory_Neuron
46561,1281,Astro-Epen
46562,1264,unassigned
46563,1264,unassigned
46564,1264,unassigned
46565,1282,Immune
46566,1276,Astro-Epen
46567,1267,Excitatory_Neuron
46568,1272,Astro-Epen
46569,1264,unassigned
46570,1274,Excitatory_Neuron
46571,1308,Excitatory_Neuron
46572,1266,Excitatory_Neuron
46573,1264,unassigned
46574,1302,Astro-Epen
46575,1272,Astro-Epen
46576,1319,Astro-Epen
46577,1280,Excitatory_Neuron
46578,1274,Excitatory_Neuron
46579,1285,Excitatory_Neuron
46580,1297,Excitatory_Neuron
46581,1282,Immune
46582,1323,Astro-Epen
46583,1272,Astro-Epen
46584,1319,Astro-Epen
46585,1264,unassigned
46586,1281,Astro-Epen
46587,1315,Excitatory_Neuron
46588,1315,Excitatory_Neuron
46589,1281,Astro-Epen
46590,1285,Excitatory_Neuron
46591,1285,Excitatory_Neuron
46592,1282,Immune
46593,1304,Excitatory_Neuron
46594,1264,unassigned
46595,1264,unassigned
46596,1280,Excitatory_Neuron
46597,1280,Excitatory_Neuron
46598,1285,Excitatory_Neuron
46599,1285,Excitatory_Neuron
46600,1264,unassigned
46601,1266,Excitatory_Neuron
46602,1304,Excitatory_Neuron
46603,1272,Astro-Epen
46604,1294,Astro-Epen
46605,1264,unassigned
46606,1321,unassigned
46607,1315,Excitatory_Neuron
46608,1281,Astro-Epen
46609,1281,Astro-Epen
46610,1281,Astro-Epen
46611,1297,Excitatory_Neuron
46612,1281,Astro-Epen
46613,1270,Excitatory_Neuron
46614,1264,unassigned
46615,1282,Immune
46616,1264,unassigned
46617,1306,unassigned
46618,1264,unassigned
46619,1264,unassigned
46620,1264,unassigned
46621,1319,Astro-Epen
46622,1274,Excitatory_Neuron
46623,1269,Excitatory_Neuron
46624,1315,Excitatory_Neuron
46625,1270,Excitatory_Neuron
46626,1275,Excitatory_Neuron
46627,1275,Excitatory_Neuron
46628,1304,Excitatory_Neuron
46629,1302,Astro-Epen
46630,1271,Excitatory_Neuron
46631,1290,Astro-Epen
46632,1272,Astro-Epen
46633,1264,unassigned
46634,1264,unassigned
46635,1294,Astro-Epen
46636,1303,Excitatory_Neuron
46637,1274,Excitatory_Neuron
46638,1308,Excitatory_Neuron
46639,1308,Excitatory_Neuron
46640,1315,Excitatory_Neuron
46641,1285,Excitatory_Neuron
46642,1266,Excitatory_Neuron
46643,1264,unassigned
46644,1276,Astro-Epen
46645,1264,unassigned
46646,1264,unassigned
46647,1264,unassigned
46648,1274,Excitatory_Neuron
46649,1308,Excitatory_Neuron
46650,1315,Excitatory_Neuron
46651,1285,Excitatory_Neuron
46652,1285,Excitatory_Neuron
46653,1275,Excitatory_Neuron
46654,1304,Excitatory_Neuron
46655,1276,Astro-Epen
46656,1302,Astro-Epen
46657,1302,Astro-Epen
46658,1290,Astro-Epen
46659,1264,unassigned
46660,1288,Astro-Epen
46661,1264,unassigned
46662,1281,Astro-Epen
46663,1275,Excitatory_Neuron
46664,1275,Excitatory_Neuron
46665,1275,Excitatory_Neuron
46666,1264,unassigned
46667,1276,Astro-Epen
46668,1276,Astro-Epen
46669,1302,Astro-Epen
46670,1276,Astro-Epen
46671,1290,Astro-Epen
46672,1267,Excitatory_Neuron
46673,1264,unassigned
46674,1264,unassigned
46675,1272,Astro-Epen
46676,1264,unassigned
46677,1294,Astro-Epen
46678,1264,unassigned
46679,1289,Immune
46680,1308,Excitatory_Neuron
46681,1281,Astro-Epen
46682,1281,Astro-Epen
46683,1322,Astro-Epen
46684,1275,Excitatory_Neuron
46685,1282,Immune
46686,1290,Astro-Epen
46687,1303,Excitatory_Neuron
46688,1303,Excitatory_Neuron
46689,1274,Excitatory_Neuron
46690,1281,Astro-Epen
46691,1297,Excitatory_Neuron
46692,1275,Excitatory_Neuron
46693,1276,Astro-Epen
46694,1304,Excitatory_Neuron
46695,1290,Astro-Epen
46696,1264,unassigned
46697,1264,unassigned
46698,1264,unassigned
46699,1289,Immune
46700,1289,Immune
46701,1274,Excitatory_Neuron
46702,1264,unassigned
46703,1308,Excitatory_Neuron
46704,1315,Excitatory_Neuron
46705,1270,Excitatory_Neuron
46706,1264,unassigned
46707,1282,Immune
46708,1276,Astro-Epen
46709,1302,Astro-Epen
46710,1304,Excitatory_Neuron
46711,1304,Excitatory_Neuron
46712,1302,Astro-Epen
46713,1276,Astro-Epen
46714,1302,Astro-Epen
46715,1302,Astro-Epen
46716,1272,Astro-Epen
46717,1264,unassigned
46718,1306,unassigned
46719,1264,unassigned
46720,1264,unassigned
46721,1269,Excitatory_Neuron
46722,1297,Excitatory_Neuron
46723,1297,Excitatory_Neuron
46724,1322,Astro-Epen
46725,1266,Excitatory_Neuron
46726,1264,unassigned
46727,1275,Excitatory_Neuron
46728,1323,Astro-Epen
46729,1304,Excitatory_Neuron
46730,1302,Astro-Epen
46731,1290,Astro-Epen
46732,1290,Astro-Epen
46733,1290,Astro-Epen
46734,1290,Astro-Epen
46735,1264,unassigned
46736,1280,Excitatory_Neuron
46737,1308,Excitatory_Neuron
46738,1308,Excitatory_Neuron
46739,1279,unassigned
46740,1315,Excitatory_Neuron
46741,1297,Excitatory_Neuron
46742,1281,Astro-Epen
46743,1285,Excitatory_Neuron
46744,1322,Astro-Epen
46745,1285,Excitatory_Neuron
46746,1295,Astro-Epen
46747,1304,Excitatory_Neuron
46748,1294,Astro-Epen
46749,1314,unassigned
46750,1289,Immune
46751,1289,Immune
46752,1281,Astro-Epen
46753,1264,unassigned
46754,1266,Excitatory_Neuron
46755,1295,Astro-Epen
46756,1302,Astro-Epen
46757,1304,Excitatory_Neuron
46758,1302,Astro-Epen
46759,1302,Astro-Epen
46760,1324,unassigned
46761,1290,Astro-Epen
46762,1264,unassigned
46763,1274,Excitatory_Neuron
46764,1308,Excitatory_Neuron
46765,1264,unassigned
46766,1315,Excitatory_Neuron
46767,1270,Excitatory_Neuron
46768,1302,Astro-Epen
46769,1282,Immune
46770,1276,Astro-Epen
46771,1290,Astro-Epen
46772,1302,Astro-Epen
46773,1302,Astro-Epen
46774,1272,Astro-Epen
46775,1264,unassigned
46776,1264,unassigned
46777,1269,Excitatory_Neuron
46778,1282,Immune
46779,1302,Astro-Epen
46780,1276,Astro-Epen
46781,1264,unassigned
46782,1267,Excitatory_Neuron
46783,1274,Excitatory_Neuron
46784,1297,Excitatory_Neuron
46785,1281,Astro-Epen
46786,1266,Excitatory_Neuron
46787,1264,unassigned
46788,1264,unassigned
46789,1276,Astro-Epen
46790,1304,Excitatory_Neuron
46791,1276,Astro-Epen
46792,1271,Excitatory_Neuron
46793,1264,unassigned
46794,1314,unassigned
46795,1264,unassigned
46796,1264,unassigned
46797,1264,unassigned
46798,1281,Astro-Epen
46799,1281,Astro-Epen
46800,1274,Excitatory_Neuron
46801,1297,Excitatory_Neuron
46802,1270,Excitatory_Neuron
46803,1266,Excitatory_Neuron
46804,1275,Excitatory_Neuron
46805,1302,Astro-Epen
46806,1272,Astro-Epen
46807,1290,Astro-Epen
46808,1267,Excitatory_Neuron
46809,1306,unassigned
46810,1294,Astro-Epen
46811,1285,Excitatory_Neuron
46812,1322,Astro-Epen
46813,1266,Excitatory_Neuron
46814,1266,Excitatory_Neuron
46815,1266,Excitatory_Neuron
46816,1282,Immune
46817,1271,Excitatory_Neuron
46818,1290,Astro-Epen
46819,1272,Astro-Epen
46820,1276,Astro-Epen
46821,1264,unassigned
46822,1307,Immune
46823,1307,Immune
46824,1303,Excitatory_Neuron
46825,1297,Excitatory_Neuron
46826,1281,Astro-Epen
46827,1322,Astro-Epen
46828,1275,Excitatory_Neuron
46829,1266,Excitatory_Neuron
46830,1285,Excitatory_Neuron
46831,1295,Astro-Epen
46832,1276,Astro-Epen
46833,1290,Astro-Epen
46834,1302,Astro-Epen
46835,1267,Excitatory_Neuron
46836,1272,Astro-Epen
46837,1264,unassigned
46838,1264,unassigned
46839,1274,Excitatory_Neuron
46840,1297,Excitatory_Neuron
46841,1297,Excitatory_Neuron
46842,1282,Immune
46843,1302,Astro-Epen
46844,1272,Astro-Epen
46845,1267,Excitatory_Neuron
46846,1288,Astro-Epen
46847,1288,Astro-Epen
46848,1272,Astro-Epen
46849,1314,unassigned
46850,1264,unassigned
46851,1264,unassigned
46852,1264,unassigned
46853,1307,Immune
46854,1297,Excitatory_Neuron
46855,1270,Excitatory_Neuron
46856,1297,Excitatory_Neuron
46857,1275,Excitatory_Neuron
46858,1264,unassigned
46859,1323,Astro-Epen
46860,1267,Excitatory_Neuron
46861,1311,unassigned
46862,1278,unassigned
46863,1289,Immune
46864,1280,Excitatory_Neuron
46865,1281,Astro-Epen
46866,1281,Astro-Epen
46867,1281,Astro-Epen
46868,1264,unassigned
46869,1264,unassigned
46870,1264,unassigned
46871,1304,Excitatory_Neuron
46872,1304,Excitatory_Neuron
46873,1304,Excitatory_Neuron
46874,1302,Astro-Epen
46875,1264,unassigned
46876,1264,unassigned
46877,1289,Immune
46878,1319,Astro-Epen
46879,1319,Astro-Epen
46880,1308,Excitatory_Neuron
46881,1297,Excitatory_Neuron
46882,1270,Excitatory_Neuron
46883,1264,unassigned
46884,1264,unassigned
46885,1285,Excitatory_Neuron
46886,1264,unassigned
46887,1290,Astro-Epen
46888,1290,Astro-Epen
46889,1276,Astro-Epen
46890,1264,unassigned
46891,1289,Immune
46892,1315,Excitatory_Neuron
46893,1297,Excitatory_Neuron
46894,1297,Excitatory_Neuron
46895,1325,unassigned
46896,1297,Excitatory_Neuron
46897,1285,Excitatory_Neuron
46898,1275,Excitatory_Neuron
46899,1282,Immune
46900,1264,unassigned
46901,1264,unassigned
46902,1264,unassigned
46903,1264,unassigned
46904,1289,Immune
46905,1274,Excitatory_Neuron
46906,1281,Astro-Epen
46907,1297,Excitatory_Neuron
46908,1281,Astro-Epen
46909,1266,Excitatory_Neuron
46910,1264,unassigned
46911,1264,unassigned
46912,1326,unassigned
46913,1276,Astro-Epen
46914,1267,Excitatory_Neuron
46915,1290,Astro-Epen
46916,1294,Astro-Epen
46917,1294,Astro-Epen
46918,1289,Immune
46919,1274,Excitatory_Neuron
46920,1274,Excitatory_Neuron
46921,1308,Excitatory_Neuron
46922,1297,Excitatory_Neuron
46923,1270,Excitatory_Neuron
46924,1264,unassigned
46925,1266,Excitatory_Neuron
46926,1264,unassigned
46927,1275,Excitatory_Neuron
46928,1302,Astro-Epen
46929,1272,Astro-Epen
46930,1267,Excitatory_Neuron
46931,1276,Astro-Epen
46932,1276,Astro-Epen
46933,1264,unassigned
46934,1267,Excitatory_Neuron
46935,1264,unassigned
46936,1314,unassigned
46937,1264,unassigned
46938,1264,unassigned
46939,1307,Immune
46940,1303,Excitatory_Neuron
46941,1303,Excitatory_Neuron
46942,1264,unassigned
46943,1327,Astro-Epen
46944,1304,Excitatory_Neuron
46945,1302,Astro-Epen
46946,1264,unassigned
46947,1307,Immune
46948,1303,Excitatory_Neuron
46949,1297,Excitatory_Neuron
46950,1270,Excitatory_Neuron
46951,1322,Astro-Epen
46952,1264,unassigned
46953,1264,unassigned
46954,1276,Astro-Epen
46955,1289,Immune
46956,1281,Astro-Epen
46957,1315,Excitatory_Neuron
46958,1281,Astro-Epen
46959,1264,unassigned
46960,1295,Astro-Epen
46961,1326,unassigned
46962,1267,Excitatory_Neuron
46963,1276,Astro-Epen
46964,1306,unassigned
46965,1264,unassigned
46966,1307,Immune
46967,1281,Astro-Epen
46968,1308,Excitatory_Neuron
46969,1308,Excitatory_Neuron
46970,1308,Excitatory_Neuron
46971,1281,Astro-Epen
46972,1328,unassigned
46973,1302,Astro-Epen
46974,1264,unassigned
46975,1329,unassigned
46976,1272,Astro-Epen
46977,1288,Astro-Epen
46978,1306,unassigned
46979,1264,unassigned
46980,1289,Immune
46981,1264,unassigned
46982,1297,Excitatory_Neuron
46983,1274,Excitatory_Neuron
46984,1270,Excitatory_Neuron
46985,1266,Excitatory_Neuron
46986,1264,unassigned
46987,1275,Excitatory_Neuron
46988,1264,unassigned
46989,1330,GABA_Neuron
46990,1276,Astro-Epen
46991,1264,unassigned
46992,1264,unassigned
46993,1288,Astro-Epen
46994,1264,unassigned
46995,1278,unassigned
46996,1264,unassigned
46997,1274,Excitatory_Neuron
46998,1275,Excitatory_Neuron
46999,1282,Immune
47000,1264,unassigned
47001,1302,Astro-Epen
47002,1264,unassigned
47003,1288,Astro-Epen
47004,1289,Immune
47005,1303,Excitatory_Neuron
47006,1331,unassigned
47007,1281,Astro-Epen
47008,1285,Excitatory_Neuron
47009,1264,unassigned
47010,1275,Excitatory_Neuron
47011,1276,Astro-Epen
47012,1288,Astro-Epen
47013,1272,Astro-Epen
47014,1264,unassigned
47015,1269,Excitatory_Neuron
47016,1308,Excitatory_Neuron
47017,1297,Excitatory_Neuron
47018,1315,Excitatory_Neuron
47019,1275,Excitatory_Neuron
47020,1275,Excitatory_Neuron
47021,1266,Excitatory_Neuron
47022,1264,unassigned
47023,1264,unassigned
47024,1275,Excitatory_Neuron
47025,1302,Astro-Epen
47026,1264,unassigned
47027,1264,unassigned
47028,1264,unassigned
47029,1306,unassigned
47030,1264,unassigned
47031,1264,unassigned
47032,1281,Astro-Epen
47033,1315,Excitatory_Neuron
47034,1315,Excitatory_Neuron
47035,1315,Excitatory_Neuron
47036,1266,Excitatory_Neuron
47037,1302,Astro-Epen
47038,1264,unassigned
47039,1272,Astro-Epen
47040,1272,Astro-Epen
47041,1306,unassigned
47042,1264,unassigned
47043,1307,Immune
47044,1308,Excitatory_Neuron
47045,1274,Excitatory_Neuron
47046,1281,Astro-Epen
47047,1315,Excitatory_Neuron
47048,1297,Excitatory_Neuron
47049,1275,Excitatory_Neuron
47050,1295,Astro-Epen
47051,1276,Astro-Epen
47052,1302,Astro-Epen
47053,1264,unassigned
47054,1272,Astro-Epen
47055,1272,Astro-Epen
47056,1306,unassigned
47057,1306,unassigned
47058,1264,unassigned
47059,1307,Immune
47060,1281,Astro-Epen
47061,1281,Astro-Epen
47062,1288,Astro-Epen
47063,1264,unassigned
47064,1288,Astro-Epen
47065,1307,Immune
47066,1297,Excitatory_Neuron
47067,1264,unassigned
47068,1264,unassigned
47069,1302,Astro-Epen
47070,1276,Astro-Epen
47071,1264,unassigned
47072,1302,Astro-Epen
47073,1272,Astro-Epen
47074,1314,unassigned
47075,1314,unassigned
47076,1303,Excitatory_Neuron
47077,1308,Excitatory_Neuron
47078,1269,Excitatory_Neuron
47079,1297,Excitatory_Neuron
47080,1266,Excitatory_Neuron
47081,1285,Excitatory_Neuron
47082,1264,unassigned
47083,1275,Excitatory_Neuron
47084,1304,Excitatory_Neuron
47085,1276,Astro-Epen
47086,1302,Astro-Epen
47087,1264,unassigned
47088,1264,unassigned
47089,1303,Excitatory_Neuron
47090,1322,Astro-Epen
47091,1275,Excitatory_Neuron
47092,1285,Excitatory_Neuron
47093,1266,Excitatory_Neuron
47094,1302,Astro-Epen
47095,1304,Excitatory_Neuron
47096,1272,Astro-Epen
47097,1332,unassigned
47098,1272,Astro-Epen
47099,1264,unassigned
47100,1306,unassigned
47101,1289,Immune
47102,1308,Excitatory_Neuron
47103,1281,Astro-Epen
47104,1285,Excitatory_Neuron
47105,1315,Excitatory_Neuron
47106,1322,Astro-Epen
47107,1275,Excitatory_Neuron
47108,1264,unassigned
47109,1275,Excitatory_Neuron
47110,1275,Excitatory_Neuron
47111,1302,Astro-Epen
47112,1323,Astro-Epen
47113,1264,unassigned
47114,1276,Astro-Epen
47115,1290,Astro-Epen
47116,1306,unassigned
47117,1306,unassigned
47118,1264,unassigned
47119,1280,Excitatory_Neuron
47120,1269,Excitatory_Neuron
47121,1281,Astro-Epen
47122,1315,Excitatory_Neuron
47123,1285,Excitatory_Neuron
47124,1275,Excitatory_Neuron
47125,1302,Astro-Epen
47126,1304,Excitatory_Neuron
47127,1264,unassigned
47128,1264,unassigned
47129,1276,Astro-Epen
47130,1264,unassigned
47131,1289,Immune
47132,1264,unassigned
47133,1274,Excitatory_Neuron
47134,1269,Excitatory_Neuron
47135,1285,Excitatory_Neuron
47136,1264,unassigned
47137,1326,unassigned
47138,1330,GABA_Neuron
47139,1276,Astro-Epen
47140,1264,unassigned
47141,1333,unassigned
47142,1264,unassigned
47143,1307,Immune
47144,1264,unassigned
47145,1315,Excitatory_Neuron
47146,1285,Excitatory_Neuron
47147,1304,Excitatory_Neuron
47148,1276,Astro-Epen
47149,1290,Astro-Epen
47150,1264,unassigned
47151,1264,unassigned
47152,1289,Immune
47153,1280,Excitatory_Neuron
47154,1297,Excitatory_Neuron
47155,1315,Excitatory_Neuron
47156,1297,Excitatory_Neuron
47157,1275,Excitatory_Neuron
47158,1264,unassigned
47159,1302,Astro-Epen
47160,1326,unassigned
47161,1276,Astro-Epen
47162,1276,Astro-Epen
47163,1272,Astro-Epen
47164,1264,unassigned
47165,1274,Excitatory_Neuron
47166,1274,Excitatory_Neuron
47167,1281,Astro-Epen
47168,1264,unassigned
47169,1281,Astro-Epen
47170,1270,Excitatory_Neuron
47171,1275,Excitatory_Neuron
47172,1304,Excitatory_Neuron
47173,1264,unassigned
47174,1280,Excitatory_Neuron
47175,1274,Excitatory_Neuron
47176,1274,Excitatory_Neuron
47177,1281,Astro-Epen
47178,1281,Astro-Epen
47179,1322,Astro-Epen
47180,1328,unassigned
47181,1285,Excitatory_Neuron
47182,1264,unassigned
47183,1323,Astro-Epen
47184,1304,Excitatory_Neuron
47185,1267,Excitatory_Neuron
47186,1329,unassigned
47187,1276,Astro-Epen
47188,1272,Astro-Epen
47189,1332,unassigned
47190,1288,Astro-Epen
47191,1288,Astro-Epen
47192,1306,unassigned
47193,1289,Immune
47194,1303,Excitatory_Neuron
47195,1264,unassigned
47196,1308,Excitatory_Neuron
47197,1315,Excitatory_Neuron
47198,1315,Excitatory_Neuron
47199,1285,Excitatory_Neuron
47200,1322,Astro-Epen
47201,1328,unassigned
47202,1266,Excitatory_Neuron
47203,1327,Astro-Epen
47204,1275,Excitatory_Neuron
47205,1264,unassigned
47206,1302,Astro-Epen
47207,1264,unassigned
47208,1272,Astro-Epen
47209,1264,unassigned
47210,1264,unassigned
47211,1274,Excitatory_Neuron
47212,1322,Astro-Epen
47213,1266,Excitatory_Neuron
47214,1304,Excitatory_Neuron
47215,1264,unassigned
47216,1276,Astro-Epen
47217,1272,Astro-Epen
47218,1290,Astro-Epen
47219,1264,unassigned
47220,1290,Astro-Epen
47221,1306,unassigned
47222,1264,unassigned
47223,1278,unassigned
47224,1315,Excitatory_Neuron
47225,1281,Astro-Epen
47226,1297,Excitatory_Neuron
47227,1281,Astro-Epen
47228,1285,Excitatory_Neuron
47229,1302,Astro-Epen
47230,1272,Astro-Epen
47231,1306,unassigned
47232,1307,Immune
47233,1264,unassigned
47234,1297,Excitatory_Neuron
47235,1315,Excitatory_Neuron
47236,1297,Excitatory_Neuron
47237,1285,Excitatory_Neuron
47238,1275,Excitatory_Neuron
47239,1266,Excitatory_Neuron
47240,1264,unassigned
47241,1323,Astro-Epen
47242,1302,Astro-Epen
47243,1276,Astro-Epen
47244,1264,unassigned
47245,1276,Astro-Epen
47246,1304,Excitatory_Neuron
47247,1272,Astro-Epen
47248,1311,unassigned
47249,1303,Excitatory_Neuron
47250,1327,Astro-Epen
47251,1275,Excitatory_Neuron
47252,1326,unassigned
47253,1264,unassigned
47254,1290,Astro-Epen
47255,1272,Astro-Epen
47256,1306,unassigned
47257,1264,unassigned
47258,1264,unassigned
47259,1274,Excitatory_Neuron
47260,1274,Excitatory_Neuron
47261,1308,Excitatory_Neuron
47262,1322,Astro-Epen
47263,1302,Astro-Epen
47264,1290,Astro-Epen
47265,1264,unassigned
47266,1281,Astro-Epen
47267,1264,unassigned
47268,1285,Excitatory_Neuron
47269,1315,Excitatory_Neuron
47270,1275,Excitatory_Neuron
47271,1304,Excitatory_Neuron
47272,1264,unassigned
47273,1306,unassigned
47274,1264,unassigned
47275,1307,Immune
47276,1280,Excitatory_Neuron
47277,1280,Excitatory_Neuron
47278,1303,Excitatory_Neuron
47279,1269,Excitatory_Neuron
47280,1281,Astro-Epen
47281,1315,Excitatory_Neuron
47282,1315,Excitatory_Neuron
47283,1297,Excitatory_Neuron
47284,1315,Excitatory_Neuron
47285,1285,Excitatory_Neuron
47286,1322,Astro-Epen
47287,1285,Excitatory_Neuron
47288,1264,unassigned
47289,1302,Astro-Epen
47290,1302,Astro-Epen
47291,1267,Excitatory_Neuron
47292,1290,Astro-Epen
47293,1290,Astro-Epen
47294,1264,unassigned
47295,1319,Astro-Epen
47296,1289,Immune
47297,1280,Excitatory_Neuron
47298,1269,Excitatory_Neuron
47299,1315,Excitatory_Neuron
47300,1285,Excitatory_Neuron
47301,1275,Excitatory_Neuron
47302,1306,unassigned
47303,1264,unassigned
47304,1264,unassigned
47305,1274,Excitatory_Neuron
47306,1315,Excitatory_Neuron
47307,1285,Excitatory_Neuron
47308,1322,Astro-Epen
47309,1285,Excitatory_Neuron
47310,1264,unassigned
47311,1275,Excitatory_Neuron
47312,1304,Excitatory_Neuron
47313,1276,Astro-Epen
47314,1290,Astro-Epen
47315,1306,unassigned
47316,1264,unassigned
47317,1264,unassigned
47318,1319,Astro-Epen
47319,1307,Immune
47320,1303,Excitatory_Neuron
47321,1303,Excitatory_Neuron
47322,1297,Excitatory_Neuron
47323,1285,Excitatory_Neuron
47324,1285,Excitatory_Neuron
47325,1285,Excitatory_Neuron
47326,1285,Excitatory_Neuron
47327,1266,Excitatory_Neuron
47328,1264,unassigned
47329,1276,Astro-Epen
47330,1290,Astro-Epen
47331,1290,Astro-Epen
47332,1332,unassigned
47333,1272,Astro-Epen
47334,1264,unassigned
47335,1288,Astro-Epen
47336,1264,unassigned
47337,1281,Astro-Epen
47338,1285,Excitatory_Neuron
47339,1285,Excitatory_Neuron
47340,1322,Astro-Epen
47341,1285,Excitatory_Neuron
47342,1302,Astro-Epen
47343,1288,Astro-Epen
47344,1264,unassigned
47345,1333,unassigned
47346,1289,Immune
47347,1264,unassigned
47348,1308,Excitatory_Neuron
47349,1285,Excitatory_Neuron
47350,1322,Astro-Epen
47351,1264,unassigned
47352,1276,Astro-Epen
47353,1302,Astro-Epen
47354,1264,unassigned
47355,1272,Astro-Epen
47356,1290,Astro-Epen
47357,1288,Astro-Epen
47358,1264,unassigned
47359,1303,Excitatory_Neuron
47360,1274,Excitatory_Neuron
47361,1281,Astro-Epen
47362,1322,Astro-Epen
47363,1264,unassigned
47364,1323,Astro-Epen
47365,1326,unassigned
47366,1264,unassigned
47367,1264,unassigned
47368,1290,Astro-Epen
47369,1264,unassigned
47370,1264,unassigned
47371,1315,Excitatory_Neuron
47372,1315,Excitatory_Neuron
47373,1270,Excitatory_Neuron
47374,1327,Astro-Epen
47375,1264,unassigned
47376,1264,unassigned
47377,1281,Astro-Epen
47378,1269,Excitatory_Neuron
47379,1281,Astro-Epen
47380,1275,Excitatory_Neuron
47381,1275,Excitatory_Neuron
47382,1264,unassigned
47383,1326,unassigned
47384,1302,Astro-Epen
47385,1276,Astro-Epen
47386,1276,Astro-Epen
47387,1290,Astro-Epen
47388,1276,Astro-Epen
47389,1290,Astro-Epen
47390,1290,Astro-Epen
47391,1264,unassigned
47392,1264,unassigned
47393,1264,unassigned
47394,1303,Excitatory_Neuron
47395,1274,Excitatory_Neuron
47396,1274,Excitatory_Neuron
47397,1297,Excitatory_Neuron
47398,1264,unassigned
47399,1327,Astro-Epen
47400,1304,Excitatory_Neuron
47401,1264,unassigned
47402,1264,unassigned
47403,1302,Astro-Epen
47404,1264,unassigned
47405,1290,Astro-Epen
47406,1288,Astro-Epen
47407,1274,Excitatory_Neuron
47408,1297,Excitatory_Neuron
47409,1322,Astro-Epen
47410,1264,unassigned
47411,1264,unassigned
47412,1276,Astro-Epen
47413,1304,Excitatory_Neuron
47414,1334,unassigned
47415,1276,Astro-Epen
47416,1306,unassigned
47417,1264,unassigned
47418,1308,Excitatory_Neuron
47419,1328,unassigned
47420,1322,Astro-Epen
47421,1322,Astro-Epen
47422,1295,Astro-Epen
47423,1302,Astro-Epen
47424,1326,unassigned
47425,1304,Excitatory_Neuron
47426,1302,Astro-Epen
47427,1290,Astro-Epen
47428,1335,unassigned
47429,1335,unassigned
47430,1264,unassigned
47431,1270,Excitatory_Neuron
47432,1328,unassigned
47433,1302,Astro-Epen
47434,1336,Excitatory_Neuron
47435,1337,unassigned
47436,1315,Excitatory_Neuron
47437,1297,Excitatory_Neuron
47438,1315,Excitatory_Neuron
47439,1281,Astro-Epen
47440,1328,unassigned
47441,1275,Excitatory_Neuron
47442,1275,Excitatory_Neuron
47443,1302,Astro-Epen
47444,1326,unassigned
47445,1304,Excitatory_Neuron
47446,1276,Astro-Epen
47447,1272,Astro-Epen
47448,1288,Astro-Epen
47449,1337,unassigned
47450,1337,unassigned
47451,1264,unassigned
47452,1289,Immune
47453,1274,Excitatory_Neuron
47454,1274,Excitatory_Neuron
47455,1281,Astro-Epen
47456,1315,Excitatory_Neuron
47457,1297,Excitatory_Neuron
47458,1322,Astro-Epen
47459,1264,unassigned
47460,1304,Excitatory_Neuron
47461,1276,Astro-Epen
47462,1335,unassigned
47463,1288,Astro-Epen
47464,1272,Astro-Epen
47465,1264,unassigned
47466,1264,unassigned
47467,1264,unassigned
47468,1307,Immune
47469,1289,Immune
47470,1281,Astro-Epen
47471,1297,Excitatory_Neuron
47472,1322,Astro-Epen
47473,1285,Excitatory_Neuron
47474,1264,unassigned
47475,1275,Excitatory_Neuron
47476,1275,Excitatory_Neuron
47477,1264,unassigned
47478,1304,Excitatory_Neuron
47479,1326,unassigned
47480,1288,Astro-Epen
47481,1264,unassigned
47482,1264,unassigned
47483,1264,unassigned
47484,1264,unassigned
47485,1319,Astro-Epen
47486,1280,Excitatory_Neuron
47487,1308,Excitatory_Neuron
47488,1297,Excitatory_Neuron
47489,1285,Excitatory_Neuron
47490,1266,Excitatory_Neuron
47491,1327,Astro-Epen
47492,1302,Astro-Epen
47493,1326,unassigned
47494,1330,GABA_Neuron
47495,1302,Astro-Epen
47496,1288,Astro-Epen
47497,1337,unassigned
47498,1264,unassigned
47499,1337,unassigned
47500,1264,unassigned
47501,1264,unassigned
47502,1319,Astro-Epen
47503,1303,Excitatory_Neuron
47504,1275,Excitatory_Neuron
47505,1275,Excitatory_Neuron
47506,1327,Astro-Epen
47507,1326,unassigned
47508,1276,Astro-Epen
47509,1323,Astro-Epen
47510,1290,Astro-Epen
47511,1272,Astro-Epen
47512,1264,unassigned
47513,1337,unassigned
47514,1264,unassigned
47515,1289,Immune
47516,1303,Excitatory_Neuron
47517,1285,Excitatory_Neuron
47518,1323,Astro-Epen
47519,1302,Astro-Epen
47520,1302,Astro-Epen
47521,1290,Astro-Epen
47522,1290,Astro-Epen
47523,1336,Excitatory_Neuron
47524,1264,unassigned
47525,1337,unassigned
47526,1264,unassigned
47527,1264,unassigned
47528,1281,Astro-Epen
47529,1281,Astro-Epen
47530,1297,Excitatory_Neuron
47531,1315,Excitatory_Neuron
47532,1328,unassigned
47533,1327,Astro-Epen
47534,1264,unassigned
47535,1272,Astro-Epen
47536,1306,unassigned
47537,1264,unassigned
47538,1289,Immune
47539,1289,Immune
47540,1308,Excitatory_Neuron
47541,1308,Excitatory_Neuron
47542,1297,Excitatory_Neuron
47543,1297,Excitatory_Neuron
47544,1281,Astro-Epen
47545,1304,Excitatory_Neuron
47546,1304,Excitatory_Neuron
47547,1302,Astro-Epen
47548,1276,Astro-Epen
47549,1334,unassigned
47550,1276,Astro-Epen
47551,1288,Astro-Epen
47552,1264,unassigned
47553,1264,unassigned
47554,1281,Astro-Epen
47555,1322,Astro-Epen
47556,1270,Excitatory_Neuron
47557,1264,unassigned
47558,1285,Excitatory_Neuron
47559,1285,Excitatory_Neuron
47560,1323,Astro-Epen
47561,1264,unassigned
47562,1334,unassigned
47563,1288,Astro-Epen
47564,1264,unassigned
47565,1264,unassigned
47566,1264,unassigned
47567,1289,Immune
47568,1319,Astro-Epen
47569,1303,Excitatory_Neuron
47570,1297,Excitatory_Neuron
47571,1281,Astro-Epen
47572,1322,Astro-Epen
47573,1285,Excitatory_Neuron
47574,1276,Astro-Epen
47575,1276,Astro-Epen
47576,1315,Excitatory_Neuron
47577,1322,Astro-Epen
47578,1275,Excitatory_Neuron
47579,1327,Astro-Epen
47580,1302,Astro-Epen
47581,1264,unassigned
47582,1264,unassigned
47583,1264,unassigned
47584,1264,unassigned
47585,1289,Immune
47586,1274,Excitatory_Neuron
47587,1274,Excitatory_Neuron
47588,1285,Excitatory_Neuron
47589,1275,Excitatory_Neuron
47590,1326,unassigned
47591,1334,unassigned
47592,1264,unassigned
47593,1281,Astro-Epen
47594,1322,Astro-Epen
47595,1327,Astro-Epen
47596,1302,Astro-Epen
47597,1276,Astro-Epen
47598,1276,Astro-Epen
47599,1334,unassigned
47600,1294,Astro-Epen
47601,1264,unassigned
47602,1297,Excitatory_Neuron
47603,1322,Astro-Epen
47604,1337,unassigned
47605,1338,unassigned
47606,1264,unassigned
47607,1264,unassigned
47608,1289,Immune
47609,1281,Astro-Epen
47610,1285,Excitatory_Neuron
47611,1302,Astro-Epen
47612,1323,Astro-Epen
47613,1276,Astro-Epen
47614,1264,unassigned
47615,1264,unassigned
47616,1315,Excitatory_Neuron
47617,1285,Excitatory_Neuron
47618,1285,Excitatory_Neuron
47619,1276,Astro-Epen
47620,1302,Astro-Epen
47621,1302,Astro-Epen
47622,1336,Excitatory_Neuron
47623,1288,Astro-Epen
47624,1264,unassigned
47625,1264,unassigned
47626,1274,Excitatory_Neuron
47627,1308,Excitatory_Neuron
47628,1281,Astro-Epen
47629,1339,unassigned
47630,1266,Excitatory_Neuron
47631,1304,Excitatory_Neuron
47632,1288,Astro-Epen
47633,1264,unassigned
47634,1264,unassigned
47635,1264,unassigned
47636,1264,unassigned
47637,1319,Astro-Epen
47638,1280,Excitatory_Neuron
47639,1274,Excitatory_Neuron
47640,1308,Excitatory_Neuron
47641,1322,Astro-Epen
47642,1264,unassigned
47643,1264,unassigned
47644,1276,Astro-Epen
47645,1264,unassigned
47646,1276,Astro-Epen
47647,1334,unassigned
47648,1264,unassigned
47649,1264,unassigned
47650,1264,unassigned
47651,1285,Excitatory_Neuron
47652,1327,Astro-Epen
47653,1302,Astro-Epen
47654,1337,unassigned
47655,1264,unassigned
47656,1264,unassigned
47657,1264,unassigned
47658,1289,Immune
47659,1264,unassigned
47660,1280,Excitatory_Neuron
47661,1308,Excitatory_Neuron
47662,1304,Excitatory_Neuron
47663,1304,Excitatory_Neuron
47664,1264,unassigned
47665,1264,unassigned
47666,1307,Immune
47667,1289,Immune
47668,1289,Immune
47669,1297,Excitatory_Neuron
47670,1322,Astro-Epen
47671,1322,Astro-Epen
47672,1285,Excitatory_Neuron
47673,1275,Excitatory_Neuron
47674,1323,Astro-Epen
47675,1326,unassigned
47676,1302,Astro-Epen
47677,1264,unassigned
47678,1294,Astro-Epen
47679,1280,Excitatory_Neuron
47680,1308,Excitatory_Neuron
47681,1281,Astro-Epen
47682,1281,Astro-Epen
47683,1285,Excitatory_Neuron
47684,1264,unassigned
47685,1264,unassigned
47686,1275,Excitatory_Neuron
47687,1304,Excitatory_Neuron
47688,1304,Excitatory_Neuron
47689,1264,unassigned
47690,1303,Excitatory_Neuron
47691,1339,unassigned
47692,1285,Excitatory_Neuron
47693,1328,unassigned
47694,1264,unassigned
47695,1276,Astro-Epen
47696,1326,unassigned
47697,1302,Astro-Epen
47698,1334,unassigned
47699,1264,unassigned
47700,1264,unassigned
47701,1264,unassigned
47702,1289,Immune
47703,1303,Excitatory_Neuron
47704,1308,Excitatory_Neuron
47705,1281,Astro-Epen
47706,1285,Excitatory_Neuron
47707,1327,Astro-Epen
47708,1326,unassigned
47709,1302,Astro-Epen
47710,1264,unassigned
47711,1264,unassigned
47712,1289,Immune
47713,1303,Excitatory_Neuron
47714,1297,Excitatory_Neuron
47715,1327,Astro-Epen
47716,1276,Astro-Epen
47717,1276,Astro-Epen
47718,1290,Astro-Epen
47719,1334,unassigned
47720,1264,unassigned
47721,1303,Excitatory_Neuron
47722,1297,Excitatory_Neuron
47723,1297,Excitatory_Neuron
47724,1281,Astro-Epen
47725,1315,Excitatory_Neuron
47726,1322,Astro-Epen
47727,1270,Excitatory_Neuron
47728,1264,unassigned
47729,1304,Excitatory_Neuron
47730,1326,unassigned
47731,1290,Astro-Epen
47732,1302,Astro-Epen
47733,1294,Astro-Epen
47734,1336,Excitatory_Neuron
47735,1264,unassigned
47736,1274,Excitatory_Neuron
47737,1274,Excitatory_Neuron
47738,1274,Excitatory_Neuron
47739,1264,unassigned
47740,1264,unassigned
47741,1264,unassigned
47742,1302,Astro-Epen
47743,1264,unassigned
47744,1303,Excitatory_Neuron
47745,1281,Astro-Epen
47746,1264,unassigned
47747,1322,Astro-Epen
47748,1264,unassigned
47749,1264,unassigned
47750,1326,unassigned
47751,1302,Astro-Epen
47752,1264,unassigned
47753,1264,unassigned
47754,1264,unassigned
47755,1308,Excitatory_Neuron
47756,1281,Astro-Epen
47757,1297,Excitatory_Neuron
47758,1281,Astro-Epen
47759,1315,Excitatory_Neuron
47760,1322,Astro-Epen
47761,1323,Astro-Epen
47762,1304,Excitatory_Neuron
47763,1264,unassigned
47764,1288,Astro-Epen
47765,1264,unassigned
47766,1274,Excitatory_Neuron
47767,1274,Excitatory_Neuron
47768,1322,Astro-Epen
47769,1275,Excitatory_Neuron
47770,1323,Astro-Epen
47771,1302,Astro-Epen
47772,1326,unassigned
47773,1340,unassigned
47774,1340,unassigned
47775,1307,Immune
47776,1308,Excitatory_Neuron
47777,1297,Excitatory_Neuron
47778,1322,Astro-Epen
47779,1270,Excitatory_Neuron
47780,1264,unassigned
47781,1264,unassigned
47782,1264,unassigned
47783,1264,unassigned
47784,1289,Immune
47785,1303,Excitatory_Neuron
47786,1303,Excitatory_Neuron
47787,1308,Excitatory_Neuron
47788,1297,Excitatory_Neuron
47789,1339,unassigned
47790,1322,Astro-Epen
47791,1275,Excitatory_Neuron
47792,1264,unassigned
47793,1304,Excitatory_Neuron
47794,1323,Astro-Epen
47795,1276,Astro-Epen
47796,1302,Astro-Epen
47797,1319,Astro-Epen
47798,1274,Excitatory_Neuron
47799,1308,Excitatory_Neuron
47800,1308,Excitatory_Neuron
47801,1281,Astro-Epen
47802,1322,Astro-Epen
47803,1285,Excitatory_Neuron
47804,1264,unassigned
47805,1264,unassigned
47806,1327,Astro-Epen
47807,1275,Excitatory_Neuron
47808,1264,unassigned
47809,1304,Excitatory_Neuron
47810,1276,Astro-Epen
47811,1276,Astro-Epen
47812,1264,unassigned
47813,1334,unassigned
47814,1290,Astro-Epen
47815,1337,unassigned
47816,1264,unassigned
47817,1264,unassigned
47818,1274,Excitatory_Neuron
47819,1308,Excitatory_Neuron
47820,1308,Excitatory_Neuron
47821,1281,Astro-Epen
47822,1264,unassigned
47823,1281,Astro-Epen
47824,1285,Excitatory_Neuron
47825,1339,unassigned
47826,1281,Astro-Epen
47827,1264,unassigned
47828,1327,Astro-Epen
47829,1264,unassigned
47830,1323,Astro-Epen
47831,1302,Astro-Epen
47832,1288,Astro-Epen
47833,1336,Excitatory_Neuron
47834,1336,Excitatory_Neuron
47835,1264,unassigned
47836,1264,unassigned
47837,1280,Excitatory_Neuron
47838,1297,Excitatory_Neuron
47839,1297,Excitatory_Neuron
47840,1327,Astro-Epen
47841,1304,Excitatory_Neuron
47842,1276,Astro-Epen
47843,1322,Astro-Epen
47844,1322,Astro-Epen
47845,1264,unassigned
47846,1276,Astro-Epen
47847,1290,Astro-Epen
47848,1288,Astro-Epen
47849,1264,unassigned
47850,1289,Immune
47851,1264,unassigned
47852,1297,Excitatory_Neuron
47853,1281,Astro-Epen
47854,1322,Astro-Epen
47855,1327,Astro-Epen
47856,1327,Astro-Epen
47857,1327,Astro-Epen
47858,1327,Astro-Epen
47859,1341,unassigned
47860,1330,GABA_Neuron
47861,1330,GABA_Neuron
47862,1288,Astro-Epen
47863,1272,Astro-Epen
47864,1308,Excitatory_Neuron
47865,1285,Excitatory_Neuron
47866,1322,Astro-Epen
47867,1339,unassigned
47868,1322,Astro-Epen
47869,1327,Astro-Epen
47870,1264,unassigned
47871,1264,unassigned
47872,1302,Astro-Epen
47873,1290,Astro-Epen
47874,1288,Astro-Epen
47875,1272,Astro-Epen
47876,1264,unassigned
47877,1308,Excitatory_Neuron
47878,1281,Astro-Epen
47879,1285,Excitatory_Neuron
47880,1297,Excitatory_Neuron
47881,1281,Astro-Epen
47882,1322,Astro-Epen
47883,1285,Excitatory_Neuron
47884,1327,Astro-Epen
47885,1264,unassigned
47886,1264,unassigned
47887,1264,unassigned
47888,1264,unassigned
47889,1307,Immune
47890,1297,Excitatory_Neuron
47891,1297,Excitatory_Neuron
47892,1339,unassigned
47893,1339,unassigned
47894,1322,Astro-Epen
47895,1322,Astro-Epen
47896,1328,unassigned
47897,1264,unassigned
47898,1264,unassigned
47899,1264,unassigned
47900,1264,unassigned
47901,1290,Astro-Epen
47902,1264,unassigned
47903,1280,Excitatory_Neuron
47904,1274,Excitatory_Neuron
47905,1274,Excitatory_Neuron
47906,1281,Astro-Epen
47907,1264,unassigned
47908,1323,Astro-Epen
47909,1304,Excitatory_Neuron
47910,1276,Astro-Epen
47911,1264,unassigned
47912,1290,Astro-Epen
47913,1336,Excitatory_Neuron
47914,1308,Excitatory_Neuron
47915,1339,unassigned
47916,1322,Astro-Epen
47917,1327,Astro-Epen
47918,1285,Excitatory_Neuron
47919,1264,unassigned
47920,1302,Astro-Epen
47921,1264,unassigned
47922,1326,unassigned
47923,1276,Astro-Epen
47924,1330,GABA_Neuron
47925,1289,Immune
47926,1328,unassigned
47927,1342,unassigned
47928,1288,Astro-Epen
47929,1280,Excitatory_Neuron
47930,1303,Excitatory_Neuron
47931,1274,Excitatory_Neuron
47932,1339,unassigned
47933,1285,Excitatory_Neuron
47934,1322,Astro-Epen
47935,1322,Astro-Epen
47936,1328,unassigned
47937,1264,unassigned
47938,1264,unassigned
47939,1302,Astro-Epen
47940,1302,Astro-Epen
47941,1290,Astro-Epen
47942,1264,unassigned
47943,1307,Immune
47944,1303,Excitatory_Neuron
47945,1274,Excitatory_Neuron
47946,1326,unassigned
47947,1330,GABA_Neuron
47948,1336,Excitatory_Neuron
47949,1264,unassigned
47950,1280,Excitatory_Neuron
47951,1308,Excitatory_Neuron
47952,1308,Excitatory_Neuron
47953,1315,Excitatory_Neuron
47954,1322,Astro-Epen
47955,1328,unassigned
47956,1264,unassigned
47957,1341,unassigned
47958,1276,Astro-Epen
47959,1264,unassigned
47960,1264,unassigned
47961,1264,unassigned
47962,1289,Immune
47963,1274,Excitatory_Neuron
47964,1308,Excitatory_Neuron
47965,1322,Astro-Epen
47966,1322,Astro-Epen
47967,1323,Astro-Epen
47968,1276,Astro-Epen
47969,1343,unassigned
47970,1336,Excitatory_Neuron
47971,1264,unassigned
47972,1264,unassigned
47973,1289,Immune
47974,1303,Excitatory_Neuron
47975,1297,Excitatory_Neuron
47976,1308,Excitatory_Neuron
47977,1315,Excitatory_Neuron
47978,1328,unassigned
47979,1328,unassigned
47980,1323,Astro-Epen
47981,1264,unassigned
47982,1272,Astro-Epen
47983,1264,unassigned
47984,1280,Excitatory_Neuron
47985,1264,unassigned
47986,1308,Excitatory_Neuron
47987,1281,Astro-Epen
47988,1328,unassigned
47989,1327,Astro-Epen
47990,1304,Excitatory_Neuron
47991,1326,unassigned
47992,1276,Astro-Epen
47993,1290,Astro-Epen
47994,1264,unassigned
47995,1334,unassigned
47996,1264,unassigned
47997,1264,unassigned
47998,1281,Astro-Epen
47999,1281,Astro-Epen
48000,1281,Astro-Epen
48001,1264,unassigned
48002,1285,Excitatory_Neuron
48003,1327,Astro-Epen
48004,1264,unassigned
48005,1327,Astro-Epen
48006,1304,Excitatory_Neuron
48007,1304,Excitatory_Neuron
48008,1264,unassigned
48009,1274,Excitatory_Neuron
48010,1297,Excitatory_Neuron
48011,1285,Excitatory_Neuron
48012,1327,Astro-Epen
48013,1327,Astro-Epen
48014,1264,unassigned
48015,1302,Astro-Epen
48016,1290,Astro-Epen
48017,1330,GABA_Neuron
48018,1337,unassigned
48019,1274,Excitatory_Neuron
48020,1315,Excitatory_Neuron
48021,1322,Astro-Epen
48022,1264,unassigned
48023,1327,Astro-Epen
48024,1302,Astro-Epen
48025,1264,unassigned
48026,1290,Astro-Epen
48027,1264,unassigned
48028,1264,unassigned
48029,1280,Excitatory_Neuron
48030,1303,Excitatory_Neuron
48031,1308,Excitatory_Neuron
48032,1315,Excitatory_Neuron
48033,1328,unassigned
48034,1264,unassigned
48035,1302,Astro-Epen
48036,1304,Excitatory_Neuron
48037,1336,Excitatory_Neuron
48038,1264,unassigned
48039,1336,Excitatory_Neuron
48040,1264,unassigned
48041,1281,Astro-Epen
48042,1308,Excitatory_Neuron
48043,1339,unassigned
48044,1304,Excitatory_Neuron
48045,1342,unassigned
48046,1264,unassigned
48047,1264,unassigned
48048,1319,Astro-Epen
48049,1280,Excitatory_Neuron
48050,1280,Excitatory_Neuron
48051,1280,Excitatory_Neuron
48052,1274,Excitatory_Neuron
48053,1285,Excitatory_Neuron
48054,1339,unassigned
48055,1264,unassigned
48056,1264,unassigned
48057,1264,unassigned
48058,1326,unassigned
48059,1276,Astro-Epen
48060,1336,Excitatory_Neuron
48061,1264,unassigned
48062,1308,Excitatory_Neuron
48063,1315,Excitatory_Neuron
48064,1315,Excitatory_Neuron
48065,1322,Astro-Epen
48066,1264,unassigned
48067,1272,Astro-Epen
48068,1264,unassigned
48069,1289,Immune
48070,1274,Excitatory_Neuron
48071,1264,unassigned
48072,1274,Excitatory_Neuron
48073,1264,unassigned
48074,1327,Astro-Epen
48075,1264,unassigned
48076,1327,Astro-Epen
48077,1327,Astro-Epen
48078,1323,Astro-Epen
48079,1276,Astro-Epen
48080,1289,Immune
48081,1307,Immune
48082,1281,Astro-Epen
48083,1339,unassigned
48084,1327,Astro-Epen
48085,1264,unassigned
48086,1327,Astro-Epen
48087,1304,Excitatory_Neuron
48088,1302,Astro-Epen
48089,1272,Astro-Epen
48090,1334,unassigned
48091,1336,Excitatory_Neuron
48092,1264,unassigned
48093,1280,Excitatory_Neuron
48094,1308,Excitatory_Neuron
48095,1308,Excitatory_Neuron
48096,1264,unassigned
48097,1297,Excitatory_Neuron
48098,1297,Excitatory_Neuron
48099,1322,Astro-Epen
48100,1328,unassigned
48101,1264,unassigned
48102,1290,Astro-Epen
48103,1264,unassigned
48104,1344,unassigned
48105,1303,Excitatory_Neuron
48106,1264,unassigned
48107,1281,Astro-Epen
48108,1297,Excitatory_Neuron
48109,1345,unassigned
48110,1327,Astro-Epen
48111,1264,unassigned
48112,1264,unassigned
48113,1276,Astro-Epen
48114,1334,unassigned
48115,1302,Astro-Epen
48116,1334,unassigned
48117,1334,unassigned
48118,1272,Astro-Epen
48119,1336,Excitatory_Neuron
48120,1303,Excitatory_Neuron
48121,1274,Excitatory_Neuron
48122,1274,Excitatory_Neuron
48123,1274,Excitatory_Neuron
48124,1315,Excitatory_Neuron
48125,1327,Astro-Epen
48126,1264,unassigned
48127,1323,Astro-Epen
48128,1326,unassigned
48129,1290,Astro-Epen
48130,1330,GABA_Neuron
48131,1334,unassigned
48132,1336,Excitatory_Neuron
48133,1276,Astro-Epen
48134,1264,unassigned
48135,1264,unassigned
48136,1264,unassigned
48137,1307,Immune
48138,1281,Astro-Epen
48139,1315,Excitatory_Neuron
48140,1339,unassigned
48141,1264,unassigned
48142,1327,Astro-Epen
48143,1264,unassigned
48144,1327,Astro-Epen
48145,1323,Astro-Epen
48146,1290,Astro-Epen
48147,1290,Astro-Epen
48148,1342,unassigned
48149,1264,unassigned
48150,1281,Astro-Epen
48151,1281,Astro-Epen
48152,1285,Excitatory_Neuron
48153,1315,Excitatory_Neuron
48154,1264,unassigned
48155,1326,unassigned
48156,1302,Astro-Epen
48157,1341,unassigned
48158,1342,unassigned
48159,1334,unassigned
48160,1303,Excitatory_Neuron
48161,1281,Astro-Epen
48162,1285,Excitatory_Neuron
48163,1328,unassigned
48164,1264,unassigned
48165,1264,unassigned
48166,1327,Astro-Epen
48167,1327,Astro-Epen
48168,1323,Astro-Epen
48169,1264,unassigned
48170,1304,Excitatory_Neuron
48171,1304,Excitatory_Neuron
48172,1337,unassigned
48173,1307,Immune
48174,1303,Excitatory_Neuron
48175,1264,unassigned
48176,1274,Excitatory_Neuron
48177,1281,Astro-Epen
48178,1297,Excitatory_Neuron
48179,1281,Astro-Epen
48180,1264,unassigned
48181,1322,Astro-Epen
48182,1345,unassigned
48183,1327,Astro-Epen
48184,1327,Astro-Epen
48185,1341,unassigned
48186,1330,GABA_Neuron
48187,1330,GABA_Neuron
48188,1308,Excitatory_Neuron
48189,1297,Excitatory_Neuron
48190,1285,Excitatory_Neuron
48191,1264,unassigned
48192,1323,Astro-Epen
48193,1302,Astro-Epen
48194,1342,unassigned
48195,1272,Astro-Epen
48196,1344,unassigned
48197,1336,Excitatory_Neuron
48198,1274,Excitatory_Neuron
48199,1315,Excitatory_Neuron
48200,1328,unassigned
48201,1339,unassigned
48202,1264,unassigned
48203,1334,unassigned
48204,1342,unassigned
48205,1264,unassigned
48206,1264,unassigned
48207,1281,Astro-Epen
48208,1264,unassigned
48209,1328,unassigned
48210,1328,unassigned
48211,1285,Excitatory_Neuron
48212,1264,unassigned
48213,1264,unassigned
48214,1264,unassigned
48215,1289,Immune
48216,1264,unassigned
48217,1297,Excitatory_Neuron
48218,1339,unassigned
48219,1328,unassigned
48220,1264,unassigned
48221,1264,unassigned
48222,1327,Astro-Epen
48223,1302,Astro-Epen
48224,1304,Excitatory_Neuron
48225,1330,GABA_Neuron
48226,1336,Excitatory_Neuron
48227,1264,unassigned
48228,1307,Immune
48229,1307,Immune
48230,1280,Excitatory_Neuron
48231,1274,Excitatory_Neuron
48232,1281,Astro-Epen
48233,1281,Astro-Epen
48234,1281,Astro-Epen
48235,1297,Excitatory_Neuron
48236,1328,unassigned
48237,1322,Astro-Epen
48238,1264,unassigned
48239,1302,Astro-Epen
48240,1342,unassigned
48241,1290,Astro-Epen
48242,1274,Excitatory_Neuron
48243,1264,unassigned
48244,1281,Astro-Epen
48245,1308,Excitatory_Neuron
48246,1327,Astro-Epen
48247,1302,Astro-Epen
48248,1323,Astro-Epen
48249,1276,Astro-Epen
48250,1304,Excitatory_Neuron
48251,1336,Excitatory_Neuron
48252,1264,unassigned
48253,1337,unassigned
48254,1307,Immune
48255,1280,Excitatory_Neuron
48256,1274,Excitatory_Neuron
48257,1274,Excitatory_Neuron
48258,1281,Astro-Epen
48259,1315,Excitatory_Neuron
48260,1327,Astro-Epen
48261,1304,Excitatory_Neuron
48262,1276,Astro-Epen
48263,1264,unassigned
48264,1290,Astro-Epen
48265,1344,unassigned
48266,1264,unassigned
48267,1264,unassigned
48268,1264,unassigned
48269,1297,Excitatory_Neuron
48270,1264,unassigned
48271,1264,unassigned
48272,1327,Astro-Epen
48273,1326,unassigned
48274,1264,unassigned
48275,1342,unassigned
48276,1290,Astro-Epen
48277,1342,unassigned
48278,1276,Astro-Epen
48279,1336,Excitatory_Neuron
48280,1336,Excitatory_Neuron
48281,1264,unassigned
48282,1272,Astro-Epen
48283,1336,Excitatory_Neuron
48284,1264,unassigned
48285,1336,Excitatory_Neuron
48286,1303,Excitatory_Neuron
48287,1322,Astro-Epen
48288,1334,unassigned
48289,1276,Astro-Epen
48290,1276,Astro-Epen
48291,1307,Immune
48292,1307,Immune
48293,1308,Excitatory_Neuron
48294,1308,Excitatory_Neuron
48295,1281,Astro-Epen
48296,1281,Astro-Epen
48297,1297,Excitatory_Neuron
48298,1328,unassigned
48299,1322,Astro-Epen
48300,1326,unassigned
48301,1276,Astro-Epen
48302,1264,unassigned
48303,1276,Astro-Epen
48304,1290,Astro-Epen
48305,1264,unassigned
48306,1334,unassigned
48307,1336,Excitatory_Neuron
48308,1274,Excitatory_Neuron
48309,1281,Astro-Epen
48310,1281,Astro-Epen
48311,1322,Astro-Epen
48312,1285,Excitatory_Neuron
48313,1264,unassigned
48314,1264,unassigned
48315,1264,unassigned
48316,1342,unassigned
48317,1290,Astro-Epen
48318,1342,unassigned
48319,1330,GABA_Neuron
48320,1290,Astro-Epen
48321,1344,unassigned
48322,1336,Excitatory_Neuron
48323,1281,Astro-Epen
48324,1297,Excitatory_Neuron
48325,1339,unassigned
48326,1304,Excitatory_Neuron
48327,1264,unassigned
48328,1302,Astro-Epen
48329,1264,unassigned
48330,1304,Excitatory_Neuron
48331,1290,Astro-Epen
48332,1276,Astro-Epen
48333,1276,Astro-Epen
48334,1276,Astro-Epen
48335,1290,Astro-Epen
48336,1336,Excitatory_Neuron
48337,1337,unassigned
48338,1281,Astro-Epen
48339,1308,Excitatory_Neuron
48340,1264,unassigned
48341,1328,unassigned
48342,1341,unassigned
48343,1304,Excitatory_Neuron
48344,1290,Astro-Epen
48345,1336,Excitatory_Neuron
48346,1303,Excitatory_Neuron
48347,1274,Excitatory_Neuron
48348,1308,Excitatory_Neuron
48349,1281,Astro-Epen
48350,1339,unassigned
48351,1264,unassigned
48352,1264,unassigned
48353,1327,Astro-Epen
48354,1323,Astro-Epen
48355,1326,unassigned
48356,1302,Astro-Epen
48357,1290,Astro-Epen
48358,1276,Astro-Epen
48359,1342,unassigned
48360,1264,unassigned
48361,1264,unassigned
48362,1264,unassigned
48363,1264,unassigned
48364,1303,Excitatory_Neuron
48365,1274,Excitatory_Neuron
48366,1297,Excitatory_Neuron
48367,1281,Astro-Epen
48368,1281,Astro-Epen
48369,1327,Astro-Epen
48370,1264,unassigned
48371,1290,Astro-Epen
48372,1290,Astro-Epen
48373,1276,Astro-Epen
48374,1290,Astro-Epen
48375,1290,Astro-Epen
48376,1264,unassigned
48377,1297,Excitatory_Neuron
48378,1297,Excitatory_Neuron
48379,1315,Excitatory_Neuron
48380,1339,unassigned
48381,1264,unassigned
48382,1264,unassigned
48383,1323,Astro-Epen
48384,1302,Astro-Epen
48385,1341,unassigned
48386,1341,unassigned
48387,1302,Astro-Epen
48388,1323,Astro-Epen
48389,1304,Excitatory_Neuron
48390,1304,Excitatory_Neuron
48391,1336,Excitatory_Neuron
48392,1290,Astro-Epen
48393,1264,unassigned
48394,1264,unassigned
48395,1281,Astro-Epen
48396,1339,unassigned
48397,1285,Excitatory_Neuron
48398,1264,unassigned
48399,1327,Astro-Epen
48400,1327,Astro-Epen
48401,1264,unassigned
48402,1304,Excitatory_Neuron
48403,1330,GABA_Neuron
48404,1337,unassigned
48405,1264,unassigned
48406,1264,unassigned
48407,1264,unassigned
48408,1264,unassigned
48409,1274,Excitatory_Neuron
48410,1308,Excitatory_Neuron
48411,1297,Excitatory_Neuron
48412,1315,Excitatory_Neuron
48413,1281,Astro-Epen
48414,1264,unassigned
48415,1327,Astro-Epen
48416,1327,Astro-Epen
48417,1327,Astro-Epen
48418,1304,Excitatory_Neuron
48419,1264,unassigned
48420,1264,unassigned
48421,1274,Excitatory_Neuron
48422,1274,Excitatory_Neuron
48423,1308,Excitatory_Neuron
48424,1281,Astro-Epen
48425,1322,Astro-Epen
48426,1322,Astro-Epen
48427,1264,unassigned
48428,1327,Astro-Epen
48429,1264,unassigned
48430,1327,Astro-Epen
48431,1304,Excitatory_Neuron
48432,1290,Astro-Epen
48433,1290,Astro-Epen
48434,1334,unassigned
48435,1342,unassigned
48436,1264,unassigned
48437,1272,Astro-Epen
48438,1307,Immune
48439,1289,Immune
48440,1281,Astro-Epen
48441,1285,Excitatory_Neuron
48442,1339,unassigned
48443,1322,Astro-Epen
48444,1264,unassigned
48445,1323,Astro-Epen
48446,1342,unassigned
48447,1334,unassigned
48448,1334,unassigned
48449,1334,unassigned
48450,1336,Excitatory_Neuron
48451,1274,Excitatory_Neuron
48452,1281,Astro-Epen
48453,1315,Excitatory_Neuron
48454,1281,Astro-Epen
48455,1315,Excitatory_Neuron
48456,1285,Excitatory_Neuron
48457,1322,Astro-Epen
48458,1264,unassigned
48459,1264,unassigned
48460,1264,unassigned
48461,1323,Astro-Epen
48462,1326,unassigned
48463,1276,Astro-Epen
48464,1276,Astro-Epen
48465,1276,Astro-Epen
48466,1276,Astro-Epen
48467,1336,Excitatory_Neuron
48468,1336,Excitatory_Neuron
48469,1336,Excitatory_Neuron
48470,1264,unassigned
48471,1264,unassigned
48472,1307,Immune
48473,1264,unassigned
48474,1315,Excitatory_Neuron
48475,1281,Astro-Epen
48476,1315,Excitatory_Neuron
48477,1264,unassigned
48478,1264,unassigned
48479,1304,Excitatory_Neuron
48480,1302,Astro-Epen
48481,1276,Astro-Epen
48482,1289,Immune
48483,1303,Excitatory_Neuron
48484,1264,unassigned
48485,1328,unassigned
48486,1264,unassigned
48487,1327,Astro-Epen
48488,1327,Astro-Epen
48489,1323,Astro-Epen
48490,1304,Excitatory_Neuron
48491,1334,unassigned
48492,1334,unassigned
48493,1336,Excitatory_Neuron
48494,1336,Excitatory_Neuron
48495,1344,unassigned
48496,1264,unassigned
48497,1264,unassigned
48498,1274,Excitatory_Neuron
48499,1281,Astro-Epen
48500,1281,Astro-Epen
48501,1315,Excitatory_Neuron
48502,1281,Astro-Epen
48503,1322,Astro-Epen
48504,1322,Astro-Epen
48505,1322,Astro-Epen
48506,1264,unassigned
48507,1327,Astro-Epen
48508,1264,unassigned
48509,1326,unassigned
48510,1302,Astro-Epen
48511,1264,unassigned
48512,1337,unassigned
48513,1264,unassigned
48514,1264,unassigned
48515,1264,unassigned
48516,1264,unassigned
48517,1281,Astro-Epen
48518,1264,unassigned
48519,1322,Astro-Epen
48520,1281,Astro-Epen
48521,1327,Astro-Epen
48522,1264,unassigned
48523,1326,unassigned
48524,1304,Excitatory_Neuron
48525,1276,Astro-Epen
48526,1276,Astro-Epen
48527,1290,Astro-Epen
48528,1294,Astro-Epen
48529,1289,Immune
48530,1289,Immune
48531,1280,Excitatory_Neuron
48532,1274,Excitatory_Neuron
48533,1297,Excitatory_Neuron
48534,1281,Astro-Epen
48535,1339,unassigned
48536,1264,unassigned
48537,1345,unassigned
48538,1341,unassigned
48539,1276,Astro-Epen
48540,1304,Excitatory_Neuron
48541,1302,Astro-Epen
48542,1334,unassigned
48543,1290,Astro-Epen
48544,1344,unassigned
48545,1264,unassigned
48546,1264,unassigned
48547,1289,Immune
48548,1289,Immune
48549,1303,Excitatory_Neuron
48550,1264,unassigned
48551,1274,Excitatory_Neuron
48552,1297,Excitatory_Neuron
48553,1297,Excitatory_Neuron
48554,1264,unassigned
48555,1285,Excitatory_Neuron
48556,1264,unassigned
48557,1304,Excitatory_Neuron
48558,1276,Astro-Epen
48559,1276,Astro-Epen
48560,1334,unassigned
48561,1276,Astro-Epen
48562,1336,Excitatory_Neuron
48563,1336,Excitatory_Neuron
48564,1264,unassigned
48565,1264,unassigned
48566,1281,Astro-Epen
48567,1274,Excitatory_Neuron
48568,1281,Astro-Epen
48569,1339,unassigned
48570,1264,unassigned
48571,1264,unassigned
48572,1302,Astro-Epen
48573,1302,Astro-Epen
48574,1264,unassigned
48575,1272,Astro-Epen
48576,1264,unassigned
48577,1308,Excitatory_Neuron
48578,1308,Excitatory_Neuron
48579,1328,unassigned
48580,1328,unassigned
48581,1264,unassigned
48582,1345,unassigned
48583,1341,unassigned
48584,1302,Astro-Epen
48585,1304,Excitatory_Neuron
48586,1304,Excitatory_Neuron
48587,1326,unassigned
48588,1302,Astro-Epen
48589,1276,Astro-Epen
48590,1290,Astro-Epen
48591,1336,Excitatory_Neuron
48592,1307,Immune
48593,1303,Excitatory_Neuron
48594,1274,Excitatory_Neuron
48595,1308,Excitatory_Neuron
48596,1281,Astro-Epen
48597,1285,Excitatory_Neuron
48598,1322,Astro-Epen
48599,1328,unassigned
48600,1264,unassigned
48601,1264,unassigned
48602,1264,unassigned
48603,1264,unassigned
48604,1344,unassigned
48605,1289,Immune
48606,1303,Excitatory_Neuron
48607,1264,unassigned
48608,1264,unassigned
48609,1264,unassigned
48610,1323,Astro-Epen
48611,1276,Astro-Epen
48612,1264,unassigned
48613,1303,Excitatory_Neuron
48614,1264,unassigned
48615,1281,Astro-Epen
48616,1264,unassigned
48617,1264,unassigned
48618,1264,unassigned
48619,1290,Astro-Epen
48620,1276,Astro-Epen
48621,1264,unassigned
48622,1336,Excitatory_Neuron
48623,1290,Astro-Epen
48624,1264,unassigned
48625,1274,Excitatory_Neuron
48626,1264,unassigned
48627,1281,Astro-Epen
48628,1281,Astro-Epen
48629,1281,Astro-Epen
48630,1281,Astro-Epen
48631,1328,unassigned
48632,1328,unassigned
48633,1264,unassigned
48634,1264,unassigned
48635,1304,Excitatory_Neuron
48636,1272,Astro-Epen
48637,1264,unassigned
48638,1264,unassigned
48639,1264,unassigned
48640,1303,Excitatory_Neuron
48641,1264,unassigned
48642,1264,unassigned
48643,1297,Excitatory_Neuron
48644,1264,unassigned
48645,1322,Astro-Epen
48646,1264,unassigned
48647,1276,Astro-Epen
48648,1276,Astro-Epen
48649,1264,unassigned
48650,1264,unassigned
48651,1264,unassigned
48652,1303,Excitatory_Neuron
48653,1274,Excitatory_Neuron
48654,1274,Excitatory_Neuron
48655,1323,Astro-Epen
48656,1302,Astro-Epen
48657,1264,unassigned
48658,1264,unassigned
48659,1307,Immune
48660,1274,Excitatory_Neuron
48661,1281,Astro-Epen
48662,1308,Excitatory_Neuron
48663,1297,Excitatory_Neuron
48664,1264,unassigned
48665,1264,unassigned
48666,1327,Astro-Epen
48667,1302,Astro-Epen
48668,1326,unassigned
48669,1264,unassigned
48670,1264,unassigned
48671,1289,Immune
48672,1303,Excitatory_Neuron
48673,1308,Excitatory_Neuron
48674,1281,Astro-Epen
48675,1281,Astro-Epen
48676,1315,Excitatory_Neuron
48677,1264,unassigned
48678,1322,Astro-Epen
48679,1264,unassigned
48680,1264,unassigned
48681,1264,unassigned
48682,1307,Immune
48683,1303,Excitatory_Neuron
48684,1346,unassigned
48685,1281,Astro-Epen
48686,1285,Excitatory_Neuron
48687,1264,unassigned
48688,1264,unassigned
48689,1264,unassigned
48690,1264,unassigned
48691,1341,unassigned
48692,1341,unassigned
48693,1341,unassigned
48694,1302,Astro-Epen
48695,1264,unassigned
48696,1276,Astro-Epen
48697,1334,unassigned
48698,1336,Excitatory_Neuron
48699,1264,unassigned
48700,1264,unassigned
48701,1264,unassigned
48702,1289,Immune
48703,1264,unassigned
48704,1297,Excitatory_Neuron
48705,1297,Excitatory_Neuron
48706,1346,unassigned
48707,1322,Astro-Epen
48708,1264,unassigned
48709,1264,unassigned
48710,1304,Excitatory_Neuron
48711,1304,Excitatory_Neuron
48712,1264,unassigned
48713,1264,unassigned
48714,1307,Immune
48715,1289,Immune
48716,1281,Astro-Epen
48717,1281,Astro-Epen
48718,1327,Astro-Epen
48719,1323,Astro-Epen
48720,1323,Astro-Epen
48721,1323,Astro-Epen
48722,1264,unassigned
48723,1264,unassigned
48724,1264,unassigned
48725,1264,unassigned
48726,1264,unassigned
48727,1264,unassigned
48728,1281,Astro-Epen
48729,1281,Astro-Epen
48730,1297,Excitatory_Neuron
48731,1315,Excitatory_Neuron
48732,1328,unassigned
48733,1327,Astro-Epen
48734,1302,Astro-Epen
48735,1334,unassigned
48736,1334,unassigned
48737,1264,unassigned
48738,1264,unassigned
48739,1264,unassigned
48740,1297,Excitatory_Neuron
48741,1264,unassigned
48742,1322,Astro-Epen
48743,1264,unassigned
48744,1302,Astro-Epen
48745,1334,unassigned
48746,1264,unassigned
48747,1264,unassigned
48748,1303,Excitatory_Neuron
48749,1274,Excitatory_Neuron
48750,1281,Astro-Epen
48751,1323,Astro-Epen
48752,1334,unassigned
48753,1276,Astro-Epen
48754,1289,Immune
48755,1264,unassigned
48756,1339,unassigned
48757,1322,Astro-Epen
48758,1327,Astro-Epen
48759,1304,Excitatory_Neuron
48760,1302,Astro-Epen
48761,1334,unassigned
48762,1290,Astro-Epen
48763,1264,unassigned
48764,1303,Excitatory_Neuron
48765,1281,Astro-Epen
48766,1264,unassigned
48767,1264,unassigned
48768,1323,Astro-Epen
48769,1264,unassigned
48770,1264,unassigned
48771,1264,unassigned
48772,1280,Excitatory_Neuron
48773,1281,Astro-Epen
48774,1315,Excitatory_Neuron
48775,1297,Excitatory_Neuron
48776,1327,Astro-Epen
48777,1330,GABA_Neuron
48778,1334,unassigned
48779,1336,Excitatory_Neuron
48780,1264,unassigned
48781,1264,unassigned
48782,1264,unassigned
48783,1264,unassigned
48784,1264,unassigned
48785,1264,unassigned
48786,1274,Excitatory_Neuron
48787,1281,Astro-Epen
48788,1315,Excitatory_Neuron
48789,1315,Excitatory_Neuron
48790,1281,Astro-Epen
48791,1315,Excitatory_Neuron
48792,1339,unassigned
48793,1345,unassigned
48794,1264,unassigned
48795,1264,unassigned
48796,1264,unassigned
48797,1341,unassigned
48798,1304,Excitatory_Neuron
48799,1280,Excitatory_Neuron
48800,1264,unassigned
48801,1264,unassigned
48802,1315,Excitatory_Neuron
48803,1264,unassigned
48804,1327,Astro-Epen
48805,1264,unassigned
48806,1264,unassigned
48807,1327,Astro-Epen
48808,1264,unassigned
48809,1341,unassigned
48810,1302,Astro-Epen
48811,1264,unassigned
48812,1334,unassigned
48813,1334,unassigned
48814,1264,unassigned
48815,1264,unassigned
48816,1341,unassigned
48817,1323,Astro-Epen
48818,1264,unassigned
48819,1264,unassigned
48820,1334,unassigned
48821,1264,unassigned
48822,1264,unassigned
48823,1264,unassigned
48824,1274,Excitatory_Neuron
48825,1281,Astro-Epen
48826,1264,unassigned
48827,1304,Excitatory_Neuron
48828,1304,Excitatory_Neuron
48829,1264,unassigned
48830,1264,unassigned
48831,1264,unassigned
48832,1264,unassigned
48833,1264,unassigned
48834,1264,unassigned
48835,1322,Astro-Epen
48836,1315,Excitatory_Neuron
48837,1281,Astro-Epen
48838,1264,unassigned
48839,1264,unassigned
48840,1281,Astro-Epen
48841,1264,unassigned
48842,1281,Astro-Epen
48843,1264,unassigned
48844,1264,unassigned
48845,1327,Astro-Epen
48846,1327,Astro-Epen
48847,1264,unassigned
48848,1327,Astro-Epen
48849,1264,unassigned
48850,1264,unassigned
48851,1264,unassigned
48852,1330,GABA_Neuron
48853,1276,Astro-Epen
48854,1264,unassigned
48855,1264,unassigned
48856,1264,unassigned
48857,1319,Astro-Epen
48858,1264,unassigned
48859,1281,Astro-Epen
48860,1281,Astro-Epen
48861,1281,Astro-Epen
48862,1297,Excitatory_Neuron
48863,1264,unassigned
48864,1264,unassigned
48865,1281,Astro-Epen
48866,1322,Astro-Epen
48867,1264,unassigned
48868,1264,unassigned
48869,1341,unassigned
48870,1264,unassigned
48871,1264,unassigned
48872,1336,Excitatory_Neuron
48873,1264,unassigned
48874,1264,unassigned
48875,1280,Excitatory_Neuron
48876,1281,Astro-Epen
48877,1264,unassigned
48878,1264,unassigned
48879,1264,unassigned
48880,1264,unassigned
48881,1327,Astro-Epen
48882,1327,Astro-Epen
48883,1304,Excitatory_Neuron
48884,1304,Excitatory_Neuron
48885,1264,unassigned
48886,1264,unassigned
48887,1319,Astro-Epen
48888,1264,unassigned
48889,1274,Excitatory_Neuron
48890,1297,Excitatory_Neuron
48891,1281,Astro-Epen
48892,1339,unassigned
48893,1264,unassigned
48894,1345,unassigned
48895,1264,unassigned
48896,1264,unassigned
48897,1264,unassigned
48898,1327,Astro-Epen
48899,1264,unassigned
48900,1302,Astro-Epen
48901,1334,unassigned
48902,1334,unassigned
48903,1264,unassigned
48904,1308,Excitatory_Neuron
48905,1281,Astro-Epen
48906,1297,Excitatory_Neuron
48907,1322,Astro-Epen
48908,1290,Astro-Epen
48909,1264,unassigned
48910,1289,Immune
48911,1347,unassigned
48912,1280,Excitatory_Neuron
48913,1280,Excitatory_Neuron
48914,1280,Excitatory_Neuron
48915,1264,unassigned
48916,1281,Astro-Epen
48917,1264,unassigned
48918,1281,Astro-Epen
48919,1339,unassigned
48920,1327,Astro-Epen
48921,1264,unassigned
48922,1327,Astro-Epen
48923,1264,unassigned
48924,1327,Astro-Epen
48925,1304,Excitatory_Neuron
48926,1323,Astro-Epen
48927,1304,Excitatory_Neuron
48928,1308,Excitatory_Neuron
48929,1264,unassigned
48930,1264,unassigned
48931,1323,Astro-Epen
48932,1264,unassigned
48933,1264,unassigned
48934,1344,unassigned
48935,1264,unassigned
48936,1281,Astro-Epen
48937,1264,unassigned
48938,1327,Astro-Epen
48939,1327,Astro-Epen
48940,1327,Astro-Epen
48941,1327,Astro-Epen
48942,1304,Excitatory_Neuron
48943,1264,unassigned
48944,1323,Astro-Epen
48945,1304,Excitatory_Neuron
48946,1323,Astro-Epen
48947,1290,Astro-Epen
48948,1264,unassigned
48949,1308,Excitatory_Neuron
48950,1281,Astro-Epen
48951,1281,Astro-Epen
48952,1328,unassigned
48953,1264,unassigned
48954,1327,Astro-Epen
48955,1323,Astro-Epen
48956,1302,Astro-Epen
48957,1304,Excitatory_Neuron
48958,1304,Excitatory_Neuron
48959,1264,unassigned
48960,1264,unassigned
48961,1264,unassigned
48962,1264,unassigned
48963,1264,unassigned
48964,1264,unassigned
48965,1322,Astro-Epen
48966,1264,unassigned
48967,1302,Astro-Epen
48968,1264,unassigned
48969,1264,unassigned
48970,1264,unassigned
48971,1264,unassigned
48972,1264,unassigned
48973,1280,Excitatory_Neuron
48974,1280,Excitatory_Neuron
48975,1280,Excitatory_Neuron
48976,1274,Excitatory_Neuron
48977,1274,Excitatory_Neuron
48978,1297,Excitatory_Neuron
48979,1264,unassigned
48980,1280,Excitatory_Neuron
48981,1290,Astro-Epen
48982,1274,Excitatory_Neuron
48983,1264,unassigned
48984,1264,unassigned
48985,1274,Excitatory_Neuron
48986,1264,unassigned
48987,1281,Astro-Epen
48988,1315,Excitatory_Neuron
48989,1315,Excitatory_Neuron
48990,1281,Astro-Epen
48991,1264,unassigned
48992,1281,Astro-Epen
48993,1281,Astro-Epen
48994,1281,Astro-Epen
48995,1322,Astro-Epen
48996,1322,Astro-Epen
48997,1281,Astro-Epen
48998,1322,Astro-Epen
48999,1264,unassigned
49000,1264,unassigned
49001,1264,unassigned
49002,1327,Astro-Epen
49003,1264,unassigned
49004,1264,unassigned
49005,1264,unassigned
49006,1264,unassigned
49007,1264,unassigned
49008,1327,Astro-Epen
49009,1304,Excitatory_Neuron
49010,1302,Astro-Epen
49011,1304,Excitatory_Neuron
49012,1264,unassigned
49013,1264,unassigned
49014,1264,unassigned
49015,1290,Astro-Epen
49016,1264,unassigned
49017,1264,unassigned
49018,1347,unassigned
49019,1274,Excitatory_Neuron
49020,1308,Excitatory_Neuron
49021,1274,Excitatory_Neuron
49022,1281,Astro-Epen
49023,1281,Astro-Epen
49024,1281,Astro-Epen
49025,1264,unassigned
49026,1281,Astro-Epen
49027,1264,unassigned
49028,1322,Astro-Epen
49029,1327,Astro-Epen
49030,1264,unassigned
49031,1264,unassigned
49032,1264,unassigned
49033,1264,unassigned
49034,1302,Astro-Epen
49035,1290,Astro-Epen
49036,1264,unassigned
49037,1336,Excitatory_Neuron
49038,1264,unassigned
49039,1264,unassigned
49040,1264,unassigned
49041,1264,unassigned
49042,1264,unassigned
49043,1264,unassigned
49044,1294,Astro-Epen
49045,1264,unassigned
49046,1264,unassigned
49047,1264,unassigned
49048,1319,Astro-Epen
49049,1348,Immune
49050,1349,Immune
49051,1350,unassigned
49052,1351,unassigned
49053,1351,unassigned
49054,1349,Immune
49055,1349,Immune
49056,1350,unassigned
49057,1352,Excitatory_Neuron
49058,1352,Excitatory_Neuron
49059,1353,unassigned
49060,1348,Immune
49061,1354,unassigned
49062,1350,unassigned
49063,1348,Immune
49064,1348,Immune
49065,1348,Immune
49066,1355,Immune
49067,1356,Vascular
49068,1357,Astro-Epen
49069,1349,Immune
49070,1349,Immune
49071,1357,Astro-Epen
49072,1349,Immune
49073,1358,Astro-Epen
49074,1359,unassigned
49075,1360,Astro-Epen
49076,1350,unassigned
49077,1355,Immune
49078,1349,Immune
49079,1349,Immune
49080,1350,unassigned
49081,1359,unassigned
49082,1348,Immune
49083,1349,Immune
49084,1357,Astro-Epen
49085,1349,Immune
49086,1361,unassigned
49087,1349,Immune
49088,1348,Immune
49089,1349,Immune
49090,1359,unassigned
49091,1348,Immune
49092,1355,Immune
49093,1349,Immune
49094,1362,Immune
49095,1350,unassigned
49096,1363,unassigned
49097,1348,Immune
49098,1355,Immune
49099,1351,unassigned
49100,1350,unassigned
49101,1355,Immune
49102,1348,Immune
49103,1364,unassigned
49104,1353,unassigned
49105,1349,Immune
49106,1349,Immune
49107,1358,Astro-Epen
49108,1365,unassigned
49109,1366,Excitatory_Neuron
49110,1348,Immune
49111,1351,unassigned
49112,1359,unassigned
49113,1352,Excitatory_Neuron
49114,1348,Immune
49115,1350,unassigned
49116,1350,unassigned
49117,1363,unassigned
49118,1352,Excitatory_Neuron
49119,1356,Vascular
49120,1351,unassigned
49121,1357,Astro-Epen
49122,1352,Excitatory_Neuron
49123,1354,unassigned
49124,1348,Immune
49125,1349,Immune
49126,1349,Immune
49127,1352,Excitatory_Neuron
49128,1354,unassigned
49129,1349,Immune
49130,1362,Immune
49131,1351,unassigned
49132,1349,Immune
49133,1365,unassigned
49134,1365,unassigned
49135,1367,Astro-Epen
49136,1356,Vascular
49137,1359,unassigned
49138,1359,unassigned
49139,1348,Immune
49140,1348,Immune
49141,1348,Immune
49142,1349,Immune
49143,1349,Immune
49144,1351,unassigned
49145,1353,unassigned
49146,1349,Immune
49147,1350,unassigned
49148,1349,Immune
49149,1357,Astro-Epen
49150,1352,Excitatory_Neuron
49151,1352,Excitatory_Neuron
49152,1348,Immune
49153,1348,Immune
49154,1359,unassigned
49155,1352,Excitatory_Neuron
49156,1368,unassigned
49157,1349,Immune
49158,1349,Immune
49159,1350,unassigned
49160,1363,unassigned
49161,1348,Immune
49162,1351,unassigned
49163,1352,Excitatory_Neuron
49164,1352,Excitatory_Neuron
49165,1352,Excitatory_Neuron
49166,1356,Vascular
49167,1356,Vascular
49168,1350,unassigned
49169,1356,Vascular
49170,1349,Immune
49171,1349,Immune
49172,1358,Astro-Epen
49173,1352,Excitatory_Neuron
49174,1348,Immune
49175,1356,Vascular
49176,1366,Excitatory_Neuron
49177,1348,Immune
49178,1358,Astro-Epen
49179,1366,Excitatory_Neuron
49180,1351,unassigned
49181,1360,Astro-Epen
49182,1369,Immune
49183,1369,Immune
49184,1348,Immune
49185,1349,Immune
49186,1349,Immune
49187,1349,Immune
49188,1352,Excitatory_Neuron
49189,1348,Immune
49190,1356,Vascular
49191,1349,Immune
49192,1366,Excitatory_Neuron
49193,1356,Vascular
49194,1348,Immune
49195,1348,Immune
49196,1355,Immune
49197,1356,Vascular
49198,1361,unassigned
49199,1356,Vascular
49200,1362,Immune
49201,1362,Immune
49202,1358,Astro-Epen
49203,1361,unassigned
49204,1366,Excitatory_Neuron
49205,1348,Immune
49206,1356,Vascular
49207,1349,Immune
49208,1349,Immune
49209,1356,Vascular
49210,1358,Astro-Epen
49211,1355,Immune
49212,1359,unassigned
49213,1352,Excitatory_Neuron
49214,1348,Immune
49215,1350,unassigned
49216,1353,unassigned
49217,1352,Excitatory_Neuron
49218,1367,Astro-Epen
49219,1348,Immune
49220,1349,Immune
49221,1370,unassigned
49222,1358,Astro-Epen
49223,1358,Astro-Epen
49224,1360,Astro-Epen
49225,1348,Immune
49226,1352,Excitatory_Neuron
49227,1371,GABA_Neuron
49228,1348,Immune
49229,1348,Immune
49230,1361,unassigned
49231,1370,unassigned
49232,1372,unassigned
49233,1349,Immune
49234,1362,Immune
49235,1349,Immune
49236,1358,Astro-Epen
49237,1358,Astro-Epen
49238,1353,unassigned
49239,1348,Immune
49240,1368,unassigned
49241,1350,unassigned
49242,1352,Excitatory_Neuron
49243,1348,Immune
49244,1348,Immune
49245,1355,Immune
49246,1356,Vascular
49247,1370,unassigned
49248,1365,unassigned
49249,1373,unassigned
49250,1361,unassigned
49251,1352,Excitatory_Neuron
49252,1366,Excitatory_Neuron
49253,1366,Excitatory_Neuron
49254,1348,Immune
49255,1348,Immune
49256,1355,Immune
49257,1356,Vascular
49258,1360,Astro-Epen
49259,1353,unassigned
49260,1348,Immune
49261,1348,Immune
49262,1362,Immune
49263,1372,unassigned
49264,1358,Astro-Epen
49265,1358,Astro-Epen
49266,1371,GABA_Neuron
49267,1353,unassigned
49268,1348,Immune
49269,1348,Immune
49270,1373,unassigned
49271,1373,unassigned
49272,1356,Vascular
49273,1349,Immune
49274,1349,Immune
49275,1370,unassigned
49276,1349,Immune
49277,1355,Immune
49278,1362,Immune
49279,1349,Immune
49280,1372,unassigned
49281,1366,Excitatory_Neuron
49282,1355,Immune
49283,1355,Immune
49284,1362,Immune
49285,1349,Immune
49286,1358,Astro-Epen
49287,1348,Immune
49288,1348,Immune
49289,1355,Immune
49290,1358,Astro-Epen
49291,1358,Astro-Epen
49292,1374,Immune
49293,1371,GABA_Neuron
49294,1348,Immune
49295,1366,Excitatory_Neuron
49296,1355,Immune
49297,1367,Astro-Epen
49298,1349,Immune
49299,1357,Astro-Epen
49300,1362,Immune
49301,1358,Astro-Epen
49302,1371,GABA_Neuron
49303,1356,Vascular
49304,1362,Immune
49305,1349,Immune
49306,1352,Excitatory_Neuron
49307,1354,unassigned
49308,1348,Immune
49309,1362,Immune
49310,1349,Immune
49311,1349,Immune
49312,1352,Excitatory_Neuron
49313,1369,Immune
49314,1362,Immune
49315,1361,unassigned
49316,1348,Immune
49317,1349,Immune
49318,1374,Immune
49319,1358,Astro-Epen
49320,1360,Astro-Epen
49321,1356,Vascular
49322,1349,Immune
49323,1364,unassigned
49324,1367,Astro-Epen
49325,1348,Immune
49326,1348,Immune
49327,1362,Immune
49328,1374,Immune
49329,1364,unassigned
49330,1348,Immune
49331,1356,Vascular
49332,1355,Immune
49333,1349,Immune
49334,1349,Immune
49335,1355,Immune
49336,1370,unassigned
49337,1362,Immune
49338,1349,Immune
49339,1363,unassigned
49340,1371,GABA_Neuron
49341,1349,Immune
49342,1349,Immune
49343,1358,Astro-Epen
49344,1353,unassigned
49345,1369,Immune
49346,1371,GABA_Neuron
49347,1371,GABA_Neuron
49348,1364,unassigned
49349,1348,Immune
49350,1369,Immune
49351,1348,Immune
49352,1348,Immune
49353,1348,Immune
49354,1353,unassigned
49355,1348,Immune
49356,1362,Immune
49357,1358,Astro-Epen
49358,1359,unassigned
49359,1364,unassigned
49360,1348,Immune
49361,1355,Immune
49362,1358,Astro-Epen
49363,1374,Immune
49364,1371,GABA_Neuron
49365,1348,Immune
49366,1349,Immune
49367,1362,Immune
49368,1358,Astro-Epen
49369,1360,Astro-Epen
49370,1348,Immune
49371,1348,Immune
49372,1370,unassigned
49373,1349,Immune
49374,1355,Immune
49375,1355,Immune
49376,1349,Immune
49377,1349,Immune
49378,1356,Vascular
49379,1362,Immune
49380,1362,Immune
49381,1362,Immune
49382,1349,Immune
49383,1358,Astro-Epen
49384,1360,Astro-Epen
49385,1358,Astro-Epen
49386,1358,Astro-Epen
49387,1362,Immune
49388,1370,unassigned
49389,1358,Astro-Epen
49390,1358,Astro-Epen
49391,1358,Astro-Epen
49392,1358,Astro-Epen
49393,1352,Excitatory_Neuron
49394,1353,unassigned
49395,1367,Astro-Epen
49396,1355,Immune
49397,1348,Immune
49398,1349,Immune
49399,1369,Immune
49400,1356,Vascular
49401,1349,Immune
49402,1358,Astro-Epen
49403,1369,Immune
49404,1364,unassigned
49405,1362,Immune
49406,1349,Immune
49407,1374,Immune
49408,1352,Excitatory_Neuron
49409,1366,Excitatory_Neuron
49410,1348,Immune
49411,1348,Immune
49412,1356,Vascular
49413,1349,Immune
49414,1349,Immune
49415,1358,Astro-Epen
49416,1349,Immune
49417,1370,unassigned
49418,1349,Immune
49419,1349,Immune
49420,1371,GABA_Neuron
49421,1366,Excitatory_Neuron
49422,1369,Immune
49423,1348,Immune
49424,1349,Immune
49425,1349,Immune
49426,1358,Astro-Epen
49427,1369,Immune
49428,1369,Immune
49429,1356,Vascular
49430,1349,Immune
49431,1349,Immune
49432,1349,Immune
49433,1349,Immune
49434,1358,Astro-Epen
49435,1356,Vascular
49436,1349,Immune
49437,1358,Astro-Epen
49438,1352,Excitatory_Neuron
49439,1369,Immune
49440,1369,Immune
49441,1366,Excitatory_Neuron
49442,1355,Immune
49443,1348,Immune
49444,1348,Immune
49445,1362,Immune
49446,1355,Immune
49447,1349,Immune
49448,1349,Immune
49449,1358,Astro-Epen
49450,1358,Astro-Epen
49451,1364,unassigned
49452,1348,Immune
49453,1362,Immune
49454,1362,Immune
49455,1362,Immune
49456,1349,Immune
49457,1358,Astro-Epen
49458,1358,Astro-Epen
49459,1371,GABA_Neuron
49460,1348,Immune
49461,1367,Astro-Epen
49462,1366,Excitatory_Neuron
49463,1355,Immune
49464,1356,Vascular
49465,1373,unassigned
49466,1364,unassigned
49467,1366,Excitatory_Neuron
49468,1366,Excitatory_Neuron
49469,1349,Immune
49470,1356,Vascular
49471,1349,Immune
49472,1349,Immune
49473,1366,Excitatory_Neuron
49474,1355,Immune
49475,1348,Immune
49476,1371,GABA_Neuron
49477,1366,Excitatory_Neuron
49478,1375,unassigned
49479,1349,Immune
49480,1358,Astro-Epen
49481,1352,Excitatory_Neuron
49482,1371,GABA_Neuron
49483,1366,Excitatory_Neuron
49484,1355,Immune
49485,1355,Immune
49486,1348,Immune
49487,1349,Immune
49488,1349,Immune
49489,1371,GABA_Neuron
49490,1369,Immune
49491,1348,Immune
49492,1348,Immune
49493,1348,Immune
49494,1348,Immune
49495,1362,Immune
49496,1369,Immune
49497,1349,Immune
49498,1349,Immune
49499,1371,GABA_Neuron
49500,1348,Immune
49501,1356,Vascular
49502,1349,Immune
49503,1356,Vascular
49504,1349,Immune
49505,1360,Astro-Epen
49506,1350,unassigned
49507,1369,Immune
49508,1366,Excitatory_Neuron
49509,1366,Excitatory_Neuron
49510,1348,Immune
49511,1349,Immune
49512,1362,Immune
49513,1349,Immune
49514,1349,Immune
49515,1374,Immune
49516,1352,Excitatory_Neuron
49517,1367,Astro-Epen
49518,1355,Immune
49519,1352,Excitatory_Neuron
49520,1371,GABA_Neuron
49521,1369,Immune
49522,1371,GABA_Neuron
49523,1366,Excitatory_Neuron
49524,1356,Vascular
49525,1355,Immune
49526,1349,Immune
49527,1349,Immune
49528,1369,Immune
49529,1369,Immune
49530,1366,Excitatory_Neuron
49531,1366,Excitatory_Neuron
49532,1355,Immune
49533,1356,Vascular
49534,1356,Vascular
49535,1349,Immune
49536,1360,Astro-Epen
49537,1371,GABA_Neuron
49538,1369,Immune
49539,1348,Immune
49540,1355,Immune
49541,1358,Astro-Epen
49542,1352,Excitatory_Neuron
49543,1362,Immune
49544,1358,Astro-Epen
49545,1350,unassigned
49546,1366,Excitatory_Neuron
49547,1355,Immune
49548,1358,Astro-Epen
49549,1358,Astro-Epen
49550,1362,Immune
49551,1358,Astro-Epen
49552,1371,GABA_Neuron
49553,1364,unassigned
49554,1366,Excitatory_Neuron
49555,1358,Astro-Epen
49556,1358,Astro-Epen
49557,1352,Excitatory_Neuron
49558,1348,Immune
49559,1348,Immune
49560,1362,Immune
49561,1370,unassigned
49562,1360,Astro-Epen
49563,1352,Excitatory_Neuron
49564,1352,Excitatory_Neuron
49565,1358,Astro-Epen
49566,1366,Excitatory_Neuron
49567,1348,Immune
49568,1348,Immune
49569,1355,Immune
49570,1348,Immune
49571,1355,Immune
49572,1356,Vascular
49573,1356,Vascular
49574,1366,Excitatory_Neuron
49575,1366,Excitatory_Neuron
49576,1356,Vascular
49577,1358,Astro-Epen
49578,1371,GABA_Neuron
49579,1355,Immune
49580,1358,Astro-Epen
49581,1374,Immune
49582,1348,Immune
49583,1366,Excitatory_Neuron
49584,1348,Immune
49585,1348,Immune
49586,1374,Immune
49587,1349,Immune
49588,1358,Astro-Epen
49589,1376,unassigned
49590,1374,Immune
49591,1348,Immune
49592,1356,Vascular
49593,1358,Astro-Epen
49594,1360,Astro-Epen
49595,1374,Immune
49596,1349,Immune
49597,1362,Immune
49598,1356,Vascular
49599,1366,Excitatory_Neuron
49600,1358,Astro-Epen
49601,1358,Astro-Epen
49602,1348,Immune
49603,1367,Astro-Epen
49604,1366,Excitatory_Neuron
49605,1356,Vascular
49606,1355,Immune
49607,1356,Vascular
49608,1362,Immune
49609,1349,Immune
49610,1360,Astro-Epen
49611,1371,GABA_Neuron
49612,1369,Immune
49613,1364,unassigned
49614,1356,Vascular
49615,1349,Immune
49616,1364,unassigned
49617,1364,unassigned
49618,1348,Immune
49619,1356,Vascular
49620,1358,Astro-Epen
49621,1358,Astro-Epen
49622,1360,Astro-Epen
49623,1349,Immune
49624,1349,Immune
49625,1349,Immune
49626,1369,Immune
49627,1348,Immune
49628,1355,Immune
49629,1362,Immune
49630,1369,Immune
49631,1369,Immune
49632,1369,Immune
49633,1369,Immune
49634,1349,Immune
49635,1349,Immune
49636,1369,Immune
49637,1367,Astro-Epen
49638,1349,Immune
49639,1349,Immune
49640,1362,Immune
49641,1352,Excitatory_Neuron
49642,1352,Excitatory_Neuron
49643,1369,Immune
49644,1369,Immune
49645,1369,Immune
49646,1348,Immune
49647,1362,Immune
49648,1374,Immune
49649,1374,Immune
49650,1348,Immune
49651,1356,Vascular
49652,1374,Immune
49653,1352,Excitatory_Neuron
49654,1369,Immune
49655,1349,Immune
49656,1373,unassigned
49657,1352,Excitatory_Neuron
49658,1353,unassigned
49659,1349,Immune
49660,1369,Immune
49661,1366,Excitatory_Neuron
49662,1349,Immune
49663,1362,Immune
49664,1349,Immune
49665,1350,unassigned
49666,1369,Immune
49667,1369,Immune
49668,1377,Astro-Epen
49669,1348,Immune
49670,1355,Immune
49671,1349,Immune
49672,1360,Astro-Epen
49673,1371,GABA_Neuron
49674,1371,GABA_Neuron
49675,1369,Immune
49676,1369,Immune
49677,1348,Immune
49678,1348,Immune
49679,1355,Immune
49680,1355,Immune
49681,1355,Immune
49682,1358,Astro-Epen
49683,1376,unassigned
49684,1374,Immune
49685,1374,Immune
49686,1352,Excitatory_Neuron
49687,1371,GABA_Neuron
49688,1371,GABA_Neuron
49689,1369,Immune
49690,1369,Immune
49691,1348,Immune
49692,1355,Immune
49693,1355,Immune
49694,1349,Immune
49695,1349,Immune
49696,1349,Immune
49697,1374,Immune
49698,1352,Excitatory_Neuron
49699,1369,Immune
49700,1369,Immune
49701,1355,Immune
49702,1369,Immune
49703,1366,Excitatory_Neuron
49704,1355,Immune
49705,1362,Immune
49706,1374,Immune
49707,1348,Immune
49708,1362,Immune
49709,1358,Astro-Epen
49710,1360,Astro-Epen
49711,1352,Excitatory_Neuron
49712,1349,Immune
49713,1349,Immune
49714,1349,Immune
49715,1358,Astro-Epen
49716,1374,Immune
49717,1366,Excitatory_Neuron
49718,1367,Astro-Epen
49719,1349,Immune
49720,1349,Immune
49721,1378,unassigned
49722,1374,Immune
49723,1369,Immune
49724,1369,Immune
49725,1369,Immune
49726,1355,Immune
49727,1349,Immune
49728,1349,Immune
49729,1362,Immune
49730,1348,Immune
49731,1356,Vascular
49732,1369,Immune
49733,1367,Astro-Epen
49734,1349,Immune
49735,1362,Immune
49736,1369,Immune
49737,1376,unassigned
49738,1369,Immune
49739,1348,Immune
49740,1355,Immune
49741,1348,Immune
49742,1362,Immune
49743,1352,Excitatory_Neuron
49744,1369,Immune
49745,1369,Immune
49746,1369,Immune
49747,1355,Immune
49748,1349,Immune
49749,1350,unassigned
49750,1350,unassigned
49751,1371,GABA_Neuron
49752,1367,Astro-Epen
49753,1356,Vascular
49754,1355,Immune
49755,1349,Immune
49756,1374,Immune
49757,1369,Immune
49758,1356,Vascular
49759,1349,Immune
49760,1362,Immune
49761,1371,GABA_Neuron
49762,1366,Excitatory_Neuron
49763,1348,Immune
49764,1377,Astro-Epen
49765,1356,Vascular
49766,1349,Immune
49767,1362,Immune
49768,1349,Immune
49769,1374,Immune
49770,1352,Excitatory_Neuron
49771,1356,Vascular
49772,1371,GABA_Neuron
49773,1349,Immune
49774,1358,Astro-Epen
49775,1350,unassigned
49776,1374,Immune
49777,1352,Excitatory_Neuron
49778,1348,Immune
49779,1355,Immune
49780,1349,Immune
49781,1350,unassigned
49782,1360,Astro-Epen
49783,1374,Immune
49784,1348,Immune
49785,1379,unassigned
49786,1356,Vascular
49787,1371,GABA_Neuron
49788,1367,Astro-Epen
49789,1379,unassigned
49790,1379,unassigned
49791,1349,Immune
49792,1349,Immune
49793,1374,Immune
49794,1374,Immune
49795,1352,Excitatory_Neuron
49796,1369,Immune
49797,1371,GABA_Neuron
49798,1366,Excitatory_Neuron
49799,1367,Astro-Epen
49800,1380,unassigned
49801,1360,Astro-Epen
49802,1378,unassigned
49803,1371,GABA_Neuron
49804,1348,Immune
49805,1355,Immune
49806,1377,Astro-Epen
49807,1371,GABA_Neuron
49808,1371,GABA_Neuron
49809,1369,Immune
49810,1348,Immune
49811,1348,Immune
49812,1349,Immune
49813,1379,unassigned
49814,1349,Immune
49815,1352,Excitatory_Neuron
49816,1348,Immune
49817,1381,Astro-Epen
49818,1358,Astro-Epen
49819,1377,Astro-Epen
49820,1355,Immune
49821,1356,Vascular
49822,1349,Immune
49823,1358,Astro-Epen
49824,1352,Excitatory_Neuron
49825,1369,Immune
49826,1348,Immune
49827,1355,Immune
49828,1369,Immune
49829,1360,Astro-Epen
49830,1381,Astro-Epen
49831,1349,Immune
49832,1352,Excitatory_Neuron
49833,1382,unassigned
49834,1381,Astro-Epen
49835,1358,Astro-Epen
49836,1352,Excitatory_Neuron
49837,1348,Immune
49838,1352,Excitatory_Neuron
49839,1356,Vascular
49840,1374,Immune
49841,1352,Excitatory_Neuron
49842,1355,Immune
49843,1356,Vascular
49844,1381,Astro-Epen
49845,1349,Immune
49846,1356,Vascular
49847,1355,Immune
49848,1381,Astro-Epen
49849,1349,Immune
49850,1374,Immune
49851,1366,Excitatory_Neuron
49852,1348,Immune
49853,1358,Astro-Epen
49854,1369,Immune
49855,1369,Immune
49856,1369,Immune
49857,1383,unassigned
49858,1360,Astro-Epen
49859,1369,Immune
49860,1366,Excitatory_Neuron
49861,1369,Immune
49862,1362,Immune
49863,1362,Immune
49864,1367,Astro-Epen
49865,1383,unassigned
49866,1383,unassigned
49867,1362,Immune
49868,1384,unassigned
49869,1358,Astro-Epen
49870,1369,Immune
49871,1348,Immune
49872,1367,Astro-Epen
49873,1383,unassigned
49874,1352,Excitatory_Neuron
49875,1377,Astro-Epen
49876,1356,Vascular
49877,1360,Astro-Epen
49878,1371,GABA_Neuron
49879,1369,Immune
49880,1381,Astro-Epen
49881,1360,Astro-Epen
49882,1348,Immune
49883,1381,Astro-Epen
49884,1349,Immune
49885,1369,Immune
49886,1348,Immune
49887,1348,Immune
49888,1355,Immune
49889,1383,unassigned
49890,1369,Immune
49891,1349,Immune
49892,1356,Vascular
49893,1369,Immune
49894,1384,unassigned
49895,1371,GABA_Neuron
49896,1352,Excitatory_Neuron
49897,1369,Immune
49898,1355,Immune
49899,1381,Astro-Epen
49900,1381,Astro-Epen
49901,1360,Astro-Epen
49902,1371,GABA_Neuron
49903,1353,unassigned
49904,1369,Immune
49905,1348,Immune
49906,1366,Excitatory_Neuron
49907,1377,Astro-Epen
49908,1377,Astro-Epen
49909,1360,Astro-Epen
49910,1360,Astro-Epen
49911,1369,Immune
49912,1366,Excitatory_Neuron
49913,1362,Immune
49914,1358,Astro-Epen
49915,1348,Immune
49916,1366,Excitatory_Neuron
49917,1377,Astro-Epen
49918,1355,Immune
49919,1362,Immune
49920,1378,unassigned
49921,1352,Excitatory_Neuron
49922,1369,Immune
49923,1348,Immune
49924,1383,unassigned
49925,1349,Immune
49926,1369,Immune
49927,1384,unassigned
49928,1349,Immune
49929,1360,Astro-Epen
49930,1352,Excitatory_Neuron
49931,1369,Immune
49932,1348,Immune
49933,1355,Immune
49934,1356,Vascular
49935,1362,Immune
49936,1384,unassigned
49937,1352,Excitatory_Neuron
49938,1349,Immune
49939,1349,Immune
49940,1358,Astro-Epen
49941,1349,Immune
49942,1369,Immune
49943,1384,unassigned
49944,1371,GABA_Neuron
49945,1352,Excitatory_Neuron
49946,1369,Immune
49947,1369,Immune
49948,1367,Astro-Epen
49949,1349,Immune
49950,1384,unassigned
49951,1362,Immune
49952,1374,Immune
49953,1352,Excitatory_Neuron
49954,1369,Immune
49955,1349,Immune
49956,1367,Astro-Epen
49957,1381,Astro-Epen
49958,1349,Immune
49959,1362,Immune
49960,1371,GABA_Neuron
49961,1385,GABA_Neuron
49962,1348,Immune
49963,1349,Immune
49964,1358,Astro-Epen
49965,1383,unassigned
49966,1350,unassigned
49967,1371,GABA_Neuron
49968,1385,GABA_Neuron
49969,1352,Excitatory_Neuron
49970,1366,Excitatory_Neuron
49971,1366,Excitatory_Neuron
49972,1348,Immune
49973,1367,Astro-Epen
49974,1362,Immune
49975,1352,Excitatory_Neuron
49976,1355,Immune
49977,1381,Astro-Epen
49978,1383,unassigned
49979,1349,Immune
49980,1374,Immune
49981,1366,Excitatory_Neuron
49982,1355,Immune
49983,1356,Vascular
49984,1362,Immune
49985,1381,Astro-Epen
49986,1352,Excitatory_Neuron
49987,1348,Immune
49988,1369,Immune
49989,1348,Immune
49990,1355,Immune
49991,1381,Astro-Epen
49992,1383,unassigned
49993,1381,Astro-Epen
49994,1353,unassigned
49995,1369,Immune
49996,1348,Immune
49997,1348,Immune
49998,1362,Immune
49999,1384,unassigned
50000,1366,Excitatory_Neuron
50001,1355,Immune
50002,1355,Immune
50003,1381,Astro-Epen
50004,1349,Immune
50005,1371,GABA_Neuron
50006,1353,unassigned
50007,1383,unassigned
50008,1383,unassigned
50009,1352,Excitatory_Neuron
50010,1355,Immune
50011,1383,unassigned
50012,1378,unassigned
50013,1367,Astro-Epen
50014,1377,Astro-Epen
50015,1377,Astro-Epen
50016,1360,Astro-Epen
50017,1374,Immune
50018,1348,Immune
50019,1348,Immune
50020,1350,unassigned
50021,1355,Immune
50022,1381,Astro-Epen
50023,1384,unassigned
50024,1369,Immune
50025,1348,Immune
50026,1366,Excitatory_Neuron
50027,1377,Astro-Epen
50028,1378,unassigned
50029,1371,GABA_Neuron
50030,1348,Immune
50031,1381,Astro-Epen
50032,1381,Astro-Epen
50033,1386,unassigned
50034,1352,Excitatory_Neuron
50035,1381,Astro-Epen
50036,1349,Immune
50037,1371,GABA_Neuron
50038,1355,Immune
50039,1378,unassigned
50040,1360,Astro-Epen
50041,1374,Immune
50042,1348,Immune
50043,1381,Astro-Epen
50044,1385,GABA_Neuron
50045,1366,Excitatory_Neuron
50046,1377,Astro-Epen
50047,1377,Astro-Epen
50048,1383,unassigned
50049,1371,GABA_Neuron
50050,1367,Astro-Epen
50051,1381,Astro-Epen
50052,1387,unassigned
50053,1366,Excitatory_Neuron
50054,1385,GABA_Neuron
50055,1383,unassigned
50056,1371,GABA_Neuron
50057,1385,GABA_Neuron
50058,1381,Astro-Epen
50059,1385,GABA_Neuron
50060,1362,Immune
50061,1360,Astro-Epen
50062,1371,GABA_Neuron
50063,1348,Immune
50064,1355,Immune
50065,1366,Excitatory_Neuron
50066,1348,Immune
50067,1378,unassigned
50068,1371,GABA_Neuron
50069,1385,GABA_Neuron
50070,1348,Immune
50071,1366,Excitatory_Neuron
50072,1366,Excitatory_Neuron
50073,1381,Astro-Epen
50074,1383,unassigned
50075,1360,Astro-Epen
50076,1348,Immune
50077,1381,Astro-Epen
50078,1371,GABA_Neuron
50079,1366,Excitatory_Neuron
50080,1366,Excitatory_Neuron
50081,1366,Excitatory_Neuron
50082,1348,Immune
50083,1383,unassigned
50084,1381,Astro-Epen
50085,1384,unassigned
50086,1374,Immune
50087,1387,unassigned
50088,1348,Immune
50089,1377,Astro-Epen
50090,1384,unassigned
50091,1349,Immune
50092,1349,Immune
50093,1352,Excitatory_Neuron
50094,1385,GABA_Neuron
50095,1352,Excitatory_Neuron
50096,1348,Immune
50097,1377,Astro-Epen
50098,1349,Immune
50099,1349,Immune
50100,1362,Immune
50101,1366,Excitatory_Neuron
50102,1377,Astro-Epen
50103,1378,unassigned
50104,1360,Astro-Epen
50105,1366,Excitatory_Neuron
50106,1348,Immune
50107,1381,Astro-Epen
50108,1350,unassigned
50109,1352,Excitatory_Neuron
50110,1352,Excitatory_Neuron
50111,1385,GABA_Neuron
50112,1385,GABA_Neuron
50113,1366,Excitatory_Neuron
50114,1355,Immune
50115,1349,Immune
50116,1381,Astro-Epen
50117,1348,Immune
50118,1362,Immune
50119,1360,Astro-Epen
50120,1385,GABA_Neuron
50121,1366,Excitatory_Neuron
50122,1355,Immune
50123,1377,Astro-Epen
50124,1374,Immune
50125,1385,GABA_Neuron
50126,1355,Immune
50127,1381,Astro-Epen
50128,1348,Immune
50129,1367,Astro-Epen
50130,1377,Astro-Epen
50131,1385,GABA_Neuron
50132,1366,Excitatory_Neuron
50133,1355,Immune
50134,1352,Excitatory_Neuron
50135,1352,Excitatory_Neuron
50136,1348,Immune
50137,1355,Immune
50138,1385,GABA_Neuron
50139,1355,Immune
50140,1374,Immune
50141,1385,GABA_Neuron
50142,1366,Excitatory_Neuron
50143,1366,Excitatory_Neuron
50144,1348,Immune
50145,1355,Immune
50146,1381,Astro-Epen
50147,1369,Immune
50148,1366,Excitatory_Neuron
50149,1348,Immune
50150,1378,unassigned
50151,1374,Immune
50152,1385,GABA_Neuron
50153,1366,Excitatory_Neuron
50154,1366,Excitatory_Neuron
50155,1388,unassigned
50156,1381,Astro-Epen
50157,1384,unassigned
50158,1362,Immune
50159,1350,unassigned
50160,1355,Immune
50161,1348,Immune
50162,1377,Astro-Epen
50163,1362,Immune
50164,1352,Excitatory_Neuron
50165,1367,Astro-Epen
50166,1366,Excitatory_Neuron
50167,1366,Excitatory_Neuron
50168,1367,Astro-Epen
50169,1377,Astro-Epen
50170,1381,Astro-Epen
50171,1378,unassigned
50172,1377,Astro-Epen
50173,1381,Astro-Epen
50174,1350,unassigned
50175,1367,Astro-Epen
50176,1355,Immune
50177,1381,Astro-Epen
50178,1352,Excitatory_Neuron
50179,1352,Excitatory_Neuron
50180,1366,Excitatory_Neuron
50181,1381,Astro-Epen
50182,1385,GABA_Neuron
50183,1389,unassigned
50184,1366,Excitatory_Neuron
50185,1355,Immune
50186,1381,Astro-Epen
50187,1385,GABA_Neuron
50188,1348,Immune
50189,1355,Immune
50190,1384,unassigned
50191,1378,unassigned
50192,1360,Astro-Epen
50193,1366,Excitatory_Neuron
50194,1348,Immune
50195,1378,unassigned
50196,1352,Excitatory_Neuron
50197,1366,Excitatory_Neuron
50198,1381,Astro-Epen
50199,1384,unassigned
50200,1389,unassigned
50201,1366,Excitatory_Neuron
50202,1384,unassigned
50203,1374,Immune
50204,1386,unassigned
50205,1389,unassigned
50206,1348,Immune
50207,1374,Immune
50208,1381,Astro-Epen
50209,1355,Immune
50210,1349,Immune
50211,1385,GABA_Neuron
50212,1389,unassigned
50213,1348,Immune
50214,1377,Astro-Epen
50215,1355,Immune
50216,1355,Immune
50217,1385,GABA_Neuron
50218,1385,GABA_Neuron
50219,1367,Astro-Epen
50220,1350,unassigned
50221,1352,Excitatory_Neuron
50222,1377,Astro-Epen
50223,1384,unassigned
50224,1378,unassigned
50225,1390,unassigned
50226,1386,unassigned
50227,1385,GABA_Neuron
50228,1355,Immune
50229,1352,Excitatory_Neuron
50230,1366,Excitatory_Neuron
50231,1348,Immune
50232,1384,unassigned
50233,1349,Immune
50234,1362,Immune
50235,1360,Astro-Epen
50236,1374,Immune
50237,1385,GABA_Neuron
50238,1385,GABA_Neuron
50239,1366,Excitatory_Neuron
50240,1366,Excitatory_Neuron
50241,1366,Excitatory_Neuron
50242,1355,Immune
50243,1349,Immune
50244,1381,Astro-Epen
50245,1378,unassigned
50246,1374,Immune
50247,1391,unassigned
50248,1385,GABA_Neuron
50249,1385,GABA_Neuron
50250,1348,Immune
50251,1348,Immune
50252,1348,Immune
50253,1366,Excitatory_Neuron
50254,1377,Astro-Epen
50255,1355,Immune
50256,1374,Immune
50257,1366,Excitatory_Neuron
50258,1367,Astro-Epen
50259,1355,Immune
50260,1352,Excitatory_Neuron
50261,1385,GABA_Neuron
50262,1366,Excitatory_Neuron
50263,1389,unassigned
50264,1366,Excitatory_Neuron
50265,1352,Excitatory_Neuron
50266,1391,unassigned
50267,1352,Excitatory_Neuron
50268,1348,Immune
50269,1350,unassigned
50270,1348,Immune
50271,1381,Astro-Epen
50272,1355,Immune
50273,1385,GABA_Neuron
50274,1348,Immune
50275,1366,Excitatory_Neuron
50276,1392,unassigned
50277,1381,Astro-Epen
50278,1377,Astro-Epen
50279,1389,unassigned
50280,1389,unassigned
50281,1389,unassigned
50282,1348,Immune
50283,1377,Astro-Epen
50284,1381,Astro-Epen
50285,1381,Astro-Epen
50286,1360,Astro-Epen
50287,1389,unassigned
50288,1385,GABA_Neuron
50289,1393,unassigned
50290,1348,Immune
50291,1355,Immune
50292,1381,Astro-Epen
50293,1374,Immune
50294,1381,Astro-Epen
50295,1348,Immune
50296,1348,Immune
50297,1349,Immune
50298,1378,unassigned
50299,1389,unassigned
50300,1389,unassigned
50301,1389,unassigned
50302,1389,unassigned
50303,1366,Excitatory_Neuron
50304,1367,Astro-Epen
50305,1350,unassigned
50306,1385,GABA_Neuron
50307,1385,GABA_Neuron
50308,1348,Immune
50309,1348,Immune
50310,1366,Excitatory_Neuron
50311,1385,GABA_Neuron
50312,1348,Immune
50313,1348,Immune
50314,1348,Immune
50315,1355,Immune
50316,1381,Astro-Epen
50317,1378,unassigned
50318,1348,Immune
50319,1366,Excitatory_Neuron
50320,1355,Immune
50321,1348,Immune
50322,1349,Immune
50323,1389,unassigned
50324,1385,GABA_Neuron
50325,1348,Immune
50326,1367,Astro-Epen
50327,1348,Immune
50328,1349,Immune
50329,1389,unassigned
50330,1389,unassigned
50331,1381,Astro-Epen
50332,1393,unassigned
50333,1385,GABA_Neuron
50334,1385,GABA_Neuron
50335,1377,Astro-Epen
50336,1377,Astro-Epen
50337,1381,Astro-Epen
50338,1381,Astro-Epen
50339,1384,unassigned
50340,1349,Immune
50341,1378,unassigned
50342,1386,unassigned
50343,1385,GABA_Neuron
50344,1348,Immune
50345,1348,Immune
50346,1377,Astro-Epen
50347,1355,Immune
50348,1348,Immune
50349,1348,Immune
50350,1348,Immune
50351,1349,Immune
50352,1349,Immune
50353,1385,GABA_Neuron
50354,1385,GABA_Neuron
50355,1355,Immune
50356,1349,Immune
50357,1378,unassigned
50358,1374,Immune
50359,1391,unassigned
50360,1385,GABA_Neuron
50361,1348,Immune
50362,1362,Immune
50363,1374,Immune
50364,1348,Immune
50365,1367,Astro-Epen
50366,1360,Astro-Epen
50367,1362,Immune
50368,1384,unassigned
50369,1374,Immune
50370,1385,GABA_Neuron
50371,1393,unassigned
50372,1385,GABA_Neuron
50373,1366,Excitatory_Neuron
50374,1381,Astro-Epen
50375,1385,GABA_Neuron
50376,1348,Immune
50377,1348,Immune
50378,1348,Immune
50379,1386,unassigned
50380,1391,unassigned
50381,1389,unassigned
50382,1393,unassigned
50383,1348,Immune
50384,1393,unassigned
50385,1393,unassigned
50386,1366,Excitatory_Neuron
50387,1384,unassigned
50388,1393,unassigned
50389,1348,Immune
50390,1374,Immune
50391,1366,Excitatory_Neuron
50392,1348,Immune
50393,1355,Immune
50394,1355,Immune
50395,1381,Astro-Epen
50396,1374,Immune
50397,1360,Astro-Epen
50398,1391,unassigned
50399,1366,Excitatory_Neuron
50400,1348,Immune
50401,1360,Astro-Epen
50402,1366,Excitatory_Neuron
50403,1348,Immune
50404,1355,Immune
50405,1378,unassigned
50406,1391,unassigned
50407,1348,Immune
50408,1367,Astro-Epen
50409,1381,Astro-Epen
50410,1374,Immune
50411,1385,GABA_Neuron
50412,1374,Immune
50413,1374,Immune
50414,1385,GABA_Neuron
50415,1385,GABA_Neuron
50416,1366,Excitatory_Neuron
50417,1348,Immune
50418,1348,Immune
50419,1377,Astro-Epen
50420,1355,Immune
50421,1348,Immune
50422,1366,Excitatory_Neuron
50423,1348,Immune
50424,1355,Immune
50425,1355,Immune
50426,1393,unassigned
50427,1377,Astro-Epen
50428,1381,Astro-Epen
50429,1385,GABA_Neuron
50430,1385,GABA_Neuron
50431,1355,Immune
50432,1374,Immune
50433,1366,Excitatory_Neuron
50434,1366,Excitatory_Neuron
50435,1393,unassigned
50436,1360,Astro-Epen
50437,1350,unassigned
50438,1385,GABA_Neuron
50439,1389,unassigned
50440,1348,Immune
50441,1377,Astro-Epen
50442,1374,Immune
50443,1385,GABA_Neuron
50444,1389,unassigned
50445,1374,Immune
50446,1360,Astro-Epen
50447,1385,GABA_Neuron
50448,1385,GABA_Neuron
50449,1385,GABA_Neuron
50450,1348,Immune
50451,1355,Immune
50452,1355,Immune
50453,1381,Astro-Epen
50454,1394,unassigned
50455,1348,Immune
50456,1378,unassigned
50457,1374,Immune
50458,1385,GABA_Neuron
50459,1393,unassigned
50460,1391,unassigned
50461,1385,GABA_Neuron
50462,1393,unassigned
50463,1393,unassigned
50464,1366,Excitatory_Neuron
50465,1348,Immune
50466,1355,Immune
50467,1355,Immune
50468,1378,unassigned
50469,1374,Immune
50470,1389,unassigned
50471,1385,GABA_Neuron
50472,1393,unassigned
50473,1348,Immune
50474,1377,Astro-Epen
50475,1378,unassigned
50476,1367,Astro-Epen
50477,1378,unassigned
50478,1385,GABA_Neuron
50479,1348,Immune
50480,1366,Excitatory_Neuron
50481,1394,unassigned
50482,1385,GABA_Neuron
50483,1391,unassigned
50484,1348,Immune
50485,1355,Immune
50486,1381,Astro-Epen
50487,1381,Astro-Epen
50488,1393,unassigned
50489,1385,GABA_Neuron
50490,1377,Astro-Epen
50491,1374,Immune
50492,1385,GABA_Neuron
50493,1348,Immune
50494,1348,Immune
50495,1348,Immune
50496,1381,Astro-Epen
50497,1366,Excitatory_Neuron
50498,1391,unassigned
50499,1389,unassigned
50500,1348,Immune
50501,1355,Immune
50502,1378,unassigned
50503,1374,Immune
50504,1374,Immune
50505,1385,GABA_Neuron
50506,1348,Immune
50507,1348,Immune
50508,1367,Astro-Epen
50509,1355,Immune
50510,1391,unassigned
50511,1385,GABA_Neuron
50512,1389,unassigned
50513,1385,GABA_Neuron
50514,1366,Excitatory_Neuron
50515,1366,Excitatory_Neuron
50516,1367,Astro-Epen
50517,1381,Astro-Epen
50518,1393,unassigned
50519,1348,Immune
50520,1384,unassigned
50521,1378,unassigned
50522,1366,Excitatory_Neuron
50523,1348,Immune
50524,1374,Immune
50525,1385,GABA_Neuron
50526,1385,GABA_Neuron
50527,1348,Immune
50528,1355,Immune
50529,1360,Astro-Epen
50530,1393,unassigned
50531,1393,unassigned
50532,1348,Immune
50533,1355,Immune
50534,1355,Immune
50535,1385,GABA_Neuron
50536,1367,Astro-Epen
50537,1377,Astro-Epen
50538,1381,Astro-Epen
50539,1374,Immune
50540,1391,unassigned
50541,1391,unassigned
50542,1385,GABA_Neuron
50543,1348,Immune
50544,1348,Immune
50545,1385,GABA_Neuron
50546,1385,GABA_Neuron
50547,1355,Immune
50548,1394,unassigned
50549,1360,Astro-Epen
50550,1389,unassigned
50551,1348,Immune
50552,1348,Immune
50553,1360,Astro-Epen
50554,1391,unassigned
50555,1366,Excitatory_Neuron
50556,1377,Astro-Epen
50557,1355,Immune
50558,1374,Immune
50559,1385,GABA_Neuron
50560,1385,GABA_Neuron
50561,1394,unassigned
50562,1366,Excitatory_Neuron
50563,1366,Excitatory_Neuron
50564,1348,Immune
50565,1381,Astro-Epen
50566,1381,Astro-Epen
50567,1348,Immune
50568,1348,Immune
50569,1348,Immune
50570,1377,Astro-Epen
50571,1381,Astro-Epen
50572,1366,Excitatory_Neuron
50573,1355,Immune
50574,1350,unassigned
50575,1385,GABA_Neuron
50576,1385,GABA_Neuron
50577,1393,unassigned
50578,1381,Astro-Epen
50579,1355,Immune
50580,1391,unassigned
50581,1391,unassigned
50582,1385,GABA_Neuron
50583,1366,Excitatory_Neuron
50584,1374,Immune
50585,1378,unassigned
50586,1391,unassigned
50587,1385,GABA_Neuron
50588,1367,Astro-Epen
50589,1395,Astro-Epen
50590,1396,unassigned
50591,1385,GABA_Neuron
50592,1385,GABA_Neuron
50593,1385,GABA_Neuron
50594,1360,Astro-Epen
50595,1360,Astro-Epen
50596,1385,GABA_Neuron
50597,1385,GABA_Neuron
50598,1348,Immune
50599,1348,Immune
50600,1377,Astro-Epen
50601,1385,GABA_Neuron
50602,1391,unassigned
50603,1385,GABA_Neuron
50604,1366,Excitatory_Neuron
50605,1367,Astro-Epen
50606,1348,Immune
50607,1366,Excitatory_Neuron
50608,1396,unassigned
50609,1378,unassigned
50610,1385,GABA_Neuron
50611,1385,GABA_Neuron
50612,1366,Excitatory_Neuron
50613,1394,unassigned
50614,1374,Immune
50615,1391,unassigned
50616,1366,Excitatory_Neuron
50617,1377,Astro-Epen
50618,1394,unassigned
50619,1391,unassigned
50620,1385,GABA_Neuron
50621,1385,GABA_Neuron
50622,1367,Astro-Epen
50623,1367,Astro-Epen
50624,1381,Astro-Epen
50625,1355,Immune
50626,1378,unassigned
50627,1389,unassigned
50628,1348,Immune
50629,1348,Immune
50630,1385,GABA_Neuron
50631,1396,unassigned
50632,1396,unassigned
50633,1348,Immune
50634,1367,Astro-Epen
50635,1355,Immune
50636,1355,Immune
50637,1355,Immune
50638,1385,GABA_Neuron
50639,1385,GABA_Neuron
50640,1367,Astro-Epen
50641,1355,Immune
50642,1378,unassigned
50643,1350,unassigned
50644,1389,unassigned
50645,1366,Excitatory_Neuron
50646,1396,unassigned
50647,1348,Immune
50648,1381,Astro-Epen
50649,1374,Immune
50650,1391,unassigned
50651,1385,GABA_Neuron
50652,1385,GABA_Neuron
50653,1366,Excitatory_Neuron
50654,1348,Immune
50655,1367,Astro-Epen
50656,1381,Astro-Epen
50657,1381,Astro-Epen
50658,1378,unassigned
50659,1385,GABA_Neuron
50660,1389,unassigned
50661,1385,GABA_Neuron
50662,1385,GABA_Neuron
50663,1366,Excitatory_Neuron
50664,1348,Immune
50665,1366,Excitatory_Neuron
50666,1381,Astro-Epen
50667,1350,unassigned
50668,1396,unassigned
50669,1367,Astro-Epen
50670,1366,Excitatory_Neuron
50671,1381,Astro-Epen
50672,1374,Immune
50673,1385,GABA_Neuron
50674,1385,GABA_Neuron
50675,1366,Excitatory_Neuron
50676,1367,Astro-Epen
50677,1381,Astro-Epen
50678,1378,unassigned
50679,1391,unassigned
50680,1374,Immune
50681,1366,Excitatory_Neuron
50682,1348,Immune
50683,1350,unassigned
50684,1360,Astro-Epen
50685,1350,unassigned
50686,1367,Astro-Epen
50687,1367,Astro-Epen
50688,1381,Astro-Epen
50689,1394,unassigned
50690,1366,Excitatory_Neuron
50691,1367,Astro-Epen
50692,1385,GABA_Neuron
50693,1385,GABA_Neuron
50694,1355,Immune
50695,1381,Astro-Epen
50696,1350,unassigned
50697,1348,Immune
50698,1397,unassigned
50699,1355,Immune
50700,1366,Excitatory_Neuron
50701,1381,Astro-Epen
50702,1398,unassigned
50703,1391,unassigned
50704,1385,GABA_Neuron
50705,1366,Excitatory_Neuron
50706,1394,unassigned
50707,1366,Excitatory_Neuron
50708,1348,Immune
50709,1397,unassigned
50710,1394,unassigned
50711,1366,Excitatory_Neuron
50712,1367,Astro-Epen
50713,1366,Excitatory_Neuron
50714,1367,Astro-Epen
50715,1399,unassigned
50716,1395,Astro-Epen
50717,1374,Immune
50718,1377,Astro-Epen
50719,1399,unassigned
50720,1394,unassigned
50721,1394,unassigned
50722,1385,GABA_Neuron
50723,1367,Astro-Epen
50724,1355,Immune
50725,1381,Astro-Epen
50726,1395,Astro-Epen
50727,1385,GABA_Neuron
50728,1385,GABA_Neuron
50729,1385,GABA_Neuron
50730,1394,unassigned
50731,1385,GABA_Neuron
50732,1385,GABA_Neuron
50733,1355,Immune
50734,1377,Astro-Epen
50735,1350,unassigned
50736,1394,unassigned
50737,1350,unassigned
50738,1381,Astro-Epen
50739,1395,Astro-Epen
50740,1385,GABA_Neuron
50741,1385,GABA_Neuron
50742,1355,Immune
50743,1385,GABA_Neuron
50744,1385,GABA_Neuron
50745,1385,GABA_Neuron
50746,1385,GABA_Neuron
50747,1366,Excitatory_Neuron
50748,1385,GABA_Neuron
50749,1385,GABA_Neuron
50750,1366,Excitatory_Neuron
50751,1367,Astro-Epen
50752,1348,Immune
50753,1381,Astro-Epen
50754,1394,unassigned
50755,1394,unassigned
50756,1366,Excitatory_Neuron
50757,1367,Astro-Epen
50758,1378,unassigned
50759,1374,Immune
50760,1400,unassigned
50761,1397,unassigned
50762,1399,unassigned
50763,1394,unassigned
50764,1385,GABA_Neuron
50765,1367,Astro-Epen
50766,1355,Immune
50767,1381,Astro-Epen
50768,1374,Immune
50769,1374,Immune
50770,1355,Immune
50771,1366,Excitatory_Neuron
50772,1355,Immune
50773,1366,Excitatory_Neuron
50774,1381,Astro-Epen
50775,1350,unassigned
50776,1367,Astro-Epen
50777,1367,Astro-Epen
50778,1367,Astro-Epen
50779,1355,Immune
50780,1374,Immune
50781,1367,Astro-Epen
50782,1385,GABA_Neuron
50783,1367,Astro-Epen
50784,1395,Astro-Epen
50785,1395,Astro-Epen
50786,1374,Immune
50787,1374,Immune
50788,1385,GABA_Neuron
50789,1391,unassigned
50790,1367,Astro-Epen
50791,1385,GABA_Neuron
50792,1348,Immune
50793,1348,Immune
50794,1367,Astro-Epen
50795,1367,Astro-Epen
50796,1367,Astro-Epen
50797,1355,Immune
50798,1394,unassigned
50799,1399,unassigned
50800,1360,Astro-Epen
50801,1391,unassigned
50802,1348,Immune
50803,1367,Astro-Epen
50804,1367,Astro-Epen
50805,1397,unassigned
50806,1374,Immune
50807,1385,GABA_Neuron
50808,1385,GABA_Neuron
50809,1366,Excitatory_Neuron
50810,1367,Astro-Epen
50811,1355,Immune
50812,1395,Astro-Epen
50813,1374,Immune
50814,1385,GABA_Neuron
50815,1367,Astro-Epen
50816,1355,Immune
50817,1377,Astro-Epen
50818,1350,unassigned
50819,1374,Immune
50820,1374,Immune
50821,1374,Immune
50822,1391,unassigned
50823,1367,Astro-Epen
50824,1366,Excitatory_Neuron
50825,1350,unassigned
50826,1374,Immune
50827,1350,unassigned
50828,1366,Excitatory_Neuron
50829,1355,Immune
50830,1367,Astro-Epen
50831,1367,Astro-Epen
50832,1366,Excitatory_Neuron
50833,1391,unassigned
50834,1385,GABA_Neuron
50835,1385,GABA_Neuron
50836,1367,Astro-Epen
50837,1381,Astro-Epen
50838,1350,unassigned
50839,1391,unassigned
50840,1385,GABA_Neuron
50841,1396,unassigned
50842,1396,unassigned
50843,1348,Immune
50844,1355,Immune
50845,1381,Astro-Epen
50846,1394,unassigned
50847,1394,unassigned
50848,1395,Astro-Epen
50849,1366,Excitatory_Neuron
50850,1367,Astro-Epen
50851,1367,Astro-Epen
50852,1381,Astro-Epen
50853,1394,unassigned
50854,1374,Immune
50855,1350,unassigned
50856,1366,Excitatory_Neuron
50857,1350,unassigned
50858,1385,GABA_Neuron
50859,1366,Excitatory_Neuron
50860,1366,Excitatory_Neuron
50861,1366,Excitatory_Neuron
50862,1367,Astro-Epen
50863,1367,Astro-Epen
50864,1400,unassigned
50865,1381,Astro-Epen
50866,1355,Immune
50867,1401,unassigned
50868,1350,unassigned
50869,1366,Excitatory_Neuron
50870,1366,Excitatory_Neuron
50871,1400,unassigned
50872,1355,Immune
50873,1350,unassigned
50874,1385,GABA_Neuron
50875,1396,unassigned
50876,1396,unassigned
50877,1396,unassigned
50878,1367,Astro-Epen
50879,1355,Immune
50880,1394,unassigned
50881,1396,unassigned
50882,1381,Astro-Epen
50883,1350,unassigned
50884,1402,unassigned
50885,1367,Astro-Epen
50886,1385,GABA_Neuron
50887,1367,Astro-Epen
50888,1366,Excitatory_Neuron
50889,1367,Astro-Epen
50890,1350,unassigned
50891,1378,unassigned
50892,1350,unassigned
50893,1366,Excitatory_Neuron
50894,1366,Excitatory_Neuron
50895,1348,Immune
50896,1366,Excitatory_Neuron
50897,1366,Excitatory_Neuron
50898,1400,unassigned
50899,1355,Immune
50900,1391,unassigned
50901,1385,GABA_Neuron
50902,1350,unassigned
50903,1350,unassigned
50904,1350,unassigned
50905,1385,GABA_Neuron
50906,1385,GABA_Neuron
50907,1385,GABA_Neuron
50908,1385,GABA_Neuron
50909,1348,Immune
50910,1355,Immune
50911,1350,unassigned
50912,1350,unassigned
50913,1367,Astro-Epen
50914,1385,GABA_Neuron
50915,1355,Immune
50916,1381,Astro-Epen
50917,1400,unassigned
50918,1355,Immune
50919,1355,Immune
50920,1399,unassigned
50921,1399,unassigned
50922,1350,unassigned
50923,1355,Immune
50924,1403,unassigned
50925,1366,Excitatory_Neuron
50926,1385,GABA_Neuron
50927,1396,unassigned
50928,1367,Astro-Epen
50929,1355,Immune
50930,1355,Immune
50931,1366,Excitatory_Neuron
50932,1381,Astro-Epen
50933,1366,Excitatory_Neuron
50934,1385,GABA_Neuron
50935,1385,GABA_Neuron
50936,1366,Excitatory_Neuron
50937,1366,Excitatory_Neuron
50938,1367,Astro-Epen
50939,1367,Astro-Epen
50940,1367,Astro-Epen
50941,1385,GABA_Neuron
50942,1396,unassigned
50943,1366,Excitatory_Neuron
50944,1367,Astro-Epen
50945,1367,Astro-Epen
50946,1396,unassigned
50947,1385,GABA_Neuron
50948,1348,Immune
50949,1396,unassigned
50950,1350,unassigned
50951,1366,Excitatory_Neuron
50952,1404,unassigned
50953,1404,unassigned
50954,1404,unassigned
50955,1404,unassigned
50956,1404,unassigned
50957,1404,unassigned
50958,1404,unassigned
50959,1404,unassigned
50960,1404,unassigned
50961,1404,unassigned
50962,1404,unassigned
50963,1404,unassigned
50964,1404,unassigned
50965,1405,Excitatory_Neuron
50966,1404,unassigned
50967,1404,unassigned
50968,1404,unassigned
50969,1404,unassigned
50970,1404,unassigned
50971,1404,unassigned
50972,1404,unassigned
50973,1405,Excitatory_Neuron
50974,1404,unassigned
50975,1404,unassigned
50976,1404,unassigned
50977,1404,unassigned
50978,1404,unassigned
50979,1405,Excitatory_Neuron
50980,1404,unassigned
50981,1404,unassigned
50982,1405,Excitatory_Neuron
50983,1405,Excitatory_Neuron
50984,1404,unassigned
50985,1404,unassigned
50986,1404,unassigned
50987,1404,unassigned
50988,1404,unassigned
50989,1404,unassigned
50990,1404,unassigned
50991,1404,unassigned
50992,1404,unassigned
50993,1404,unassigned
50994,1404,unassigned
50995,1404,unassigned
50996,1404,unassigned
50997,1404,unassigned
50998,1404,unassigned
50999,1404,unassigned
51000,1404,unassigned
51001,1404,unassigned
51002,1404,unassigned
51003,1404,unassigned
51004,1404,unassigned
51005,1404,unassigned
51006,1404,unassigned
51007,1404,unassigned
51008,1404,unassigned
51009,1404,unassigned
51010,1404,unassigned
51011,1404,unassigned
51012,1404,unassigned
51013,1405,Excitatory_Neuron
51014,1404,unassigned
51015,1405,Excitatory_Neuron
51016,1405,Excitatory_Neuron
51017,1405,Excitatory_Neuron
51018,1404,unassigned
51019,1404,unassigned
51020,1405,Excitatory_Neuron
51021,1404,unassigned
51022,1404,unassigned
51023,1405,Excitatory_Neuron
51024,1404,unassigned
51025,1404,unassigned
51026,1404,unassigned
51027,1404,unassigned
51028,1404,unassigned
51029,1404,unassigned
51030,1404,unassigned
51031,1404,unassigned
51032,1405,Excitatory_Neuron
51033,1404,unassigned
51034,1404,unassigned
51035,1405,Excitatory_Neuron
51036,1404,unassigned
51037,1404,unassigned
51038,1404,unassigned
51039,1405,Excitatory_Neuron
51040,1404,unassigned
51041,1405,Excitatory_Neuron
51042,1404,unassigned
51043,1404,unassigned
51044,1404,unassigned
51045,1404,unassigned
51046,1404,unassigned
51047,1404,unassigned
51048,1404,unassigned
51049,1405,Excitatory_Neuron
51050,1405,Excitatory_Neuron
51051,1404,unassigned
51052,1405,Excitatory_Neuron
51053,1404,unassigned
51054,1404,unassigned
51055,1404,unassigned
51056,1404,unassigned
51057,1404,unassigned
51058,1404,unassigned
51059,1404,unassigned
51060,1404,unassigned
51061,1405,Excitatory_Neuron
51062,1405,Excitatory_Neuron
51063,1404,unassigned
51064,1405,Excitatory_Neuron
51065,1404,unassigned
51066,1404,unassigned
51067,1404,unassigned
51068,1405,Excitatory_Neuron
51069,1404,unassigned
51070,1404,unassigned
51071,1405,Excitatory_Neuron
51072,1404,unassigned
51073,1405,Excitatory_Neuron
51074,1404,unassigned
51075,1406,Excitatory_Neuron
51076,1404,unassigned
51077,1406,Excitatory_Neuron
51078,1404,unassigned
51079,1404,unassigned
51080,1406,Excitatory_Neuron
51081,1405,Excitatory_Neuron
51082,1406,Excitatory_Neuron
51083,1405,Excitatory_Neuron
51084,1404,unassigned
51085,1404,unassigned
51086,1404,unassigned
51087,1405,Excitatory_Neuron
51088,1406,Excitatory_Neuron
51089,1405,Excitatory_Neuron
51090,1404,unassigned
51091,1405,Excitatory_Neuron
51092,1406,Excitatory_Neuron
51093,1404,unassigned
51094,1405,Excitatory_Neuron
51095,1404,unassigned
51096,1404,unassigned
51097,1404,unassigned
51098,1405,Excitatory_Neuron
51099,1404,unassigned
51100,1404,unassigned
51101,1404,unassigned
51102,1405,Excitatory_Neuron
51103,1404,unassigned
51104,1404,unassigned
51105,1405,Excitatory_Neuron
51106,1404,unassigned
51107,1404,unassigned
51108,1405,Excitatory_Neuron
51109,1405,Excitatory_Neuron
51110,1404,unassigned
51111,1404,unassigned
51112,1404,unassigned
51113,1405,Excitatory_Neuron
51114,1404,unassigned
51115,1404,unassigned
51116,1405,Excitatory_Neuron
51117,1404,unassigned
51118,1405,Excitatory_Neuron
51119,1405,Excitatory_Neuron
51120,1405,Excitatory_Neuron
51121,1404,unassigned
51122,1404,unassigned
51123,1404,unassigned
51124,1404,unassigned
51125,1404,unassigned
51126,1404,unassigned
51127,1404,unassigned
51128,1404,unassigned
51129,1404,unassigned
51130,1404,unassigned
51131,1404,unassigned
51132,1404,unassigned
51133,1404,unassigned
51134,1404,unassigned
51135,1404,unassigned
51136,1404,unassigned
51137,1404,unassigned
51138,1404,unassigned
51139,1404,unassigned
51140,1404,unassigned
51141,1404,unassigned
51142,1404,unassigned
51143,1404,unassigned
51144,1404,unassigned
51145,1404,unassigned
51146,1404,unassigned
51147,1404,unassigned
51148,1404,unassigned
51149,1404,unassigned
51150,1404,unassigned
51151,1404,unassigned
51152,1404,unassigned
51153,1404,unassigned
51154,1404,unassigned
51155,1404,unassigned
51156,1404,unassigned
51157,1404,unassigned
51158,1407,unassigned
51159,1408,unassigned
51160,1407,unassigned
51161,1407,unassigned
51162,1409,Astro-Epen
51163,1410,unassigned
51164,1407,unassigned
51165,1407,unassigned
51166,1408,unassigned
51167,1407,unassigned
51168,1409,Astro-Epen
51169,1409,Astro-Epen
51170,1407,unassigned
51171,1407,unassigned
51172,1407,unassigned
51173,1407,unassigned
51174,1407,unassigned
51175,1407,unassigned
51176,1407,unassigned
51177,1407,unassigned
51178,1407,unassigned
51179,1411,unassigned
51180,1412,unassigned
51181,1407,unassigned
51182,1407,unassigned
51183,1407,unassigned
51184,1407,unassigned
51185,1413,unassigned
51186,1407,unassigned
51187,1407,unassigned
51188,1407,unassigned
51189,1410,unassigned
51190,1407,unassigned
51191,1407,unassigned
51192,1407,unassigned
51193,1413,unassigned
51194,1407,unassigned
51195,1407,unassigned
51196,1407,unassigned
51197,1409,Astro-Epen
51198,1407,unassigned
51199,1407,unassigned
51200,1407,unassigned
51201,1409,Astro-Epen
51202,1409,Astro-Epen
51203,1410,unassigned
51204,1414,unassigned
51205,1407,unassigned
51206,1409,Astro-Epen
51207,1407,unassigned
51208,1414,unassigned
51209,1407,unassigned
51210,1409,Astro-Epen
51211,1410,unassigned
51212,1409,Astro-Epen
51213,1407,unassigned
51214,1409,Astro-Epen
51215,1410,unassigned
51216,1409,Astro-Epen
51217,1407,unassigned
51218,1407,unassigned
51219,1407,unassigned
51220,1407,unassigned
51221,1410,unassigned
51222,1407,unassigned
51223,1407,unassigned
51224,1407,unassigned
51225,1409,Astro-Epen
51226,1414,unassigned
51227,1407,unassigned
51228,1409,Astro-Epen
51229,1414,unassigned
51230,1407,unassigned
51231,1409,Astro-Epen
51232,1410,unassigned
51233,1407,unassigned
51234,1409,Astro-Epen
51235,1409,Astro-Epen
51236,1407,unassigned
51237,1411,unassigned
51238,1407,unassigned
51239,1410,unassigned
51240,1407,unassigned
51241,1407,unassigned
51242,1409,Astro-Epen
51243,1409,Astro-Epen
51244,1410,unassigned
51245,1407,unassigned
51246,1407,unassigned
51247,1409,Astro-Epen
51248,1407,unassigned
51249,1407,unassigned
51250,1407,unassigned
51251,1407,unassigned
51252,1407,unassigned
51253,1407,unassigned
51254,1407,unassigned
51255,1409,Astro-Epen
51256,1409,Astro-Epen
51257,1407,unassigned
51258,1409,Astro-Epen
51259,1413,unassigned
51260,1410,unassigned
51261,1407,unassigned
51262,1409,Astro-Epen
51263,1407,unassigned
51264,1409,Astro-Epen
51265,1407,unassigned
51266,1407,unassigned
51267,1409,Astro-Epen
51268,1407,unassigned
51269,1407,unassigned
51270,1409,Astro-Epen
51271,1407,unassigned
51272,1409,Astro-Epen
51273,1413,unassigned
51274,1415,unassigned
51275,1407,unassigned
51276,1410,unassigned
51277,1407,unassigned
51278,1407,unassigned
51279,1415,unassigned
51280,1407,unassigned
51281,1409,Astro-Epen
51282,1407,unassigned
51283,1407,unassigned
51284,1410,unassigned
51285,1407,unassigned
51286,1407,unassigned
51287,1407,unassigned
51288,1409,Astro-Epen
51289,1409,Astro-Epen
51290,1410,unassigned
51291,1407,unassigned
51292,1414,unassigned
51293,1414,unassigned
51294,1409,Astro-Epen
51295,1407,unassigned
51296,1407,unassigned
51297,1413,unassigned
51298,1407,unassigned
51299,1407,unassigned
51300,1416,unassigned
51301,1409,Astro-Epen
51302,1407,unassigned
51303,1411,unassigned
51304,1413,unassigned
51305,1410,unassigned
51306,1407,unassigned
51307,1411,unassigned
51308,1410,unassigned
51309,1407,unassigned
51310,1409,Astro-Epen
51311,1407,unassigned
51312,1407,unassigned
51313,1410,unassigned
51314,1407,unassigned
51315,1407,unassigned
51316,1407,unassigned
51317,1409,Astro-Epen
51318,1409,Astro-Epen
51319,1407,unassigned
51320,1407,unassigned
51321,1407,unassigned
51322,1411,unassigned
51323,1411,unassigned
51324,1410,unassigned
51325,1407,unassigned
51326,1407,unassigned
51327,1407,unassigned
51328,1415,unassigned
51329,1407,unassigned
51330,1411,unassigned
51331,1411,unassigned
51332,1415,unassigned
51333,1409,Astro-Epen
51334,1411,unassigned
51335,1411,unassigned
51336,1410,unassigned
51337,1407,unassigned
51338,1410,unassigned
51339,1407,unassigned
51340,1410,unassigned
51341,1409,Astro-Epen
51342,1407,unassigned
51343,1407,unassigned
51344,1407,unassigned
51345,1409,Astro-Epen
51346,1409,Astro-Epen
51347,1407,unassigned
51348,1407,unassigned
51349,1409,Astro-Epen
51350,1407,unassigned
51351,1407,unassigned
51352,1411,unassigned
51353,1410,unassigned
51354,1407,unassigned
51355,1409,Astro-Epen
51356,1407,unassigned
51357,1407,unassigned
51358,1409,Astro-Epen
51359,1407,unassigned
51360,1413,unassigned
51361,1407,unassigned
51362,1407,unassigned
51363,1410,unassigned
51364,1407,unassigned
51365,1407,unassigned
51366,1409,Astro-Epen
51367,1409,Astro-Epen
51368,1407,unassigned
51369,1407,unassigned
51370,1407,unassigned
51371,1409,Astro-Epen
51372,1407,unassigned
51373,1415,unassigned
51374,1407,unassigned
51375,1407,unassigned
51376,1407,unassigned
51377,1409,Astro-Epen
51378,1413,unassigned
51379,1410,unassigned
51380,1410,unassigned
51381,1407,unassigned
51382,1407,unassigned
51383,1407,unassigned
51384,1407,unassigned
51385,1409,Astro-Epen
51386,1409,Astro-Epen
51387,1407,unassigned
51388,1415,unassigned
51389,1407,unassigned
51390,1411,unassigned
51391,1407,unassigned
51392,1411,unassigned
51393,1409,Astro-Epen
51394,1409,Astro-Epen
51395,1407,unassigned
51396,1409,Astro-Epen
51397,1409,Astro-Epen
51398,1409,Astro-Epen
51399,1409,Astro-Epen
51400,1407,unassigned
51401,1407,unassigned
51402,1409,Astro-Epen
51403,1410,unassigned
51404,1409,Astro-Epen
51405,1407,unassigned
51406,1409,Astro-Epen
51407,1409,Astro-Epen
51408,1410,unassigned
51409,1407,unassigned
51410,1411,unassigned
51411,1409,Astro-Epen
51412,1411,unassigned
51413,1407,unassigned
51414,1409,Astro-Epen
51415,1409,Astro-Epen
51416,1407,unassigned
51417,1411,unassigned
51418,1410,unassigned
51419,1410,unassigned
51420,1407,unassigned
51421,1407,unassigned
51422,1407,unassigned
51423,1407,unassigned
51424,1407,unassigned
51425,1410,unassigned
51426,1409,Astro-Epen
51427,1409,Astro-Epen
51428,1409,Astro-Epen
51429,1407,unassigned
51430,1407,unassigned
51431,1407,unassigned
51432,1411,unassigned
51433,1409,Astro-Epen
51434,1409,Astro-Epen
51435,1409,Astro-Epen
51436,1407,unassigned
51437,1407,unassigned
51438,1417,unassigned
51439,1409,Astro-Epen
51440,1407,unassigned
51441,1410,unassigned
51442,1407,unassigned
51443,1407,unassigned
51444,1407,unassigned
51445,1411,unassigned
51446,1407,unassigned
51447,1410,unassigned
51448,1409,Astro-Epen
51449,1410,unassigned
51450,1407,unassigned
51451,1407,unassigned
51452,1415,unassigned
51453,1407,unassigned
51454,1409,Astro-Epen
51455,1418,GABA_Neuron
51456,1410,unassigned
51457,1407,unassigned
51458,1407,unassigned
51459,1407,unassigned
51460,1409,Astro-Epen
51461,1407,unassigned
51462,1407,unassigned
51463,1417,unassigned
51464,1410,unassigned
51465,1407,unassigned
51466,1417,unassigned
51467,1407,unassigned
51468,1407,unassigned
51469,1409,Astro-Epen
51470,1407,unassigned
51471,1418,GABA_Neuron
51472,1418,GABA_Neuron
51473,1407,unassigned
51474,1407,unassigned
51475,1407,unassigned
51476,1407,unassigned
51477,1409,Astro-Epen
51478,1415,unassigned
51479,1407,unassigned
51480,1409,Astro-Epen
51481,1407,unassigned
51482,1409,Astro-Epen
51483,1407,unassigned
51484,1409,Astro-Epen
51485,1409,Astro-Epen
51486,1407,unassigned
51487,1411,unassigned
51488,1411,unassigned
51489,1407,unassigned
51490,1407,unassigned
51491,1407,unassigned
51492,1407,unassigned
51493,1407,unassigned
51494,1409,Astro-Epen
51495,1407,unassigned
51496,1411,unassigned
51497,1411,unassigned
51498,1409,Astro-Epen
51499,1407,unassigned
51500,1407,unassigned
51501,1410,unassigned
51502,1415,unassigned
51503,1411,unassigned
51504,1407,unassigned
51505,1415,unassigned
51506,1409,Astro-Epen
51507,1409,Astro-Epen
51508,1407,unassigned
51509,1407,unassigned
51510,1410,unassigned
51511,1415,unassigned
51512,1411,unassigned
51513,1419,unassigned
51514,1407,unassigned
51515,1409,Astro-Epen
51516,1407,unassigned
51517,1419,unassigned
51518,1407,unassigned
51519,1407,unassigned
51520,1407,unassigned
51521,1407,unassigned
51522,1409,Astro-Epen
51523,1419,unassigned
51524,1407,unassigned
51525,1409,Astro-Epen
51526,1419,unassigned
51527,1407,unassigned
51528,1418,GABA_Neuron
51529,1407,unassigned
51530,1411,unassigned
51531,1407,unassigned
51532,1409,Astro-Epen
51533,1409,Astro-Epen
51534,1407,unassigned
51535,1407,unassigned
51536,1411,unassigned
51537,1409,Astro-Epen
51538,1407,unassigned
51539,1409,Astro-Epen
51540,1419,unassigned
51541,1407,unassigned
51542,1407,unassigned
51543,1407,unassigned
51544,1411,unassigned
51545,1407,unassigned
51546,1407,unassigned
51547,1407,unassigned
51548,1407,unassigned
51549,1407,unassigned
51550,1411,unassigned
51551,1419,unassigned
51552,1407,unassigned
51553,1407,unassigned
51554,1420,unassigned
51555,1419,unassigned
51556,1419,unassigned
51557,1409,Astro-Epen
51558,1407,unassigned
51559,1407,unassigned
51560,1409,Astro-Epen
51561,1409,Astro-Epen
51562,1407,unassigned
51563,1407,unassigned
51564,1407,unassigned
51565,1419,unassigned
51566,1410,unassigned
51567,1407,unassigned
51568,1421,unassigned
51569,1407,unassigned
51570,1407,unassigned
51571,1409,Astro-Epen
51572,1407,unassigned
51573,1419,unassigned
51574,1407,unassigned
51575,1407,unassigned
51576,1407,unassigned
51577,1407,unassigned
51578,1407,unassigned
51579,1407,unassigned
51580,1419,unassigned
51581,1419,unassigned
51582,1411,unassigned
51583,1409,Astro-Epen
51584,1407,unassigned
51585,1407,unassigned
51586,1407,unassigned
51587,1407,unassigned
51588,1419,unassigned
51589,1407,unassigned
51590,1407,unassigned
51591,1407,unassigned
51592,1415,unassigned
51593,1407,unassigned
51594,1419,unassigned
51595,1422,unassigned
51596,1423,unassigned
51597,1407,unassigned
51598,1409,Astro-Epen
51599,1407,unassigned
51600,1407,unassigned
51601,1423,unassigned
51602,1407,unassigned
51603,1419,unassigned
51604,1421,unassigned
51605,1407,unassigned
51606,1407,unassigned
51607,1409,Astro-Epen
51608,1407,unassigned
51609,1407,unassigned
51610,1419,unassigned
51611,1419,unassigned
51612,1419,unassigned
51613,1419,unassigned
51614,1421,unassigned
51615,1407,unassigned
51616,1407,unassigned
51617,1419,unassigned
51618,1422,unassigned
51619,1407,unassigned
51620,1422,unassigned
51621,1424,unassigned
51622,1409,Astro-Epen
51623,1407,unassigned
51624,1417,unassigned
51625,1419,unassigned
51626,1424,unassigned
51627,1407,unassigned
51628,1425,unassigned
51629,1407,unassigned
51630,1407,unassigned
51631,1422,unassigned
51632,1419,unassigned
51633,1407,unassigned
51634,1407,unassigned
51635,1409,Astro-Epen
51636,1419,unassigned
51637,1407,unassigned
51638,1407,unassigned
51639,1409,Astro-Epen
51640,1419,unassigned
51641,1421,unassigned
51642,1419,unassigned
51643,1409,Astro-Epen
51644,1409,Astro-Epen
51645,1424,unassigned
51646,1423,unassigned
51647,1422,unassigned
51648,1407,unassigned
51649,1417,unassigned
51650,1407,unassigned
51651,1419,unassigned
51652,1407,unassigned
51653,1407,unassigned
51654,1407,unassigned
51655,1407,unassigned
51656,1407,unassigned
51657,1407,unassigned
51658,1421,unassigned
51659,1422,unassigned
51660,1415,unassigned
51661,1415,unassigned
51662,1417,unassigned
51663,1407,unassigned
51664,1409,Astro-Epen
51665,1422,unassigned
51666,1419,unassigned
51667,1425,unassigned
51668,1422,unassigned
51669,1423,unassigned
51670,1407,unassigned
51671,1409,Astro-Epen
51672,1407,unassigned
51673,1407,unassigned
51674,1422,unassigned
51675,1421,unassigned
51676,1407,unassigned
51677,1423,unassigned
51678,1407,unassigned
51679,1407,unassigned
51680,1407,unassigned
51681,1407,unassigned
51682,1409,Astro-Epen
51683,1409,Astro-Epen
51684,1409,Astro-Epen
51685,1426,unassigned
51686,1407,unassigned
51687,1407,unassigned
51688,1418,GABA_Neuron
51689,1423,unassigned
51690,1407,unassigned
51691,1418,GABA_Neuron
51692,1422,unassigned
51693,1407,unassigned
51694,1409,Astro-Epen
51695,1424,unassigned
51696,1425,unassigned
51697,1422,unassigned
51698,1407,unassigned
51699,1426,unassigned
51700,1417,unassigned
51701,1417,unassigned
51702,1407,unassigned
51703,1421,unassigned
51704,1422,unassigned
51705,1421,unassigned
51706,1407,unassigned
51707,1407,unassigned
51708,1409,Astro-Epen
51709,1419,unassigned
51710,1423,unassigned
51711,1407,unassigned
51712,1418,GABA_Neuron
51713,1419,unassigned
51714,1409,Astro-Epen
51715,1407,unassigned
51716,1407,unassigned
51717,1407,unassigned
51718,1418,GABA_Neuron
51719,1407,unassigned
51720,1422,unassigned
51721,1422,unassigned
51722,1424,unassigned
51723,1407,unassigned
51724,1407,unassigned
51725,1422,unassigned
51726,1423,unassigned
51727,1407,unassigned
51728,1407,unassigned
51729,1426,unassigned
51730,1422,unassigned
51731,1407,unassigned
51732,1417,unassigned
51733,1417,unassigned
51734,1407,unassigned
51735,1407,unassigned
51736,1418,GABA_Neuron
51737,1417,unassigned
51738,1407,unassigned
51739,1409,Astro-Epen
51740,1407,unassigned
51741,1409,Astro-Epen
51742,1419,unassigned
51743,1417,unassigned
51744,1418,GABA_Neuron
51745,1424,unassigned
51746,1407,unassigned
51747,1407,unassigned
51748,1407,unassigned
51749,1417,unassigned
51750,1425,unassigned
51751,1421,unassigned
51752,1407,unassigned
51753,1422,unassigned
51754,1407,unassigned
51755,1409,Astro-Epen
51756,1419,unassigned
51757,1426,unassigned
51758,1426,unassigned
51759,1422,unassigned
51760,1407,unassigned
51761,1419,unassigned
51762,1417,unassigned
51763,1407,unassigned
51764,1424,unassigned
51765,1407,unassigned
51766,1427,unassigned
51767,1407,unassigned
51768,1409,Astro-Epen
51769,1421,unassigned
51770,1418,GABA_Neuron
51771,1407,unassigned
51772,1407,unassigned
51773,1407,unassigned
51774,1421,unassigned
51775,1407,unassigned
51776,1407,unassigned
51777,1421,unassigned
51778,1421,unassigned
51779,1407,unassigned
51780,1407,unassigned
51781,1409,Astro-Epen
51782,1407,unassigned
51783,1407,unassigned
51784,1407,unassigned
51785,1426,unassigned
51786,1419,unassigned
51787,1407,unassigned
51788,1407,unassigned
51789,1407,unassigned
51790,1407,unassigned
51791,1418,GABA_Neuron
51792,1423,unassigned
51793,1409,Astro-Epen
51794,1409,Astro-Epen
51795,1419,unassigned
51796,1419,unassigned
51797,1419,unassigned
51798,1407,unassigned
51799,1407,unassigned
51800,1419,unassigned
51801,1421,unassigned
51802,1423,unassigned
51803,1407,unassigned
51804,1407,unassigned
51805,1409,Astro-Epen
51806,1407,unassigned
51807,1407,unassigned
51808,1421,unassigned
51809,1422,unassigned
51810,1407,unassigned
51811,1407,unassigned
51812,1407,unassigned
51813,1418,GABA_Neuron
51814,1424,unassigned
51815,1423,unassigned
51816,1407,unassigned
51817,1407,unassigned
51818,1426,unassigned
51819,1407,unassigned
51820,1428,unassigned
51821,1407,unassigned
51822,1407,unassigned
51823,1422,unassigned
51824,1423,unassigned
51825,1407,unassigned
51826,1417,unassigned
51827,1422,unassigned
51828,1417,unassigned
51829,1407,unassigned
51830,1409,Astro-Epen
51831,1419,unassigned
51832,1407,unassigned
51833,1407,unassigned
51834,1418,GABA_Neuron
51835,1409,Astro-Epen
51836,1407,unassigned
51837,1426,unassigned
51838,1409,Astro-Epen
51839,1426,unassigned
51840,1407,unassigned
51841,1423,unassigned
51842,1418,GABA_Neuron
51843,1426,unassigned
51844,1426,unassigned
51845,1407,unassigned
51846,1407,unassigned
51847,1422,unassigned
51848,1407,unassigned
51849,1419,unassigned
51850,1407,unassigned
51851,1422,unassigned
51852,1407,unassigned
51853,1421,unassigned
51854,1407,unassigned
51855,1407,unassigned
51856,1407,unassigned
51857,1409,Astro-Epen
51858,1422,unassigned
51859,1407,unassigned
51860,1407,unassigned
51861,1407,unassigned
51862,1407,unassigned
51863,1407,unassigned
51864,1407,unassigned
51865,1407,unassigned
51866,1407,unassigned
51867,1407,unassigned
51868,1407,unassigned
51869,1426,unassigned
51870,1409,Astro-Epen
51871,1407,unassigned
51872,1422,unassigned
51873,1407,unassigned
51874,1407,unassigned
51875,1407,unassigned
51876,1407,unassigned
51877,1407,unassigned
51878,1407,unassigned
51879,1421,unassigned
51880,1407,unassigned
51881,1407,unassigned
51882,1407,unassigned
51883,1407,unassigned
51884,1407,unassigned
51885,1422,unassigned
51886,1407,unassigned
51887,1407,unassigned
51888,1407,unassigned
51889,1407,unassigned
51890,1407,unassigned
51891,1407,unassigned
51892,1407,unassigned
51893,1407,unassigned
51894,1426,unassigned
51895,1407,unassigned
51896,1421,unassigned
51897,1407,unassigned
51898,1407,unassigned
51899,1407,unassigned
51900,1407,unassigned
51901,1421,unassigned
51902,1425,unassigned
51903,1423,unassigned
51904,1407,unassigned
51905,1407,unassigned
51906,1407,unassigned
51907,1407,unassigned
51908,1407,unassigned
51909,1421,unassigned
51910,1407,unassigned
51911,1422,unassigned
51912,1407,unassigned
51913,1429,Excitatory_Neuron
51914,1430,unassigned
51915,1430,unassigned
51916,1431,unassigned
51917,1432,unassigned
51918,1429,Excitatory_Neuron
51919,1433,Excitatory_Neuron
51920,1434,Excitatory_Neuron
51921,1430,unassigned
51922,1430,unassigned
51923,1430,unassigned
51924,1435,Excitatory_Neuron
51925,1436,unassigned
51926,1429,Excitatory_Neuron
51927,1429,Excitatory_Neuron
51928,1429,Excitatory_Neuron
51929,1430,unassigned
51930,1437,Excitatory_Neuron
51931,1434,Excitatory_Neuron
51932,1430,unassigned
51933,1438,GABA_Neuron
51934,1430,unassigned
51935,1430,unassigned
51936,1430,unassigned
51937,1430,unassigned
51938,1430,unassigned
51939,1430,unassigned
51940,1439,unassigned
51941,1439,unassigned
51942,1440,Excitatory_Neuron
51943,1436,unassigned
51944,1441,Excitatory_Neuron
51945,1442,Excitatory_Neuron
51946,1430,unassigned
51947,1443,Excitatory_Neuron
51948,1430,unassigned
51949,1444,Excitatory_Neuron
51950,1445,Excitatory_Neuron
51951,1446,Excitatory_Neuron
51952,1430,unassigned
51953,1447,Excitatory_Neuron
51954,1448,Excitatory_Neuron
51955,1432,unassigned
51956,1430,unassigned
51957,1429,Excitatory_Neuron
51958,1441,Excitatory_Neuron
51959,1441,Excitatory_Neuron
51960,1449,unassigned
51961,1429,Excitatory_Neuron
51962,1433,Excitatory_Neuron
51963,1430,unassigned
51964,1450,Excitatory_Neuron
51965,1433,Excitatory_Neuron
51966,1441,Excitatory_Neuron
51967,1437,Excitatory_Neuron
51968,1430,unassigned
51969,1430,unassigned
51970,1451,Astro-Epen
51971,1452,unassigned
51972,1434,Excitatory_Neuron
51973,1453,unassigned
51974,1454,unassigned
51975,1455,Excitatory_Neuron
51976,1430,unassigned
51977,1430,unassigned
51978,1430,unassigned
51979,1430,unassigned
51980,1439,unassigned
51981,1456,Excitatory_Neuron
51982,1430,unassigned
51983,1430,unassigned
51984,1433,Excitatory_Neuron
51985,1434,Excitatory_Neuron
51986,1434,Excitatory_Neuron
51987,1453,unassigned
51988,1442,Excitatory_Neuron
51989,1430,unassigned
51990,1457,unassigned
51991,1430,unassigned
51992,1458,Excitatory_Neuron
51993,1430,unassigned
51994,1440,Excitatory_Neuron
51995,1430,unassigned
51996,1430,unassigned
51997,1459,Excitatory_Neuron
51998,1459,Excitatory_Neuron
51999,1441,Excitatory_Neuron
52000,1429,Excitatory_Neuron
52001,1430,unassigned
52002,1430,unassigned
52003,1441,Excitatory_Neuron
52004,1441,Excitatory_Neuron
52005,1434,Excitatory_Neuron
52006,1438,GABA_Neuron
52007,1455,Excitatory_Neuron
52008,1430,unassigned
52009,1457,unassigned
52010,1430,unassigned
52011,1431,unassigned
52012,1459,Excitatory_Neuron
52013,1436,unassigned
52014,1430,unassigned
52015,1440,Excitatory_Neuron
52016,1430,unassigned
52017,1430,unassigned
52018,1437,Excitatory_Neuron
52019,1430,unassigned
52020,1442,Excitatory_Neuron
52021,1452,unassigned
52022,1442,Excitatory_Neuron
52023,1430,unassigned
52024,1430,unassigned
52025,1458,Excitatory_Neuron
52026,1458,Excitatory_Neuron
52027,1446,Excitatory_Neuron
52028,1430,unassigned
52029,1430,unassigned
52030,1449,unassigned
52031,1429,Excitatory_Neuron
52032,1430,unassigned
52033,1441,Excitatory_Neuron
52034,1433,Excitatory_Neuron
52035,1430,unassigned
52036,1441,Excitatory_Neuron
52037,1451,Astro-Epen
52038,1455,Excitatory_Neuron
52039,1460,unassigned
52040,1460,unassigned
52041,1431,unassigned
52042,1430,unassigned
52043,1459,Excitatory_Neuron
52044,1429,Excitatory_Neuron
52045,1441,Excitatory_Neuron
52046,1430,unassigned
52047,1430,unassigned
52048,1450,Excitatory_Neuron
52049,1430,unassigned
52050,1433,Excitatory_Neuron
52051,1442,Excitatory_Neuron
52052,1442,Excitatory_Neuron
52053,1461,Excitatory_Neuron
52054,1430,unassigned
52055,1430,unassigned
52056,1443,Excitatory_Neuron
52057,1462,Excitatory_Neuron
52058,1463,Excitatory_Neuron
52059,1443,Excitatory_Neuron
52060,1444,Excitatory_Neuron
52061,1430,unassigned
52062,1464,unassigned
52063,1430,unassigned
52064,1456,Excitatory_Neuron
52065,1429,Excitatory_Neuron
52066,1430,unassigned
52067,1450,Excitatory_Neuron
52068,1430,unassigned
52069,1430,unassigned
52070,1450,Excitatory_Neuron
52071,1441,Excitatory_Neuron
52072,1441,Excitatory_Neuron
52073,1430,unassigned
52074,1434,Excitatory_Neuron
52075,1437,Excitatory_Neuron
52076,1437,Excitatory_Neuron
52077,1430,unassigned
52078,1451,Astro-Epen
52079,1457,unassigned
52080,1457,unassigned
52081,1430,unassigned
52082,1430,unassigned
52083,1432,unassigned
52084,1430,unassigned
52085,1429,Excitatory_Neuron
52086,1429,Excitatory_Neuron
52087,1433,Excitatory_Neuron
52088,1430,unassigned
52089,1450,Excitatory_Neuron
52090,1441,Excitatory_Neuron
52091,1434,Excitatory_Neuron
52092,1442,Excitatory_Neuron
52093,1453,unassigned
52094,1437,Excitatory_Neuron
52095,1434,Excitatory_Neuron
52096,1443,Excitatory_Neuron
52097,1430,unassigned
52098,1430,unassigned
52099,1444,Excitatory_Neuron
52100,1445,Excitatory_Neuron
52101,1465,unassigned
52102,1430,unassigned
52103,1430,unassigned
52104,1430,unassigned
52105,1436,unassigned
52106,1466,unassigned
52107,1450,Excitatory_Neuron
52108,1442,Excitatory_Neuron
52109,1430,unassigned
52110,1430,unassigned
52111,1430,unassigned
52112,1462,Excitatory_Neuron
52113,1430,unassigned
52114,1430,unassigned
52115,1458,Excitatory_Neuron
52116,1460,unassigned
52117,1458,Excitatory_Neuron
52118,1430,unassigned
52119,1430,unassigned
52120,1456,Excitatory_Neuron
52121,1430,unassigned
52122,1430,unassigned
52123,1441,Excitatory_Neuron
52124,1429,Excitatory_Neuron
52125,1429,Excitatory_Neuron
52126,1449,unassigned
52127,1450,Excitatory_Neuron
52128,1430,unassigned
52129,1437,Excitatory_Neuron
52130,1441,Excitatory_Neuron
52131,1442,Excitatory_Neuron
52132,1467,Excitatory_Neuron
52133,1439,unassigned
52134,1430,unassigned
52135,1456,Excitatory_Neuron
52136,1430,unassigned
52137,1430,unassigned
52138,1429,Excitatory_Neuron
52139,1429,Excitatory_Neuron
52140,1429,Excitatory_Neuron
52141,1429,Excitatory_Neuron
52142,1430,unassigned
52143,1430,unassigned
52144,1450,Excitatory_Neuron
52145,1442,Excitatory_Neuron
52146,1441,Excitatory_Neuron
52147,1457,unassigned
52148,1430,unassigned
52149,1432,unassigned
52150,1432,unassigned
52151,1440,Excitatory_Neuron
52152,1459,Excitatory_Neuron
52153,1441,Excitatory_Neuron
52154,1449,unassigned
52155,1429,Excitatory_Neuron
52156,1441,Excitatory_Neuron
52157,1441,Excitatory_Neuron
52158,1450,Excitatory_Neuron
52159,1450,Excitatory_Neuron
52160,1433,Excitatory_Neuron
52161,1442,Excitatory_Neuron
52162,1442,Excitatory_Neuron
52163,1430,unassigned
52164,1430,unassigned
52165,1430,unassigned
52166,1443,Excitatory_Neuron
52167,1430,unassigned
52168,1460,unassigned
52169,1467,Excitatory_Neuron
52170,1430,unassigned
52171,1448,Excitatory_Neuron
52172,1432,unassigned
52173,1436,unassigned
52174,1436,unassigned
52175,1441,Excitatory_Neuron
52176,1466,unassigned
52177,1430,unassigned
52178,1441,Excitatory_Neuron
52179,1441,Excitatory_Neuron
52180,1450,Excitatory_Neuron
52181,1450,Excitatory_Neuron
52182,1433,Excitatory_Neuron
52183,1450,Excitatory_Neuron
52184,1437,Excitatory_Neuron
52185,1437,Excitatory_Neuron
52186,1442,Excitatory_Neuron
52187,1442,Excitatory_Neuron
52188,1455,Excitatory_Neuron
52189,1430,unassigned
52190,1443,Excitatory_Neuron
52191,1444,Excitatory_Neuron
52192,1430,unassigned
52193,1468,Excitatory_Neuron
52194,1430,unassigned
52195,1439,unassigned
52196,1456,Excitatory_Neuron
52197,1431,unassigned
52198,1459,Excitatory_Neuron
52199,1440,Excitatory_Neuron
52200,1429,Excitatory_Neuron
52201,1430,unassigned
52202,1430,unassigned
52203,1450,Excitatory_Neuron
52204,1437,Excitatory_Neuron
52205,1451,Astro-Epen
52206,1455,Excitatory_Neuron
52207,1455,Excitatory_Neuron
52208,1430,unassigned
52209,1458,Excitatory_Neuron
52210,1469,unassigned
52211,1439,unassigned
52212,1450,Excitatory_Neuron
52213,1442,Excitatory_Neuron
52214,1451,Astro-Epen
52215,1442,Excitatory_Neuron
52216,1455,Excitatory_Neuron
52217,1430,unassigned
52218,1459,Excitatory_Neuron
52219,1430,unassigned
52220,1440,Excitatory_Neuron
52221,1441,Excitatory_Neuron
52222,1466,unassigned
52223,1449,unassigned
52224,1440,Excitatory_Neuron
52225,1459,Excitatory_Neuron
52226,1429,Excitatory_Neuron
52227,1429,Excitatory_Neuron
52228,1449,unassigned
52229,1441,Excitatory_Neuron
52230,1430,unassigned
52231,1430,unassigned
52232,1430,unassigned
52233,1442,Excitatory_Neuron
52234,1470,unassigned
52235,1430,unassigned
52236,1463,Excitatory_Neuron
52237,1430,unassigned
52238,1458,Excitatory_Neuron
52239,1446,Excitatory_Neuron
52240,1446,Excitatory_Neuron
52241,1446,Excitatory_Neuron
52242,1467,Excitatory_Neuron
52243,1432,unassigned
52244,1459,Excitatory_Neuron
52245,1430,unassigned
52246,1449,unassigned
52247,1433,Excitatory_Neuron
52248,1442,Excitatory_Neuron
52249,1452,unassigned
52250,1430,unassigned
52251,1430,unassigned
52252,1459,Excitatory_Neuron
52253,1435,Excitatory_Neuron
52254,1441,Excitatory_Neuron
52255,1466,unassigned
52256,1430,unassigned
52257,1430,unassigned
52258,1450,Excitatory_Neuron
52259,1430,unassigned
52260,1437,Excitatory_Neuron
52261,1454,unassigned
52262,1451,Astro-Epen
52263,1454,unassigned
52264,1442,Excitatory_Neuron
52265,1442,Excitatory_Neuron
52266,1443,Excitatory_Neuron
52267,1470,unassigned
52268,1462,Excitatory_Neuron
52269,1444,Excitatory_Neuron
52270,1445,Excitatory_Neuron
52271,1446,Excitatory_Neuron
52272,1469,unassigned
52273,1436,unassigned
52274,1436,unassigned
52275,1441,Excitatory_Neuron
52276,1433,Excitatory_Neuron
52277,1434,Excitatory_Neuron
52278,1430,unassigned
52279,1430,unassigned
52280,1442,Excitatory_Neuron
52281,1442,Excitatory_Neuron
52282,1454,unassigned
52283,1438,GABA_Neuron
52284,1455,Excitatory_Neuron
52285,1430,unassigned
52286,1444,Excitatory_Neuron
52287,1458,Excitatory_Neuron
52288,1469,unassigned
52289,1430,unassigned
52290,1456,Excitatory_Neuron
52291,1430,unassigned
52292,1448,Excitatory_Neuron
52293,1459,Excitatory_Neuron
52294,1459,Excitatory_Neuron
52295,1449,unassigned
52296,1450,Excitatory_Neuron
52297,1433,Excitatory_Neuron
52298,1471,unassigned
52299,1442,Excitatory_Neuron
52300,1442,Excitatory_Neuron
52301,1451,Astro-Epen
52302,1430,unassigned
52303,1443,Excitatory_Neuron
52304,1444,Excitatory_Neuron
52305,1445,Excitatory_Neuron
52306,1467,Excitatory_Neuron
52307,1446,Excitatory_Neuron
52308,1430,unassigned
52309,1447,Excitatory_Neuron
52310,1456,Excitatory_Neuron
52311,1430,unassigned
52312,1449,unassigned
52313,1450,Excitatory_Neuron
52314,1442,Excitatory_Neuron
52315,1442,Excitatory_Neuron
52316,1462,Excitatory_Neuron
52317,1430,unassigned
52318,1430,unassigned
52319,1430,unassigned
52320,1430,unassigned
52321,1446,Excitatory_Neuron
52322,1430,unassigned
52323,1432,unassigned
52324,1435,Excitatory_Neuron
52325,1436,unassigned
52326,1432,unassigned
52327,1430,unassigned
52328,1430,unassigned
52329,1429,Excitatory_Neuron
52330,1430,unassigned
52331,1430,unassigned
52332,1441,Excitatory_Neuron
52333,1434,Excitatory_Neuron
52334,1430,unassigned
52335,1434,Excitatory_Neuron
52336,1430,unassigned
52337,1442,Excitatory_Neuron
52338,1471,unassigned
52339,1454,unassigned
52340,1457,unassigned
52341,1468,Excitatory_Neuron
52342,1430,unassigned
52343,1430,unassigned
52344,1436,unassigned
52345,1441,Excitatory_Neuron
52346,1441,Excitatory_Neuron
52347,1430,unassigned
52348,1450,Excitatory_Neuron
52349,1430,unassigned
52350,1430,unassigned
52351,1441,Excitatory_Neuron
52352,1441,Excitatory_Neuron
52353,1441,Excitatory_Neuron
52354,1430,unassigned
52355,1434,Excitatory_Neuron
52356,1471,unassigned
52357,1454,unassigned
52358,1442,Excitatory_Neuron
52359,1430,unassigned
52360,1430,unassigned
52361,1430,unassigned
52362,1432,unassigned
52363,1435,Excitatory_Neuron
52364,1430,unassigned
52365,1441,Excitatory_Neuron
52366,1459,Excitatory_Neuron
52367,1441,Excitatory_Neuron
52368,1433,Excitatory_Neuron
52369,1430,unassigned
52370,1430,unassigned
52371,1437,Excitatory_Neuron
52372,1437,Excitatory_Neuron
52373,1434,Excitatory_Neuron
52374,1471,unassigned
52375,1438,GABA_Neuron
52376,1442,Excitatory_Neuron
52377,1461,Excitatory_Neuron
52378,1443,Excitatory_Neuron
52379,1470,unassigned
52380,1430,unassigned
52381,1470,unassigned
52382,1430,unassigned
52383,1430,unassigned
52384,1458,Excitatory_Neuron
52385,1446,Excitatory_Neuron
52386,1447,Excitatory_Neuron
52387,1456,Excitatory_Neuron
52388,1456,Excitatory_Neuron
52389,1432,unassigned
52390,1432,unassigned
52391,1429,Excitatory_Neuron
52392,1449,unassigned
52393,1449,unassigned
52394,1450,Excitatory_Neuron
52395,1450,Excitatory_Neuron
52396,1450,Excitatory_Neuron
52397,1430,unassigned
52398,1450,Excitatory_Neuron
52399,1433,Excitatory_Neuron
52400,1434,Excitatory_Neuron
52401,1442,Excitatory_Neuron
52402,1470,unassigned
52403,1458,Excitatory_Neuron
52404,1458,Excitatory_Neuron
52405,1458,Excitatory_Neuron
52406,1445,Excitatory_Neuron
52407,1430,unassigned
52408,1449,unassigned
52409,1441,Excitatory_Neuron
52410,1450,Excitatory_Neuron
52411,1430,unassigned
52412,1433,Excitatory_Neuron
52413,1452,unassigned
52414,1471,unassigned
52415,1454,unassigned
52416,1461,Excitatory_Neuron
52417,1472,Excitatory_Neuron
52418,1444,Excitatory_Neuron
52419,1430,unassigned
52420,1430,unassigned
52421,1446,Excitatory_Neuron
52422,1431,unassigned
52423,1432,unassigned
52424,1448,Excitatory_Neuron
52425,1436,unassigned
52426,1430,unassigned
52427,1440,Excitatory_Neuron
52428,1441,Excitatory_Neuron
52429,1449,unassigned
52430,1429,Excitatory_Neuron
52431,1430,unassigned
52432,1434,Excitatory_Neuron
52433,1434,Excitatory_Neuron
52434,1442,Excitatory_Neuron
52435,1430,unassigned
52436,1446,Excitatory_Neuron
52437,1431,unassigned
52438,1430,unassigned
52439,1447,Excitatory_Neuron
52440,1456,Excitatory_Neuron
52441,1430,unassigned
52442,1436,unassigned
52443,1441,Excitatory_Neuron
52444,1430,unassigned
52445,1429,Excitatory_Neuron
52446,1430,unassigned
52447,1441,Excitatory_Neuron
52448,1433,Excitatory_Neuron
52449,1437,Excitatory_Neuron
52450,1442,Excitatory_Neuron
52451,1471,unassigned
52452,1457,unassigned
52453,1455,Excitatory_Neuron
52454,1462,Excitatory_Neuron
52455,1462,Excitatory_Neuron
52456,1443,Excitatory_Neuron
52457,1430,unassigned
52458,1446,Excitatory_Neuron
52459,1446,Excitatory_Neuron
52460,1447,Excitatory_Neuron
52461,1430,unassigned
52462,1432,unassigned
52463,1436,unassigned
52464,1430,unassigned
52465,1441,Excitatory_Neuron
52466,1441,Excitatory_Neuron
52467,1433,Excitatory_Neuron
52468,1437,Excitatory_Neuron
52469,1471,unassigned
52470,1442,Excitatory_Neuron
52471,1430,unassigned
52472,1463,Excitatory_Neuron
52473,1468,Excitatory_Neuron
52474,1445,Excitatory_Neuron
52475,1430,unassigned
52476,1467,Excitatory_Neuron
52477,1440,Excitatory_Neuron
52478,1433,Excitatory_Neuron
52479,1430,unassigned
52480,1441,Excitatory_Neuron
52481,1434,Excitatory_Neuron
52482,1442,Excitatory_Neuron
52483,1437,Excitatory_Neuron
52484,1437,Excitatory_Neuron
52485,1434,Excitatory_Neuron
52486,1455,Excitatory_Neuron
52487,1430,unassigned
52488,1468,Excitatory_Neuron
52489,1446,Excitatory_Neuron
52490,1446,Excitatory_Neuron
52491,1469,unassigned
52492,1447,Excitatory_Neuron
52493,1456,Excitatory_Neuron
52494,1440,Excitatory_Neuron
52495,1449,unassigned
52496,1441,Excitatory_Neuron
52497,1441,Excitatory_Neuron
52498,1450,Excitatory_Neuron
52499,1441,Excitatory_Neuron
52500,1433,Excitatory_Neuron
52501,1433,Excitatory_Neuron
52502,1434,Excitatory_Neuron
52503,1442,Excitatory_Neuron
52504,1454,unassigned
52505,1442,Excitatory_Neuron
52506,1430,unassigned
52507,1470,unassigned
52508,1443,Excitatory_Neuron
52509,1430,unassigned
52510,1430,unassigned
52511,1430,unassigned
52512,1430,unassigned
52513,1468,Excitatory_Neuron
52514,1459,Excitatory_Neuron
52515,1459,Excitatory_Neuron
52516,1441,Excitatory_Neuron
52517,1429,Excitatory_Neuron
52518,1430,unassigned
52519,1441,Excitatory_Neuron
52520,1466,unassigned
52521,1450,Excitatory_Neuron
52522,1441,Excitatory_Neuron
52523,1434,Excitatory_Neuron
52524,1442,Excitatory_Neuron
52525,1430,unassigned
52526,1442,Excitatory_Neuron
52527,1437,Excitatory_Neuron
52528,1434,Excitatory_Neuron
52529,1453,unassigned
52530,1473,Excitatory_Neuron
52531,1442,Excitatory_Neuron
52532,1430,unassigned
52533,1457,unassigned
52534,1457,unassigned
52535,1430,unassigned
52536,1430,unassigned
52537,1430,unassigned
52538,1458,Excitatory_Neuron
52539,1445,Excitatory_Neuron
52540,1446,Excitatory_Neuron
52541,1469,unassigned
52542,1430,unassigned
52543,1441,Excitatory_Neuron
52544,1450,Excitatory_Neuron
52545,1433,Excitatory_Neuron
52546,1433,Excitatory_Neuron
52547,1434,Excitatory_Neuron
52548,1434,Excitatory_Neuron
52549,1457,unassigned
52550,1430,unassigned
52551,1470,unassigned
52552,1470,unassigned
52553,1460,unassigned
52554,1430,unassigned
52555,1444,Excitatory_Neuron
52556,1445,Excitatory_Neuron
52557,1456,Excitatory_Neuron
52558,1430,unassigned
52559,1440,Excitatory_Neuron
52560,1436,unassigned
52561,1429,Excitatory_Neuron
52562,1466,unassigned
52563,1441,Excitatory_Neuron
52564,1430,unassigned
52565,1430,unassigned
52566,1450,Excitatory_Neuron
52567,1441,Excitatory_Neuron
52568,1441,Excitatory_Neuron
52569,1430,unassigned
52570,1442,Excitatory_Neuron
52571,1430,unassigned
52572,1442,Excitatory_Neuron
52573,1452,unassigned
52574,1442,Excitatory_Neuron
52575,1455,Excitatory_Neuron
52576,1430,unassigned
52577,1458,Excitatory_Neuron
52578,1430,unassigned
52579,1468,Excitatory_Neuron
52580,1430,unassigned
52581,1456,Excitatory_Neuron
52582,1430,unassigned
52583,1456,Excitatory_Neuron
52584,1459,Excitatory_Neuron
52585,1466,unassigned
52586,1433,Excitatory_Neuron
52587,1441,Excitatory_Neuron
52588,1433,Excitatory_Neuron
52589,1441,Excitatory_Neuron
52590,1434,Excitatory_Neuron
52591,1434,Excitatory_Neuron
52592,1442,Excitatory_Neuron
52593,1434,Excitatory_Neuron
52594,1454,unassigned
52595,1451,Astro-Epen
52596,1454,unassigned
52597,1472,Excitatory_Neuron
52598,1430,unassigned
52599,1460,unassigned
52600,1467,Excitatory_Neuron
52601,1468,Excitatory_Neuron
52602,1468,Excitatory_Neuron
52603,1431,unassigned
52604,1431,unassigned
52605,1430,unassigned
52606,1440,Excitatory_Neuron
52607,1459,Excitatory_Neuron
52608,1440,Excitatory_Neuron
52609,1440,Excitatory_Neuron
52610,1441,Excitatory_Neuron
52611,1441,Excitatory_Neuron
52612,1449,unassigned
52613,1451,Astro-Epen
52614,1451,Astro-Epen
52615,1452,unassigned
52616,1442,Excitatory_Neuron
52617,1461,Excitatory_Neuron
52618,1442,Excitatory_Neuron
52619,1430,unassigned
52620,1443,Excitatory_Neuron
52621,1430,unassigned
52622,1468,Excitatory_Neuron
52623,1474,unassigned
52624,1431,unassigned
52625,1448,Excitatory_Neuron
52626,1435,Excitatory_Neuron
52627,1440,Excitatory_Neuron
52628,1449,unassigned
52629,1450,Excitatory_Neuron
52630,1450,Excitatory_Neuron
52631,1441,Excitatory_Neuron
52632,1434,Excitatory_Neuron
52633,1434,Excitatory_Neuron
52634,1434,Excitatory_Neuron
52635,1442,Excitatory_Neuron
52636,1454,unassigned
52637,1434,Excitatory_Neuron
52638,1454,unassigned
52639,1461,Excitatory_Neuron
52640,1430,unassigned
52641,1455,Excitatory_Neuron
52642,1430,unassigned
52643,1430,unassigned
52644,1430,unassigned
52645,1445,Excitatory_Neuron
52646,1446,Excitatory_Neuron
52647,1439,unassigned
52648,1456,Excitatory_Neuron
52649,1436,unassigned
52650,1459,Excitatory_Neuron
52651,1459,Excitatory_Neuron
52652,1441,Excitatory_Neuron
52653,1441,Excitatory_Neuron
52654,1450,Excitatory_Neuron
52655,1441,Excitatory_Neuron
52656,1450,Excitatory_Neuron
52657,1430,unassigned
52658,1452,unassigned
52659,1430,unassigned
52660,1442,Excitatory_Neuron
52661,1472,Excitatory_Neuron
52662,1430,unassigned
52663,1430,unassigned
52664,1443,Excitatory_Neuron
52665,1430,unassigned
52666,1458,Excitatory_Neuron
52667,1458,Excitatory_Neuron
52668,1446,Excitatory_Neuron
52669,1456,Excitatory_Neuron
52670,1448,Excitatory_Neuron
52671,1430,unassigned
52672,1441,Excitatory_Neuron
52673,1433,Excitatory_Neuron
52674,1441,Excitatory_Neuron
52675,1430,unassigned
52676,1442,Excitatory_Neuron
52677,1430,unassigned
52678,1437,Excitatory_Neuron
52679,1472,Excitatory_Neuron
52680,1457,unassigned
52681,1473,Excitatory_Neuron
52682,1463,Excitatory_Neuron
52683,1470,unassigned
52684,1430,unassigned
52685,1430,unassigned
52686,1444,Excitatory_Neuron
52687,1445,Excitatory_Neuron
52688,1446,Excitatory_Neuron
52689,1467,Excitatory_Neuron
52690,1440,Excitatory_Neuron
52691,1440,Excitatory_Neuron
52692,1440,Excitatory_Neuron
52693,1433,Excitatory_Neuron
52694,1442,Excitatory_Neuron
52695,1434,Excitatory_Neuron
52696,1473,Excitatory_Neuron
52697,1455,Excitatory_Neuron
52698,1457,unassigned
52699,1444,Excitatory_Neuron
52700,1444,Excitatory_Neuron
52701,1430,unassigned
52702,1430,unassigned
52703,1445,Excitatory_Neuron
52704,1445,Excitatory_Neuron
52705,1430,unassigned
52706,1464,unassigned
52707,1439,unassigned
52708,1456,Excitatory_Neuron
52709,1430,unassigned
52710,1440,Excitatory_Neuron
52711,1429,Excitatory_Neuron
52712,1441,Excitatory_Neuron
52713,1437,Excitatory_Neuron
52714,1437,Excitatory_Neuron
52715,1434,Excitatory_Neuron
52716,1434,Excitatory_Neuron
52717,1457,unassigned
52718,1472,Excitatory_Neuron
52719,1430,unassigned
52720,1430,unassigned
52721,1445,Excitatory_Neuron
52722,1430,unassigned
52723,1448,Excitatory_Neuron
52724,1430,unassigned
52725,1430,unassigned
52726,1440,Excitatory_Neuron
52727,1459,Excitatory_Neuron
52728,1433,Excitatory_Neuron
52729,1442,Excitatory_Neuron
52730,1433,Excitatory_Neuron
52731,1430,unassigned
52732,1442,Excitatory_Neuron
52733,1442,Excitatory_Neuron
52734,1454,unassigned
52735,1430,unassigned
52736,1443,Excitatory_Neuron
52737,1430,unassigned
52738,1430,unassigned
52739,1430,unassigned
52740,1430,unassigned
52741,1462,Excitatory_Neuron
52742,1446,Excitatory_Neuron
52743,1467,Excitatory_Neuron
52744,1446,Excitatory_Neuron
52745,1430,unassigned
52746,1430,unassigned
52747,1456,Excitatory_Neuron
52748,1435,Excitatory_Neuron
52749,1435,Excitatory_Neuron
52750,1459,Excitatory_Neuron
52751,1459,Excitatory_Neuron
52752,1430,unassigned
52753,1430,unassigned
52754,1429,Excitatory_Neuron
52755,1449,unassigned
52756,1429,Excitatory_Neuron
52757,1429,Excitatory_Neuron
52758,1450,Excitatory_Neuron
52759,1441,Excitatory_Neuron
52760,1441,Excitatory_Neuron
52761,1434,Excitatory_Neuron
52762,1430,unassigned
52763,1470,unassigned
52764,1444,Excitatory_Neuron
52765,1444,Excitatory_Neuron
52766,1430,unassigned
52767,1430,unassigned
52768,1444,Excitatory_Neuron
52769,1444,Excitatory_Neuron
52770,1468,Excitatory_Neuron
52771,1468,Excitatory_Neuron
52772,1468,Excitatory_Neuron
52773,1431,unassigned
52774,1432,unassigned
52775,1435,Excitatory_Neuron
52776,1436,unassigned
52777,1441,Excitatory_Neuron
52778,1430,unassigned
52779,1430,unassigned
52780,1430,unassigned
52781,1438,GABA_Neuron
52782,1451,Astro-Epen
52783,1454,unassigned
52784,1454,unassigned
52785,1442,Excitatory_Neuron
52786,1430,unassigned
52787,1458,Excitatory_Neuron
52788,1458,Excitatory_Neuron
52789,1468,Excitatory_Neuron
52790,1431,unassigned
52791,1456,Excitatory_Neuron
52792,1430,unassigned
52793,1430,unassigned
52794,1430,unassigned
52795,1449,unassigned
52796,1429,Excitatory_Neuron
52797,1441,Excitatory_Neuron
52798,1441,Excitatory_Neuron
52799,1441,Excitatory_Neuron
52800,1450,Excitatory_Neuron
52801,1434,Excitatory_Neuron
52802,1442,Excitatory_Neuron
52803,1430,unassigned
52804,1471,unassigned
52805,1454,unassigned
52806,1443,Excitatory_Neuron
52807,1462,Excitatory_Neuron
52808,1470,unassigned
52809,1444,Excitatory_Neuron
52810,1458,Excitatory_Neuron
52811,1468,Excitatory_Neuron
52812,1447,Excitatory_Neuron
52813,1435,Excitatory_Neuron
52814,1432,unassigned
52815,1450,Excitatory_Neuron
52816,1434,Excitatory_Neuron
52817,1451,Astro-Epen
52818,1442,Excitatory_Neuron
52819,1461,Excitatory_Neuron
52820,1438,GABA_Neuron
52821,1430,unassigned
52822,1457,unassigned
52823,1470,unassigned
52824,1430,unassigned
52825,1460,unassigned
52826,1463,Excitatory_Neuron
52827,1468,Excitatory_Neuron
52828,1458,Excitatory_Neuron
52829,1431,unassigned
52830,1430,unassigned
52831,1459,Excitatory_Neuron
52832,1440,Excitatory_Neuron
52833,1440,Excitatory_Neuron
52834,1430,unassigned
52835,1451,Astro-Epen
52836,1434,Excitatory_Neuron
52837,1438,GABA_Neuron
52838,1451,Astro-Epen
52839,1430,unassigned
52840,1443,Excitatory_Neuron
52841,1430,unassigned
52842,1443,Excitatory_Neuron
52843,1430,unassigned
52844,1430,unassigned
52845,1430,unassigned
52846,1430,unassigned
52847,1446,Excitatory_Neuron
52848,1439,unassigned
52849,1430,unassigned
52850,1432,unassigned
52851,1436,unassigned
52852,1435,Excitatory_Neuron
52853,1459,Excitatory_Neuron
52854,1441,Excitatory_Neuron
52855,1430,unassigned
52856,1441,Excitatory_Neuron
52857,1433,Excitatory_Neuron
52858,1475,Excitatory_Neuron
52859,1437,Excitatory_Neuron
52860,1437,Excitatory_Neuron
52861,1451,Astro-Epen
52862,1442,Excitatory_Neuron
52863,1438,GABA_Neuron
52864,1457,unassigned
52865,1430,unassigned
52866,1443,Excitatory_Neuron
52867,1444,Excitatory_Neuron
52868,1430,unassigned
52869,1430,unassigned
52870,1458,Excitatory_Neuron
52871,1468,Excitatory_Neuron
52872,1458,Excitatory_Neuron
52873,1474,unassigned
52874,1464,unassigned
52875,1456,Excitatory_Neuron
52876,1456,Excitatory_Neuron
52877,1435,Excitatory_Neuron
52878,1448,Excitatory_Neuron
52879,1432,unassigned
52880,1459,Excitatory_Neuron
52881,1436,unassigned
52882,1459,Excitatory_Neuron
52883,1441,Excitatory_Neuron
52884,1441,Excitatory_Neuron
52885,1429,Excitatory_Neuron
52886,1441,Excitatory_Neuron
52887,1441,Excitatory_Neuron
52888,1429,Excitatory_Neuron
52889,1429,Excitatory_Neuron
52890,1430,unassigned
52891,1433,Excitatory_Neuron
52892,1437,Excitatory_Neuron
52893,1433,Excitatory_Neuron
52894,1437,Excitatory_Neuron
52895,1437,Excitatory_Neuron
52896,1437,Excitatory_Neuron
52897,1438,GABA_Neuron
52898,1454,unassigned
52899,1430,unassigned
52900,1470,unassigned
52901,1430,unassigned
52902,1444,Excitatory_Neuron
52903,1446,Excitatory_Neuron
52904,1468,Excitatory_Neuron
52905,1467,Excitatory_Neuron
52906,1446,Excitatory_Neuron
52907,1431,unassigned
52908,1436,unassigned
52909,1440,Excitatory_Neuron
52910,1429,Excitatory_Neuron
52911,1449,unassigned
52912,1441,Excitatory_Neuron
52913,1433,Excitatory_Neuron
52914,1433,Excitatory_Neuron
52915,1475,Excitatory_Neuron
52916,1430,unassigned
52917,1452,unassigned
52918,1442,Excitatory_Neuron
52919,1457,unassigned
52920,1430,unassigned
52921,1467,Excitatory_Neuron
52922,1458,Excitatory_Neuron
52923,1458,Excitatory_Neuron
52924,1435,Excitatory_Neuron
52925,1447,Excitatory_Neuron
52926,1436,unassigned
52927,1441,Excitatory_Neuron
52928,1430,unassigned
52929,1441,Excitatory_Neuron
52930,1429,Excitatory_Neuron
52931,1429,Excitatory_Neuron
52932,1429,Excitatory_Neuron
52933,1449,unassigned
52934,1437,Excitatory_Neuron
52935,1475,Excitatory_Neuron
52936,1437,Excitatory_Neuron
52937,1453,unassigned
52938,1442,Excitatory_Neuron
52939,1461,Excitatory_Neuron
52940,1452,unassigned
52941,1455,Excitatory_Neuron
52942,1473,Excitatory_Neuron
52943,1455,Excitatory_Neuron
52944,1443,Excitatory_Neuron
52945,1430,unassigned
52946,1458,Excitatory_Neuron
52947,1458,Excitatory_Neuron
52948,1468,Excitatory_Neuron
52949,1446,Excitatory_Neuron
52950,1431,unassigned
52951,1440,Excitatory_Neuron
52952,1435,Excitatory_Neuron
52953,1448,Excitatory_Neuron
52954,1440,Excitatory_Neuron
52955,1459,Excitatory_Neuron
52956,1430,unassigned
52957,1429,Excitatory_Neuron
52958,1440,Excitatory_Neuron
52959,1476,Excitatory_Neuron
52960,1433,Excitatory_Neuron
52961,1441,Excitatory_Neuron
52962,1437,Excitatory_Neuron
52963,1430,unassigned
52964,1437,Excitatory_Neuron
52965,1442,Excitatory_Neuron
52966,1434,Excitatory_Neuron
52967,1452,unassigned
52968,1452,unassigned
52969,1430,unassigned
52970,1430,unassigned
52971,1445,Excitatory_Neuron
52972,1445,Excitatory_Neuron
52973,1467,Excitatory_Neuron
52974,1432,unassigned
52975,1430,unassigned
52976,1430,unassigned
52977,1450,Excitatory_Neuron
52978,1441,Excitatory_Neuron
52979,1441,Excitatory_Neuron
52980,1434,Excitatory_Neuron
52981,1442,Excitatory_Neuron
52982,1442,Excitatory_Neuron
52983,1430,unassigned
52984,1470,unassigned
52985,1458,Excitatory_Neuron
52986,1446,Excitatory_Neuron
52987,1446,Excitatory_Neuron
52988,1446,Excitatory_Neuron
52989,1431,unassigned
52990,1459,Excitatory_Neuron
52991,1430,unassigned
52992,1440,Excitatory_Neuron
52993,1430,unassigned
52994,1430,unassigned
52995,1441,Excitatory_Neuron
52996,1442,Excitatory_Neuron
52997,1430,unassigned
52998,1454,unassigned
52999,1457,unassigned
53000,1470,unassigned
53001,1470,unassigned
53002,1460,unassigned
53003,1445,Excitatory_Neuron
53004,1469,unassigned
53005,1477,unassigned
53006,1456,Excitatory_Neuron
53007,1459,Excitatory_Neuron
53008,1440,Excitatory_Neuron
53009,1430,unassigned
53010,1461,Excitatory_Neuron
53011,1451,Astro-Epen
53012,1461,Excitatory_Neuron
53013,1473,Excitatory_Neuron
53014,1461,Excitatory_Neuron
53015,1455,Excitatory_Neuron
53016,1430,unassigned
53017,1430,unassigned
53018,1430,unassigned
53019,1460,unassigned
53020,1447,Excitatory_Neuron
53021,1430,unassigned
53022,1430,unassigned
53023,1459,Excitatory_Neuron
53024,1441,Excitatory_Neuron
53025,1429,Excitatory_Neuron
53026,1429,Excitatory_Neuron
53027,1449,unassigned
53028,1450,Excitatory_Neuron
53029,1430,unassigned
53030,1450,Excitatory_Neuron
53031,1442,Excitatory_Neuron
53032,1438,GABA_Neuron
53033,1442,Excitatory_Neuron
53034,1451,Astro-Epen
53035,1455,Excitatory_Neuron
53036,1430,unassigned
53037,1430,unassigned
53038,1430,unassigned
53039,1430,unassigned
53040,1467,Excitatory_Neuron
53041,1467,Excitatory_Neuron
53042,1478,unassigned
53043,1436,unassigned
53044,1459,Excitatory_Neuron
53045,1429,Excitatory_Neuron
53046,1441,Excitatory_Neuron
53047,1434,Excitatory_Neuron
53048,1434,Excitatory_Neuron
53049,1455,Excitatory_Neuron
53050,1430,unassigned
53051,1443,Excitatory_Neuron
53052,1468,Excitatory_Neuron
53053,1439,unassigned
53054,1456,Excitatory_Neuron
53055,1432,unassigned
53056,1429,Excitatory_Neuron
53057,1429,Excitatory_Neuron
53058,1441,Excitatory_Neuron
53059,1450,Excitatory_Neuron
53060,1441,Excitatory_Neuron
53061,1450,Excitatory_Neuron
53062,1450,Excitatory_Neuron
53063,1434,Excitatory_Neuron
53064,1437,Excitatory_Neuron
53065,1442,Excitatory_Neuron
53066,1472,Excitatory_Neuron
53067,1442,Excitatory_Neuron
53068,1430,unassigned
53069,1430,unassigned
53070,1443,Excitatory_Neuron
53071,1446,Excitatory_Neuron
53072,1474,unassigned
53073,1430,unassigned
53074,1447,Excitatory_Neuron
53075,1435,Excitatory_Neuron
53076,1435,Excitatory_Neuron
53077,1440,Excitatory_Neuron
53078,1441,Excitatory_Neuron
53079,1440,Excitatory_Neuron
53080,1450,Excitatory_Neuron
53081,1450,Excitatory_Neuron
53082,1434,Excitatory_Neuron
53083,1452,unassigned
53084,1442,Excitatory_Neuron
53085,1442,Excitatory_Neuron
53086,1479,Excitatory_Neuron
53087,1455,Excitatory_Neuron
53088,1430,unassigned
53089,1470,unassigned
53090,1443,Excitatory_Neuron
53091,1445,Excitatory_Neuron
53092,1456,Excitatory_Neuron
53093,1448,Excitatory_Neuron
53094,1430,unassigned
53095,1430,unassigned
53096,1429,Excitatory_Neuron
53097,1466,unassigned
53098,1450,Excitatory_Neuron
53099,1430,unassigned
53100,1441,Excitatory_Neuron
53101,1475,Excitatory_Neuron
53102,1437,Excitatory_Neuron
53103,1442,Excitatory_Neuron
53104,1437,Excitatory_Neuron
53105,1434,Excitatory_Neuron
53106,1451,Astro-Epen
53107,1452,unassigned
53108,1455,Excitatory_Neuron
53109,1430,unassigned
53110,1430,unassigned
53111,1430,unassigned
53112,1446,Excitatory_Neuron
53113,1431,unassigned
53114,1447,Excitatory_Neuron
53115,1459,Excitatory_Neuron
53116,1430,unassigned
53117,1441,Excitatory_Neuron
53118,1441,Excitatory_Neuron
53119,1441,Excitatory_Neuron
53120,1441,Excitatory_Neuron
53121,1430,unassigned
53122,1450,Excitatory_Neuron
53123,1475,Excitatory_Neuron
53124,1461,Excitatory_Neuron
53125,1430,unassigned
53126,1472,Excitatory_Neuron
53127,1430,unassigned
53128,1430,unassigned
53129,1430,unassigned
53130,1458,Excitatory_Neuron
53131,1458,Excitatory_Neuron
53132,1430,unassigned
53133,1440,Excitatory_Neuron
53134,1466,unassigned
53135,1430,unassigned
53136,1441,Excitatory_Neuron
53137,1450,Excitatory_Neuron
53138,1441,Excitatory_Neuron
53139,1430,unassigned
53140,1434,Excitatory_Neuron
53141,1442,Excitatory_Neuron
53142,1451,Astro-Epen
53143,1430,unassigned
53144,1480,unassigned
53145,1480,unassigned
53146,1430,unassigned
53147,1460,unassigned
53148,1467,Excitatory_Neuron
53149,1448,Excitatory_Neuron
53150,1435,Excitatory_Neuron
53151,1440,Excitatory_Neuron
53152,1459,Excitatory_Neuron
53153,1430,unassigned
53154,1429,Excitatory_Neuron
53155,1466,unassigned
53156,1441,Excitatory_Neuron
53157,1476,Excitatory_Neuron
53158,1450,Excitatory_Neuron
53159,1450,Excitatory_Neuron
53160,1441,Excitatory_Neuron
53161,1450,Excitatory_Neuron
53162,1434,Excitatory_Neuron
53163,1430,unassigned
53164,1470,unassigned
53165,1460,unassigned
53166,1430,unassigned
53167,1467,Excitatory_Neuron
53168,1445,Excitatory_Neuron
53169,1430,unassigned
53170,1433,Excitatory_Neuron
53171,1430,unassigned
53172,1434,Excitatory_Neuron
53173,1437,Excitatory_Neuron
53174,1451,Astro-Epen
53175,1454,unassigned
53176,1454,unassigned
53177,1430,unassigned
53178,1430,unassigned
53179,1468,Excitatory_Neuron
53180,1467,Excitatory_Neuron
53181,1446,Excitatory_Neuron
53182,1430,unassigned
53183,1467,Excitatory_Neuron
53184,1430,unassigned
53185,1436,unassigned
53186,1449,unassigned
53187,1441,Excitatory_Neuron
53188,1476,Excitatory_Neuron
53189,1430,unassigned
53190,1433,Excitatory_Neuron
53191,1450,Excitatory_Neuron
53192,1441,Excitatory_Neuron
53193,1455,Excitatory_Neuron
53194,1480,unassigned
53195,1470,unassigned
53196,1445,Excitatory_Neuron
53197,1447,Excitatory_Neuron
53198,1429,Excitatory_Neuron
53199,1429,Excitatory_Neuron
53200,1433,Excitatory_Neuron
53201,1476,Excitatory_Neuron
53202,1433,Excitatory_Neuron
53203,1441,Excitatory_Neuron
53204,1433,Excitatory_Neuron
53205,1430,unassigned
53206,1451,Astro-Epen
53207,1461,Excitatory_Neuron
53208,1442,Excitatory_Neuron
53209,1434,Excitatory_Neuron
53210,1451,Astro-Epen
53211,1472,Excitatory_Neuron
53212,1430,unassigned
53213,1443,Excitatory_Neuron
53214,1462,Excitatory_Neuron
53215,1430,unassigned
53216,1430,unassigned
53217,1448,Excitatory_Neuron
53218,1440,Excitatory_Neuron
53219,1435,Excitatory_Neuron
53220,1441,Excitatory_Neuron
53221,1441,Excitatory_Neuron
53222,1433,Excitatory_Neuron
53223,1430,unassigned
53224,1437,Excitatory_Neuron
53225,1442,Excitatory_Neuron
53226,1473,Excitatory_Neuron
53227,1461,Excitatory_Neuron
53228,1451,Astro-Epen
53229,1457,unassigned
53230,1430,unassigned
53231,1443,Excitatory_Neuron
53232,1444,Excitatory_Neuron
53233,1470,unassigned
53234,1430,unassigned
53235,1440,Excitatory_Neuron
53236,1476,Excitatory_Neuron
53237,1441,Excitatory_Neuron
53238,1441,Excitatory_Neuron
53239,1430,unassigned
53240,1450,Excitatory_Neuron
53241,1430,unassigned
53242,1441,Excitatory_Neuron
53243,1437,Excitatory_Neuron
53244,1441,Excitatory_Neuron
53245,1442,Excitatory_Neuron
53246,1451,Astro-Epen
53247,1479,Excitatory_Neuron
53248,1467,Excitatory_Neuron
53249,1467,Excitatory_Neuron
53250,1445,Excitatory_Neuron
53251,1467,Excitatory_Neuron
53252,1467,Excitatory_Neuron
53253,1430,unassigned
53254,1430,unassigned
53255,1430,unassigned
53256,1459,Excitatory_Neuron
53257,1433,Excitatory_Neuron
53258,1441,Excitatory_Neuron
53259,1450,Excitatory_Neuron
53260,1452,unassigned
53261,1461,Excitatory_Neuron
53262,1455,Excitatory_Neuron
53263,1442,Excitatory_Neuron
53264,1455,Excitatory_Neuron
53265,1457,unassigned
53266,1472,Excitatory_Neuron
53267,1444,Excitatory_Neuron
53268,1430,unassigned
53269,1468,Excitatory_Neuron
53270,1430,unassigned
53271,1481,unassigned
53272,1435,Excitatory_Neuron
53273,1435,Excitatory_Neuron
53274,1440,Excitatory_Neuron
53275,1430,unassigned
53276,1459,Excitatory_Neuron
53277,1429,Excitatory_Neuron
53278,1441,Excitatory_Neuron
53279,1441,Excitatory_Neuron
53280,1450,Excitatory_Neuron
53281,1433,Excitatory_Neuron
53282,1433,Excitatory_Neuron
53283,1441,Excitatory_Neuron
53284,1442,Excitatory_Neuron
53285,1452,unassigned
53286,1455,Excitatory_Neuron
53287,1470,unassigned
53288,1470,unassigned
53289,1430,unassigned
53290,1468,Excitatory_Neuron
53291,1447,Excitatory_Neuron
53292,1431,unassigned
53293,1459,Excitatory_Neuron
53294,1441,Excitatory_Neuron
53295,1440,Excitatory_Neuron
53296,1441,Excitatory_Neuron
53297,1450,Excitatory_Neuron
53298,1450,Excitatory_Neuron
53299,1442,Excitatory_Neuron
53300,1451,Astro-Epen
53301,1443,Excitatory_Neuron
53302,1445,Excitatory_Neuron
53303,1446,Excitatory_Neuron
53304,1430,unassigned
53305,1447,Excitatory_Neuron
53306,1430,unassigned
53307,1435,Excitatory_Neuron
53308,1436,unassigned
53309,1459,Excitatory_Neuron
53310,1440,Excitatory_Neuron
53311,1466,unassigned
53312,1433,Excitatory_Neuron
53313,1441,Excitatory_Neuron
53314,1441,Excitatory_Neuron
53315,1441,Excitatory_Neuron
53316,1433,Excitatory_Neuron
53317,1450,Excitatory_Neuron
53318,1437,Excitatory_Neuron
53319,1452,unassigned
53320,1442,Excitatory_Neuron
53321,1442,Excitatory_Neuron
53322,1455,Excitatory_Neuron
53323,1462,Excitatory_Neuron
53324,1430,unassigned
53325,1460,unassigned
53326,1460,unassigned
53327,1464,unassigned
53328,1464,unassigned
53329,1436,unassigned
53330,1456,Excitatory_Neuron
53331,1435,Excitatory_Neuron
53332,1435,Excitatory_Neuron
53333,1430,unassigned
53334,1440,Excitatory_Neuron
53335,1449,unassigned
53336,1429,Excitatory_Neuron
53337,1433,Excitatory_Neuron
53338,1441,Excitatory_Neuron
53339,1437,Excitatory_Neuron
53340,1430,unassigned
53341,1430,unassigned
53342,1443,Excitatory_Neuron
53343,1444,Excitatory_Neuron
53344,1430,unassigned
53345,1445,Excitatory_Neuron
53346,1482,unassigned
53347,1456,Excitatory_Neuron
53348,1447,Excitatory_Neuron
53349,1456,Excitatory_Neuron
53350,1435,Excitatory_Neuron
53351,1435,Excitatory_Neuron
53352,1441,Excitatory_Neuron
53353,1441,Excitatory_Neuron
53354,1441,Excitatory_Neuron
53355,1433,Excitatory_Neuron
53356,1433,Excitatory_Neuron
53357,1430,unassigned
53358,1441,Excitatory_Neuron
53359,1442,Excitatory_Neuron
53360,1451,Astro-Epen
53361,1455,Excitatory_Neuron
53362,1461,Excitatory_Neuron
53363,1462,Excitatory_Neuron
53364,1457,unassigned
53365,1430,unassigned
53366,1470,unassigned
53367,1467,Excitatory_Neuron
53368,1445,Excitatory_Neuron
53369,1468,Excitatory_Neuron
53370,1430,unassigned
53371,1456,Excitatory_Neuron
53372,1441,Excitatory_Neuron
53373,1441,Excitatory_Neuron
53374,1430,unassigned
53375,1433,Excitatory_Neuron
53376,1442,Excitatory_Neuron
53377,1442,Excitatory_Neuron
53378,1451,Astro-Epen
53379,1457,unassigned
53380,1455,Excitatory_Neuron
53381,1430,unassigned
53382,1443,Excitatory_Neuron
53383,1443,Excitatory_Neuron
53384,1460,unassigned
53385,1440,Excitatory_Neuron
53386,1476,Excitatory_Neuron
53387,1430,unassigned
53388,1441,Excitatory_Neuron
53389,1442,Excitatory_Neuron
53390,1434,Excitatory_Neuron
53391,1461,Excitatory_Neuron
53392,1430,unassigned
53393,1458,Excitatory_Neuron
53394,1467,Excitatory_Neuron
53395,1430,unassigned
53396,1458,Excitatory_Neuron
53397,1446,Excitatory_Neuron
53398,1447,Excitatory_Neuron
53399,1448,Excitatory_Neuron
53400,1435,Excitatory_Neuron
53401,1441,Excitatory_Neuron
53402,1441,Excitatory_Neuron
53403,1440,Excitatory_Neuron
53404,1476,Excitatory_Neuron
53405,1450,Excitatory_Neuron
53406,1437,Excitatory_Neuron
53407,1452,unassigned
53408,1442,Excitatory_Neuron
53409,1442,Excitatory_Neuron
53410,1443,Excitatory_Neuron
53411,1479,Excitatory_Neuron
53412,1430,unassigned
53413,1463,Excitatory_Neuron
53414,1460,unassigned
53415,1430,unassigned
53416,1467,Excitatory_Neuron
53417,1444,Excitatory_Neuron
53418,1458,Excitatory_Neuron
53419,1458,Excitatory_Neuron
53420,1432,unassigned
53421,1430,unassigned
53422,1435,Excitatory_Neuron
53423,1433,Excitatory_Neuron
53424,1452,unassigned
53425,1442,Excitatory_Neuron
53426,1430,unassigned
53427,1460,unassigned
53428,1430,unassigned
53429,1430,unassigned
53430,1446,Excitatory_Neuron
53431,1446,Excitatory_Neuron
53432,1431,unassigned
53433,1430,unassigned
53434,1482,unassigned
53435,1482,unassigned
53436,1459,Excitatory_Neuron
53437,1459,Excitatory_Neuron
53438,1441,Excitatory_Neuron
53439,1430,unassigned
53440,1441,Excitatory_Neuron
53441,1450,Excitatory_Neuron
53442,1430,unassigned
53443,1442,Excitatory_Neuron
53444,1451,Astro-Epen
53445,1438,GABA_Neuron
53446,1443,Excitatory_Neuron
53447,1430,unassigned
53448,1443,Excitatory_Neuron
53449,1483,Excitatory_Neuron
53450,1460,unassigned
53451,1460,unassigned
53452,1431,unassigned
53453,1435,Excitatory_Neuron
53454,1432,unassigned
53455,1484,Excitatory_Neuron
53456,1430,unassigned
53457,1430,unassigned
53458,1440,Excitatory_Neuron
53459,1433,Excitatory_Neuron
53460,1430,unassigned
53461,1437,Excitatory_Neuron
53462,1442,Excitatory_Neuron
53463,1451,Astro-Epen
53464,1455,Excitatory_Neuron
53465,1430,unassigned
53466,1445,Excitatory_Neuron
53467,1448,Excitatory_Neuron
53468,1459,Excitatory_Neuron
53469,1459,Excitatory_Neuron
53470,1440,Excitatory_Neuron
53471,1433,Excitatory_Neuron
53472,1433,Excitatory_Neuron
53473,1430,unassigned
53474,1433,Excitatory_Neuron
53475,1434,Excitatory_Neuron
53476,1451,Astro-Epen
53477,1442,Excitatory_Neuron
53478,1451,Astro-Epen
53479,1472,Excitatory_Neuron
53480,1430,unassigned
53481,1463,Excitatory_Neuron
53482,1470,unassigned
53483,1443,Excitatory_Neuron
53484,1430,unassigned
53485,1430,unassigned
53486,1459,Excitatory_Neuron
53487,1435,Excitatory_Neuron
53488,1430,unassigned
53489,1441,Excitatory_Neuron
53490,1441,Excitatory_Neuron
53491,1433,Excitatory_Neuron
53492,1430,unassigned
53493,1450,Excitatory_Neuron
53494,1430,unassigned
53495,1434,Excitatory_Neuron
53496,1442,Excitatory_Neuron
53497,1479,Excitatory_Neuron
53498,1455,Excitatory_Neuron
53499,1442,Excitatory_Neuron
53500,1473,Excitatory_Neuron
53501,1472,Excitatory_Neuron
53502,1430,unassigned
53503,1444,Excitatory_Neuron
53504,1430,unassigned
53505,1445,Excitatory_Neuron
53506,1468,Excitatory_Neuron
53507,1447,Excitatory_Neuron
53508,1440,Excitatory_Neuron
53509,1440,Excitatory_Neuron
53510,1430,unassigned
53511,1459,Excitatory_Neuron
53512,1433,Excitatory_Neuron
53513,1430,unassigned
53514,1434,Excitatory_Neuron
53515,1451,Astro-Epen
53516,1452,unassigned
53517,1442,Excitatory_Neuron
53518,1442,Excitatory_Neuron
53519,1451,Astro-Epen
53520,1455,Excitatory_Neuron
53521,1430,unassigned
53522,1430,unassigned
53523,1445,Excitatory_Neuron
53524,1468,Excitatory_Neuron
53525,1430,unassigned
53526,1446,Excitatory_Neuron
53527,1459,Excitatory_Neuron
53528,1459,Excitatory_Neuron
53529,1440,Excitatory_Neuron
53530,1430,unassigned
53531,1475,Excitatory_Neuron
53532,1461,Excitatory_Neuron
53533,1438,GABA_Neuron
53534,1479,Excitatory_Neuron
53535,1473,Excitatory_Neuron
53536,1430,unassigned
53537,1470,unassigned
53538,1460,unassigned
53539,1470,unassigned
53540,1444,Excitatory_Neuron
53541,1446,Excitatory_Neuron
53542,1446,Excitatory_Neuron
53543,1459,Excitatory_Neuron
53544,1447,Excitatory_Neuron
53545,1429,Excitatory_Neuron
53546,1430,unassigned
53547,1452,unassigned
53548,1442,Excitatory_Neuron
53549,1461,Excitatory_Neuron
53550,1461,Excitatory_Neuron
53551,1455,Excitatory_Neuron
53552,1442,Excitatory_Neuron
53553,1443,Excitatory_Neuron
53554,1460,unassigned
53555,1458,Excitatory_Neuron
53556,1431,unassigned
53557,1482,unassigned
53558,1431,unassigned
53559,1484,Excitatory_Neuron
53560,1436,unassigned
53561,1440,Excitatory_Neuron
53562,1430,unassigned
53563,1441,Excitatory_Neuron
53564,1440,Excitatory_Neuron
53565,1449,unassigned
53566,1441,Excitatory_Neuron
53567,1441,Excitatory_Neuron
53568,1450,Excitatory_Neuron
53569,1450,Excitatory_Neuron
53570,1430,unassigned
53571,1442,Excitatory_Neuron
53572,1452,unassigned
53573,1452,unassigned
53574,1442,Excitatory_Neuron
53575,1479,Excitatory_Neuron
53576,1472,Excitatory_Neuron
53577,1442,Excitatory_Neuron
53578,1473,Excitatory_Neuron
53579,1479,Excitatory_Neuron
53580,1430,unassigned
53581,1430,unassigned
53582,1468,Excitatory_Neuron
53583,1468,Excitatory_Neuron
53584,1447,Excitatory_Neuron
53585,1459,Excitatory_Neuron
53586,1440,Excitatory_Neuron
53587,1459,Excitatory_Neuron
53588,1459,Excitatory_Neuron
53589,1430,unassigned
53590,1440,Excitatory_Neuron
53591,1441,Excitatory_Neuron
53592,1433,Excitatory_Neuron
53593,1441,Excitatory_Neuron
53594,1437,Excitatory_Neuron
53595,1434,Excitatory_Neuron
53596,1451,Astro-Epen
53597,1438,GABA_Neuron
53598,1451,Astro-Epen
53599,1455,Excitatory_Neuron
53600,1430,unassigned
53601,1470,unassigned
53602,1458,Excitatory_Neuron
53603,1458,Excitatory_Neuron
53604,1474,unassigned
53605,1430,unassigned
53606,1430,unassigned
53607,1447,Excitatory_Neuron
53608,1459,Excitatory_Neuron
53609,1459,Excitatory_Neuron
53610,1449,unassigned
53611,1430,unassigned
53612,1433,Excitatory_Neuron
53613,1450,Excitatory_Neuron
53614,1430,unassigned
53615,1452,unassigned
53616,1437,Excitatory_Neuron
53617,1454,unassigned
53618,1443,Excitatory_Neuron
53619,1430,unassigned
53620,1430,unassigned
53621,1460,unassigned
53622,1445,Excitatory_Neuron
53623,1430,unassigned
53624,1468,Excitatory_Neuron
53625,1484,Excitatory_Neuron
53626,1440,Excitatory_Neuron
53627,1429,Excitatory_Neuron
53628,1438,GABA_Neuron
53629,1442,Excitatory_Neuron
53630,1461,Excitatory_Neuron
53631,1438,GABA_Neuron
53632,1483,Excitatory_Neuron
53633,1430,unassigned
53634,1430,unassigned
53635,1445,Excitatory_Neuron
53636,1446,Excitatory_Neuron
53637,1468,Excitatory_Neuron
53638,1432,unassigned
53639,1430,unassigned
53640,1440,Excitatory_Neuron
53641,1450,Excitatory_Neuron
53642,1437,Excitatory_Neuron
53643,1451,Astro-Epen
53644,1461,Excitatory_Neuron
53645,1457,unassigned
53646,1430,unassigned
53647,1430,unassigned
53648,1430,unassigned
53649,1458,Excitatory_Neuron
53650,1431,unassigned
53651,1435,Excitatory_Neuron
53652,1440,Excitatory_Neuron
53653,1430,unassigned
53654,1430,unassigned
53655,1433,Excitatory_Neuron
53656,1450,Excitatory_Neuron
53657,1434,Excitatory_Neuron
53658,1473,Excitatory_Neuron
53659,1457,unassigned
53660,1430,unassigned
53661,1462,Excitatory_Neuron
53662,1430,unassigned
53663,1445,Excitatory_Neuron
53664,1447,Excitatory_Neuron
53665,1440,Excitatory_Neuron
53666,1440,Excitatory_Neuron
53667,1449,unassigned
53668,1449,unassigned
53669,1440,Excitatory_Neuron
53670,1476,Excitatory_Neuron
53671,1441,Excitatory_Neuron
53672,1430,unassigned
53673,1434,Excitatory_Neuron
53674,1437,Excitatory_Neuron
53675,1442,Excitatory_Neuron
53676,1455,Excitatory_Neuron
53677,1460,unassigned
53678,1458,Excitatory_Neuron
53679,1468,Excitatory_Neuron
53680,1456,Excitatory_Neuron
53681,1432,unassigned
53682,1435,Excitatory_Neuron
53683,1440,Excitatory_Neuron
53684,1435,Excitatory_Neuron
53685,1440,Excitatory_Neuron
53686,1449,unassigned
53687,1441,Excitatory_Neuron
53688,1430,unassigned
53689,1451,Astro-Epen
53690,1452,unassigned
53691,1442,Excitatory_Neuron
53692,1442,Excitatory_Neuron
53693,1461,Excitatory_Neuron
53694,1472,Excitatory_Neuron
53695,1461,Excitatory_Neuron
53696,1430,unassigned
53697,1479,Excitatory_Neuron
53698,1443,Excitatory_Neuron
53699,1467,Excitatory_Neuron
53700,1430,unassigned
53701,1446,Excitatory_Neuron
53702,1447,Excitatory_Neuron
53703,1459,Excitatory_Neuron
53704,1440,Excitatory_Neuron
53705,1484,Excitatory_Neuron
53706,1435,Excitatory_Neuron
53707,1429,Excitatory_Neuron
53708,1449,unassigned
53709,1441,Excitatory_Neuron
53710,1476,Excitatory_Neuron
53711,1441,Excitatory_Neuron
53712,1430,unassigned
53713,1433,Excitatory_Neuron
53714,1433,Excitatory_Neuron
53715,1450,Excitatory_Neuron
53716,1483,Excitatory_Neuron
53717,1463,Excitatory_Neuron
53718,1444,Excitatory_Neuron
53719,1444,Excitatory_Neuron
53720,1458,Excitatory_Neuron
53721,1474,unassigned
53722,1430,unassigned
53723,1468,Excitatory_Neuron
53724,1435,Excitatory_Neuron
53725,1440,Excitatory_Neuron
53726,1459,Excitatory_Neuron
53727,1485,unassigned
53728,1429,Excitatory_Neuron
53729,1429,Excitatory_Neuron
53730,1433,Excitatory_Neuron
53731,1430,unassigned
53732,1437,Excitatory_Neuron
53733,1442,Excitatory_Neuron
53734,1442,Excitatory_Neuron
53735,1486,Excitatory_Neuron
53736,1455,Excitatory_Neuron
53737,1442,Excitatory_Neuron
53738,1461,Excitatory_Neuron
53739,1455,Excitatory_Neuron
53740,1444,Excitatory_Neuron
53741,1468,Excitatory_Neuron
53742,1430,unassigned
53743,1435,Excitatory_Neuron
53744,1484,Excitatory_Neuron
53745,1435,Excitatory_Neuron
53746,1435,Excitatory_Neuron
53747,1440,Excitatory_Neuron
53748,1440,Excitatory_Neuron
53749,1449,unassigned
53750,1430,unassigned
53751,1429,Excitatory_Neuron
53752,1441,Excitatory_Neuron
53753,1476,Excitatory_Neuron
53754,1433,Excitatory_Neuron
53755,1430,unassigned
53756,1433,Excitatory_Neuron
53757,1441,Excitatory_Neuron
53758,1434,Excitatory_Neuron
53759,1442,Excitatory_Neuron
53760,1442,Excitatory_Neuron
53761,1442,Excitatory_Neuron
53762,1473,Excitatory_Neuron
53763,1461,Excitatory_Neuron
53764,1438,GABA_Neuron
53765,1483,Excitatory_Neuron
53766,1458,Excitatory_Neuron
53767,1430,unassigned
53768,1464,unassigned
53769,1431,unassigned
53770,1435,Excitatory_Neuron
53771,1441,Excitatory_Neuron
53772,1441,Excitatory_Neuron
53773,1450,Excitatory_Neuron
53774,1430,unassigned
53775,1433,Excitatory_Neuron
53776,1475,Excitatory_Neuron
53777,1442,Excitatory_Neuron
53778,1461,Excitatory_Neuron
53779,1463,Excitatory_Neuron
53780,1430,unassigned
53781,1445,Excitatory_Neuron
53782,1474,unassigned
53783,1456,Excitatory_Neuron
53784,1435,Excitatory_Neuron
53785,1459,Excitatory_Neuron
53786,1441,Excitatory_Neuron
53787,1441,Excitatory_Neuron
53788,1437,Excitatory_Neuron
53789,1441,Excitatory_Neuron
53790,1442,Excitatory_Neuron
53791,1454,unassigned
53792,1473,Excitatory_Neuron
53793,1470,unassigned
53794,1430,unassigned
53795,1470,unassigned
53796,1445,Excitatory_Neuron
53797,1445,Excitatory_Neuron
53798,1456,Excitatory_Neuron
53799,1484,Excitatory_Neuron
53800,1440,Excitatory_Neuron
53801,1433,Excitatory_Neuron
53802,1433,Excitatory_Neuron
53803,1441,Excitatory_Neuron
53804,1473,Excitatory_Neuron
53805,1455,Excitatory_Neuron
53806,1458,Excitatory_Neuron
53807,1467,Excitatory_Neuron
53808,1468,Excitatory_Neuron
53809,1484,Excitatory_Neuron
53810,1459,Excitatory_Neuron
53811,1430,unassigned
53812,1429,Excitatory_Neuron
53813,1476,Excitatory_Neuron
53814,1450,Excitatory_Neuron
53815,1438,GABA_Neuron
53816,1472,Excitatory_Neuron
53817,1455,Excitatory_Neuron
53818,1430,unassigned
53819,1430,unassigned
53820,1445,Excitatory_Neuron
53821,1446,Excitatory_Neuron
53822,1430,unassigned
53823,1447,Excitatory_Neuron
53824,1484,Excitatory_Neuron
53825,1459,Excitatory_Neuron
53826,1429,Excitatory_Neuron
53827,1441,Excitatory_Neuron
53828,1433,Excitatory_Neuron
53829,1475,Excitatory_Neuron
53830,1475,Excitatory_Neuron
53831,1430,unassigned
53832,1442,Excitatory_Neuron
53833,1486,Excitatory_Neuron
53834,1455,Excitatory_Neuron
53835,1457,unassigned
53836,1430,unassigned
53837,1444,Excitatory_Neuron
53838,1444,Excitatory_Neuron
53839,1443,Excitatory_Neuron
53840,1458,Excitatory_Neuron
53841,1468,Excitatory_Neuron
53842,1430,unassigned
53843,1456,Excitatory_Neuron
53844,1436,unassigned
53845,1440,Excitatory_Neuron
53846,1449,unassigned
53847,1476,Excitatory_Neuron
53848,1433,Excitatory_Neuron
53849,1454,unassigned
53850,1472,Excitatory_Neuron
53851,1430,unassigned
53852,1460,unassigned
53853,1444,Excitatory_Neuron
53854,1463,Excitatory_Neuron
53855,1460,unassigned
53856,1435,Excitatory_Neuron
53857,1459,Excitatory_Neuron
53858,1459,Excitatory_Neuron
53859,1433,Excitatory_Neuron
53860,1433,Excitatory_Neuron
53861,1430,unassigned
53862,1475,Excitatory_Neuron
53863,1451,Astro-Epen
53864,1457,unassigned
53865,1455,Excitatory_Neuron
53866,1457,unassigned
53867,1443,Excitatory_Neuron
53868,1444,Excitatory_Neuron
53869,1430,unassigned
53870,1463,Excitatory_Neuron
53871,1474,unassigned
53872,1467,Excitatory_Neuron
53873,1446,Excitatory_Neuron
53874,1447,Excitatory_Neuron
53875,1430,unassigned
53876,1448,Excitatory_Neuron
53877,1448,Excitatory_Neuron
53878,1459,Excitatory_Neuron
53879,1429,Excitatory_Neuron
53880,1459,Excitatory_Neuron
53881,1475,Excitatory_Neuron
53882,1479,Excitatory_Neuron
53883,1455,Excitatory_Neuron
53884,1463,Excitatory_Neuron
53885,1474,unassigned
53886,1446,Excitatory_Neuron
53887,1446,Excitatory_Neuron
53888,1447,Excitatory_Neuron
53889,1447,Excitatory_Neuron
53890,1447,Excitatory_Neuron
53891,1435,Excitatory_Neuron
53892,1459,Excitatory_Neuron
53893,1484,Excitatory_Neuron
53894,1484,Excitatory_Neuron
53895,1440,Excitatory_Neuron
53896,1440,Excitatory_Neuron
53897,1450,Excitatory_Neuron
53898,1476,Excitatory_Neuron
53899,1433,Excitatory_Neuron
53900,1430,unassigned
53901,1441,Excitatory_Neuron
53902,1475,Excitatory_Neuron
53903,1437,Excitatory_Neuron
53904,1434,Excitatory_Neuron
53905,1442,Excitatory_Neuron
53906,1473,Excitatory_Neuron
53907,1457,unassigned
53908,1430,unassigned
53909,1443,Excitatory_Neuron
53910,1430,unassigned
53911,1468,Excitatory_Neuron
53912,1474,unassigned
53913,1446,Excitatory_Neuron
53914,1482,unassigned
53915,1456,Excitatory_Neuron
53916,1432,unassigned
53917,1484,Excitatory_Neuron
53918,1459,Excitatory_Neuron
53919,1430,unassigned
53920,1433,Excitatory_Neuron
53921,1441,Excitatory_Neuron
53922,1452,unassigned
53923,1479,Excitatory_Neuron
53924,1461,Excitatory_Neuron
53925,1457,unassigned
53926,1443,Excitatory_Neuron
53927,1483,Excitatory_Neuron
53928,1470,unassigned
53929,1430,unassigned
53930,1483,Excitatory_Neuron
53931,1460,unassigned
53932,1430,unassigned
53933,1458,Excitatory_Neuron
53934,1468,Excitatory_Neuron
53935,1474,unassigned
53936,1446,Excitatory_Neuron
53937,1431,unassigned
53938,1484,Excitatory_Neuron
53939,1441,Excitatory_Neuron
53940,1440,Excitatory_Neuron
53941,1430,unassigned
53942,1430,unassigned
53943,1475,Excitatory_Neuron
53944,1434,Excitatory_Neuron
53945,1461,Excitatory_Neuron
53946,1455,Excitatory_Neuron
53947,1430,unassigned
53948,1430,unassigned
53949,1432,unassigned
53950,1448,Excitatory_Neuron
53951,1484,Excitatory_Neuron
53952,1459,Excitatory_Neuron
53953,1459,Excitatory_Neuron
53954,1440,Excitatory_Neuron
53955,1440,Excitatory_Neuron
53956,1433,Excitatory_Neuron
53957,1430,unassigned
53958,1442,Excitatory_Neuron
53959,1442,Excitatory_Neuron
53960,1451,Astro-Epen
53961,1451,Astro-Epen
53962,1461,Excitatory_Neuron
53963,1472,Excitatory_Neuron
53964,1479,Excitatory_Neuron
53965,1430,unassigned
53966,1431,unassigned
53967,1448,Excitatory_Neuron
53968,1432,unassigned
53969,1435,Excitatory_Neuron
53970,1432,unassigned
53971,1435,Excitatory_Neuron
53972,1484,Excitatory_Neuron
53973,1440,Excitatory_Neuron
53974,1449,unassigned
53975,1476,Excitatory_Neuron
53976,1450,Excitatory_Neuron
53977,1476,Excitatory_Neuron
53978,1475,Excitatory_Neuron
53979,1441,Excitatory_Neuron
53980,1475,Excitatory_Neuron
53981,1437,Excitatory_Neuron
53982,1451,Astro-Epen
53983,1442,Excitatory_Neuron
53984,1442,Excitatory_Neuron
53985,1461,Excitatory_Neuron
53986,1483,Excitatory_Neuron
53987,1430,unassigned
53988,1470,unassigned
53989,1463,Excitatory_Neuron
53990,1445,Excitatory_Neuron
53991,1444,Excitatory_Neuron
53992,1445,Excitatory_Neuron
53993,1456,Excitatory_Neuron
53994,1435,Excitatory_Neuron
53995,1435,Excitatory_Neuron
53996,1459,Excitatory_Neuron
53997,1440,Excitatory_Neuron
53998,1441,Excitatory_Neuron
53999,1487,Astro-Epen
54000,1450,Excitatory_Neuron
54001,1430,unassigned
54002,1441,Excitatory_Neuron
54003,1451,Astro-Epen
54004,1455,Excitatory_Neuron
54005,1472,Excitatory_Neuron
54006,1455,Excitatory_Neuron
54007,1483,Excitatory_Neuron
54008,1430,unassigned
54009,1488,unassigned
54010,1468,Excitatory_Neuron
54011,1467,Excitatory_Neuron
54012,1430,unassigned
54013,1456,Excitatory_Neuron
54014,1441,Excitatory_Neuron
54015,1433,Excitatory_Neuron
54016,1429,Excitatory_Neuron
54017,1449,unassigned
54018,1433,Excitatory_Neuron
54019,1433,Excitatory_Neuron
54020,1441,Excitatory_Neuron
54021,1475,Excitatory_Neuron
54022,1437,Excitatory_Neuron
54023,1438,GABA_Neuron
54024,1472,Excitatory_Neuron
54025,1473,Excitatory_Neuron
54026,1430,unassigned
54027,1467,Excitatory_Neuron
54028,1467,Excitatory_Neuron
54029,1474,unassigned
54030,1456,Excitatory_Neuron
54031,1447,Excitatory_Neuron
54032,1448,Excitatory_Neuron
54033,1430,unassigned
54034,1429,Excitatory_Neuron
54035,1429,Excitatory_Neuron
54036,1433,Excitatory_Neuron
54037,1433,Excitatory_Neuron
54038,1433,Excitatory_Neuron
54039,1442,Excitatory_Neuron
54040,1437,Excitatory_Neuron
54041,1457,unassigned
54042,1430,unassigned
54043,1460,unassigned
54044,1474,unassigned
54045,1464,unassigned
54046,1459,Excitatory_Neuron
54047,1459,Excitatory_Neuron
54048,1430,unassigned
54049,1441,Excitatory_Neuron
54050,1430,unassigned
54051,1475,Excitatory_Neuron
54052,1452,unassigned
54053,1461,Excitatory_Neuron
54054,1463,Excitatory_Neuron
54055,1460,unassigned
54056,1483,Excitatory_Neuron
54057,1444,Excitatory_Neuron
54058,1430,unassigned
54059,1445,Excitatory_Neuron
54060,1445,Excitatory_Neuron
54061,1446,Excitatory_Neuron
54062,1468,Excitatory_Neuron
54063,1467,Excitatory_Neuron
54064,1456,Excitatory_Neuron
54065,1432,unassigned
54066,1430,unassigned
54067,1430,unassigned
54068,1459,Excitatory_Neuron
54069,1459,Excitatory_Neuron
54070,1429,Excitatory_Neuron
54071,1430,unassigned
54072,1476,Excitatory_Neuron
54073,1433,Excitatory_Neuron
54074,1433,Excitatory_Neuron
54075,1475,Excitatory_Neuron
54076,1441,Excitatory_Neuron
54077,1475,Excitatory_Neuron
54078,1437,Excitatory_Neuron
54079,1475,Excitatory_Neuron
54080,1479,Excitatory_Neuron
54081,1472,Excitatory_Neuron
54082,1430,unassigned
54083,1430,unassigned
54084,1467,Excitatory_Neuron
54085,1464,unassigned
54086,1435,Excitatory_Neuron
54087,1459,Excitatory_Neuron
54088,1429,Excitatory_Neuron
54089,1449,unassigned
54090,1430,unassigned
54091,1442,Excitatory_Neuron
54092,1473,Excitatory_Neuron
54093,1430,unassigned
54094,1460,unassigned
54095,1445,Excitatory_Neuron
54096,1430,unassigned
54097,1446,Excitatory_Neuron
54098,1435,Excitatory_Neuron
54099,1440,Excitatory_Neuron
54100,1440,Excitatory_Neuron
54101,1430,unassigned
54102,1484,Excitatory_Neuron
54103,1459,Excitatory_Neuron
54104,1433,Excitatory_Neuron
54105,1433,Excitatory_Neuron
54106,1441,Excitatory_Neuron
54107,1476,Excitatory_Neuron
54108,1476,Excitatory_Neuron
54109,1430,unassigned
54110,1442,Excitatory_Neuron
54111,1473,Excitatory_Neuron
54112,1430,unassigned
54113,1463,Excitatory_Neuron
54114,1460,unassigned
54115,1460,unassigned
54116,1446,Excitatory_Neuron
54117,1474,unassigned
54118,1430,unassigned
54119,1447,Excitatory_Neuron
54120,1459,Excitatory_Neuron
54121,1448,Excitatory_Neuron
54122,1440,Excitatory_Neuron
54123,1432,unassigned
54124,1440,Excitatory_Neuron
54125,1435,Excitatory_Neuron
54126,1484,Excitatory_Neuron
54127,1459,Excitatory_Neuron
54128,1440,Excitatory_Neuron
54129,1441,Excitatory_Neuron
54130,1485,unassigned
54131,1429,Excitatory_Neuron
54132,1485,unassigned
54133,1441,Excitatory_Neuron
54134,1450,Excitatory_Neuron
54135,1475,Excitatory_Neuron
54136,1437,Excitatory_Neuron
54137,1455,Excitatory_Neuron
54138,1451,Astro-Epen
54139,1438,GABA_Neuron
54140,1463,Excitatory_Neuron
54141,1463,Excitatory_Neuron
54142,1460,unassigned
54143,1444,Excitatory_Neuron
54144,1489,Immune
54145,1430,unassigned
54146,1430,unassigned
54147,1430,unassigned
54148,1440,Excitatory_Neuron
54149,1440,Excitatory_Neuron
54150,1440,Excitatory_Neuron
54151,1440,Excitatory_Neuron
54152,1433,Excitatory_Neuron
54153,1475,Excitatory_Neuron
54154,1441,Excitatory_Neuron
54155,1441,Excitatory_Neuron
54156,1475,Excitatory_Neuron
54157,1475,Excitatory_Neuron
54158,1475,Excitatory_Neuron
54159,1452,unassigned
54160,1437,Excitatory_Neuron
54161,1473,Excitatory_Neuron
54162,1430,unassigned
54163,1483,Excitatory_Neuron
54164,1462,Excitatory_Neuron
54165,1430,unassigned
54166,1458,Excitatory_Neuron
54167,1482,unassigned
54168,1447,Excitatory_Neuron
54169,1447,Excitatory_Neuron
54170,1435,Excitatory_Neuron
54171,1440,Excitatory_Neuron
54172,1476,Excitatory_Neuron
54173,1487,Astro-Epen
54174,1450,Excitatory_Neuron
54175,1475,Excitatory_Neuron
54176,1441,Excitatory_Neuron
54177,1451,Astro-Epen
54178,1473,Excitatory_Neuron
54179,1438,GABA_Neuron
54180,1457,unassigned
54181,1461,Excitatory_Neuron
54182,1430,unassigned
54183,1430,unassigned
54184,1446,Excitatory_Neuron
54185,1430,unassigned
54186,1456,Excitatory_Neuron
54187,1447,Excitatory_Neuron
54188,1435,Excitatory_Neuron
54189,1429,Excitatory_Neuron
54190,1433,Excitatory_Neuron
54191,1429,Excitatory_Neuron
54192,1433,Excitatory_Neuron
54193,1434,Excitatory_Neuron
54194,1437,Excitatory_Neuron
54195,1451,Astro-Epen
54196,1442,Excitatory_Neuron
54197,1451,Astro-Epen
54198,1473,Excitatory_Neuron
54199,1461,Excitatory_Neuron
54200,1474,unassigned
54201,1467,Excitatory_Neuron
54202,1467,Excitatory_Neuron
54203,1431,unassigned
54204,1456,Excitatory_Neuron
54205,1448,Excitatory_Neuron
54206,1448,Excitatory_Neuron
54207,1436,unassigned
54208,1448,Excitatory_Neuron
54209,1430,unassigned
54210,1459,Excitatory_Neuron
54211,1433,Excitatory_Neuron
54212,1487,Astro-Epen
54213,1476,Excitatory_Neuron
54214,1441,Excitatory_Neuron
54215,1433,Excitatory_Neuron
54216,1461,Excitatory_Neuron
54217,1461,Excitatory_Neuron
54218,1438,GABA_Neuron
54219,1457,unassigned
54220,1430,unassigned
54221,1463,Excitatory_Neuron
54222,1463,Excitatory_Neuron
54223,1458,Excitatory_Neuron
54224,1467,Excitatory_Neuron
54225,1430,unassigned
54226,1448,Excitatory_Neuron
54227,1448,Excitatory_Neuron
54228,1448,Excitatory_Neuron
54229,1456,Excitatory_Neuron
54230,1432,unassigned
54231,1430,unassigned
54232,1484,Excitatory_Neuron
54233,1440,Excitatory_Neuron
54234,1429,Excitatory_Neuron
54235,1487,Astro-Epen
54236,1476,Excitatory_Neuron
54237,1450,Excitatory_Neuron
54238,1430,unassigned
54239,1461,Excitatory_Neuron
54240,1483,Excitatory_Neuron
54241,1482,unassigned
54242,1482,unassigned
54243,1435,Excitatory_Neuron
54244,1435,Excitatory_Neuron
54245,1435,Excitatory_Neuron
54246,1432,unassigned
54247,1440,Excitatory_Neuron
54248,1441,Excitatory_Neuron
54249,1475,Excitatory_Neuron
54250,1441,Excitatory_Neuron
54251,1434,Excitatory_Neuron
54252,1442,Excitatory_Neuron
54253,1472,Excitatory_Neuron
54254,1430,unassigned
54255,1430,unassigned
54256,1443,Excitatory_Neuron
54257,1463,Excitatory_Neuron
54258,1463,Excitatory_Neuron
54259,1460,unassigned
54260,1445,Excitatory_Neuron
54261,1446,Excitatory_Neuron
54262,1447,Excitatory_Neuron
54263,1435,Excitatory_Neuron
54264,1440,Excitatory_Neuron
54265,1440,Excitatory_Neuron
54266,1440,Excitatory_Neuron
54267,1429,Excitatory_Neuron
54268,1430,unassigned
54269,1433,Excitatory_Neuron
54270,1475,Excitatory_Neuron
54271,1430,unassigned
54272,1430,unassigned
54273,1442,Excitatory_Neuron
54274,1455,Excitatory_Neuron
54275,1442,Excitatory_Neuron
54276,1430,unassigned
54277,1463,Excitatory_Neuron
54278,1430,unassigned
54279,1430,unassigned
54280,1490,Immune
54281,1445,Excitatory_Neuron
54282,1431,unassigned
54283,1456,Excitatory_Neuron
54284,1435,Excitatory_Neuron
54285,1484,Excitatory_Neuron
54286,1440,Excitatory_Neuron
54287,1450,Excitatory_Neuron
54288,1451,Astro-Epen
54289,1438,GABA_Neuron
54290,1430,unassigned
54291,1483,Excitatory_Neuron
54292,1483,Excitatory_Neuron
54293,1443,Excitatory_Neuron
54294,1463,Excitatory_Neuron
54295,1467,Excitatory_Neuron
54296,1467,Excitatory_Neuron
54297,1468,Excitatory_Neuron
54298,1436,unassigned
54299,1491,unassigned
54300,1433,Excitatory_Neuron
54301,1441,Excitatory_Neuron
54302,1487,Astro-Epen
54303,1434,Excitatory_Neuron
54304,1438,GABA_Neuron
54305,1473,Excitatory_Neuron
54306,1455,Excitatory_Neuron
54307,1479,Excitatory_Neuron
54308,1430,unassigned
54309,1443,Excitatory_Neuron
54310,1488,unassigned
54311,1483,Excitatory_Neuron
54312,1470,unassigned
54313,1443,Excitatory_Neuron
54314,1445,Excitatory_Neuron
54315,1468,Excitatory_Neuron
54316,1430,unassigned
54317,1447,Excitatory_Neuron
54318,1484,Excitatory_Neuron
54319,1459,Excitatory_Neuron
54320,1440,Excitatory_Neuron
54321,1429,Excitatory_Neuron
54322,1487,Astro-Epen
54323,1476,Excitatory_Neuron
54324,1475,Excitatory_Neuron
54325,1475,Excitatory_Neuron
54326,1434,Excitatory_Neuron
54327,1441,Excitatory_Neuron
54328,1437,Excitatory_Neuron
54329,1451,Astro-Epen
54330,1442,Excitatory_Neuron
54331,1473,Excitatory_Neuron
54332,1442,Excitatory_Neuron
54333,1473,Excitatory_Neuron
54334,1461,Excitatory_Neuron
54335,1455,Excitatory_Neuron
54336,1483,Excitatory_Neuron
54337,1430,unassigned
54338,1446,Excitatory_Neuron
54339,1467,Excitatory_Neuron
54340,1430,unassigned
54341,1456,Excitatory_Neuron
54342,1430,unassigned
54343,1433,Excitatory_Neuron
54344,1476,Excitatory_Neuron
54345,1441,Excitatory_Neuron
54346,1437,Excitatory_Neuron
54347,1434,Excitatory_Neuron
54348,1434,Excitatory_Neuron
54349,1451,Astro-Epen
54350,1455,Excitatory_Neuron
54351,1438,GABA_Neuron
54352,1457,unassigned
54353,1430,unassigned
54354,1430,unassigned
54355,1444,Excitatory_Neuron
54356,1443,Excitatory_Neuron
54357,1456,Excitatory_Neuron
54358,1440,Excitatory_Neuron
54359,1459,Excitatory_Neuron
54360,1441,Excitatory_Neuron
54361,1487,Astro-Epen
54362,1437,Excitatory_Neuron
54363,1442,Excitatory_Neuron
54364,1457,unassigned
54365,1430,unassigned
54366,1444,Excitatory_Neuron
54367,1460,unassigned
54368,1446,Excitatory_Neuron
54369,1430,unassigned
54370,1456,Excitatory_Neuron
54371,1440,Excitatory_Neuron
54372,1476,Excitatory_Neuron
54373,1430,unassigned
54374,1451,Astro-Epen
54375,1442,Excitatory_Neuron
54376,1461,Excitatory_Neuron
54377,1473,Excitatory_Neuron
54378,1473,Excitatory_Neuron
54379,1444,Excitatory_Neuron
54380,1467,Excitatory_Neuron
54381,1459,Excitatory_Neuron
54382,1430,unassigned
54383,1430,unassigned
54384,1433,Excitatory_Neuron
54385,1475,Excitatory_Neuron
54386,1442,Excitatory_Neuron
54387,1473,Excitatory_Neuron
54388,1430,unassigned
54389,1483,Excitatory_Neuron
54390,1483,Excitatory_Neuron
54391,1444,Excitatory_Neuron
54392,1430,unassigned
54393,1430,unassigned
54394,1474,unassigned
54395,1430,unassigned
54396,1448,Excitatory_Neuron
54397,1440,Excitatory_Neuron
54398,1441,Excitatory_Neuron
54399,1429,Excitatory_Neuron
54400,1450,Excitatory_Neuron
54401,1441,Excitatory_Neuron
54402,1455,Excitatory_Neuron
54403,1455,Excitatory_Neuron
54404,1463,Excitatory_Neuron
54405,1446,Excitatory_Neuron
54406,1489,Immune
54407,1448,Excitatory_Neuron
54408,1440,Excitatory_Neuron
54409,1440,Excitatory_Neuron
54410,1429,Excitatory_Neuron
54411,1450,Excitatory_Neuron
54412,1475,Excitatory_Neuron
54413,1441,Excitatory_Neuron
54414,1451,Astro-Epen
54415,1442,Excitatory_Neuron
54416,1438,GABA_Neuron
54417,1463,Excitatory_Neuron
54418,1460,unassigned
54419,1430,unassigned
54420,1430,unassigned
54421,1431,unassigned
54422,1436,unassigned
54423,1448,Excitatory_Neuron
54424,1484,Excitatory_Neuron
54425,1430,unassigned
54426,1430,unassigned
54427,1430,unassigned
54428,1476,Excitatory_Neuron
54429,1430,unassigned
54430,1430,unassigned
54431,1442,Excitatory_Neuron
54432,1442,Excitatory_Neuron
54433,1472,Excitatory_Neuron
54434,1470,unassigned
54435,1463,Excitatory_Neuron
54436,1430,unassigned
54437,1443,Excitatory_Neuron
54438,1460,unassigned
54439,1430,unassigned
54440,1468,Excitatory_Neuron
54441,1447,Excitatory_Neuron
54442,1456,Excitatory_Neuron
54443,1440,Excitatory_Neuron
54444,1435,Excitatory_Neuron
54445,1484,Excitatory_Neuron
54446,1440,Excitatory_Neuron
54447,1484,Excitatory_Neuron
54448,1484,Excitatory_Neuron
54449,1429,Excitatory_Neuron
54450,1476,Excitatory_Neuron
54451,1441,Excitatory_Neuron
54452,1476,Excitatory_Neuron
54453,1473,Excitatory_Neuron
54454,1472,Excitatory_Neuron
54455,1479,Excitatory_Neuron
54456,1430,unassigned
54457,1430,unassigned
54458,1430,unassigned
54459,1444,Excitatory_Neuron
54460,1468,Excitatory_Neuron
54461,1445,Excitatory_Neuron
54462,1467,Excitatory_Neuron
54463,1430,unassigned
54464,1464,unassigned
54465,1430,unassigned
54466,1430,unassigned
54467,1440,Excitatory_Neuron
54468,1459,Excitatory_Neuron
54469,1459,Excitatory_Neuron
54470,1476,Excitatory_Neuron
54471,1433,Excitatory_Neuron
54472,1450,Excitatory_Neuron
54473,1441,Excitatory_Neuron
54474,1441,Excitatory_Neuron
54475,1452,unassigned
54476,1438,GABA_Neuron
54477,1455,Excitatory_Neuron
54478,1455,Excitatory_Neuron
54479,1472,Excitatory_Neuron
54480,1473,Excitatory_Neuron
54481,1462,Excitatory_Neuron
54482,1463,Excitatory_Neuron
54483,1463,Excitatory_Neuron
54484,1490,Immune
54485,1456,Excitatory_Neuron
54486,1447,Excitatory_Neuron
54487,1459,Excitatory_Neuron
54488,1440,Excitatory_Neuron
54489,1440,Excitatory_Neuron
54490,1459,Excitatory_Neuron
54491,1440,Excitatory_Neuron
54492,1430,unassigned
54493,1440,Excitatory_Neuron
54494,1440,Excitatory_Neuron
54495,1441,Excitatory_Neuron
54496,1487,Astro-Epen
54497,1450,Excitatory_Neuron
54498,1441,Excitatory_Neuron
54499,1442,Excitatory_Neuron
54500,1479,Excitatory_Neuron
54501,1438,GABA_Neuron
54502,1468,Excitatory_Neuron
54503,1474,unassigned
54504,1430,unassigned
54505,1468,Excitatory_Neuron
54506,1464,unassigned
54507,1431,unassigned
54508,1430,unassigned
54509,1456,Excitatory_Neuron
54510,1440,Excitatory_Neuron
54511,1436,unassigned
54512,1440,Excitatory_Neuron
54513,1430,unassigned
54514,1429,Excitatory_Neuron
54515,1441,Excitatory_Neuron
54516,1476,Excitatory_Neuron
54517,1441,Excitatory_Neuron
54518,1450,Excitatory_Neuron
54519,1441,Excitatory_Neuron
54520,1437,Excitatory_Neuron
54521,1438,GABA_Neuron
54522,1430,unassigned
54523,1430,unassigned
54524,1483,Excitatory_Neuron
54525,1460,unassigned
54526,1444,Excitatory_Neuron
54527,1430,unassigned
54528,1430,unassigned
54529,1440,Excitatory_Neuron
54530,1429,Excitatory_Neuron
54531,1437,Excitatory_Neuron
54532,1442,Excitatory_Neuron
54533,1442,Excitatory_Neuron
54534,1455,Excitatory_Neuron
54535,1438,GABA_Neuron
54536,1430,unassigned
54537,1468,Excitatory_Neuron
54538,1445,Excitatory_Neuron
54539,1445,Excitatory_Neuron
54540,1430,unassigned
54541,1448,Excitatory_Neuron
54542,1448,Excitatory_Neuron
54543,1440,Excitatory_Neuron
54544,1459,Excitatory_Neuron
54545,1459,Excitatory_Neuron
54546,1484,Excitatory_Neuron
54547,1441,Excitatory_Neuron
54548,1476,Excitatory_Neuron
54549,1476,Excitatory_Neuron
54550,1440,Excitatory_Neuron
54551,1475,Excitatory_Neuron
54552,1433,Excitatory_Neuron
54553,1450,Excitatory_Neuron
54554,1451,Astro-Epen
54555,1438,GABA_Neuron
54556,1455,Excitatory_Neuron
54557,1430,unassigned
54558,1443,Excitatory_Neuron
54559,1483,Excitatory_Neuron
54560,1445,Excitatory_Neuron
54561,1468,Excitatory_Neuron
54562,1440,Excitatory_Neuron
54563,1435,Excitatory_Neuron
54564,1440,Excitatory_Neuron
54565,1435,Excitatory_Neuron
54566,1440,Excitatory_Neuron
54567,1484,Excitatory_Neuron
54568,1440,Excitatory_Neuron
54569,1441,Excitatory_Neuron
54570,1487,Astro-Epen
54571,1429,Excitatory_Neuron
54572,1430,unassigned
54573,1483,Excitatory_Neuron
54574,1460,unassigned
54575,1468,Excitatory_Neuron
54576,1490,Immune
54577,1474,unassigned
54578,1446,Excitatory_Neuron
54579,1448,Excitatory_Neuron
54580,1459,Excitatory_Neuron
54581,1459,Excitatory_Neuron
54582,1441,Excitatory_Neuron
54583,1487,Astro-Epen
54584,1433,Excitatory_Neuron
54585,1430,unassigned
54586,1475,Excitatory_Neuron
54587,1434,Excitatory_Neuron
54588,1441,Excitatory_Neuron
54589,1437,Excitatory_Neuron
54590,1452,unassigned
54591,1455,Excitatory_Neuron
54592,1483,Excitatory_Neuron
54593,1490,Immune
54594,1467,Excitatory_Neuron
54595,1467,Excitatory_Neuron
54596,1482,unassigned
54597,1447,Excitatory_Neuron
54598,1456,Excitatory_Neuron
54599,1430,unassigned
54600,1447,Excitatory_Neuron
54601,1430,unassigned
54602,1459,Excitatory_Neuron
54603,1484,Excitatory_Neuron
54604,1435,Excitatory_Neuron
54605,1440,Excitatory_Neuron
54606,1441,Excitatory_Neuron
54607,1440,Excitatory_Neuron
54608,1433,Excitatory_Neuron
54609,1451,Astro-Epen
54610,1479,Excitatory_Neuron
54611,1468,Excitatory_Neuron
54612,1456,Excitatory_Neuron
54613,1484,Excitatory_Neuron
54614,1459,Excitatory_Neuron
54615,1476,Excitatory_Neuron
54616,1442,Excitatory_Neuron
54617,1472,Excitatory_Neuron
54618,1443,Excitatory_Neuron
54619,1488,unassigned
54620,1463,Excitatory_Neuron
54621,1456,Excitatory_Neuron
54622,1484,Excitatory_Neuron
54623,1459,Excitatory_Neuron
54624,1440,Excitatory_Neuron
54625,1450,Excitatory_Neuron
54626,1433,Excitatory_Neuron
54627,1430,unassigned
54628,1442,Excitatory_Neuron
54629,1461,Excitatory_Neuron
54630,1486,Excitatory_Neuron
54631,1467,Excitatory_Neuron
54632,1492,unassigned
54633,1468,Excitatory_Neuron
54634,1430,unassigned
54635,1448,Excitatory_Neuron
54636,1456,Excitatory_Neuron
54637,1430,unassigned
54638,1440,Excitatory_Neuron
54639,1429,Excitatory_Neuron
54640,1441,Excitatory_Neuron
54641,1476,Excitatory_Neuron
54642,1429,Excitatory_Neuron
54643,1430,unassigned
54644,1441,Excitatory_Neuron
54645,1475,Excitatory_Neuron
54646,1437,Excitatory_Neuron
54647,1430,unassigned
54648,1442,Excitatory_Neuron
54649,1442,Excitatory_Neuron
54650,1455,Excitatory_Neuron
54651,1455,Excitatory_Neuron
54652,1473,Excitatory_Neuron
54653,1472,Excitatory_Neuron
54654,1455,Excitatory_Neuron
54655,1443,Excitatory_Neuron
54656,1463,Excitatory_Neuron
54657,1444,Excitatory_Neuron
54658,1430,unassigned
54659,1446,Excitatory_Neuron
54660,1464,unassigned
54661,1430,unassigned
54662,1435,Excitatory_Neuron
54663,1435,Excitatory_Neuron
54664,1459,Excitatory_Neuron
54665,1440,Excitatory_Neuron
54666,1440,Excitatory_Neuron
54667,1429,Excitatory_Neuron
54668,1476,Excitatory_Neuron
54669,1433,Excitatory_Neuron
54670,1430,unassigned
54671,1442,Excitatory_Neuron
54672,1452,unassigned
54673,1451,Astro-Epen
54674,1472,Excitatory_Neuron
54675,1430,unassigned
54676,1443,Excitatory_Neuron
54677,1430,unassigned
54678,1445,Excitatory_Neuron
54679,1458,Excitatory_Neuron
54680,1446,Excitatory_Neuron
54681,1456,Excitatory_Neuron
54682,1456,Excitatory_Neuron
54683,1448,Excitatory_Neuron
54684,1459,Excitatory_Neuron
54685,1484,Excitatory_Neuron
54686,1440,Excitatory_Neuron
54687,1441,Excitatory_Neuron
54688,1476,Excitatory_Neuron
54689,1437,Excitatory_Neuron
54690,1434,Excitatory_Neuron
54691,1442,Excitatory_Neuron
54692,1461,Excitatory_Neuron
54693,1438,GABA_Neuron
54694,1455,Excitatory_Neuron
54695,1472,Excitatory_Neuron
54696,1443,Excitatory_Neuron
54697,1430,unassigned
54698,1463,Excitatory_Neuron
54699,1445,Excitatory_Neuron
54700,1490,Immune
54701,1430,unassigned
54702,1493,Excitatory_Neuron
54703,1433,Excitatory_Neuron
54704,1450,Excitatory_Neuron
54705,1475,Excitatory_Neuron
54706,1434,Excitatory_Neuron
54707,1434,Excitatory_Neuron
54708,1438,GABA_Neuron
54709,1438,GABA_Neuron
54710,1461,Excitatory_Neuron
54711,1438,GABA_Neuron
54712,1472,Excitatory_Neuron
54713,1472,Excitatory_Neuron
54714,1445,Excitatory_Neuron
54715,1430,unassigned
54716,1448,Excitatory_Neuron
54717,1440,Excitatory_Neuron
54718,1440,Excitatory_Neuron
54719,1476,Excitatory_Neuron
54720,1430,unassigned
54721,1437,Excitatory_Neuron
54722,1433,Excitatory_Neuron
54723,1433,Excitatory_Neuron
54724,1437,Excitatory_Neuron
54725,1430,unassigned
54726,1442,Excitatory_Neuron
54727,1461,Excitatory_Neuron
54728,1438,GABA_Neuron
54729,1461,Excitatory_Neuron
54730,1461,Excitatory_Neuron
54731,1438,GABA_Neuron
54732,1472,Excitatory_Neuron
54733,1455,Excitatory_Neuron
54734,1470,unassigned
54735,1460,unassigned
54736,1445,Excitatory_Neuron
54737,1492,unassigned
54738,1468,Excitatory_Neuron
54739,1431,unassigned
54740,1484,Excitatory_Neuron
54741,1459,Excitatory_Neuron
54742,1459,Excitatory_Neuron
54743,1440,Excitatory_Neuron
54744,1459,Excitatory_Neuron
54745,1441,Excitatory_Neuron
54746,1433,Excitatory_Neuron
54747,1430,unassigned
54748,1429,Excitatory_Neuron
54749,1476,Excitatory_Neuron
54750,1430,unassigned
54751,1441,Excitatory_Neuron
54752,1451,Astro-Epen
54753,1438,GABA_Neuron
54754,1451,Astro-Epen
54755,1438,GABA_Neuron
54756,1455,Excitatory_Neuron
54757,1430,unassigned
54758,1430,unassigned
54759,1444,Excitatory_Neuron
54760,1467,Excitatory_Neuron
54761,1430,unassigned
54762,1456,Excitatory_Neuron
54763,1440,Excitatory_Neuron
54764,1459,Excitatory_Neuron
54765,1440,Excitatory_Neuron
54766,1435,Excitatory_Neuron
54767,1429,Excitatory_Neuron
54768,1429,Excitatory_Neuron
54769,1450,Excitatory_Neuron
54770,1430,unassigned
54771,1438,GABA_Neuron
54772,1461,Excitatory_Neuron
54773,1457,unassigned
54774,1472,Excitatory_Neuron
54775,1472,Excitatory_Neuron
54776,1462,Excitatory_Neuron
54777,1430,unassigned
54778,1468,Excitatory_Neuron
54779,1467,Excitatory_Neuron
54780,1464,unassigned
54781,1456,Excitatory_Neuron
54782,1487,Astro-Epen
54783,1441,Excitatory_Neuron
54784,1441,Excitatory_Neuron
54785,1476,Excitatory_Neuron
54786,1487,Astro-Epen
54787,1476,Excitatory_Neuron
54788,1475,Excitatory_Neuron
54789,1437,Excitatory_Neuron
54790,1452,unassigned
54791,1430,unassigned
54792,1461,Excitatory_Neuron
54793,1460,unassigned
54794,1445,Excitatory_Neuron
54795,1445,Excitatory_Neuron
54796,1430,unassigned
54797,1448,Excitatory_Neuron
54798,1456,Excitatory_Neuron
54799,1459,Excitatory_Neuron
54800,1435,Excitatory_Neuron
54801,1459,Excitatory_Neuron
54802,1459,Excitatory_Neuron
54803,1493,Excitatory_Neuron
54804,1441,Excitatory_Neuron
54805,1441,Excitatory_Neuron
54806,1476,Excitatory_Neuron
54807,1476,Excitatory_Neuron
54808,1433,Excitatory_Neuron
54809,1476,Excitatory_Neuron
54810,1433,Excitatory_Neuron
54811,1437,Excitatory_Neuron
54812,1434,Excitatory_Neuron
54813,1430,unassigned
54814,1461,Excitatory_Neuron
54815,1434,Excitatory_Neuron
54816,1442,Excitatory_Neuron
54817,1442,Excitatory_Neuron
54818,1473,Excitatory_Neuron
54819,1463,Excitatory_Neuron
54820,1443,Excitatory_Neuron
54821,1430,unassigned
54822,1463,Excitatory_Neuron
54823,1446,Excitatory_Neuron
54824,1474,unassigned
54825,1447,Excitatory_Neuron
54826,1440,Excitatory_Neuron
54827,1441,Excitatory_Neuron
54828,1487,Astro-Epen
54829,1429,Excitatory_Neuron
54830,1430,unassigned
54831,1441,Excitatory_Neuron
54832,1455,Excitatory_Neuron
54833,1479,Excitatory_Neuron
54834,1462,Excitatory_Neuron
54835,1445,Excitatory_Neuron
54836,1467,Excitatory_Neuron
54837,1431,unassigned
54838,1456,Excitatory_Neuron
54839,1484,Excitatory_Neuron
54840,1440,Excitatory_Neuron
54841,1440,Excitatory_Neuron
54842,1430,unassigned
54843,1487,Astro-Epen
54844,1487,Astro-Epen
54845,1450,Excitatory_Neuron
54846,1487,Astro-Epen
54847,1437,Excitatory_Neuron
54848,1475,Excitatory_Neuron
54849,1441,Excitatory_Neuron
54850,1442,Excitatory_Neuron
54851,1461,Excitatory_Neuron
54852,1486,Excitatory_Neuron
54853,1486,Excitatory_Neuron
54854,1455,Excitatory_Neuron
54855,1455,Excitatory_Neuron
54856,1443,Excitatory_Neuron
54857,1483,Excitatory_Neuron
54858,1430,unassigned
54859,1463,Excitatory_Neuron
54860,1467,Excitatory_Neuron
54861,1474,unassigned
54862,1464,unassigned
54863,1436,unassigned
54864,1484,Excitatory_Neuron
54865,1459,Excitatory_Neuron
54866,1476,Excitatory_Neuron
54867,1450,Excitatory_Neuron
54868,1441,Excitatory_Neuron
54869,1434,Excitatory_Neuron
54870,1472,Excitatory_Neuron
54871,1461,Excitatory_Neuron
54872,1462,Excitatory_Neuron
54873,1430,unassigned
54874,1430,unassigned
54875,1430,unassigned
54876,1430,unassigned
54877,1430,unassigned
54878,1448,Excitatory_Neuron
54879,1435,Excitatory_Neuron
54880,1459,Excitatory_Neuron
54881,1440,Excitatory_Neuron
54882,1433,Excitatory_Neuron
54883,1437,Excitatory_Neuron
54884,1434,Excitatory_Neuron
54885,1437,Excitatory_Neuron
54886,1434,Excitatory_Neuron
54887,1473,Excitatory_Neuron
54888,1472,Excitatory_Neuron
54889,1472,Excitatory_Neuron
54890,1438,GABA_Neuron
54891,1455,Excitatory_Neuron
54892,1443,Excitatory_Neuron
54893,1462,Excitatory_Neuron
54894,1483,Excitatory_Neuron
54895,1492,unassigned
54896,1445,Excitatory_Neuron
54897,1484,Excitatory_Neuron
54898,1459,Excitatory_Neuron
54899,1441,Excitatory_Neuron
54900,1441,Excitatory_Neuron
54901,1487,Astro-Epen
54902,1475,Excitatory_Neuron
54903,1437,Excitatory_Neuron
54904,1475,Excitatory_Neuron
54905,1434,Excitatory_Neuron
54906,1434,Excitatory_Neuron
54907,1434,Excitatory_Neuron
54908,1472,Excitatory_Neuron
54909,1473,Excitatory_Neuron
54910,1483,Excitatory_Neuron
54911,1430,unassigned
54912,1429,Excitatory_Neuron
54913,1487,Astro-Epen
54914,1429,Excitatory_Neuron
54915,1440,Excitatory_Neuron
54916,1441,Excitatory_Neuron
54917,1476,Excitatory_Neuron
54918,1430,unassigned
54919,1476,Excitatory_Neuron
54920,1430,unassigned
54921,1430,unassigned
54922,1472,Excitatory_Neuron
54923,1483,Excitatory_Neuron
54924,1483,Excitatory_Neuron
54925,1468,Excitatory_Neuron
54926,1467,Excitatory_Neuron
54927,1468,Excitatory_Neuron
54928,1489,Immune
54929,1482,unassigned
54930,1430,unassigned
54931,1448,Excitatory_Neuron
54932,1456,Excitatory_Neuron
54933,1448,Excitatory_Neuron
54934,1440,Excitatory_Neuron
54935,1440,Excitatory_Neuron
54936,1440,Excitatory_Neuron
54937,1459,Excitatory_Neuron
54938,1429,Excitatory_Neuron
54939,1441,Excitatory_Neuron
54940,1487,Astro-Epen
54941,1441,Excitatory_Neuron
54942,1433,Excitatory_Neuron
54943,1437,Excitatory_Neuron
54944,1437,Excitatory_Neuron
54945,1430,unassigned
54946,1437,Excitatory_Neuron
54947,1434,Excitatory_Neuron
54948,1442,Excitatory_Neuron
54949,1461,Excitatory_Neuron
54950,1437,Excitatory_Neuron
54951,1438,GABA_Neuron
54952,1461,Excitatory_Neuron
54953,1479,Excitatory_Neuron
54954,1468,Excitatory_Neuron
54955,1489,Immune
54956,1456,Excitatory_Neuron
54957,1448,Excitatory_Neuron
54958,1429,Excitatory_Neuron
54959,1440,Excitatory_Neuron
54960,1476,Excitatory_Neuron
54961,1476,Excitatory_Neuron
54962,1476,Excitatory_Neuron
54963,1441,Excitatory_Neuron
54964,1442,Excitatory_Neuron
54965,1430,unassigned
54966,1442,Excitatory_Neuron
54967,1455,Excitatory_Neuron
54968,1472,Excitatory_Neuron
54969,1443,Excitatory_Neuron
54970,1463,Excitatory_Neuron
54971,1430,unassigned
54972,1445,Excitatory_Neuron
54973,1430,unassigned
54974,1446,Excitatory_Neuron
54975,1430,unassigned
54976,1459,Excitatory_Neuron
54977,1440,Excitatory_Neuron
54978,1441,Excitatory_Neuron
54979,1429,Excitatory_Neuron
54980,1476,Excitatory_Neuron
54981,1433,Excitatory_Neuron
54982,1476,Excitatory_Neuron
54983,1430,unassigned
54984,1434,Excitatory_Neuron
54985,1461,Excitatory_Neuron
54986,1442,Excitatory_Neuron
54987,1455,Excitatory_Neuron
54988,1430,unassigned
54989,1463,Excitatory_Neuron
54990,1489,Immune
54991,1489,Immune
54992,1448,Excitatory_Neuron
54993,1459,Excitatory_Neuron
54994,1448,Excitatory_Neuron
54995,1487,Astro-Epen
54996,1441,Excitatory_Neuron
54997,1429,Excitatory_Neuron
54998,1450,Excitatory_Neuron
54999,1450,Excitatory_Neuron
55000,1433,Excitatory_Neuron
55001,1441,Excitatory_Neuron
55002,1475,Excitatory_Neuron
55003,1442,Excitatory_Neuron
55004,1442,Excitatory_Neuron
55005,1455,Excitatory_Neuron
55006,1455,Excitatory_Neuron
55007,1472,Excitatory_Neuron
55008,1479,Excitatory_Neuron
55009,1462,Excitatory_Neuron
55010,1483,Excitatory_Neuron
55011,1445,Excitatory_Neuron
55012,1468,Excitatory_Neuron
55013,1494,unassigned
55014,1456,Excitatory_Neuron
55015,1448,Excitatory_Neuron
55016,1435,Excitatory_Neuron
55017,1440,Excitatory_Neuron
55018,1484,Excitatory_Neuron
55019,1440,Excitatory_Neuron
55020,1440,Excitatory_Neuron
55021,1430,unassigned
55022,1430,unassigned
55023,1433,Excitatory_Neuron
55024,1433,Excitatory_Neuron
55025,1475,Excitatory_Neuron
55026,1442,Excitatory_Neuron
55027,1479,Excitatory_Neuron
55028,1457,unassigned
55029,1461,Excitatory_Neuron
55030,1430,unassigned
55031,1483,Excitatory_Neuron
55032,1494,unassigned
55033,1456,Excitatory_Neuron
55034,1447,Excitatory_Neuron
55035,1448,Excitatory_Neuron
55036,1459,Excitatory_Neuron
55037,1435,Excitatory_Neuron
55038,1459,Excitatory_Neuron
55039,1459,Excitatory_Neuron
55040,1441,Excitatory_Neuron
55041,1440,Excitatory_Neuron
55042,1476,Excitatory_Neuron
55043,1487,Astro-Epen
55044,1476,Excitatory_Neuron
55045,1441,Excitatory_Neuron
55046,1442,Excitatory_Neuron
55047,1472,Excitatory_Neuron
55048,1472,Excitatory_Neuron
55049,1443,Excitatory_Neuron
55050,1459,Excitatory_Neuron
55051,1435,Excitatory_Neuron
55052,1487,Astro-Epen
55053,1476,Excitatory_Neuron
55054,1433,Excitatory_Neuron
55055,1441,Excitatory_Neuron
55056,1433,Excitatory_Neuron
55057,1476,Excitatory_Neuron
55058,1475,Excitatory_Neuron
55059,1442,Excitatory_Neuron
55060,1473,Excitatory_Neuron
55061,1473,Excitatory_Neuron
55062,1457,unassigned
55063,1430,unassigned
55064,1430,unassigned
55065,1430,unassigned
55066,1430,unassigned
55067,1483,Excitatory_Neuron
55068,1483,Excitatory_Neuron
55069,1468,Excitatory_Neuron
55070,1468,Excitatory_Neuron
55071,1489,Immune
55072,1435,Excitatory_Neuron
55073,1441,Excitatory_Neuron
55074,1487,Astro-Epen
55075,1476,Excitatory_Neuron
55076,1487,Astro-Epen
55077,1437,Excitatory_Neuron
55078,1441,Excitatory_Neuron
55079,1437,Excitatory_Neuron
55080,1437,Excitatory_Neuron
55081,1475,Excitatory_Neuron
55082,1451,Astro-Epen
55083,1451,Astro-Epen
55084,1451,Astro-Epen
55085,1473,Excitatory_Neuron
55086,1473,Excitatory_Neuron
55087,1430,unassigned
55088,1445,Excitatory_Neuron
55089,1440,Excitatory_Neuron
55090,1435,Excitatory_Neuron
55091,1440,Excitatory_Neuron
55092,1441,Excitatory_Neuron
55093,1430,unassigned
55094,1475,Excitatory_Neuron
55095,1433,Excitatory_Neuron
55096,1441,Excitatory_Neuron
55097,1437,Excitatory_Neuron
55098,1434,Excitatory_Neuron
55099,1437,Excitatory_Neuron
55100,1438,GABA_Neuron
55101,1437,Excitatory_Neuron
55102,1442,Excitatory_Neuron
55103,1442,Excitatory_Neuron
55104,1473,Excitatory_Neuron
55105,1430,unassigned
55106,1483,Excitatory_Neuron
55107,1468,Excitatory_Neuron
55108,1468,Excitatory_Neuron
55109,1435,Excitatory_Neuron
55110,1430,unassigned
55111,1441,Excitatory_Neuron
55112,1476,Excitatory_Neuron
55113,1487,Astro-Epen
55114,1433,Excitatory_Neuron
55115,1437,Excitatory_Neuron
55116,1441,Excitatory_Neuron
55117,1441,Excitatory_Neuron
55118,1475,Excitatory_Neuron
55119,1430,unassigned
55120,1434,Excitatory_Neuron
55121,1472,Excitatory_Neuron
55122,1473,Excitatory_Neuron
55123,1479,Excitatory_Neuron
55124,1430,unassigned
55125,1443,Excitatory_Neuron
55126,1430,unassigned
55127,1463,Excitatory_Neuron
55128,1483,Excitatory_Neuron
55129,1483,Excitatory_Neuron
55130,1445,Excitatory_Neuron
55131,1445,Excitatory_Neuron
55132,1468,Excitatory_Neuron
55133,1456,Excitatory_Neuron
55134,1459,Excitatory_Neuron
55135,1440,Excitatory_Neuron
55136,1430,unassigned
55137,1487,Astro-Epen
55138,1433,Excitatory_Neuron
55139,1495,Excitatory_Neuron
55140,1433,Excitatory_Neuron
55141,1433,Excitatory_Neuron
55142,1441,Excitatory_Neuron
55143,1441,Excitatory_Neuron
55144,1437,Excitatory_Neuron
55145,1434,Excitatory_Neuron
55146,1442,Excitatory_Neuron
55147,1442,Excitatory_Neuron
55148,1472,Excitatory_Neuron
55149,1461,Excitatory_Neuron
55150,1496,Excitatory_Neuron
55151,1496,Excitatory_Neuron
55152,1496,Excitatory_Neuron
55153,1486,Excitatory_Neuron
55154,1455,Excitatory_Neuron
55155,1483,Excitatory_Neuron
55156,1430,unassigned
55157,1445,Excitatory_Neuron
55158,1445,Excitatory_Neuron
55159,1467,Excitatory_Neuron
55160,1494,unassigned
55161,1459,Excitatory_Neuron
55162,1440,Excitatory_Neuron
55163,1435,Excitatory_Neuron
55164,1440,Excitatory_Neuron
55165,1441,Excitatory_Neuron
55166,1487,Astro-Epen
55167,1441,Excitatory_Neuron
55168,1476,Excitatory_Neuron
55169,1433,Excitatory_Neuron
55170,1441,Excitatory_Neuron
55171,1475,Excitatory_Neuron
55172,1441,Excitatory_Neuron
55173,1479,Excitatory_Neuron
55174,1462,Excitatory_Neuron
55175,1445,Excitatory_Neuron
55176,1497,Excitatory_Neuron
55177,1468,Excitatory_Neuron
55178,1447,Excitatory_Neuron
55179,1459,Excitatory_Neuron
55180,1440,Excitatory_Neuron
55181,1441,Excitatory_Neuron
55182,1440,Excitatory_Neuron
55183,1441,Excitatory_Neuron
55184,1430,unassigned
55185,1433,Excitatory_Neuron
55186,1430,unassigned
55187,1442,Excitatory_Neuron
55188,1434,Excitatory_Neuron
55189,1461,Excitatory_Neuron
55190,1455,Excitatory_Neuron
55191,1486,Excitatory_Neuron
55192,1496,Excitatory_Neuron
55193,1438,GABA_Neuron
55194,1438,GABA_Neuron
55195,1472,Excitatory_Neuron
55196,1461,Excitatory_Neuron
55197,1455,Excitatory_Neuron
55198,1479,Excitatory_Neuron
55199,1430,unassigned
55200,1430,unassigned
55201,1483,Excitatory_Neuron
55202,1483,Excitatory_Neuron
55203,1463,Excitatory_Neuron
55204,1463,Excitatory_Neuron
55205,1430,unassigned
55206,1489,Immune
55207,1456,Excitatory_Neuron
55208,1494,unassigned
55209,1447,Excitatory_Neuron
55210,1456,Excitatory_Neuron
55211,1456,Excitatory_Neuron
55212,1448,Excitatory_Neuron
55213,1459,Excitatory_Neuron
55214,1433,Excitatory_Neuron
55215,1437,Excitatory_Neuron
55216,1461,Excitatory_Neuron
55217,1473,Excitatory_Neuron
55218,1457,unassigned
55219,1483,Excitatory_Neuron
55220,1463,Excitatory_Neuron
55221,1445,Excitatory_Neuron
55222,1497,Excitatory_Neuron
55223,1468,Excitatory_Neuron
55224,1430,unassigned
55225,1467,Excitatory_Neuron
55226,1489,Immune
55227,1436,unassigned
55228,1484,Excitatory_Neuron
55229,1484,Excitatory_Neuron
55230,1487,Astro-Epen
55231,1475,Excitatory_Neuron
55232,1438,GABA_Neuron
55233,1430,unassigned
55234,1489,Immune
55235,1456,Excitatory_Neuron
55236,1459,Excitatory_Neuron
55237,1435,Excitatory_Neuron
55238,1487,Astro-Epen
55239,1459,Excitatory_Neuron
55240,1459,Excitatory_Neuron
55241,1429,Excitatory_Neuron
55242,1429,Excitatory_Neuron
55243,1476,Excitatory_Neuron
55244,1433,Excitatory_Neuron
55245,1475,Excitatory_Neuron
55246,1433,Excitatory_Neuron
55247,1437,Excitatory_Neuron
55248,1451,Astro-Epen
55249,1451,Astro-Epen
55250,1438,GABA_Neuron
55251,1438,GABA_Neuron
55252,1483,Excitatory_Neuron
55253,1430,unassigned
55254,1483,Excitatory_Neuron
55255,1445,Excitatory_Neuron
55256,1468,Excitatory_Neuron
55257,1468,Excitatory_Neuron
55258,1489,Immune
55259,1482,unassigned
55260,1447,Excitatory_Neuron
55261,1440,Excitatory_Neuron
55262,1440,Excitatory_Neuron
55263,1436,unassigned
55264,1429,Excitatory_Neuron
55265,1429,Excitatory_Neuron
55266,1498,Excitatory_Neuron
55267,1441,Excitatory_Neuron
55268,1433,Excitatory_Neuron
55269,1433,Excitatory_Neuron
55270,1441,Excitatory_Neuron
55271,1441,Excitatory_Neuron
55272,1441,Excitatory_Neuron
55273,1434,Excitatory_Neuron
55274,1451,Astro-Epen
55275,1434,Excitatory_Neuron
55276,1461,Excitatory_Neuron
55277,1486,Excitatory_Neuron
55278,1483,Excitatory_Neuron
55279,1444,Excitatory_Neuron
55280,1497,Excitatory_Neuron
55281,1497,Excitatory_Neuron
55282,1468,Excitatory_Neuron
55283,1456,Excitatory_Neuron
55284,1448,Excitatory_Neuron
55285,1459,Excitatory_Neuron
55286,1435,Excitatory_Neuron
55287,1484,Excitatory_Neuron
55288,1459,Excitatory_Neuron
55289,1487,Astro-Epen
55290,1440,Excitatory_Neuron
55291,1441,Excitatory_Neuron
55292,1487,Astro-Epen
55293,1476,Excitatory_Neuron
55294,1441,Excitatory_Neuron
55295,1441,Excitatory_Neuron
55296,1441,Excitatory_Neuron
55297,1430,unassigned
55298,1451,Astro-Epen
55299,1434,Excitatory_Neuron
55300,1430,unassigned
55301,1430,unassigned
55302,1430,unassigned
55303,1463,Excitatory_Neuron
55304,1443,Excitatory_Neuron
55305,1483,Excitatory_Neuron
55306,1468,Excitatory_Neuron
55307,1467,Excitatory_Neuron
55308,1430,unassigned
55309,1430,unassigned
55310,1447,Excitatory_Neuron
55311,1498,Excitatory_Neuron
55312,1430,unassigned
55313,1440,Excitatory_Neuron
55314,1498,Excitatory_Neuron
55315,1476,Excitatory_Neuron
55316,1476,Excitatory_Neuron
55317,1433,Excitatory_Neuron
55318,1442,Excitatory_Neuron
55319,1430,unassigned
55320,1455,Excitatory_Neuron
55321,1479,Excitatory_Neuron
55322,1430,unassigned
55323,1462,Excitatory_Neuron
55324,1430,unassigned
55325,1430,unassigned
55326,1497,Excitatory_Neuron
55327,1468,Excitatory_Neuron
55328,1484,Excitatory_Neuron
55329,1440,Excitatory_Neuron
55330,1484,Excitatory_Neuron
55331,1499,unassigned
55332,1430,unassigned
55333,1429,Excitatory_Neuron
55334,1433,Excitatory_Neuron
55335,1476,Excitatory_Neuron
55336,1434,Excitatory_Neuron
55337,1475,Excitatory_Neuron
55338,1442,Excitatory_Neuron
55339,1438,GABA_Neuron
55340,1442,Excitatory_Neuron
55341,1451,Astro-Epen
55342,1472,Excitatory_Neuron
55343,1486,Excitatory_Neuron
55344,1486,Excitatory_Neuron
55345,1472,Excitatory_Neuron
55346,1472,Excitatory_Neuron
55347,1430,unassigned
55348,1497,Excitatory_Neuron
55349,1468,Excitatory_Neuron
55350,1440,Excitatory_Neuron
55351,1499,unassigned
55352,1499,unassigned
55353,1429,Excitatory_Neuron
55354,1498,Excitatory_Neuron
55355,1459,Excitatory_Neuron
55356,1430,unassigned
55357,1487,Astro-Epen
55358,1475,Excitatory_Neuron
55359,1433,Excitatory_Neuron
55360,1451,Astro-Epen
55361,1461,Excitatory_Neuron
55362,1483,Excitatory_Neuron
55363,1463,Excitatory_Neuron
55364,1463,Excitatory_Neuron
55365,1430,unassigned
55366,1445,Excitatory_Neuron
55367,1468,Excitatory_Neuron
55368,1468,Excitatory_Neuron
55369,1456,Excitatory_Neuron
55370,1430,unassigned
55371,1456,Excitatory_Neuron
55372,1484,Excitatory_Neuron
55373,1435,Excitatory_Neuron
55374,1499,unassigned
55375,1429,Excitatory_Neuron
55376,1441,Excitatory_Neuron
55377,1459,Excitatory_Neuron
55378,1487,Astro-Epen
55379,1476,Excitatory_Neuron
55380,1476,Excitatory_Neuron
55381,1433,Excitatory_Neuron
55382,1433,Excitatory_Neuron
55383,1441,Excitatory_Neuron
55384,1441,Excitatory_Neuron
55385,1433,Excitatory_Neuron
55386,1441,Excitatory_Neuron
55387,1433,Excitatory_Neuron
55388,1434,Excitatory_Neuron
55389,1455,Excitatory_Neuron
55390,1486,Excitatory_Neuron
55391,1430,unassigned
55392,1430,unassigned
55393,1463,Excitatory_Neuron
55394,1430,unassigned
55395,1456,Excitatory_Neuron
55396,1435,Excitatory_Neuron
55397,1440,Excitatory_Neuron
55398,1487,Astro-Epen
55399,1430,unassigned
55400,1437,Excitatory_Neuron
55401,1451,Astro-Epen
55402,1438,GABA_Neuron
55403,1455,Excitatory_Neuron
55404,1430,unassigned
55405,1430,unassigned
55406,1430,unassigned
55407,1468,Excitatory_Neuron
55408,1456,Excitatory_Neuron
55409,1456,Excitatory_Neuron
55410,1459,Excitatory_Neuron
55411,1459,Excitatory_Neuron
55412,1475,Excitatory_Neuron
55413,1437,Excitatory_Neuron
55414,1437,Excitatory_Neuron
55415,1437,Excitatory_Neuron
55416,1442,Excitatory_Neuron
55417,1434,Excitatory_Neuron
55418,1461,Excitatory_Neuron
55419,1442,Excitatory_Neuron
55420,1455,Excitatory_Neuron
55421,1438,GABA_Neuron
55422,1443,Excitatory_Neuron
55423,1483,Excitatory_Neuron
55424,1430,unassigned
55425,1430,unassigned
55426,1445,Excitatory_Neuron
55427,1456,Excitatory_Neuron
55428,1499,unassigned
55429,1429,Excitatory_Neuron
55430,1429,Excitatory_Neuron
55431,1459,Excitatory_Neuron
55432,1493,Excitatory_Neuron
55433,1433,Excitatory_Neuron
55434,1487,Astro-Epen
55435,1476,Excitatory_Neuron
55436,1476,Excitatory_Neuron
55437,1433,Excitatory_Neuron
55438,1441,Excitatory_Neuron
55439,1441,Excitatory_Neuron
55440,1455,Excitatory_Neuron
55441,1443,Excitatory_Neuron
55442,1462,Excitatory_Neuron
55443,1445,Excitatory_Neuron
55444,1445,Excitatory_Neuron
55445,1430,unassigned
55446,1467,Excitatory_Neuron
55447,1435,Excitatory_Neuron
55448,1499,unassigned
55449,1459,Excitatory_Neuron
55450,1435,Excitatory_Neuron
55451,1435,Excitatory_Neuron
55452,1498,Excitatory_Neuron
55453,1459,Excitatory_Neuron
55454,1440,Excitatory_Neuron
55455,1476,Excitatory_Neuron
55456,1441,Excitatory_Neuron
55457,1430,unassigned
55458,1437,Excitatory_Neuron
55459,1472,Excitatory_Neuron
55460,1442,Excitatory_Neuron
55461,1442,Excitatory_Neuron
55462,1483,Excitatory_Neuron
55463,1468,Excitatory_Neuron
55464,1456,Excitatory_Neuron
55465,1456,Excitatory_Neuron
55466,1484,Excitatory_Neuron
55467,1440,Excitatory_Neuron
55468,1459,Excitatory_Neuron
55469,1459,Excitatory_Neuron
55470,1441,Excitatory_Neuron
55471,1433,Excitatory_Neuron
55472,1475,Excitatory_Neuron
55473,1442,Excitatory_Neuron
55474,1442,Excitatory_Neuron
55475,1451,Astro-Epen
55476,1438,GABA_Neuron
55477,1486,Excitatory_Neuron
55478,1479,Excitatory_Neuron
55479,1443,Excitatory_Neuron
55480,1430,unassigned
55481,1463,Excitatory_Neuron
55482,1483,Excitatory_Neuron
55483,1463,Excitatory_Neuron
55484,1483,Excitatory_Neuron
55485,1483,Excitatory_Neuron
55486,1497,Excitatory_Neuron
55487,1456,Excitatory_Neuron
55488,1499,unassigned
55489,1459,Excitatory_Neuron
55490,1459,Excitatory_Neuron
55491,1487,Astro-Epen
55492,1430,unassigned
55493,1495,Excitatory_Neuron
55494,1433,Excitatory_Neuron
55495,1475,Excitatory_Neuron
55496,1430,unassigned
55497,1442,Excitatory_Neuron
55498,1472,Excitatory_Neuron
55499,1472,Excitatory_Neuron
55500,1472,Excitatory_Neuron
55501,1430,unassigned
55502,1430,unassigned
55503,1468,Excitatory_Neuron
55504,1447,Excitatory_Neuron
55505,1440,Excitatory_Neuron
55506,1484,Excitatory_Neuron
55507,1498,Excitatory_Neuron
55508,1429,Excitatory_Neuron
55509,1476,Excitatory_Neuron
55510,1441,Excitatory_Neuron
55511,1433,Excitatory_Neuron
55512,1441,Excitatory_Neuron
55513,1433,Excitatory_Neuron
55514,1441,Excitatory_Neuron
55515,1437,Excitatory_Neuron
55516,1438,GABA_Neuron
55517,1434,Excitatory_Neuron
55518,1461,Excitatory_Neuron
55519,1486,Excitatory_Neuron
55520,1462,Excitatory_Neuron
55521,1430,unassigned
55522,1430,unassigned
55523,1445,Excitatory_Neuron
55524,1489,Immune
55525,1456,Excitatory_Neuron
55526,1484,Excitatory_Neuron
55527,1435,Excitatory_Neuron
55528,1440,Excitatory_Neuron
55529,1459,Excitatory_Neuron
55530,1459,Excitatory_Neuron
55531,1440,Excitatory_Neuron
55532,1441,Excitatory_Neuron
55533,1441,Excitatory_Neuron
55534,1430,unassigned
55535,1433,Excitatory_Neuron
55536,1433,Excitatory_Neuron
55537,1430,unassigned
55538,1442,Excitatory_Neuron
55539,1473,Excitatory_Neuron
55540,1496,Excitatory_Neuron
55541,1472,Excitatory_Neuron
55542,1455,Excitatory_Neuron
55543,1472,Excitatory_Neuron
55544,1479,Excitatory_Neuron
55545,1430,unassigned
55546,1430,unassigned
55547,1483,Excitatory_Neuron
55548,1489,Immune
55549,1474,unassigned
55550,1468,Excitatory_Neuron
55551,1447,Excitatory_Neuron
55552,1456,Excitatory_Neuron
55553,1440,Excitatory_Neuron
55554,1440,Excitatory_Neuron
55555,1459,Excitatory_Neuron
55556,1430,unassigned
55557,1459,Excitatory_Neuron
55558,1493,Excitatory_Neuron
55559,1495,Excitatory_Neuron
55560,1441,Excitatory_Neuron
55561,1433,Excitatory_Neuron
55562,1441,Excitatory_Neuron
55563,1434,Excitatory_Neuron
55564,1430,unassigned
55565,1442,Excitatory_Neuron
55566,1451,Astro-Epen
55567,1483,Excitatory_Neuron
55568,1483,Excitatory_Neuron
55569,1463,Excitatory_Neuron
55570,1483,Excitatory_Neuron
55571,1490,Immune
55572,1445,Excitatory_Neuron
55573,1467,Excitatory_Neuron
55574,1468,Excitatory_Neuron
55575,1456,Excitatory_Neuron
55576,1484,Excitatory_Neuron
55577,1440,Excitatory_Neuron
55578,1440,Excitatory_Neuron
55579,1459,Excitatory_Neuron
55580,1487,Astro-Epen
55581,1487,Astro-Epen
55582,1441,Excitatory_Neuron
55583,1433,Excitatory_Neuron
55584,1430,unassigned
55585,1433,Excitatory_Neuron
55586,1476,Excitatory_Neuron
55587,1433,Excitatory_Neuron
55588,1437,Excitatory_Neuron
55589,1437,Excitatory_Neuron
55590,1434,Excitatory_Neuron
55591,1496,Excitatory_Neuron
55592,1472,Excitatory_Neuron
55593,1461,Excitatory_Neuron
55594,1461,Excitatory_Neuron
55595,1430,unassigned
55596,1430,unassigned
55597,1483,Excitatory_Neuron
55598,1463,Excitatory_Neuron
55599,1445,Excitatory_Neuron
55600,1483,Excitatory_Neuron
55601,1447,Excitatory_Neuron
55602,1435,Excitatory_Neuron
55603,1440,Excitatory_Neuron
55604,1484,Excitatory_Neuron
55605,1493,Excitatory_Neuron
55606,1476,Excitatory_Neuron
55607,1440,Excitatory_Neuron
55608,1433,Excitatory_Neuron
55609,1441,Excitatory_Neuron
55610,1475,Excitatory_Neuron
55611,1451,Astro-Epen
55612,1461,Excitatory_Neuron
55613,1430,unassigned
55614,1473,Excitatory_Neuron
55615,1473,Excitatory_Neuron
55616,1438,GABA_Neuron
55617,1461,Excitatory_Neuron
55618,1443,Excitatory_Neuron
55619,1443,Excitatory_Neuron
55620,1430,unassigned
55621,1500,unassigned
55622,1447,Excitatory_Neuron
55623,1431,unassigned
55624,1448,Excitatory_Neuron
55625,1440,Excitatory_Neuron
55626,1459,Excitatory_Neuron
55627,1476,Excitatory_Neuron
55628,1476,Excitatory_Neuron
55629,1441,Excitatory_Neuron
55630,1487,Astro-Epen
55631,1441,Excitatory_Neuron
55632,1475,Excitatory_Neuron
55633,1451,Astro-Epen
55634,1473,Excitatory_Neuron
55635,1461,Excitatory_Neuron
55636,1496,Excitatory_Neuron
55637,1472,Excitatory_Neuron
55638,1455,Excitatory_Neuron
55639,1443,Excitatory_Neuron
55640,1430,unassigned
55641,1463,Excitatory_Neuron
55642,1497,Excitatory_Neuron
55643,1464,unassigned
55644,1456,Excitatory_Neuron
55645,1440,Excitatory_Neuron
55646,1435,Excitatory_Neuron
55647,1429,Excitatory_Neuron
55648,1440,Excitatory_Neuron
55649,1440,Excitatory_Neuron
55650,1487,Astro-Epen
55651,1441,Excitatory_Neuron
55652,1441,Excitatory_Neuron
55653,1433,Excitatory_Neuron
55654,1433,Excitatory_Neuron
55655,1441,Excitatory_Neuron
55656,1434,Excitatory_Neuron
55657,1486,Excitatory_Neuron
55658,1461,Excitatory_Neuron
55659,1463,Excitatory_Neuron
55660,1445,Excitatory_Neuron
55661,1489,Immune
55662,1489,Immune
55663,1430,unassigned
55664,1464,unassigned
55665,1456,Excitatory_Neuron
55666,1459,Excitatory_Neuron
55667,1429,Excitatory_Neuron
55668,1459,Excitatory_Neuron
55669,1459,Excitatory_Neuron
55670,1440,Excitatory_Neuron
55671,1459,Excitatory_Neuron
55672,1441,Excitatory_Neuron
55673,1493,Excitatory_Neuron
55674,1433,Excitatory_Neuron
55675,1475,Excitatory_Neuron
55676,1434,Excitatory_Neuron
55677,1451,Astro-Epen
55678,1442,Excitatory_Neuron
55679,1473,Excitatory_Neuron
55680,1473,Excitatory_Neuron
55681,1472,Excitatory_Neuron
55682,1473,Excitatory_Neuron
55683,1461,Excitatory_Neuron
55684,1455,Excitatory_Neuron
55685,1472,Excitatory_Neuron
55686,1483,Excitatory_Neuron
55687,1483,Excitatory_Neuron
55688,1483,Excitatory_Neuron
55689,1483,Excitatory_Neuron
55690,1463,Excitatory_Neuron
55691,1445,Excitatory_Neuron
55692,1467,Excitatory_Neuron
55693,1467,Excitatory_Neuron
55694,1489,Immune
55695,1430,unassigned
55696,1456,Excitatory_Neuron
55697,1435,Excitatory_Neuron
55698,1499,unassigned
55699,1429,Excitatory_Neuron
55700,1430,unassigned
55701,1440,Excitatory_Neuron
55702,1498,Excitatory_Neuron
55703,1498,Excitatory_Neuron
55704,1440,Excitatory_Neuron
55705,1498,Excitatory_Neuron
55706,1441,Excitatory_Neuron
55707,1429,Excitatory_Neuron
55708,1441,Excitatory_Neuron
55709,1441,Excitatory_Neuron
55710,1475,Excitatory_Neuron
55711,1443,Excitatory_Neuron
55712,1430,unassigned
55713,1430,unassigned
55714,1463,Excitatory_Neuron
55715,1456,Excitatory_Neuron
55716,1447,Excitatory_Neuron
55717,1484,Excitatory_Neuron
55718,1487,Astro-Epen
55719,1430,unassigned
55720,1433,Excitatory_Neuron
55721,1441,Excitatory_Neuron
55722,1438,GABA_Neuron
55723,1455,Excitatory_Neuron
55724,1438,GABA_Neuron
55725,1473,Excitatory_Neuron
55726,1430,unassigned
55727,1430,unassigned
55728,1468,Excitatory_Neuron
55729,1501,unassigned
55730,1456,Excitatory_Neuron
55731,1456,Excitatory_Neuron
55732,1456,Excitatory_Neuron
55733,1459,Excitatory_Neuron
55734,1430,unassigned
55735,1459,Excitatory_Neuron
55736,1459,Excitatory_Neuron
55737,1487,Astro-Epen
55738,1459,Excitatory_Neuron
55739,1429,Excitatory_Neuron
55740,1476,Excitatory_Neuron
55741,1433,Excitatory_Neuron
55742,1441,Excitatory_Neuron
55743,1451,Astro-Epen
55744,1486,Excitatory_Neuron
55745,1473,Excitatory_Neuron
55746,1472,Excitatory_Neuron
55747,1479,Excitatory_Neuron
55748,1472,Excitatory_Neuron
55749,1490,Immune
55750,1490,Immune
55751,1430,unassigned
55752,1501,unassigned
55753,1456,Excitatory_Neuron
55754,1435,Excitatory_Neuron
55755,1484,Excitatory_Neuron
55756,1459,Excitatory_Neuron
55757,1459,Excitatory_Neuron
55758,1459,Excitatory_Neuron
55759,1498,Excitatory_Neuron
55760,1493,Excitatory_Neuron
55761,1498,Excitatory_Neuron
55762,1493,Excitatory_Neuron
55763,1429,Excitatory_Neuron
55764,1441,Excitatory_Neuron
55765,1440,Excitatory_Neuron
55766,1475,Excitatory_Neuron
55767,1441,Excitatory_Neuron
55768,1473,Excitatory_Neuron
55769,1472,Excitatory_Neuron
55770,1486,Excitatory_Neuron
55771,1486,Excitatory_Neuron
55772,1430,unassigned
55773,1462,Excitatory_Neuron
55774,1483,Excitatory_Neuron
55775,1445,Excitatory_Neuron
55776,1501,unassigned
55777,1482,unassigned
55778,1456,Excitatory_Neuron
55779,1456,Excitatory_Neuron
55780,1448,Excitatory_Neuron
55781,1440,Excitatory_Neuron
55782,1440,Excitatory_Neuron
55783,1484,Excitatory_Neuron
55784,1484,Excitatory_Neuron
55785,1440,Excitatory_Neuron
55786,1459,Excitatory_Neuron
55787,1441,Excitatory_Neuron
55788,1434,Excitatory_Neuron
55789,1442,Excitatory_Neuron
55790,1479,Excitatory_Neuron
55791,1473,Excitatory_Neuron
55792,1472,Excitatory_Neuron
55793,1463,Excitatory_Neuron
55794,1463,Excitatory_Neuron
55795,1467,Excitatory_Neuron
55796,1447,Excitatory_Neuron
55797,1459,Excitatory_Neuron
55798,1476,Excitatory_Neuron
55799,1433,Excitatory_Neuron
55800,1495,Excitatory_Neuron
55801,1495,Excitatory_Neuron
55802,1430,unassigned
55803,1442,Excitatory_Neuron
55804,1442,Excitatory_Neuron
55805,1442,Excitatory_Neuron
55806,1479,Excitatory_Neuron
55807,1483,Excitatory_Neuron
55808,1484,Excitatory_Neuron
55809,1440,Excitatory_Neuron
55810,1484,Excitatory_Neuron
55811,1498,Excitatory_Neuron
55812,1459,Excitatory_Neuron
55813,1429,Excitatory_Neuron
55814,1459,Excitatory_Neuron
55815,1441,Excitatory_Neuron
55816,1434,Excitatory_Neuron
55817,1437,Excitatory_Neuron
55818,1438,GABA_Neuron
55819,1438,GABA_Neuron
55820,1430,unassigned
55821,1430,unassigned
55822,1483,Excitatory_Neuron
55823,1463,Excitatory_Neuron
55824,1443,Excitatory_Neuron
55825,1489,Immune
55826,1440,Excitatory_Neuron
55827,1440,Excitatory_Neuron
55828,1484,Excitatory_Neuron
55829,1430,unassigned
55830,1440,Excitatory_Neuron
55831,1498,Excitatory_Neuron
55832,1459,Excitatory_Neuron
55833,1476,Excitatory_Neuron
55834,1430,unassigned
55835,1441,Excitatory_Neuron
55836,1430,unassigned
55837,1475,Excitatory_Neuron
55838,1442,Excitatory_Neuron
55839,1451,Astro-Epen
55840,1455,Excitatory_Neuron
55841,1479,Excitatory_Neuron
55842,1430,unassigned
55843,1462,Excitatory_Neuron
55844,1483,Excitatory_Neuron
55845,1445,Excitatory_Neuron
55846,1445,Excitatory_Neuron
55847,1467,Excitatory_Neuron
55848,1467,Excitatory_Neuron
55849,1456,Excitatory_Neuron
55850,1440,Excitatory_Neuron
55851,1440,Excitatory_Neuron
55852,1435,Excitatory_Neuron
55853,1484,Excitatory_Neuron
55854,1498,Excitatory_Neuron
55855,1430,unassigned
55856,1440,Excitatory_Neuron
55857,1441,Excitatory_Neuron
55858,1430,unassigned
55859,1437,Excitatory_Neuron
55860,1455,Excitatory_Neuron
55861,1443,Excitatory_Neuron
55862,1468,Excitatory_Neuron
55863,1467,Excitatory_Neuron
55864,1435,Excitatory_Neuron
55865,1440,Excitatory_Neuron
55866,1459,Excitatory_Neuron
55867,1437,Excitatory_Neuron
55868,1437,Excitatory_Neuron
55869,1437,Excitatory_Neuron
55870,1434,Excitatory_Neuron
55871,1437,Excitatory_Neuron
55872,1442,Excitatory_Neuron
55873,1434,Excitatory_Neuron
55874,1430,unassigned
55875,1430,unassigned
55876,1430,unassigned
55877,1443,Excitatory_Neuron
55878,1430,unassigned
55879,1483,Excitatory_Neuron
55880,1483,Excitatory_Neuron
55881,1497,Excitatory_Neuron
55882,1467,Excitatory_Neuron
55883,1456,Excitatory_Neuron
55884,1440,Excitatory_Neuron
55885,1459,Excitatory_Neuron
55886,1459,Excitatory_Neuron
55887,1459,Excitatory_Neuron
55888,1433,Excitatory_Neuron
55889,1441,Excitatory_Neuron
55890,1437,Excitatory_Neuron
55891,1475,Excitatory_Neuron
55892,1475,Excitatory_Neuron
55893,1475,Excitatory_Neuron
55894,1442,Excitatory_Neuron
55895,1455,Excitatory_Neuron
55896,1479,Excitatory_Neuron
55897,1483,Excitatory_Neuron
55898,1430,unassigned
55899,1494,unassigned
55900,1456,Excitatory_Neuron
55901,1435,Excitatory_Neuron
55902,1456,Excitatory_Neuron
55903,1484,Excitatory_Neuron
55904,1484,Excitatory_Neuron
55905,1459,Excitatory_Neuron
55906,1459,Excitatory_Neuron
55907,1498,Excitatory_Neuron
55908,1430,unassigned
55909,1433,Excitatory_Neuron
55910,1430,unassigned
55911,1461,Excitatory_Neuron
55912,1473,Excitatory_Neuron
55913,1502,unassigned
55914,1479,Excitatory_Neuron
55915,1438,GABA_Neuron
55916,1443,Excitatory_Neuron
55917,1489,Immune
55918,1484,Excitatory_Neuron
55919,1440,Excitatory_Neuron
55920,1429,Excitatory_Neuron
55921,1440,Excitatory_Neuron
55922,1459,Excitatory_Neuron
55923,1429,Excitatory_Neuron
55924,1433,Excitatory_Neuron
55925,1433,Excitatory_Neuron
55926,1437,Excitatory_Neuron
55927,1475,Excitatory_Neuron
55928,1461,Excitatory_Neuron
55929,1434,Excitatory_Neuron
55930,1455,Excitatory_Neuron
55931,1430,unassigned
55932,1443,Excitatory_Neuron
55933,1503,Immune
55934,1467,Excitatory_Neuron
55935,1489,Immune
55936,1456,Excitatory_Neuron
55937,1440,Excitatory_Neuron
55938,1440,Excitatory_Neuron
55939,1459,Excitatory_Neuron
55940,1440,Excitatory_Neuron
55941,1459,Excitatory_Neuron
55942,1441,Excitatory_Neuron
55943,1433,Excitatory_Neuron
55944,1441,Excitatory_Neuron
55945,1442,Excitatory_Neuron
55946,1475,Excitatory_Neuron
55947,1475,Excitatory_Neuron
55948,1479,Excitatory_Neuron
55949,1438,GABA_Neuron
55950,1461,Excitatory_Neuron
55951,1483,Excitatory_Neuron
55952,1483,Excitatory_Neuron
55953,1430,unassigned
55954,1430,unassigned
55955,1445,Excitatory_Neuron
55956,1445,Excitatory_Neuron
55957,1489,Immune
55958,1430,unassigned
55959,1456,Excitatory_Neuron
55960,1435,Excitatory_Neuron
55961,1459,Excitatory_Neuron
55962,1484,Excitatory_Neuron
55963,1429,Excitatory_Neuron
55964,1440,Excitatory_Neuron
55965,1493,Excitatory_Neuron
55966,1433,Excitatory_Neuron
55967,1495,Excitatory_Neuron
55968,1441,Excitatory_Neuron
55969,1442,Excitatory_Neuron
55970,1442,Excitatory_Neuron
55971,1438,GABA_Neuron
55972,1472,Excitatory_Neuron
55973,1483,Excitatory_Neuron
55974,1483,Excitatory_Neuron
55975,1430,unassigned
55976,1430,unassigned
55977,1462,Excitatory_Neuron
55978,1497,Excitatory_Neuron
55979,1445,Excitatory_Neuron
55980,1497,Excitatory_Neuron
55981,1447,Excitatory_Neuron
55982,1484,Excitatory_Neuron
55983,1459,Excitatory_Neuron
55984,1459,Excitatory_Neuron
55985,1487,Astro-Epen
55986,1493,Excitatory_Neuron
55987,1476,Excitatory_Neuron
55988,1495,Excitatory_Neuron
55989,1442,Excitatory_Neuron
55990,1479,Excitatory_Neuron
55991,1473,Excitatory_Neuron
55992,1496,Excitatory_Neuron
55993,1430,unassigned
55994,1497,Excitatory_Neuron
55995,1467,Excitatory_Neuron
55996,1468,Excitatory_Neuron
55997,1501,unassigned
55998,1501,unassigned
55999,1456,Excitatory_Neuron
56000,1448,Excitatory_Neuron
56001,1459,Excitatory_Neuron
56002,1459,Excitatory_Neuron
56003,1440,Excitatory_Neuron
56004,1429,Excitatory_Neuron
56005,1459,Excitatory_Neuron
56006,1498,Excitatory_Neuron
56007,1495,Excitatory_Neuron
56008,1433,Excitatory_Neuron
56009,1437,Excitatory_Neuron
56010,1437,Excitatory_Neuron
56011,1437,Excitatory_Neuron
56012,1441,Excitatory_Neuron
56013,1441,Excitatory_Neuron
56014,1437,Excitatory_Neuron
56015,1434,Excitatory_Neuron
56016,1486,Excitatory_Neuron
56017,1462,Excitatory_Neuron
56018,1463,Excitatory_Neuron
56019,1467,Excitatory_Neuron
56020,1430,unassigned
56021,1435,Excitatory_Neuron
56022,1484,Excitatory_Neuron
56023,1484,Excitatory_Neuron
56024,1484,Excitatory_Neuron
56025,1440,Excitatory_Neuron
56026,1459,Excitatory_Neuron
56027,1429,Excitatory_Neuron
56028,1440,Excitatory_Neuron
56029,1440,Excitatory_Neuron
56030,1487,Astro-Epen
56031,1430,unassigned
56032,1441,Excitatory_Neuron
56033,1441,Excitatory_Neuron
56034,1433,Excitatory_Neuron
56035,1495,Excitatory_Neuron
56036,1442,Excitatory_Neuron
56037,1455,Excitatory_Neuron
56038,1455,Excitatory_Neuron
56039,1479,Excitatory_Neuron
56040,1455,Excitatory_Neuron
56041,1472,Excitatory_Neuron
56042,1496,Excitatory_Neuron
56043,1430,unassigned
56044,1444,Excitatory_Neuron
56045,1445,Excitatory_Neuron
56046,1445,Excitatory_Neuron
56047,1430,unassigned
56048,1456,Excitatory_Neuron
56049,1456,Excitatory_Neuron
56050,1456,Excitatory_Neuron
56051,1435,Excitatory_Neuron
56052,1447,Excitatory_Neuron
56053,1484,Excitatory_Neuron
56054,1429,Excitatory_Neuron
56055,1459,Excitatory_Neuron
56056,1504,unassigned
56057,1498,Excitatory_Neuron
56058,1498,Excitatory_Neuron
56059,1493,Excitatory_Neuron
56060,1441,Excitatory_Neuron
56061,1437,Excitatory_Neuron
56062,1437,Excitatory_Neuron
56063,1496,Excitatory_Neuron
56064,1430,unassigned
56065,1500,unassigned
56066,1447,Excitatory_Neuron
56067,1435,Excitatory_Neuron
56068,1484,Excitatory_Neuron
56069,1484,Excitatory_Neuron
56070,1435,Excitatory_Neuron
56071,1429,Excitatory_Neuron
56072,1440,Excitatory_Neuron
56073,1441,Excitatory_Neuron
56074,1433,Excitatory_Neuron
56075,1495,Excitatory_Neuron
56076,1441,Excitatory_Neuron
56077,1475,Excitatory_Neuron
56078,1437,Excitatory_Neuron
56079,1455,Excitatory_Neuron
56080,1438,GABA_Neuron
56081,1486,Excitatory_Neuron
56082,1430,unassigned
56083,1486,Excitatory_Neuron
56084,1467,Excitatory_Neuron
56085,1489,Immune
56086,1505,unassigned
56087,1456,Excitatory_Neuron
56088,1456,Excitatory_Neuron
56089,1459,Excitatory_Neuron
56090,1493,Excitatory_Neuron
56091,1493,Excitatory_Neuron
56092,1475,Excitatory_Neuron
56093,1475,Excitatory_Neuron
56094,1437,Excitatory_Neuron
56095,1475,Excitatory_Neuron
56096,1475,Excitatory_Neuron
56097,1437,Excitatory_Neuron
56098,1442,Excitatory_Neuron
56099,1442,Excitatory_Neuron
56100,1455,Excitatory_Neuron
56101,1430,unassigned
56102,1463,Excitatory_Neuron
56103,1463,Excitatory_Neuron
56104,1467,Excitatory_Neuron
56105,1500,unassigned
56106,1456,Excitatory_Neuron
56107,1494,unassigned
56108,1456,Excitatory_Neuron
56109,1456,Excitatory_Neuron
56110,1430,unassigned
56111,1484,Excitatory_Neuron
56112,1484,Excitatory_Neuron
56113,1495,Excitatory_Neuron
56114,1495,Excitatory_Neuron
56115,1442,Excitatory_Neuron
56116,1442,Excitatory_Neuron
56117,1430,unassigned
56118,1442,Excitatory_Neuron
56119,1451,Astro-Epen
56120,1455,Excitatory_Neuron
56121,1483,Excitatory_Neuron
56122,1463,Excitatory_Neuron
56123,1467,Excitatory_Neuron
56124,1468,Excitatory_Neuron
56125,1467,Excitatory_Neuron
56126,1489,Immune
56127,1501,unassigned
56128,1448,Excitatory_Neuron
56129,1499,unassigned
56130,1440,Excitatory_Neuron
56131,1484,Excitatory_Neuron
56132,1484,Excitatory_Neuron
56133,1459,Excitatory_Neuron
56134,1493,Excitatory_Neuron
56135,1441,Excitatory_Neuron
56136,1433,Excitatory_Neuron
56137,1437,Excitatory_Neuron
56138,1475,Excitatory_Neuron
56139,1479,Excitatory_Neuron
56140,1486,Excitatory_Neuron
56141,1430,unassigned
56142,1430,unassigned
56143,1500,unassigned
56144,1456,Excitatory_Neuron
56145,1456,Excitatory_Neuron
56146,1440,Excitatory_Neuron
56147,1484,Excitatory_Neuron
56148,1440,Excitatory_Neuron
56149,1493,Excitatory_Neuron
56150,1429,Excitatory_Neuron
56151,1442,Excitatory_Neuron
56152,1437,Excitatory_Neuron
56153,1496,Excitatory_Neuron
56154,1473,Excitatory_Neuron
56155,1430,unassigned
56156,1503,Immune
56157,1463,Excitatory_Neuron
56158,1459,Excitatory_Neuron
56159,1429,Excitatory_Neuron
56160,1484,Excitatory_Neuron
56161,1498,Excitatory_Neuron
56162,1440,Excitatory_Neuron
56163,1495,Excitatory_Neuron
56164,1495,Excitatory_Neuron
56165,1438,GABA_Neuron
56166,1472,Excitatory_Neuron
56167,1463,Excitatory_Neuron
56168,1444,Excitatory_Neuron
56169,1445,Excitatory_Neuron
56170,1467,Excitatory_Neuron
56171,1497,Excitatory_Neuron
56172,1456,Excitatory_Neuron
56173,1447,Excitatory_Neuron
56174,1484,Excitatory_Neuron
56175,1429,Excitatory_Neuron
56176,1487,Astro-Epen
56177,1441,Excitatory_Neuron
56178,1433,Excitatory_Neuron
56179,1434,Excitatory_Neuron
56180,1434,Excitatory_Neuron
56181,1437,Excitatory_Neuron
56182,1451,Astro-Epen
56183,1437,Excitatory_Neuron
56184,1486,Excitatory_Neuron
56185,1438,GABA_Neuron
56186,1472,Excitatory_Neuron
56187,1479,Excitatory_Neuron
56188,1483,Excitatory_Neuron
56189,1463,Excitatory_Neuron
56190,1445,Excitatory_Neuron
56191,1445,Excitatory_Neuron
56192,1430,unassigned
56193,1468,Excitatory_Neuron
56194,1500,unassigned
56195,1447,Excitatory_Neuron
56196,1499,unassigned
56197,1435,Excitatory_Neuron
56198,1459,Excitatory_Neuron
56199,1429,Excitatory_Neuron
56200,1459,Excitatory_Neuron
56201,1459,Excitatory_Neuron
56202,1459,Excitatory_Neuron
56203,1429,Excitatory_Neuron
56204,1487,Astro-Epen
56205,1495,Excitatory_Neuron
56206,1433,Excitatory_Neuron
56207,1475,Excitatory_Neuron
56208,1437,Excitatory_Neuron
56209,1434,Excitatory_Neuron
56210,1437,Excitatory_Neuron
56211,1430,unassigned
56212,1442,Excitatory_Neuron
56213,1443,Excitatory_Neuron
56214,1443,Excitatory_Neuron
56215,1483,Excitatory_Neuron
56216,1456,Excitatory_Neuron
56217,1448,Excitatory_Neuron
56218,1499,unassigned
56219,1459,Excitatory_Neuron
56220,1440,Excitatory_Neuron
56221,1441,Excitatory_Neuron
56222,1493,Excitatory_Neuron
56223,1430,unassigned
56224,1434,Excitatory_Neuron
56225,1430,unassigned
56226,1455,Excitatory_Neuron
56227,1483,Excitatory_Neuron
56228,1468,Excitatory_Neuron
56229,1447,Excitatory_Neuron
56230,1430,unassigned
56231,1435,Excitatory_Neuron
56232,1484,Excitatory_Neuron
56233,1484,Excitatory_Neuron
56234,1440,Excitatory_Neuron
56235,1459,Excitatory_Neuron
56236,1459,Excitatory_Neuron
56237,1459,Excitatory_Neuron
56238,1498,Excitatory_Neuron
56239,1437,Excitatory_Neuron
56240,1437,Excitatory_Neuron
56241,1475,Excitatory_Neuron
56242,1437,Excitatory_Neuron
56243,1461,Excitatory_Neuron
56244,1479,Excitatory_Neuron
56245,1430,unassigned
56246,1489,Immune
56247,1447,Excitatory_Neuron
56248,1447,Excitatory_Neuron
56249,1456,Excitatory_Neuron
56250,1498,Excitatory_Neuron
56251,1429,Excitatory_Neuron
56252,1493,Excitatory_Neuron
56253,1433,Excitatory_Neuron
56254,1475,Excitatory_Neuron
56255,1486,Excitatory_Neuron
56256,1443,Excitatory_Neuron
56257,1443,Excitatory_Neuron
56258,1503,Immune
56259,1498,Excitatory_Neuron
56260,1487,Astro-Epen
56261,1430,unassigned
56262,1476,Excitatory_Neuron
56263,1433,Excitatory_Neuron
56264,1437,Excitatory_Neuron
56265,1441,Excitatory_Neuron
56266,1437,Excitatory_Neuron
56267,1442,Excitatory_Neuron
56268,1442,Excitatory_Neuron
56269,1473,Excitatory_Neuron
56270,1455,Excitatory_Neuron
56271,1479,Excitatory_Neuron
56272,1430,unassigned
56273,1483,Excitatory_Neuron
56274,1503,Immune
56275,1497,Excitatory_Neuron
56276,1445,Excitatory_Neuron
56277,1430,unassigned
56278,1459,Excitatory_Neuron
56279,1435,Excitatory_Neuron
56280,1435,Excitatory_Neuron
56281,1459,Excitatory_Neuron
56282,1429,Excitatory_Neuron
56283,1493,Excitatory_Neuron
56284,1493,Excitatory_Neuron
56285,1441,Excitatory_Neuron
56286,1475,Excitatory_Neuron
56287,1430,unassigned
56288,1442,Excitatory_Neuron
56289,1479,Excitatory_Neuron
56290,1496,Excitatory_Neuron
56291,1496,Excitatory_Neuron
56292,1486,Excitatory_Neuron
56293,1483,Excitatory_Neuron
56294,1489,Immune
56295,1459,Excitatory_Neuron
56296,1459,Excitatory_Neuron
56297,1459,Excitatory_Neuron
56298,1441,Excitatory_Neuron
56299,1476,Excitatory_Neuron
56300,1430,unassigned
56301,1437,Excitatory_Neuron
56302,1442,Excitatory_Neuron
56303,1430,unassigned
56304,1443,Excitatory_Neuron
56305,1443,Excitatory_Neuron
56306,1479,Excitatory_Neuron
56307,1462,Excitatory_Neuron
56308,1443,Excitatory_Neuron
56309,1467,Excitatory_Neuron
56310,1445,Excitatory_Neuron
56311,1430,unassigned
56312,1467,Excitatory_Neuron
56313,1467,Excitatory_Neuron
56314,1500,unassigned
56315,1501,unassigned
56316,1447,Excitatory_Neuron
56317,1484,Excitatory_Neuron
56318,1435,Excitatory_Neuron
56319,1498,Excitatory_Neuron
56320,1440,Excitatory_Neuron
56321,1493,Excitatory_Neuron
56322,1495,Excitatory_Neuron
56323,1430,unassigned
56324,1441,Excitatory_Neuron
56325,1475,Excitatory_Neuron
56326,1437,Excitatory_Neuron
56327,1486,Excitatory_Neuron
56328,1479,Excitatory_Neuron
56329,1463,Excitatory_Neuron
56330,1483,Excitatory_Neuron
56331,1490,Immune
56332,1494,unassigned
56333,1506,unassigned
56334,1459,Excitatory_Neuron
56335,1498,Excitatory_Neuron
56336,1429,Excitatory_Neuron
56337,1487,Astro-Epen
56338,1493,Excitatory_Neuron
56339,1459,Excitatory_Neuron
56340,1476,Excitatory_Neuron
56341,1441,Excitatory_Neuron
56342,1437,Excitatory_Neuron
56343,1442,Excitatory_Neuron
56344,1496,Excitatory_Neuron
56345,1455,Excitatory_Neuron
56346,1455,Excitatory_Neuron
56347,1463,Excitatory_Neuron
56348,1463,Excitatory_Neuron
56349,1468,Excitatory_Neuron
56350,1467,Excitatory_Neuron
56351,1467,Excitatory_Neuron
56352,1489,Immune
56353,1501,unassigned
56354,1507,unassigned
56355,1456,Excitatory_Neuron
56356,1499,unassigned
56357,1435,Excitatory_Neuron
56358,1435,Excitatory_Neuron
56359,1459,Excitatory_Neuron
56360,1498,Excitatory_Neuron
56361,1459,Excitatory_Neuron
56362,1440,Excitatory_Neuron
56363,1475,Excitatory_Neuron
56364,1433,Excitatory_Neuron
56365,1433,Excitatory_Neuron
56366,1441,Excitatory_Neuron
56367,1442,Excitatory_Neuron
56368,1451,Astro-Epen
56369,1438,GABA_Neuron
56370,1461,Excitatory_Neuron
56371,1479,Excitatory_Neuron
56372,1438,GABA_Neuron
56373,1486,Excitatory_Neuron
56374,1483,Excitatory_Neuron
56375,1430,unassigned
56376,1463,Excitatory_Neuron
56377,1445,Excitatory_Neuron
56378,1445,Excitatory_Neuron
56379,1468,Excitatory_Neuron
56380,1467,Excitatory_Neuron
56381,1459,Excitatory_Neuron
56382,1429,Excitatory_Neuron
56383,1429,Excitatory_Neuron
56384,1441,Excitatory_Neuron
56385,1442,Excitatory_Neuron
56386,1475,Excitatory_Neuron
56387,1438,GABA_Neuron
56388,1486,Excitatory_Neuron
56389,1486,Excitatory_Neuron
56390,1472,Excitatory_Neuron
56391,1443,Excitatory_Neuron
56392,1479,Excitatory_Neuron
56393,1430,unassigned
56394,1483,Excitatory_Neuron
56395,1462,Excitatory_Neuron
56396,1490,Immune
56397,1497,Excitatory_Neuron
56398,1435,Excitatory_Neuron
56399,1430,unassigned
56400,1448,Excitatory_Neuron
56401,1498,Excitatory_Neuron
56402,1440,Excitatory_Neuron
56403,1493,Excitatory_Neuron
56404,1434,Excitatory_Neuron
56405,1438,GABA_Neuron
56406,1438,GABA_Neuron
56407,1486,Excitatory_Neuron
56408,1438,GABA_Neuron
56409,1455,Excitatory_Neuron
56410,1479,Excitatory_Neuron
56411,1486,Excitatory_Neuron
56412,1430,unassigned
56413,1430,unassigned
56414,1430,unassigned
56415,1467,Excitatory_Neuron
56416,1447,Excitatory_Neuron
56417,1430,unassigned
56418,1456,Excitatory_Neuron
56419,1435,Excitatory_Neuron
56420,1498,Excitatory_Neuron
56421,1459,Excitatory_Neuron
56422,1440,Excitatory_Neuron
56423,1440,Excitatory_Neuron
56424,1476,Excitatory_Neuron
56425,1487,Astro-Epen
56426,1441,Excitatory_Neuron
56427,1441,Excitatory_Neuron
56428,1437,Excitatory_Neuron
56429,1442,Excitatory_Neuron
56430,1438,GABA_Neuron
56431,1438,GABA_Neuron
56432,1461,Excitatory_Neuron
56433,1461,Excitatory_Neuron
56434,1483,Excitatory_Neuron
56435,1430,unassigned
56436,1497,Excitatory_Neuron
56437,1430,unassigned
56438,1508,unassigned
56439,1447,Excitatory_Neuron
56440,1456,Excitatory_Neuron
56441,1435,Excitatory_Neuron
56442,1499,unassigned
56443,1459,Excitatory_Neuron
56444,1441,Excitatory_Neuron
56445,1430,unassigned
56446,1441,Excitatory_Neuron
56447,1479,Excitatory_Neuron
56448,1461,Excitatory_Neuron
56449,1486,Excitatory_Neuron
56450,1486,Excitatory_Neuron
56451,1430,unassigned
56452,1468,Excitatory_Neuron
56453,1500,unassigned
56454,1435,Excitatory_Neuron
56455,1506,unassigned
56456,1484,Excitatory_Neuron
56457,1509,Excitatory_Neuron
56458,1441,Excitatory_Neuron
56459,1476,Excitatory_Neuron
56460,1487,Astro-Epen
56461,1495,Excitatory_Neuron
56462,1437,Excitatory_Neuron
56463,1475,Excitatory_Neuron
56464,1441,Excitatory_Neuron
56465,1437,Excitatory_Neuron
56466,1430,unassigned
56467,1455,Excitatory_Neuron
56468,1472,Excitatory_Neuron
56469,1462,Excitatory_Neuron
56470,1443,Excitatory_Neuron
56471,1430,unassigned
56472,1463,Excitatory_Neuron
56473,1508,unassigned
56474,1503,Immune
56475,1468,Excitatory_Neuron
56476,1467,Excitatory_Neuron
56477,1494,unassigned
56478,1500,unassigned
56479,1501,unassigned
56480,1500,unassigned
56481,1430,unassigned
56482,1484,Excitatory_Neuron
56483,1440,Excitatory_Neuron
56484,1498,Excitatory_Neuron
56485,1441,Excitatory_Neuron
56486,1475,Excitatory_Neuron
56487,1479,Excitatory_Neuron
56488,1486,Excitatory_Neuron
56489,1486,Excitatory_Neuron
56490,1463,Excitatory_Neuron
56491,1463,Excitatory_Neuron
56492,1430,unassigned
56493,1490,Immune
56494,1490,Immune
56495,1508,unassigned
56496,1468,Excitatory_Neuron
56497,1467,Excitatory_Neuron
56498,1500,unassigned
56499,1456,Excitatory_Neuron
56500,1430,unassigned
56501,1459,Excitatory_Neuron
56502,1440,Excitatory_Neuron
56503,1429,Excitatory_Neuron
56504,1487,Astro-Epen
56505,1476,Excitatory_Neuron
56506,1441,Excitatory_Neuron
56507,1430,unassigned
56508,1442,Excitatory_Neuron
56509,1479,Excitatory_Neuron
56510,1438,GABA_Neuron
56511,1430,unassigned
56512,1443,Excitatory_Neuron
56513,1483,Excitatory_Neuron
56514,1443,Excitatory_Neuron
56515,1497,Excitatory_Neuron
56516,1489,Immune
56517,1430,unassigned
56518,1459,Excitatory_Neuron
56519,1459,Excitatory_Neuron
56520,1459,Excitatory_Neuron
56521,1441,Excitatory_Neuron
56522,1440,Excitatory_Neuron
56523,1430,unassigned
56524,1495,Excitatory_Neuron
56525,1441,Excitatory_Neuron
56526,1475,Excitatory_Neuron
56527,1475,Excitatory_Neuron
56528,1437,Excitatory_Neuron
56529,1442,Excitatory_Neuron
56530,1479,Excitatory_Neuron
56531,1455,Excitatory_Neuron
56532,1496,Excitatory_Neuron
56533,1472,Excitatory_Neuron
56534,1443,Excitatory_Neuron
56535,1443,Excitatory_Neuron
56536,1497,Excitatory_Neuron
56537,1500,unassigned
56538,1456,Excitatory_Neuron
56539,1484,Excitatory_Neuron
56540,1499,unassigned
56541,1429,Excitatory_Neuron
56542,1484,Excitatory_Neuron
56543,1498,Excitatory_Neuron
56544,1430,unassigned
56545,1442,Excitatory_Neuron
56546,1437,Excitatory_Neuron
56547,1430,unassigned
56548,1437,Excitatory_Neuron
56549,1442,Excitatory_Neuron
56550,1442,Excitatory_Neuron
56551,1479,Excitatory_Neuron
56552,1438,GABA_Neuron
56553,1430,unassigned
56554,1483,Excitatory_Neuron
56555,1443,Excitatory_Neuron
56556,1463,Excitatory_Neuron
56557,1445,Excitatory_Neuron
56558,1467,Excitatory_Neuron
56559,1468,Excitatory_Neuron
56560,1497,Excitatory_Neuron
56561,1494,unassigned
56562,1448,Excitatory_Neuron
56563,1435,Excitatory_Neuron
56564,1484,Excitatory_Neuron
56565,1440,Excitatory_Neuron
56566,1459,Excitatory_Neuron
56567,1440,Excitatory_Neuron
56568,1504,unassigned
56569,1498,Excitatory_Neuron
56570,1487,Astro-Epen
56571,1441,Excitatory_Neuron
56572,1495,Excitatory_Neuron
56573,1433,Excitatory_Neuron
56574,1430,unassigned
56575,1441,Excitatory_Neuron
56576,1475,Excitatory_Neuron
56577,1434,Excitatory_Neuron
56578,1486,Excitatory_Neuron
56579,1442,Excitatory_Neuron
56580,1479,Excitatory_Neuron
56581,1455,Excitatory_Neuron
56582,1479,Excitatory_Neuron
56583,1486,Excitatory_Neuron
56584,1483,Excitatory_Neuron
56585,1497,Excitatory_Neuron
56586,1467,Excitatory_Neuron
56587,1440,Excitatory_Neuron
56588,1430,unassigned
56589,1487,Astro-Epen
56590,1487,Astro-Epen
56591,1493,Excitatory_Neuron
56592,1430,unassigned
56593,1433,Excitatory_Neuron
56594,1430,unassigned
56595,1442,Excitatory_Neuron
56596,1486,Excitatory_Neuron
56597,1486,Excitatory_Neuron
56598,1483,Excitatory_Neuron
56599,1462,Excitatory_Neuron
56600,1467,Excitatory_Neuron
56601,1490,Immune
56602,1467,Excitatory_Neuron
56603,1430,unassigned
56604,1456,Excitatory_Neuron
56605,1456,Excitatory_Neuron
56606,1430,unassigned
56607,1459,Excitatory_Neuron
56608,1459,Excitatory_Neuron
56609,1484,Excitatory_Neuron
56610,1498,Excitatory_Neuron
56611,1429,Excitatory_Neuron
56612,1430,unassigned
56613,1442,Excitatory_Neuron
56614,1442,Excitatory_Neuron
56615,1475,Excitatory_Neuron
56616,1437,Excitatory_Neuron
56617,1442,Excitatory_Neuron
56618,1442,Excitatory_Neuron
56619,1486,Excitatory_Neuron
56620,1486,Excitatory_Neuron
56621,1479,Excitatory_Neuron
56622,1443,Excitatory_Neuron
56623,1486,Excitatory_Neuron
56624,1479,Excitatory_Neuron
56625,1430,unassigned
56626,1483,Excitatory_Neuron
56627,1447,Excitatory_Neuron
56628,1430,unassigned
56629,1435,Excitatory_Neuron
56630,1435,Excitatory_Neuron
56631,1429,Excitatory_Neuron
56632,1493,Excitatory_Neuron
56633,1430,unassigned
56634,1495,Excitatory_Neuron
56635,1430,unassigned
56636,1442,Excitatory_Neuron
56637,1434,Excitatory_Neuron
56638,1438,GABA_Neuron
56639,1486,Excitatory_Neuron
56640,1430,unassigned
56641,1443,Excitatory_Neuron
56642,1463,Excitatory_Neuron
56643,1463,Excitatory_Neuron
56644,1430,unassigned
56645,1430,unassigned
56646,1467,Excitatory_Neuron
56647,1430,unassigned
56648,1435,Excitatory_Neuron
56649,1499,unassigned
56650,1459,Excitatory_Neuron
56651,1487,Astro-Epen
56652,1430,unassigned
56653,1433,Excitatory_Neuron
56654,1437,Excitatory_Neuron
56655,1442,Excitatory_Neuron
56656,1461,Excitatory_Neuron
56657,1461,Excitatory_Neuron
56658,1461,Excitatory_Neuron
56659,1461,Excitatory_Neuron
56660,1462,Excitatory_Neuron
56661,1443,Excitatory_Neuron
56662,1483,Excitatory_Neuron
56663,1490,Immune
56664,1497,Excitatory_Neuron
56665,1467,Excitatory_Neuron
56666,1468,Excitatory_Neuron
56667,1456,Excitatory_Neuron
56668,1456,Excitatory_Neuron
56669,1499,unassigned
56670,1435,Excitatory_Neuron
56671,1484,Excitatory_Neuron
56672,1484,Excitatory_Neuron
56673,1441,Excitatory_Neuron
56674,1441,Excitatory_Neuron
56675,1441,Excitatory_Neuron
56676,1441,Excitatory_Neuron
56677,1433,Excitatory_Neuron
56678,1430,unassigned
56679,1461,Excitatory_Neuron
56680,1430,unassigned
56681,1472,Excitatory_Neuron
56682,1438,GABA_Neuron
56683,1430,unassigned
56684,1486,Excitatory_Neuron
56685,1430,unassigned
56686,1443,Excitatory_Neuron
56687,1430,unassigned
56688,1463,Excitatory_Neuron
56689,1430,unassigned
56690,1483,Excitatory_Neuron
56691,1445,Excitatory_Neuron
56692,1445,Excitatory_Neuron
56693,1467,Excitatory_Neuron
56694,1500,unassigned
56695,1459,Excitatory_Neuron
56696,1499,unassigned
56697,1484,Excitatory_Neuron
56698,1429,Excitatory_Neuron
56699,1440,Excitatory_Neuron
56700,1442,Excitatory_Neuron
56701,1442,Excitatory_Neuron
56702,1430,unassigned
56703,1442,Excitatory_Neuron
56704,1486,Excitatory_Neuron
56705,1510,unassigned
56706,1473,Excitatory_Neuron
56707,1486,Excitatory_Neuron
56708,1472,Excitatory_Neuron
56709,1462,Excitatory_Neuron
56710,1483,Excitatory_Neuron
56711,1483,Excitatory_Neuron
56712,1503,Immune
56713,1490,Immune
56714,1468,Excitatory_Neuron
56715,1467,Excitatory_Neuron
56716,1467,Excitatory_Neuron
56717,1500,unassigned
56718,1456,Excitatory_Neuron
56719,1447,Excitatory_Neuron
56720,1435,Excitatory_Neuron
56721,1484,Excitatory_Neuron
56722,1429,Excitatory_Neuron
56723,1429,Excitatory_Neuron
56724,1430,unassigned
56725,1487,Astro-Epen
56726,1430,unassigned
56727,1440,Excitatory_Neuron
56728,1487,Astro-Epen
56729,1434,Excitatory_Neuron
56730,1461,Excitatory_Neuron
56731,1486,Excitatory_Neuron
56732,1468,Excitatory_Neuron
56733,1505,unassigned
56734,1456,Excitatory_Neuron
56735,1435,Excitatory_Neuron
56736,1435,Excitatory_Neuron
56737,1459,Excitatory_Neuron
56738,1440,Excitatory_Neuron
56739,1459,Excitatory_Neuron
56740,1487,Astro-Epen
56741,1495,Excitatory_Neuron
56742,1430,unassigned
56743,1430,unassigned
56744,1441,Excitatory_Neuron
56745,1441,Excitatory_Neuron
56746,1486,Excitatory_Neuron
56747,1430,unassigned
56748,1479,Excitatory_Neuron
56749,1463,Excitatory_Neuron
56750,1430,unassigned
56751,1505,unassigned
56752,1435,Excitatory_Neuron
56753,1484,Excitatory_Neuron
56754,1459,Excitatory_Neuron
56755,1459,Excitatory_Neuron
56756,1476,Excitatory_Neuron
56757,1493,Excitatory_Neuron
56758,1430,unassigned
56759,1441,Excitatory_Neuron
56760,1475,Excitatory_Neuron
56761,1442,Excitatory_Neuron
56762,1496,Excitatory_Neuron
56763,1442,Excitatory_Neuron
56764,1479,Excitatory_Neuron
56765,1430,unassigned
56766,1430,unassigned
56767,1430,unassigned
56768,1503,Immune
56769,1497,Excitatory_Neuron
56770,1484,Excitatory_Neuron
56771,1498,Excitatory_Neuron
56772,1504,unassigned
56773,1440,Excitatory_Neuron
56774,1504,unassigned
56775,1440,Excitatory_Neuron
56776,1487,Astro-Epen
56777,1495,Excitatory_Neuron
56778,1476,Excitatory_Neuron
56779,1495,Excitatory_Neuron
56780,1430,unassigned
56781,1461,Excitatory_Neuron
56782,1438,GABA_Neuron
56783,1455,Excitatory_Neuron
56784,1483,Excitatory_Neuron
56785,1497,Excitatory_Neuron
56786,1467,Excitatory_Neuron
56787,1456,Excitatory_Neuron
56788,1447,Excitatory_Neuron
56789,1430,unassigned
56790,1498,Excitatory_Neuron
56791,1493,Excitatory_Neuron
56792,1441,Excitatory_Neuron
56793,1437,Excitatory_Neuron
56794,1442,Excitatory_Neuron
56795,1442,Excitatory_Neuron
56796,1438,GABA_Neuron
56797,1430,unassigned
56798,1443,Excitatory_Neuron
56799,1430,unassigned
56800,1463,Excitatory_Neuron
56801,1497,Excitatory_Neuron
56802,1468,Excitatory_Neuron
56803,1456,Excitatory_Neuron
56804,1500,unassigned
56805,1435,Excitatory_Neuron
56806,1459,Excitatory_Neuron
56807,1459,Excitatory_Neuron
56808,1498,Excitatory_Neuron
56809,1441,Excitatory_Neuron
56810,1437,Excitatory_Neuron
56811,1442,Excitatory_Neuron
56812,1437,Excitatory_Neuron
56813,1438,GABA_Neuron
56814,1442,Excitatory_Neuron
56815,1430,unassigned
56816,1438,GABA_Neuron
56817,1461,Excitatory_Neuron
56818,1486,Excitatory_Neuron
56819,1430,unassigned
56820,1463,Excitatory_Neuron
56821,1508,unassigned
56822,1503,Immune
56823,1505,unassigned
56824,1500,unassigned
56825,1447,Excitatory_Neuron
56826,1507,unassigned
56827,1484,Excitatory_Neuron
56828,1459,Excitatory_Neuron
56829,1459,Excitatory_Neuron
56830,1430,unassigned
56831,1441,Excitatory_Neuron
56832,1442,Excitatory_Neuron
56833,1442,Excitatory_Neuron
56834,1442,Excitatory_Neuron
56835,1442,Excitatory_Neuron
56836,1455,Excitatory_Neuron
56837,1496,Excitatory_Neuron
56838,1438,GABA_Neuron
56839,1443,Excitatory_Neuron
56840,1462,Excitatory_Neuron
56841,1490,Immune
56842,1430,unassigned
56843,1435,Excitatory_Neuron
56844,1440,Excitatory_Neuron
56845,1459,Excitatory_Neuron
56846,1440,Excitatory_Neuron
56847,1440,Excitatory_Neuron
56848,1487,Astro-Epen
56849,1441,Excitatory_Neuron
56850,1434,Excitatory_Neuron
56851,1434,Excitatory_Neuron
56852,1437,Excitatory_Neuron
56853,1438,GABA_Neuron
56854,1496,Excitatory_Neuron
56855,1486,Excitatory_Neuron
56856,1430,unassigned
56857,1430,unassigned
56858,1443,Excitatory_Neuron
56859,1483,Excitatory_Neuron
56860,1430,unassigned
56861,1430,unassigned
56862,1508,unassigned
56863,1467,Excitatory_Neuron
56864,1456,Excitatory_Neuron
56865,1456,Excitatory_Neuron
56866,1456,Excitatory_Neuron
56867,1494,unassigned
56868,1447,Excitatory_Neuron
56869,1435,Excitatory_Neuron
56870,1459,Excitatory_Neuron
56871,1429,Excitatory_Neuron
56872,1441,Excitatory_Neuron
56873,1441,Excitatory_Neuron
56874,1495,Excitatory_Neuron
56875,1441,Excitatory_Neuron
56876,1441,Excitatory_Neuron
56877,1430,unassigned
56878,1442,Excitatory_Neuron
56879,1438,GABA_Neuron
56880,1438,GABA_Neuron
56881,1442,Excitatory_Neuron
56882,1430,unassigned
56883,1472,Excitatory_Neuron
56884,1430,unassigned
56885,1462,Excitatory_Neuron
56886,1463,Excitatory_Neuron
56887,1483,Excitatory_Neuron
56888,1467,Excitatory_Neuron
56889,1430,unassigned
56890,1456,Excitatory_Neuron
56891,1440,Excitatory_Neuron
56892,1484,Excitatory_Neuron
56893,1504,unassigned
56894,1429,Excitatory_Neuron
56895,1487,Astro-Epen
56896,1487,Astro-Epen
56897,1495,Excitatory_Neuron
56898,1437,Excitatory_Neuron
56899,1475,Excitatory_Neuron
56900,1438,GABA_Neuron
56901,1496,Excitatory_Neuron
56902,1430,unassigned
56903,1430,unassigned
56904,1443,Excitatory_Neuron
56905,1490,Immune
56906,1456,Excitatory_Neuron
56907,1430,unassigned
56908,1459,Excitatory_Neuron
56909,1484,Excitatory_Neuron
56910,1498,Excitatory_Neuron
56911,1476,Excitatory_Neuron
56912,1430,unassigned
56913,1475,Excitatory_Neuron
56914,1441,Excitatory_Neuron
56915,1437,Excitatory_Neuron
56916,1434,Excitatory_Neuron
56917,1510,unassigned
56918,1455,Excitatory_Neuron
56919,1443,Excitatory_Neuron
56920,1483,Excitatory_Neuron
56921,1503,Immune
56922,1463,Excitatory_Neuron
56923,1508,unassigned
56924,1430,unassigned
56925,1505,unassigned
56926,1499,unassigned
56927,1440,Excitatory_Neuron
56928,1430,unassigned
56929,1440,Excitatory_Neuron
56930,1440,Excitatory_Neuron
56931,1459,Excitatory_Neuron
56932,1429,Excitatory_Neuron
56933,1487,Astro-Epen
56934,1430,unassigned
56935,1441,Excitatory_Neuron
56936,1495,Excitatory_Neuron
56937,1442,Excitatory_Neuron
56938,1437,Excitatory_Neuron
56939,1461,Excitatory_Neuron
56940,1510,unassigned
56941,1461,Excitatory_Neuron
56942,1463,Excitatory_Neuron
56943,1430,unassigned
56944,1430,unassigned
56945,1456,Excitatory_Neuron
56946,1447,Excitatory_Neuron
56947,1459,Excitatory_Neuron
56948,1459,Excitatory_Neuron
56949,1429,Excitatory_Neuron
56950,1484,Excitatory_Neuron
56951,1484,Excitatory_Neuron
56952,1430,unassigned
56953,1476,Excitatory_Neuron
56954,1487,Astro-Epen
56955,1430,unassigned
56956,1487,Astro-Epen
56957,1441,Excitatory_Neuron
56958,1511,unassigned
56959,1442,Excitatory_Neuron
56960,1486,Excitatory_Neuron
56961,1462,Excitatory_Neuron
56962,1463,Excitatory_Neuron
56963,1463,Excitatory_Neuron
56964,1463,Excitatory_Neuron
56965,1468,Excitatory_Neuron
56966,1489,Immune
56967,1440,Excitatory_Neuron
56968,1440,Excitatory_Neuron
56969,1459,Excitatory_Neuron
56970,1429,Excitatory_Neuron
56971,1509,Excitatory_Neuron
56972,1493,Excitatory_Neuron
56973,1493,Excitatory_Neuron
56974,1441,Excitatory_Neuron
56975,1495,Excitatory_Neuron
56976,1437,Excitatory_Neuron
56977,1437,Excitatory_Neuron
56978,1438,GABA_Neuron
56979,1496,Excitatory_Neuron
56980,1442,Excitatory_Neuron
56981,1442,Excitatory_Neuron
56982,1443,Excitatory_Neuron
56983,1463,Excitatory_Neuron
56984,1503,Immune
56985,1430,unassigned
56986,1430,unassigned
56987,1430,unassigned
56988,1430,unassigned
56989,1440,Excitatory_Neuron
56990,1459,Excitatory_Neuron
56991,1441,Excitatory_Neuron
56992,1442,Excitatory_Neuron
56993,1437,Excitatory_Neuron
56994,1475,Excitatory_Neuron
56995,1442,Excitatory_Neuron
56996,1430,unassigned
56997,1496,Excitatory_Neuron
56998,1510,unassigned
56999,1496,Excitatory_Neuron
57000,1486,Excitatory_Neuron
57001,1496,Excitatory_Neuron
57002,1463,Excitatory_Neuron
57003,1490,Immune
57004,1497,Excitatory_Neuron
57005,1468,Excitatory_Neuron
57006,1500,unassigned
57007,1440,Excitatory_Neuron
57008,1484,Excitatory_Neuron
57009,1459,Excitatory_Neuron
57010,1459,Excitatory_Neuron
57011,1459,Excitatory_Neuron
57012,1459,Excitatory_Neuron
57013,1459,Excitatory_Neuron
57014,1498,Excitatory_Neuron
57015,1459,Excitatory_Neuron
57016,1493,Excitatory_Neuron
57017,1476,Excitatory_Neuron
57018,1487,Astro-Epen
57019,1487,Astro-Epen
57020,1441,Excitatory_Neuron
57021,1475,Excitatory_Neuron
57022,1437,Excitatory_Neuron
57023,1442,Excitatory_Neuron
57024,1511,unassigned
57025,1430,unassigned
57026,1496,Excitatory_Neuron
57027,1496,Excitatory_Neuron
57028,1430,unassigned
57029,1463,Excitatory_Neuron
57030,1508,unassigned
57031,1490,Immune
57032,1501,unassigned
57033,1459,Excitatory_Neuron
57034,1435,Excitatory_Neuron
57035,1459,Excitatory_Neuron
57036,1440,Excitatory_Neuron
57037,1459,Excitatory_Neuron
57038,1429,Excitatory_Neuron
57039,1509,Excitatory_Neuron
57040,1509,Excitatory_Neuron
57041,1459,Excitatory_Neuron
57042,1487,Astro-Epen
57043,1441,Excitatory_Neuron
57044,1493,Excitatory_Neuron
57045,1440,Excitatory_Neuron
57046,1487,Astro-Epen
57047,1475,Excitatory_Neuron
57048,1442,Excitatory_Neuron
57049,1442,Excitatory_Neuron
57050,1486,Excitatory_Neuron
57051,1486,Excitatory_Neuron
57052,1455,Excitatory_Neuron
57053,1462,Excitatory_Neuron
57054,1486,Excitatory_Neuron
57055,1503,Immune
57056,1497,Excitatory_Neuron
57057,1467,Excitatory_Neuron
57058,1497,Excitatory_Neuron
57059,1456,Excitatory_Neuron
57060,1507,unassigned
57061,1456,Excitatory_Neuron
57062,1430,unassigned
57063,1441,Excitatory_Neuron
57064,1496,Excitatory_Neuron
57065,1442,Excitatory_Neuron
57066,1496,Excitatory_Neuron
57067,1430,unassigned
57068,1443,Excitatory_Neuron
57069,1443,Excitatory_Neuron
57070,1443,Excitatory_Neuron
57071,1430,unassigned
57072,1430,unassigned
57073,1489,Immune
57074,1435,Excitatory_Neuron
57075,1435,Excitatory_Neuron
57076,1440,Excitatory_Neuron
57077,1498,Excitatory_Neuron
57078,1440,Excitatory_Neuron
57079,1459,Excitatory_Neuron
57080,1509,Excitatory_Neuron
57081,1459,Excitatory_Neuron
57082,1493,Excitatory_Neuron
57083,1440,Excitatory_Neuron
57084,1475,Excitatory_Neuron
57085,1441,Excitatory_Neuron
57086,1475,Excitatory_Neuron
57087,1441,Excitatory_Neuron
57088,1495,Excitatory_Neuron
57089,1437,Excitatory_Neuron
57090,1437,Excitatory_Neuron
57091,1496,Excitatory_Neuron
57092,1496,Excitatory_Neuron
57093,1443,Excitatory_Neuron
57094,1462,Excitatory_Neuron
57095,1497,Excitatory_Neuron
57096,1503,Immune
57097,1468,Excitatory_Neuron
57098,1505,unassigned
57099,1484,Excitatory_Neuron
57100,1484,Excitatory_Neuron
57101,1459,Excitatory_Neuron
57102,1459,Excitatory_Neuron
57103,1440,Excitatory_Neuron
57104,1429,Excitatory_Neuron
57105,1440,Excitatory_Neuron
57106,1509,Excitatory_Neuron
57107,1429,Excitatory_Neuron
57108,1476,Excitatory_Neuron
57109,1493,Excitatory_Neuron
57110,1495,Excitatory_Neuron
57111,1495,Excitatory_Neuron
57112,1437,Excitatory_Neuron
57113,1442,Excitatory_Neuron
57114,1438,GABA_Neuron
57115,1479,Excitatory_Neuron
57116,1496,Excitatory_Neuron
57117,1479,Excitatory_Neuron
57118,1490,Immune
57119,1497,Excitatory_Neuron
57120,1456,Excitatory_Neuron
57121,1507,unassigned
57122,1430,unassigned
57123,1498,Excitatory_Neuron
57124,1429,Excitatory_Neuron
57125,1429,Excitatory_Neuron
57126,1493,Excitatory_Neuron
57127,1493,Excitatory_Neuron
57128,1433,Excitatory_Neuron
57129,1495,Excitatory_Neuron
57130,1495,Excitatory_Neuron
57131,1434,Excitatory_Neuron
57132,1510,unassigned
57133,1496,Excitatory_Neuron
57134,1483,Excitatory_Neuron
57135,1430,unassigned
57136,1430,unassigned
57137,1430,unassigned
57138,1467,Excitatory_Neuron
57139,1468,Excitatory_Neuron
57140,1505,unassigned
57141,1435,Excitatory_Neuron
57142,1459,Excitatory_Neuron
57143,1440,Excitatory_Neuron
57144,1441,Excitatory_Neuron
57145,1495,Excitatory_Neuron
57146,1475,Excitatory_Neuron
57147,1430,unassigned
57148,1442,Excitatory_Neuron
57149,1510,unassigned
57150,1486,Excitatory_Neuron
57151,1462,Excitatory_Neuron
57152,1486,Excitatory_Neuron
57153,1443,Excitatory_Neuron
57154,1483,Excitatory_Neuron
57155,1503,Immune
57156,1463,Excitatory_Neuron
57157,1430,unassigned
57158,1430,unassigned
57159,1467,Excitatory_Neuron
57160,1430,unassigned
57161,1505,unassigned
57162,1447,Excitatory_Neuron
57163,1435,Excitatory_Neuron
57164,1430,unassigned
57165,1506,unassigned
57166,1459,Excitatory_Neuron
57167,1459,Excitatory_Neuron
57168,1440,Excitatory_Neuron
57169,1459,Excitatory_Neuron
57170,1493,Excitatory_Neuron
57171,1493,Excitatory_Neuron
57172,1493,Excitatory_Neuron
57173,1430,unassigned
57174,1441,Excitatory_Neuron
57175,1493,Excitatory_Neuron
57176,1495,Excitatory_Neuron
57177,1441,Excitatory_Neuron
57178,1434,Excitatory_Neuron
57179,1438,GABA_Neuron
57180,1434,Excitatory_Neuron
57181,1442,Excitatory_Neuron
57182,1455,Excitatory_Neuron
57183,1496,Excitatory_Neuron
57184,1472,Excitatory_Neuron
57185,1462,Excitatory_Neuron
57186,1443,Excitatory_Neuron
57187,1497,Excitatory_Neuron
57188,1497,Excitatory_Neuron
57189,1430,unassigned
57190,1497,Excitatory_Neuron
57191,1456,Excitatory_Neuron
57192,1440,Excitatory_Neuron
57193,1487,Astro-Epen
57194,1441,Excitatory_Neuron
57195,1475,Excitatory_Neuron
57196,1475,Excitatory_Neuron
57197,1441,Excitatory_Neuron
57198,1441,Excitatory_Neuron
57199,1475,Excitatory_Neuron
57200,1442,Excitatory_Neuron
57201,1486,Excitatory_Neuron
57202,1437,Excitatory_Neuron
57203,1455,Excitatory_Neuron
57204,1486,Excitatory_Neuron
57205,1486,Excitatory_Neuron
57206,1430,unassigned
57207,1430,unassigned
57208,1430,unassigned
57209,1490,Immune
57210,1501,unassigned
57211,1505,unassigned
57212,1506,unassigned
57213,1484,Excitatory_Neuron
57214,1498,Excitatory_Neuron
57215,1459,Excitatory_Neuron
57216,1476,Excitatory_Neuron
57217,1495,Excitatory_Neuron
57218,1486,Excitatory_Neuron
57219,1496,Excitatory_Neuron
57220,1479,Excitatory_Neuron
57221,1483,Excitatory_Neuron
57222,1430,unassigned
57223,1497,Excitatory_Neuron
57224,1500,unassigned
57225,1494,unassigned
57226,1459,Excitatory_Neuron
57227,1459,Excitatory_Neuron
57228,1459,Excitatory_Neuron
57229,1459,Excitatory_Neuron
57230,1484,Excitatory_Neuron
57231,1459,Excitatory_Neuron
57232,1493,Excitatory_Neuron
57233,1441,Excitatory_Neuron
57234,1437,Excitatory_Neuron
57235,1495,Excitatory_Neuron
57236,1437,Excitatory_Neuron
57237,1442,Excitatory_Neuron
57238,1442,Excitatory_Neuron
57239,1437,Excitatory_Neuron
57240,1442,Excitatory_Neuron
57241,1486,Excitatory_Neuron
57242,1430,unassigned
57243,1483,Excitatory_Neuron
57244,1483,Excitatory_Neuron
57245,1463,Excitatory_Neuron
57246,1445,Excitatory_Neuron
57247,1490,Immune
57248,1490,Immune
57249,1467,Excitatory_Neuron
57250,1489,Immune
57251,1456,Excitatory_Neuron
57252,1456,Excitatory_Neuron
57253,1435,Excitatory_Neuron
57254,1484,Excitatory_Neuron
57255,1499,unassigned
57256,1499,unassigned
57257,1429,Excitatory_Neuron
57258,1429,Excitatory_Neuron
57259,1430,unassigned
57260,1495,Excitatory_Neuron
57261,1441,Excitatory_Neuron
57262,1441,Excitatory_Neuron
57263,1475,Excitatory_Neuron
57264,1437,Excitatory_Neuron
57265,1437,Excitatory_Neuron
57266,1479,Excitatory_Neuron
57267,1462,Excitatory_Neuron
57268,1490,Immune
57269,1505,unassigned
57270,1430,unassigned
57271,1506,unassigned
57272,1440,Excitatory_Neuron
57273,1504,unassigned
57274,1459,Excitatory_Neuron
57275,1440,Excitatory_Neuron
57276,1440,Excitatory_Neuron
57277,1509,Excitatory_Neuron
57278,1459,Excitatory_Neuron
57279,1440,Excitatory_Neuron
57280,1493,Excitatory_Neuron
57281,1509,Excitatory_Neuron
57282,1493,Excitatory_Neuron
57283,1441,Excitatory_Neuron
57284,1434,Excitatory_Neuron
57285,1442,Excitatory_Neuron
57286,1442,Excitatory_Neuron
57287,1430,unassigned
57288,1437,Excitatory_Neuron
57289,1430,unassigned
57290,1430,unassigned
57291,1486,Excitatory_Neuron
57292,1462,Excitatory_Neuron
57293,1430,unassigned
57294,1483,Excitatory_Neuron
57295,1430,unassigned
57296,1430,unassigned
57297,1443,Excitatory_Neuron
57298,1497,Excitatory_Neuron
57299,1489,Immune
57300,1430,unassigned
57301,1456,Excitatory_Neuron
57302,1499,unassigned
57303,1440,Excitatory_Neuron
57304,1509,Excitatory_Neuron
57305,1509,Excitatory_Neuron
57306,1459,Excitatory_Neuron
57307,1476,Excitatory_Neuron
57308,1493,Excitatory_Neuron
57309,1475,Excitatory_Neuron
57310,1475,Excitatory_Neuron
57311,1442,Excitatory_Neuron
57312,1442,Excitatory_Neuron
57313,1434,Excitatory_Neuron
57314,1442,Excitatory_Neuron
57315,1479,Excitatory_Neuron
57316,1462,Excitatory_Neuron
57317,1443,Excitatory_Neuron
57318,1462,Excitatory_Neuron
57319,1462,Excitatory_Neuron
57320,1430,unassigned
57321,1463,Excitatory_Neuron
57322,1456,Excitatory_Neuron
57323,1435,Excitatory_Neuron
57324,1435,Excitatory_Neuron
57325,1459,Excitatory_Neuron
57326,1459,Excitatory_Neuron
57327,1498,Excitatory_Neuron
57328,1459,Excitatory_Neuron
57329,1459,Excitatory_Neuron
57330,1440,Excitatory_Neuron
57331,1459,Excitatory_Neuron
57332,1440,Excitatory_Neuron
57333,1459,Excitatory_Neuron
57334,1476,Excitatory_Neuron
57335,1493,Excitatory_Neuron
57336,1493,Excitatory_Neuron
57337,1475,Excitatory_Neuron
57338,1441,Excitatory_Neuron
57339,1441,Excitatory_Neuron
57340,1442,Excitatory_Neuron
57341,1479,Excitatory_Neuron
57342,1455,Excitatory_Neuron
57343,1430,unassigned
57344,1443,Excitatory_Neuron
57345,1430,unassigned
57346,1468,Excitatory_Neuron
57347,1508,unassigned
57348,1499,unassigned
57349,1484,Excitatory_Neuron
57350,1512,unassigned
57351,1429,Excitatory_Neuron
57352,1459,Excitatory_Neuron
57353,1493,Excitatory_Neuron
57354,1493,Excitatory_Neuron
57355,1493,Excitatory_Neuron
57356,1487,Astro-Epen
57357,1495,Excitatory_Neuron
57358,1495,Excitatory_Neuron
57359,1434,Excitatory_Neuron
57360,1434,Excitatory_Neuron
57361,1437,Excitatory_Neuron
57362,1437,Excitatory_Neuron
57363,1442,Excitatory_Neuron
57364,1434,Excitatory_Neuron
57365,1442,Excitatory_Neuron
57366,1437,Excitatory_Neuron
57367,1486,Excitatory_Neuron
57368,1496,Excitatory_Neuron
57369,1479,Excitatory_Neuron
57370,1503,Immune
57371,1430,unassigned
57372,1497,Excitatory_Neuron
57373,1484,Excitatory_Neuron
57374,1429,Excitatory_Neuron
57375,1509,Excitatory_Neuron
57376,1487,Astro-Epen
57377,1459,Excitatory_Neuron
57378,1430,unassigned
57379,1441,Excitatory_Neuron
57380,1493,Excitatory_Neuron
57381,1437,Excitatory_Neuron
57382,1475,Excitatory_Neuron
57383,1434,Excitatory_Neuron
57384,1442,Excitatory_Neuron
57385,1437,Excitatory_Neuron
57386,1430,unassigned
57387,1443,Excitatory_Neuron
57388,1483,Excitatory_Neuron
57389,1443,Excitatory_Neuron
57390,1508,unassigned
57391,1497,Excitatory_Neuron
57392,1456,Excitatory_Neuron
57393,1499,unassigned
57394,1459,Excitatory_Neuron
57395,1459,Excitatory_Neuron
57396,1440,Excitatory_Neuron
57397,1493,Excitatory_Neuron
57398,1487,Astro-Epen
57399,1476,Excitatory_Neuron
57400,1493,Excitatory_Neuron
57401,1441,Excitatory_Neuron
57402,1437,Excitatory_Neuron
57403,1430,unassigned
57404,1430,unassigned
57405,1443,Excitatory_Neuron
57406,1463,Excitatory_Neuron
57407,1443,Excitatory_Neuron
57408,1508,unassigned
57409,1490,Immune
57410,1497,Excitatory_Neuron
57411,1468,Excitatory_Neuron
57412,1500,unassigned
57413,1501,unassigned
57414,1501,unassigned
57415,1494,unassigned
57416,1506,unassigned
57417,1484,Excitatory_Neuron
57418,1459,Excitatory_Neuron
57419,1459,Excitatory_Neuron
57420,1475,Excitatory_Neuron
57421,1442,Excitatory_Neuron
57422,1430,unassigned
57423,1437,Excitatory_Neuron
57424,1437,Excitatory_Neuron
57425,1496,Excitatory_Neuron
57426,1486,Excitatory_Neuron
57427,1479,Excitatory_Neuron
57428,1479,Excitatory_Neuron
57429,1443,Excitatory_Neuron
57430,1463,Excitatory_Neuron
57431,1463,Excitatory_Neuron
57432,1430,unassigned
57433,1430,unassigned
57434,1435,Excitatory_Neuron
57435,1459,Excitatory_Neuron
57436,1435,Excitatory_Neuron
57437,1435,Excitatory_Neuron
57438,1435,Excitatory_Neuron
57439,1498,Excitatory_Neuron
57440,1493,Excitatory_Neuron
57441,1441,Excitatory_Neuron
57442,1475,Excitatory_Neuron
57443,1442,Excitatory_Neuron
57444,1430,unassigned
57445,1442,Excitatory_Neuron
57446,1455,Excitatory_Neuron
57447,1430,unassigned
57448,1472,Excitatory_Neuron
57449,1462,Excitatory_Neuron
57450,1483,Excitatory_Neuron
57451,1483,Excitatory_Neuron
57452,1490,Immune
57453,1505,unassigned
57454,1500,unassigned
57455,1440,Excitatory_Neuron
57456,1459,Excitatory_Neuron
57457,1498,Excitatory_Neuron
57458,1459,Excitatory_Neuron
57459,1459,Excitatory_Neuron
57460,1430,unassigned
57461,1493,Excitatory_Neuron
57462,1441,Excitatory_Neuron
57463,1437,Excitatory_Neuron
57464,1430,unassigned
57465,1442,Excitatory_Neuron
57466,1430,unassigned
57467,1430,unassigned
57468,1463,Excitatory_Neuron
57469,1497,Excitatory_Neuron
57470,1489,Immune
57471,1501,unassigned
57472,1456,Excitatory_Neuron
57473,1456,Excitatory_Neuron
57474,1435,Excitatory_Neuron
57475,1459,Excitatory_Neuron
57476,1459,Excitatory_Neuron
57477,1493,Excitatory_Neuron
57478,1441,Excitatory_Neuron
57479,1495,Excitatory_Neuron
57480,1442,Excitatory_Neuron
57481,1479,Excitatory_Neuron
57482,1508,unassigned
57483,1468,Excitatory_Neuron
57484,1456,Excitatory_Neuron
57485,1494,unassigned
57486,1499,unassigned
57487,1484,Excitatory_Neuron
57488,1459,Excitatory_Neuron
57489,1484,Excitatory_Neuron
57490,1495,Excitatory_Neuron
57491,1487,Astro-Epen
57492,1442,Excitatory_Neuron
57493,1437,Excitatory_Neuron
57494,1430,unassigned
57495,1486,Excitatory_Neuron
57496,1462,Excitatory_Neuron
57497,1443,Excitatory_Neuron
57498,1430,unassigned
57499,1468,Excitatory_Neuron
57500,1497,Excitatory_Neuron
57501,1430,unassigned
57502,1468,Excitatory_Neuron
57503,1456,Excitatory_Neuron
57504,1499,unassigned
57505,1498,Excitatory_Neuron
57506,1498,Excitatory_Neuron
57507,1509,Excitatory_Neuron
57508,1498,Excitatory_Neuron
57509,1459,Excitatory_Neuron
57510,1459,Excitatory_Neuron
57511,1493,Excitatory_Neuron
57512,1487,Astro-Epen
57513,1441,Excitatory_Neuron
57514,1437,Excitatory_Neuron
57515,1496,Excitatory_Neuron
57516,1462,Excitatory_Neuron
57517,1483,Excitatory_Neuron
57518,1490,Immune
57519,1508,unassigned
57520,1494,unassigned
57521,1435,Excitatory_Neuron
57522,1435,Excitatory_Neuron
57523,1484,Excitatory_Neuron
57524,1459,Excitatory_Neuron
57525,1459,Excitatory_Neuron
57526,1459,Excitatory_Neuron
57527,1459,Excitatory_Neuron
57528,1459,Excitatory_Neuron
57529,1441,Excitatory_Neuron
57530,1495,Excitatory_Neuron
57531,1442,Excitatory_Neuron
57532,1430,unassigned
57533,1511,unassigned
57534,1510,unassigned
57535,1438,GABA_Neuron
57536,1483,Excitatory_Neuron
57537,1497,Excitatory_Neuron
57538,1468,Excitatory_Neuron
57539,1505,unassigned
57540,1500,unassigned
57541,1456,Excitatory_Neuron
57542,1506,unassigned
57543,1435,Excitatory_Neuron
57544,1435,Excitatory_Neuron
57545,1484,Excitatory_Neuron
57546,1459,Excitatory_Neuron
57547,1459,Excitatory_Neuron
57548,1509,Excitatory_Neuron
57549,1493,Excitatory_Neuron
57550,1487,Astro-Epen
57551,1493,Excitatory_Neuron
57552,1495,Excitatory_Neuron
57553,1441,Excitatory_Neuron
57554,1441,Excitatory_Neuron
57555,1441,Excitatory_Neuron
57556,1441,Excitatory_Neuron
57557,1441,Excitatory_Neuron
57558,1434,Excitatory_Neuron
57559,1442,Excitatory_Neuron
57560,1437,Excitatory_Neuron
57561,1486,Excitatory_Neuron
57562,1510,unassigned
57563,1430,unassigned
57564,1496,Excitatory_Neuron
57565,1443,Excitatory_Neuron
57566,1483,Excitatory_Neuron
57567,1497,Excitatory_Neuron
57568,1490,Immune
57569,1435,Excitatory_Neuron
57570,1484,Excitatory_Neuron
57571,1498,Excitatory_Neuron
57572,1484,Excitatory_Neuron
57573,1498,Excitatory_Neuron
57574,1509,Excitatory_Neuron
57575,1513,unassigned
57576,1487,Astro-Epen
57577,1487,Astro-Epen
57578,1441,Excitatory_Neuron
57579,1442,Excitatory_Neuron
57580,1496,Excitatory_Neuron
57581,1479,Excitatory_Neuron
57582,1462,Excitatory_Neuron
57583,1463,Excitatory_Neuron
57584,1443,Excitatory_Neuron
57585,1483,Excitatory_Neuron
57586,1503,Immune
57587,1489,Immune
57588,1467,Excitatory_Neuron
57589,1494,unassigned
57590,1505,unassigned
57591,1459,Excitatory_Neuron
57592,1440,Excitatory_Neuron
57593,1484,Excitatory_Neuron
57594,1509,Excitatory_Neuron
57595,1440,Excitatory_Neuron
57596,1441,Excitatory_Neuron
57597,1496,Excitatory_Neuron
57598,1486,Excitatory_Neuron
57599,1443,Excitatory_Neuron
57600,1462,Excitatory_Neuron
57601,1462,Excitatory_Neuron
57602,1463,Excitatory_Neuron
57603,1503,Immune
57604,1490,Immune
57605,1430,unassigned
57606,1468,Excitatory_Neuron
57607,1430,unassigned
57608,1494,unassigned
57609,1435,Excitatory_Neuron
57610,1459,Excitatory_Neuron
57611,1504,unassigned
57612,1459,Excitatory_Neuron
57613,1459,Excitatory_Neuron
57614,1459,Excitatory_Neuron
57615,1509,Excitatory_Neuron
57616,1440,Excitatory_Neuron
57617,1441,Excitatory_Neuron
57618,1493,Excitatory_Neuron
57619,1441,Excitatory_Neuron
57620,1441,Excitatory_Neuron
57621,1437,Excitatory_Neuron
57622,1438,GABA_Neuron
57623,1486,Excitatory_Neuron
57624,1430,unassigned
57625,1443,Excitatory_Neuron
57626,1483,Excitatory_Neuron
57627,1483,Excitatory_Neuron
57628,1514,unassigned
57629,1490,Immune
57630,1490,Immune
57631,1497,Excitatory_Neuron
57632,1467,Excitatory_Neuron
57633,1494,unassigned
57634,1506,unassigned
57635,1459,Excitatory_Neuron
57636,1476,Excitatory_Neuron
57637,1441,Excitatory_Neuron
57638,1476,Excitatory_Neuron
57639,1430,unassigned
57640,1437,Excitatory_Neuron
57641,1486,Excitatory_Neuron
57642,1511,unassigned
57643,1462,Excitatory_Neuron
57644,1443,Excitatory_Neuron
57645,1483,Excitatory_Neuron
57646,1463,Excitatory_Neuron
57647,1508,unassigned
57648,1497,Excitatory_Neuron
57649,1497,Excitatory_Neuron
57650,1505,unassigned
57651,1494,unassigned
57652,1430,unassigned
57653,1484,Excitatory_Neuron
57654,1435,Excitatory_Neuron
57655,1435,Excitatory_Neuron
57656,1484,Excitatory_Neuron
57657,1499,unassigned
57658,1487,Astro-Epen
57659,1476,Excitatory_Neuron
57660,1430,unassigned
57661,1495,Excitatory_Neuron
57662,1434,Excitatory_Neuron
57663,1475,Excitatory_Neuron
57664,1442,Excitatory_Neuron
57665,1496,Excitatory_Neuron
57666,1455,Excitatory_Neuron
57667,1430,unassigned
57668,1430,unassigned
57669,1490,Immune
57670,1456,Excitatory_Neuron
57671,1494,unassigned
57672,1430,unassigned
57673,1430,unassigned
57674,1459,Excitatory_Neuron
57675,1509,Excitatory_Neuron
57676,1441,Excitatory_Neuron
57677,1441,Excitatory_Neuron
57678,1487,Astro-Epen
57679,1434,Excitatory_Neuron
57680,1437,Excitatory_Neuron
57681,1496,Excitatory_Neuron
57682,1496,Excitatory_Neuron
57683,1483,Excitatory_Neuron
57684,1503,Immune
57685,1490,Immune
57686,1503,Immune
57687,1503,Immune
57688,1497,Excitatory_Neuron
57689,1497,Excitatory_Neuron
57690,1497,Excitatory_Neuron
57691,1468,Excitatory_Neuron
57692,1497,Excitatory_Neuron
57693,1497,Excitatory_Neuron
57694,1456,Excitatory_Neuron
57695,1498,Excitatory_Neuron
57696,1459,Excitatory_Neuron
57697,1459,Excitatory_Neuron
57698,1493,Excitatory_Neuron
57699,1475,Excitatory_Neuron
57700,1442,Excitatory_Neuron
57701,1438,GABA_Neuron
57702,1443,Excitatory_Neuron
57703,1443,Excitatory_Neuron
57704,1430,unassigned
57705,1467,Excitatory_Neuron
57706,1456,Excitatory_Neuron
57707,1459,Excitatory_Neuron
57708,1459,Excitatory_Neuron
57709,1459,Excitatory_Neuron
57710,1509,Excitatory_Neuron
57711,1441,Excitatory_Neuron
57712,1430,unassigned
57713,1487,Astro-Epen
57714,1430,unassigned
57715,1442,Excitatory_Neuron
57716,1438,GABA_Neuron
57717,1438,GABA_Neuron
57718,1443,Excitatory_Neuron
57719,1455,Excitatory_Neuron
57720,1430,unassigned
57721,1462,Excitatory_Neuron
57722,1462,Excitatory_Neuron
57723,1514,unassigned
57724,1490,Immune
57725,1468,Excitatory_Neuron
57726,1440,Excitatory_Neuron
57727,1484,Excitatory_Neuron
57728,1484,Excitatory_Neuron
57729,1484,Excitatory_Neuron
57730,1509,Excitatory_Neuron
57731,1498,Excitatory_Neuron
57732,1487,Astro-Epen
57733,1493,Excitatory_Neuron
57734,1487,Astro-Epen
57735,1430,unassigned
57736,1486,Excitatory_Neuron
57737,1486,Excitatory_Neuron
57738,1486,Excitatory_Neuron
57739,1455,Excitatory_Neuron
57740,1462,Excitatory_Neuron
57741,1483,Excitatory_Neuron
57742,1483,Excitatory_Neuron
57743,1503,Immune
57744,1508,unassigned
57745,1468,Excitatory_Neuron
57746,1490,Immune
57747,1497,Excitatory_Neuron
57748,1501,unassigned
57749,1500,unassigned
57750,1501,unassigned
57751,1505,unassigned
57752,1430,unassigned
57753,1459,Excitatory_Neuron
57754,1435,Excitatory_Neuron
57755,1435,Excitatory_Neuron
57756,1484,Excitatory_Neuron
57757,1430,unassigned
57758,1441,Excitatory_Neuron
57759,1434,Excitatory_Neuron
57760,1442,Excitatory_Neuron
57761,1479,Excitatory_Neuron
57762,1443,Excitatory_Neuron
57763,1443,Excitatory_Neuron
57764,1467,Excitatory_Neuron
57765,1500,unassigned
57766,1506,unassigned
57767,1440,Excitatory_Neuron
57768,1459,Excitatory_Neuron
57769,1498,Excitatory_Neuron
57770,1498,Excitatory_Neuron
57771,1429,Excitatory_Neuron
57772,1493,Excitatory_Neuron
57773,1440,Excitatory_Neuron
57774,1459,Excitatory_Neuron
57775,1441,Excitatory_Neuron
57776,1493,Excitatory_Neuron
57777,1442,Excitatory_Neuron
57778,1486,Excitatory_Neuron
57779,1486,Excitatory_Neuron
57780,1443,Excitatory_Neuron
57781,1496,Excitatory_Neuron
57782,1514,unassigned
57783,1514,unassigned
57784,1443,Excitatory_Neuron
57785,1503,Immune
57786,1443,Excitatory_Neuron
57787,1490,Immune
57788,1497,Excitatory_Neuron
57789,1489,Immune
57790,1506,unassigned
57791,1512,unassigned
57792,1484,Excitatory_Neuron
57793,1440,Excitatory_Neuron
57794,1440,Excitatory_Neuron
57795,1459,Excitatory_Neuron
57796,1441,Excitatory_Neuron
57797,1430,unassigned
57798,1442,Excitatory_Neuron
57799,1496,Excitatory_Neuron
57800,1430,unassigned
57801,1486,Excitatory_Neuron
57802,1479,Excitatory_Neuron
57803,1462,Excitatory_Neuron
57804,1463,Excitatory_Neuron
57805,1430,unassigned
57806,1500,unassigned
57807,1435,Excitatory_Neuron
57808,1430,unassigned
57809,1509,Excitatory_Neuron
57810,1487,Astro-Epen
57811,1441,Excitatory_Neuron
57812,1430,unassigned
57813,1442,Excitatory_Neuron
57814,1430,unassigned
57815,1442,Excitatory_Neuron
57816,1442,Excitatory_Neuron
57817,1496,Excitatory_Neuron
57818,1443,Excitatory_Neuron
57819,1483,Excitatory_Neuron
57820,1430,unassigned
57821,1430,unassigned
57822,1489,Immune
57823,1506,unassigned
57824,1484,Excitatory_Neuron
57825,1504,unassigned
57826,1459,Excitatory_Neuron
57827,1476,Excitatory_Neuron
57828,1493,Excitatory_Neuron
57829,1493,Excitatory_Neuron
57830,1495,Excitatory_Neuron
57831,1487,Astro-Epen
57832,1475,Excitatory_Neuron
57833,1486,Excitatory_Neuron
57834,1443,Excitatory_Neuron
57835,1496,Excitatory_Neuron
57836,1462,Excitatory_Neuron
57837,1462,Excitatory_Neuron
57838,1462,Excitatory_Neuron
57839,1430,unassigned
57840,1483,Excitatory_Neuron
57841,1490,Immune
57842,1456,Excitatory_Neuron
57843,1447,Excitatory_Neuron
57844,1430,unassigned
57845,1430,unassigned
57846,1493,Excitatory_Neuron
57847,1495,Excitatory_Neuron
57848,1434,Excitatory_Neuron
57849,1475,Excitatory_Neuron
57850,1508,unassigned
57851,1430,unassigned
57852,1490,Immune
57853,1494,unassigned
57854,1456,Excitatory_Neuron
57855,1430,unassigned
57856,1440,Excitatory_Neuron
57857,1484,Excitatory_Neuron
57858,1499,unassigned
57859,1459,Excitatory_Neuron
57860,1498,Excitatory_Neuron
57861,1509,Excitatory_Neuron
57862,1509,Excitatory_Neuron
57863,1476,Excitatory_Neuron
57864,1487,Astro-Epen
57865,1493,Excitatory_Neuron
57866,1476,Excitatory_Neuron
57867,1487,Astro-Epen
57868,1515,unassigned
57869,1516,unassigned
57870,1479,Excitatory_Neuron
57871,1503,Immune
57872,1489,Immune
57873,1468,Excitatory_Neuron
57874,1489,Immune
57875,1468,Excitatory_Neuron
57876,1499,unassigned
57877,1498,Excitatory_Neuron
57878,1498,Excitatory_Neuron
57879,1430,unassigned
57880,1476,Excitatory_Neuron
57881,1430,unassigned
57882,1441,Excitatory_Neuron
57883,1430,unassigned
57884,1437,Excitatory_Neuron
57885,1442,Excitatory_Neuron
57886,1430,unassigned
57887,1443,Excitatory_Neuron
57888,1479,Excitatory_Neuron
57889,1479,Excitatory_Neuron
57890,1483,Excitatory_Neuron
57891,1483,Excitatory_Neuron
57892,1503,Immune
57893,1467,Excitatory_Neuron
57894,1456,Excitatory_Neuron
57895,1459,Excitatory_Neuron
57896,1440,Excitatory_Neuron
57897,1459,Excitatory_Neuron
57898,1504,unassigned
57899,1487,Astro-Epen
57900,1430,unassigned
57901,1495,Excitatory_Neuron
57902,1487,Astro-Epen
57903,1487,Astro-Epen
57904,1476,Excitatory_Neuron
57905,1441,Excitatory_Neuron
57906,1442,Excitatory_Neuron
57907,1434,Excitatory_Neuron
57908,1430,unassigned
57909,1430,unassigned
57910,1516,unassigned
57911,1430,unassigned
57912,1479,Excitatory_Neuron
57913,1462,Excitatory_Neuron
57914,1430,unassigned
57915,1514,unassigned
57916,1483,Excitatory_Neuron
57917,1503,Immune
57918,1503,Immune
57919,1430,unassigned
57920,1499,unassigned
57921,1498,Excitatory_Neuron
57922,1430,unassigned
57923,1430,unassigned
57924,1495,Excitatory_Neuron
57925,1437,Excitatory_Neuron
57926,1479,Excitatory_Neuron
57927,1486,Excitatory_Neuron
57928,1430,unassigned
57929,1486,Excitatory_Neuron
57930,1430,unassigned
57931,1430,unassigned
57932,1483,Excitatory_Neuron
57933,1483,Excitatory_Neuron
57934,1503,Immune
57935,1514,unassigned
57936,1430,unassigned
57937,1459,Excitatory_Neuron
57938,1441,Excitatory_Neuron
57939,1516,unassigned
57940,1496,Excitatory_Neuron
57941,1486,Excitatory_Neuron
57942,1443,Excitatory_Neuron
57943,1514,unassigned
57944,1443,Excitatory_Neuron
57945,1497,Excitatory_Neuron
57946,1467,Excitatory_Neuron
57947,1497,Excitatory_Neuron
57948,1430,unassigned
57949,1507,unassigned
57950,1435,Excitatory_Neuron
57951,1440,Excitatory_Neuron
57952,1509,Excitatory_Neuron
57953,1459,Excitatory_Neuron
57954,1440,Excitatory_Neuron
57955,1430,unassigned
57956,1493,Excitatory_Neuron
57957,1487,Astro-Epen
57958,1437,Excitatory_Neuron
57959,1437,Excitatory_Neuron
57960,1437,Excitatory_Neuron
57961,1430,unassigned
57962,1442,Excitatory_Neuron
57963,1479,Excitatory_Neuron
57964,1463,Excitatory_Neuron
57965,1430,unassigned
57966,1503,Immune
57967,1490,Immune
57968,1497,Excitatory_Neuron
57969,1468,Excitatory_Neuron
57970,1507,unassigned
57971,1435,Excitatory_Neuron
57972,1430,unassigned
57973,1499,unassigned
57974,1512,unassigned
57975,1459,Excitatory_Neuron
57976,1504,unassigned
57977,1493,Excitatory_Neuron
57978,1509,Excitatory_Neuron
57979,1434,Excitatory_Neuron
57980,1442,Excitatory_Neuron
57981,1442,Excitatory_Neuron
57982,1442,Excitatory_Neuron
57983,1430,unassigned
57984,1442,Excitatory_Neuron
57985,1496,Excitatory_Neuron
57986,1486,Excitatory_Neuron
57987,1486,Excitatory_Neuron
57988,1430,unassigned
57989,1430,unassigned
57990,1443,Excitatory_Neuron
57991,1514,unassigned
57992,1490,Immune
57993,1467,Excitatory_Neuron
57994,1489,Immune
57995,1497,Excitatory_Neuron
57996,1497,Excitatory_Neuron
57997,1505,unassigned
57998,1501,unassigned
57999,1456,Excitatory_Neuron
58000,1494,unassigned
58001,1484,Excitatory_Neuron
58002,1440,Excitatory_Neuron
58003,1459,Excitatory_Neuron
58004,1441,Excitatory_Neuron
58005,1440,Excitatory_Neuron
58006,1476,Excitatory_Neuron
58007,1493,Excitatory_Neuron
58008,1515,unassigned
58009,1442,Excitatory_Neuron
58010,1442,Excitatory_Neuron
58011,1437,Excitatory_Neuron
58012,1442,Excitatory_Neuron
58013,1442,Excitatory_Neuron
58014,1442,Excitatory_Neuron
58015,1430,unassigned
58016,1496,Excitatory_Neuron
58017,1486,Excitatory_Neuron
58018,1443,Excitatory_Neuron
58019,1443,Excitatory_Neuron
58020,1483,Excitatory_Neuron
58021,1514,unassigned
58022,1443,Excitatory_Neuron
58023,1443,Excitatory_Neuron
58024,1463,Excitatory_Neuron
58025,1483,Excitatory_Neuron
58026,1456,Excitatory_Neuron
58027,1512,unassigned
58028,1435,Excitatory_Neuron
58029,1459,Excitatory_Neuron
58030,1459,Excitatory_Neuron
58031,1498,Excitatory_Neuron
58032,1440,Excitatory_Neuron
58033,1509,Excitatory_Neuron
58034,1430,unassigned
58035,1430,unassigned
58036,1441,Excitatory_Neuron
58037,1441,Excitatory_Neuron
58038,1475,Excitatory_Neuron
58039,1442,Excitatory_Neuron
58040,1430,unassigned
58041,1434,Excitatory_Neuron
58042,1442,Excitatory_Neuron
58043,1430,unassigned
58044,1486,Excitatory_Neuron
58045,1462,Excitatory_Neuron
58046,1483,Excitatory_Neuron
58047,1462,Excitatory_Neuron
58048,1463,Excitatory_Neuron
58049,1463,Excitatory_Neuron
58050,1443,Excitatory_Neuron
58051,1483,Excitatory_Neuron
58052,1503,Immune
58053,1430,unassigned
58054,1497,Excitatory_Neuron
58055,1500,unassigned
58056,1501,unassigned
58057,1506,unassigned
58058,1456,Excitatory_Neuron
58059,1435,Excitatory_Neuron
58060,1435,Excitatory_Neuron
58061,1440,Excitatory_Neuron
58062,1493,Excitatory_Neuron
58063,1495,Excitatory_Neuron
58064,1442,Excitatory_Neuron
58065,1475,Excitatory_Neuron
58066,1479,Excitatory_Neuron
58067,1479,Excitatory_Neuron
58068,1462,Excitatory_Neuron
58069,1462,Excitatory_Neuron
58070,1462,Excitatory_Neuron
58071,1483,Excitatory_Neuron
58072,1468,Excitatory_Neuron
58073,1430,unassigned
58074,1497,Excitatory_Neuron
58075,1505,unassigned
58076,1456,Excitatory_Neuron
58077,1512,unassigned
58078,1512,unassigned
58079,1440,Excitatory_Neuron
58080,1509,Excitatory_Neuron
58081,1493,Excitatory_Neuron
58082,1493,Excitatory_Neuron
58083,1475,Excitatory_Neuron
58084,1515,unassigned
58085,1483,Excitatory_Neuron
58086,1483,Excitatory_Neuron
58087,1430,unassigned
58088,1497,Excitatory_Neuron
58089,1505,unassigned
58090,1456,Excitatory_Neuron
58091,1435,Excitatory_Neuron
58092,1499,unassigned
58093,1512,unassigned
58094,1459,Excitatory_Neuron
58095,1459,Excitatory_Neuron
58096,1440,Excitatory_Neuron
58097,1459,Excitatory_Neuron
58098,1476,Excitatory_Neuron
58099,1493,Excitatory_Neuron
58100,1441,Excitatory_Neuron
58101,1495,Excitatory_Neuron
58102,1442,Excitatory_Neuron
58103,1442,Excitatory_Neuron
58104,1430,unassigned
58105,1430,unassigned
58106,1462,Excitatory_Neuron
58107,1496,Excitatory_Neuron
58108,1479,Excitatory_Neuron
58109,1430,unassigned
58110,1483,Excitatory_Neuron
58111,1443,Excitatory_Neuron
58112,1503,Immune
58113,1468,Excitatory_Neuron
58114,1467,Excitatory_Neuron
58115,1467,Excitatory_Neuron
58116,1497,Excitatory_Neuron
58117,1517,unassigned
58118,1494,unassigned
58119,1447,Excitatory_Neuron
58120,1456,Excitatory_Neuron
58121,1456,Excitatory_Neuron
58122,1506,unassigned
58123,1435,Excitatory_Neuron
58124,1459,Excitatory_Neuron
58125,1459,Excitatory_Neuron
58126,1498,Excitatory_Neuron
58127,1459,Excitatory_Neuron
58128,1509,Excitatory_Neuron
58129,1498,Excitatory_Neuron
58130,1509,Excitatory_Neuron
58131,1493,Excitatory_Neuron
58132,1430,unassigned
58133,1495,Excitatory_Neuron
58134,1442,Excitatory_Neuron
58135,1442,Excitatory_Neuron
58136,1430,unassigned
58137,1430,unassigned
58138,1468,Excitatory_Neuron
58139,1430,unassigned
58140,1497,Excitatory_Neuron
58141,1489,Immune
58142,1505,unassigned
58143,1494,unassigned
58144,1456,Excitatory_Neuron
58145,1484,Excitatory_Neuron
58146,1430,unassigned
58147,1487,Astro-Epen
58148,1442,Excitatory_Neuron
58149,1442,Excitatory_Neuron
58150,1442,Excitatory_Neuron
58151,1496,Excitatory_Neuron
58152,1442,Excitatory_Neuron
58153,1438,GABA_Neuron
58154,1479,Excitatory_Neuron
58155,1430,unassigned
58156,1430,unassigned
58157,1462,Excitatory_Neuron
58158,1462,Excitatory_Neuron
58159,1462,Excitatory_Neuron
58160,1463,Excitatory_Neuron
58161,1503,Immune
58162,1430,unassigned
58163,1497,Excitatory_Neuron
58164,1440,Excitatory_Neuron
58165,1459,Excitatory_Neuron
58166,1440,Excitatory_Neuron
58167,1440,Excitatory_Neuron
58168,1459,Excitatory_Neuron
58169,1441,Excitatory_Neuron
58170,1430,unassigned
58171,1487,Astro-Epen
58172,1441,Excitatory_Neuron
58173,1515,unassigned
58174,1437,Excitatory_Neuron
58175,1442,Excitatory_Neuron
58176,1496,Excitatory_Neuron
58177,1463,Excitatory_Neuron
58178,1468,Excitatory_Neuron
58179,1497,Excitatory_Neuron
58180,1501,unassigned
58181,1430,unassigned
58182,1440,Excitatory_Neuron
58183,1459,Excitatory_Neuron
58184,1509,Excitatory_Neuron
58185,1509,Excitatory_Neuron
58186,1493,Excitatory_Neuron
58187,1441,Excitatory_Neuron
58188,1442,Excitatory_Neuron
58189,1434,Excitatory_Neuron
58190,1442,Excitatory_Neuron
58191,1430,unassigned
58192,1496,Excitatory_Neuron
58193,1430,unassigned
58194,1430,unassigned
58195,1516,unassigned
58196,1483,Excitatory_Neuron
58197,1503,Immune
58198,1467,Excitatory_Neuron
58199,1456,Excitatory_Neuron
58200,1484,Excitatory_Neuron
58201,1459,Excitatory_Neuron
58202,1504,unassigned
58203,1475,Excitatory_Neuron
58204,1441,Excitatory_Neuron
58205,1475,Excitatory_Neuron
58206,1437,Excitatory_Neuron
58207,1430,unassigned
58208,1430,unassigned
58209,1486,Excitatory_Neuron
58210,1479,Excitatory_Neuron
58211,1496,Excitatory_Neuron
58212,1479,Excitatory_Neuron
58213,1443,Excitatory_Neuron
58214,1443,Excitatory_Neuron
58215,1462,Excitatory_Neuron
58216,1483,Excitatory_Neuron
58217,1430,unassigned
58218,1463,Excitatory_Neuron
58219,1463,Excitatory_Neuron
58220,1490,Immune
58221,1503,Immune
58222,1467,Excitatory_Neuron
58223,1468,Excitatory_Neuron
58224,1456,Excitatory_Neuron
58225,1435,Excitatory_Neuron
58226,1440,Excitatory_Neuron
58227,1430,unassigned
58228,1459,Excitatory_Neuron
58229,1504,unassigned
58230,1430,unassigned
58231,1442,Excitatory_Neuron
58232,1442,Excitatory_Neuron
58233,1430,unassigned
58234,1496,Excitatory_Neuron
58235,1430,unassigned
58236,1479,Excitatory_Neuron
58237,1462,Excitatory_Neuron
58238,1443,Excitatory_Neuron
58239,1483,Excitatory_Neuron
58240,1462,Excitatory_Neuron
58241,1430,unassigned
58242,1483,Excitatory_Neuron
58243,1443,Excitatory_Neuron
58244,1430,unassigned
58245,1430,unassigned
58246,1506,unassigned
58247,1430,unassigned
58248,1484,Excitatory_Neuron
58249,1459,Excitatory_Neuron
58250,1459,Excitatory_Neuron
58251,1493,Excitatory_Neuron
58252,1509,Excitatory_Neuron
58253,1509,Excitatory_Neuron
58254,1493,Excitatory_Neuron
58255,1441,Excitatory_Neuron
58256,1495,Excitatory_Neuron
58257,1441,Excitatory_Neuron
58258,1475,Excitatory_Neuron
58259,1430,unassigned
58260,1518,unassigned
58261,1486,Excitatory_Neuron
58262,1479,Excitatory_Neuron
58263,1430,unassigned
58264,1496,Excitatory_Neuron
58265,1430,unassigned
58266,1462,Excitatory_Neuron
58267,1508,unassigned
58268,1497,Excitatory_Neuron
58269,1494,unassigned
58270,1456,Excitatory_Neuron
58271,1456,Excitatory_Neuron
58272,1435,Excitatory_Neuron
58273,1440,Excitatory_Neuron
58274,1484,Excitatory_Neuron
58275,1459,Excitatory_Neuron
58276,1440,Excitatory_Neuron
58277,1498,Excitatory_Neuron
58278,1441,Excitatory_Neuron
58279,1495,Excitatory_Neuron
58280,1476,Excitatory_Neuron
58281,1430,unassigned
58282,1441,Excitatory_Neuron
58283,1430,unassigned
58284,1442,Excitatory_Neuron
58285,1442,Excitatory_Neuron
58286,1442,Excitatory_Neuron
58287,1442,Excitatory_Neuron
58288,1486,Excitatory_Neuron
58289,1496,Excitatory_Neuron
58290,1430,unassigned
58291,1430,unassigned
58292,1496,Excitatory_Neuron
58293,1486,Excitatory_Neuron
58294,1486,Excitatory_Neuron
58295,1479,Excitatory_Neuron
58296,1443,Excitatory_Neuron
58297,1483,Excitatory_Neuron
58298,1497,Excitatory_Neuron
58299,1497,Excitatory_Neuron
58300,1430,unassigned
58301,1501,unassigned
58302,1456,Excitatory_Neuron
58303,1484,Excitatory_Neuron
58304,1493,Excitatory_Neuron
58305,1476,Excitatory_Neuron
58306,1430,unassigned
58307,1430,unassigned
58308,1441,Excitatory_Neuron
58309,1441,Excitatory_Neuron
58310,1430,unassigned
58311,1430,unassigned
58312,1503,Immune
58313,1508,unassigned
58314,1430,unassigned
58315,1489,Immune
58316,1500,unassigned
58317,1506,unassigned
58318,1459,Excitatory_Neuron
58319,1509,Excitatory_Neuron
58320,1487,Astro-Epen
58321,1493,Excitatory_Neuron
58322,1430,unassigned
58323,1493,Excitatory_Neuron
58324,1475,Excitatory_Neuron
58325,1495,Excitatory_Neuron
58326,1441,Excitatory_Neuron
58327,1475,Excitatory_Neuron
58328,1442,Excitatory_Neuron
58329,1437,Excitatory_Neuron
58330,1511,unassigned
58331,1486,Excitatory_Neuron
58332,1463,Excitatory_Neuron
58333,1483,Excitatory_Neuron
58334,1490,Immune
58335,1497,Excitatory_Neuron
58336,1456,Excitatory_Neuron
58337,1506,unassigned
58338,1435,Excitatory_Neuron
58339,1459,Excitatory_Neuron
58340,1430,unassigned
58341,1475,Excitatory_Neuron
58342,1441,Excitatory_Neuron
58343,1430,unassigned
58344,1441,Excitatory_Neuron
58345,1430,unassigned
58346,1430,unassigned
58347,1437,Excitatory_Neuron
58348,1442,Excitatory_Neuron
58349,1516,unassigned
58350,1496,Excitatory_Neuron
58351,1496,Excitatory_Neuron
58352,1462,Excitatory_Neuron
58353,1479,Excitatory_Neuron
58354,1503,Immune
58355,1508,unassigned
58356,1497,Excitatory_Neuron
58357,1506,unassigned
58358,1435,Excitatory_Neuron
58359,1435,Excitatory_Neuron
58360,1430,unassigned
58361,1430,unassigned
58362,1495,Excitatory_Neuron
58363,1487,Astro-Epen
58364,1495,Excitatory_Neuron
58365,1441,Excitatory_Neuron
58366,1430,unassigned
58367,1475,Excitatory_Neuron
58368,1442,Excitatory_Neuron
58369,1430,unassigned
58370,1479,Excitatory_Neuron
58371,1479,Excitatory_Neuron
58372,1430,unassigned
58373,1483,Excitatory_Neuron
58374,1430,unassigned
58375,1430,unassigned
58376,1430,unassigned
58377,1430,unassigned
58378,1490,Immune
58379,1430,unassigned
58380,1497,Excitatory_Neuron
58381,1487,Astro-Epen
58382,1430,unassigned
58383,1441,Excitatory_Neuron
58384,1495,Excitatory_Neuron
58385,1475,Excitatory_Neuron
58386,1442,Excitatory_Neuron
58387,1441,Excitatory_Neuron
58388,1430,unassigned
58389,1437,Excitatory_Neuron
58390,1430,unassigned
58391,1442,Excitatory_Neuron
58392,1430,unassigned
58393,1486,Excitatory_Neuron
58394,1430,unassigned
58395,1430,unassigned
58396,1430,unassigned
58397,1479,Excitatory_Neuron
58398,1479,Excitatory_Neuron
58399,1490,Immune
58400,1430,unassigned
58401,1467,Excitatory_Neuron
58402,1456,Excitatory_Neuron
58403,1484,Excitatory_Neuron
58404,1499,unassigned
58405,1484,Excitatory_Neuron
58406,1484,Excitatory_Neuron
58407,1459,Excitatory_Neuron
58408,1512,unassigned
58409,1440,Excitatory_Neuron
58410,1441,Excitatory_Neuron
58411,1441,Excitatory_Neuron
58412,1441,Excitatory_Neuron
58413,1475,Excitatory_Neuron
58414,1441,Excitatory_Neuron
58415,1442,Excitatory_Neuron
58416,1516,unassigned
58417,1516,unassigned
58418,1516,unassigned
58419,1479,Excitatory_Neuron
58420,1479,Excitatory_Neuron
58421,1496,Excitatory_Neuron
58422,1430,unassigned
58423,1443,Excitatory_Neuron
58424,1483,Excitatory_Neuron
58425,1497,Excitatory_Neuron
58426,1430,unassigned
58427,1507,unassigned
58428,1430,unassigned
58429,1440,Excitatory_Neuron
58430,1430,unassigned
58431,1441,Excitatory_Neuron
58432,1495,Excitatory_Neuron
58433,1495,Excitatory_Neuron
58434,1441,Excitatory_Neuron
58435,1430,unassigned
58436,1442,Excitatory_Neuron
58437,1430,unassigned
58438,1518,unassigned
58439,1516,unassigned
58440,1486,Excitatory_Neuron
58441,1486,Excitatory_Neuron
58442,1496,Excitatory_Neuron
58443,1486,Excitatory_Neuron
58444,1430,unassigned
58445,1430,unassigned
58446,1430,unassigned
58447,1430,unassigned
58448,1494,unassigned
58449,1504,unassigned
58450,1509,Excitatory_Neuron
58451,1498,Excitatory_Neuron
58452,1441,Excitatory_Neuron
58453,1441,Excitatory_Neuron
58454,1516,unassigned
58455,1430,unassigned
58456,1430,unassigned
58457,1496,Excitatory_Neuron
58458,1479,Excitatory_Neuron
58459,1479,Excitatory_Neuron
58460,1430,unassigned
58461,1490,Immune
58462,1497,Excitatory_Neuron
58463,1501,unassigned
58464,1484,Excitatory_Neuron
58465,1484,Excitatory_Neuron
58466,1459,Excitatory_Neuron
58467,1509,Excitatory_Neuron
58468,1441,Excitatory_Neuron
58469,1493,Excitatory_Neuron
58470,1475,Excitatory_Neuron
58471,1430,unassigned
58472,1475,Excitatory_Neuron
58473,1430,unassigned
58474,1442,Excitatory_Neuron
58475,1442,Excitatory_Neuron
58476,1496,Excitatory_Neuron
58477,1516,unassigned
58478,1516,unassigned
58479,1430,unassigned
58480,1430,unassigned
58481,1430,unassigned
58482,1483,Excitatory_Neuron
58483,1490,Immune
58484,1497,Excitatory_Neuron
58485,1490,Immune
58486,1490,Immune
58487,1468,Excitatory_Neuron
58488,1512,unassigned
58489,1459,Excitatory_Neuron
58490,1440,Excitatory_Neuron
58491,1441,Excitatory_Neuron
58492,1493,Excitatory_Neuron
58493,1475,Excitatory_Neuron
58494,1496,Excitatory_Neuron
58495,1430,unassigned
58496,1486,Excitatory_Neuron
58497,1462,Excitatory_Neuron
58498,1486,Excitatory_Neuron
58499,1430,unassigned
58500,1483,Excitatory_Neuron
58501,1490,Immune
58502,1497,Excitatory_Neuron
58503,1489,Immune
58504,1506,unassigned
58505,1506,unassigned
58506,1456,Excitatory_Neuron
58507,1440,Excitatory_Neuron
58508,1504,unassigned
58509,1440,Excitatory_Neuron
58510,1493,Excitatory_Neuron
58511,1495,Excitatory_Neuron
58512,1441,Excitatory_Neuron
58513,1441,Excitatory_Neuron
58514,1515,unassigned
58515,1437,Excitatory_Neuron
58516,1437,Excitatory_Neuron
58517,1437,Excitatory_Neuron
58518,1442,Excitatory_Neuron
58519,1437,Excitatory_Neuron
58520,1516,unassigned
58521,1516,unassigned
58522,1516,unassigned
58523,1438,GABA_Neuron
58524,1479,Excitatory_Neuron
58525,1443,Excitatory_Neuron
58526,1497,Excitatory_Neuron
58527,1430,unassigned
58528,1468,Excitatory_Neuron
58529,1468,Excitatory_Neuron
58530,1468,Excitatory_Neuron
58531,1484,Excitatory_Neuron
58532,1484,Excitatory_Neuron
58533,1484,Excitatory_Neuron
58534,1487,Astro-Epen
58535,1509,Excitatory_Neuron
58536,1441,Excitatory_Neuron
58537,1495,Excitatory_Neuron
58538,1495,Excitatory_Neuron
58539,1441,Excitatory_Neuron
58540,1441,Excitatory_Neuron
58541,1441,Excitatory_Neuron
58542,1442,Excitatory_Neuron
58543,1442,Excitatory_Neuron
58544,1437,Excitatory_Neuron
58545,1442,Excitatory_Neuron
58546,1430,unassigned
58547,1430,unassigned
58548,1496,Excitatory_Neuron
58549,1479,Excitatory_Neuron
58550,1430,unassigned
58551,1430,unassigned
58552,1483,Excitatory_Neuron
58553,1514,unassigned
58554,1463,Excitatory_Neuron
58555,1463,Excitatory_Neuron
58556,1497,Excitatory_Neuron
58557,1490,Immune
58558,1490,Immune
58559,1468,Excitatory_Neuron
58560,1490,Immune
58561,1501,unassigned
58562,1500,unassigned
58563,1440,Excitatory_Neuron
58564,1440,Excitatory_Neuron
58565,1430,unassigned
58566,1509,Excitatory_Neuron
58567,1487,Astro-Epen
58568,1493,Excitatory_Neuron
58569,1430,unassigned
58570,1496,Excitatory_Neuron
58571,1462,Excitatory_Neuron
58572,1483,Excitatory_Neuron
58573,1514,unassigned
58574,1430,unassigned
58575,1505,unassigned
58576,1494,unassigned
58577,1430,unassigned
58578,1435,Excitatory_Neuron
58579,1459,Excitatory_Neuron
58580,1459,Excitatory_Neuron
58581,1504,unassigned
58582,1504,unassigned
58583,1509,Excitatory_Neuron
58584,1493,Excitatory_Neuron
58585,1509,Excitatory_Neuron
58586,1509,Excitatory_Neuron
58587,1493,Excitatory_Neuron
58588,1430,unassigned
58589,1441,Excitatory_Neuron
58590,1441,Excitatory_Neuron
58591,1441,Excitatory_Neuron
58592,1442,Excitatory_Neuron
58593,1516,unassigned
58594,1479,Excitatory_Neuron
58595,1483,Excitatory_Neuron
58596,1483,Excitatory_Neuron
58597,1483,Excitatory_Neuron
58598,1463,Excitatory_Neuron
58599,1430,unassigned
58600,1430,unassigned
58601,1435,Excitatory_Neuron
58602,1435,Excitatory_Neuron
58603,1506,unassigned
58604,1459,Excitatory_Neuron
58605,1484,Excitatory_Neuron
58606,1504,unassigned
58607,1430,unassigned
58608,1441,Excitatory_Neuron
58609,1475,Excitatory_Neuron
58610,1441,Excitatory_Neuron
58611,1441,Excitatory_Neuron
58612,1516,unassigned
58613,1486,Excitatory_Neuron
58614,1490,Immune
58615,1435,Excitatory_Neuron
58616,1459,Excitatory_Neuron
58617,1459,Excitatory_Neuron
58618,1440,Excitatory_Neuron
58619,1509,Excitatory_Neuron
58620,1493,Excitatory_Neuron
58621,1430,unassigned
58622,1442,Excitatory_Neuron
58623,1442,Excitatory_Neuron
58624,1442,Excitatory_Neuron
58625,1496,Excitatory_Neuron
58626,1496,Excitatory_Neuron
58627,1516,unassigned
58628,1486,Excitatory_Neuron
58629,1486,Excitatory_Neuron
58630,1463,Excitatory_Neuron
58631,1497,Excitatory_Neuron
58632,1490,Immune
58633,1468,Excitatory_Neuron
58634,1519,unassigned
58635,1430,unassigned
58636,1430,unassigned
58637,1430,unassigned
58638,1456,Excitatory_Neuron
58639,1484,Excitatory_Neuron
58640,1459,Excitatory_Neuron
58641,1459,Excitatory_Neuron
58642,1459,Excitatory_Neuron
58643,1509,Excitatory_Neuron
58644,1487,Astro-Epen
58645,1441,Excitatory_Neuron
58646,1495,Excitatory_Neuron
58647,1441,Excitatory_Neuron
58648,1486,Excitatory_Neuron
58649,1496,Excitatory_Neuron
58650,1430,unassigned
58651,1430,unassigned
58652,1497,Excitatory_Neuron
58653,1435,Excitatory_Neuron
58654,1435,Excitatory_Neuron
58655,1484,Excitatory_Neuron
58656,1498,Excitatory_Neuron
58657,1459,Excitatory_Neuron
58658,1493,Excitatory_Neuron
58659,1430,unassigned
58660,1496,Excitatory_Neuron
58661,1496,Excitatory_Neuron
58662,1430,unassigned
58663,1430,unassigned
58664,1456,Excitatory_Neuron
58665,1456,Excitatory_Neuron
58666,1506,unassigned
58667,1459,Excitatory_Neuron
58668,1459,Excitatory_Neuron
58669,1440,Excitatory_Neuron
58670,1459,Excitatory_Neuron
58671,1430,unassigned
58672,1430,unassigned
58673,1441,Excitatory_Neuron
58674,1442,Excitatory_Neuron
58675,1438,GABA_Neuron
58676,1496,Excitatory_Neuron
58677,1496,Excitatory_Neuron
58678,1479,Excitatory_Neuron
58679,1496,Excitatory_Neuron
58680,1479,Excitatory_Neuron
58681,1462,Excitatory_Neuron
58682,1443,Excitatory_Neuron
58683,1430,unassigned
58684,1468,Excitatory_Neuron
58685,1468,Excitatory_Neuron
58686,1500,unassigned
58687,1456,Excitatory_Neuron
58688,1459,Excitatory_Neuron
58689,1498,Excitatory_Neuron
58690,1493,Excitatory_Neuron
58691,1430,unassigned
58692,1496,Excitatory_Neuron
58693,1516,unassigned
58694,1430,unassigned
58695,1496,Excitatory_Neuron
58696,1430,unassigned
58697,1483,Excitatory_Neuron
58698,1430,unassigned
58699,1462,Excitatory_Neuron
58700,1430,unassigned
58701,1435,Excitatory_Neuron
58702,1512,unassigned
58703,1459,Excitatory_Neuron
58704,1459,Excitatory_Neuron
58705,1440,Excitatory_Neuron
58706,1459,Excitatory_Neuron
58707,1440,Excitatory_Neuron
58708,1487,Astro-Epen
58709,1430,unassigned
58710,1442,Excitatory_Neuron
58711,1496,Excitatory_Neuron
58712,1430,unassigned
58713,1430,unassigned
58714,1479,Excitatory_Neuron
58715,1479,Excitatory_Neuron
58716,1462,Excitatory_Neuron
58717,1443,Excitatory_Neuron
58718,1462,Excitatory_Neuron
58719,1503,Immune
58720,1430,unassigned
58721,1494,unassigned
58722,1506,unassigned
58723,1499,unassigned
58724,1440,Excitatory_Neuron
58725,1459,Excitatory_Neuron
58726,1493,Excitatory_Neuron
58727,1495,Excitatory_Neuron
58728,1441,Excitatory_Neuron
58729,1516,unassigned
58730,1442,Excitatory_Neuron
58731,1479,Excitatory_Neuron
58732,1430,unassigned
58733,1430,unassigned
58734,1500,unassigned
58735,1512,unassigned
58736,1440,Excitatory_Neuron
58737,1440,Excitatory_Neuron
58738,1504,unassigned
58739,1487,Astro-Epen
58740,1441,Excitatory_Neuron
58741,1441,Excitatory_Neuron
58742,1441,Excitatory_Neuron
58743,1437,Excitatory_Neuron
58744,1442,Excitatory_Neuron
58745,1496,Excitatory_Neuron
58746,1516,unassigned
58747,1516,unassigned
58748,1496,Excitatory_Neuron
58749,1486,Excitatory_Neuron
58750,1479,Excitatory_Neuron
58751,1486,Excitatory_Neuron
58752,1479,Excitatory_Neuron
58753,1462,Excitatory_Neuron
58754,1467,Excitatory_Neuron
58755,1430,unassigned
58756,1519,unassigned
58757,1430,unassigned
58758,1430,unassigned
58759,1430,unassigned
58760,1512,unassigned
58761,1484,Excitatory_Neuron
58762,1459,Excitatory_Neuron
58763,1504,unassigned
58764,1509,Excitatory_Neuron
58765,1430,unassigned
58766,1493,Excitatory_Neuron
58767,1430,unassigned
58768,1441,Excitatory_Neuron
58769,1437,Excitatory_Neuron
58770,1511,unassigned
58771,1442,Excitatory_Neuron
58772,1486,Excitatory_Neuron
58773,1486,Excitatory_Neuron
58774,1443,Excitatory_Neuron
58775,1443,Excitatory_Neuron
58776,1430,unassigned
58777,1430,unassigned
58778,1430,unassigned
58779,1430,unassigned
58780,1430,unassigned
58781,1509,Excitatory_Neuron
58782,1498,Excitatory_Neuron
58783,1475,Excitatory_Neuron
58784,1442,Excitatory_Neuron
58785,1430,unassigned
58786,1516,unassigned
58787,1516,unassigned
58788,1496,Excitatory_Neuron
58789,1496,Excitatory_Neuron
58790,1483,Excitatory_Neuron
58791,1443,Excitatory_Neuron
58792,1483,Excitatory_Neuron
58793,1508,unassigned
58794,1508,unassigned
58795,1490,Immune
58796,1430,unassigned
58797,1519,unassigned
58798,1430,unassigned
58799,1500,unassigned
58800,1501,unassigned
58801,1430,unassigned
58802,1440,Excitatory_Neuron
58803,1440,Excitatory_Neuron
58804,1509,Excitatory_Neuron
58805,1487,Astro-Epen
58806,1493,Excitatory_Neuron
58807,1493,Excitatory_Neuron
58808,1495,Excitatory_Neuron
58809,1493,Excitatory_Neuron
58810,1441,Excitatory_Neuron
58811,1441,Excitatory_Neuron
58812,1442,Excitatory_Neuron
58813,1437,Excitatory_Neuron
58814,1496,Excitatory_Neuron
58815,1516,unassigned
58816,1486,Excitatory_Neuron
58817,1430,unassigned
58818,1486,Excitatory_Neuron
58819,1486,Excitatory_Neuron
58820,1430,unassigned
58821,1462,Excitatory_Neuron
58822,1463,Excitatory_Neuron
58823,1483,Excitatory_Neuron
58824,1483,Excitatory_Neuron
58825,1490,Immune
58826,1490,Immune
58827,1490,Immune
58828,1430,unassigned
58829,1430,unassigned
58830,1430,unassigned
58831,1447,Excitatory_Neuron
58832,1459,Excitatory_Neuron
58833,1484,Excitatory_Neuron
58834,1484,Excitatory_Neuron
58835,1440,Excitatory_Neuron
58836,1498,Excitatory_Neuron
58837,1441,Excitatory_Neuron
58838,1495,Excitatory_Neuron
58839,1430,unassigned
58840,1430,unassigned
58841,1430,unassigned
58842,1430,unassigned
58843,1479,Excitatory_Neuron
58844,1430,unassigned
58845,1462,Excitatory_Neuron
58846,1430,unassigned
58847,1467,Excitatory_Neuron
58848,1497,Excitatory_Neuron
58849,1430,unassigned
58850,1519,unassigned
58851,1456,Excitatory_Neuron
58852,1435,Excitatory_Neuron
58853,1484,Excitatory_Neuron
58854,1440,Excitatory_Neuron
58855,1484,Excitatory_Neuron
58856,1484,Excitatory_Neuron
58857,1484,Excitatory_Neuron
58858,1498,Excitatory_Neuron
58859,1487,Astro-Epen
58860,1430,unassigned
58861,1430,unassigned
58862,1443,Excitatory_Neuron
58863,1430,unassigned
58864,1503,Immune
58865,1490,Immune
58866,1456,Excitatory_Neuron
58867,1499,unassigned
58868,1512,unassigned
58869,1459,Excitatory_Neuron
58870,1441,Excitatory_Neuron
58871,1430,unassigned
58872,1441,Excitatory_Neuron
58873,1462,Excitatory_Neuron
58874,1479,Excitatory_Neuron
58875,1430,unassigned
58876,1483,Excitatory_Neuron
58877,1463,Excitatory_Neuron
58878,1430,unassigned
58879,1490,Immune
58880,1430,unassigned
58881,1508,unassigned
58882,1430,unassigned
58883,1519,unassigned
58884,1430,unassigned
58885,1430,unassigned
58886,1459,Excitatory_Neuron
58887,1498,Excitatory_Neuron
58888,1487,Astro-Epen
58889,1430,unassigned
58890,1430,unassigned
58891,1475,Excitatory_Neuron
58892,1516,unassigned
58893,1486,Excitatory_Neuron
58894,1486,Excitatory_Neuron
58895,1430,unassigned
58896,1443,Excitatory_Neuron
58897,1508,unassigned
58898,1503,Immune
58899,1506,unassigned
58900,1430,unassigned
58901,1447,Excitatory_Neuron
58902,1456,Excitatory_Neuron
58903,1499,unassigned
58904,1440,Excitatory_Neuron
58905,1440,Excitatory_Neuron
58906,1498,Excitatory_Neuron
58907,1487,Astro-Epen
58908,1430,unassigned
58909,1441,Excitatory_Neuron
58910,1442,Excitatory_Neuron
58911,1442,Excitatory_Neuron
58912,1437,Excitatory_Neuron
58913,1430,unassigned
58914,1442,Excitatory_Neuron
58915,1442,Excitatory_Neuron
58916,1486,Excitatory_Neuron
58917,1496,Excitatory_Neuron
58918,1462,Excitatory_Neuron
58919,1443,Excitatory_Neuron
58920,1483,Excitatory_Neuron
58921,1483,Excitatory_Neuron
58922,1490,Immune
58923,1490,Immune
58924,1430,unassigned
58925,1520,unassigned
58926,1430,unassigned
58927,1459,Excitatory_Neuron
58928,1512,unassigned
58929,1459,Excitatory_Neuron
58930,1493,Excitatory_Neuron
58931,1430,unassigned
58932,1441,Excitatory_Neuron
58933,1430,unassigned
58934,1495,Excitatory_Neuron
58935,1441,Excitatory_Neuron
58936,1430,unassigned
58937,1475,Excitatory_Neuron
58938,1496,Excitatory_Neuron
58939,1516,unassigned
58940,1496,Excitatory_Neuron
58941,1516,unassigned
58942,1430,unassigned
58943,1479,Excitatory_Neuron
58944,1463,Excitatory_Neuron
58945,1490,Immune
58946,1490,Immune
58947,1508,unassigned
58948,1430,unassigned
58949,1500,unassigned
58950,1507,unassigned
58951,1447,Excitatory_Neuron
58952,1459,Excitatory_Neuron
58953,1484,Excitatory_Neuron
58954,1512,unassigned
58955,1459,Excitatory_Neuron
58956,1440,Excitatory_Neuron
58957,1509,Excitatory_Neuron
58958,1441,Excitatory_Neuron
58959,1441,Excitatory_Neuron
58960,1441,Excitatory_Neuron
58961,1518,unassigned
58962,1521,unassigned
58963,1516,unassigned
58964,1462,Excitatory_Neuron
58965,1462,Excitatory_Neuron
58966,1430,unassigned
58967,1456,Excitatory_Neuron
58968,1440,Excitatory_Neuron
58969,1459,Excitatory_Neuron
58970,1430,unassigned
58971,1441,Excitatory_Neuron
58972,1493,Excitatory_Neuron
58973,1441,Excitatory_Neuron
58974,1441,Excitatory_Neuron
58975,1475,Excitatory_Neuron
58976,1521,unassigned
58977,1516,unassigned
58978,1462,Excitatory_Neuron
58979,1483,Excitatory_Neuron
58980,1463,Excitatory_Neuron
58981,1430,unassigned
58982,1483,Excitatory_Neuron
58983,1508,unassigned
58984,1503,Immune
58985,1430,unassigned
58986,1490,Immune
58987,1430,unassigned
58988,1484,Excitatory_Neuron
58989,1493,Excitatory_Neuron
58990,1441,Excitatory_Neuron
58991,1493,Excitatory_Neuron
58992,1487,Astro-Epen
58993,1441,Excitatory_Neuron
58994,1441,Excitatory_Neuron
58995,1441,Excitatory_Neuron
58996,1442,Excitatory_Neuron
58997,1437,Excitatory_Neuron
58998,1430,unassigned
58999,1442,Excitatory_Neuron
59000,1438,GABA_Neuron
59001,1430,unassigned
59002,1479,Excitatory_Neuron
59003,1430,unassigned
59004,1508,unassigned
59005,1430,unassigned
59006,1505,unassigned
59007,1430,unassigned
59008,1430,unassigned
59009,1435,Excitatory_Neuron
59010,1459,Excitatory_Neuron
59011,1459,Excitatory_Neuron
59012,1459,Excitatory_Neuron
59013,1440,Excitatory_Neuron
59014,1498,Excitatory_Neuron
59015,1498,Excitatory_Neuron
59016,1430,unassigned
59017,1498,Excitatory_Neuron
59018,1504,unassigned
59019,1487,Astro-Epen
59020,1493,Excitatory_Neuron
59021,1475,Excitatory_Neuron
59022,1442,Excitatory_Neuron
59023,1430,unassigned
59024,1521,unassigned
59025,1521,unassigned
59026,1430,unassigned
59027,1463,Excitatory_Neuron
59028,1430,unassigned
59029,1508,unassigned
59030,1430,unassigned
59031,1430,unassigned
59032,1430,unassigned
59033,1447,Excitatory_Neuron
59034,1484,Excitatory_Neuron
59035,1440,Excitatory_Neuron
59036,1430,unassigned
59037,1440,Excitatory_Neuron
59038,1504,unassigned
59039,1509,Excitatory_Neuron
59040,1509,Excitatory_Neuron
59041,1509,Excitatory_Neuron
59042,1430,unassigned
59043,1438,GABA_Neuron
59044,1442,Excitatory_Neuron
59045,1521,unassigned
59046,1438,GABA_Neuron
59047,1430,unassigned
59048,1430,unassigned
59049,1479,Excitatory_Neuron
59050,1462,Excitatory_Neuron
59051,1483,Excitatory_Neuron
59052,1483,Excitatory_Neuron
59053,1430,unassigned
59054,1508,unassigned
59055,1430,unassigned
59056,1490,Immune
59057,1430,unassigned
59058,1456,Excitatory_Neuron
59059,1484,Excitatory_Neuron
59060,1504,unassigned
59061,1440,Excitatory_Neuron
59062,1509,Excitatory_Neuron
59063,1430,unassigned
59064,1495,Excitatory_Neuron
59065,1441,Excitatory_Neuron
59066,1430,unassigned
59067,1479,Excitatory_Neuron
59068,1496,Excitatory_Neuron
59069,1486,Excitatory_Neuron
59070,1430,unassigned
59071,1430,unassigned
59072,1456,Excitatory_Neuron
59073,1456,Excitatory_Neuron
59074,1430,unassigned
59075,1506,unassigned
59076,1459,Excitatory_Neuron
59077,1504,unassigned
59078,1441,Excitatory_Neuron
59079,1441,Excitatory_Neuron
59080,1430,unassigned
59081,1437,Excitatory_Neuron
59082,1522,unassigned
59083,1430,unassigned
59084,1523,unassigned
59085,1430,unassigned
59086,1430,unassigned
59087,1463,Excitatory_Neuron
59088,1490,Immune
59089,1503,Immune
59090,1507,unassigned
59091,1435,Excitatory_Neuron
59092,1459,Excitatory_Neuron
59093,1435,Excitatory_Neuron
59094,1512,unassigned
59095,1459,Excitatory_Neuron
59096,1484,Excitatory_Neuron
59097,1440,Excitatory_Neuron
59098,1430,unassigned
59099,1459,Excitatory_Neuron
59100,1509,Excitatory_Neuron
59101,1493,Excitatory_Neuron
59102,1487,Astro-Epen
59103,1430,unassigned
59104,1437,Excitatory_Neuron
59105,1430,unassigned
59106,1430,unassigned
59107,1442,Excitatory_Neuron
59108,1430,unassigned
59109,1430,unassigned
59110,1462,Excitatory_Neuron
59111,1483,Excitatory_Neuron
59112,1430,unassigned
59113,1430,unassigned
59114,1430,unassigned
59115,1490,Immune
59116,1430,unassigned
59117,1519,unassigned
59118,1494,unassigned
59119,1505,unassigned
59120,1430,unassigned
59121,1506,unassigned
59122,1430,unassigned
59123,1459,Excitatory_Neuron
59124,1484,Excitatory_Neuron
59125,1504,unassigned
59126,1430,unassigned
59127,1430,unassigned
59128,1430,unassigned
59129,1495,Excitatory_Neuron
59130,1515,unassigned
59131,1441,Excitatory_Neuron
59132,1515,unassigned
59133,1430,unassigned
59134,1442,Excitatory_Neuron
59135,1496,Excitatory_Neuron
59136,1479,Excitatory_Neuron
59137,1496,Excitatory_Neuron
59138,1479,Excitatory_Neuron
59139,1430,unassigned
59140,1463,Excitatory_Neuron
59141,1483,Excitatory_Neuron
59142,1430,unassigned
59143,1500,unassigned
59144,1506,unassigned
59145,1430,unassigned
59146,1459,Excitatory_Neuron
59147,1430,unassigned
59148,1440,Excitatory_Neuron
59149,1459,Excitatory_Neuron
59150,1440,Excitatory_Neuron
59151,1504,unassigned
59152,1504,unassigned
59153,1430,unassigned
59154,1509,Excitatory_Neuron
59155,1509,Excitatory_Neuron
59156,1509,Excitatory_Neuron
59157,1495,Excitatory_Neuron
59158,1437,Excitatory_Neuron
59159,1430,unassigned
59160,1442,Excitatory_Neuron
59161,1442,Excitatory_Neuron
59162,1442,Excitatory_Neuron
59163,1496,Excitatory_Neuron
59164,1430,unassigned
59165,1503,Immune
59166,1430,unassigned
59167,1430,unassigned
59168,1508,unassigned
59169,1484,Excitatory_Neuron
59170,1484,Excitatory_Neuron
59171,1459,Excitatory_Neuron
59172,1430,unassigned
59173,1504,unassigned
59174,1430,unassigned
59175,1430,unassigned
59176,1509,Excitatory_Neuron
59177,1441,Excitatory_Neuron
59178,1442,Excitatory_Neuron
59179,1437,Excitatory_Neuron
59180,1442,Excitatory_Neuron
59181,1496,Excitatory_Neuron
59182,1479,Excitatory_Neuron
59183,1462,Excitatory_Neuron
59184,1430,unassigned
59185,1483,Excitatory_Neuron
59186,1497,Excitatory_Neuron
59187,1430,unassigned
59188,1435,Excitatory_Neuron
59189,1430,unassigned
59190,1440,Excitatory_Neuron
59191,1498,Excitatory_Neuron
59192,1509,Excitatory_Neuron
59193,1441,Excitatory_Neuron
59194,1441,Excitatory_Neuron
59195,1430,unassigned
59196,1430,unassigned
59197,1521,unassigned
59198,1486,Excitatory_Neuron
59199,1479,Excitatory_Neuron
59200,1486,Excitatory_Neuron
59201,1483,Excitatory_Neuron
59202,1430,unassigned
59203,1503,Immune
59204,1512,unassigned
59205,1504,unassigned
59206,1504,unassigned
59207,1430,unassigned
59208,1430,unassigned
59209,1493,Excitatory_Neuron
59210,1495,Excitatory_Neuron
59211,1430,unassigned
59212,1475,Excitatory_Neuron
59213,1475,Excitatory_Neuron
59214,1475,Excitatory_Neuron
59215,1430,unassigned
59216,1442,Excitatory_Neuron
59217,1437,Excitatory_Neuron
59218,1430,unassigned
59219,1521,unassigned
59220,1521,unassigned
59221,1516,unassigned
59222,1443,Excitatory_Neuron
59223,1497,Excitatory_Neuron
59224,1430,unassigned
59225,1430,unassigned
59226,1430,unassigned
59227,1505,unassigned
59228,1512,unassigned
59229,1504,unassigned
59230,1459,Excitatory_Neuron
59231,1509,Excitatory_Neuron
59232,1487,Astro-Epen
59233,1441,Excitatory_Neuron
59234,1441,Excitatory_Neuron
59235,1495,Excitatory_Neuron
59236,1430,unassigned
59237,1441,Excitatory_Neuron
59238,1442,Excitatory_Neuron
59239,1430,unassigned
59240,1442,Excitatory_Neuron
59241,1430,unassigned
59242,1430,unassigned
59243,1483,Excitatory_Neuron
59244,1463,Excitatory_Neuron
59245,1430,unassigned
59246,1503,Immune
59247,1430,unassigned
59248,1508,unassigned
59249,1490,Immune
59250,1508,unassigned
59251,1430,unassigned
59252,1497,Excitatory_Neuron
59253,1430,unassigned
59254,1430,unassigned
59255,1501,unassigned
59256,1430,unassigned
59257,1430,unassigned
59258,1506,unassigned
59259,1459,Excitatory_Neuron
59260,1498,Excitatory_Neuron
59261,1509,Excitatory_Neuron
59262,1509,Excitatory_Neuron
59263,1487,Astro-Epen
59264,1493,Excitatory_Neuron
59265,1430,unassigned
59266,1430,unassigned
59267,1443,Excitatory_Neuron
59268,1430,unassigned
59269,1503,Immune
59270,1503,Immune
59271,1490,Immune
59272,1430,unassigned
59273,1430,unassigned
59274,1430,unassigned
59275,1500,unassigned
59276,1501,unassigned
59277,1456,Excitatory_Neuron
59278,1507,unassigned
59279,1456,Excitatory_Neuron
59280,1430,unassigned
59281,1459,Excitatory_Neuron
59282,1459,Excitatory_Neuron
59283,1437,Excitatory_Neuron
59284,1496,Excitatory_Neuron
59285,1463,Excitatory_Neuron
59286,1430,unassigned
59287,1503,Immune
59288,1490,Immune
59289,1508,unassigned
59290,1508,unassigned
59291,1430,unassigned
59292,1435,Excitatory_Neuron
59293,1475,Excitatory_Neuron
59294,1430,unassigned
59295,1514,unassigned
59296,1463,Excitatory_Neuron
59297,1430,unassigned
59298,1497,Excitatory_Neuron
59299,1430,unassigned
59300,1512,unassigned
59301,1512,unassigned
59302,1430,unassigned
59303,1484,Excitatory_Neuron
59304,1459,Excitatory_Neuron
59305,1484,Excitatory_Neuron
59306,1430,unassigned
59307,1430,unassigned
59308,1504,unassigned
59309,1504,unassigned
59310,1459,Excitatory_Neuron
59311,1459,Excitatory_Neuron
59312,1459,Excitatory_Neuron
59313,1440,Excitatory_Neuron
59314,1504,unassigned
59315,1430,unassigned
59316,1430,unassigned
59317,1441,Excitatory_Neuron
59318,1509,Excitatory_Neuron
59319,1509,Excitatory_Neuron
59320,1430,unassigned
59321,1509,Excitatory_Neuron
59322,1487,Astro-Epen
59323,1509,Excitatory_Neuron
59324,1430,unassigned
59325,1487,Astro-Epen
59326,1495,Excitatory_Neuron
59327,1495,Excitatory_Neuron
59328,1441,Excitatory_Neuron
59329,1495,Excitatory_Neuron
59330,1441,Excitatory_Neuron
59331,1430,unassigned
59332,1487,Astro-Epen
59333,1430,unassigned
59334,1441,Excitatory_Neuron
59335,1430,unassigned
59336,1441,Excitatory_Neuron
59337,1442,Excitatory_Neuron
59338,1430,unassigned
59339,1430,unassigned
59340,1430,unassigned
59341,1442,Excitatory_Neuron
59342,1442,Excitatory_Neuron
59343,1441,Excitatory_Neuron
59344,1475,Excitatory_Neuron
59345,1437,Excitatory_Neuron
59346,1430,unassigned
59347,1430,unassigned
59348,1524,unassigned
59349,1442,Excitatory_Neuron
59350,1442,Excitatory_Neuron
59351,1442,Excitatory_Neuron
59352,1442,Excitatory_Neuron
59353,1430,unassigned
59354,1524,unassigned
59355,1518,unassigned
59356,1518,unassigned
59357,1524,unassigned
59358,1516,unassigned
59359,1496,Excitatory_Neuron
59360,1442,Excitatory_Neuron
59361,1521,unassigned
59362,1521,unassigned
59363,1430,unassigned
59364,1521,unassigned
59365,1442,Excitatory_Neuron
59366,1496,Excitatory_Neuron
59367,1496,Excitatory_Neuron
59368,1430,unassigned
59369,1479,Excitatory_Neuron
59370,1479,Excitatory_Neuron
59371,1486,Excitatory_Neuron
59372,1486,Excitatory_Neuron
59373,1430,unassigned
59374,1430,unassigned
59375,1443,Excitatory_Neuron
59376,1462,Excitatory_Neuron
59377,1462,Excitatory_Neuron
59378,1462,Excitatory_Neuron
59379,1430,unassigned
59380,1483,Excitatory_Neuron
59381,1463,Excitatory_Neuron
59382,1463,Excitatory_Neuron
59383,1430,unassigned
59384,1430,unassigned
59385,1430,unassigned
59386,1430,unassigned
59387,1512,unassigned
59388,1459,Excitatory_Neuron
59389,1498,Excitatory_Neuron
59390,1441,Excitatory_Neuron
59391,1441,Excitatory_Neuron
59392,1495,Excitatory_Neuron
59393,1487,Astro-Epen
59394,1441,Excitatory_Neuron
59395,1441,Excitatory_Neuron
59396,1495,Excitatory_Neuron
59397,1430,unassigned
59398,1437,Excitatory_Neuron
59399,1524,unassigned
59400,1430,unassigned
59401,1522,unassigned
59402,1430,unassigned
59403,1430,unassigned
59404,1462,Excitatory_Neuron
59405,1462,Excitatory_Neuron
59406,1462,Excitatory_Neuron
59407,1483,Excitatory_Neuron
59408,1497,Excitatory_Neuron
59409,1441,Excitatory_Neuron
59410,1441,Excitatory_Neuron
59411,1430,unassigned
59412,1430,unassigned
59413,1462,Excitatory_Neuron
59414,1430,unassigned
59415,1483,Excitatory_Neuron
59416,1483,Excitatory_Neuron
59417,1430,unassigned
59418,1490,Immune
59419,1490,Immune
59420,1490,Immune
59421,1430,unassigned
59422,1430,unassigned
59423,1525,unassigned
59424,1525,unassigned
59425,1526,Excitatory_Neuron
59426,1527,unassigned
59427,1525,unassigned
59428,1528,Excitatory_Neuron
59429,1529,Excitatory_Neuron
59430,1530,Excitatory_Neuron
59431,1531,Excitatory_Neuron
59432,1532,unassigned
59433,1527,unassigned
59434,1533,unassigned
59435,1534,Excitatory_Neuron
59436,1535,Excitatory_Neuron
59437,1536,Excitatory_Neuron
59438,1525,unassigned
59439,1525,unassigned
59440,1535,Excitatory_Neuron
59441,1525,unassigned
59442,1525,unassigned
59443,1527,unassigned
59444,1526,Excitatory_Neuron
59445,1526,Excitatory_Neuron
59446,1537,Excitatory_Neuron
59447,1526,Excitatory_Neuron
59448,1528,Excitatory_Neuron
59449,1538,Astro-Epen
59450,1538,Astro-Epen
59451,1538,Astro-Epen
59452,1528,Excitatory_Neuron
59453,1525,unassigned
59454,1525,unassigned
59455,1525,unassigned
59456,1525,unassigned
59457,1525,unassigned
59458,1539,Excitatory_Neuron
59459,1530,Excitatory_Neuron
59460,1525,unassigned
59461,1529,Excitatory_Neuron
59462,1525,unassigned
59463,1531,Excitatory_Neuron
59464,1531,Excitatory_Neuron
59465,1540,Excitatory_Neuron
59466,1540,Excitatory_Neuron
59467,1525,unassigned
59468,1541,Vascular
59469,1542,unassigned
59470,1543,Excitatory_Neuron
59471,1544,unassigned
59472,1525,unassigned
59473,1543,Excitatory_Neuron
59474,1543,Excitatory_Neuron
59475,1545,Excitatory_Neuron
59476,1546,Excitatory_Neuron
59477,1545,Excitatory_Neuron
59478,1545,Excitatory_Neuron
59479,1545,Excitatory_Neuron
59480,1525,unassigned
59481,1525,unassigned
59482,1547,unassigned
59483,1548,Excitatory_Neuron
59484,1549,Excitatory_Neuron
59485,1547,unassigned
59486,1545,Excitatory_Neuron
59487,1525,unassigned
59488,1549,Excitatory_Neuron
59489,1549,Excitatory_Neuron
59490,1549,Excitatory_Neuron
59491,1525,unassigned
59492,1550,unassigned
59493,1525,unassigned
59494,1548,Excitatory_Neuron
59495,1549,Excitatory_Neuron
59496,1550,unassigned
59497,1545,Excitatory_Neuron
59498,1549,Excitatory_Neuron
59499,1549,Excitatory_Neuron
59500,1525,unassigned
59501,1534,Excitatory_Neuron
59502,1525,unassigned
59503,1534,Excitatory_Neuron
59504,1534,Excitatory_Neuron
59505,1551,Excitatory_Neuron
59506,1552,Excitatory_Neuron
59507,1534,Excitatory_Neuron
59508,1551,Excitatory_Neuron
59509,1551,Excitatory_Neuron
59510,1552,Excitatory_Neuron
59511,1553,Excitatory_Neuron
59512,1534,Excitatory_Neuron
59513,1525,unassigned
59514,1552,Excitatory_Neuron
59515,1551,Excitatory_Neuron
59516,1534,Excitatory_Neuron
59517,1551,Excitatory_Neuron
59518,1554,unassigned
59519,1551,Excitatory_Neuron
59520,1534,Excitatory_Neuron
59521,1551,Excitatory_Neuron
59522,1555,Excitatory_Neuron
59523,1552,Excitatory_Neuron
59524,1551,Excitatory_Neuron
59525,1553,Excitatory_Neuron
59526,1552,Excitatory_Neuron
59527,1551,Excitatory_Neuron
59528,1551,Excitatory_Neuron
59529,1555,Excitatory_Neuron
59530,1534,Excitatory_Neuron
59531,1551,Excitatory_Neuron
59532,1525,unassigned
59533,1525,unassigned
59534,1525,unassigned
59535,1551,Excitatory_Neuron
59536,1551,Excitatory_Neuron
59537,1551,Excitatory_Neuron
59538,1535,Excitatory_Neuron
59539,1526,Excitatory_Neuron
59540,1537,Excitatory_Neuron
59541,1529,Excitatory_Neuron
59542,1529,Excitatory_Neuron
59543,1525,unassigned
59544,1549,Excitatory_Neuron
59545,1552,Excitatory_Neuron
59546,1552,Excitatory_Neuron
59547,1525,unassigned
59548,1525,unassigned
59549,1529,Excitatory_Neuron
59550,1551,Excitatory_Neuron
59551,1535,Excitatory_Neuron
59552,1528,Excitatory_Neuron
59553,1528,Excitatory_Neuron
59554,1529,Excitatory_Neuron
59555,1525,unassigned
59556,1556,unassigned
59557,1546,Excitatory_Neuron
59558,1545,Excitatory_Neuron
59559,1525,unassigned
59560,1550,unassigned
59561,1548,Excitatory_Neuron
59562,1548,Excitatory_Neuron
59563,1525,unassigned
59564,1553,Excitatory_Neuron
59565,1555,Excitatory_Neuron
59566,1534,Excitatory_Neuron
59567,1525,unassigned
59568,1557,Excitatory_Neuron
59569,1525,unassigned
59570,1525,unassigned
59571,1525,unassigned
59572,1525,unassigned
59573,1531,Excitatory_Neuron
59574,1543,Excitatory_Neuron
59575,1525,unassigned
59576,1541,Vascular
59577,1545,Excitatory_Neuron
59578,1545,Excitatory_Neuron
59579,1551,Excitatory_Neuron
59580,1551,Excitatory_Neuron
59581,1555,Excitatory_Neuron
59582,1555,Excitatory_Neuron
59583,1552,Excitatory_Neuron
59584,1555,Excitatory_Neuron
59585,1527,unassigned
59586,1530,Excitatory_Neuron
59587,1531,Excitatory_Neuron
59588,1543,Excitatory_Neuron
59589,1546,Excitatory_Neuron
59590,1546,Excitatory_Neuron
59591,1548,Excitatory_Neuron
59592,1550,unassigned
59593,1548,Excitatory_Neuron
59594,1548,Excitatory_Neuron
59595,1552,Excitatory_Neuron
59596,1534,Excitatory_Neuron
59597,1534,Excitatory_Neuron
59598,1552,Excitatory_Neuron
59599,1534,Excitatory_Neuron
59600,1555,Excitatory_Neuron
59601,1525,unassigned
59602,1555,Excitatory_Neuron
59603,1558,unassigned
59604,1527,unassigned
59605,1525,unassigned
59606,1528,Excitatory_Neuron
59607,1525,unassigned
59608,1559,unassigned
59609,1530,Excitatory_Neuron
59610,1530,Excitatory_Neuron
59611,1560,unassigned
59612,1560,unassigned
59613,1545,Excitatory_Neuron
59614,1545,Excitatory_Neuron
59615,1525,unassigned
59616,1525,unassigned
59617,1534,Excitatory_Neuron
59618,1558,unassigned
59619,1528,Excitatory_Neuron
59620,1529,Excitatory_Neuron
59621,1539,Excitatory_Neuron
59622,1530,Excitatory_Neuron
59623,1531,Excitatory_Neuron
59624,1531,Excitatory_Neuron
59625,1525,unassigned
59626,1556,unassigned
59627,1561,unassigned
59628,1545,Excitatory_Neuron
59629,1525,unassigned
59630,1527,unassigned
59631,1527,unassigned
59632,1531,Excitatory_Neuron
59633,1540,Excitatory_Neuron
59634,1543,Excitatory_Neuron
59635,1541,Vascular
59636,1525,unassigned
59637,1561,unassigned
59638,1550,unassigned
59639,1549,Excitatory_Neuron
59640,1549,Excitatory_Neuron
59641,1525,unassigned
59642,1552,Excitatory_Neuron
59643,1525,unassigned
59644,1553,Excitatory_Neuron
59645,1551,Excitatory_Neuron
59646,1558,unassigned
59647,1525,unassigned
59648,1525,unassigned
59649,1537,Excitatory_Neuron
59650,1525,unassigned
59651,1562,Excitatory_Neuron
59652,1546,Excitatory_Neuron
59653,1546,Excitatory_Neuron
59654,1546,Excitatory_Neuron
59655,1547,unassigned
59656,1550,unassigned
59657,1550,unassigned
59658,1534,Excitatory_Neuron
59659,1551,Excitatory_Neuron
59660,1551,Excitatory_Neuron
59661,1525,unassigned
59662,1554,unassigned
59663,1535,Excitatory_Neuron
59664,1527,unassigned
59665,1537,Excitatory_Neuron
59666,1537,Excitatory_Neuron
59667,1528,Excitatory_Neuron
59668,1525,unassigned
59669,1563,unassigned
59670,1560,unassigned
59671,1560,unassigned
59672,1541,Vascular
59673,1541,Vascular
59674,1543,Excitatory_Neuron
59675,1543,Excitatory_Neuron
59676,1545,Excitatory_Neuron
59677,1561,unassigned
59678,1548,Excitatory_Neuron
59679,1547,unassigned
59680,1525,unassigned
59681,1553,Excitatory_Neuron
59682,1534,Excitatory_Neuron
59683,1534,Excitatory_Neuron
59684,1551,Excitatory_Neuron
59685,1564,unassigned
59686,1565,unassigned
59687,1525,unassigned
59688,1526,Excitatory_Neuron
59689,1527,unassigned
59690,1525,unassigned
59691,1538,Astro-Epen
59692,1529,Excitatory_Neuron
59693,1529,Excitatory_Neuron
59694,1529,Excitatory_Neuron
59695,1541,Vascular
59696,1556,unassigned
59697,1550,unassigned
59698,1549,Excitatory_Neuron
59699,1549,Excitatory_Neuron
59700,1525,unassigned
59701,1525,unassigned
59702,1534,Excitatory_Neuron
59703,1525,unassigned
59704,1551,Excitatory_Neuron
59705,1551,Excitatory_Neuron
59706,1565,unassigned
59707,1526,Excitatory_Neuron
59708,1566,Excitatory_Neuron
59709,1528,Excitatory_Neuron
59710,1530,Excitatory_Neuron
59711,1530,Excitatory_Neuron
59712,1525,unassigned
59713,1560,unassigned
59714,1560,unassigned
59715,1545,Excitatory_Neuron
59716,1543,Excitatory_Neuron
59717,1549,Excitatory_Neuron
59718,1545,Excitatory_Neuron
59719,1534,Excitatory_Neuron
59720,1525,unassigned
59721,1565,unassigned
59722,1525,unassigned
59723,1527,unassigned
59724,1525,unassigned
59725,1525,unassigned
59726,1529,Excitatory_Neuron
59727,1530,Excitatory_Neuron
59728,1562,Excitatory_Neuron
59729,1531,Excitatory_Neuron
59730,1567,unassigned
59731,1541,Vascular
59732,1560,unassigned
59733,1531,Excitatory_Neuron
59734,1543,Excitatory_Neuron
59735,1550,unassigned
59736,1549,Excitatory_Neuron
59737,1534,Excitatory_Neuron
59738,1534,Excitatory_Neuron
59739,1552,Excitatory_Neuron
59740,1552,Excitatory_Neuron
59741,1554,unassigned
59742,1568,unassigned
59743,1525,unassigned
59744,1525,unassigned
59745,1525,unassigned
59746,1528,Excitatory_Neuron
59747,1569,unassigned
59748,1529,Excitatory_Neuron
59749,1525,unassigned
59750,1530,Excitatory_Neuron
59751,1562,Excitatory_Neuron
59752,1525,unassigned
59753,1543,Excitatory_Neuron
59754,1541,Vascular
59755,1525,unassigned
59756,1545,Excitatory_Neuron
59757,1525,unassigned
59758,1525,unassigned
59759,1549,Excitatory_Neuron
59760,1551,Excitatory_Neuron
59761,1525,unassigned
59762,1525,unassigned
59763,1525,unassigned
59764,1553,Excitatory_Neuron
59765,1526,Excitatory_Neuron
59766,1526,Excitatory_Neuron
59767,1570,unassigned
59768,1566,Excitatory_Neuron
59769,1528,Excitatory_Neuron
59770,1528,Excitatory_Neuron
59771,1528,Excitatory_Neuron
59772,1529,Excitatory_Neuron
59773,1529,Excitatory_Neuron
59774,1567,unassigned
59775,1540,Excitatory_Neuron
59776,1556,unassigned
59777,1571,Excitatory_Neuron
59778,1571,Excitatory_Neuron
59779,1545,Excitatory_Neuron
59780,1549,Excitatory_Neuron
59781,1525,unassigned
59782,1552,Excitatory_Neuron
59783,1549,Excitatory_Neuron
59784,1526,Excitatory_Neuron
59785,1526,Excitatory_Neuron
59786,1525,unassigned
59787,1539,Excitatory_Neuron
59788,1530,Excitatory_Neuron
59789,1571,Excitatory_Neuron
59790,1540,Excitatory_Neuron
59791,1543,Excitatory_Neuron
59792,1541,Vascular
59793,1543,Excitatory_Neuron
59794,1545,Excitatory_Neuron
59795,1525,unassigned
59796,1551,Excitatory_Neuron
59797,1525,unassigned
59798,1534,Excitatory_Neuron
59799,1558,unassigned
59800,1528,Excitatory_Neuron
59801,1566,Excitatory_Neuron
59802,1528,Excitatory_Neuron
59803,1530,Excitatory_Neuron
59804,1525,unassigned
59805,1563,unassigned
59806,1560,unassigned
59807,1525,unassigned
59808,1546,Excitatory_Neuron
59809,1545,Excitatory_Neuron
59810,1525,unassigned
59811,1534,Excitatory_Neuron
59812,1553,Excitatory_Neuron
59813,1552,Excitatory_Neuron
59814,1572,unassigned
59815,1525,unassigned
59816,1537,Excitatory_Neuron
59817,1569,unassigned
59818,1529,Excitatory_Neuron
59819,1529,Excitatory_Neuron
59820,1530,Excitatory_Neuron
59821,1560,unassigned
59822,1540,Excitatory_Neuron
59823,1543,Excitatory_Neuron
59824,1541,Vascular
59825,1525,unassigned
59826,1571,Excitatory_Neuron
59827,1525,unassigned
59828,1525,unassigned
59829,1546,Excitatory_Neuron
59830,1561,unassigned
59831,1555,Excitatory_Neuron
59832,1554,unassigned
59833,1551,Excitatory_Neuron
59834,1534,Excitatory_Neuron
59835,1535,Excitatory_Neuron
59836,1526,Excitatory_Neuron
59837,1528,Excitatory_Neuron
59838,1529,Excitatory_Neuron
59839,1559,unassigned
59840,1529,Excitatory_Neuron
59841,1530,Excitatory_Neuron
59842,1541,Vascular
59843,1540,Excitatory_Neuron
59844,1571,Excitatory_Neuron
59845,1573,unassigned
59846,1545,Excitatory_Neuron
59847,1548,Excitatory_Neuron
59848,1548,Excitatory_Neuron
59849,1549,Excitatory_Neuron
59850,1548,Excitatory_Neuron
59851,1553,Excitatory_Neuron
59852,1553,Excitatory_Neuron
59853,1553,Excitatory_Neuron
59854,1525,unassigned
59855,1525,unassigned
59856,1536,Excitatory_Neuron
59857,1526,Excitatory_Neuron
59858,1528,Excitatory_Neuron
59859,1525,unassigned
59860,1530,Excitatory_Neuron
59861,1531,Excitatory_Neuron
59862,1541,Vascular
59863,1531,Excitatory_Neuron
59864,1546,Excitatory_Neuron
59865,1545,Excitatory_Neuron
59866,1525,unassigned
59867,1561,unassigned
59868,1525,unassigned
59869,1551,Excitatory_Neuron
59870,1553,Excitatory_Neuron
59871,1549,Excitatory_Neuron
59872,1553,Excitatory_Neuron
59873,1551,Excitatory_Neuron
59874,1534,Excitatory_Neuron
59875,1525,unassigned
59876,1529,Excitatory_Neuron
59877,1530,Excitatory_Neuron
59878,1529,Excitatory_Neuron
59879,1530,Excitatory_Neuron
59880,1550,unassigned
59881,1545,Excitatory_Neuron
59882,1545,Excitatory_Neuron
59883,1526,Excitatory_Neuron
59884,1527,unassigned
59885,1527,unassigned
59886,1526,Excitatory_Neuron
59887,1526,Excitatory_Neuron
59888,1528,Excitatory_Neuron
59889,1528,Excitatory_Neuron
59890,1525,unassigned
59891,1530,Excitatory_Neuron
59892,1530,Excitatory_Neuron
59893,1562,Excitatory_Neuron
59894,1541,Vascular
59895,1545,Excitatory_Neuron
59896,1546,Excitatory_Neuron
59897,1545,Excitatory_Neuron
59898,1545,Excitatory_Neuron
59899,1525,unassigned
59900,1550,unassigned
59901,1550,unassigned
59902,1553,Excitatory_Neuron
59903,1551,Excitatory_Neuron
59904,1553,Excitatory_Neuron
59905,1525,unassigned
59906,1551,Excitatory_Neuron
59907,1529,Excitatory_Neuron
59908,1529,Excitatory_Neuron
59909,1525,unassigned
59910,1560,unassigned
59911,1560,unassigned
59912,1543,Excitatory_Neuron
59913,1541,Vascular
59914,1545,Excitatory_Neuron
59915,1545,Excitatory_Neuron
59916,1550,unassigned
59917,1548,Excitatory_Neuron
59918,1550,unassigned
59919,1552,Excitatory_Neuron
59920,1551,Excitatory_Neuron
59921,1552,Excitatory_Neuron
59922,1527,unassigned
59923,1530,Excitatory_Neuron
59924,1530,Excitatory_Neuron
59925,1540,Excitatory_Neuron
59926,1541,Vascular
59927,1556,unassigned
59928,1546,Excitatory_Neuron
59929,1546,Excitatory_Neuron
59930,1571,Excitatory_Neuron
59931,1546,Excitatory_Neuron
59932,1574,unassigned
59933,1525,unassigned
59934,1549,Excitatory_Neuron
59935,1553,Excitatory_Neuron
59936,1525,unassigned
59937,1537,Excitatory_Neuron
59938,1566,Excitatory_Neuron
59939,1525,unassigned
59940,1528,Excitatory_Neuron
59941,1525,unassigned
59942,1540,Excitatory_Neuron
59943,1540,Excitatory_Neuron
59944,1540,Excitatory_Neuron
59945,1541,Vascular
59946,1546,Excitatory_Neuron
59947,1545,Excitatory_Neuron
59948,1546,Excitatory_Neuron
59949,1546,Excitatory_Neuron
59950,1575,Excitatory_Neuron
59951,1561,unassigned
59952,1549,Excitatory_Neuron
59953,1550,unassigned
59954,1548,Excitatory_Neuron
59955,1548,Excitatory_Neuron
59956,1553,Excitatory_Neuron
59957,1534,Excitatory_Neuron
59958,1534,Excitatory_Neuron
59959,1525,unassigned
59960,1553,Excitatory_Neuron
59961,1558,unassigned
59962,1525,unassigned
59963,1529,Excitatory_Neuron
59964,1529,Excitatory_Neuron
59965,1541,Vascular
59966,1525,unassigned
59967,1525,unassigned
59968,1571,Excitatory_Neuron
59969,1556,unassigned
59970,1571,Excitatory_Neuron
59971,1549,Excitatory_Neuron
59972,1552,Excitatory_Neuron
59973,1558,unassigned
59974,1536,Excitatory_Neuron
59975,1527,unassigned
59976,1526,Excitatory_Neuron
59977,1527,unassigned
59978,1527,unassigned
59979,1526,Excitatory_Neuron
59980,1526,Excitatory_Neuron
59981,1525,unassigned
59982,1525,unassigned
59983,1566,Excitatory_Neuron
59984,1529,Excitatory_Neuron
59985,1530,Excitatory_Neuron
59986,1531,Excitatory_Neuron
59987,1531,Excitatory_Neuron
59988,1541,Vascular
59989,1541,Vascular
59990,1541,Vascular
59991,1546,Excitatory_Neuron
59992,1545,Excitatory_Neuron
59993,1546,Excitatory_Neuron
59994,1571,Excitatory_Neuron
59995,1575,Excitatory_Neuron
59996,1549,Excitatory_Neuron
59997,1534,Excitatory_Neuron
59998,1534,Excitatory_Neuron
59999,1553,Excitatory_Neuron
60000,1525,unassigned
60001,1529,Excitatory_Neuron
60002,1539,Excitatory_Neuron
60003,1540,Excitatory_Neuron
60004,1531,Excitatory_Neuron
60005,1543,Excitatory_Neuron
60006,1571,Excitatory_Neuron
60007,1546,Excitatory_Neuron
60008,1525,unassigned
60009,1546,Excitatory_Neuron
60010,1575,Excitatory_Neuron
60011,1561,unassigned
60012,1549,Excitatory_Neuron
60013,1576,Excitatory_Neuron
60014,1525,unassigned
60015,1525,unassigned
60016,1565,unassigned
60017,1537,Excitatory_Neuron
60018,1528,Excitatory_Neuron
60019,1525,unassigned
60020,1528,Excitatory_Neuron
60021,1529,Excitatory_Neuron
60022,1541,Vascular
60023,1541,Vascular
60024,1556,unassigned
60025,1545,Excitatory_Neuron
60026,1575,Excitatory_Neuron
60027,1548,Excitatory_Neuron
60028,1549,Excitatory_Neuron
60029,1551,Excitatory_Neuron
60030,1552,Excitatory_Neuron
60031,1525,unassigned
60032,1554,unassigned
60033,1555,Excitatory_Neuron
60034,1555,Excitatory_Neuron
60035,1558,unassigned
60036,1565,unassigned
60037,1537,Excitatory_Neuron
60038,1528,Excitatory_Neuron
60039,1538,Astro-Epen
60040,1539,Excitatory_Neuron
60041,1530,Excitatory_Neuron
60042,1541,Vascular
60043,1571,Excitatory_Neuron
60044,1556,unassigned
60045,1545,Excitatory_Neuron
60046,1545,Excitatory_Neuron
60047,1548,Excitatory_Neuron
60048,1534,Excitatory_Neuron
60049,1525,unassigned
60050,1566,Excitatory_Neuron
60051,1538,Astro-Epen
60052,1530,Excitatory_Neuron
60053,1562,Excitatory_Neuron
60054,1531,Excitatory_Neuron
60055,1562,Excitatory_Neuron
60056,1577,unassigned
60057,1571,Excitatory_Neuron
60058,1546,Excitatory_Neuron
60059,1525,unassigned
60060,1545,Excitatory_Neuron
60061,1550,unassigned
60062,1548,Excitatory_Neuron
60063,1551,Excitatory_Neuron
60064,1551,Excitatory_Neuron
60065,1565,unassigned
60066,1536,Excitatory_Neuron
60067,1537,Excitatory_Neuron
60068,1528,Excitatory_Neuron
60069,1528,Excitatory_Neuron
60070,1525,unassigned
60071,1529,Excitatory_Neuron
60072,1530,Excitatory_Neuron
60073,1540,Excitatory_Neuron
60074,1531,Excitatory_Neuron
60075,1541,Vascular
60076,1543,Excitatory_Neuron
60077,1525,unassigned
60078,1575,Excitatory_Neuron
60079,1549,Excitatory_Neuron
60080,1550,unassigned
60081,1549,Excitatory_Neuron
60082,1549,Excitatory_Neuron
60083,1553,Excitatory_Neuron
60084,1551,Excitatory_Neuron
60085,1552,Excitatory_Neuron
60086,1552,Excitatory_Neuron
60087,1535,Excitatory_Neuron
60088,1558,unassigned
60089,1527,unassigned
60090,1525,unassigned
60091,1525,unassigned
60092,1525,unassigned
60093,1529,Excitatory_Neuron
60094,1525,unassigned
60095,1525,unassigned
60096,1531,Excitatory_Neuron
60097,1531,Excitatory_Neuron
60098,1531,Excitatory_Neuron
60099,1531,Excitatory_Neuron
60100,1571,Excitatory_Neuron
60101,1525,unassigned
60102,1548,Excitatory_Neuron
60103,1548,Excitatory_Neuron
60104,1549,Excitatory_Neuron
60105,1525,unassigned
60106,1565,unassigned
60107,1525,unassigned
60108,1562,Excitatory_Neuron
60109,1525,unassigned
60110,1540,Excitatory_Neuron
60111,1531,Excitatory_Neuron
60112,1540,Excitatory_Neuron
60113,1525,unassigned
60114,1540,Excitatory_Neuron
60115,1571,Excitatory_Neuron
60116,1575,Excitatory_Neuron
60117,1545,Excitatory_Neuron
60118,1550,unassigned
60119,1553,Excitatory_Neuron
60120,1537,Excitatory_Neuron
60121,1536,Excitatory_Neuron
60122,1537,Excitatory_Neuron
60123,1528,Excitatory_Neuron
60124,1529,Excitatory_Neuron
60125,1530,Excitatory_Neuron
60126,1530,Excitatory_Neuron
60127,1531,Excitatory_Neuron
60128,1525,unassigned
60129,1541,Vascular
60130,1525,unassigned
60131,1525,unassigned
60132,1571,Excitatory_Neuron
60133,1531,Excitatory_Neuron
60134,1553,Excitatory_Neuron
60135,1558,unassigned
60136,1537,Excitatory_Neuron
60137,1526,Excitatory_Neuron
60138,1570,unassigned
60139,1539,Excitatory_Neuron
60140,1539,Excitatory_Neuron
60141,1529,Excitatory_Neuron
60142,1560,unassigned
60143,1540,Excitatory_Neuron
60144,1560,unassigned
60145,1546,Excitatory_Neuron
60146,1546,Excitatory_Neuron
60147,1575,Excitatory_Neuron
60148,1525,unassigned
60149,1548,Excitatory_Neuron
60150,1548,Excitatory_Neuron
60151,1550,unassigned
60152,1525,unassigned
60153,1551,Excitatory_Neuron
60154,1526,Excitatory_Neuron
60155,1570,unassigned
60156,1537,Excitatory_Neuron
60157,1538,Astro-Epen
60158,1529,Excitatory_Neuron
60159,1530,Excitatory_Neuron
60160,1541,Vascular
60161,1525,unassigned
60162,1543,Excitatory_Neuron
60163,1575,Excitatory_Neuron
60164,1525,unassigned
60165,1548,Excitatory_Neuron
60166,1548,Excitatory_Neuron
60167,1545,Excitatory_Neuron
60168,1554,unassigned
60169,1578,unassigned
60170,1565,unassigned
60171,1536,Excitatory_Neuron
60172,1557,Excitatory_Neuron
60173,1537,Excitatory_Neuron
60174,1566,Excitatory_Neuron
60175,1528,Excitatory_Neuron
60176,1529,Excitatory_Neuron
60177,1525,unassigned
60178,1525,unassigned
60179,1539,Excitatory_Neuron
60180,1529,Excitatory_Neuron
60181,1560,unassigned
60182,1531,Excitatory_Neuron
60183,1571,Excitatory_Neuron
60184,1546,Excitatory_Neuron
60185,1545,Excitatory_Neuron
60186,1550,unassigned
60187,1549,Excitatory_Neuron
60188,1553,Excitatory_Neuron
60189,1555,Excitatory_Neuron
60190,1552,Excitatory_Neuron
60191,1579,unassigned
60192,1527,unassigned
60193,1538,Astro-Epen
60194,1529,Excitatory_Neuron
60195,1529,Excitatory_Neuron
60196,1531,Excitatory_Neuron
60197,1541,Vascular
60198,1525,unassigned
60199,1571,Excitatory_Neuron
60200,1543,Excitatory_Neuron
60201,1525,unassigned
60202,1546,Excitatory_Neuron
60203,1545,Excitatory_Neuron
60204,1525,unassigned
60205,1525,unassigned
60206,1566,Excitatory_Neuron
60207,1530,Excitatory_Neuron
60208,1529,Excitatory_Neuron
60209,1530,Excitatory_Neuron
60210,1543,Excitatory_Neuron
60211,1525,unassigned
60212,1561,unassigned
60213,1549,Excitatory_Neuron
60214,1525,unassigned
60215,1551,Excitatory_Neuron
60216,1552,Excitatory_Neuron
60217,1579,unassigned
60218,1526,Excitatory_Neuron
60219,1537,Excitatory_Neuron
60220,1527,unassigned
60221,1570,unassigned
60222,1525,unassigned
60223,1580,unassigned
60224,1529,Excitatory_Neuron
60225,1529,Excitatory_Neuron
60226,1560,unassigned
60227,1525,unassigned
60228,1541,Vascular
60229,1548,Excitatory_Neuron
60230,1548,Excitatory_Neuron
60231,1548,Excitatory_Neuron
60232,1549,Excitatory_Neuron
60233,1552,Excitatory_Neuron
60234,1551,Excitatory_Neuron
60235,1564,unassigned
60236,1536,Excitatory_Neuron
60237,1525,unassigned
60238,1525,unassigned
60239,1525,unassigned
60240,1571,Excitatory_Neuron
60241,1546,Excitatory_Neuron
60242,1525,unassigned
60243,1549,Excitatory_Neuron
60244,1534,Excitatory_Neuron
60245,1552,Excitatory_Neuron
60246,1534,Excitatory_Neuron
60247,1581,unassigned
60248,1532,unassigned
60249,1565,unassigned
60250,1538,Astro-Epen
60251,1525,unassigned
60252,1525,unassigned
60253,1528,Excitatory_Neuron
60254,1529,Excitatory_Neuron
60255,1529,Excitatory_Neuron
60256,1560,unassigned
60257,1525,unassigned
60258,1531,Excitatory_Neuron
60259,1531,Excitatory_Neuron
60260,1531,Excitatory_Neuron
60261,1531,Excitatory_Neuron
60262,1525,unassigned
60263,1541,Vascular
60264,1573,unassigned
60265,1545,Excitatory_Neuron
60266,1525,unassigned
60267,1550,unassigned
60268,1553,Excitatory_Neuron
60269,1526,Excitatory_Neuron
60270,1525,unassigned
60271,1529,Excitatory_Neuron
60272,1525,unassigned
60273,1529,Excitatory_Neuron
60274,1525,unassigned
60275,1529,Excitatory_Neuron
60276,1531,Excitatory_Neuron
60277,1531,Excitatory_Neuron
60278,1525,unassigned
60279,1541,Vascular
60280,1525,unassigned
60281,1525,unassigned
60282,1575,Excitatory_Neuron
60283,1531,Excitatory_Neuron
60284,1546,Excitatory_Neuron
60285,1545,Excitatory_Neuron
60286,1548,Excitatory_Neuron
60287,1535,Excitatory_Neuron
60288,1566,Excitatory_Neuron
60289,1528,Excitatory_Neuron
60290,1538,Astro-Epen
60291,1525,unassigned
60292,1529,Excitatory_Neuron
60293,1529,Excitatory_Neuron
60294,1539,Excitatory_Neuron
60295,1540,Excitatory_Neuron
60296,1571,Excitatory_Neuron
60297,1571,Excitatory_Neuron
60298,1556,unassigned
60299,1525,unassigned
60300,1525,unassigned
60301,1548,Excitatory_Neuron
60302,1525,unassigned
60303,1534,Excitatory_Neuron
60304,1525,unassigned
60305,1525,unassigned
60306,1578,unassigned
60307,1557,Excitatory_Neuron
60308,1527,unassigned
60309,1538,Astro-Epen
60310,1525,unassigned
60311,1528,Excitatory_Neuron
60312,1525,unassigned
60313,1530,Excitatory_Neuron
60314,1530,Excitatory_Neuron
60315,1525,unassigned
60316,1525,unassigned
60317,1540,Excitatory_Neuron
60318,1525,unassigned
60319,1525,unassigned
60320,1541,Vascular
60321,1531,Excitatory_Neuron
60322,1556,unassigned
60323,1545,Excitatory_Neuron
60324,1546,Excitatory_Neuron
60325,1548,Excitatory_Neuron
60326,1545,Excitatory_Neuron
60327,1548,Excitatory_Neuron
60328,1548,Excitatory_Neuron
60329,1548,Excitatory_Neuron
60330,1551,Excitatory_Neuron
60331,1565,unassigned
60332,1537,Excitatory_Neuron
60333,1526,Excitatory_Neuron
60334,1537,Excitatory_Neuron
60335,1566,Excitatory_Neuron
60336,1529,Excitatory_Neuron
60337,1531,Excitatory_Neuron
60338,1541,Vascular
60339,1525,unassigned
60340,1545,Excitatory_Neuron
60341,1546,Excitatory_Neuron
60342,1571,Excitatory_Neuron
60343,1548,Excitatory_Neuron
60344,1534,Excitatory_Neuron
60345,1525,unassigned
60346,1534,Excitatory_Neuron
60347,1525,unassigned
60348,1536,Excitatory_Neuron
60349,1536,Excitatory_Neuron
60350,1538,Astro-Epen
60351,1528,Excitatory_Neuron
60352,1528,Excitatory_Neuron
60353,1528,Excitatory_Neuron
60354,1539,Excitatory_Neuron
60355,1541,Vascular
60356,1543,Excitatory_Neuron
60357,1571,Excitatory_Neuron
60358,1549,Excitatory_Neuron
60359,1525,unassigned
60360,1549,Excitatory_Neuron
60361,1545,Excitatory_Neuron
60362,1548,Excitatory_Neuron
60363,1555,Excitatory_Neuron
60364,1565,unassigned
60365,1537,Excitatory_Neuron
60366,1566,Excitatory_Neuron
60367,1566,Excitatory_Neuron
60368,1529,Excitatory_Neuron
60369,1567,unassigned
60370,1540,Excitatory_Neuron
60371,1541,Vascular
60372,1540,Excitatory_Neuron
60373,1543,Excitatory_Neuron
60374,1525,unassigned
60375,1531,Excitatory_Neuron
60376,1549,Excitatory_Neuron
60377,1548,Excitatory_Neuron
60378,1551,Excitatory_Neuron
60379,1554,unassigned
60380,1525,unassigned
60381,1537,Excitatory_Neuron
60382,1526,Excitatory_Neuron
60383,1526,Excitatory_Neuron
60384,1566,Excitatory_Neuron
60385,1528,Excitatory_Neuron
60386,1539,Excitatory_Neuron
60387,1530,Excitatory_Neuron
60388,1531,Excitatory_Neuron
60389,1575,Excitatory_Neuron
60390,1545,Excitatory_Neuron
60391,1549,Excitatory_Neuron
60392,1525,unassigned
60393,1551,Excitatory_Neuron
60394,1525,unassigned
60395,1581,unassigned
60396,1537,Excitatory_Neuron
60397,1526,Excitatory_Neuron
60398,1538,Astro-Epen
60399,1529,Excitatory_Neuron
60400,1528,Excitatory_Neuron
60401,1528,Excitatory_Neuron
60402,1529,Excitatory_Neuron
60403,1529,Excitatory_Neuron
60404,1530,Excitatory_Neuron
60405,1529,Excitatory_Neuron
60406,1560,unassigned
60407,1540,Excitatory_Neuron
60408,1525,unassigned
60409,1541,Vascular
60410,1531,Excitatory_Neuron
60411,1543,Excitatory_Neuron
60412,1571,Excitatory_Neuron
60413,1571,Excitatory_Neuron
60414,1545,Excitatory_Neuron
60415,1545,Excitatory_Neuron
60416,1549,Excitatory_Neuron
60417,1525,unassigned
60418,1549,Excitatory_Neuron
60419,1576,Excitatory_Neuron
60420,1534,Excitatory_Neuron
60421,1555,Excitatory_Neuron
60422,1558,unassigned
60423,1536,Excitatory_Neuron
60424,1537,Excitatory_Neuron
60425,1529,Excitatory_Neuron
60426,1530,Excitatory_Neuron
60427,1540,Excitatory_Neuron
60428,1582,unassigned
60429,1541,Vascular
60430,1545,Excitatory_Neuron
60431,1548,Excitatory_Neuron
60432,1549,Excitatory_Neuron
60433,1549,Excitatory_Neuron
60434,1548,Excitatory_Neuron
60435,1545,Excitatory_Neuron
60436,1534,Excitatory_Neuron
60437,1553,Excitatory_Neuron
60438,1534,Excitatory_Neuron
60439,1551,Excitatory_Neuron
60440,1565,unassigned
60441,1558,unassigned
60442,1529,Excitatory_Neuron
60443,1529,Excitatory_Neuron
60444,1531,Excitatory_Neuron
60445,1562,Excitatory_Neuron
60446,1540,Excitatory_Neuron
60447,1531,Excitatory_Neuron
60448,1541,Vascular
60449,1571,Excitatory_Neuron
60450,1540,Excitatory_Neuron
60451,1545,Excitatory_Neuron
60452,1525,unassigned
60453,1549,Excitatory_Neuron
60454,1550,unassigned
60455,1553,Excitatory_Neuron
60456,1555,Excitatory_Neuron
60457,1555,Excitatory_Neuron
60458,1525,unassigned
60459,1528,Excitatory_Neuron
60460,1539,Excitatory_Neuron
60461,1528,Excitatory_Neuron
60462,1529,Excitatory_Neuron
60463,1529,Excitatory_Neuron
60464,1539,Excitatory_Neuron
60465,1540,Excitatory_Neuron
60466,1541,Vascular
60467,1543,Excitatory_Neuron
60468,1540,Excitatory_Neuron
60469,1546,Excitatory_Neuron
60470,1546,Excitatory_Neuron
60471,1549,Excitatory_Neuron
60472,1550,unassigned
60473,1545,Excitatory_Neuron
60474,1576,Excitatory_Neuron
60475,1535,Excitatory_Neuron
60476,1557,Excitatory_Neuron
60477,1537,Excitatory_Neuron
60478,1540,Excitatory_Neuron
60479,1560,unassigned
60480,1531,Excitatory_Neuron
60481,1540,Excitatory_Neuron
60482,1540,Excitatory_Neuron
60483,1531,Excitatory_Neuron
60484,1571,Excitatory_Neuron
60485,1575,Excitatory_Neuron
60486,1548,Excitatory_Neuron
60487,1525,unassigned
60488,1534,Excitatory_Neuron
60489,1534,Excitatory_Neuron
60490,1553,Excitatory_Neuron
60491,1534,Excitatory_Neuron
60492,1525,unassigned
60493,1555,Excitatory_Neuron
60494,1555,Excitatory_Neuron
60495,1535,Excitatory_Neuron
60496,1535,Excitatory_Neuron
60497,1537,Excitatory_Neuron
60498,1537,Excitatory_Neuron
60499,1537,Excitatory_Neuron
60500,1529,Excitatory_Neuron
60501,1529,Excitatory_Neuron
60502,1530,Excitatory_Neuron
60503,1530,Excitatory_Neuron
60504,1525,unassigned
60505,1560,unassigned
60506,1541,Vascular
60507,1545,Excitatory_Neuron
60508,1525,unassigned
60509,1575,Excitatory_Neuron
60510,1550,unassigned
60511,1525,unassigned
60512,1552,Excitatory_Neuron
60513,1555,Excitatory_Neuron
60514,1526,Excitatory_Neuron
60515,1526,Excitatory_Neuron
60516,1526,Excitatory_Neuron
60517,1525,unassigned
60518,1528,Excitatory_Neuron
60519,1540,Excitatory_Neuron
60520,1556,unassigned
60521,1543,Excitatory_Neuron
60522,1543,Excitatory_Neuron
60523,1545,Excitatory_Neuron
60524,1575,Excitatory_Neuron
60525,1546,Excitatory_Neuron
60526,1553,Excitatory_Neuron
60527,1548,Excitatory_Neuron
60528,1534,Excitatory_Neuron
60529,1534,Excitatory_Neuron
60530,1551,Excitatory_Neuron
60531,1553,Excitatory_Neuron
60532,1526,Excitatory_Neuron
60533,1565,unassigned
60534,1537,Excitatory_Neuron
60535,1526,Excitatory_Neuron
60536,1530,Excitatory_Neuron
60537,1530,Excitatory_Neuron
60538,1541,Vascular
60539,1541,Vascular
60540,1545,Excitatory_Neuron
60541,1525,unassigned
60542,1545,Excitatory_Neuron
60543,1548,Excitatory_Neuron
60544,1545,Excitatory_Neuron
60545,1534,Excitatory_Neuron
60546,1553,Excitatory_Neuron
60547,1548,Excitatory_Neuron
60548,1555,Excitatory_Neuron
60549,1526,Excitatory_Neuron
60550,1526,Excitatory_Neuron
60551,1525,unassigned
60552,1538,Astro-Epen
60553,1528,Excitatory_Neuron
60554,1525,unassigned
60555,1531,Excitatory_Neuron
60556,1540,Excitatory_Neuron
60557,1571,Excitatory_Neuron
60558,1543,Excitatory_Neuron
60559,1556,unassigned
60560,1550,unassigned
60561,1549,Excitatory_Neuron
60562,1550,unassigned
60563,1552,Excitatory_Neuron
60564,1525,unassigned
60565,1564,unassigned
60566,1532,unassigned
60567,1557,Excitatory_Neuron
60568,1566,Excitatory_Neuron
60569,1529,Excitatory_Neuron
60570,1529,Excitatory_Neuron
60571,1530,Excitatory_Neuron
60572,1541,Vascular
60573,1571,Excitatory_Neuron
60574,1525,unassigned
60575,1546,Excitatory_Neuron
60576,1546,Excitatory_Neuron
60577,1545,Excitatory_Neuron
60578,1545,Excitatory_Neuron
60579,1545,Excitatory_Neuron
60580,1545,Excitatory_Neuron
60581,1549,Excitatory_Neuron
60582,1552,Excitatory_Neuron
60583,1534,Excitatory_Neuron
60584,1534,Excitatory_Neuron
60585,1536,Excitatory_Neuron
60586,1527,unassigned
60587,1538,Astro-Epen
60588,1560,unassigned
60589,1531,Excitatory_Neuron
60590,1541,Vascular
60591,1571,Excitatory_Neuron
60592,1571,Excitatory_Neuron
60593,1556,unassigned
60594,1549,Excitatory_Neuron
60595,1548,Excitatory_Neuron
60596,1545,Excitatory_Neuron
60597,1550,unassigned
60598,1537,Excitatory_Neuron
60599,1528,Excitatory_Neuron
60600,1539,Excitatory_Neuron
60601,1539,Excitatory_Neuron
60602,1529,Excitatory_Neuron
60603,1562,Excitatory_Neuron
60604,1531,Excitatory_Neuron
60605,1540,Excitatory_Neuron
60606,1575,Excitatory_Neuron
60607,1575,Excitatory_Neuron
60608,1575,Excitatory_Neuron
60609,1545,Excitatory_Neuron
60610,1548,Excitatory_Neuron
60611,1549,Excitatory_Neuron
60612,1534,Excitatory_Neuron
60613,1565,unassigned
60614,1535,Excitatory_Neuron
60615,1526,Excitatory_Neuron
60616,1570,unassigned
60617,1526,Excitatory_Neuron
60618,1529,Excitatory_Neuron
60619,1530,Excitatory_Neuron
60620,1540,Excitatory_Neuron
60621,1540,Excitatory_Neuron
60622,1525,unassigned
60623,1541,Vascular
60624,1556,unassigned
60625,1575,Excitatory_Neuron
60626,1525,unassigned
60627,1525,unassigned
60628,1545,Excitatory_Neuron
60629,1575,Excitatory_Neuron
60630,1545,Excitatory_Neuron
60631,1549,Excitatory_Neuron
60632,1549,Excitatory_Neuron
60633,1550,unassigned
60634,1545,Excitatory_Neuron
60635,1576,Excitatory_Neuron
60636,1553,Excitatory_Neuron
60637,1551,Excitatory_Neuron
60638,1525,unassigned
60639,1565,unassigned
60640,1526,Excitatory_Neuron
60641,1537,Excitatory_Neuron
60642,1525,unassigned
60643,1526,Excitatory_Neuron
60644,1530,Excitatory_Neuron
60645,1531,Excitatory_Neuron
60646,1539,Excitatory_Neuron
60647,1541,Vascular
60648,1543,Excitatory_Neuron
60649,1549,Excitatory_Neuron
60650,1552,Excitatory_Neuron
60651,1576,Excitatory_Neuron
60652,1525,unassigned
60653,1525,unassigned
60654,1555,Excitatory_Neuron
60655,1535,Excitatory_Neuron
60656,1537,Excitatory_Neuron
60657,1566,Excitatory_Neuron
60658,1528,Excitatory_Neuron
60659,1567,unassigned
60660,1531,Excitatory_Neuron
60661,1531,Excitatory_Neuron
60662,1531,Excitatory_Neuron
60663,1560,unassigned
60664,1541,Vascular
60665,1545,Excitatory_Neuron
60666,1575,Excitatory_Neuron
60667,1571,Excitatory_Neuron
60668,1575,Excitatory_Neuron
60669,1575,Excitatory_Neuron
60670,1575,Excitatory_Neuron
60671,1545,Excitatory_Neuron
60672,1548,Excitatory_Neuron
60673,1525,unassigned
60674,1549,Excitatory_Neuron
60675,1525,unassigned
60676,1525,unassigned
60677,1534,Excitatory_Neuron
60678,1532,unassigned
60679,1535,Excitatory_Neuron
60680,1527,unassigned
60681,1528,Excitatory_Neuron
60682,1528,Excitatory_Neuron
60683,1530,Excitatory_Neuron
60684,1531,Excitatory_Neuron
60685,1541,Vascular
60686,1541,Vascular
60687,1571,Excitatory_Neuron
60688,1543,Excitatory_Neuron
60689,1525,unassigned
60690,1549,Excitatory_Neuron
60691,1553,Excitatory_Neuron
60692,1534,Excitatory_Neuron
60693,1526,Excitatory_Neuron
60694,1531,Excitatory_Neuron
60695,1540,Excitatory_Neuron
60696,1575,Excitatory_Neuron
60697,1575,Excitatory_Neuron
60698,1545,Excitatory_Neuron
60699,1576,Excitatory_Neuron
60700,1549,Excitatory_Neuron
60701,1576,Excitatory_Neuron
60702,1576,Excitatory_Neuron
60703,1553,Excitatory_Neuron
60704,1534,Excitatory_Neuron
60705,1538,Astro-Epen
60706,1528,Excitatory_Neuron
60707,1539,Excitatory_Neuron
60708,1528,Excitatory_Neuron
60709,1529,Excitatory_Neuron
60710,1540,Excitatory_Neuron
60711,1541,Vascular
60712,1543,Excitatory_Neuron
60713,1545,Excitatory_Neuron
60714,1545,Excitatory_Neuron
60715,1575,Excitatory_Neuron
60716,1545,Excitatory_Neuron
60717,1550,unassigned
60718,1545,Excitatory_Neuron
60719,1525,unassigned
60720,1534,Excitatory_Neuron
60721,1525,unassigned
60722,1552,Excitatory_Neuron
60723,1526,Excitatory_Neuron
60724,1531,Excitatory_Neuron
60725,1562,Excitatory_Neuron
60726,1531,Excitatory_Neuron
60727,1541,Vascular
60728,1545,Excitatory_Neuron
60729,1548,Excitatory_Neuron
60730,1550,unassigned
60731,1550,unassigned
60732,1534,Excitatory_Neuron
60733,1553,Excitatory_Neuron
60734,1525,unassigned
60735,1525,unassigned
60736,1552,Excitatory_Neuron
60737,1557,Excitatory_Neuron
60738,1537,Excitatory_Neuron
60739,1528,Excitatory_Neuron
60740,1529,Excitatory_Neuron
60741,1525,unassigned
60742,1540,Excitatory_Neuron
60743,1543,Excitatory_Neuron
60744,1545,Excitatory_Neuron
60745,1545,Excitatory_Neuron
60746,1548,Excitatory_Neuron
60747,1545,Excitatory_Neuron
60748,1545,Excitatory_Neuron
60749,1545,Excitatory_Neuron
60750,1525,unassigned
60751,1548,Excitatory_Neuron
60752,1534,Excitatory_Neuron
60753,1564,unassigned
60754,1532,unassigned
60755,1557,Excitatory_Neuron
60756,1566,Excitatory_Neuron
60757,1525,unassigned
60758,1531,Excitatory_Neuron
60759,1530,Excitatory_Neuron
60760,1540,Excitatory_Neuron
60761,1531,Excitatory_Neuron
60762,1553,Excitatory_Neuron
60763,1553,Excitatory_Neuron
60764,1555,Excitatory_Neuron
60765,1553,Excitatory_Neuron
60766,1551,Excitatory_Neuron
60767,1564,unassigned
60768,1532,unassigned
60769,1558,unassigned
60770,1565,unassigned
60771,1526,Excitatory_Neuron
60772,1528,Excitatory_Neuron
60773,1528,Excitatory_Neuron
60774,1530,Excitatory_Neuron
60775,1525,unassigned
60776,1525,unassigned
60777,1541,Vascular
60778,1540,Excitatory_Neuron
60779,1575,Excitatory_Neuron
60780,1545,Excitatory_Neuron
60781,1545,Excitatory_Neuron
60782,1534,Excitatory_Neuron
60783,1551,Excitatory_Neuron
60784,1553,Excitatory_Neuron
60785,1535,Excitatory_Neuron
60786,1537,Excitatory_Neuron
60787,1538,Astro-Epen
60788,1529,Excitatory_Neuron
60789,1528,Excitatory_Neuron
60790,1539,Excitatory_Neuron
60791,1539,Excitatory_Neuron
60792,1531,Excitatory_Neuron
60793,1541,Vascular
60794,1541,Vascular
60795,1545,Excitatory_Neuron
60796,1545,Excitatory_Neuron
60797,1553,Excitatory_Neuron
60798,1553,Excitatory_Neuron
60799,1565,unassigned
60800,1536,Excitatory_Neuron
60801,1528,Excitatory_Neuron
60802,1525,unassigned
60803,1539,Excitatory_Neuron
60804,1530,Excitatory_Neuron
60805,1530,Excitatory_Neuron
60806,1531,Excitatory_Neuron
60807,1571,Excitatory_Neuron
60808,1575,Excitatory_Neuron
60809,1575,Excitatory_Neuron
60810,1549,Excitatory_Neuron
60811,1545,Excitatory_Neuron
60812,1545,Excitatory_Neuron
60813,1549,Excitatory_Neuron
60814,1553,Excitatory_Neuron
60815,1553,Excitatory_Neuron
60816,1553,Excitatory_Neuron
60817,1552,Excitatory_Neuron
60818,1525,unassigned
60819,1565,unassigned
60820,1565,unassigned
60821,1536,Excitatory_Neuron
60822,1557,Excitatory_Neuron
60823,1557,Excitatory_Neuron
60824,1537,Excitatory_Neuron
60825,1525,unassigned
60826,1530,Excitatory_Neuron
60827,1529,Excitatory_Neuron
60828,1539,Excitatory_Neuron
60829,1531,Excitatory_Neuron
60830,1556,unassigned
60831,1543,Excitatory_Neuron
60832,1575,Excitatory_Neuron
60833,1545,Excitatory_Neuron
60834,1552,Excitatory_Neuron
60835,1534,Excitatory_Neuron
60836,1525,unassigned
60837,1551,Excitatory_Neuron
60838,1579,unassigned
60839,1565,unassigned
60840,1526,Excitatory_Neuron
60841,1527,unassigned
60842,1530,Excitatory_Neuron
60843,1539,Excitatory_Neuron
60844,1530,Excitatory_Neuron
60845,1530,Excitatory_Neuron
60846,1525,unassigned
60847,1541,Vascular
60848,1540,Excitatory_Neuron
60849,1531,Excitatory_Neuron
60850,1540,Excitatory_Neuron
60851,1541,Vascular
60852,1541,Vascular
60853,1543,Excitatory_Neuron
60854,1571,Excitatory_Neuron
60855,1575,Excitatory_Neuron
60856,1546,Excitatory_Neuron
60857,1546,Excitatory_Neuron
60858,1548,Excitatory_Neuron
60859,1545,Excitatory_Neuron
60860,1549,Excitatory_Neuron
60861,1549,Excitatory_Neuron
60862,1583,Excitatory_Neuron
60863,1549,Excitatory_Neuron
60864,1553,Excitatory_Neuron
60865,1552,Excitatory_Neuron
60866,1553,Excitatory_Neuron
60867,1551,Excitatory_Neuron
60868,1526,Excitatory_Neuron
60869,1526,Excitatory_Neuron
60870,1525,unassigned
60871,1538,Astro-Epen
60872,1529,Excitatory_Neuron
60873,1525,unassigned
60874,1575,Excitatory_Neuron
60875,1549,Excitatory_Neuron
60876,1534,Excitatory_Neuron
60877,1534,Excitatory_Neuron
60878,1553,Excitatory_Neuron
60879,1534,Excitatory_Neuron
60880,1525,unassigned
60881,1551,Excitatory_Neuron
60882,1537,Excitatory_Neuron
60883,1528,Excitatory_Neuron
60884,1525,unassigned
60885,1525,unassigned
60886,1530,Excitatory_Neuron
60887,1575,Excitatory_Neuron
60888,1575,Excitatory_Neuron
60889,1546,Excitatory_Neuron
60890,1545,Excitatory_Neuron
60891,1525,unassigned
60892,1548,Excitatory_Neuron
60893,1545,Excitatory_Neuron
60894,1583,Excitatory_Neuron
60895,1576,Excitatory_Neuron
60896,1576,Excitatory_Neuron
60897,1553,Excitatory_Neuron
60898,1525,unassigned
60899,1565,unassigned
60900,1528,Excitatory_Neuron
60901,1539,Excitatory_Neuron
60902,1525,unassigned
60903,1539,Excitatory_Neuron
60904,1530,Excitatory_Neuron
60905,1531,Excitatory_Neuron
60906,1540,Excitatory_Neuron
60907,1545,Excitatory_Neuron
60908,1575,Excitatory_Neuron
60909,1545,Excitatory_Neuron
60910,1548,Excitatory_Neuron
60911,1553,Excitatory_Neuron
60912,1534,Excitatory_Neuron
60913,1534,Excitatory_Neuron
60914,1535,Excitatory_Neuron
60915,1525,unassigned
60916,1537,Excitatory_Neuron
60917,1537,Excitatory_Neuron
60918,1537,Excitatory_Neuron
60919,1525,unassigned
60920,1529,Excitatory_Neuron
60921,1530,Excitatory_Neuron
60922,1531,Excitatory_Neuron
60923,1531,Excitatory_Neuron
60924,1541,Vascular
60925,1575,Excitatory_Neuron
60926,1575,Excitatory_Neuron
60927,1525,unassigned
60928,1525,unassigned
60929,1549,Excitatory_Neuron
60930,1534,Excitatory_Neuron
60931,1553,Excitatory_Neuron
60932,1554,unassigned
60933,1554,unassigned
60934,1579,unassigned
60935,1525,unassigned
60936,1565,unassigned
60937,1538,Astro-Epen
60938,1566,Excitatory_Neuron
60939,1528,Excitatory_Neuron
60940,1525,unassigned
60941,1529,Excitatory_Neuron
60942,1525,unassigned
60943,1531,Excitatory_Neuron
60944,1531,Excitatory_Neuron
60945,1541,Vascular
60946,1575,Excitatory_Neuron
60947,1549,Excitatory_Neuron
60948,1545,Excitatory_Neuron
60949,1576,Excitatory_Neuron
60950,1525,unassigned
60951,1555,Excitatory_Neuron
60952,1555,Excitatory_Neuron
60953,1553,Excitatory_Neuron
60954,1551,Excitatory_Neuron
60955,1525,unassigned
60956,1537,Excitatory_Neuron
60957,1566,Excitatory_Neuron
60958,1539,Excitatory_Neuron
60959,1525,unassigned
60960,1571,Excitatory_Neuron
60961,1541,Vascular
60962,1546,Excitatory_Neuron
60963,1531,Excitatory_Neuron
60964,1575,Excitatory_Neuron
60965,1549,Excitatory_Neuron
60966,1545,Excitatory_Neuron
60967,1534,Excitatory_Neuron
60968,1551,Excitatory_Neuron
60969,1534,Excitatory_Neuron
60970,1551,Excitatory_Neuron
60971,1525,unassigned
60972,1526,Excitatory_Neuron
60973,1566,Excitatory_Neuron
60974,1528,Excitatory_Neuron
60975,1530,Excitatory_Neuron
60976,1530,Excitatory_Neuron
60977,1531,Excitatory_Neuron
60978,1531,Excitatory_Neuron
60979,1575,Excitatory_Neuron
60980,1531,Excitatory_Neuron
60981,1545,Excitatory_Neuron
60982,1545,Excitatory_Neuron
60983,1546,Excitatory_Neuron
60984,1525,unassigned
60985,1550,unassigned
60986,1549,Excitatory_Neuron
60987,1553,Excitatory_Neuron
60988,1553,Excitatory_Neuron
60989,1534,Excitatory_Neuron
60990,1534,Excitatory_Neuron
60991,1534,Excitatory_Neuron
60992,1552,Excitatory_Neuron
60993,1534,Excitatory_Neuron
60994,1553,Excitatory_Neuron
60995,1584,unassigned
60996,1529,Excitatory_Neuron
60997,1530,Excitatory_Neuron
60998,1530,Excitatory_Neuron
60999,1525,unassigned
61000,1531,Excitatory_Neuron
61001,1525,unassigned
61002,1531,Excitatory_Neuron
61003,1556,unassigned
61004,1571,Excitatory_Neuron
61005,1545,Excitatory_Neuron
61006,1548,Excitatory_Neuron
61007,1576,Excitatory_Neuron
61008,1534,Excitatory_Neuron
61009,1553,Excitatory_Neuron
61010,1552,Excitatory_Neuron
61011,1536,Excitatory_Neuron
61012,1538,Astro-Epen
61013,1525,unassigned
61014,1539,Excitatory_Neuron
61015,1530,Excitatory_Neuron
61016,1562,Excitatory_Neuron
61017,1530,Excitatory_Neuron
61018,1531,Excitatory_Neuron
61019,1531,Excitatory_Neuron
61020,1571,Excitatory_Neuron
61021,1543,Excitatory_Neuron
61022,1546,Excitatory_Neuron
61023,1550,unassigned
61024,1545,Excitatory_Neuron
61025,1549,Excitatory_Neuron
61026,1552,Excitatory_Neuron
61027,1548,Excitatory_Neuron
61028,1534,Excitatory_Neuron
61029,1584,unassigned
61030,1525,unassigned
61031,1526,Excitatory_Neuron
61032,1565,unassigned
61033,1557,Excitatory_Neuron
61034,1537,Excitatory_Neuron
61035,1537,Excitatory_Neuron
61036,1529,Excitatory_Neuron
61037,1529,Excitatory_Neuron
61038,1528,Excitatory_Neuron
61039,1529,Excitatory_Neuron
61040,1539,Excitatory_Neuron
61041,1539,Excitatory_Neuron
61042,1530,Excitatory_Neuron
61043,1541,Vascular
61044,1531,Excitatory_Neuron
61045,1531,Excitatory_Neuron
61046,1540,Excitatory_Neuron
61047,1571,Excitatory_Neuron
61048,1545,Excitatory_Neuron
61049,1545,Excitatory_Neuron
61050,1545,Excitatory_Neuron
61051,1534,Excitatory_Neuron
61052,1554,unassigned
61053,1554,unassigned
61054,1528,Excitatory_Neuron
61055,1529,Excitatory_Neuron
61056,1525,unassigned
61057,1528,Excitatory_Neuron
61058,1529,Excitatory_Neuron
61059,1525,unassigned
61060,1539,Excitatory_Neuron
61061,1529,Excitatory_Neuron
61062,1562,Excitatory_Neuron
61063,1543,Excitatory_Neuron
61064,1525,unassigned
61065,1575,Excitatory_Neuron
61066,1575,Excitatory_Neuron
61067,1575,Excitatory_Neuron
61068,1545,Excitatory_Neuron
61069,1571,Excitatory_Neuron
61070,1548,Excitatory_Neuron
61071,1549,Excitatory_Neuron
61072,1548,Excitatory_Neuron
61073,1551,Excitatory_Neuron
61074,1555,Excitatory_Neuron
61075,1536,Excitatory_Neuron
61076,1537,Excitatory_Neuron
61077,1538,Astro-Epen
61078,1528,Excitatory_Neuron
61079,1528,Excitatory_Neuron
61080,1528,Excitatory_Neuron
61081,1529,Excitatory_Neuron
61082,1525,unassigned
61083,1531,Excitatory_Neuron
61084,1540,Excitatory_Neuron
61085,1545,Excitatory_Neuron
61086,1545,Excitatory_Neuron
61087,1575,Excitatory_Neuron
61088,1546,Excitatory_Neuron
61089,1548,Excitatory_Neuron
61090,1525,unassigned
61091,1549,Excitatory_Neuron
61092,1583,Excitatory_Neuron
61093,1525,unassigned
61094,1552,Excitatory_Neuron
61095,1534,Excitatory_Neuron
61096,1525,unassigned
61097,1525,unassigned
61098,1526,Excitatory_Neuron
61099,1525,unassigned
61100,1529,Excitatory_Neuron
61101,1530,Excitatory_Neuron
61102,1539,Excitatory_Neuron
61103,1531,Excitatory_Neuron
61104,1562,Excitatory_Neuron
61105,1531,Excitatory_Neuron
61106,1531,Excitatory_Neuron
61107,1575,Excitatory_Neuron
61108,1575,Excitatory_Neuron
61109,1545,Excitatory_Neuron
61110,1575,Excitatory_Neuron
61111,1545,Excitatory_Neuron
61112,1534,Excitatory_Neuron
61113,1576,Excitatory_Neuron
61114,1552,Excitatory_Neuron
61115,1535,Excitatory_Neuron
61116,1525,unassigned
61117,1526,Excitatory_Neuron
61118,1525,unassigned
61119,1525,unassigned
61120,1528,Excitatory_Neuron
61121,1528,Excitatory_Neuron
61122,1525,unassigned
61123,1530,Excitatory_Neuron
61124,1525,unassigned
61125,1543,Excitatory_Neuron
61126,1575,Excitatory_Neuron
61127,1575,Excitatory_Neuron
61128,1525,unassigned
61129,1545,Excitatory_Neuron
61130,1548,Excitatory_Neuron
61131,1576,Excitatory_Neuron
61132,1549,Excitatory_Neuron
61133,1576,Excitatory_Neuron
61134,1553,Excitatory_Neuron
61135,1551,Excitatory_Neuron
61136,1534,Excitatory_Neuron
61137,1525,unassigned
61138,1528,Excitatory_Neuron
61139,1528,Excitatory_Neuron
61140,1529,Excitatory_Neuron
61141,1525,unassigned
61142,1562,Excitatory_Neuron
61143,1530,Excitatory_Neuron
61144,1531,Excitatory_Neuron
61145,1571,Excitatory_Neuron
61146,1545,Excitatory_Neuron
61147,1545,Excitatory_Neuron
61148,1545,Excitatory_Neuron
61149,1576,Excitatory_Neuron
61150,1534,Excitatory_Neuron
61151,1548,Excitatory_Neuron
61152,1548,Excitatory_Neuron
61153,1576,Excitatory_Neuron
61154,1525,unassigned
61155,1534,Excitatory_Neuron
61156,1525,unassigned
61157,1526,Excitatory_Neuron
61158,1525,unassigned
61159,1537,Excitatory_Neuron
61160,1537,Excitatory_Neuron
61161,1537,Excitatory_Neuron
61162,1525,unassigned
61163,1528,Excitatory_Neuron
61164,1530,Excitatory_Neuron
61165,1560,unassigned
61166,1531,Excitatory_Neuron
61167,1531,Excitatory_Neuron
61168,1531,Excitatory_Neuron
61169,1571,Excitatory_Neuron
61170,1545,Excitatory_Neuron
61171,1553,Excitatory_Neuron
61172,1534,Excitatory_Neuron
61173,1553,Excitatory_Neuron
61174,1552,Excitatory_Neuron
61175,1552,Excitatory_Neuron
61176,1535,Excitatory_Neuron
61177,1558,unassigned
61178,1525,unassigned
61179,1538,Astro-Epen
61180,1566,Excitatory_Neuron
61181,1538,Astro-Epen
61182,1525,unassigned
61183,1529,Excitatory_Neuron
61184,1539,Excitatory_Neuron
61185,1531,Excitatory_Neuron
61186,1531,Excitatory_Neuron
61187,1531,Excitatory_Neuron
61188,1546,Excitatory_Neuron
61189,1571,Excitatory_Neuron
61190,1545,Excitatory_Neuron
61191,1549,Excitatory_Neuron
61192,1549,Excitatory_Neuron
61193,1576,Excitatory_Neuron
61194,1548,Excitatory_Neuron
61195,1549,Excitatory_Neuron
61196,1548,Excitatory_Neuron
61197,1551,Excitatory_Neuron
61198,1525,unassigned
61199,1534,Excitatory_Neuron
61200,1554,unassigned
61201,1557,Excitatory_Neuron
61202,1537,Excitatory_Neuron
61203,1529,Excitatory_Neuron
61204,1530,Excitatory_Neuron
61205,1562,Excitatory_Neuron
61206,1525,unassigned
61207,1585,unassigned
61208,1531,Excitatory_Neuron
61209,1575,Excitatory_Neuron
61210,1531,Excitatory_Neuron
61211,1571,Excitatory_Neuron
61212,1545,Excitatory_Neuron
61213,1575,Excitatory_Neuron
61214,1548,Excitatory_Neuron
61215,1545,Excitatory_Neuron
61216,1551,Excitatory_Neuron
61217,1553,Excitatory_Neuron
61218,1564,unassigned
61219,1581,unassigned
61220,1536,Excitatory_Neuron
61221,1566,Excitatory_Neuron
61222,1528,Excitatory_Neuron
61223,1538,Astro-Epen
61224,1566,Excitatory_Neuron
61225,1525,unassigned
61226,1529,Excitatory_Neuron
61227,1530,Excitatory_Neuron
61228,1531,Excitatory_Neuron
61229,1525,unassigned
61230,1571,Excitatory_Neuron
61231,1571,Excitatory_Neuron
61232,1545,Excitatory_Neuron
61233,1525,unassigned
61234,1549,Excitatory_Neuron
61235,1583,Excitatory_Neuron
61236,1548,Excitatory_Neuron
61237,1583,Excitatory_Neuron
61238,1534,Excitatory_Neuron
61239,1525,unassigned
61240,1586,unassigned
61241,1526,Excitatory_Neuron
61242,1537,Excitatory_Neuron
61243,1538,Astro-Epen
61244,1538,Astro-Epen
61245,1525,unassigned
61246,1525,unassigned
61247,1529,Excitatory_Neuron
61248,1562,Excitatory_Neuron
61249,1531,Excitatory_Neuron
61250,1531,Excitatory_Neuron
61251,1560,unassigned
61252,1531,Excitatory_Neuron
61253,1575,Excitatory_Neuron
61254,1525,unassigned
61255,1548,Excitatory_Neuron
61256,1534,Excitatory_Neuron
61257,1534,Excitatory_Neuron
61258,1551,Excitatory_Neuron
61259,1555,Excitatory_Neuron
61260,1565,unassigned
61261,1526,Excitatory_Neuron
61262,1566,Excitatory_Neuron
61263,1528,Excitatory_Neuron
61264,1528,Excitatory_Neuron
61265,1528,Excitatory_Neuron
61266,1528,Excitatory_Neuron
61267,1525,unassigned
61268,1528,Excitatory_Neuron
61269,1530,Excitatory_Neuron
61270,1531,Excitatory_Neuron
61271,1540,Excitatory_Neuron
61272,1543,Excitatory_Neuron
61273,1540,Excitatory_Neuron
61274,1543,Excitatory_Neuron
61275,1548,Excitatory_Neuron
61276,1525,unassigned
61277,1548,Excitatory_Neuron
61278,1576,Excitatory_Neuron
61279,1555,Excitatory_Neuron
61280,1552,Excitatory_Neuron
61281,1553,Excitatory_Neuron
61282,1581,unassigned
61283,1526,Excitatory_Neuron
61284,1529,Excitatory_Neuron
61285,1528,Excitatory_Neuron
61286,1530,Excitatory_Neuron
61287,1529,Excitatory_Neuron
61288,1531,Excitatory_Neuron
61289,1531,Excitatory_Neuron
61290,1545,Excitatory_Neuron
61291,1549,Excitatory_Neuron
61292,1525,unassigned
61293,1534,Excitatory_Neuron
61294,1534,Excitatory_Neuron
61295,1525,unassigned
61296,1553,Excitatory_Neuron
61297,1576,Excitatory_Neuron
61298,1552,Excitatory_Neuron
61299,1551,Excitatory_Neuron
61300,1535,Excitatory_Neuron
61301,1526,Excitatory_Neuron
61302,1526,Excitatory_Neuron
61303,1538,Astro-Epen
61304,1537,Excitatory_Neuron
61305,1528,Excitatory_Neuron
61306,1539,Excitatory_Neuron
61307,1539,Excitatory_Neuron
61308,1530,Excitatory_Neuron
61309,1530,Excitatory_Neuron
61310,1540,Excitatory_Neuron
61311,1541,Vascular
61312,1571,Excitatory_Neuron
61313,1531,Excitatory_Neuron
61314,1545,Excitatory_Neuron
61315,1575,Excitatory_Neuron
61316,1571,Excitatory_Neuron
61317,1546,Excitatory_Neuron
61318,1553,Excitatory_Neuron
61319,1537,Excitatory_Neuron
61320,1525,unassigned
61321,1537,Excitatory_Neuron
61322,1528,Excitatory_Neuron
61323,1562,Excitatory_Neuron
61324,1543,Excitatory_Neuron
61325,1549,Excitatory_Neuron
61326,1534,Excitatory_Neuron
61327,1555,Excitatory_Neuron
61328,1566,Excitatory_Neuron
61329,1566,Excitatory_Neuron
61330,1528,Excitatory_Neuron
61331,1528,Excitatory_Neuron
61332,1539,Excitatory_Neuron
61333,1531,Excitatory_Neuron
61334,1543,Excitatory_Neuron
61335,1545,Excitatory_Neuron
61336,1549,Excitatory_Neuron
61337,1545,Excitatory_Neuron
61338,1553,Excitatory_Neuron
61339,1553,Excitatory_Neuron
61340,1534,Excitatory_Neuron
61341,1551,Excitatory_Neuron
61342,1552,Excitatory_Neuron
61343,1552,Excitatory_Neuron
61344,1551,Excitatory_Neuron
61345,1536,Excitatory_Neuron
61346,1537,Excitatory_Neuron
61347,1528,Excitatory_Neuron
61348,1528,Excitatory_Neuron
61349,1529,Excitatory_Neuron
61350,1525,unassigned
61351,1530,Excitatory_Neuron
61352,1543,Excitatory_Neuron
61353,1531,Excitatory_Neuron
61354,1575,Excitatory_Neuron
61355,1545,Excitatory_Neuron
61356,1548,Excitatory_Neuron
61357,1545,Excitatory_Neuron
61358,1548,Excitatory_Neuron
61359,1576,Excitatory_Neuron
61360,1576,Excitatory_Neuron
61361,1555,Excitatory_Neuron
61362,1551,Excitatory_Neuron
61363,1555,Excitatory_Neuron
61364,1537,Excitatory_Neuron
61365,1529,Excitatory_Neuron
61366,1530,Excitatory_Neuron
61367,1531,Excitatory_Neuron
61368,1540,Excitatory_Neuron
61369,1571,Excitatory_Neuron
61370,1541,Vascular
61371,1571,Excitatory_Neuron
61372,1546,Excitatory_Neuron
61373,1545,Excitatory_Neuron
61374,1545,Excitatory_Neuron
61375,1576,Excitatory_Neuron
61376,1549,Excitatory_Neuron
61377,1534,Excitatory_Neuron
61378,1548,Excitatory_Neuron
61379,1552,Excitatory_Neuron
61380,1525,unassigned
61381,1537,Excitatory_Neuron
61382,1587,Excitatory_Neuron
61383,1528,Excitatory_Neuron
61384,1528,Excitatory_Neuron
61385,1530,Excitatory_Neuron
61386,1540,Excitatory_Neuron
61387,1525,unassigned
61388,1571,Excitatory_Neuron
61389,1571,Excitatory_Neuron
61390,1531,Excitatory_Neuron
61391,1545,Excitatory_Neuron
61392,1575,Excitatory_Neuron
61393,1549,Excitatory_Neuron
61394,1549,Excitatory_Neuron
61395,1549,Excitatory_Neuron
61396,1576,Excitatory_Neuron
61397,1534,Excitatory_Neuron
61398,1576,Excitatory_Neuron
61399,1553,Excitatory_Neuron
61400,1555,Excitatory_Neuron
61401,1537,Excitatory_Neuron
61402,1538,Astro-Epen
61403,1537,Excitatory_Neuron
61404,1566,Excitatory_Neuron
61405,1566,Excitatory_Neuron
61406,1528,Excitatory_Neuron
61407,1525,unassigned
61408,1529,Excitatory_Neuron
61409,1525,unassigned
61410,1540,Excitatory_Neuron
61411,1543,Excitatory_Neuron
61412,1531,Excitatory_Neuron
61413,1575,Excitatory_Neuron
61414,1546,Excitatory_Neuron
61415,1575,Excitatory_Neuron
61416,1525,unassigned
61417,1549,Excitatory_Neuron
61418,1549,Excitatory_Neuron
61419,1553,Excitatory_Neuron
61420,1576,Excitatory_Neuron
61421,1534,Excitatory_Neuron
61422,1526,Excitatory_Neuron
61423,1536,Excitatory_Neuron
61424,1528,Excitatory_Neuron
61425,1566,Excitatory_Neuron
61426,1541,Vascular
61427,1546,Excitatory_Neuron
61428,1545,Excitatory_Neuron
61429,1545,Excitatory_Neuron
61430,1549,Excitatory_Neuron
61431,1549,Excitatory_Neuron
61432,1548,Excitatory_Neuron
61433,1576,Excitatory_Neuron
61434,1583,Excitatory_Neuron
61435,1553,Excitatory_Neuron
61436,1552,Excitatory_Neuron
61437,1536,Excitatory_Neuron
61438,1528,Excitatory_Neuron
61439,1528,Excitatory_Neuron
61440,1529,Excitatory_Neuron
61441,1530,Excitatory_Neuron
61442,1562,Excitatory_Neuron
61443,1571,Excitatory_Neuron
61444,1543,Excitatory_Neuron
61445,1571,Excitatory_Neuron
61446,1545,Excitatory_Neuron
61447,1571,Excitatory_Neuron
61448,1548,Excitatory_Neuron
61449,1576,Excitatory_Neuron
61450,1534,Excitatory_Neuron
61451,1525,unassigned
61452,1554,unassigned
61453,1528,Excitatory_Neuron
61454,1525,unassigned
61455,1525,unassigned
61456,1530,Excitatory_Neuron
61457,1531,Excitatory_Neuron
61458,1543,Excitatory_Neuron
61459,1543,Excitatory_Neuron
61460,1540,Excitatory_Neuron
61461,1545,Excitatory_Neuron
61462,1546,Excitatory_Neuron
61463,1534,Excitatory_Neuron
61464,1553,Excitatory_Neuron
61465,1555,Excitatory_Neuron
61466,1551,Excitatory_Neuron
61467,1525,unassigned
61468,1536,Excitatory_Neuron
61469,1537,Excitatory_Neuron
61470,1537,Excitatory_Neuron
61471,1528,Excitatory_Neuron
61472,1528,Excitatory_Neuron
61473,1566,Excitatory_Neuron
61474,1528,Excitatory_Neuron
61475,1539,Excitatory_Neuron
61476,1562,Excitatory_Neuron
61477,1525,unassigned
61478,1540,Excitatory_Neuron
61479,1531,Excitatory_Neuron
61480,1543,Excitatory_Neuron
61481,1531,Excitatory_Neuron
61482,1545,Excitatory_Neuron
61483,1546,Excitatory_Neuron
61484,1545,Excitatory_Neuron
61485,1576,Excitatory_Neuron
61486,1576,Excitatory_Neuron
61487,1551,Excitatory_Neuron
61488,1538,Astro-Epen
61489,1566,Excitatory_Neuron
61490,1529,Excitatory_Neuron
61491,1539,Excitatory_Neuron
61492,1529,Excitatory_Neuron
61493,1531,Excitatory_Neuron
61494,1571,Excitatory_Neuron
61495,1575,Excitatory_Neuron
61496,1575,Excitatory_Neuron
61497,1575,Excitatory_Neuron
61498,1571,Excitatory_Neuron
61499,1546,Excitatory_Neuron
61500,1546,Excitatory_Neuron
61501,1571,Excitatory_Neuron
61502,1549,Excitatory_Neuron
61503,1548,Excitatory_Neuron
61504,1545,Excitatory_Neuron
61505,1576,Excitatory_Neuron
61506,1534,Excitatory_Neuron
61507,1525,unassigned
61508,1555,Excitatory_Neuron
61509,1579,unassigned
61510,1558,unassigned
61511,1528,Excitatory_Neuron
61512,1566,Excitatory_Neuron
61513,1529,Excitatory_Neuron
61514,1525,unassigned
61515,1531,Excitatory_Neuron
61516,1575,Excitatory_Neuron
61517,1545,Excitatory_Neuron
61518,1583,Excitatory_Neuron
61519,1525,unassigned
61520,1550,unassigned
61521,1576,Excitatory_Neuron
61522,1576,Excitatory_Neuron
61523,1553,Excitatory_Neuron
61524,1525,unassigned
61525,1526,Excitatory_Neuron
61526,1529,Excitatory_Neuron
61527,1562,Excitatory_Neuron
61528,1562,Excitatory_Neuron
61529,1525,unassigned
61530,1541,Vascular
61531,1540,Excitatory_Neuron
61532,1543,Excitatory_Neuron
61533,1531,Excitatory_Neuron
61534,1545,Excitatory_Neuron
61535,1548,Excitatory_Neuron
61536,1534,Excitatory_Neuron
61537,1552,Excitatory_Neuron
61538,1534,Excitatory_Neuron
61539,1555,Excitatory_Neuron
61540,1535,Excitatory_Neuron
61541,1535,Excitatory_Neuron
61542,1525,unassigned
61543,1526,Excitatory_Neuron
61544,1525,unassigned
61545,1528,Excitatory_Neuron
61546,1528,Excitatory_Neuron
61547,1529,Excitatory_Neuron
61548,1530,Excitatory_Neuron
61549,1562,Excitatory_Neuron
61550,1541,Vascular
61551,1531,Excitatory_Neuron
61552,1571,Excitatory_Neuron
61553,1525,unassigned
61554,1546,Excitatory_Neuron
61555,1583,Excitatory_Neuron
61556,1576,Excitatory_Neuron
61557,1534,Excitatory_Neuron
61558,1554,unassigned
61559,1525,unassigned
61560,1528,Excitatory_Neuron
61561,1525,unassigned
61562,1528,Excitatory_Neuron
61563,1529,Excitatory_Neuron
61564,1525,unassigned
61565,1530,Excitatory_Neuron
61566,1525,unassigned
61567,1588,unassigned
61568,1575,Excitatory_Neuron
61569,1546,Excitatory_Neuron
61570,1546,Excitatory_Neuron
61571,1548,Excitatory_Neuron
61572,1525,unassigned
61573,1549,Excitatory_Neuron
61574,1583,Excitatory_Neuron
61575,1583,Excitatory_Neuron
61576,1583,Excitatory_Neuron
61577,1548,Excitatory_Neuron
61578,1553,Excitatory_Neuron
61579,1551,Excitatory_Neuron
61580,1534,Excitatory_Neuron
61581,1536,Excitatory_Neuron
61582,1526,Excitatory_Neuron
61583,1566,Excitatory_Neuron
61584,1530,Excitatory_Neuron
61585,1530,Excitatory_Neuron
61586,1530,Excitatory_Neuron
61587,1540,Excitatory_Neuron
61588,1571,Excitatory_Neuron
61589,1531,Excitatory_Neuron
61590,1546,Excitatory_Neuron
61591,1575,Excitatory_Neuron
61592,1545,Excitatory_Neuron
61593,1549,Excitatory_Neuron
61594,1549,Excitatory_Neuron
61595,1534,Excitatory_Neuron
61596,1555,Excitatory_Neuron
61597,1553,Excitatory_Neuron
61598,1551,Excitatory_Neuron
61599,1589,unassigned
61600,1526,Excitatory_Neuron
61601,1557,Excitatory_Neuron
61602,1590,unassigned
61603,1526,Excitatory_Neuron
61604,1529,Excitatory_Neuron
61605,1525,unassigned
61606,1539,Excitatory_Neuron
61607,1529,Excitatory_Neuron
61608,1525,unassigned
61609,1530,Excitatory_Neuron
61610,1562,Excitatory_Neuron
61611,1562,Excitatory_Neuron
61612,1562,Excitatory_Neuron
61613,1525,unassigned
61614,1541,Vascular
61615,1571,Excitatory_Neuron
61616,1546,Excitatory_Neuron
61617,1546,Excitatory_Neuron
61618,1571,Excitatory_Neuron
61619,1549,Excitatory_Neuron
61620,1576,Excitatory_Neuron
61621,1534,Excitatory_Neuron
61622,1555,Excitatory_Neuron
61623,1584,unassigned
61624,1584,unassigned
61625,1535,Excitatory_Neuron
61626,1526,Excitatory_Neuron
61627,1526,Excitatory_Neuron
61628,1526,Excitatory_Neuron
61629,1587,Excitatory_Neuron
61630,1525,unassigned
61631,1529,Excitatory_Neuron
61632,1530,Excitatory_Neuron
61633,1525,unassigned
61634,1525,unassigned
61635,1541,Vascular
61636,1541,Vascular
61637,1545,Excitatory_Neuron
61638,1546,Excitatory_Neuron
61639,1549,Excitatory_Neuron
61640,1555,Excitatory_Neuron
61641,1553,Excitatory_Neuron
61642,1551,Excitatory_Neuron
61643,1535,Excitatory_Neuron
61644,1525,unassigned
61645,1528,Excitatory_Neuron
61646,1530,Excitatory_Neuron
61647,1530,Excitatory_Neuron
61648,1531,Excitatory_Neuron
61649,1543,Excitatory_Neuron
61650,1525,unassigned
61651,1571,Excitatory_Neuron
61652,1548,Excitatory_Neuron
61653,1548,Excitatory_Neuron
61654,1576,Excitatory_Neuron
61655,1583,Excitatory_Neuron
61656,1548,Excitatory_Neuron
61657,1553,Excitatory_Neuron
61658,1535,Excitatory_Neuron
61659,1536,Excitatory_Neuron
61660,1526,Excitatory_Neuron
61661,1590,unassigned
61662,1538,Astro-Epen
61663,1528,Excitatory_Neuron
61664,1528,Excitatory_Neuron
61665,1529,Excitatory_Neuron
61666,1525,unassigned
61667,1525,unassigned
61668,1525,unassigned
61669,1540,Excitatory_Neuron
61670,1541,Vascular
61671,1575,Excitatory_Neuron
61672,1525,unassigned
61673,1546,Excitatory_Neuron
61674,1545,Excitatory_Neuron
61675,1549,Excitatory_Neuron
61676,1548,Excitatory_Neuron
61677,1548,Excitatory_Neuron
61678,1583,Excitatory_Neuron
61679,1576,Excitatory_Neuron
61680,1551,Excitatory_Neuron
61681,1579,unassigned
61682,1535,Excitatory_Neuron
61683,1537,Excitatory_Neuron
61684,1538,Astro-Epen
61685,1525,unassigned
61686,1530,Excitatory_Neuron
61687,1539,Excitatory_Neuron
61688,1562,Excitatory_Neuron
61689,1530,Excitatory_Neuron
61690,1530,Excitatory_Neuron
61691,1531,Excitatory_Neuron
61692,1531,Excitatory_Neuron
61693,1531,Excitatory_Neuron
61694,1531,Excitatory_Neuron
61695,1585,unassigned
61696,1545,Excitatory_Neuron
61697,1548,Excitatory_Neuron
61698,1545,Excitatory_Neuron
61699,1576,Excitatory_Neuron
61700,1548,Excitatory_Neuron
61701,1553,Excitatory_Neuron
61702,1548,Excitatory_Neuron
61703,1548,Excitatory_Neuron
61704,1583,Excitatory_Neuron
61705,1551,Excitatory_Neuron
61706,1584,unassigned
61707,1536,Excitatory_Neuron
61708,1536,Excitatory_Neuron
61709,1537,Excitatory_Neuron
61710,1537,Excitatory_Neuron
61711,1525,unassigned
61712,1528,Excitatory_Neuron
61713,1525,unassigned
61714,1525,unassigned
61715,1525,unassigned
61716,1575,Excitatory_Neuron
61717,1545,Excitatory_Neuron
61718,1575,Excitatory_Neuron
61719,1525,unassigned
61720,1553,Excitatory_Neuron
61721,1548,Excitatory_Neuron
61722,1553,Excitatory_Neuron
61723,1534,Excitatory_Neuron
61724,1565,unassigned
61725,1525,unassigned
61726,1537,Excitatory_Neuron
61727,1566,Excitatory_Neuron
61728,1528,Excitatory_Neuron
61729,1525,unassigned
61730,1529,Excitatory_Neuron
61731,1540,Excitatory_Neuron
61732,1585,unassigned
61733,1576,Excitatory_Neuron
61734,1583,Excitatory_Neuron
61735,1576,Excitatory_Neuron
61736,1534,Excitatory_Neuron
61737,1535,Excitatory_Neuron
61738,1584,unassigned
61739,1535,Excitatory_Neuron
61740,1535,Excitatory_Neuron
61741,1526,Excitatory_Neuron
61742,1526,Excitatory_Neuron
61743,1528,Excitatory_Neuron
61744,1528,Excitatory_Neuron
61745,1528,Excitatory_Neuron
61746,1539,Excitatory_Neuron
61747,1525,unassigned
61748,1540,Excitatory_Neuron
61749,1530,Excitatory_Neuron
61750,1525,unassigned
61751,1571,Excitatory_Neuron
61752,1575,Excitatory_Neuron
61753,1575,Excitatory_Neuron
61754,1545,Excitatory_Neuron
61755,1549,Excitatory_Neuron
61756,1548,Excitatory_Neuron
61757,1583,Excitatory_Neuron
61758,1553,Excitatory_Neuron
61759,1553,Excitatory_Neuron
61760,1548,Excitatory_Neuron
61761,1553,Excitatory_Neuron
61762,1553,Excitatory_Neuron
61763,1552,Excitatory_Neuron
61764,1535,Excitatory_Neuron
61765,1532,unassigned
61766,1535,Excitatory_Neuron
61767,1525,unassigned
61768,1587,Excitatory_Neuron
61769,1530,Excitatory_Neuron
61770,1529,Excitatory_Neuron
61771,1525,unassigned
61772,1530,Excitatory_Neuron
61773,1525,unassigned
61774,1543,Excitatory_Neuron
61775,1543,Excitatory_Neuron
61776,1545,Excitatory_Neuron
61777,1549,Excitatory_Neuron
61778,1525,unassigned
61779,1525,unassigned
61780,1583,Excitatory_Neuron
61781,1551,Excitatory_Neuron
61782,1589,unassigned
61783,1528,Excitatory_Neuron
61784,1525,unassigned
61785,1528,Excitatory_Neuron
61786,1530,Excitatory_Neuron
61787,1525,unassigned
61788,1525,unassigned
61789,1541,Vascular
61790,1540,Excitatory_Neuron
61791,1543,Excitatory_Neuron
61792,1541,Vascular
61793,1531,Excitatory_Neuron
61794,1575,Excitatory_Neuron
61795,1525,unassigned
61796,1545,Excitatory_Neuron
61797,1575,Excitatory_Neuron
61798,1553,Excitatory_Neuron
61799,1583,Excitatory_Neuron
61800,1551,Excitatory_Neuron
61801,1525,unassigned
61802,1526,Excitatory_Neuron
61803,1526,Excitatory_Neuron
61804,1537,Excitatory_Neuron
61805,1529,Excitatory_Neuron
61806,1525,unassigned
61807,1525,unassigned
61808,1530,Excitatory_Neuron
61809,1540,Excitatory_Neuron
61810,1525,unassigned
61811,1525,unassigned
61812,1571,Excitatory_Neuron
61813,1575,Excitatory_Neuron
61814,1545,Excitatory_Neuron
61815,1546,Excitatory_Neuron
61816,1545,Excitatory_Neuron
61817,1548,Excitatory_Neuron
61818,1548,Excitatory_Neuron
61819,1548,Excitatory_Neuron
61820,1583,Excitatory_Neuron
61821,1553,Excitatory_Neuron
61822,1551,Excitatory_Neuron
61823,1576,Excitatory_Neuron
61824,1586,unassigned
61825,1538,Astro-Epen
61826,1529,Excitatory_Neuron
61827,1525,unassigned
61828,1539,Excitatory_Neuron
61829,1529,Excitatory_Neuron
61830,1530,Excitatory_Neuron
61831,1530,Excitatory_Neuron
61832,1562,Excitatory_Neuron
61833,1530,Excitatory_Neuron
61834,1530,Excitatory_Neuron
61835,1525,unassigned
61836,1525,unassigned
61837,1525,unassigned
61838,1525,unassigned
61839,1531,Excitatory_Neuron
61840,1541,Vascular
61841,1543,Excitatory_Neuron
61842,1545,Excitatory_Neuron
61843,1545,Excitatory_Neuron
61844,1545,Excitatory_Neuron
61845,1545,Excitatory_Neuron
61846,1545,Excitatory_Neuron
61847,1548,Excitatory_Neuron
61848,1583,Excitatory_Neuron
61849,1583,Excitatory_Neuron
61850,1551,Excitatory_Neuron
61851,1579,unassigned
61852,1589,unassigned
61853,1525,unassigned
61854,1525,unassigned
61855,1591,unassigned
61856,1525,unassigned
61857,1525,unassigned
61858,1541,Vascular
61859,1549,Excitatory_Neuron
61860,1575,Excitatory_Neuron
61861,1545,Excitatory_Neuron
61862,1576,Excitatory_Neuron
61863,1549,Excitatory_Neuron
61864,1534,Excitatory_Neuron
61865,1551,Excitatory_Neuron
61866,1548,Excitatory_Neuron
61867,1576,Excitatory_Neuron
61868,1551,Excitatory_Neuron
61869,1551,Excitatory_Neuron
61870,1534,Excitatory_Neuron
61871,1534,Excitatory_Neuron
61872,1537,Excitatory_Neuron
61873,1537,Excitatory_Neuron
61874,1537,Excitatory_Neuron
61875,1527,unassigned
61876,1525,unassigned
61877,1528,Excitatory_Neuron
61878,1529,Excitatory_Neuron
61879,1530,Excitatory_Neuron
61880,1530,Excitatory_Neuron
61881,1541,Vascular
61882,1531,Excitatory_Neuron
61883,1525,unassigned
61884,1546,Excitatory_Neuron
61885,1525,unassigned
61886,1545,Excitatory_Neuron
61887,1549,Excitatory_Neuron
61888,1583,Excitatory_Neuron
61889,1576,Excitatory_Neuron
61890,1576,Excitatory_Neuron
61891,1534,Excitatory_Neuron
61892,1532,unassigned
61893,1565,unassigned
61894,1565,unassigned
61895,1565,unassigned
61896,1537,Excitatory_Neuron
61897,1526,Excitatory_Neuron
61898,1528,Excitatory_Neuron
61899,1529,Excitatory_Neuron
61900,1525,unassigned
61901,1531,Excitatory_Neuron
61902,1525,unassigned
61903,1540,Excitatory_Neuron
61904,1525,unassigned
61905,1541,Vascular
61906,1543,Excitatory_Neuron
61907,1571,Excitatory_Neuron
61908,1531,Excitatory_Neuron
61909,1545,Excitatory_Neuron
61910,1546,Excitatory_Neuron
61911,1548,Excitatory_Neuron
61912,1551,Excitatory_Neuron
61913,1525,unassigned
61914,1534,Excitatory_Neuron
61915,1584,unassigned
61916,1536,Excitatory_Neuron
61917,1526,Excitatory_Neuron
61918,1537,Excitatory_Neuron
61919,1539,Excitatory_Neuron
61920,1562,Excitatory_Neuron
61921,1530,Excitatory_Neuron
61922,1562,Excitatory_Neuron
61923,1525,unassigned
61924,1571,Excitatory_Neuron
61925,1543,Excitatory_Neuron
61926,1545,Excitatory_Neuron
61927,1545,Excitatory_Neuron
61928,1583,Excitatory_Neuron
61929,1537,Excitatory_Neuron
61930,1538,Astro-Epen
61931,1538,Astro-Epen
61932,1528,Excitatory_Neuron
61933,1529,Excitatory_Neuron
61934,1530,Excitatory_Neuron
61935,1571,Excitatory_Neuron
61936,1575,Excitatory_Neuron
61937,1571,Excitatory_Neuron
61938,1546,Excitatory_Neuron
61939,1575,Excitatory_Neuron
61940,1571,Excitatory_Neuron
61941,1545,Excitatory_Neuron
61942,1583,Excitatory_Neuron
61943,1583,Excitatory_Neuron
61944,1549,Excitatory_Neuron
61945,1583,Excitatory_Neuron
61946,1583,Excitatory_Neuron
61947,1551,Excitatory_Neuron
61948,1551,Excitatory_Neuron
61949,1576,Excitatory_Neuron
61950,1551,Excitatory_Neuron
61951,1551,Excitatory_Neuron
61952,1551,Excitatory_Neuron
61953,1532,unassigned
61954,1526,Excitatory_Neuron
61955,1529,Excitatory_Neuron
61956,1525,unassigned
61957,1592,unassigned
61958,1562,Excitatory_Neuron
61959,1525,unassigned
61960,1562,Excitatory_Neuron
61961,1525,unassigned
61962,1546,Excitatory_Neuron
61963,1546,Excitatory_Neuron
61964,1575,Excitatory_Neuron
61965,1548,Excitatory_Neuron
61966,1549,Excitatory_Neuron
61967,1549,Excitatory_Neuron
61968,1548,Excitatory_Neuron
61969,1551,Excitatory_Neuron
61970,1576,Excitatory_Neuron
61971,1525,unassigned
61972,1586,unassigned
61973,1525,unassigned
61974,1557,Excitatory_Neuron
61975,1538,Astro-Epen
61976,1528,Excitatory_Neuron
61977,1529,Excitatory_Neuron
61978,1530,Excitatory_Neuron
61979,1530,Excitatory_Neuron
61980,1530,Excitatory_Neuron
61981,1525,unassigned
61982,1545,Excitatory_Neuron
61983,1549,Excitatory_Neuron
61984,1548,Excitatory_Neuron
61985,1583,Excitatory_Neuron
61986,1583,Excitatory_Neuron
61987,1548,Excitatory_Neuron
61988,1548,Excitatory_Neuron
61989,1552,Excitatory_Neuron
61990,1551,Excitatory_Neuron
61991,1534,Excitatory_Neuron
61992,1589,unassigned
61993,1565,unassigned
61994,1557,Excitatory_Neuron
61995,1537,Excitatory_Neuron
61996,1537,Excitatory_Neuron
61997,1525,unassigned
61998,1539,Excitatory_Neuron
61999,1525,unassigned
62000,1529,Excitatory_Neuron
62001,1540,Excitatory_Neuron
62002,1525,unassigned
62003,1541,Vascular
62004,1525,unassigned
62005,1531,Excitatory_Neuron
62006,1546,Excitatory_Neuron
62007,1545,Excitatory_Neuron
62008,1546,Excitatory_Neuron
62009,1552,Excitatory_Neuron
62010,1551,Excitatory_Neuron
62011,1551,Excitatory_Neuron
62012,1548,Excitatory_Neuron
62013,1534,Excitatory_Neuron
62014,1554,unassigned
62015,1536,Excitatory_Neuron
62016,1525,unassigned
62017,1593,unassigned
62018,1587,Excitatory_Neuron
62019,1529,Excitatory_Neuron
62020,1539,Excitatory_Neuron
62021,1530,Excitatory_Neuron
62022,1530,Excitatory_Neuron
62023,1540,Excitatory_Neuron
62024,1541,Vascular
62025,1531,Excitatory_Neuron
62026,1545,Excitatory_Neuron
62027,1546,Excitatory_Neuron
62028,1549,Excitatory_Neuron
62029,1555,Excitatory_Neuron
62030,1557,Excitatory_Neuron
62031,1539,Excitatory_Neuron
62032,1529,Excitatory_Neuron
62033,1539,Excitatory_Neuron
62034,1539,Excitatory_Neuron
62035,1585,unassigned
62036,1531,Excitatory_Neuron
62037,1545,Excitatory_Neuron
62038,1545,Excitatory_Neuron
62039,1545,Excitatory_Neuron
62040,1549,Excitatory_Neuron
62041,1548,Excitatory_Neuron
62042,1534,Excitatory_Neuron
62043,1535,Excitatory_Neuron
62044,1589,unassigned
62045,1557,Excitatory_Neuron
62046,1557,Excitatory_Neuron
62047,1528,Excitatory_Neuron
62048,1539,Excitatory_Neuron
62049,1562,Excitatory_Neuron
62050,1525,unassigned
62051,1545,Excitatory_Neuron
62052,1545,Excitatory_Neuron
62053,1583,Excitatory_Neuron
62054,1525,unassigned
62055,1576,Excitatory_Neuron
62056,1555,Excitatory_Neuron
62057,1534,Excitatory_Neuron
62058,1535,Excitatory_Neuron
62059,1539,Excitatory_Neuron
62060,1530,Excitatory_Neuron
62061,1531,Excitatory_Neuron
62062,1530,Excitatory_Neuron
62063,1575,Excitatory_Neuron
62064,1545,Excitatory_Neuron
62065,1546,Excitatory_Neuron
62066,1575,Excitatory_Neuron
62067,1575,Excitatory_Neuron
62068,1583,Excitatory_Neuron
62069,1525,unassigned
62070,1576,Excitatory_Neuron
62071,1548,Excitatory_Neuron
62072,1534,Excitatory_Neuron
62073,1557,Excitatory_Neuron
62074,1537,Excitatory_Neuron
62075,1539,Excitatory_Neuron
62076,1529,Excitatory_Neuron
62077,1525,unassigned
62078,1531,Excitatory_Neuron
62079,1531,Excitatory_Neuron
62080,1546,Excitatory_Neuron
62081,1525,unassigned
62082,1546,Excitatory_Neuron
62083,1545,Excitatory_Neuron
62084,1545,Excitatory_Neuron
62085,1583,Excitatory_Neuron
62086,1576,Excitatory_Neuron
62087,1534,Excitatory_Neuron
62088,1576,Excitatory_Neuron
62089,1548,Excitatory_Neuron
62090,1552,Excitatory_Neuron
62091,1555,Excitatory_Neuron
62092,1551,Excitatory_Neuron
62093,1552,Excitatory_Neuron
62094,1534,Excitatory_Neuron
62095,1562,Excitatory_Neuron
62096,1541,Vascular
62097,1531,Excitatory_Neuron
62098,1546,Excitatory_Neuron
62099,1576,Excitatory_Neuron
62100,1548,Excitatory_Neuron
62101,1548,Excitatory_Neuron
62102,1576,Excitatory_Neuron
62103,1551,Excitatory_Neuron
62104,1551,Excitatory_Neuron
62105,1525,unassigned
62106,1555,Excitatory_Neuron
62107,1589,unassigned
62108,1526,Excitatory_Neuron
62109,1538,Astro-Epen
62110,1525,unassigned
62111,1528,Excitatory_Neuron
62112,1562,Excitatory_Neuron
62113,1530,Excitatory_Neuron
62114,1531,Excitatory_Neuron
62115,1571,Excitatory_Neuron
62116,1545,Excitatory_Neuron
62117,1548,Excitatory_Neuron
62118,1549,Excitatory_Neuron
62119,1553,Excitatory_Neuron
62120,1555,Excitatory_Neuron
62121,1551,Excitatory_Neuron
62122,1553,Excitatory_Neuron
62123,1579,unassigned
62124,1537,Excitatory_Neuron
62125,1538,Astro-Epen
62126,1528,Excitatory_Neuron
62127,1529,Excitatory_Neuron
62128,1530,Excitatory_Neuron
62129,1562,Excitatory_Neuron
62130,1530,Excitatory_Neuron
62131,1531,Excitatory_Neuron
62132,1525,unassigned
62133,1585,unassigned
62134,1575,Excitatory_Neuron
62135,1545,Excitatory_Neuron
62136,1545,Excitatory_Neuron
62137,1545,Excitatory_Neuron
62138,1548,Excitatory_Neuron
62139,1553,Excitatory_Neuron
62140,1553,Excitatory_Neuron
62141,1587,Excitatory_Neuron
62142,1566,Excitatory_Neuron
62143,1594,Astro-Epen
62144,1562,Excitatory_Neuron
62145,1530,Excitatory_Neuron
62146,1575,Excitatory_Neuron
62147,1546,Excitatory_Neuron
62148,1545,Excitatory_Neuron
62149,1549,Excitatory_Neuron
62150,1548,Excitatory_Neuron
62151,1583,Excitatory_Neuron
62152,1549,Excitatory_Neuron
62153,1548,Excitatory_Neuron
62154,1553,Excitatory_Neuron
62155,1576,Excitatory_Neuron
62156,1552,Excitatory_Neuron
62157,1553,Excitatory_Neuron
62158,1555,Excitatory_Neuron
62159,1579,unassigned
62160,1525,unassigned
62161,1529,Excitatory_Neuron
62162,1530,Excitatory_Neuron
62163,1529,Excitatory_Neuron
62164,1539,Excitatory_Neuron
62165,1562,Excitatory_Neuron
62166,1585,unassigned
62167,1571,Excitatory_Neuron
62168,1575,Excitatory_Neuron
62169,1571,Excitatory_Neuron
62170,1546,Excitatory_Neuron
62171,1545,Excitatory_Neuron
62172,1545,Excitatory_Neuron
62173,1545,Excitatory_Neuron
62174,1583,Excitatory_Neuron
62175,1525,unassigned
62176,1576,Excitatory_Neuron
62177,1525,unassigned
62178,1589,unassigned
62179,1525,unassigned
62180,1528,Excitatory_Neuron
62181,1525,unassigned
62182,1528,Excitatory_Neuron
62183,1529,Excitatory_Neuron
62184,1525,unassigned
62185,1562,Excitatory_Neuron
62186,1540,Excitatory_Neuron
62187,1575,Excitatory_Neuron
62188,1543,Excitatory_Neuron
62189,1546,Excitatory_Neuron
62190,1583,Excitatory_Neuron
62191,1525,unassigned
62192,1525,unassigned
62193,1553,Excitatory_Neuron
62194,1534,Excitatory_Neuron
62195,1534,Excitatory_Neuron
62196,1551,Excitatory_Neuron
62197,1532,unassigned
62198,1589,unassigned
62199,1535,Excitatory_Neuron
62200,1537,Excitatory_Neuron
62201,1525,unassigned
62202,1525,unassigned
62203,1540,Excitatory_Neuron
62204,1540,Excitatory_Neuron
62205,1525,unassigned
62206,1546,Excitatory_Neuron
62207,1571,Excitatory_Neuron
62208,1525,unassigned
62209,1545,Excitatory_Neuron
62210,1576,Excitatory_Neuron
62211,1549,Excitatory_Neuron
62212,1555,Excitatory_Neuron
62213,1586,unassigned
62214,1586,unassigned
62215,1589,unassigned
62216,1536,Excitatory_Neuron
62217,1526,Excitatory_Neuron
62218,1538,Astro-Epen
62219,1525,unassigned
62220,1529,Excitatory_Neuron
62221,1571,Excitatory_Neuron
62222,1546,Excitatory_Neuron
62223,1548,Excitatory_Neuron
62224,1551,Excitatory_Neuron
62225,1534,Excitatory_Neuron
62226,1551,Excitatory_Neuron
62227,1532,unassigned
62228,1538,Astro-Epen
62229,1538,Astro-Epen
62230,1585,unassigned
62231,1545,Excitatory_Neuron
62232,1525,unassigned
62233,1546,Excitatory_Neuron
62234,1534,Excitatory_Neuron
62235,1583,Excitatory_Neuron
62236,1576,Excitatory_Neuron
62237,1548,Excitatory_Neuron
62238,1551,Excitatory_Neuron
62239,1553,Excitatory_Neuron
62240,1551,Excitatory_Neuron
62241,1586,unassigned
62242,1535,Excitatory_Neuron
62243,1557,Excitatory_Neuron
62244,1587,Excitatory_Neuron
62245,1528,Excitatory_Neuron
62246,1528,Excitatory_Neuron
62247,1539,Excitatory_Neuron
62248,1562,Excitatory_Neuron
62249,1540,Excitatory_Neuron
62250,1531,Excitatory_Neuron
62251,1571,Excitatory_Neuron
62252,1546,Excitatory_Neuron
62253,1571,Excitatory_Neuron
62254,1548,Excitatory_Neuron
62255,1576,Excitatory_Neuron
62256,1535,Excitatory_Neuron
62257,1566,Excitatory_Neuron
62258,1525,unassigned
62259,1529,Excitatory_Neuron
62260,1529,Excitatory_Neuron
62261,1525,unassigned
62262,1562,Excitatory_Neuron
62263,1540,Excitatory_Neuron
62264,1540,Excitatory_Neuron
62265,1575,Excitatory_Neuron
62266,1545,Excitatory_Neuron
62267,1545,Excitatory_Neuron
62268,1548,Excitatory_Neuron
62269,1548,Excitatory_Neuron
62270,1534,Excitatory_Neuron
62271,1595,unassigned
62272,1537,Excitatory_Neuron
62273,1537,Excitatory_Neuron
62274,1525,unassigned
62275,1539,Excitatory_Neuron
62276,1539,Excitatory_Neuron
62277,1529,Excitatory_Neuron
62278,1525,unassigned
62279,1540,Excitatory_Neuron
62280,1575,Excitatory_Neuron
62281,1543,Excitatory_Neuron
62282,1596,unassigned
62283,1549,Excitatory_Neuron
62284,1548,Excitatory_Neuron
62285,1525,unassigned
62286,1551,Excitatory_Neuron
62287,1534,Excitatory_Neuron
62288,1525,unassigned
62289,1535,Excitatory_Neuron
62290,1589,unassigned
62291,1540,Excitatory_Neuron
62292,1541,Vascular
62293,1531,Excitatory_Neuron
62294,1545,Excitatory_Neuron
62295,1548,Excitatory_Neuron
62296,1548,Excitatory_Neuron
62297,1576,Excitatory_Neuron
62298,1534,Excitatory_Neuron
62299,1564,unassigned
62300,1557,Excitatory_Neuron
62301,1528,Excitatory_Neuron
62302,1528,Excitatory_Neuron
62303,1528,Excitatory_Neuron
62304,1539,Excitatory_Neuron
62305,1525,unassigned
62306,1594,Astro-Epen
62307,1525,unassigned
62308,1571,Excitatory_Neuron
62309,1543,Excitatory_Neuron
62310,1571,Excitatory_Neuron
62311,1525,unassigned
62312,1548,Excitatory_Neuron
62313,1553,Excitatory_Neuron
62314,1576,Excitatory_Neuron
62315,1525,unassigned
62316,1525,unassigned
62317,1555,Excitatory_Neuron
62318,1584,unassigned
62319,1538,Astro-Epen
62320,1528,Excitatory_Neuron
62321,1539,Excitatory_Neuron
62322,1529,Excitatory_Neuron
62323,1529,Excitatory_Neuron
62324,1530,Excitatory_Neuron
62325,1525,unassigned
62326,1530,Excitatory_Neuron
62327,1531,Excitatory_Neuron
62328,1543,Excitatory_Neuron
62329,1545,Excitatory_Neuron
62330,1548,Excitatory_Neuron
62331,1548,Excitatory_Neuron
62332,1583,Excitatory_Neuron
62333,1553,Excitatory_Neuron
62334,1534,Excitatory_Neuron
62335,1551,Excitatory_Neuron
62336,1584,unassigned
62337,1525,unassigned
62338,1557,Excitatory_Neuron
62339,1538,Astro-Epen
62340,1566,Excitatory_Neuron
62341,1529,Excitatory_Neuron
62342,1562,Excitatory_Neuron
62343,1575,Excitatory_Neuron
62344,1575,Excitatory_Neuron
62345,1545,Excitatory_Neuron
62346,1545,Excitatory_Neuron
62347,1545,Excitatory_Neuron
62348,1545,Excitatory_Neuron
62349,1549,Excitatory_Neuron
62350,1583,Excitatory_Neuron
62351,1583,Excitatory_Neuron
62352,1534,Excitatory_Neuron
62353,1553,Excitatory_Neuron
62354,1553,Excitatory_Neuron
62355,1534,Excitatory_Neuron
62356,1551,Excitatory_Neuron
62357,1536,Excitatory_Neuron
62358,1536,Excitatory_Neuron
62359,1536,Excitatory_Neuron
62360,1526,Excitatory_Neuron
62361,1539,Excitatory_Neuron
62362,1530,Excitatory_Neuron
62363,1531,Excitatory_Neuron
62364,1543,Excitatory_Neuron
62365,1541,Vascular
62366,1525,unassigned
62367,1546,Excitatory_Neuron
62368,1545,Excitatory_Neuron
62369,1546,Excitatory_Neuron
62370,1548,Excitatory_Neuron
62371,1551,Excitatory_Neuron
62372,1534,Excitatory_Neuron
62373,1553,Excitatory_Neuron
62374,1534,Excitatory_Neuron
62375,1534,Excitatory_Neuron
62376,1557,Excitatory_Neuron
62377,1526,Excitatory_Neuron
62378,1526,Excitatory_Neuron
62379,1526,Excitatory_Neuron
62380,1526,Excitatory_Neuron
62381,1528,Excitatory_Neuron
62382,1529,Excitatory_Neuron
62383,1530,Excitatory_Neuron
62384,1540,Excitatory_Neuron
62385,1562,Excitatory_Neuron
62386,1541,Vascular
62387,1530,Excitatory_Neuron
62388,1575,Excitatory_Neuron
62389,1571,Excitatory_Neuron
62390,1545,Excitatory_Neuron
62391,1545,Excitatory_Neuron
62392,1549,Excitatory_Neuron
62393,1534,Excitatory_Neuron
62394,1548,Excitatory_Neuron
62395,1548,Excitatory_Neuron
62396,1535,Excitatory_Neuron
62397,1536,Excitatory_Neuron
62398,1528,Excitatory_Neuron
62399,1539,Excitatory_Neuron
62400,1531,Excitatory_Neuron
62401,1585,unassigned
62402,1525,unassigned
62403,1543,Excitatory_Neuron
62404,1571,Excitatory_Neuron
62405,1546,Excitatory_Neuron
62406,1583,Excitatory_Neuron
62407,1552,Excitatory_Neuron
62408,1551,Excitatory_Neuron
62409,1557,Excitatory_Neuron
62410,1538,Astro-Epen
62411,1528,Excitatory_Neuron
62412,1530,Excitatory_Neuron
62413,1585,unassigned
62414,1597,unassigned
62415,1525,unassigned
62416,1525,unassigned
62417,1586,unassigned
62418,1526,Excitatory_Neuron
62419,1566,Excitatory_Neuron
62420,1529,Excitatory_Neuron
62421,1530,Excitatory_Neuron
62422,1531,Excitatory_Neuron
62423,1525,unassigned
62424,1525,unassigned
62425,1571,Excitatory_Neuron
62426,1545,Excitatory_Neuron
62427,1549,Excitatory_Neuron
62428,1548,Excitatory_Neuron
62429,1576,Excitatory_Neuron
62430,1548,Excitatory_Neuron
62431,1551,Excitatory_Neuron
62432,1525,unassigned
62433,1557,Excitatory_Neuron
62434,1526,Excitatory_Neuron
62435,1538,Astro-Epen
62436,1566,Excitatory_Neuron
62437,1566,Excitatory_Neuron
62438,1525,unassigned
62439,1529,Excitatory_Neuron
62440,1530,Excitatory_Neuron
62441,1543,Excitatory_Neuron
62442,1545,Excitatory_Neuron
62443,1545,Excitatory_Neuron
62444,1583,Excitatory_Neuron
62445,1534,Excitatory_Neuron
62446,1579,unassigned
62447,1595,unassigned
62448,1537,Excitatory_Neuron
62449,1538,Astro-Epen
62450,1587,Excitatory_Neuron
62451,1528,Excitatory_Neuron
62452,1528,Excitatory_Neuron
62453,1525,unassigned
62454,1530,Excitatory_Neuron
62455,1530,Excitatory_Neuron
62456,1541,Vascular
62457,1532,unassigned
62458,1526,Excitatory_Neuron
62459,1526,Excitatory_Neuron
62460,1528,Excitatory_Neuron
62461,1528,Excitatory_Neuron
62462,1525,unassigned
62463,1539,Excitatory_Neuron
62464,1530,Excitatory_Neuron
62465,1525,unassigned
62466,1562,Excitatory_Neuron
62467,1562,Excitatory_Neuron
62468,1541,Vascular
62469,1531,Excitatory_Neuron
62470,1546,Excitatory_Neuron
62471,1546,Excitatory_Neuron
62472,1583,Excitatory_Neuron
62473,1525,unassigned
62474,1587,Excitatory_Neuron
62475,1587,Excitatory_Neuron
62476,1537,Excitatory_Neuron
62477,1537,Excitatory_Neuron
62478,1525,unassigned
62479,1538,Astro-Epen
62480,1566,Excitatory_Neuron
62481,1528,Excitatory_Neuron
62482,1530,Excitatory_Neuron
62483,1531,Excitatory_Neuron
62484,1525,unassigned
62485,1531,Excitatory_Neuron
62486,1525,unassigned
62487,1545,Excitatory_Neuron
62488,1551,Excitatory_Neuron
62489,1586,unassigned
62490,1526,Excitatory_Neuron
62491,1537,Excitatory_Neuron
62492,1566,Excitatory_Neuron
62493,1562,Excitatory_Neuron
62494,1562,Excitatory_Neuron
62495,1562,Excitatory_Neuron
62496,1562,Excitatory_Neuron
62497,1575,Excitatory_Neuron
62498,1531,Excitatory_Neuron
62499,1543,Excitatory_Neuron
62500,1546,Excitatory_Neuron
62501,1575,Excitatory_Neuron
62502,1548,Excitatory_Neuron
62503,1545,Excitatory_Neuron
62504,1548,Excitatory_Neuron
62505,1553,Excitatory_Neuron
62506,1552,Excitatory_Neuron
62507,1551,Excitatory_Neuron
62508,1579,unassigned
62509,1598,unassigned
62510,1525,unassigned
62511,1536,Excitatory_Neuron
62512,1525,unassigned
62513,1526,Excitatory_Neuron
62514,1526,Excitatory_Neuron
62515,1530,Excitatory_Neuron
62516,1594,Astro-Epen
62517,1562,Excitatory_Neuron
62518,1540,Excitatory_Neuron
62519,1540,Excitatory_Neuron
62520,1540,Excitatory_Neuron
62521,1543,Excitatory_Neuron
62522,1545,Excitatory_Neuron
62523,1553,Excitatory_Neuron
62524,1525,unassigned
62525,1526,Excitatory_Neuron
62526,1528,Excitatory_Neuron
62527,1566,Excitatory_Neuron
62528,1528,Excitatory_Neuron
62529,1525,unassigned
62530,1531,Excitatory_Neuron
62531,1545,Excitatory_Neuron
62532,1571,Excitatory_Neuron
62533,1525,unassigned
62534,1583,Excitatory_Neuron
62535,1553,Excitatory_Neuron
62536,1551,Excitatory_Neuron
62537,1529,Excitatory_Neuron
62538,1525,unassigned
62539,1525,unassigned
62540,1562,Excitatory_Neuron
62541,1543,Excitatory_Neuron
62542,1571,Excitatory_Neuron
62543,1575,Excitatory_Neuron
62544,1545,Excitatory_Neuron
62545,1549,Excitatory_Neuron
62546,1549,Excitatory_Neuron
62547,1576,Excitatory_Neuron
62548,1576,Excitatory_Neuron
62549,1534,Excitatory_Neuron
62550,1534,Excitatory_Neuron
62551,1551,Excitatory_Neuron
62552,1551,Excitatory_Neuron
62553,1551,Excitatory_Neuron
62554,1589,unassigned
62555,1526,Excitatory_Neuron
62556,1594,Astro-Epen
62557,1562,Excitatory_Neuron
62558,1531,Excitatory_Neuron
62559,1562,Excitatory_Neuron
62560,1525,unassigned
62561,1543,Excitatory_Neuron
62562,1545,Excitatory_Neuron
62563,1583,Excitatory_Neuron
62564,1548,Excitatory_Neuron
62565,1548,Excitatory_Neuron
62566,1537,Excitatory_Neuron
62567,1538,Astro-Epen
62568,1528,Excitatory_Neuron
62569,1529,Excitatory_Neuron
62570,1543,Excitatory_Neuron
62571,1575,Excitatory_Neuron
62572,1571,Excitatory_Neuron
62573,1546,Excitatory_Neuron
62574,1545,Excitatory_Neuron
62575,1545,Excitatory_Neuron
62576,1576,Excitatory_Neuron
62577,1548,Excitatory_Neuron
62578,1525,unassigned
62579,1525,unassigned
62580,1551,Excitatory_Neuron
62581,1534,Excitatory_Neuron
62582,1555,Excitatory_Neuron
62583,1535,Excitatory_Neuron
62584,1536,Excitatory_Neuron
62585,1525,unassigned
62586,1599,unassigned
62587,1587,Excitatory_Neuron
62588,1539,Excitatory_Neuron
62589,1529,Excitatory_Neuron
62590,1525,unassigned
62591,1539,Excitatory_Neuron
62592,1529,Excitatory_Neuron
62593,1575,Excitatory_Neuron
62594,1543,Excitatory_Neuron
62595,1571,Excitatory_Neuron
62596,1571,Excitatory_Neuron
62597,1549,Excitatory_Neuron
62598,1548,Excitatory_Neuron
62599,1566,Excitatory_Neuron
62600,1528,Excitatory_Neuron
62601,1525,unassigned
62602,1539,Excitatory_Neuron
62603,1528,Excitatory_Neuron
62604,1528,Excitatory_Neuron
62605,1525,unassigned
62606,1525,unassigned
62607,1594,Astro-Epen
62608,1530,Excitatory_Neuron
62609,1525,unassigned
62610,1546,Excitatory_Neuron
62611,1571,Excitatory_Neuron
62612,1576,Excitatory_Neuron
62613,1526,Excitatory_Neuron
62614,1537,Excitatory_Neuron
62615,1539,Excitatory_Neuron
62616,1594,Astro-Epen
62617,1562,Excitatory_Neuron
62618,1541,Vascular
62619,1525,unassigned
62620,1531,Excitatory_Neuron
62621,1545,Excitatory_Neuron
62622,1545,Excitatory_Neuron
62623,1576,Excitatory_Neuron
62624,1584,unassigned
62625,1536,Excitatory_Neuron
62626,1526,Excitatory_Neuron
62627,1528,Excitatory_Neuron
62628,1528,Excitatory_Neuron
62629,1529,Excitatory_Neuron
62630,1525,unassigned
62631,1539,Excitatory_Neuron
62632,1530,Excitatory_Neuron
62633,1531,Excitatory_Neuron
62634,1543,Excitatory_Neuron
62635,1575,Excitatory_Neuron
62636,1575,Excitatory_Neuron
62637,1549,Excitatory_Neuron
62638,1545,Excitatory_Neuron
62639,1549,Excitatory_Neuron
62640,1545,Excitatory_Neuron
62641,1548,Excitatory_Neuron
62642,1548,Excitatory_Neuron
62643,1525,unassigned
62644,1600,unassigned
62645,1536,Excitatory_Neuron
62646,1536,Excitatory_Neuron
62647,1538,Astro-Epen
62648,1528,Excitatory_Neuron
62649,1529,Excitatory_Neuron
62650,1529,Excitatory_Neuron
62651,1530,Excitatory_Neuron
62652,1530,Excitatory_Neuron
62653,1562,Excitatory_Neuron
62654,1530,Excitatory_Neuron
62655,1531,Excitatory_Neuron
62656,1571,Excitatory_Neuron
62657,1540,Excitatory_Neuron
62658,1541,Vascular
62659,1571,Excitatory_Neuron
62660,1543,Excitatory_Neuron
62661,1545,Excitatory_Neuron
62662,1545,Excitatory_Neuron
62663,1545,Excitatory_Neuron
62664,1548,Excitatory_Neuron
62665,1534,Excitatory_Neuron
62666,1583,Excitatory_Neuron
62667,1551,Excitatory_Neuron
62668,1526,Excitatory_Neuron
62669,1526,Excitatory_Neuron
62670,1528,Excitatory_Neuron
62671,1528,Excitatory_Neuron
62672,1575,Excitatory_Neuron
62673,1545,Excitatory_Neuron
62674,1548,Excitatory_Neuron
62675,1525,unassigned
62676,1551,Excitatory_Neuron
62677,1586,unassigned
62678,1526,Excitatory_Neuron
62679,1587,Excitatory_Neuron
62680,1525,unassigned
62681,1528,Excitatory_Neuron
62682,1538,Astro-Epen
62683,1528,Excitatory_Neuron
62684,1528,Excitatory_Neuron
62685,1528,Excitatory_Neuron
62686,1529,Excitatory_Neuron
62687,1539,Excitatory_Neuron
62688,1529,Excitatory_Neuron
62689,1594,Astro-Epen
62690,1575,Excitatory_Neuron
62691,1531,Excitatory_Neuron
62692,1545,Excitatory_Neuron
62693,1571,Excitatory_Neuron
62694,1571,Excitatory_Neuron
62695,1549,Excitatory_Neuron
62696,1576,Excitatory_Neuron
62697,1583,Excitatory_Neuron
62698,1551,Excitatory_Neuron
62699,1525,unassigned
62700,1551,Excitatory_Neuron
62701,1551,Excitatory_Neuron
62702,1551,Excitatory_Neuron
62703,1579,unassigned
62704,1599,unassigned
62705,1557,Excitatory_Neuron
62706,1587,Excitatory_Neuron
62707,1594,Astro-Epen
62708,1529,Excitatory_Neuron
62709,1529,Excitatory_Neuron
62710,1539,Excitatory_Neuron
62711,1562,Excitatory_Neuron
62712,1530,Excitatory_Neuron
62713,1530,Excitatory_Neuron
62714,1562,Excitatory_Neuron
62715,1530,Excitatory_Neuron
62716,1562,Excitatory_Neuron
62717,1531,Excitatory_Neuron
62718,1571,Excitatory_Neuron
62719,1571,Excitatory_Neuron
62720,1525,unassigned
62721,1583,Excitatory_Neuron
62722,1600,unassigned
62723,1599,unassigned
62724,1526,Excitatory_Neuron
62725,1537,Excitatory_Neuron
62726,1525,unassigned
62727,1525,unassigned
62728,1528,Excitatory_Neuron
62729,1529,Excitatory_Neuron
62730,1525,unassigned
62731,1529,Excitatory_Neuron
62732,1601,Excitatory_Neuron
62733,1562,Excitatory_Neuron
62734,1541,Vascular
62735,1531,Excitatory_Neuron
62736,1531,Excitatory_Neuron
62737,1531,Excitatory_Neuron
62738,1571,Excitatory_Neuron
62739,1571,Excitatory_Neuron
62740,1545,Excitatory_Neuron
62741,1583,Excitatory_Neuron
62742,1576,Excitatory_Neuron
62743,1583,Excitatory_Neuron
62744,1583,Excitatory_Neuron
62745,1536,Excitatory_Neuron
62746,1529,Excitatory_Neuron
62747,1541,Vascular
62748,1571,Excitatory_Neuron
62749,1545,Excitatory_Neuron
62750,1545,Excitatory_Neuron
62751,1545,Excitatory_Neuron
62752,1553,Excitatory_Neuron
62753,1534,Excitatory_Neuron
62754,1579,unassigned
62755,1589,unassigned
62756,1536,Excitatory_Neuron
62757,1587,Excitatory_Neuron
62758,1557,Excitatory_Neuron
62759,1525,unassigned
62760,1525,unassigned
62761,1525,unassigned
62762,1529,Excitatory_Neuron
62763,1539,Excitatory_Neuron
62764,1528,Excitatory_Neuron
62765,1529,Excitatory_Neuron
62766,1594,Astro-Epen
62767,1601,Excitatory_Neuron
62768,1562,Excitatory_Neuron
62769,1530,Excitatory_Neuron
62770,1525,unassigned
62771,1541,Vascular
62772,1543,Excitatory_Neuron
62773,1571,Excitatory_Neuron
62774,1575,Excitatory_Neuron
62775,1545,Excitatory_Neuron
62776,1545,Excitatory_Neuron
62777,1583,Excitatory_Neuron
62778,1534,Excitatory_Neuron
62779,1525,unassigned
62780,1583,Excitatory_Neuron
62781,1534,Excitatory_Neuron
62782,1553,Excitatory_Neuron
62783,1525,unassigned
62784,1551,Excitatory_Neuron
62785,1535,Excitatory_Neuron
62786,1535,Excitatory_Neuron
62787,1526,Excitatory_Neuron
62788,1537,Excitatory_Neuron
62789,1528,Excitatory_Neuron
62790,1528,Excitatory_Neuron
62791,1529,Excitatory_Neuron
62792,1594,Astro-Epen
62793,1539,Excitatory_Neuron
62794,1562,Excitatory_Neuron
62795,1531,Excitatory_Neuron
62796,1575,Excitatory_Neuron
62797,1541,Vascular
62798,1531,Excitatory_Neuron
62799,1571,Excitatory_Neuron
62800,1546,Excitatory_Neuron
62801,1553,Excitatory_Neuron
62802,1534,Excitatory_Neuron
62803,1553,Excitatory_Neuron
62804,1589,unassigned
62805,1557,Excitatory_Neuron
62806,1587,Excitatory_Neuron
62807,1566,Excitatory_Neuron
62808,1539,Excitatory_Neuron
62809,1529,Excitatory_Neuron
62810,1528,Excitatory_Neuron
62811,1594,Astro-Epen
62812,1539,Excitatory_Neuron
62813,1562,Excitatory_Neuron
62814,1562,Excitatory_Neuron
62815,1525,unassigned
62816,1540,Excitatory_Neuron
62817,1525,unassigned
62818,1571,Excitatory_Neuron
62819,1549,Excitatory_Neuron
62820,1548,Excitatory_Neuron
62821,1545,Excitatory_Neuron
62822,1545,Excitatory_Neuron
62823,1583,Excitatory_Neuron
62824,1549,Excitatory_Neuron
62825,1576,Excitatory_Neuron
62826,1583,Excitatory_Neuron
62827,1583,Excitatory_Neuron
62828,1525,unassigned
62829,1576,Excitatory_Neuron
62830,1583,Excitatory_Neuron
62831,1535,Excitatory_Neuron
62832,1538,Astro-Epen
62833,1538,Astro-Epen
62834,1529,Excitatory_Neuron
62835,1531,Excitatory_Neuron
62836,1541,Vascular
62837,1525,unassigned
62838,1571,Excitatory_Neuron
62839,1545,Excitatory_Neuron
62840,1549,Excitatory_Neuron
62841,1548,Excitatory_Neuron
62842,1551,Excitatory_Neuron
62843,1553,Excitatory_Neuron
62844,1525,unassigned
62845,1551,Excitatory_Neuron
62846,1551,Excitatory_Neuron
62847,1536,Excitatory_Neuron
62848,1536,Excitatory_Neuron
62849,1526,Excitatory_Neuron
62850,1526,Excitatory_Neuron
62851,1587,Excitatory_Neuron
62852,1525,unassigned
62853,1528,Excitatory_Neuron
62854,1529,Excitatory_Neuron
62855,1525,unassigned
62856,1525,unassigned
62857,1529,Excitatory_Neuron
62858,1530,Excitatory_Neuron
62859,1531,Excitatory_Neuron
62860,1575,Excitatory_Neuron
62861,1571,Excitatory_Neuron
62862,1571,Excitatory_Neuron
62863,1571,Excitatory_Neuron
62864,1571,Excitatory_Neuron
62865,1548,Excitatory_Neuron
62866,1545,Excitatory_Neuron
62867,1548,Excitatory_Neuron
62868,1552,Excitatory_Neuron
62869,1553,Excitatory_Neuron
62870,1552,Excitatory_Neuron
62871,1589,unassigned
62872,1535,Excitatory_Neuron
62873,1536,Excitatory_Neuron
62874,1525,unassigned
62875,1539,Excitatory_Neuron
62876,1530,Excitatory_Neuron
62877,1601,Excitatory_Neuron
62878,1601,Excitatory_Neuron
62879,1541,Vascular
62880,1543,Excitatory_Neuron
62881,1525,unassigned
62882,1545,Excitatory_Neuron
62883,1528,Excitatory_Neuron
62884,1566,Excitatory_Neuron
62885,1539,Excitatory_Neuron
62886,1529,Excitatory_Neuron
62887,1594,Astro-Epen
62888,1562,Excitatory_Neuron
62889,1571,Excitatory_Neuron
62890,1571,Excitatory_Neuron
62891,1545,Excitatory_Neuron
62892,1545,Excitatory_Neuron
62893,1545,Excitatory_Neuron
62894,1549,Excitatory_Neuron
62895,1548,Excitatory_Neuron
62896,1525,unassigned
62897,1534,Excitatory_Neuron
62898,1553,Excitatory_Neuron
62899,1589,unassigned
62900,1599,unassigned
62901,1528,Excitatory_Neuron
62902,1529,Excitatory_Neuron
62903,1525,unassigned
62904,1539,Excitatory_Neuron
62905,1531,Excitatory_Neuron
62906,1531,Excitatory_Neuron
62907,1548,Excitatory_Neuron
62908,1545,Excitatory_Neuron
62909,1545,Excitatory_Neuron
62910,1548,Excitatory_Neuron
62911,1583,Excitatory_Neuron
62912,1583,Excitatory_Neuron
62913,1555,Excitatory_Neuron
62914,1589,unassigned
62915,1525,unassigned
62916,1529,Excitatory_Neuron
62917,1594,Astro-Epen
62918,1531,Excitatory_Neuron
62919,1531,Excitatory_Neuron
62920,1545,Excitatory_Neuron
62921,1545,Excitatory_Neuron
62922,1545,Excitatory_Neuron
62923,1549,Excitatory_Neuron
62924,1549,Excitatory_Neuron
62925,1551,Excitatory_Neuron
62926,1551,Excitatory_Neuron
62927,1599,unassigned
62928,1526,Excitatory_Neuron
62929,1537,Excitatory_Neuron
62930,1525,unassigned
62931,1525,unassigned
62932,1528,Excitatory_Neuron
62933,1594,Astro-Epen
62934,1525,unassigned
62935,1562,Excitatory_Neuron
62936,1531,Excitatory_Neuron
62937,1571,Excitatory_Neuron
62938,1548,Excitatory_Neuron
62939,1545,Excitatory_Neuron
62940,1545,Excitatory_Neuron
62941,1545,Excitatory_Neuron
62942,1525,unassigned
62943,1576,Excitatory_Neuron
62944,1576,Excitatory_Neuron
62945,1534,Excitatory_Neuron
62946,1551,Excitatory_Neuron
62947,1564,unassigned
62948,1587,Excitatory_Neuron
62949,1528,Excitatory_Neuron
62950,1539,Excitatory_Neuron
62951,1530,Excitatory_Neuron
62952,1531,Excitatory_Neuron
62953,1571,Excitatory_Neuron
62954,1571,Excitatory_Neuron
62955,1583,Excitatory_Neuron
62956,1548,Excitatory_Neuron
62957,1525,unassigned
62958,1583,Excitatory_Neuron
62959,1548,Excitatory_Neuron
62960,1551,Excitatory_Neuron
62961,1586,unassigned
62962,1535,Excitatory_Neuron
62963,1600,unassigned
62964,1526,Excitatory_Neuron
62965,1537,Excitatory_Neuron
62966,1528,Excitatory_Neuron
62967,1594,Astro-Epen
62968,1531,Excitatory_Neuron
62969,1571,Excitatory_Neuron
62970,1571,Excitatory_Neuron
62971,1549,Excitatory_Neuron
62972,1553,Excitatory_Neuron
62973,1576,Excitatory_Neuron
62974,1551,Excitatory_Neuron
62975,1602,unassigned
62976,1551,Excitatory_Neuron
62977,1584,unassigned
62978,1526,Excitatory_Neuron
62979,1528,Excitatory_Neuron
62980,1594,Astro-Epen
62981,1539,Excitatory_Neuron
62982,1525,unassigned
62983,1530,Excitatory_Neuron
62984,1541,Vascular
62985,1541,Vascular
62986,1531,Excitatory_Neuron
62987,1571,Excitatory_Neuron
62988,1545,Excitatory_Neuron
62989,1545,Excitatory_Neuron
62990,1583,Excitatory_Neuron
62991,1549,Excitatory_Neuron
62992,1576,Excitatory_Neuron
62993,1534,Excitatory_Neuron
62994,1576,Excitatory_Neuron
62995,1586,unassigned
62996,1584,unassigned
62997,1579,unassigned
62998,1537,Excitatory_Neuron
62999,1528,Excitatory_Neuron
63000,1539,Excitatory_Neuron
63001,1525,unassigned
63002,1529,Excitatory_Neuron
63003,1525,unassigned
63004,1571,Excitatory_Neuron
63005,1549,Excitatory_Neuron
63006,1548,Excitatory_Neuron
63007,1549,Excitatory_Neuron
63008,1525,unassigned
63009,1548,Excitatory_Neuron
63010,1553,Excitatory_Neuron
63011,1589,unassigned
63012,1579,unassigned
63013,1526,Excitatory_Neuron
63014,1537,Excitatory_Neuron
63015,1537,Excitatory_Neuron
63016,1528,Excitatory_Neuron
63017,1528,Excitatory_Neuron
63018,1528,Excitatory_Neuron
63019,1594,Astro-Epen
63020,1594,Astro-Epen
63021,1525,unassigned
63022,1539,Excitatory_Neuron
63023,1530,Excitatory_Neuron
63024,1525,unassigned
63025,1571,Excitatory_Neuron
63026,1571,Excitatory_Neuron
63027,1546,Excitatory_Neuron
63028,1545,Excitatory_Neuron
63029,1549,Excitatory_Neuron
63030,1545,Excitatory_Neuron
63031,1545,Excitatory_Neuron
63032,1548,Excitatory_Neuron
63033,1534,Excitatory_Neuron
63034,1553,Excitatory_Neuron
63035,1525,unassigned
63036,1564,unassigned
63037,1586,unassigned
63038,1557,Excitatory_Neuron
63039,1557,Excitatory_Neuron
63040,1539,Excitatory_Neuron
63041,1525,unassigned
63042,1530,Excitatory_Neuron
63043,1571,Excitatory_Neuron
63044,1546,Excitatory_Neuron
63045,1545,Excitatory_Neuron
63046,1549,Excitatory_Neuron
63047,1548,Excitatory_Neuron
63048,1548,Excitatory_Neuron
63049,1534,Excitatory_Neuron
63050,1595,unassigned
63051,1595,unassigned
63052,1526,Excitatory_Neuron
63053,1526,Excitatory_Neuron
63054,1529,Excitatory_Neuron
63055,1525,unassigned
63056,1539,Excitatory_Neuron
63057,1594,Astro-Epen
63058,1594,Astro-Epen
63059,1530,Excitatory_Neuron
63060,1562,Excitatory_Neuron
63061,1562,Excitatory_Neuron
63062,1530,Excitatory_Neuron
63063,1571,Excitatory_Neuron
63064,1571,Excitatory_Neuron
63065,1543,Excitatory_Neuron
63066,1575,Excitatory_Neuron
63067,1571,Excitatory_Neuron
63068,1571,Excitatory_Neuron
63069,1546,Excitatory_Neuron
63070,1545,Excitatory_Neuron
63071,1551,Excitatory_Neuron
63072,1586,unassigned
63073,1536,Excitatory_Neuron
63074,1557,Excitatory_Neuron
63075,1526,Excitatory_Neuron
63076,1529,Excitatory_Neuron
63077,1525,unassigned
63078,1529,Excitatory_Neuron
63079,1525,unassigned
63080,1529,Excitatory_Neuron
63081,1525,unassigned
63082,1525,unassigned
63083,1601,Excitatory_Neuron
63084,1525,unassigned
63085,1541,Vascular
63086,1571,Excitatory_Neuron
63087,1571,Excitatory_Neuron
63088,1546,Excitatory_Neuron
63089,1545,Excitatory_Neuron
63090,1548,Excitatory_Neuron
63091,1549,Excitatory_Neuron
63092,1548,Excitatory_Neuron
63093,1548,Excitatory_Neuron
63094,1548,Excitatory_Neuron
63095,1548,Excitatory_Neuron
63096,1576,Excitatory_Neuron
63097,1534,Excitatory_Neuron
63098,1548,Excitatory_Neuron
63099,1551,Excitatory_Neuron
63100,1584,unassigned
63101,1557,Excitatory_Neuron
63102,1537,Excitatory_Neuron
63103,1528,Excitatory_Neuron
63104,1528,Excitatory_Neuron
63105,1566,Excitatory_Neuron
63106,1539,Excitatory_Neuron
63107,1529,Excitatory_Neuron
63108,1601,Excitatory_Neuron
63109,1525,unassigned
63110,1546,Excitatory_Neuron
63111,1545,Excitatory_Neuron
63112,1545,Excitatory_Neuron
63113,1545,Excitatory_Neuron
63114,1525,unassigned
63115,1553,Excitatory_Neuron
63116,1553,Excitatory_Neuron
63117,1548,Excitatory_Neuron
63118,1525,unassigned
63119,1557,Excitatory_Neuron
63120,1528,Excitatory_Neuron
63121,1528,Excitatory_Neuron
63122,1525,unassigned
63123,1528,Excitatory_Neuron
63124,1539,Excitatory_Neuron
63125,1539,Excitatory_Neuron
63126,1539,Excitatory_Neuron
63127,1525,unassigned
63128,1594,Astro-Epen
63129,1530,Excitatory_Neuron
63130,1525,unassigned
63131,1531,Excitatory_Neuron
63132,1531,Excitatory_Neuron
63133,1546,Excitatory_Neuron
63134,1575,Excitatory_Neuron
63135,1548,Excitatory_Neuron
63136,1545,Excitatory_Neuron
63137,1549,Excitatory_Neuron
63138,1553,Excitatory_Neuron
63139,1583,Excitatory_Neuron
63140,1583,Excitatory_Neuron
63141,1534,Excitatory_Neuron
63142,1576,Excitatory_Neuron
63143,1576,Excitatory_Neuron
63144,1586,unassigned
63145,1537,Excitatory_Neuron
63146,1557,Excitatory_Neuron
63147,1538,Astro-Epen
63148,1525,unassigned
63149,1525,unassigned
63150,1529,Excitatory_Neuron
63151,1539,Excitatory_Neuron
63152,1531,Excitatory_Neuron
63153,1575,Excitatory_Neuron
63154,1571,Excitatory_Neuron
63155,1571,Excitatory_Neuron
63156,1545,Excitatory_Neuron
63157,1549,Excitatory_Neuron
63158,1525,unassigned
63159,1583,Excitatory_Neuron
63160,1583,Excitatory_Neuron
63161,1525,unassigned
63162,1576,Excitatory_Neuron
63163,1548,Excitatory_Neuron
63164,1526,Excitatory_Neuron
63165,1528,Excitatory_Neuron
63166,1525,unassigned
63167,1594,Astro-Epen
63168,1562,Excitatory_Neuron
63169,1601,Excitatory_Neuron
63170,1530,Excitatory_Neuron
63171,1530,Excitatory_Neuron
63172,1571,Excitatory_Neuron
63173,1571,Excitatory_Neuron
63174,1571,Excitatory_Neuron
63175,1545,Excitatory_Neuron
63176,1583,Excitatory_Neuron
63177,1549,Excitatory_Neuron
63178,1583,Excitatory_Neuron
63179,1583,Excitatory_Neuron
63180,1548,Excitatory_Neuron
63181,1583,Excitatory_Neuron
63182,1525,unassigned
63183,1525,unassigned
63184,1598,unassigned
63185,1526,Excitatory_Neuron
63186,1526,Excitatory_Neuron
63187,1526,Excitatory_Neuron
63188,1525,unassigned
63189,1525,unassigned
63190,1528,Excitatory_Neuron
63191,1539,Excitatory_Neuron
63192,1525,unassigned
63193,1562,Excitatory_Neuron
63194,1525,unassigned
63195,1540,Excitatory_Neuron
63196,1531,Excitatory_Neuron
63197,1531,Excitatory_Neuron
63198,1531,Excitatory_Neuron
63199,1571,Excitatory_Neuron
63200,1545,Excitatory_Neuron
63201,1575,Excitatory_Neuron
63202,1545,Excitatory_Neuron
63203,1525,unassigned
63204,1576,Excitatory_Neuron
63205,1551,Excitatory_Neuron
63206,1526,Excitatory_Neuron
63207,1537,Excitatory_Neuron
63208,1525,unassigned
63209,1529,Excitatory_Neuron
63210,1529,Excitatory_Neuron
63211,1601,Excitatory_Neuron
63212,1530,Excitatory_Neuron
63213,1530,Excitatory_Neuron
63214,1601,Excitatory_Neuron
63215,1530,Excitatory_Neuron
63216,1530,Excitatory_Neuron
63217,1571,Excitatory_Neuron
63218,1571,Excitatory_Neuron
63219,1546,Excitatory_Neuron
63220,1575,Excitatory_Neuron
63221,1548,Excitatory_Neuron
63222,1548,Excitatory_Neuron
63223,1548,Excitatory_Neuron
63224,1548,Excitatory_Neuron
63225,1525,unassigned
63226,1525,unassigned
63227,1576,Excitatory_Neuron
63228,1589,unassigned
63229,1536,Excitatory_Neuron
63230,1599,unassigned
63231,1537,Excitatory_Neuron
63232,1528,Excitatory_Neuron
63233,1539,Excitatory_Neuron
63234,1525,unassigned
63235,1594,Astro-Epen
63236,1601,Excitatory_Neuron
63237,1530,Excitatory_Neuron
63238,1531,Excitatory_Neuron
63239,1571,Excitatory_Neuron
63240,1548,Excitatory_Neuron
63241,1548,Excitatory_Neuron
63242,1551,Excitatory_Neuron
63243,1553,Excitatory_Neuron
63244,1525,unassigned
63245,1566,Excitatory_Neuron
63246,1525,unassigned
63247,1594,Astro-Epen
63248,1562,Excitatory_Neuron
63249,1530,Excitatory_Neuron
63250,1531,Excitatory_Neuron
63251,1571,Excitatory_Neuron
63252,1571,Excitatory_Neuron
63253,1545,Excitatory_Neuron
63254,1545,Excitatory_Neuron
63255,1545,Excitatory_Neuron
63256,1583,Excitatory_Neuron
63257,1526,Excitatory_Neuron
63258,1537,Excitatory_Neuron
63259,1526,Excitatory_Neuron
63260,1587,Excitatory_Neuron
63261,1529,Excitatory_Neuron
63262,1529,Excitatory_Neuron
63263,1594,Astro-Epen
63264,1539,Excitatory_Neuron
63265,1530,Excitatory_Neuron
63266,1594,Astro-Epen
63267,1525,unassigned
63268,1571,Excitatory_Neuron
63269,1545,Excitatory_Neuron
63270,1548,Excitatory_Neuron
63271,1548,Excitatory_Neuron
63272,1583,Excitatory_Neuron
63273,1583,Excitatory_Neuron
63274,1576,Excitatory_Neuron
63275,1548,Excitatory_Neuron
63276,1525,unassigned
63277,1586,unassigned
63278,1526,Excitatory_Neuron
63279,1528,Excitatory_Neuron
63280,1566,Excitatory_Neuron
63281,1525,unassigned
63282,1529,Excitatory_Neuron
63283,1562,Excitatory_Neuron
63284,1525,unassigned
63285,1530,Excitatory_Neuron
63286,1531,Excitatory_Neuron
63287,1575,Excitatory_Neuron
63288,1525,unassigned
63289,1571,Excitatory_Neuron
63290,1545,Excitatory_Neuron
63291,1534,Excitatory_Neuron
63292,1534,Excitatory_Neuron
63293,1529,Excitatory_Neuron
63294,1525,unassigned
63295,1539,Excitatory_Neuron
63296,1525,unassigned
63297,1571,Excitatory_Neuron
63298,1545,Excitatory_Neuron
63299,1548,Excitatory_Neuron
63300,1548,Excitatory_Neuron
63301,1576,Excitatory_Neuron
63302,1576,Excitatory_Neuron
63303,1551,Excitatory_Neuron
63304,1584,unassigned
63305,1536,Excitatory_Neuron
63306,1526,Excitatory_Neuron
63307,1566,Excitatory_Neuron
63308,1566,Excitatory_Neuron
63309,1566,Excitatory_Neuron
63310,1529,Excitatory_Neuron
63311,1601,Excitatory_Neuron
63312,1562,Excitatory_Neuron
63313,1562,Excitatory_Neuron
63314,1530,Excitatory_Neuron
63315,1525,unassigned
63316,1525,unassigned
63317,1525,unassigned
63318,1575,Excitatory_Neuron
63319,1545,Excitatory_Neuron
63320,1545,Excitatory_Neuron
63321,1545,Excitatory_Neuron
63322,1548,Excitatory_Neuron
63323,1548,Excitatory_Neuron
63324,1583,Excitatory_Neuron
63325,1553,Excitatory_Neuron
63326,1551,Excitatory_Neuron
63327,1534,Excitatory_Neuron
63328,1551,Excitatory_Neuron
63329,1535,Excitatory_Neuron
63330,1557,Excitatory_Neuron
63331,1537,Excitatory_Neuron
63332,1539,Excitatory_Neuron
63333,1594,Astro-Epen
63334,1530,Excitatory_Neuron
63335,1562,Excitatory_Neuron
63336,1531,Excitatory_Neuron
63337,1575,Excitatory_Neuron
63338,1576,Excitatory_Neuron
63339,1589,unassigned
63340,1525,unassigned
63341,1536,Excitatory_Neuron
63342,1600,unassigned
63343,1589,unassigned
63344,1525,unassigned
63345,1566,Excitatory_Neuron
63346,1529,Excitatory_Neuron
63347,1528,Excitatory_Neuron
63348,1594,Astro-Epen
63349,1525,unassigned
63350,1571,Excitatory_Neuron
63351,1571,Excitatory_Neuron
63352,1545,Excitatory_Neuron
63353,1545,Excitatory_Neuron
63354,1525,unassigned
63355,1548,Excitatory_Neuron
63356,1548,Excitatory_Neuron
63357,1534,Excitatory_Neuron
63358,1534,Excitatory_Neuron
63359,1525,unassigned
63360,1584,unassigned
63361,1586,unassigned
63362,1599,unassigned
63363,1536,Excitatory_Neuron
63364,1557,Excitatory_Neuron
63365,1587,Excitatory_Neuron
63366,1529,Excitatory_Neuron
63367,1594,Astro-Epen
63368,1530,Excitatory_Neuron
63369,1562,Excitatory_Neuron
63370,1531,Excitatory_Neuron
63371,1571,Excitatory_Neuron
63372,1545,Excitatory_Neuron
63373,1583,Excitatory_Neuron
63374,1553,Excitatory_Neuron
63375,1564,unassigned
63376,1564,unassigned
63377,1589,unassigned
63378,1537,Excitatory_Neuron
63379,1528,Excitatory_Neuron
63380,1525,unassigned
63381,1539,Excitatory_Neuron
63382,1571,Excitatory_Neuron
63383,1575,Excitatory_Neuron
63384,1571,Excitatory_Neuron
63385,1531,Excitatory_Neuron
63386,1571,Excitatory_Neuron
63387,1525,unassigned
63388,1545,Excitatory_Neuron
63389,1548,Excitatory_Neuron
63390,1583,Excitatory_Neuron
63391,1583,Excitatory_Neuron
63392,1548,Excitatory_Neuron
63393,1583,Excitatory_Neuron
63394,1576,Excitatory_Neuron
63395,1534,Excitatory_Neuron
63396,1551,Excitatory_Neuron
63397,1525,unassigned
63398,1525,unassigned
63399,1584,unassigned
63400,1537,Excitatory_Neuron
63401,1526,Excitatory_Neuron
63402,1566,Excitatory_Neuron
63403,1566,Excitatory_Neuron
63404,1539,Excitatory_Neuron
63405,1529,Excitatory_Neuron
63406,1529,Excitatory_Neuron
63407,1530,Excitatory_Neuron
63408,1543,Excitatory_Neuron
63409,1571,Excitatory_Neuron
63410,1549,Excitatory_Neuron
63411,1576,Excitatory_Neuron
63412,1583,Excitatory_Neuron
63413,1583,Excitatory_Neuron
63414,1534,Excitatory_Neuron
63415,1525,unassigned
63416,1537,Excitatory_Neuron
63417,1528,Excitatory_Neuron
63418,1529,Excitatory_Neuron
63419,1529,Excitatory_Neuron
63420,1539,Excitatory_Neuron
63421,1525,unassigned
63422,1531,Excitatory_Neuron
63423,1562,Excitatory_Neuron
63424,1562,Excitatory_Neuron
63425,1571,Excitatory_Neuron
63426,1531,Excitatory_Neuron
63427,1571,Excitatory_Neuron
63428,1603,Excitatory_Neuron
63429,1549,Excitatory_Neuron
63430,1545,Excitatory_Neuron
63431,1583,Excitatory_Neuron
63432,1548,Excitatory_Neuron
63433,1576,Excitatory_Neuron
63434,1534,Excitatory_Neuron
63435,1551,Excitatory_Neuron
63436,1576,Excitatory_Neuron
63437,1551,Excitatory_Neuron
63438,1534,Excitatory_Neuron
63439,1586,unassigned
63440,1587,Excitatory_Neuron
63441,1528,Excitatory_Neuron
63442,1587,Excitatory_Neuron
63443,1525,unassigned
63444,1566,Excitatory_Neuron
63445,1529,Excitatory_Neuron
63446,1529,Excitatory_Neuron
63447,1562,Excitatory_Neuron
63448,1562,Excitatory_Neuron
63449,1562,Excitatory_Neuron
63450,1575,Excitatory_Neuron
63451,1549,Excitatory_Neuron
63452,1545,Excitatory_Neuron
63453,1583,Excitatory_Neuron
63454,1548,Excitatory_Neuron
63455,1576,Excitatory_Neuron
63456,1583,Excitatory_Neuron
63457,1548,Excitatory_Neuron
63458,1534,Excitatory_Neuron
63459,1553,Excitatory_Neuron
63460,1584,unassigned
63461,1526,Excitatory_Neuron
63462,1566,Excitatory_Neuron
63463,1528,Excitatory_Neuron
63464,1529,Excitatory_Neuron
63465,1539,Excitatory_Neuron
63466,1525,unassigned
63467,1530,Excitatory_Neuron
63468,1546,Excitatory_Neuron
63469,1545,Excitatory_Neuron
63470,1553,Excitatory_Neuron
63471,1549,Excitatory_Neuron
63472,1583,Excitatory_Neuron
63473,1553,Excitatory_Neuron
63474,1586,unassigned
63475,1595,unassigned
63476,1535,Excitatory_Neuron
63477,1526,Excitatory_Neuron
63478,1526,Excitatory_Neuron
63479,1525,unassigned
63480,1531,Excitatory_Neuron
63481,1530,Excitatory_Neuron
63482,1575,Excitatory_Neuron
63483,1545,Excitatory_Neuron
63484,1575,Excitatory_Neuron
63485,1548,Excitatory_Neuron
63486,1549,Excitatory_Neuron
63487,1525,unassigned
63488,1525,unassigned
63489,1576,Excitatory_Neuron
63490,1583,Excitatory_Neuron
63491,1576,Excitatory_Neuron
63492,1534,Excitatory_Neuron
63493,1557,Excitatory_Neuron
63494,1536,Excitatory_Neuron
63495,1528,Excitatory_Neuron
63496,1528,Excitatory_Neuron
63497,1566,Excitatory_Neuron
63498,1562,Excitatory_Neuron
63499,1525,unassigned
63500,1571,Excitatory_Neuron
63501,1525,unassigned
63502,1545,Excitatory_Neuron
63503,1545,Excitatory_Neuron
63504,1576,Excitatory_Neuron
63505,1553,Excitatory_Neuron
63506,1528,Excitatory_Neuron
63507,1566,Excitatory_Neuron
63508,1525,unassigned
63509,1525,unassigned
63510,1530,Excitatory_Neuron
63511,1530,Excitatory_Neuron
63512,1562,Excitatory_Neuron
63513,1575,Excitatory_Neuron
63514,1575,Excitatory_Neuron
63515,1575,Excitatory_Neuron
63516,1548,Excitatory_Neuron
63517,1583,Excitatory_Neuron
63518,1534,Excitatory_Neuron
63519,1534,Excitatory_Neuron
63520,1536,Excitatory_Neuron
63521,1557,Excitatory_Neuron
63522,1566,Excitatory_Neuron
63523,1566,Excitatory_Neuron
63524,1528,Excitatory_Neuron
63525,1525,unassigned
63526,1601,Excitatory_Neuron
63527,1525,unassigned
63528,1562,Excitatory_Neuron
63529,1594,Astro-Epen
63530,1525,unassigned
63531,1562,Excitatory_Neuron
63532,1575,Excitatory_Neuron
63533,1545,Excitatory_Neuron
63534,1545,Excitatory_Neuron
63535,1545,Excitatory_Neuron
63536,1548,Excitatory_Neuron
63537,1549,Excitatory_Neuron
63538,1548,Excitatory_Neuron
63539,1583,Excitatory_Neuron
63540,1534,Excitatory_Neuron
63541,1525,unassigned
63542,1525,unassigned
63543,1595,unassigned
63544,1604,unassigned
63545,1526,Excitatory_Neuron
63546,1536,Excitatory_Neuron
63547,1599,unassigned
63548,1587,Excitatory_Neuron
63549,1528,Excitatory_Neuron
63550,1566,Excitatory_Neuron
63551,1566,Excitatory_Neuron
63552,1529,Excitatory_Neuron
63553,1525,unassigned
63554,1594,Astro-Epen
63555,1530,Excitatory_Neuron
63556,1605,Vascular
63557,1531,Excitatory_Neuron
63558,1531,Excitatory_Neuron
63559,1571,Excitatory_Neuron
63560,1525,unassigned
63561,1548,Excitatory_Neuron
63562,1583,Excitatory_Neuron
63563,1548,Excitatory_Neuron
63564,1551,Excitatory_Neuron
63565,1548,Excitatory_Neuron
63566,1525,unassigned
63567,1587,Excitatory_Neuron
63568,1537,Excitatory_Neuron
63569,1528,Excitatory_Neuron
63570,1529,Excitatory_Neuron
63571,1594,Astro-Epen
63572,1530,Excitatory_Neuron
63573,1562,Excitatory_Neuron
63574,1525,unassigned
63575,1530,Excitatory_Neuron
63576,1562,Excitatory_Neuron
63577,1548,Excitatory_Neuron
63578,1576,Excitatory_Neuron
63579,1583,Excitatory_Neuron
63580,1576,Excitatory_Neuron
63581,1551,Excitatory_Neuron
63582,1526,Excitatory_Neuron
63583,1537,Excitatory_Neuron
63584,1566,Excitatory_Neuron
63585,1525,unassigned
63586,1525,unassigned
63587,1528,Excitatory_Neuron
63588,1539,Excitatory_Neuron
63589,1525,unassigned
63590,1530,Excitatory_Neuron
63591,1562,Excitatory_Neuron
63592,1545,Excitatory_Neuron
63593,1571,Excitatory_Neuron
63594,1545,Excitatory_Neuron
63595,1576,Excitatory_Neuron
63596,1548,Excitatory_Neuron
63597,1576,Excitatory_Neuron
63598,1551,Excitatory_Neuron
63599,1551,Excitatory_Neuron
63600,1595,unassigned
63601,1557,Excitatory_Neuron
63602,1526,Excitatory_Neuron
63603,1528,Excitatory_Neuron
63604,1528,Excitatory_Neuron
63605,1528,Excitatory_Neuron
63606,1529,Excitatory_Neuron
63607,1525,unassigned
63608,1531,Excitatory_Neuron
63609,1571,Excitatory_Neuron
63610,1525,unassigned
63611,1603,Excitatory_Neuron
63612,1545,Excitatory_Neuron
63613,1549,Excitatory_Neuron
63614,1548,Excitatory_Neuron
63615,1548,Excitatory_Neuron
63616,1583,Excitatory_Neuron
63617,1534,Excitatory_Neuron
63618,1534,Excitatory_Neuron
63619,1534,Excitatory_Neuron
63620,1557,Excitatory_Neuron
63621,1557,Excitatory_Neuron
63622,1537,Excitatory_Neuron
63623,1587,Excitatory_Neuron
63624,1566,Excitatory_Neuron
63625,1528,Excitatory_Neuron
63626,1529,Excitatory_Neuron
63627,1562,Excitatory_Neuron
63628,1562,Excitatory_Neuron
63629,1601,Excitatory_Neuron
63630,1531,Excitatory_Neuron
63631,1545,Excitatory_Neuron
63632,1545,Excitatory_Neuron
63633,1548,Excitatory_Neuron
63634,1549,Excitatory_Neuron
63635,1549,Excitatory_Neuron
63636,1525,unassigned
63637,1576,Excitatory_Neuron
63638,1584,unassigned
63639,1535,Excitatory_Neuron
63640,1599,unassigned
63641,1537,Excitatory_Neuron
63642,1528,Excitatory_Neuron
63643,1566,Excitatory_Neuron
63644,1594,Astro-Epen
63645,1562,Excitatory_Neuron
63646,1605,Vascular
63647,1571,Excitatory_Neuron
63648,1525,unassigned
63649,1571,Excitatory_Neuron
63650,1571,Excitatory_Neuron
63651,1571,Excitatory_Neuron
63652,1575,Excitatory_Neuron
63653,1545,Excitatory_Neuron
63654,1545,Excitatory_Neuron
63655,1545,Excitatory_Neuron
63656,1583,Excitatory_Neuron
63657,1551,Excitatory_Neuron
63658,1576,Excitatory_Neuron
63659,1535,Excitatory_Neuron
63660,1526,Excitatory_Neuron
63661,1537,Excitatory_Neuron
63662,1528,Excitatory_Neuron
63663,1566,Excitatory_Neuron
63664,1566,Excitatory_Neuron
63665,1528,Excitatory_Neuron
63666,1529,Excitatory_Neuron
63667,1529,Excitatory_Neuron
63668,1562,Excitatory_Neuron
63669,1525,unassigned
63670,1601,Excitatory_Neuron
63671,1525,unassigned
63672,1571,Excitatory_Neuron
63673,1575,Excitatory_Neuron
63674,1571,Excitatory_Neuron
63675,1575,Excitatory_Neuron
63676,1575,Excitatory_Neuron
63677,1548,Excitatory_Neuron
63678,1583,Excitatory_Neuron
63679,1583,Excitatory_Neuron
63680,1606,Excitatory_Neuron
63681,1534,Excitatory_Neuron
63682,1525,unassigned
63683,1525,unassigned
63684,1555,Excitatory_Neuron
63685,1557,Excitatory_Neuron
63686,1536,Excitatory_Neuron
63687,1526,Excitatory_Neuron
63688,1566,Excitatory_Neuron
63689,1566,Excitatory_Neuron
63690,1566,Excitatory_Neuron
63691,1525,unassigned
63692,1528,Excitatory_Neuron
63693,1525,unassigned
63694,1601,Excitatory_Neuron
63695,1605,Vascular
63696,1562,Excitatory_Neuron
63697,1571,Excitatory_Neuron
63698,1571,Excitatory_Neuron
63699,1571,Excitatory_Neuron
63700,1571,Excitatory_Neuron
63701,1545,Excitatory_Neuron
63702,1534,Excitatory_Neuron
63703,1595,unassigned
63704,1535,Excitatory_Neuron
63705,1604,unassigned
63706,1557,Excitatory_Neuron
63707,1528,Excitatory_Neuron
63708,1525,unassigned
63709,1594,Astro-Epen
63710,1525,unassigned
63711,1562,Excitatory_Neuron
63712,1530,Excitatory_Neuron
63713,1530,Excitatory_Neuron
63714,1571,Excitatory_Neuron
63715,1545,Excitatory_Neuron
63716,1545,Excitatory_Neuron
63717,1545,Excitatory_Neuron
63718,1603,Excitatory_Neuron
63719,1603,Excitatory_Neuron
63720,1534,Excitatory_Neuron
63721,1551,Excitatory_Neuron
63722,1576,Excitatory_Neuron
63723,1534,Excitatory_Neuron
63724,1584,unassigned
63725,1586,unassigned
63726,1607,unassigned
63727,1557,Excitatory_Neuron
63728,1528,Excitatory_Neuron
63729,1566,Excitatory_Neuron
63730,1566,Excitatory_Neuron
63731,1566,Excitatory_Neuron
63732,1562,Excitatory_Neuron
63733,1549,Excitatory_Neuron
63734,1576,Excitatory_Neuron
63735,1583,Excitatory_Neuron
63736,1548,Excitatory_Neuron
63737,1551,Excitatory_Neuron
63738,1528,Excitatory_Neuron
63739,1594,Astro-Epen
63740,1530,Excitatory_Neuron
63741,1603,Excitatory_Neuron
63742,1545,Excitatory_Neuron
63743,1545,Excitatory_Neuron
63744,1548,Excitatory_Neuron
63745,1525,unassigned
63746,1583,Excitatory_Neuron
63747,1583,Excitatory_Neuron
63748,1551,Excitatory_Neuron
63749,1608,Excitatory_Neuron
63750,1534,Excitatory_Neuron
63751,1576,Excitatory_Neuron
63752,1525,unassigned
63753,1595,unassigned
63754,1589,unassigned
63755,1537,Excitatory_Neuron
63756,1557,Excitatory_Neuron
63757,1528,Excitatory_Neuron
63758,1529,Excitatory_Neuron
63759,1529,Excitatory_Neuron
63760,1539,Excitatory_Neuron
63761,1605,Vascular
63762,1562,Excitatory_Neuron
63763,1571,Excitatory_Neuron
63764,1531,Excitatory_Neuron
63765,1545,Excitatory_Neuron
63766,1549,Excitatory_Neuron
63767,1545,Excitatory_Neuron
63768,1583,Excitatory_Neuron
63769,1551,Excitatory_Neuron
63770,1525,unassigned
63771,1535,Excitatory_Neuron
63772,1536,Excitatory_Neuron
63773,1557,Excitatory_Neuron
63774,1557,Excitatory_Neuron
63775,1609,Excitatory_Neuron
63776,1525,unassigned
63777,1539,Excitatory_Neuron
63778,1529,Excitatory_Neuron
63779,1530,Excitatory_Neuron
63780,1525,unassigned
63781,1594,Astro-Epen
63782,1601,Excitatory_Neuron
63783,1531,Excitatory_Neuron
63784,1605,Vascular
63785,1605,Vascular
63786,1531,Excitatory_Neuron
63787,1603,Excitatory_Neuron
63788,1575,Excitatory_Neuron
63789,1545,Excitatory_Neuron
63790,1576,Excitatory_Neuron
63791,1548,Excitatory_Neuron
63792,1576,Excitatory_Neuron
63793,1548,Excitatory_Neuron
63794,1525,unassigned
63795,1557,Excitatory_Neuron
63796,1599,unassigned
63797,1536,Excitatory_Neuron
63798,1557,Excitatory_Neuron
63799,1562,Excitatory_Neuron
63800,1525,unassigned
63801,1562,Excitatory_Neuron
63802,1531,Excitatory_Neuron
63803,1571,Excitatory_Neuron
63804,1575,Excitatory_Neuron
63805,1545,Excitatory_Neuron
63806,1545,Excitatory_Neuron
63807,1545,Excitatory_Neuron
63808,1545,Excitatory_Neuron
63809,1576,Excitatory_Neuron
63810,1583,Excitatory_Neuron
63811,1583,Excitatory_Neuron
63812,1548,Excitatory_Neuron
63813,1534,Excitatory_Neuron
63814,1584,unassigned
63815,1557,Excitatory_Neuron
63816,1566,Excitatory_Neuron
63817,1528,Excitatory_Neuron
63818,1529,Excitatory_Neuron
63819,1562,Excitatory_Neuron
63820,1562,Excitatory_Neuron
63821,1562,Excitatory_Neuron
63822,1531,Excitatory_Neuron
63823,1545,Excitatory_Neuron
63824,1545,Excitatory_Neuron
63825,1545,Excitatory_Neuron
63826,1603,Excitatory_Neuron
63827,1583,Excitatory_Neuron
63828,1583,Excitatory_Neuron
63829,1548,Excitatory_Neuron
63830,1534,Excitatory_Neuron
63831,1595,unassigned
63832,1557,Excitatory_Neuron
63833,1536,Excitatory_Neuron
63834,1537,Excitatory_Neuron
63835,1528,Excitatory_Neuron
63836,1528,Excitatory_Neuron
63837,1566,Excitatory_Neuron
63838,1528,Excitatory_Neuron
63839,1528,Excitatory_Neuron
63840,1525,unassigned
63841,1529,Excitatory_Neuron
63842,1529,Excitatory_Neuron
63843,1530,Excitatory_Neuron
63844,1525,unassigned
63845,1571,Excitatory_Neuron
63846,1545,Excitatory_Neuron
63847,1571,Excitatory_Neuron
63848,1545,Excitatory_Neuron
63849,1548,Excitatory_Neuron
63850,1548,Excitatory_Neuron
63851,1548,Excitatory_Neuron
63852,1576,Excitatory_Neuron
63853,1537,Excitatory_Neuron
63854,1609,Excitatory_Neuron
63855,1529,Excitatory_Neuron
63856,1562,Excitatory_Neuron
63857,1605,Vascular
63858,1571,Excitatory_Neuron
63859,1525,unassigned
63860,1525,unassigned
63861,1545,Excitatory_Neuron
63862,1603,Excitatory_Neuron
63863,1545,Excitatory_Neuron
63864,1583,Excitatory_Neuron
63865,1576,Excitatory_Neuron
63866,1525,unassigned
63867,1534,Excitatory_Neuron
63868,1553,Excitatory_Neuron
63869,1525,unassigned
63870,1551,Excitatory_Neuron
63871,1536,Excitatory_Neuron
63872,1536,Excitatory_Neuron
63873,1537,Excitatory_Neuron
63874,1609,Excitatory_Neuron
63875,1609,Excitatory_Neuron
63876,1528,Excitatory_Neuron
63877,1525,unassigned
63878,1539,Excitatory_Neuron
63879,1529,Excitatory_Neuron
63880,1530,Excitatory_Neuron
63881,1530,Excitatory_Neuron
63882,1562,Excitatory_Neuron
63883,1571,Excitatory_Neuron
63884,1575,Excitatory_Neuron
63885,1531,Excitatory_Neuron
63886,1575,Excitatory_Neuron
63887,1545,Excitatory_Neuron
63888,1575,Excitatory_Neuron
63889,1603,Excitatory_Neuron
63890,1545,Excitatory_Neuron
63891,1576,Excitatory_Neuron
63892,1576,Excitatory_Neuron
63893,1548,Excitatory_Neuron
63894,1525,unassigned
63895,1534,Excitatory_Neuron
63896,1557,Excitatory_Neuron
63897,1525,unassigned
63898,1601,Excitatory_Neuron
63899,1530,Excitatory_Neuron
63900,1562,Excitatory_Neuron
63901,1530,Excitatory_Neuron
63902,1571,Excitatory_Neuron
63903,1571,Excitatory_Neuron
63904,1531,Excitatory_Neuron
63905,1545,Excitatory_Neuron
63906,1545,Excitatory_Neuron
63907,1545,Excitatory_Neuron
63908,1525,unassigned
63909,1551,Excitatory_Neuron
63910,1551,Excitatory_Neuron
63911,1584,unassigned
63912,1589,unassigned
63913,1610,unassigned
63914,1526,Excitatory_Neuron
63915,1537,Excitatory_Neuron
63916,1557,Excitatory_Neuron
63917,1528,Excitatory_Neuron
63918,1525,unassigned
63919,1539,Excitatory_Neuron
63920,1529,Excitatory_Neuron
63921,1545,Excitatory_Neuron
63922,1603,Excitatory_Neuron
63923,1575,Excitatory_Neuron
63924,1571,Excitatory_Neuron
63925,1571,Excitatory_Neuron
63926,1549,Excitatory_Neuron
63927,1583,Excitatory_Neuron
63928,1553,Excitatory_Neuron
63929,1583,Excitatory_Neuron
63930,1548,Excitatory_Neuron
63931,1608,Excitatory_Neuron
63932,1534,Excitatory_Neuron
63933,1551,Excitatory_Neuron
63934,1551,Excitatory_Neuron
63935,1551,Excitatory_Neuron
63936,1584,unassigned
63937,1525,unassigned
63938,1539,Excitatory_Neuron
63939,1601,Excitatory_Neuron
63940,1562,Excitatory_Neuron
63941,1571,Excitatory_Neuron
63942,1545,Excitatory_Neuron
63943,1525,unassigned
63944,1576,Excitatory_Neuron
63945,1551,Excitatory_Neuron
63946,1595,unassigned
63947,1584,unassigned
63948,1599,unassigned
63949,1526,Excitatory_Neuron
63950,1526,Excitatory_Neuron
63951,1528,Excitatory_Neuron
63952,1562,Excitatory_Neuron
63953,1545,Excitatory_Neuron
63954,1545,Excitatory_Neuron
63955,1545,Excitatory_Neuron
63956,1549,Excitatory_Neuron
63957,1606,Excitatory_Neuron
63958,1551,Excitatory_Neuron
63959,1589,unassigned
63960,1536,Excitatory_Neuron
63961,1536,Excitatory_Neuron
63962,1537,Excitatory_Neuron
63963,1537,Excitatory_Neuron
63964,1537,Excitatory_Neuron
63965,1537,Excitatory_Neuron
63966,1609,Excitatory_Neuron
63967,1528,Excitatory_Neuron
63968,1601,Excitatory_Neuron
63969,1530,Excitatory_Neuron
63970,1562,Excitatory_Neuron
63971,1605,Vascular
63972,1525,unassigned
63973,1605,Vascular
63974,1605,Vascular
63975,1571,Excitatory_Neuron
63976,1571,Excitatory_Neuron
63977,1603,Excitatory_Neuron
63978,1545,Excitatory_Neuron
63979,1545,Excitatory_Neuron
63980,1549,Excitatory_Neuron
63981,1525,unassigned
63982,1548,Excitatory_Neuron
63983,1548,Excitatory_Neuron
63984,1548,Excitatory_Neuron
63985,1583,Excitatory_Neuron
63986,1576,Excitatory_Neuron
63987,1525,unassigned
63988,1553,Excitatory_Neuron
63989,1525,unassigned
63990,1526,Excitatory_Neuron
63991,1537,Excitatory_Neuron
63992,1557,Excitatory_Neuron
63993,1566,Excitatory_Neuron
63994,1528,Excitatory_Neuron
63995,1528,Excitatory_Neuron
63996,1529,Excitatory_Neuron
63997,1594,Astro-Epen
63998,1539,Excitatory_Neuron
63999,1525,unassigned
64000,1575,Excitatory_Neuron
64001,1571,Excitatory_Neuron
64002,1531,Excitatory_Neuron
64003,1531,Excitatory_Neuron
64004,1575,Excitatory_Neuron
64005,1525,unassigned
64006,1548,Excitatory_Neuron
64007,1583,Excitatory_Neuron
64008,1545,Excitatory_Neuron
64009,1548,Excitatory_Neuron
64010,1553,Excitatory_Neuron
64011,1583,Excitatory_Neuron
64012,1548,Excitatory_Neuron
64013,1553,Excitatory_Neuron
64014,1553,Excitatory_Neuron
64015,1553,Excitatory_Neuron
64016,1534,Excitatory_Neuron
64017,1536,Excitatory_Neuron
64018,1537,Excitatory_Neuron
64019,1537,Excitatory_Neuron
64020,1528,Excitatory_Neuron
64021,1594,Astro-Epen
64022,1601,Excitatory_Neuron
64023,1562,Excitatory_Neuron
64024,1562,Excitatory_Neuron
64025,1562,Excitatory_Neuron
64026,1571,Excitatory_Neuron
64027,1571,Excitatory_Neuron
64028,1575,Excitatory_Neuron
64029,1571,Excitatory_Neuron
64030,1603,Excitatory_Neuron
64031,1603,Excitatory_Neuron
64032,1545,Excitatory_Neuron
64033,1571,Excitatory_Neuron
64034,1525,unassigned
64035,1525,unassigned
64036,1583,Excitatory_Neuron
64037,1583,Excitatory_Neuron
64038,1583,Excitatory_Neuron
64039,1576,Excitatory_Neuron
64040,1576,Excitatory_Neuron
64041,1576,Excitatory_Neuron
64042,1551,Excitatory_Neuron
64043,1551,Excitatory_Neuron
64044,1525,unassigned
64045,1557,Excitatory_Neuron
64046,1557,Excitatory_Neuron
64047,1528,Excitatory_Neuron
64048,1529,Excitatory_Neuron
64049,1525,unassigned
64050,1603,Excitatory_Neuron
64051,1553,Excitatory_Neuron
64052,1608,Excitatory_Neuron
64053,1553,Excitatory_Neuron
64054,1525,unassigned
64055,1534,Excitatory_Neuron
64056,1611,unassigned
64057,1528,Excitatory_Neuron
64058,1528,Excitatory_Neuron
64059,1529,Excitatory_Neuron
64060,1525,unassigned
64061,1612,Excitatory_Neuron
64062,1571,Excitatory_Neuron
64063,1525,unassigned
64064,1545,Excitatory_Neuron
64065,1525,unassigned
64066,1548,Excitatory_Neuron
64067,1583,Excitatory_Neuron
64068,1553,Excitatory_Neuron
64069,1534,Excitatory_Neuron
64070,1525,unassigned
64071,1607,unassigned
64072,1536,Excitatory_Neuron
64073,1557,Excitatory_Neuron
64074,1537,Excitatory_Neuron
64075,1525,unassigned
64076,1539,Excitatory_Neuron
64077,1539,Excitatory_Neuron
64078,1531,Excitatory_Neuron
64079,1605,Vascular
64080,1525,unassigned
64081,1525,unassigned
64082,1525,unassigned
64083,1545,Excitatory_Neuron
64084,1551,Excitatory_Neuron
64085,1551,Excitatory_Neuron
64086,1551,Excitatory_Neuron
64087,1525,unassigned
64088,1526,Excitatory_Neuron
64089,1539,Excitatory_Neuron
64090,1530,Excitatory_Neuron
64091,1562,Excitatory_Neuron
64092,1530,Excitatory_Neuron
64093,1605,Vascular
64094,1571,Excitatory_Neuron
64095,1571,Excitatory_Neuron
64096,1531,Excitatory_Neuron
64097,1603,Excitatory_Neuron
64098,1603,Excitatory_Neuron
64099,1549,Excitatory_Neuron
64100,1548,Excitatory_Neuron
64101,1548,Excitatory_Neuron
64102,1551,Excitatory_Neuron
64103,1610,unassigned
64104,1557,Excitatory_Neuron
64105,1528,Excitatory_Neuron
64106,1594,Astro-Epen
64107,1525,unassigned
64108,1562,Excitatory_Neuron
64109,1530,Excitatory_Neuron
64110,1545,Excitatory_Neuron
64111,1603,Excitatory_Neuron
64112,1603,Excitatory_Neuron
64113,1548,Excitatory_Neuron
64114,1583,Excitatory_Neuron
64115,1606,Excitatory_Neuron
64116,1551,Excitatory_Neuron
64117,1551,Excitatory_Neuron
64118,1551,Excitatory_Neuron
64119,1551,Excitatory_Neuron
64120,1557,Excitatory_Neuron
64121,1587,Excitatory_Neuron
64122,1528,Excitatory_Neuron
64123,1587,Excitatory_Neuron
64124,1529,Excitatory_Neuron
64125,1601,Excitatory_Neuron
64126,1562,Excitatory_Neuron
64127,1562,Excitatory_Neuron
64128,1605,Vascular
64129,1583,Excitatory_Neuron
64130,1606,Excitatory_Neuron
64131,1587,Excitatory_Neuron
64132,1557,Excitatory_Neuron
64133,1537,Excitatory_Neuron
64134,1525,unassigned
64135,1562,Excitatory_Neuron
64136,1601,Excitatory_Neuron
64137,1530,Excitatory_Neuron
64138,1530,Excitatory_Neuron
64139,1562,Excitatory_Neuron
64140,1525,unassigned
64141,1571,Excitatory_Neuron
64142,1571,Excitatory_Neuron
64143,1603,Excitatory_Neuron
64144,1548,Excitatory_Neuron
64145,1599,unassigned
64146,1587,Excitatory_Neuron
64147,1537,Excitatory_Neuron
64148,1528,Excitatory_Neuron
64149,1525,unassigned
64150,1529,Excitatory_Neuron
64151,1571,Excitatory_Neuron
64152,1575,Excitatory_Neuron
64153,1603,Excitatory_Neuron
64154,1545,Excitatory_Neuron
64155,1583,Excitatory_Neuron
64156,1548,Excitatory_Neuron
64157,1553,Excitatory_Neuron
64158,1548,Excitatory_Neuron
64159,1551,Excitatory_Neuron
64160,1589,unassigned
64161,1600,unassigned
64162,1610,unassigned
64163,1587,Excitatory_Neuron
64164,1528,Excitatory_Neuron
64165,1539,Excitatory_Neuron
64166,1529,Excitatory_Neuron
64167,1562,Excitatory_Neuron
64168,1571,Excitatory_Neuron
64169,1525,unassigned
64170,1525,unassigned
64171,1545,Excitatory_Neuron
64172,1575,Excitatory_Neuron
64173,1603,Excitatory_Neuron
64174,1576,Excitatory_Neuron
64175,1608,Excitatory_Neuron
64176,1535,Excitatory_Neuron
64177,1599,unassigned
64178,1587,Excitatory_Neuron
64179,1566,Excitatory_Neuron
64180,1529,Excitatory_Neuron
64181,1529,Excitatory_Neuron
64182,1594,Astro-Epen
64183,1562,Excitatory_Neuron
64184,1549,Excitatory_Neuron
64185,1548,Excitatory_Neuron
64186,1548,Excitatory_Neuron
64187,1534,Excitatory_Neuron
64188,1551,Excitatory_Neuron
64189,1534,Excitatory_Neuron
64190,1551,Excitatory_Neuron
64191,1551,Excitatory_Neuron
64192,1584,unassigned
64193,1536,Excitatory_Neuron
64194,1599,unassigned
64195,1599,unassigned
64196,1562,Excitatory_Neuron
64197,1530,Excitatory_Neuron
64198,1562,Excitatory_Neuron
64199,1525,unassigned
64200,1571,Excitatory_Neuron
64201,1545,Excitatory_Neuron
64202,1571,Excitatory_Neuron
64203,1603,Excitatory_Neuron
64204,1571,Excitatory_Neuron
64205,1583,Excitatory_Neuron
64206,1583,Excitatory_Neuron
64207,1603,Excitatory_Neuron
64208,1583,Excitatory_Neuron
64209,1606,Excitatory_Neuron
64210,1553,Excitatory_Neuron
64211,1579,unassigned
64212,1536,Excitatory_Neuron
64213,1536,Excitatory_Neuron
64214,1526,Excitatory_Neuron
64215,1539,Excitatory_Neuron
64216,1601,Excitatory_Neuron
64217,1594,Astro-Epen
64218,1530,Excitatory_Neuron
64219,1530,Excitatory_Neuron
64220,1530,Excitatory_Neuron
64221,1531,Excitatory_Neuron
64222,1571,Excitatory_Neuron
64223,1525,unassigned
64224,1571,Excitatory_Neuron
64225,1525,unassigned
64226,1525,unassigned
64227,1583,Excitatory_Neuron
64228,1525,unassigned
64229,1551,Excitatory_Neuron
64230,1551,Excitatory_Neuron
64231,1599,unassigned
64232,1529,Excitatory_Neuron
64233,1601,Excitatory_Neuron
64234,1601,Excitatory_Neuron
64235,1594,Astro-Epen
64236,1605,Vascular
64237,1531,Excitatory_Neuron
64238,1571,Excitatory_Neuron
64239,1571,Excitatory_Neuron
64240,1525,unassigned
64241,1525,unassigned
64242,1575,Excitatory_Neuron
64243,1576,Excitatory_Neuron
64244,1583,Excitatory_Neuron
64245,1608,Excitatory_Neuron
64246,1611,unassigned
64247,1526,Excitatory_Neuron
64248,1557,Excitatory_Neuron
64249,1566,Excitatory_Neuron
64250,1528,Excitatory_Neuron
64251,1525,unassigned
64252,1605,Vascular
64253,1562,Excitatory_Neuron
64254,1571,Excitatory_Neuron
64255,1571,Excitatory_Neuron
64256,1525,unassigned
64257,1603,Excitatory_Neuron
64258,1548,Excitatory_Neuron
64259,1576,Excitatory_Neuron
64260,1553,Excitatory_Neuron
64261,1525,unassigned
64262,1595,unassigned
64263,1587,Excitatory_Neuron
64264,1537,Excitatory_Neuron
64265,1566,Excitatory_Neuron
64266,1594,Astro-Epen
64267,1562,Excitatory_Neuron
64268,1525,unassigned
64269,1531,Excitatory_Neuron
64270,1603,Excitatory_Neuron
64271,1583,Excitatory_Neuron
64272,1553,Excitatory_Neuron
64273,1534,Excitatory_Neuron
64274,1576,Excitatory_Neuron
64275,1534,Excitatory_Neuron
64276,1595,unassigned
64277,1586,unassigned
64278,1535,Excitatory_Neuron
64279,1566,Excitatory_Neuron
64280,1529,Excitatory_Neuron
64281,1601,Excitatory_Neuron
64282,1545,Excitatory_Neuron
64283,1575,Excitatory_Neuron
64284,1603,Excitatory_Neuron
64285,1545,Excitatory_Neuron
64286,1548,Excitatory_Neuron
64287,1553,Excitatory_Neuron
64288,1534,Excitatory_Neuron
64289,1548,Excitatory_Neuron
64290,1525,unassigned
64291,1599,unassigned
64292,1536,Excitatory_Neuron
64293,1599,unassigned
64294,1557,Excitatory_Neuron
64295,1587,Excitatory_Neuron
64296,1587,Excitatory_Neuron
64297,1525,unassigned
64298,1594,Astro-Epen
64299,1530,Excitatory_Neuron
64300,1571,Excitatory_Neuron
64301,1571,Excitatory_Neuron
64302,1553,Excitatory_Neuron
64303,1583,Excitatory_Neuron
64304,1579,unassigned
64305,1537,Excitatory_Neuron
64306,1557,Excitatory_Neuron
64307,1539,Excitatory_Neuron
64308,1594,Astro-Epen
64309,1562,Excitatory_Neuron
64310,1562,Excitatory_Neuron
64311,1562,Excitatory_Neuron
64312,1605,Vascular
64313,1531,Excitatory_Neuron
64314,1545,Excitatory_Neuron
64315,1583,Excitatory_Neuron
64316,1576,Excitatory_Neuron
64317,1553,Excitatory_Neuron
64318,1551,Excitatory_Neuron
64319,1526,Excitatory_Neuron
64320,1536,Excitatory_Neuron
64321,1528,Excitatory_Neuron
64322,1566,Excitatory_Neuron
64323,1566,Excitatory_Neuron
64324,1562,Excitatory_Neuron
64325,1605,Vascular
64326,1531,Excitatory_Neuron
64327,1525,unassigned
64328,1571,Excitatory_Neuron
64329,1571,Excitatory_Neuron
64330,1575,Excitatory_Neuron
64331,1575,Excitatory_Neuron
64332,1548,Excitatory_Neuron
64333,1613,Excitatory_Neuron
64334,1548,Excitatory_Neuron
64335,1613,Excitatory_Neuron
64336,1553,Excitatory_Neuron
64337,1553,Excitatory_Neuron
64338,1576,Excitatory_Neuron
64339,1586,unassigned
64340,1536,Excitatory_Neuron
64341,1610,unassigned
64342,1529,Excitatory_Neuron
64343,1601,Excitatory_Neuron
64344,1525,unassigned
64345,1575,Excitatory_Neuron
64346,1525,unassigned
64347,1548,Excitatory_Neuron
64348,1583,Excitatory_Neuron
64349,1548,Excitatory_Neuron
64350,1548,Excitatory_Neuron
64351,1576,Excitatory_Neuron
64352,1525,unassigned
64353,1525,unassigned
64354,1553,Excitatory_Neuron
64355,1536,Excitatory_Neuron
64356,1536,Excitatory_Neuron
64357,1566,Excitatory_Neuron
64358,1566,Excitatory_Neuron
64359,1566,Excitatory_Neuron
64360,1594,Astro-Epen
64361,1562,Excitatory_Neuron
64362,1531,Excitatory_Neuron
64363,1530,Excitatory_Neuron
64364,1562,Excitatory_Neuron
64365,1571,Excitatory_Neuron
64366,1575,Excitatory_Neuron
64367,1575,Excitatory_Neuron
64368,1571,Excitatory_Neuron
64369,1603,Excitatory_Neuron
64370,1549,Excitatory_Neuron
64371,1553,Excitatory_Neuron
64372,1553,Excitatory_Neuron
64373,1608,Excitatory_Neuron
64374,1608,Excitatory_Neuron
64375,1576,Excitatory_Neuron
64376,1551,Excitatory_Neuron
64377,1525,unassigned
64378,1566,Excitatory_Neuron
64379,1566,Excitatory_Neuron
64380,1566,Excitatory_Neuron
64381,1605,Vascular
64382,1562,Excitatory_Neuron
64383,1612,Excitatory_Neuron
64384,1603,Excitatory_Neuron
64385,1545,Excitatory_Neuron
64386,1545,Excitatory_Neuron
64387,1614,unassigned
64388,1606,Excitatory_Neuron
64389,1576,Excitatory_Neuron
64390,1576,Excitatory_Neuron
64391,1551,Excitatory_Neuron
64392,1526,Excitatory_Neuron
64393,1539,Excitatory_Neuron
64394,1539,Excitatory_Neuron
64395,1525,unassigned
64396,1562,Excitatory_Neuron
64397,1571,Excitatory_Neuron
64398,1548,Excitatory_Neuron
64399,1603,Excitatory_Neuron
64400,1583,Excitatory_Neuron
64401,1606,Excitatory_Neuron
64402,1534,Excitatory_Neuron
64403,1576,Excitatory_Neuron
64404,1553,Excitatory_Neuron
64405,1528,Excitatory_Neuron
64406,1530,Excitatory_Neuron
64407,1605,Vascular
64408,1530,Excitatory_Neuron
64409,1605,Vascular
64410,1571,Excitatory_Neuron
64411,1549,Excitatory_Neuron
64412,1583,Excitatory_Neuron
64413,1576,Excitatory_Neuron
64414,1553,Excitatory_Neuron
64415,1551,Excitatory_Neuron
64416,1551,Excitatory_Neuron
64417,1566,Excitatory_Neuron
64418,1528,Excitatory_Neuron
64419,1525,unassigned
64420,1539,Excitatory_Neuron
64421,1539,Excitatory_Neuron
64422,1539,Excitatory_Neuron
64423,1525,unassigned
64424,1539,Excitatory_Neuron
64425,1525,unassigned
64426,1525,unassigned
64427,1594,Astro-Epen
64428,1525,unassigned
64429,1562,Excitatory_Neuron
64430,1605,Vascular
64431,1545,Excitatory_Neuron
64432,1603,Excitatory_Neuron
64433,1551,Excitatory_Neuron
64434,1534,Excitatory_Neuron
64435,1535,Excitatory_Neuron
64436,1536,Excitatory_Neuron
64437,1528,Excitatory_Neuron
64438,1539,Excitatory_Neuron
64439,1594,Astro-Epen
64440,1539,Excitatory_Neuron
64441,1601,Excitatory_Neuron
64442,1575,Excitatory_Neuron
64443,1575,Excitatory_Neuron
64444,1545,Excitatory_Neuron
64445,1603,Excitatory_Neuron
64446,1545,Excitatory_Neuron
64447,1615,unassigned
64448,1606,Excitatory_Neuron
64449,1608,Excitatory_Neuron
64450,1576,Excitatory_Neuron
64451,1534,Excitatory_Neuron
64452,1551,Excitatory_Neuron
64453,1610,unassigned
64454,1528,Excitatory_Neuron
64455,1594,Astro-Epen
64456,1594,Astro-Epen
64457,1562,Excitatory_Neuron
64458,1562,Excitatory_Neuron
64459,1530,Excitatory_Neuron
64460,1603,Excitatory_Neuron
64461,1545,Excitatory_Neuron
64462,1571,Excitatory_Neuron
64463,1600,unassigned
64464,1537,Excitatory_Neuron
64465,1557,Excitatory_Neuron
64466,1528,Excitatory_Neuron
64467,1529,Excitatory_Neuron
64468,1525,unassigned
64469,1601,Excitatory_Neuron
64470,1530,Excitatory_Neuron
64471,1562,Excitatory_Neuron
64472,1562,Excitatory_Neuron
64473,1612,Excitatory_Neuron
64474,1531,Excitatory_Neuron
64475,1612,Excitatory_Neuron
64476,1571,Excitatory_Neuron
64477,1571,Excitatory_Neuron
64478,1525,unassigned
64479,1603,Excitatory_Neuron
64480,1606,Excitatory_Neuron
64481,1548,Excitatory_Neuron
64482,1576,Excitatory_Neuron
64483,1553,Excitatory_Neuron
64484,1536,Excitatory_Neuron
64485,1535,Excitatory_Neuron
64486,1536,Excitatory_Neuron
64487,1599,unassigned
64488,1528,Excitatory_Neuron
64489,1528,Excitatory_Neuron
64490,1566,Excitatory_Neuron
64491,1539,Excitatory_Neuron
64492,1525,unassigned
64493,1562,Excitatory_Neuron
64494,1601,Excitatory_Neuron
64495,1594,Astro-Epen
64496,1531,Excitatory_Neuron
64497,1562,Excitatory_Neuron
64498,1571,Excitatory_Neuron
64499,1575,Excitatory_Neuron
64500,1603,Excitatory_Neuron
64501,1603,Excitatory_Neuron
64502,1583,Excitatory_Neuron
64503,1608,Excitatory_Neuron
64504,1551,Excitatory_Neuron
64505,1610,unassigned
64506,1536,Excitatory_Neuron
64507,1537,Excitatory_Neuron
64508,1609,Excitatory_Neuron
64509,1528,Excitatory_Neuron
64510,1594,Astro-Epen
64511,1601,Excitatory_Neuron
64512,1525,unassigned
64513,1525,unassigned
64514,1525,unassigned
64515,1612,Excitatory_Neuron
64516,1531,Excitatory_Neuron
64517,1571,Excitatory_Neuron
64518,1571,Excitatory_Neuron
64519,1571,Excitatory_Neuron
64520,1603,Excitatory_Neuron
64521,1575,Excitatory_Neuron
64522,1548,Excitatory_Neuron
64523,1545,Excitatory_Neuron
64524,1616,unassigned
64525,1603,Excitatory_Neuron
64526,1525,unassigned
64527,1606,Excitatory_Neuron
64528,1606,Excitatory_Neuron
64529,1606,Excitatory_Neuron
64530,1583,Excitatory_Neuron
64531,1606,Excitatory_Neuron
64532,1548,Excitatory_Neuron
64533,1525,unassigned
64534,1611,unassigned
64535,1526,Excitatory_Neuron
64536,1557,Excitatory_Neuron
64537,1528,Excitatory_Neuron
64538,1566,Excitatory_Neuron
64539,1528,Excitatory_Neuron
64540,1617,unassigned
64541,1539,Excitatory_Neuron
64542,1594,Astro-Epen
64543,1571,Excitatory_Neuron
64544,1575,Excitatory_Neuron
64545,1575,Excitatory_Neuron
64546,1571,Excitatory_Neuron
64547,1525,unassigned
64548,1575,Excitatory_Neuron
64549,1616,unassigned
64550,1583,Excitatory_Neuron
64551,1539,Excitatory_Neuron
64552,1539,Excitatory_Neuron
64553,1594,Astro-Epen
64554,1529,Excitatory_Neuron
64555,1594,Astro-Epen
64556,1562,Excitatory_Neuron
64557,1601,Excitatory_Neuron
64558,1601,Excitatory_Neuron
64559,1562,Excitatory_Neuron
64560,1571,Excitatory_Neuron
64561,1525,unassigned
64562,1583,Excitatory_Neuron
64563,1536,Excitatory_Neuron
64564,1566,Excitatory_Neuron
64565,1566,Excitatory_Neuron
64566,1529,Excitatory_Neuron
64567,1594,Astro-Epen
64568,1525,unassigned
64569,1571,Excitatory_Neuron
64570,1571,Excitatory_Neuron
64571,1575,Excitatory_Neuron
64572,1618,Excitatory_Neuron
64573,1575,Excitatory_Neuron
64574,1548,Excitatory_Neuron
64575,1548,Excitatory_Neuron
64576,1614,unassigned
64577,1525,unassigned
64578,1551,Excitatory_Neuron
64579,1606,Excitatory_Neuron
64580,1608,Excitatory_Neuron
64581,1548,Excitatory_Neuron
64582,1534,Excitatory_Neuron
64583,1551,Excitatory_Neuron
64584,1537,Excitatory_Neuron
64585,1587,Excitatory_Neuron
64586,1566,Excitatory_Neuron
64587,1528,Excitatory_Neuron
64588,1566,Excitatory_Neuron
64589,1525,unassigned
64590,1539,Excitatory_Neuron
64591,1539,Excitatory_Neuron
64592,1594,Astro-Epen
64593,1594,Astro-Epen
64594,1601,Excitatory_Neuron
64595,1525,unassigned
64596,1612,Excitatory_Neuron
64597,1571,Excitatory_Neuron
64598,1525,unassigned
64599,1548,Excitatory_Neuron
64600,1603,Excitatory_Neuron
64601,1576,Excitatory_Neuron
64602,1548,Excitatory_Neuron
64603,1525,unassigned
64604,1606,Excitatory_Neuron
64605,1534,Excitatory_Neuron
64606,1525,unassigned
64607,1584,unassigned
64608,1535,Excitatory_Neuron
64609,1600,unassigned
64610,1525,unassigned
64611,1537,Excitatory_Neuron
64612,1609,Excitatory_Neuron
64613,1539,Excitatory_Neuron
64614,1594,Astro-Epen
64615,1562,Excitatory_Neuron
64616,1601,Excitatory_Neuron
64617,1594,Astro-Epen
64618,1594,Astro-Epen
64619,1612,Excitatory_Neuron
64620,1525,unassigned
64621,1525,unassigned
64622,1525,unassigned
64623,1575,Excitatory_Neuron
64624,1545,Excitatory_Neuron
64625,1548,Excitatory_Neuron
64626,1576,Excitatory_Neuron
64627,1606,Excitatory_Neuron
64628,1587,Excitatory_Neuron
64629,1587,Excitatory_Neuron
64630,1537,Excitatory_Neuron
64631,1566,Excitatory_Neuron
64632,1528,Excitatory_Neuron
64633,1528,Excitatory_Neuron
64634,1594,Astro-Epen
64635,1539,Excitatory_Neuron
64636,1601,Excitatory_Neuron
64637,1562,Excitatory_Neuron
64638,1531,Excitatory_Neuron
64639,1531,Excitatory_Neuron
64640,1575,Excitatory_Neuron
64641,1575,Excitatory_Neuron
64642,1545,Excitatory_Neuron
64643,1571,Excitatory_Neuron
64644,1545,Excitatory_Neuron
64645,1548,Excitatory_Neuron
64646,1606,Excitatory_Neuron
64647,1576,Excitatory_Neuron
64648,1576,Excitatory_Neuron
64649,1525,unassigned
64650,1536,Excitatory_Neuron
64651,1539,Excitatory_Neuron
64652,1539,Excitatory_Neuron
64653,1562,Excitatory_Neuron
64654,1525,unassigned
64655,1562,Excitatory_Neuron
64656,1525,unassigned
64657,1601,Excitatory_Neuron
64658,1603,Excitatory_Neuron
64659,1548,Excitatory_Neuron
64660,1525,unassigned
64661,1583,Excitatory_Neuron
64662,1613,Excitatory_Neuron
64663,1576,Excitatory_Neuron
64664,1525,unassigned
64665,1534,Excitatory_Neuron
64666,1526,Excitatory_Neuron
64667,1557,Excitatory_Neuron
64668,1537,Excitatory_Neuron
64669,1609,Excitatory_Neuron
64670,1566,Excitatory_Neuron
64671,1525,unassigned
64672,1525,unassigned
64673,1612,Excitatory_Neuron
64674,1575,Excitatory_Neuron
64675,1603,Excitatory_Neuron
64676,1575,Excitatory_Neuron
64677,1618,Excitatory_Neuron
64678,1603,Excitatory_Neuron
64679,1606,Excitatory_Neuron
64680,1576,Excitatory_Neuron
64681,1551,Excitatory_Neuron
64682,1551,Excitatory_Neuron
64683,1610,unassigned
64684,1601,Excitatory_Neuron
64685,1594,Astro-Epen
64686,1562,Excitatory_Neuron
64687,1530,Excitatory_Neuron
64688,1525,unassigned
64689,1612,Excitatory_Neuron
64690,1545,Excitatory_Neuron
64691,1603,Excitatory_Neuron
64692,1575,Excitatory_Neuron
64693,1545,Excitatory_Neuron
64694,1576,Excitatory_Neuron
64695,1548,Excitatory_Neuron
64696,1613,Excitatory_Neuron
64697,1606,Excitatory_Neuron
64698,1551,Excitatory_Neuron
64699,1534,Excitatory_Neuron
64700,1536,Excitatory_Neuron
64701,1539,Excitatory_Neuron
64702,1525,unassigned
64703,1605,Vascular
64704,1531,Excitatory_Neuron
64705,1571,Excitatory_Neuron
64706,1548,Excitatory_Neuron
64707,1548,Excitatory_Neuron
64708,1548,Excitatory_Neuron
64709,1553,Excitatory_Neuron
64710,1576,Excitatory_Neuron
64711,1606,Excitatory_Neuron
64712,1576,Excitatory_Neuron
64713,1576,Excitatory_Neuron
64714,1608,Excitatory_Neuron
64715,1610,unassigned
64716,1525,unassigned
64717,1609,Excitatory_Neuron
64718,1529,Excitatory_Neuron
64719,1594,Astro-Epen
64720,1562,Excitatory_Neuron
64721,1562,Excitatory_Neuron
64722,1571,Excitatory_Neuron
64723,1603,Excitatory_Neuron
64724,1525,unassigned
64725,1545,Excitatory_Neuron
64726,1545,Excitatory_Neuron
64727,1583,Excitatory_Neuron
64728,1583,Excitatory_Neuron
64729,1583,Excitatory_Neuron
64730,1525,unassigned
64731,1553,Excitatory_Neuron
64732,1551,Excitatory_Neuron
64733,1557,Excitatory_Neuron
64734,1526,Excitatory_Neuron
64735,1525,unassigned
64736,1617,unassigned
64737,1525,unassigned
64738,1525,unassigned
64739,1562,Excitatory_Neuron
64740,1571,Excitatory_Neuron
64741,1571,Excitatory_Neuron
64742,1525,unassigned
64743,1548,Excitatory_Neuron
64744,1551,Excitatory_Neuron
64745,1548,Excitatory_Neuron
64746,1606,Excitatory_Neuron
64747,1548,Excitatory_Neuron
64748,1551,Excitatory_Neuron
64749,1600,unassigned
64750,1537,Excitatory_Neuron
64751,1537,Excitatory_Neuron
64752,1617,unassigned
64753,1539,Excitatory_Neuron
64754,1609,Excitatory_Neuron
64755,1601,Excitatory_Neuron
64756,1539,Excitatory_Neuron
64757,1594,Astro-Epen
64758,1530,Excitatory_Neuron
64759,1525,unassigned
64760,1548,Excitatory_Neuron
64761,1608,Excitatory_Neuron
64762,1553,Excitatory_Neuron
64763,1564,unassigned
64764,1536,Excitatory_Neuron
64765,1537,Excitatory_Neuron
64766,1566,Excitatory_Neuron
64767,1528,Excitatory_Neuron
64768,1529,Excitatory_Neuron
64769,1539,Excitatory_Neuron
64770,1594,Astro-Epen
64771,1594,Astro-Epen
64772,1530,Excitatory_Neuron
64773,1571,Excitatory_Neuron
64774,1612,Excitatory_Neuron
64775,1545,Excitatory_Neuron
64776,1548,Excitatory_Neuron
64777,1606,Excitatory_Neuron
64778,1614,unassigned
64779,1576,Excitatory_Neuron
64780,1551,Excitatory_Neuron
64781,1564,unassigned
64782,1564,unassigned
64783,1525,unassigned
64784,1528,Excitatory_Neuron
64785,1566,Excitatory_Neuron
64786,1525,unassigned
64787,1601,Excitatory_Neuron
64788,1594,Astro-Epen
64789,1605,Vascular
64790,1605,Vascular
64791,1531,Excitatory_Neuron
64792,1605,Vascular
64793,1525,unassigned
64794,1525,unassigned
64795,1612,Excitatory_Neuron
64796,1571,Excitatory_Neuron
64797,1545,Excitatory_Neuron
64798,1548,Excitatory_Neuron
64799,1525,unassigned
64800,1615,unassigned
64801,1613,Excitatory_Neuron
64802,1613,Excitatory_Neuron
64803,1608,Excitatory_Neuron
64804,1551,Excitatory_Neuron
64805,1551,Excitatory_Neuron
64806,1525,unassigned
64807,1537,Excitatory_Neuron
64808,1566,Excitatory_Neuron
64809,1539,Excitatory_Neuron
64810,1525,unassigned
64811,1539,Excitatory_Neuron
64812,1594,Astro-Epen
64813,1601,Excitatory_Neuron
64814,1530,Excitatory_Neuron
64815,1571,Excitatory_Neuron
64816,1571,Excitatory_Neuron
64817,1525,unassigned
64818,1548,Excitatory_Neuron
64819,1548,Excitatory_Neuron
64820,1613,Excitatory_Neuron
64821,1606,Excitatory_Neuron
64822,1606,Excitatory_Neuron
64823,1551,Excitatory_Neuron
64824,1610,unassigned
64825,1587,Excitatory_Neuron
64826,1599,unassigned
64827,1587,Excitatory_Neuron
64828,1528,Excitatory_Neuron
64829,1528,Excitatory_Neuron
64830,1566,Excitatory_Neuron
64831,1529,Excitatory_Neuron
64832,1539,Excitatory_Neuron
64833,1601,Excitatory_Neuron
64834,1531,Excitatory_Neuron
64835,1525,unassigned
64836,1571,Excitatory_Neuron
64837,1531,Excitatory_Neuron
64838,1531,Excitatory_Neuron
64839,1571,Excitatory_Neuron
64840,1615,unassigned
64841,1576,Excitatory_Neuron
64842,1576,Excitatory_Neuron
64843,1576,Excitatory_Neuron
64844,1548,Excitatory_Neuron
64845,1576,Excitatory_Neuron
64846,1548,Excitatory_Neuron
64847,1534,Excitatory_Neuron
64848,1536,Excitatory_Neuron
64849,1537,Excitatory_Neuron
64850,1537,Excitatory_Neuron
64851,1537,Excitatory_Neuron
64852,1562,Excitatory_Neuron
64853,1594,Astro-Epen
64854,1531,Excitatory_Neuron
64855,1601,Excitatory_Neuron
64856,1530,Excitatory_Neuron
64857,1531,Excitatory_Neuron
64858,1531,Excitatory_Neuron
64859,1571,Excitatory_Neuron
64860,1571,Excitatory_Neuron
64861,1615,unassigned
64862,1548,Excitatory_Neuron
64863,1583,Excitatory_Neuron
64864,1606,Excitatory_Neuron
64865,1551,Excitatory_Neuron
64866,1536,Excitatory_Neuron
64867,1557,Excitatory_Neuron
64868,1537,Excitatory_Neuron
64869,1587,Excitatory_Neuron
64870,1587,Excitatory_Neuron
64871,1528,Excitatory_Neuron
64872,1609,Excitatory_Neuron
64873,1539,Excitatory_Neuron
64874,1539,Excitatory_Neuron
64875,1525,unassigned
64876,1531,Excitatory_Neuron
64877,1531,Excitatory_Neuron
64878,1530,Excitatory_Neuron
64879,1571,Excitatory_Neuron
64880,1545,Excitatory_Neuron
64881,1576,Excitatory_Neuron
64882,1553,Excitatory_Neuron
64883,1608,Excitatory_Neuron
64884,1551,Excitatory_Neuron
64885,1584,unassigned
64886,1535,Excitatory_Neuron
64887,1610,unassigned
64888,1562,Excitatory_Neuron
64889,1562,Excitatory_Neuron
64890,1562,Excitatory_Neuron
64891,1618,Excitatory_Neuron
64892,1603,Excitatory_Neuron
64893,1603,Excitatory_Neuron
64894,1548,Excitatory_Neuron
64895,1548,Excitatory_Neuron
64896,1619,unassigned
64897,1606,Excitatory_Neuron
64898,1548,Excitatory_Neuron
64899,1614,unassigned
64900,1613,Excitatory_Neuron
64901,1583,Excitatory_Neuron
64902,1534,Excitatory_Neuron
64903,1534,Excitatory_Neuron
64904,1534,Excitatory_Neuron
64905,1611,unassigned
64906,1537,Excitatory_Neuron
64907,1617,unassigned
64908,1594,Astro-Epen
64909,1594,Astro-Epen
64910,1539,Excitatory_Neuron
64911,1620,unassigned
64912,1562,Excitatory_Neuron
64913,1531,Excitatory_Neuron
64914,1531,Excitatory_Neuron
64915,1531,Excitatory_Neuron
64916,1605,Vascular
64917,1571,Excitatory_Neuron
64918,1621,unassigned
64919,1525,unassigned
64920,1553,Excitatory_Neuron
64921,1576,Excitatory_Neuron
64922,1551,Excitatory_Neuron
64923,1553,Excitatory_Neuron
64924,1525,unassigned
64925,1536,Excitatory_Neuron
64926,1537,Excitatory_Neuron
64927,1537,Excitatory_Neuron
64928,1528,Excitatory_Neuron
64929,1609,Excitatory_Neuron
64930,1539,Excitatory_Neuron
64931,1530,Excitatory_Neuron
64932,1605,Vascular
64933,1562,Excitatory_Neuron
64934,1605,Vascular
64935,1531,Excitatory_Neuron
64936,1545,Excitatory_Neuron
64937,1531,Excitatory_Neuron
64938,1571,Excitatory_Neuron
64939,1545,Excitatory_Neuron
64940,1551,Excitatory_Neuron
64941,1576,Excitatory_Neuron
64942,1608,Excitatory_Neuron
64943,1606,Excitatory_Neuron
64944,1564,unassigned
64945,1535,Excitatory_Neuron
64946,1610,unassigned
64947,1610,unassigned
64948,1525,unassigned
64949,1594,Astro-Epen
64950,1525,unassigned
64951,1530,Excitatory_Neuron
64952,1531,Excitatory_Neuron
64953,1571,Excitatory_Neuron
64954,1612,Excitatory_Neuron
64955,1612,Excitatory_Neuron
64956,1525,unassigned
64957,1571,Excitatory_Neuron
64958,1603,Excitatory_Neuron
64959,1525,unassigned
64960,1545,Excitatory_Neuron
64961,1614,unassigned
64962,1576,Excitatory_Neuron
64963,1576,Excitatory_Neuron
64964,1534,Excitatory_Neuron
64965,1525,unassigned
64966,1564,unassigned
64967,1600,unassigned
64968,1528,Excitatory_Neuron
64969,1530,Excitatory_Neuron
64970,1525,unassigned
64971,1594,Astro-Epen
64972,1531,Excitatory_Neuron
64973,1562,Excitatory_Neuron
64974,1605,Vascular
64975,1531,Excitatory_Neuron
64976,1562,Excitatory_Neuron
64977,1603,Excitatory_Neuron
64978,1583,Excitatory_Neuron
64979,1606,Excitatory_Neuron
64980,1613,Excitatory_Neuron
64981,1564,unassigned
64982,1557,Excitatory_Neuron
64983,1528,Excitatory_Neuron
64984,1525,unassigned
64985,1539,Excitatory_Neuron
64986,1539,Excitatory_Neuron
64987,1525,unassigned
64988,1605,Vascular
64989,1605,Vascular
64990,1619,unassigned
64991,1525,unassigned
64992,1606,Excitatory_Neuron
64993,1576,Excitatory_Neuron
64994,1534,Excitatory_Neuron
64995,1534,Excitatory_Neuron
64996,1595,unassigned
64997,1536,Excitatory_Neuron
64998,1589,unassigned
64999,1537,Excitatory_Neuron
65000,1537,Excitatory_Neuron
65001,1537,Excitatory_Neuron
65002,1557,Excitatory_Neuron
65003,1528,Excitatory_Neuron
65004,1566,Excitatory_Neuron
65005,1530,Excitatory_Neuron
65006,1594,Astro-Epen
65007,1605,Vascular
65008,1530,Excitatory_Neuron
65009,1562,Excitatory_Neuron
65010,1530,Excitatory_Neuron
65011,1562,Excitatory_Neuron
65012,1603,Excitatory_Neuron
65013,1525,unassigned
65014,1621,unassigned
65015,1525,unassigned
65016,1526,Excitatory_Neuron
65017,1599,unassigned
65018,1599,unassigned
65019,1610,unassigned
65020,1557,Excitatory_Neuron
65021,1529,Excitatory_Neuron
65022,1539,Excitatory_Neuron
65023,1601,Excitatory_Neuron
65024,1605,Vascular
65025,1562,Excitatory_Neuron
65026,1612,Excitatory_Neuron
65027,1571,Excitatory_Neuron
65028,1525,unassigned
65029,1545,Excitatory_Neuron
65030,1545,Excitatory_Neuron
65031,1615,unassigned
65032,1603,Excitatory_Neuron
65033,1608,Excitatory_Neuron
65034,1594,Astro-Epen
65035,1530,Excitatory_Neuron
65036,1562,Excitatory_Neuron
65037,1531,Excitatory_Neuron
65038,1571,Excitatory_Neuron
65039,1603,Excitatory_Neuron
65040,1583,Excitatory_Neuron
65041,1525,unassigned
65042,1525,unassigned
65043,1595,unassigned
65044,1564,unassigned
65045,1536,Excitatory_Neuron
65046,1557,Excitatory_Neuron
65047,1537,Excitatory_Neuron
65048,1609,Excitatory_Neuron
65049,1609,Excitatory_Neuron
65050,1562,Excitatory_Neuron
65051,1530,Excitatory_Neuron
65052,1531,Excitatory_Neuron
65053,1525,unassigned
65054,1603,Excitatory_Neuron
65055,1603,Excitatory_Neuron
65056,1548,Excitatory_Neuron
65057,1548,Excitatory_Neuron
65058,1583,Excitatory_Neuron
65059,1603,Excitatory_Neuron
65060,1551,Excitatory_Neuron
65061,1534,Excitatory_Neuron
65062,1537,Excitatory_Neuron
65063,1557,Excitatory_Neuron
65064,1557,Excitatory_Neuron
65065,1609,Excitatory_Neuron
65066,1529,Excitatory_Neuron
65067,1594,Astro-Epen
65068,1525,unassigned
65069,1531,Excitatory_Neuron
65070,1525,unassigned
65071,1612,Excitatory_Neuron
65072,1525,unassigned
65073,1548,Excitatory_Neuron
65074,1583,Excitatory_Neuron
65075,1583,Excitatory_Neuron
65076,1583,Excitatory_Neuron
65077,1613,Excitatory_Neuron
65078,1576,Excitatory_Neuron
65079,1608,Excitatory_Neuron
65080,1610,unassigned
65081,1557,Excitatory_Neuron
65082,1528,Excitatory_Neuron
65083,1566,Excitatory_Neuron
65084,1528,Excitatory_Neuron
65085,1609,Excitatory_Neuron
65086,1529,Excitatory_Neuron
65087,1539,Excitatory_Neuron
65088,1601,Excitatory_Neuron
65089,1525,unassigned
65090,1562,Excitatory_Neuron
65091,1605,Vascular
65092,1612,Excitatory_Neuron
65093,1605,Vascular
65094,1562,Excitatory_Neuron
65095,1571,Excitatory_Neuron
65096,1531,Excitatory_Neuron
65097,1571,Excitatory_Neuron
65098,1603,Excitatory_Neuron
65099,1603,Excitatory_Neuron
65100,1548,Excitatory_Neuron
65101,1583,Excitatory_Neuron
65102,1583,Excitatory_Neuron
65103,1608,Excitatory_Neuron
65104,1576,Excitatory_Neuron
65105,1534,Excitatory_Neuron
65106,1536,Excitatory_Neuron
65107,1610,unassigned
65108,1537,Excitatory_Neuron
65109,1557,Excitatory_Neuron
65110,1537,Excitatory_Neuron
65111,1609,Excitatory_Neuron
65112,1594,Astro-Epen
65113,1531,Excitatory_Neuron
65114,1612,Excitatory_Neuron
65115,1618,Excitatory_Neuron
65116,1571,Excitatory_Neuron
65117,1603,Excitatory_Neuron
65118,1618,Excitatory_Neuron
65119,1603,Excitatory_Neuron
65120,1606,Excitatory_Neuron
65121,1613,Excitatory_Neuron
65122,1608,Excitatory_Neuron
65123,1608,Excitatory_Neuron
65124,1608,Excitatory_Neuron
65125,1595,unassigned
65126,1566,Excitatory_Neuron
65127,1529,Excitatory_Neuron
65128,1525,unassigned
65129,1525,unassigned
65130,1562,Excitatory_Neuron
65131,1571,Excitatory_Neuron
65132,1571,Excitatory_Neuron
65133,1571,Excitatory_Neuron
65134,1548,Excitatory_Neuron
65135,1548,Excitatory_Neuron
65136,1619,unassigned
65137,1545,Excitatory_Neuron
65138,1548,Excitatory_Neuron
65139,1614,unassigned
65140,1606,Excitatory_Neuron
65141,1548,Excitatory_Neuron
65142,1606,Excitatory_Neuron
65143,1608,Excitatory_Neuron
65144,1553,Excitatory_Neuron
65145,1534,Excitatory_Neuron
65146,1525,unassigned
65147,1536,Excitatory_Neuron
65148,1557,Excitatory_Neuron
65149,1599,unassigned
65150,1587,Excitatory_Neuron
65151,1587,Excitatory_Neuron
65152,1609,Excitatory_Neuron
65153,1566,Excitatory_Neuron
65154,1525,unassigned
65155,1525,unassigned
65156,1530,Excitatory_Neuron
65157,1571,Excitatory_Neuron
65158,1571,Excitatory_Neuron
65159,1571,Excitatory_Neuron
65160,1571,Excitatory_Neuron
65161,1618,Excitatory_Neuron
65162,1548,Excitatory_Neuron
65163,1603,Excitatory_Neuron
65164,1548,Excitatory_Neuron
65165,1548,Excitatory_Neuron
65166,1583,Excitatory_Neuron
65167,1606,Excitatory_Neuron
65168,1576,Excitatory_Neuron
65169,1525,unassigned
65170,1525,unassigned
65171,1610,unassigned
65172,1537,Excitatory_Neuron
65173,1528,Excitatory_Neuron
65174,1609,Excitatory_Neuron
65175,1571,Excitatory_Neuron
65176,1531,Excitatory_Neuron
65177,1525,unassigned
65178,1603,Excitatory_Neuron
65179,1548,Excitatory_Neuron
65180,1603,Excitatory_Neuron
65181,1548,Excitatory_Neuron
65182,1548,Excitatory_Neuron
65183,1548,Excitatory_Neuron
65184,1606,Excitatory_Neuron
65185,1548,Excitatory_Neuron
65186,1548,Excitatory_Neuron
65187,1606,Excitatory_Neuron
65188,1613,Excitatory_Neuron
65189,1608,Excitatory_Neuron
65190,1534,Excitatory_Neuron
65191,1534,Excitatory_Neuron
65192,1535,Excitatory_Neuron
65193,1535,Excitatory_Neuron
65194,1600,unassigned
65195,1587,Excitatory_Neuron
65196,1557,Excitatory_Neuron
65197,1525,unassigned
65198,1609,Excitatory_Neuron
65199,1528,Excitatory_Neuron
65200,1529,Excitatory_Neuron
65201,1594,Astro-Epen
65202,1601,Excitatory_Neuron
65203,1531,Excitatory_Neuron
65204,1525,unassigned
65205,1531,Excitatory_Neuron
65206,1612,Excitatory_Neuron
65207,1571,Excitatory_Neuron
65208,1525,unassigned
65209,1548,Excitatory_Neuron
65210,1525,unassigned
65211,1603,Excitatory_Neuron
65212,1548,Excitatory_Neuron
65213,1615,unassigned
65214,1606,Excitatory_Neuron
65215,1548,Excitatory_Neuron
65216,1613,Excitatory_Neuron
65217,1606,Excitatory_Neuron
65218,1608,Excitatory_Neuron
65219,1553,Excitatory_Neuron
65220,1534,Excitatory_Neuron
65221,1525,unassigned
65222,1564,unassigned
65223,1537,Excitatory_Neuron
65224,1528,Excitatory_Neuron
65225,1566,Excitatory_Neuron
65226,1609,Excitatory_Neuron
65227,1528,Excitatory_Neuron
65228,1528,Excitatory_Neuron
65229,1539,Excitatory_Neuron
65230,1601,Excitatory_Neuron
65231,1601,Excitatory_Neuron
65232,1530,Excitatory_Neuron
65233,1562,Excitatory_Neuron
65234,1612,Excitatory_Neuron
65235,1612,Excitatory_Neuron
65236,1525,unassigned
65237,1612,Excitatory_Neuron
65238,1571,Excitatory_Neuron
65239,1618,Excitatory_Neuron
65240,1603,Excitatory_Neuron
65241,1571,Excitatory_Neuron
65242,1603,Excitatory_Neuron
65243,1614,unassigned
65244,1525,unassigned
65245,1576,Excitatory_Neuron
65246,1606,Excitatory_Neuron
65247,1608,Excitatory_Neuron
65248,1613,Excitatory_Neuron
65249,1525,unassigned
65250,1584,unassigned
65251,1557,Excitatory_Neuron
65252,1557,Excitatory_Neuron
65253,1599,unassigned
65254,1528,Excitatory_Neuron
65255,1525,unassigned
65256,1525,unassigned
65257,1531,Excitatory_Neuron
65258,1612,Excitatory_Neuron
65259,1525,unassigned
65260,1571,Excitatory_Neuron
65261,1615,unassigned
65262,1548,Excitatory_Neuron
65263,1525,unassigned
65264,1545,Excitatory_Neuron
65265,1615,unassigned
65266,1608,Excitatory_Neuron
65267,1553,Excitatory_Neuron
65268,1551,Excitatory_Neuron
65269,1526,Excitatory_Neuron
65270,1526,Excitatory_Neuron
65271,1557,Excitatory_Neuron
65272,1539,Excitatory_Neuron
65273,1529,Excitatory_Neuron
65274,1562,Excitatory_Neuron
65275,1605,Vascular
65276,1612,Excitatory_Neuron
65277,1571,Excitatory_Neuron
65278,1603,Excitatory_Neuron
65279,1525,unassigned
65280,1618,Excitatory_Neuron
65281,1548,Excitatory_Neuron
65282,1603,Excitatory_Neuron
65283,1603,Excitatory_Neuron
65284,1614,unassigned
65285,1608,Excitatory_Neuron
65286,1610,unassigned
65287,1610,unassigned
65288,1609,Excitatory_Neuron
65289,1617,unassigned
65290,1528,Excitatory_Neuron
65291,1609,Excitatory_Neuron
65292,1617,unassigned
65293,1529,Excitatory_Neuron
65294,1594,Astro-Epen
65295,1594,Astro-Epen
65296,1562,Excitatory_Neuron
65297,1525,unassigned
65298,1562,Excitatory_Neuron
65299,1562,Excitatory_Neuron
65300,1575,Excitatory_Neuron
65301,1531,Excitatory_Neuron
65302,1545,Excitatory_Neuron
65303,1548,Excitatory_Neuron
65304,1525,unassigned
65305,1525,unassigned
65306,1548,Excitatory_Neuron
65307,1583,Excitatory_Neuron
65308,1606,Excitatory_Neuron
65309,1548,Excitatory_Neuron
65310,1534,Excitatory_Neuron
65311,1525,unassigned
65312,1535,Excitatory_Neuron
65313,1526,Excitatory_Neuron
65314,1557,Excitatory_Neuron
65315,1526,Excitatory_Neuron
65316,1594,Astro-Epen
65317,1594,Astro-Epen
65318,1601,Excitatory_Neuron
65319,1594,Astro-Epen
65320,1525,unassigned
65321,1531,Excitatory_Neuron
65322,1571,Excitatory_Neuron
65323,1545,Excitatory_Neuron
65324,1545,Excitatory_Neuron
65325,1575,Excitatory_Neuron
65326,1603,Excitatory_Neuron
65327,1621,unassigned
65328,1615,unassigned
65329,1551,Excitatory_Neuron
65330,1584,unassigned
65331,1536,Excitatory_Neuron
65332,1557,Excitatory_Neuron
65333,1528,Excitatory_Neuron
65334,1617,unassigned
65335,1529,Excitatory_Neuron
65336,1594,Astro-Epen
65337,1529,Excitatory_Neuron
65338,1594,Astro-Epen
65339,1605,Vascular
65340,1605,Vascular
65341,1545,Excitatory_Neuron
65342,1603,Excitatory_Neuron
65343,1606,Excitatory_Neuron
65344,1551,Excitatory_Neuron
65345,1525,unassigned
65346,1525,unassigned
65347,1600,unassigned
65348,1536,Excitatory_Neuron
65349,1610,unassigned
65350,1528,Excitatory_Neuron
65351,1528,Excitatory_Neuron
65352,1539,Excitatory_Neuron
65353,1531,Excitatory_Neuron
65354,1562,Excitatory_Neuron
65355,1618,Excitatory_Neuron
65356,1571,Excitatory_Neuron
65357,1525,unassigned
65358,1583,Excitatory_Neuron
65359,1614,unassigned
65360,1583,Excitatory_Neuron
65361,1608,Excitatory_Neuron
65362,1583,Excitatory_Neuron
65363,1606,Excitatory_Neuron
65364,1608,Excitatory_Neuron
65365,1608,Excitatory_Neuron
65366,1553,Excitatory_Neuron
65367,1610,unassigned
65368,1610,unassigned
65369,1557,Excitatory_Neuron
65370,1529,Excitatory_Neuron
65371,1594,Astro-Epen
65372,1601,Excitatory_Neuron
65373,1525,unassigned
65374,1601,Excitatory_Neuron
65375,1612,Excitatory_Neuron
65376,1531,Excitatory_Neuron
65377,1618,Excitatory_Neuron
65378,1603,Excitatory_Neuron
65379,1548,Excitatory_Neuron
65380,1608,Excitatory_Neuron
65381,1606,Excitatory_Neuron
65382,1576,Excitatory_Neuron
65383,1551,Excitatory_Neuron
65384,1525,unassigned
65385,1525,unassigned
65386,1610,unassigned
65387,1599,unassigned
65388,1557,Excitatory_Neuron
65389,1599,unassigned
65390,1557,Excitatory_Neuron
65391,1528,Excitatory_Neuron
65392,1539,Excitatory_Neuron
65393,1525,unassigned
65394,1601,Excitatory_Neuron
65395,1562,Excitatory_Neuron
65396,1530,Excitatory_Neuron
65397,1605,Vascular
65398,1530,Excitatory_Neuron
65399,1525,unassigned
65400,1525,unassigned
65401,1612,Excitatory_Neuron
65402,1525,unassigned
65403,1531,Excitatory_Neuron
65404,1575,Excitatory_Neuron
65405,1603,Excitatory_Neuron
65406,1545,Excitatory_Neuron
65407,1615,unassigned
65408,1603,Excitatory_Neuron
65409,1583,Excitatory_Neuron
65410,1548,Excitatory_Neuron
65411,1525,unassigned
65412,1622,unassigned
65413,1564,unassigned
65414,1557,Excitatory_Neuron
65415,1536,Excitatory_Neuron
65416,1562,Excitatory_Neuron
65417,1612,Excitatory_Neuron
65418,1531,Excitatory_Neuron
65419,1612,Excitatory_Neuron
65420,1603,Excitatory_Neuron
65421,1613,Excitatory_Neuron
65422,1606,Excitatory_Neuron
65423,1613,Excitatory_Neuron
65424,1548,Excitatory_Neuron
65425,1608,Excitatory_Neuron
65426,1608,Excitatory_Neuron
65427,1536,Excitatory_Neuron
65428,1526,Excitatory_Neuron
65429,1557,Excitatory_Neuron
65430,1557,Excitatory_Neuron
65431,1566,Excitatory_Neuron
65432,1617,unassigned
65433,1525,unassigned
65434,1594,Astro-Epen
65435,1539,Excitatory_Neuron
65436,1539,Excitatory_Neuron
65437,1601,Excitatory_Neuron
65438,1605,Vascular
65439,1562,Excitatory_Neuron
65440,1612,Excitatory_Neuron
65441,1612,Excitatory_Neuron
65442,1612,Excitatory_Neuron
65443,1531,Excitatory_Neuron
65444,1545,Excitatory_Neuron
65445,1545,Excitatory_Neuron
65446,1603,Excitatory_Neuron
65447,1606,Excitatory_Neuron
65448,1608,Excitatory_Neuron
65449,1534,Excitatory_Neuron
65450,1534,Excitatory_Neuron
65451,1623,unassigned
65452,1610,unassigned
65453,1528,Excitatory_Neuron
65454,1529,Excitatory_Neuron
65455,1525,unassigned
65456,1530,Excitatory_Neuron
65457,1530,Excitatory_Neuron
65458,1530,Excitatory_Neuron
65459,1612,Excitatory_Neuron
65460,1612,Excitatory_Neuron
65461,1603,Excitatory_Neuron
65462,1545,Excitatory_Neuron
65463,1606,Excitatory_Neuron
65464,1534,Excitatory_Neuron
65465,1600,unassigned
65466,1610,unassigned
65467,1599,unassigned
65468,1557,Excitatory_Neuron
65469,1557,Excitatory_Neuron
65470,1617,unassigned
65471,1601,Excitatory_Neuron
65472,1525,unassigned
65473,1605,Vascular
65474,1618,Excitatory_Neuron
65475,1525,unassigned
65476,1583,Excitatory_Neuron
65477,1548,Excitatory_Neuron
65478,1608,Excitatory_Neuron
65479,1551,Excitatory_Neuron
65480,1576,Excitatory_Neuron
65481,1622,unassigned
65482,1526,Excitatory_Neuron
65483,1587,Excitatory_Neuron
65484,1587,Excitatory_Neuron
65485,1528,Excitatory_Neuron
65486,1529,Excitatory_Neuron
65487,1539,Excitatory_Neuron
65488,1605,Vascular
65489,1601,Excitatory_Neuron
65490,1525,unassigned
65491,1571,Excitatory_Neuron
65492,1612,Excitatory_Neuron
65493,1575,Excitatory_Neuron
65494,1571,Excitatory_Neuron
65495,1603,Excitatory_Neuron
65496,1615,unassigned
65497,1583,Excitatory_Neuron
65498,1548,Excitatory_Neuron
65499,1608,Excitatory_Neuron
65500,1613,Excitatory_Neuron
65501,1534,Excitatory_Neuron
65502,1551,Excitatory_Neuron
65503,1534,Excitatory_Neuron
65504,1551,Excitatory_Neuron
65505,1539,Excitatory_Neuron
65506,1539,Excitatory_Neuron
65507,1525,unassigned
65508,1530,Excitatory_Neuron
65509,1525,unassigned
65510,1571,Excitatory_Neuron
65511,1603,Excitatory_Neuron
65512,1618,Excitatory_Neuron
65513,1548,Excitatory_Neuron
65514,1548,Excitatory_Neuron
65515,1548,Excitatory_Neuron
65516,1606,Excitatory_Neuron
65517,1606,Excitatory_Neuron
65518,1613,Excitatory_Neuron
65519,1606,Excitatory_Neuron
65520,1608,Excitatory_Neuron
65521,1525,unassigned
65522,1526,Excitatory_Neuron
65523,1599,unassigned
65524,1537,Excitatory_Neuron
65525,1557,Excitatory_Neuron
65526,1525,unassigned
65527,1617,unassigned
65528,1594,Astro-Epen
65529,1612,Excitatory_Neuron
65530,1612,Excitatory_Neuron
65531,1612,Excitatory_Neuron
65532,1571,Excitatory_Neuron
65533,1545,Excitatory_Neuron
65534,1603,Excitatory_Neuron
65535,1603,Excitatory_Neuron
65536,1551,Excitatory_Neuron
65537,1557,Excitatory_Neuron
65538,1528,Excitatory_Neuron
65539,1528,Excitatory_Neuron
65540,1594,Astro-Epen
65541,1562,Excitatory_Neuron
65542,1531,Excitatory_Neuron
65543,1531,Excitatory_Neuron
65544,1571,Excitatory_Neuron
65545,1548,Excitatory_Neuron
65546,1603,Excitatory_Neuron
65547,1525,unassigned
65548,1606,Excitatory_Neuron
65549,1606,Excitatory_Neuron
65550,1608,Excitatory_Neuron
65551,1624,unassigned
65552,1599,unassigned
65553,1525,unassigned
65554,1601,Excitatory_Neuron
65555,1612,Excitatory_Neuron
65556,1605,Vascular
65557,1612,Excitatory_Neuron
65558,1525,unassigned
65559,1603,Excitatory_Neuron
65560,1548,Excitatory_Neuron
65561,1525,unassigned
65562,1606,Excitatory_Neuron
65563,1606,Excitatory_Neuron
65564,1624,unassigned
65565,1525,unassigned
65566,1599,unassigned
65567,1587,Excitatory_Neuron
65568,1525,unassigned
65569,1539,Excitatory_Neuron
65570,1601,Excitatory_Neuron
65571,1618,Excitatory_Neuron
65572,1612,Excitatory_Neuron
65573,1603,Excitatory_Neuron
65574,1545,Excitatory_Neuron
65575,1548,Excitatory_Neuron
65576,1551,Excitatory_Neuron
65577,1548,Excitatory_Neuron
65578,1606,Excitatory_Neuron
65579,1608,Excitatory_Neuron
65580,1606,Excitatory_Neuron
65581,1600,unassigned
65582,1557,Excitatory_Neuron
65583,1599,unassigned
65584,1557,Excitatory_Neuron
65585,1609,Excitatory_Neuron
65586,1609,Excitatory_Neuron
65587,1566,Excitatory_Neuron
65588,1525,unassigned
65589,1529,Excitatory_Neuron
65590,1605,Vascular
65591,1530,Excitatory_Neuron
65592,1571,Excitatory_Neuron
65593,1531,Excitatory_Neuron
65594,1531,Excitatory_Neuron
65595,1612,Excitatory_Neuron
65596,1531,Excitatory_Neuron
65597,1618,Excitatory_Neuron
65598,1545,Excitatory_Neuron
65599,1571,Excitatory_Neuron
65600,1603,Excitatory_Neuron
65601,1548,Excitatory_Neuron
65602,1548,Excitatory_Neuron
65603,1525,unassigned
65604,1551,Excitatory_Neuron
65605,1525,unassigned
65606,1564,unassigned
65607,1610,unassigned
65608,1557,Excitatory_Neuron
65609,1537,Excitatory_Neuron
65610,1587,Excitatory_Neuron
65611,1539,Excitatory_Neuron
65612,1562,Excitatory_Neuron
65613,1605,Vascular
65614,1525,unassigned
65615,1612,Excitatory_Neuron
65616,1531,Excitatory_Neuron
65617,1525,unassigned
65618,1603,Excitatory_Neuron
65619,1606,Excitatory_Neuron
65620,1606,Excitatory_Neuron
65621,1610,unassigned
65622,1536,Excitatory_Neuron
65623,1601,Excitatory_Neuron
65624,1530,Excitatory_Neuron
65625,1612,Excitatory_Neuron
65626,1571,Excitatory_Neuron
65627,1618,Excitatory_Neuron
65628,1548,Excitatory_Neuron
65629,1614,unassigned
65630,1525,unassigned
65631,1548,Excitatory_Neuron
65632,1551,Excitatory_Neuron
65633,1525,unassigned
65634,1525,unassigned
65635,1566,Excitatory_Neuron
65636,1609,Excitatory_Neuron
65637,1525,unassigned
65638,1530,Excitatory_Neuron
65639,1531,Excitatory_Neuron
65640,1530,Excitatory_Neuron
65641,1571,Excitatory_Neuron
65642,1575,Excitatory_Neuron
65643,1615,unassigned
65644,1603,Excitatory_Neuron
65645,1525,unassigned
65646,1525,unassigned
65647,1548,Excitatory_Neuron
65648,1608,Excitatory_Neuron
65649,1608,Excitatory_Neuron
65650,1536,Excitatory_Neuron
65651,1536,Excitatory_Neuron
65652,1557,Excitatory_Neuron
65653,1566,Excitatory_Neuron
65654,1525,unassigned
65655,1525,unassigned
65656,1530,Excitatory_Neuron
65657,1530,Excitatory_Neuron
65658,1601,Excitatory_Neuron
65659,1605,Vascular
65660,1605,Vascular
65661,1525,unassigned
65662,1618,Excitatory_Neuron
65663,1548,Excitatory_Neuron
65664,1603,Excitatory_Neuron
65665,1548,Excitatory_Neuron
65666,1606,Excitatory_Neuron
65667,1606,Excitatory_Neuron
65668,1606,Excitatory_Neuron
65669,1564,unassigned
65670,1525,unassigned
65671,1625,unassigned
65672,1537,Excitatory_Neuron
65673,1610,unassigned
65674,1566,Excitatory_Neuron
65675,1539,Excitatory_Neuron
65676,1539,Excitatory_Neuron
65677,1530,Excitatory_Neuron
65678,1525,unassigned
65679,1612,Excitatory_Neuron
65680,1571,Excitatory_Neuron
65681,1603,Excitatory_Neuron
65682,1603,Excitatory_Neuron
65683,1618,Excitatory_Neuron
65684,1603,Excitatory_Neuron
65685,1603,Excitatory_Neuron
65686,1525,unassigned
65687,1548,Excitatory_Neuron
65688,1613,Excitatory_Neuron
65689,1551,Excitatory_Neuron
65690,1622,unassigned
65691,1557,Excitatory_Neuron
65692,1528,Excitatory_Neuron
65693,1525,unassigned
65694,1528,Excitatory_Neuron
65695,1525,unassigned
65696,1539,Excitatory_Neuron
65697,1525,unassigned
65698,1603,Excitatory_Neuron
65699,1606,Excitatory_Neuron
65700,1576,Excitatory_Neuron
65701,1551,Excitatory_Neuron
65702,1557,Excitatory_Neuron
65703,1599,unassigned
65704,1594,Astro-Epen
65705,1525,unassigned
65706,1594,Astro-Epen
65707,1601,Excitatory_Neuron
65708,1612,Excitatory_Neuron
65709,1525,unassigned
65710,1612,Excitatory_Neuron
65711,1571,Excitatory_Neuron
65712,1621,unassigned
65713,1548,Excitatory_Neuron
65714,1606,Excitatory_Neuron
65715,1548,Excitatory_Neuron
65716,1526,Excitatory_Neuron
65717,1525,unassigned
65718,1528,Excitatory_Neuron
65719,1539,Excitatory_Neuron
65720,1529,Excitatory_Neuron
65721,1562,Excitatory_Neuron
65722,1612,Excitatory_Neuron
65723,1531,Excitatory_Neuron
65724,1525,unassigned
65725,1531,Excitatory_Neuron
65726,1531,Excitatory_Neuron
65727,1612,Excitatory_Neuron
65728,1603,Excitatory_Neuron
65729,1603,Excitatory_Neuron
65730,1548,Excitatory_Neuron
65731,1606,Excitatory_Neuron
65732,1606,Excitatory_Neuron
65733,1606,Excitatory_Neuron
65734,1608,Excitatory_Neuron
65735,1525,unassigned
65736,1525,unassigned
65737,1534,Excitatory_Neuron
65738,1557,Excitatory_Neuron
65739,1536,Excitatory_Neuron
65740,1536,Excitatory_Neuron
65741,1525,unassigned
65742,1528,Excitatory_Neuron
65743,1594,Astro-Epen
65744,1529,Excitatory_Neuron
65745,1601,Excitatory_Neuron
65746,1601,Excitatory_Neuron
65747,1620,unassigned
65748,1601,Excitatory_Neuron
65749,1530,Excitatory_Neuron
65750,1525,unassigned
65751,1525,unassigned
65752,1548,Excitatory_Neuron
65753,1525,unassigned
65754,1603,Excitatory_Neuron
65755,1614,unassigned
65756,1548,Excitatory_Neuron
65757,1606,Excitatory_Neuron
65758,1534,Excitatory_Neuron
65759,1535,Excitatory_Neuron
65760,1535,Excitatory_Neuron
65761,1610,unassigned
65762,1537,Excitatory_Neuron
65763,1566,Excitatory_Neuron
65764,1529,Excitatory_Neuron
65765,1539,Excitatory_Neuron
65766,1562,Excitatory_Neuron
65767,1605,Vascular
65768,1612,Excitatory_Neuron
65769,1612,Excitatory_Neuron
65770,1525,unassigned
65771,1571,Excitatory_Neuron
65772,1531,Excitatory_Neuron
65773,1571,Excitatory_Neuron
65774,1603,Excitatory_Neuron
65775,1618,Excitatory_Neuron
65776,1603,Excitatory_Neuron
65777,1548,Excitatory_Neuron
65778,1548,Excitatory_Neuron
65779,1548,Excitatory_Neuron
65780,1606,Excitatory_Neuron
65781,1606,Excitatory_Neuron
65782,1551,Excitatory_Neuron
65783,1551,Excitatory_Neuron
65784,1525,unassigned
65785,1525,unassigned
65786,1534,Excitatory_Neuron
65787,1536,Excitatory_Neuron
65788,1526,Excitatory_Neuron
65789,1599,unassigned
65790,1525,unassigned
65791,1528,Excitatory_Neuron
65792,1525,unassigned
65793,1594,Astro-Epen
65794,1594,Astro-Epen
65795,1562,Excitatory_Neuron
65796,1530,Excitatory_Neuron
65797,1530,Excitatory_Neuron
65798,1612,Excitatory_Neuron
65799,1531,Excitatory_Neuron
65800,1603,Excitatory_Neuron
65801,1603,Excitatory_Neuron
65802,1603,Excitatory_Neuron
65803,1545,Excitatory_Neuron
65804,1613,Excitatory_Neuron
65805,1551,Excitatory_Neuron
65806,1551,Excitatory_Neuron
65807,1551,Excitatory_Neuron
65808,1595,unassigned
65809,1525,unassigned
65810,1587,Excitatory_Neuron
65811,1566,Excitatory_Neuron
65812,1525,unassigned
65813,1566,Excitatory_Neuron
65814,1528,Excitatory_Neuron
65815,1609,Excitatory_Neuron
65816,1529,Excitatory_Neuron
65817,1562,Excitatory_Neuron
65818,1562,Excitatory_Neuron
65819,1562,Excitatory_Neuron
65820,1531,Excitatory_Neuron
65821,1525,unassigned
65822,1525,unassigned
65823,1618,Excitatory_Neuron
65824,1548,Excitatory_Neuron
65825,1614,unassigned
65826,1525,unassigned
65827,1548,Excitatory_Neuron
65828,1606,Excitatory_Neuron
65829,1584,unassigned
65830,1526,Excitatory_Neuron
65831,1599,unassigned
65832,1537,Excitatory_Neuron
65833,1609,Excitatory_Neuron
65834,1529,Excitatory_Neuron
65835,1525,unassigned
65836,1539,Excitatory_Neuron
65837,1525,unassigned
65838,1529,Excitatory_Neuron
65839,1530,Excitatory_Neuron
65840,1562,Excitatory_Neuron
65841,1601,Excitatory_Neuron
65842,1525,unassigned
65843,1620,unassigned
65844,1531,Excitatory_Neuron
65845,1531,Excitatory_Neuron
65846,1531,Excitatory_Neuron
65847,1571,Excitatory_Neuron
65848,1545,Excitatory_Neuron
65849,1525,unassigned
65850,1603,Excitatory_Neuron
65851,1613,Excitatory_Neuron
65852,1606,Excitatory_Neuron
65853,1613,Excitatory_Neuron
65854,1613,Excitatory_Neuron
65855,1534,Excitatory_Neuron
65856,1536,Excitatory_Neuron
65857,1526,Excitatory_Neuron
65858,1536,Excitatory_Neuron
65859,1599,unassigned
65860,1566,Excitatory_Neuron
65861,1528,Excitatory_Neuron
65862,1528,Excitatory_Neuron
65863,1562,Excitatory_Neuron
65864,1525,unassigned
65865,1525,unassigned
65866,1562,Excitatory_Neuron
65867,1525,unassigned
65868,1571,Excitatory_Neuron
65869,1603,Excitatory_Neuron
65870,1553,Excitatory_Neuron
65871,1584,unassigned
65872,1557,Excitatory_Neuron
65873,1525,unassigned
65874,1528,Excitatory_Neuron
65875,1539,Excitatory_Neuron
65876,1539,Excitatory_Neuron
65877,1525,unassigned
65878,1605,Vascular
65879,1531,Excitatory_Neuron
65880,1531,Excitatory_Neuron
65881,1618,Excitatory_Neuron
65882,1548,Excitatory_Neuron
65883,1548,Excitatory_Neuron
65884,1603,Excitatory_Neuron
65885,1525,unassigned
65886,1525,unassigned
65887,1525,unassigned
65888,1606,Excitatory_Neuron
65889,1614,unassigned
65890,1599,unassigned
65891,1594,Astro-Epen
65892,1539,Excitatory_Neuron
65893,1601,Excitatory_Neuron
65894,1601,Excitatory_Neuron
65895,1530,Excitatory_Neuron
65896,1562,Excitatory_Neuron
65897,1530,Excitatory_Neuron
65898,1531,Excitatory_Neuron
65899,1531,Excitatory_Neuron
65900,1618,Excitatory_Neuron
65901,1603,Excitatory_Neuron
65902,1613,Excitatory_Neuron
65903,1606,Excitatory_Neuron
65904,1613,Excitatory_Neuron
65905,1613,Excitatory_Neuron
65906,1525,unassigned
65907,1623,unassigned
65908,1535,Excitatory_Neuron
65909,1609,Excitatory_Neuron
65910,1566,Excitatory_Neuron
65911,1528,Excitatory_Neuron
65912,1617,unassigned
65913,1528,Excitatory_Neuron
65914,1562,Excitatory_Neuron
65915,1601,Excitatory_Neuron
65916,1562,Excitatory_Neuron
65917,1612,Excitatory_Neuron
65918,1525,unassigned
65919,1531,Excitatory_Neuron
65920,1571,Excitatory_Neuron
65921,1571,Excitatory_Neuron
65922,1531,Excitatory_Neuron
65923,1621,unassigned
65924,1548,Excitatory_Neuron
65925,1545,Excitatory_Neuron
65926,1608,Excitatory_Neuron
65927,1614,unassigned
65928,1576,Excitatory_Neuron
65929,1613,Excitatory_Neuron
65930,1525,unassigned
65931,1557,Excitatory_Neuron
65932,1537,Excitatory_Neuron
65933,1525,unassigned
65934,1531,Excitatory_Neuron
65935,1594,Astro-Epen
65936,1601,Excitatory_Neuron
65937,1562,Excitatory_Neuron
65938,1530,Excitatory_Neuron
65939,1531,Excitatory_Neuron
65940,1571,Excitatory_Neuron
65941,1548,Excitatory_Neuron
65942,1603,Excitatory_Neuron
65943,1545,Excitatory_Neuron
65944,1548,Excitatory_Neuron
65945,1603,Excitatory_Neuron
65946,1615,unassigned
65947,1603,Excitatory_Neuron
65948,1548,Excitatory_Neuron
65949,1525,unassigned
65950,1551,Excitatory_Neuron
65951,1551,Excitatory_Neuron
65952,1525,unassigned
65953,1528,Excitatory_Neuron
65954,1528,Excitatory_Neuron
65955,1594,Astro-Epen
65956,1525,unassigned
65957,1531,Excitatory_Neuron
65958,1531,Excitatory_Neuron
65959,1601,Excitatory_Neuron
65960,1562,Excitatory_Neuron
65961,1612,Excitatory_Neuron
65962,1612,Excitatory_Neuron
65963,1571,Excitatory_Neuron
65964,1545,Excitatory_Neuron
65965,1545,Excitatory_Neuron
65966,1615,unassigned
65967,1613,Excitatory_Neuron
65968,1525,unassigned
65969,1536,Excitatory_Neuron
65970,1525,unassigned
65971,1601,Excitatory_Neuron
65972,1605,Vascular
65973,1531,Excitatory_Neuron
65974,1531,Excitatory_Neuron
65975,1571,Excitatory_Neuron
65976,1603,Excitatory_Neuron
65977,1545,Excitatory_Neuron
65978,1603,Excitatory_Neuron
65979,1615,unassigned
65980,1603,Excitatory_Neuron
65981,1545,Excitatory_Neuron
65982,1551,Excitatory_Neuron
65983,1525,unassigned
65984,1534,Excitatory_Neuron
65985,1609,Excitatory_Neuron
65986,1601,Excitatory_Neuron
65987,1531,Excitatory_Neuron
65988,1530,Excitatory_Neuron
65989,1571,Excitatory_Neuron
65990,1618,Excitatory_Neuron
65991,1525,unassigned
65992,1614,unassigned
65993,1614,unassigned
65994,1613,Excitatory_Neuron
65995,1548,Excitatory_Neuron
65996,1534,Excitatory_Neuron
65997,1534,Excitatory_Neuron
65998,1551,Excitatory_Neuron
65999,1534,Excitatory_Neuron
66000,1610,unassigned
66001,1557,Excitatory_Neuron
66002,1528,Excitatory_Neuron
66003,1525,unassigned
66004,1530,Excitatory_Neuron
66005,1530,Excitatory_Neuron
66006,1525,unassigned
66007,1605,Vascular
66008,1612,Excitatory_Neuron
66009,1531,Excitatory_Neuron
66010,1603,Excitatory_Neuron
66011,1618,Excitatory_Neuron
66012,1545,Excitatory_Neuron
66013,1545,Excitatory_Neuron
66014,1548,Excitatory_Neuron
66015,1614,unassigned
66016,1613,Excitatory_Neuron
66017,1606,Excitatory_Neuron
66018,1551,Excitatory_Neuron
66019,1525,unassigned
66020,1536,Excitatory_Neuron
66021,1610,unassigned
66022,1525,unassigned
66023,1617,unassigned
66024,1609,Excitatory_Neuron
66025,1601,Excitatory_Neuron
66026,1571,Excitatory_Neuron
66027,1548,Excitatory_Neuron
66028,1548,Excitatory_Neuron
66029,1548,Excitatory_Neuron
66030,1603,Excitatory_Neuron
66031,1603,Excitatory_Neuron
66032,1525,unassigned
66033,1614,unassigned
66034,1525,unassigned
66035,1608,Excitatory_Neuron
66036,1613,Excitatory_Neuron
66037,1551,Excitatory_Neuron
66038,1622,unassigned
66039,1525,unassigned
66040,1526,Excitatory_Neuron
66041,1566,Excitatory_Neuron
66042,1566,Excitatory_Neuron
66043,1528,Excitatory_Neuron
66044,1539,Excitatory_Neuron
66045,1601,Excitatory_Neuron
66046,1562,Excitatory_Neuron
66047,1525,unassigned
66048,1531,Excitatory_Neuron
66049,1601,Excitatory_Neuron
66050,1530,Excitatory_Neuron
66051,1531,Excitatory_Neuron
66052,1612,Excitatory_Neuron
66053,1571,Excitatory_Neuron
66054,1612,Excitatory_Neuron
66055,1545,Excitatory_Neuron
66056,1606,Excitatory_Neuron
66057,1613,Excitatory_Neuron
66058,1551,Excitatory_Neuron
66059,1584,unassigned
66060,1525,unassigned
66061,1587,Excitatory_Neuron
66062,1587,Excitatory_Neuron
66063,1525,unassigned
66064,1528,Excitatory_Neuron
66065,1601,Excitatory_Neuron
66066,1601,Excitatory_Neuron
66067,1562,Excitatory_Neuron
66068,1618,Excitatory_Neuron
66069,1626,unassigned
66070,1548,Excitatory_Neuron
66071,1551,Excitatory_Neuron
66072,1557,Excitatory_Neuron
66073,1525,unassigned
66074,1601,Excitatory_Neuron
66075,1562,Excitatory_Neuron
66076,1531,Excitatory_Neuron
66077,1531,Excitatory_Neuron
66078,1571,Excitatory_Neuron
66079,1545,Excitatory_Neuron
66080,1618,Excitatory_Neuron
66081,1615,unassigned
66082,1614,unassigned
66083,1606,Excitatory_Neuron
66084,1551,Excitatory_Neuron
66085,1534,Excitatory_Neuron
66086,1551,Excitatory_Neuron
66087,1564,unassigned
66088,1535,Excitatory_Neuron
66089,1526,Excitatory_Neuron
66090,1526,Excitatory_Neuron
66091,1609,Excitatory_Neuron
66092,1562,Excitatory_Neuron
66093,1530,Excitatory_Neuron
66094,1525,unassigned
66095,1525,unassigned
66096,1531,Excitatory_Neuron
66097,1545,Excitatory_Neuron
66098,1548,Excitatory_Neuron
66099,1603,Excitatory_Neuron
66100,1615,unassigned
66101,1615,unassigned
66102,1545,Excitatory_Neuron
66103,1614,unassigned
66104,1548,Excitatory_Neuron
66105,1606,Excitatory_Neuron
66106,1613,Excitatory_Neuron
66107,1534,Excitatory_Neuron
66108,1551,Excitatory_Neuron
66109,1551,Excitatory_Neuron
66110,1525,unassigned
66111,1557,Excitatory_Neuron
66112,1525,unassigned
66113,1530,Excitatory_Neuron
66114,1530,Excitatory_Neuron
66115,1525,unassigned
66116,1605,Vascular
66117,1525,unassigned
66118,1530,Excitatory_Neuron
66119,1525,unassigned
66120,1571,Excitatory_Neuron
66121,1525,unassigned
66122,1525,unassigned
66123,1612,Excitatory_Neuron
66124,1618,Excitatory_Neuron
66125,1525,unassigned
66126,1548,Excitatory_Neuron
66127,1614,unassigned
66128,1608,Excitatory_Neuron
66129,1613,Excitatory_Neuron
66130,1534,Excitatory_Neuron
66131,1551,Excitatory_Neuron
66132,1622,unassigned
66133,1584,unassigned
66134,1528,Excitatory_Neuron
66135,1566,Excitatory_Neuron
66136,1528,Excitatory_Neuron
66137,1528,Excitatory_Neuron
66138,1609,Excitatory_Neuron
66139,1525,unassigned
66140,1594,Astro-Epen
66141,1525,unassigned
66142,1601,Excitatory_Neuron
66143,1530,Excitatory_Neuron
66144,1530,Excitatory_Neuron
66145,1525,unassigned
66146,1571,Excitatory_Neuron
66147,1612,Excitatory_Neuron
66148,1618,Excitatory_Neuron
66149,1614,unassigned
66150,1548,Excitatory_Neuron
66151,1548,Excitatory_Neuron
66152,1551,Excitatory_Neuron
66153,1551,Excitatory_Neuron
66154,1525,unassigned
66155,1525,unassigned
66156,1535,Excitatory_Neuron
66157,1557,Excitatory_Neuron
66158,1610,unassigned
66159,1537,Excitatory_Neuron
66160,1566,Excitatory_Neuron
66161,1609,Excitatory_Neuron
66162,1528,Excitatory_Neuron
66163,1528,Excitatory_Neuron
66164,1594,Astro-Epen
66165,1530,Excitatory_Neuron
66166,1562,Excitatory_Neuron
66167,1530,Excitatory_Neuron
66168,1562,Excitatory_Neuron
66169,1562,Excitatory_Neuron
66170,1525,unassigned
66171,1525,unassigned
66172,1571,Excitatory_Neuron
66173,1571,Excitatory_Neuron
66174,1615,unassigned
66175,1548,Excitatory_Neuron
66176,1606,Excitatory_Neuron
66177,1614,unassigned
66178,1576,Excitatory_Neuron
66179,1551,Excitatory_Neuron
66180,1525,unassigned
66181,1525,unassigned
66182,1529,Excitatory_Neuron
66183,1539,Excitatory_Neuron
66184,1539,Excitatory_Neuron
66185,1530,Excitatory_Neuron
66186,1601,Excitatory_Neuron
66187,1530,Excitatory_Neuron
66188,1601,Excitatory_Neuron
66189,1525,unassigned
66190,1601,Excitatory_Neuron
66191,1530,Excitatory_Neuron
66192,1530,Excitatory_Neuron
66193,1618,Excitatory_Neuron
66194,1545,Excitatory_Neuron
66195,1548,Excitatory_Neuron
66196,1534,Excitatory_Neuron
66197,1525,unassigned
66198,1609,Excitatory_Neuron
66199,1539,Excitatory_Neuron
66200,1529,Excitatory_Neuron
66201,1594,Astro-Epen
66202,1562,Excitatory_Neuron
66203,1525,unassigned
66204,1531,Excitatory_Neuron
66205,1618,Excitatory_Neuron
66206,1545,Excitatory_Neuron
66207,1551,Excitatory_Neuron
66208,1564,unassigned
66209,1627,unassigned
66210,1610,unassigned
66211,1587,Excitatory_Neuron
66212,1525,unassigned
66213,1530,Excitatory_Neuron
66214,1525,unassigned
66215,1530,Excitatory_Neuron
66216,1530,Excitatory_Neuron
66217,1605,Vascular
66218,1531,Excitatory_Neuron
66219,1571,Excitatory_Neuron
66220,1548,Excitatory_Neuron
66221,1525,unassigned
66222,1613,Excitatory_Neuron
66223,1548,Excitatory_Neuron
66224,1551,Excitatory_Neuron
66225,1564,unassigned
66226,1584,unassigned
66227,1535,Excitatory_Neuron
66228,1557,Excitatory_Neuron
66229,1525,unassigned
66230,1528,Excitatory_Neuron
66231,1620,unassigned
66232,1531,Excitatory_Neuron
66233,1525,unassigned
66234,1525,unassigned
66235,1531,Excitatory_Neuron
66236,1545,Excitatory_Neuron
66237,1545,Excitatory_Neuron
66238,1525,unassigned
66239,1525,unassigned
66240,1603,Excitatory_Neuron
66241,1548,Excitatory_Neuron
66242,1603,Excitatory_Neuron
66243,1548,Excitatory_Neuron
66244,1613,Excitatory_Neuron
66245,1525,unassigned
66246,1525,unassigned
66247,1551,Excitatory_Neuron
66248,1610,unassigned
66249,1537,Excitatory_Neuron
66250,1537,Excitatory_Neuron
66251,1609,Excitatory_Neuron
66252,1594,Astro-Epen
66253,1530,Excitatory_Neuron
66254,1562,Excitatory_Neuron
66255,1530,Excitatory_Neuron
66256,1525,unassigned
66257,1603,Excitatory_Neuron
66258,1525,unassigned
66259,1614,unassigned
66260,1576,Excitatory_Neuron
66261,1551,Excitatory_Neuron
66262,1557,Excitatory_Neuron
66263,1557,Excitatory_Neuron
66264,1528,Excitatory_Neuron
66265,1528,Excitatory_Neuron
66266,1566,Excitatory_Neuron
66267,1525,unassigned
66268,1528,Excitatory_Neuron
66269,1528,Excitatory_Neuron
66270,1539,Excitatory_Neuron
66271,1539,Excitatory_Neuron
66272,1601,Excitatory_Neuron
66273,1601,Excitatory_Neuron
66274,1530,Excitatory_Neuron
66275,1601,Excitatory_Neuron
66276,1530,Excitatory_Neuron
66277,1612,Excitatory_Neuron
66278,1618,Excitatory_Neuron
66279,1626,unassigned
66280,1545,Excitatory_Neuron
66281,1548,Excitatory_Neuron
66282,1551,Excitatory_Neuron
66283,1551,Excitatory_Neuron
66284,1551,Excitatory_Neuron
66285,1534,Excitatory_Neuron
66286,1525,unassigned
66287,1557,Excitatory_Neuron
66288,1557,Excitatory_Neuron
66289,1557,Excitatory_Neuron
66290,1528,Excitatory_Neuron
66291,1528,Excitatory_Neuron
66292,1609,Excitatory_Neuron
66293,1539,Excitatory_Neuron
66294,1529,Excitatory_Neuron
66295,1525,unassigned
66296,1562,Excitatory_Neuron
66297,1531,Excitatory_Neuron
66298,1571,Excitatory_Neuron
66299,1618,Excitatory_Neuron
66300,1525,unassigned
66301,1618,Excitatory_Neuron
66302,1615,unassigned
66303,1614,unassigned
66304,1606,Excitatory_Neuron
66305,1551,Excitatory_Neuron
66306,1535,Excitatory_Neuron
66307,1557,Excitatory_Neuron
66308,1528,Excitatory_Neuron
66309,1617,unassigned
66310,1529,Excitatory_Neuron
66311,1612,Excitatory_Neuron
66312,1612,Excitatory_Neuron
66313,1612,Excitatory_Neuron
66314,1612,Excitatory_Neuron
66315,1612,Excitatory_Neuron
66316,1531,Excitatory_Neuron
66317,1615,unassigned
66318,1613,Excitatory_Neuron
66319,1551,Excitatory_Neuron
66320,1551,Excitatory_Neuron
66321,1551,Excitatory_Neuron
66322,1551,Excitatory_Neuron
66323,1551,Excitatory_Neuron
66324,1525,unassigned
66325,1528,Excitatory_Neuron
66326,1609,Excitatory_Neuron
66327,1609,Excitatory_Neuron
66328,1539,Excitatory_Neuron
66329,1529,Excitatory_Neuron
66330,1562,Excitatory_Neuron
66331,1525,unassigned
66332,1601,Excitatory_Neuron
66333,1601,Excitatory_Neuron
66334,1525,unassigned
66335,1571,Excitatory_Neuron
66336,1571,Excitatory_Neuron
66337,1525,unassigned
66338,1525,unassigned
66339,1545,Excitatory_Neuron
66340,1606,Excitatory_Neuron
66341,1525,unassigned
66342,1551,Excitatory_Neuron
66343,1551,Excitatory_Neuron
66344,1551,Excitatory_Neuron
66345,1525,unassigned
66346,1525,unassigned
66347,1617,unassigned
66348,1609,Excitatory_Neuron
66349,1628,unassigned
66350,1530,Excitatory_Neuron
66351,1601,Excitatory_Neuron
66352,1530,Excitatory_Neuron
66353,1562,Excitatory_Neuron
66354,1562,Excitatory_Neuron
66355,1525,unassigned
66356,1545,Excitatory_Neuron
66357,1548,Excitatory_Neuron
66358,1548,Excitatory_Neuron
66359,1608,Excitatory_Neuron
66360,1557,Excitatory_Neuron
66361,1557,Excitatory_Neuron
66362,1537,Excitatory_Neuron
66363,1566,Excitatory_Neuron
66364,1594,Astro-Epen
66365,1562,Excitatory_Neuron
66366,1601,Excitatory_Neuron
66367,1601,Excitatory_Neuron
66368,1605,Vascular
66369,1562,Excitatory_Neuron
66370,1612,Excitatory_Neuron
66371,1531,Excitatory_Neuron
66372,1525,unassigned
66373,1548,Excitatory_Neuron
66374,1629,unassigned
66375,1537,Excitatory_Neuron
66376,1609,Excitatory_Neuron
66377,1609,Excitatory_Neuron
66378,1609,Excitatory_Neuron
66379,1529,Excitatory_Neuron
66380,1562,Excitatory_Neuron
66381,1562,Excitatory_Neuron
66382,1612,Excitatory_Neuron
66383,1612,Excitatory_Neuron
66384,1531,Excitatory_Neuron
66385,1615,unassigned
66386,1614,unassigned
66387,1525,unassigned
66388,1551,Excitatory_Neuron
66389,1525,unassigned
66390,1525,unassigned
66391,1551,Excitatory_Neuron
66392,1584,unassigned
66393,1525,unassigned
66394,1566,Excitatory_Neuron
66395,1566,Excitatory_Neuron
66396,1525,unassigned
66397,1562,Excitatory_Neuron
66398,1525,unassigned
66399,1531,Excitatory_Neuron
66400,1562,Excitatory_Neuron
66401,1571,Excitatory_Neuron
66402,1612,Excitatory_Neuron
66403,1525,unassigned
66404,1618,Excitatory_Neuron
66405,1618,Excitatory_Neuron
66406,1615,unassigned
66407,1548,Excitatory_Neuron
66408,1615,unassigned
66409,1614,unassigned
66410,1606,Excitatory_Neuron
66411,1551,Excitatory_Neuron
66412,1525,unassigned
66413,1551,Excitatory_Neuron
66414,1564,unassigned
66415,1610,unassigned
66416,1610,unassigned
66417,1587,Excitatory_Neuron
66418,1525,unassigned
66419,1628,unassigned
66420,1566,Excitatory_Neuron
66421,1528,Excitatory_Neuron
66422,1525,unassigned
66423,1525,unassigned
66424,1530,Excitatory_Neuron
66425,1601,Excitatory_Neuron
66426,1530,Excitatory_Neuron
66427,1612,Excitatory_Neuron
66428,1531,Excitatory_Neuron
66429,1618,Excitatory_Neuron
66430,1618,Excitatory_Neuron
66431,1618,Excitatory_Neuron
66432,1548,Excitatory_Neuron
66433,1548,Excitatory_Neuron
66434,1614,unassigned
66435,1613,Excitatory_Neuron
66436,1525,unassigned
66437,1608,Excitatory_Neuron
66438,1606,Excitatory_Neuron
66439,1551,Excitatory_Neuron
66440,1551,Excitatory_Neuron
66441,1525,unassigned
66442,1557,Excitatory_Neuron
66443,1557,Excitatory_Neuron
66444,1537,Excitatory_Neuron
66445,1537,Excitatory_Neuron
66446,1528,Excitatory_Neuron
66447,1609,Excitatory_Neuron
66448,1528,Excitatory_Neuron
66449,1525,unassigned
66450,1530,Excitatory_Neuron
66451,1562,Excitatory_Neuron
66452,1525,unassigned
66453,1525,unassigned
66454,1618,Excitatory_Neuron
66455,1548,Excitatory_Neuron
66456,1545,Excitatory_Neuron
66457,1614,unassigned
66458,1614,unassigned
66459,1606,Excitatory_Neuron
66460,1551,Excitatory_Neuron
66461,1525,unassigned
66462,1551,Excitatory_Neuron
66463,1551,Excitatory_Neuron
66464,1557,Excitatory_Neuron
66465,1537,Excitatory_Neuron
66466,1528,Excitatory_Neuron
66467,1609,Excitatory_Neuron
66468,1609,Excitatory_Neuron
66469,1601,Excitatory_Neuron
66470,1601,Excitatory_Neuron
66471,1530,Excitatory_Neuron
66472,1562,Excitatory_Neuron
66473,1562,Excitatory_Neuron
66474,1612,Excitatory_Neuron
66475,1603,Excitatory_Neuron
66476,1525,unassigned
66477,1548,Excitatory_Neuron
66478,1545,Excitatory_Neuron
66479,1545,Excitatory_Neuron
66480,1525,unassigned
66481,1614,unassigned
66482,1606,Excitatory_Neuron
66483,1551,Excitatory_Neuron
66484,1557,Excitatory_Neuron
66485,1557,Excitatory_Neuron
66486,1537,Excitatory_Neuron
66487,1525,unassigned
66488,1528,Excitatory_Neuron
66489,1530,Excitatory_Neuron
66490,1562,Excitatory_Neuron
66491,1525,unassigned
66492,1571,Excitatory_Neuron
66493,1612,Excitatory_Neuron
66494,1618,Excitatory_Neuron
66495,1603,Excitatory_Neuron
66496,1548,Excitatory_Neuron
66497,1583,Excitatory_Neuron
66498,1548,Excitatory_Neuron
66499,1613,Excitatory_Neuron
66500,1548,Excitatory_Neuron
66501,1608,Excitatory_Neuron
66502,1613,Excitatory_Neuron
66503,1551,Excitatory_Neuron
66504,1613,Excitatory_Neuron
66505,1551,Excitatory_Neuron
66506,1525,unassigned
66507,1584,unassigned
66508,1599,unassigned
66509,1537,Excitatory_Neuron
66510,1628,unassigned
66511,1628,unassigned
66512,1528,Excitatory_Neuron
66513,1529,Excitatory_Neuron
66514,1562,Excitatory_Neuron
66515,1529,Excitatory_Neuron
66516,1562,Excitatory_Neuron
66517,1601,Excitatory_Neuron
66518,1562,Excitatory_Neuron
66519,1612,Excitatory_Neuron
66520,1612,Excitatory_Neuron
66521,1571,Excitatory_Neuron
66522,1571,Excitatory_Neuron
66523,1618,Excitatory_Neuron
66524,1615,unassigned
66525,1551,Excitatory_Neuron
66526,1525,unassigned
66527,1557,Excitatory_Neuron
66528,1537,Excitatory_Neuron
66529,1530,Excitatory_Neuron
66530,1612,Excitatory_Neuron
66531,1525,unassigned
66532,1530,Excitatory_Neuron
66533,1525,unassigned
66534,1618,Excitatory_Neuron
66535,1525,unassigned
66536,1548,Excitatory_Neuron
66537,1525,unassigned
66538,1525,unassigned
66539,1564,unassigned
66540,1525,unassigned
66541,1536,Excitatory_Neuron
66542,1525,unassigned
66543,1557,Excitatory_Neuron
66544,1528,Excitatory_Neuron
66545,1562,Excitatory_Neuron
66546,1530,Excitatory_Neuron
66547,1612,Excitatory_Neuron
66548,1525,unassigned
66549,1571,Excitatory_Neuron
66550,1615,unassigned
66551,1525,unassigned
66552,1606,Excitatory_Neuron
66553,1583,Excitatory_Neuron
66554,1525,unassigned
66555,1525,unassigned
66556,1535,Excitatory_Neuron
66557,1526,Excitatory_Neuron
66558,1528,Excitatory_Neuron
66559,1566,Excitatory_Neuron
66560,1609,Excitatory_Neuron
66561,1594,Astro-Epen
66562,1594,Astro-Epen
66563,1530,Excitatory_Neuron
66564,1562,Excitatory_Neuron
66565,1530,Excitatory_Neuron
66566,1525,unassigned
66567,1531,Excitatory_Neuron
66568,1626,unassigned
66569,1614,unassigned
66570,1614,unassigned
66571,1614,unassigned
66572,1606,Excitatory_Neuron
66573,1613,Excitatory_Neuron
66574,1551,Excitatory_Neuron
66575,1525,unassigned
66576,1528,Excitatory_Neuron
66577,1594,Astro-Epen
66578,1525,unassigned
66579,1594,Astro-Epen
66580,1620,unassigned
66581,1612,Excitatory_Neuron
66582,1612,Excitatory_Neuron
66583,1525,unassigned
66584,1525,unassigned
66585,1548,Excitatory_Neuron
66586,1545,Excitatory_Neuron
66587,1525,unassigned
66588,1548,Excitatory_Neuron
66589,1603,Excitatory_Neuron
66590,1548,Excitatory_Neuron
66591,1548,Excitatory_Neuron
66592,1606,Excitatory_Neuron
66593,1613,Excitatory_Neuron
66594,1613,Excitatory_Neuron
66595,1608,Excitatory_Neuron
66596,1613,Excitatory_Neuron
66597,1551,Excitatory_Neuron
66598,1564,unassigned
66599,1525,unassigned
66600,1628,unassigned
66601,1566,Excitatory_Neuron
66602,1525,unassigned
66603,1539,Excitatory_Neuron
66604,1525,unassigned
66605,1530,Excitatory_Neuron
66606,1562,Excitatory_Neuron
66607,1601,Excitatory_Neuron
66608,1571,Excitatory_Neuron
66609,1531,Excitatory_Neuron
66610,1525,unassigned
66611,1525,unassigned
66612,1525,unassigned
66613,1548,Excitatory_Neuron
66614,1525,unassigned
66615,1615,unassigned
66616,1548,Excitatory_Neuron
66617,1551,Excitatory_Neuron
66618,1551,Excitatory_Neuron
66619,1525,unassigned
66620,1566,Excitatory_Neuron
66621,1530,Excitatory_Neuron
66622,1594,Astro-Epen
66623,1530,Excitatory_Neuron
66624,1605,Vascular
66625,1571,Excitatory_Neuron
66626,1571,Excitatory_Neuron
66627,1531,Excitatory_Neuron
66628,1525,unassigned
66629,1612,Excitatory_Neuron
66630,1612,Excitatory_Neuron
66631,1603,Excitatory_Neuron
66632,1603,Excitatory_Neuron
66633,1548,Excitatory_Neuron
66634,1534,Excitatory_Neuron
66635,1551,Excitatory_Neuron
66636,1557,Excitatory_Neuron
66637,1528,Excitatory_Neuron
66638,1566,Excitatory_Neuron
66639,1525,unassigned
66640,1528,Excitatory_Neuron
66641,1601,Excitatory_Neuron
66642,1601,Excitatory_Neuron
66643,1601,Excitatory_Neuron
66644,1620,unassigned
66645,1530,Excitatory_Neuron
66646,1530,Excitatory_Neuron
66647,1530,Excitatory_Neuron
66648,1525,unassigned
66649,1618,Excitatory_Neuron
66650,1548,Excitatory_Neuron
66651,1545,Excitatory_Neuron
66652,1525,unassigned
66653,1525,unassigned
66654,1613,Excitatory_Neuron
66655,1613,Excitatory_Neuron
66656,1525,unassigned
66657,1551,Excitatory_Neuron
66658,1525,unassigned
66659,1551,Excitatory_Neuron
66660,1551,Excitatory_Neuron
66661,1525,unassigned
66662,1601,Excitatory_Neuron
66663,1530,Excitatory_Neuron
66664,1530,Excitatory_Neuron
66665,1612,Excitatory_Neuron
66666,1612,Excitatory_Neuron
66667,1618,Excitatory_Neuron
66668,1548,Excitatory_Neuron
66669,1603,Excitatory_Neuron
66670,1615,unassigned
66671,1548,Excitatory_Neuron
66672,1614,unassigned
66673,1525,unassigned
66674,1525,unassigned
66675,1525,unassigned
66676,1530,Excitatory_Neuron
66677,1562,Excitatory_Neuron
66678,1571,Excitatory_Neuron
66679,1612,Excitatory_Neuron
66680,1618,Excitatory_Neuron
66681,1615,unassigned
66682,1548,Excitatory_Neuron
66683,1548,Excitatory_Neuron
66684,1525,unassigned
66685,1614,unassigned
66686,1551,Excitatory_Neuron
66687,1630,unassigned
66688,1525,unassigned
66689,1584,unassigned
66690,1584,unassigned
66691,1525,unassigned
66692,1610,unassigned
66693,1557,Excitatory_Neuron
66694,1610,unassigned
66695,1557,Excitatory_Neuron
66696,1566,Excitatory_Neuron
66697,1617,unassigned
66698,1525,unassigned
66699,1525,unassigned
66700,1525,unassigned
66701,1525,unassigned
66702,1571,Excitatory_Neuron
66703,1525,unassigned
66704,1614,unassigned
66705,1548,Excitatory_Neuron
66706,1545,Excitatory_Neuron
66707,1535,Excitatory_Neuron
66708,1627,unassigned
66709,1536,Excitatory_Neuron
66710,1557,Excitatory_Neuron
66711,1525,unassigned
66712,1525,unassigned
66713,1525,unassigned
66714,1557,Excitatory_Neuron
66715,1536,Excitatory_Neuron
66716,1530,Excitatory_Neuron
66717,1530,Excitatory_Neuron
66718,1562,Excitatory_Neuron
66719,1618,Excitatory_Neuron
66720,1626,unassigned
66721,1525,unassigned
66722,1525,unassigned
66723,1528,Excitatory_Neuron
66724,1609,Excitatory_Neuron
66725,1628,unassigned
66726,1525,unassigned
66727,1609,Excitatory_Neuron
66728,1529,Excitatory_Neuron
66729,1525,unassigned
66730,1528,Excitatory_Neuron
66731,1525,unassigned
66732,1530,Excitatory_Neuron
66733,1601,Excitatory_Neuron
66734,1631,unassigned
66735,1562,Excitatory_Neuron
66736,1525,unassigned
66737,1620,unassigned
66738,1562,Excitatory_Neuron
66739,1562,Excitatory_Neuron
66740,1562,Excitatory_Neuron
66741,1562,Excitatory_Neuron
66742,1530,Excitatory_Neuron
66743,1530,Excitatory_Neuron
66744,1530,Excitatory_Neuron
66745,1531,Excitatory_Neuron
66746,1571,Excitatory_Neuron
66747,1571,Excitatory_Neuron
66748,1525,unassigned
66749,1612,Excitatory_Neuron
66750,1571,Excitatory_Neuron
66751,1612,Excitatory_Neuron
66752,1571,Excitatory_Neuron
66753,1571,Excitatory_Neuron
66754,1571,Excitatory_Neuron
66755,1525,unassigned
66756,1618,Excitatory_Neuron
66757,1525,unassigned
66758,1525,unassigned
66759,1571,Excitatory_Neuron
66760,1525,unassigned
66761,1618,Excitatory_Neuron
66762,1525,unassigned
66763,1571,Excitatory_Neuron
66764,1618,Excitatory_Neuron
66765,1626,unassigned
66766,1525,unassigned
66767,1545,Excitatory_Neuron
66768,1545,Excitatory_Neuron
66769,1525,unassigned
66770,1548,Excitatory_Neuron
66771,1603,Excitatory_Neuron
66772,1545,Excitatory_Neuron
66773,1615,unassigned
66774,1548,Excitatory_Neuron
66775,1548,Excitatory_Neuron
66776,1548,Excitatory_Neuron
66777,1615,unassigned
66778,1548,Excitatory_Neuron
66779,1606,Excitatory_Neuron
66780,1614,unassigned
66781,1613,Excitatory_Neuron
66782,1606,Excitatory_Neuron
66783,1614,unassigned
66784,1606,Excitatory_Neuron
66785,1548,Excitatory_Neuron
66786,1548,Excitatory_Neuron
66787,1606,Excitatory_Neuron
66788,1606,Excitatory_Neuron
66789,1551,Excitatory_Neuron
66790,1551,Excitatory_Neuron
66791,1525,unassigned
66792,1525,unassigned
66793,1525,unassigned
66794,1551,Excitatory_Neuron
66795,1525,unassigned
66796,1525,unassigned
66797,1562,Excitatory_Neuron
66798,1525,unassigned
66799,1531,Excitatory_Neuron
66800,1525,unassigned
66801,1603,Excitatory_Neuron
66802,1571,Excitatory_Neuron
66803,1626,unassigned
66804,1548,Excitatory_Neuron
66805,1548,Excitatory_Neuron
66806,1551,Excitatory_Neuron
66807,1564,unassigned
66808,1525,unassigned
66809,1599,unassigned
66810,1557,Excitatory_Neuron
66811,1525,unassigned
66812,1548,Excitatory_Neuron
66813,1548,Excitatory_Neuron
66814,1548,Excitatory_Neuron
66815,1548,Excitatory_Neuron
66816,1548,Excitatory_Neuron
66817,1525,unassigned
66818,1525,unassigned
66819,1525,unassigned
66820,1525,unassigned
66821,1632,unassigned
66822,1632,unassigned
66823,1632,unassigned
66824,1632,unassigned
66825,1632,unassigned
66826,1632,unassigned
66827,1633,unassigned
66828,1634,unassigned
66829,1632,unassigned
66830,1635,Excitatory_Neuron
66831,1633,unassigned
66832,1632,unassigned
66833,1632,unassigned
66834,1632,unassigned
66835,1636,unassigned
66836,1632,unassigned
66837,1632,unassigned
66838,1632,unassigned
66839,1632,unassigned
66840,1637,unassigned
66841,1632,unassigned
66842,1632,unassigned
66843,1634,unassigned
66844,1632,unassigned
66845,1632,unassigned
66846,1632,unassigned
66847,1632,unassigned
66848,1632,unassigned
66849,1632,unassigned
66850,1632,unassigned
66851,1632,unassigned
66852,1632,unassigned
66853,1638,unassigned
66854,1632,unassigned
66855,1639,unassigned
66856,1632,unassigned
66857,1632,unassigned
66858,1632,unassigned
66859,1632,unassigned
66860,1637,unassigned
66861,1632,unassigned
66862,1632,unassigned
66863,1640,unassigned
66864,1632,unassigned
66865,1632,unassigned
66866,1632,unassigned
66867,1632,unassigned
66868,1632,unassigned
66869,1632,unassigned
66870,1632,unassigned
66871,1632,unassigned
66872,1640,unassigned
66873,1641,unassigned
66874,1639,unassigned
66875,1632,unassigned
66876,1632,unassigned
66877,1632,unassigned
66878,1641,unassigned
66879,1637,unassigned
66880,1632,unassigned
66881,1642,unassigned
66882,1632,unassigned
66883,1632,unassigned
66884,1632,unassigned
66885,1632,unassigned
66886,1632,unassigned
66887,1632,unassigned
66888,1632,unassigned
66889,1632,unassigned
66890,1632,unassigned
66891,1632,unassigned
66892,1632,unassigned
66893,1632,unassigned
66894,1639,unassigned
66895,1632,unassigned
66896,1632,unassigned
66897,1642,unassigned
66898,1632,unassigned
66899,1632,unassigned
66900,1641,unassigned
66901,1643,Excitatory_Neuron
66902,1632,unassigned
66903,1644,Excitatory_Neuron
66904,1645,unassigned
66905,1646,unassigned
66906,1632,unassigned
66907,1647,Astro-Epen
66908,1641,unassigned
66909,1632,unassigned
66910,1632,unassigned
66911,1632,unassigned
66912,1648,Astro-Epen
66913,1632,unassigned
66914,1639,unassigned
66915,1632,unassigned
66916,1632,unassigned
66917,1632,unassigned
66918,1632,unassigned
66919,1632,unassigned
66920,1638,unassigned
66921,1632,unassigned
66922,1638,unassigned
66923,1632,unassigned
66924,1632,unassigned
66925,1632,unassigned
66926,1632,unassigned
66927,1647,Astro-Epen
66928,1632,unassigned
66929,1638,unassigned
66930,1632,unassigned
66931,1632,unassigned
66932,1632,unassigned
66933,1632,unassigned
66934,1649,unassigned
66935,1649,unassigned
66936,1632,unassigned
66937,1632,unassigned
66938,1641,unassigned
66939,1632,unassigned
66940,1637,unassigned
66941,1632,unassigned
66942,1632,unassigned
66943,1649,unassigned
66944,1649,unassigned
66945,1649,unassigned
66946,1632,unassigned
66947,1632,unassigned
66948,1638,unassigned
66949,1632,unassigned
66950,1632,unassigned
66951,1632,unassigned
66952,1632,unassigned
66953,1641,unassigned
66954,1646,unassigned
66955,1632,unassigned
66956,1646,unassigned
66957,1632,unassigned
66958,1638,unassigned
66959,1632,unassigned
66960,1649,unassigned
66961,1649,unassigned
66962,1632,unassigned
66963,1632,unassigned
66964,1632,unassigned
66965,1632,unassigned
66966,1632,unassigned
66967,1632,unassigned
66968,1632,unassigned
66969,1632,unassigned
66970,1648,Astro-Epen
66971,1632,unassigned
66972,1649,unassigned
66973,1632,unassigned
66974,1641,unassigned
66975,1639,unassigned
66976,1632,unassigned
66977,1632,unassigned
66978,1638,unassigned
66979,1650,Excitatory_Neuron
66980,1632,unassigned
66981,1632,unassigned
66982,1651,unassigned
66983,1641,unassigned
66984,1641,unassigned
66985,1639,unassigned
66986,1632,unassigned
66987,1644,Excitatory_Neuron
66988,1647,Astro-Epen
66989,1632,unassigned
66990,1640,unassigned
66991,1632,unassigned
66992,1649,unassigned
66993,1647,Astro-Epen
66994,1639,unassigned
66995,1632,unassigned
66996,1632,unassigned
66997,1632,unassigned
66998,1632,unassigned
66999,1643,Excitatory_Neuron
67000,1652,unassigned
67001,1648,Astro-Epen
67002,1648,Astro-Epen
67003,1632,unassigned
67004,1649,unassigned
67005,1632,unassigned
67006,1647,Astro-Epen
67007,1632,unassigned
67008,1635,Excitatory_Neuron
67009,1632,unassigned
67010,1642,unassigned
67011,1632,unassigned
67012,1632,unassigned
67013,1632,unassigned
67014,1632,unassigned
67015,1650,Excitatory_Neuron
67016,1649,unassigned
67017,1649,unassigned
67018,1632,unassigned
67019,1632,unassigned
67020,1632,unassigned
67021,1639,unassigned
67022,1632,unassigned
67023,1632,unassigned
67024,1632,unassigned
67025,1632,unassigned
67026,1632,unassigned
67027,1632,unassigned
67028,1632,unassigned
67029,1635,Excitatory_Neuron
67030,1650,Excitatory_Neuron
67031,1632,unassigned
67032,1648,Astro-Epen
67033,1632,unassigned
67034,1632,unassigned
67035,1632,unassigned
67036,1649,unassigned
67037,1632,unassigned
67038,1649,unassigned
67039,1644,Excitatory_Neuron
67040,1644,Excitatory_Neuron
67041,1632,unassigned
67042,1634,unassigned
67043,1651,unassigned
67044,1632,unassigned
67045,1632,unassigned
67046,1632,unassigned
67047,1632,unassigned
67048,1632,unassigned
67049,1632,unassigned
67050,1632,unassigned
67051,1648,Astro-Epen
67052,1632,unassigned
67053,1643,Excitatory_Neuron
67054,1643,Excitatory_Neuron
67055,1650,Excitatory_Neuron
67056,1632,unassigned
67057,1632,unassigned
67058,1647,Astro-Epen
67059,1634,unassigned
67060,1634,unassigned
67061,1632,unassigned
67062,1653,unassigned
67063,1639,unassigned
67064,1632,unassigned
67065,1632,unassigned
67066,1632,unassigned
67067,1632,unassigned
67068,1632,unassigned
67069,1632,unassigned
67070,1632,unassigned
67071,1632,unassigned
67072,1638,unassigned
67073,1643,Excitatory_Neuron
67074,1645,unassigned
67075,1635,Excitatory_Neuron
67076,1647,Astro-Epen
67077,1648,Astro-Epen
67078,1632,unassigned
67079,1632,unassigned
67080,1654,unassigned
67081,1647,Astro-Epen
67082,1644,Excitatory_Neuron
67083,1644,Excitatory_Neuron
67084,1632,unassigned
67085,1655,unassigned
67086,1640,unassigned
67087,1632,unassigned
67088,1635,Excitatory_Neuron
67089,1632,unassigned
67090,1643,Excitatory_Neuron
67091,1632,unassigned
67092,1632,unassigned
67093,1645,unassigned
67094,1632,unassigned
67095,1644,Excitatory_Neuron
67096,1643,Excitatory_Neuron
67097,1639,unassigned
67098,1648,Astro-Epen
67099,1632,unassigned
67100,1632,unassigned
67101,1645,unassigned
67102,1632,unassigned
67103,1652,unassigned
67104,1632,unassigned
67105,1632,unassigned
67106,1647,Astro-Epen
67107,1632,unassigned
67108,1645,unassigned
67109,1647,Astro-Epen
67110,1632,unassigned
67111,1632,unassigned
67112,1632,unassigned
67113,1648,Astro-Epen
67114,1645,unassigned
67115,1649,unassigned
67116,1632,unassigned
67117,1632,unassigned
67118,1643,Excitatory_Neuron
67119,1643,Excitatory_Neuron
67120,1632,unassigned
67121,1632,unassigned
67122,1635,Excitatory_Neuron
67123,1656,unassigned
67124,1632,unassigned
67125,1632,unassigned
67126,1632,unassigned
67127,1635,Excitatory_Neuron
67128,1632,unassigned
67129,1632,unassigned
67130,1652,unassigned
67131,1632,unassigned
67132,1643,Excitatory_Neuron
67133,1648,Astro-Epen
67134,1647,Astro-Epen
67135,1632,unassigned
67136,1654,unassigned
67137,1632,unassigned
67138,1645,unassigned
67139,1639,unassigned
67140,1650,Excitatory_Neuron
67141,1632,unassigned
67142,1632,unassigned
67143,1632,unassigned
67144,1632,unassigned
67145,1645,unassigned
67146,1644,Excitatory_Neuron
67147,1643,Excitatory_Neuron
67148,1632,unassigned
67149,1645,unassigned
67150,1644,Excitatory_Neuron
67151,1635,Excitatory_Neuron
67152,1655,unassigned
67153,1639,unassigned
67154,1632,unassigned
67155,1632,unassigned
67156,1632,unassigned
67157,1647,Astro-Epen
67158,1654,unassigned
67159,1632,unassigned
67160,1632,unassigned
67161,1644,Excitatory_Neuron
67162,1647,Astro-Epen
67163,1645,unassigned
67164,1635,Excitatory_Neuron
67165,1638,unassigned
67166,1647,Astro-Epen
67167,1642,unassigned
67168,1642,unassigned
67169,1632,unassigned
67170,1644,Excitatory_Neuron
67171,1647,Astro-Epen
67172,1647,Astro-Epen
67173,1654,unassigned
67174,1632,unassigned
67175,1632,unassigned
67176,1632,unassigned
67177,1632,unassigned
67178,1647,Astro-Epen
67179,1656,unassigned
67180,1655,unassigned
67181,1635,Excitatory_Neuron
67182,1648,Astro-Epen
67183,1643,Excitatory_Neuron
67184,1632,unassigned
67185,1657,unassigned
67186,1645,unassigned
67187,1635,Excitatory_Neuron
67188,1635,Excitatory_Neuron
67189,1648,Astro-Epen
67190,1632,unassigned
67191,1635,Excitatory_Neuron
67192,1647,Astro-Epen
67193,1632,unassigned
67194,1632,unassigned
67195,1644,Excitatory_Neuron
67196,1632,unassigned
67197,1654,unassigned
67198,1632,unassigned
67199,1632,unassigned
67200,1654,unassigned
67201,1654,unassigned
67202,1632,unassigned
67203,1643,Excitatory_Neuron
67204,1648,Astro-Epen
67205,1648,Astro-Epen
67206,1647,Astro-Epen
67207,1632,unassigned
67208,1635,Excitatory_Neuron
67209,1654,unassigned
67210,1632,unassigned
67211,1643,Excitatory_Neuron
67212,1632,unassigned
67213,1648,Astro-Epen
67214,1635,Excitatory_Neuron
67215,1632,unassigned
67216,1655,unassigned
67217,1657,unassigned
67218,1643,Excitatory_Neuron
67219,1632,unassigned
67220,1632,unassigned
67221,1647,Astro-Epen
67222,1647,Astro-Epen
67223,1647,Astro-Epen
67224,1632,unassigned
67225,1635,Excitatory_Neuron
67226,1647,Astro-Epen
67227,1632,unassigned
67228,1648,Astro-Epen
67229,1648,Astro-Epen
67230,1632,unassigned
67231,1644,Excitatory_Neuron
67232,1645,unassigned
67233,1648,Astro-Epen
67234,1644,Excitatory_Neuron
67235,1643,Excitatory_Neuron
67236,1657,unassigned
67237,1643,Excitatory_Neuron
67238,1648,Astro-Epen
67239,1635,Excitatory_Neuron
67240,1635,Excitatory_Neuron
67241,1658,unassigned
67242,1632,unassigned
67243,1656,unassigned
67244,1655,unassigned
67245,1659,unassigned
67246,1648,Astro-Epen
67247,1647,Astro-Epen
67248,1656,unassigned
67249,1643,Excitatory_Neuron
67250,1632,unassigned
67251,1644,Excitatory_Neuron
67252,1632,unassigned
67253,1635,Excitatory_Neuron
67254,1647,Astro-Epen
67255,1643,Excitatory_Neuron
67256,1635,Excitatory_Neuron
67257,1644,Excitatory_Neuron
67258,1660,unassigned
67259,1632,unassigned
67260,1656,unassigned
67261,1644,Excitatory_Neuron
67262,1644,Excitatory_Neuron
67263,1635,Excitatory_Neuron
67264,1645,unassigned
67265,1661,unassigned
67266,1643,Excitatory_Neuron
67267,1635,Excitatory_Neuron
67268,1656,unassigned
67269,1648,Astro-Epen
67270,1635,Excitatory_Neuron
67271,1654,unassigned
67272,1632,unassigned
67273,1632,unassigned
67274,1645,unassigned
67275,1635,Excitatory_Neuron
67276,1651,unassigned
67277,1632,unassigned
67278,1632,unassigned
67279,1632,unassigned
67280,1632,unassigned
67281,1632,unassigned
67282,1632,unassigned
67283,1644,Excitatory_Neuron
67284,1662,unassigned
67285,1632,unassigned
67286,1644,Excitatory_Neuron
67287,1632,unassigned
67288,1643,Excitatory_Neuron
67289,1643,Excitatory_Neuron
67290,1651,unassigned
67291,1635,Excitatory_Neuron
67292,1632,unassigned
67293,1644,Excitatory_Neuron
67294,1647,Astro-Epen
67295,1651,unassigned
67296,1663,unassigned
67297,1632,unassigned
67298,1644,Excitatory_Neuron
67299,1632,unassigned
67300,1632,unassigned
67301,1654,unassigned
67302,1632,unassigned
67303,1632,unassigned
67304,1635,Excitatory_Neuron
67305,1632,unassigned
67306,1632,unassigned
67307,1647,Astro-Epen
67308,1632,unassigned
67309,1651,unassigned
67310,1664,unassigned
67311,1644,Excitatory_Neuron
67312,1647,Astro-Epen
67313,1632,unassigned
67314,1632,unassigned
67315,1647,Astro-Epen
67316,1657,unassigned
67317,1647,Astro-Epen
67318,1632,unassigned
67319,1662,unassigned
67320,1632,unassigned
67321,1662,unassigned
67322,1632,unassigned
67323,1647,Astro-Epen
67324,1635,Excitatory_Neuron
67325,1665,unassigned
67326,1643,Excitatory_Neuron
67327,1643,Excitatory_Neuron
67328,1632,unassigned
67329,1647,Astro-Epen
67330,1662,unassigned
67331,1632,unassigned
67332,1644,Excitatory_Neuron
67333,1647,Astro-Epen
67334,1643,Excitatory_Neuron
67335,1632,unassigned
67336,1632,unassigned
67337,1632,unassigned
67338,1644,Excitatory_Neuron
67339,1632,unassigned
67340,1632,unassigned
67341,1632,unassigned
67342,1663,unassigned
67343,1656,unassigned
67344,1644,Excitatory_Neuron
67345,1632,unassigned
67346,1644,Excitatory_Neuron
67347,1632,unassigned
67348,1632,unassigned
67349,1644,Excitatory_Neuron
67350,1666,unassigned
67351,1632,unassigned
67352,1632,unassigned
67353,1647,Astro-Epen
67354,1632,unassigned
67355,1643,Excitatory_Neuron
67356,1632,unassigned
67357,1632,unassigned
67358,1632,unassigned
67359,1664,unassigned
67360,1647,Astro-Epen
67361,1662,unassigned
67362,1643,Excitatory_Neuron
67363,1651,unassigned
67364,1664,unassigned
67365,1647,Astro-Epen
67366,1632,unassigned
67367,1651,unassigned
67368,1655,unassigned
67369,1635,Excitatory_Neuron
67370,1643,Excitatory_Neuron
67371,1652,unassigned
67372,1656,unassigned
67373,1644,Excitatory_Neuron
67374,1664,unassigned
67375,1656,unassigned
67376,1644,Excitatory_Neuron
67377,1647,Astro-Epen
67378,1644,Excitatory_Neuron
67379,1663,unassigned
67380,1632,unassigned
67381,1635,Excitatory_Neuron
67382,1632,unassigned
67383,1651,unassigned
67384,1644,Excitatory_Neuron
67385,1667,unassigned
67386,1668,unassigned
67387,1644,Excitatory_Neuron
67388,1635,Excitatory_Neuron
67389,1632,unassigned
67390,1635,Excitatory_Neuron
67391,1635,Excitatory_Neuron
67392,1632,unassigned
67393,1648,Astro-Epen
67394,1652,unassigned
67395,1644,Excitatory_Neuron
67396,1655,unassigned
67397,1643,Excitatory_Neuron
67398,1652,unassigned
67399,1647,Astro-Epen
67400,1644,Excitatory_Neuron
67401,1632,unassigned
67402,1651,unassigned
67403,1644,Excitatory_Neuron
67404,1643,Excitatory_Neuron
67405,1648,Astro-Epen
67406,1648,Astro-Epen
67407,1663,unassigned
67408,1644,Excitatory_Neuron
67409,1662,unassigned
67410,1632,unassigned
67411,1648,Astro-Epen
67412,1669,unassigned
67413,1635,Excitatory_Neuron
67414,1635,Excitatory_Neuron
67415,1648,Astro-Epen
67416,1652,unassigned
67417,1666,unassigned
67418,1632,unassigned
67419,1635,Excitatory_Neuron
67420,1635,Excitatory_Neuron
67421,1632,unassigned
67422,1670,unassigned
67423,1670,unassigned
67424,1652,unassigned
67425,1644,Excitatory_Neuron
67426,1632,unassigned
67427,1648,Astro-Epen
67428,1651,unassigned
67429,1644,Excitatory_Neuron
67430,1647,Astro-Epen
67431,1648,Astro-Epen
67432,1643,Excitatory_Neuron
67433,1670,unassigned
67434,1632,unassigned
67435,1652,unassigned
67436,1632,unassigned
67437,1663,unassigned
67438,1647,Astro-Epen
67439,1632,unassigned
67440,1663,unassigned
67441,1647,Astro-Epen
67442,1643,Excitatory_Neuron
67443,1663,unassigned
67444,1632,unassigned
67445,1647,Astro-Epen
67446,1643,Excitatory_Neuron
67447,1656,unassigned
67448,1644,Excitatory_Neuron
67449,1644,Excitatory_Neuron
67450,1644,Excitatory_Neuron
67451,1647,Astro-Epen
67452,1643,Excitatory_Neuron
67453,1632,unassigned
67454,1644,Excitatory_Neuron
67455,1644,Excitatory_Neuron
67456,1632,unassigned
67457,1663,unassigned
67458,1644,Excitatory_Neuron
67459,1667,unassigned
67460,1643,Excitatory_Neuron
67461,1643,Excitatory_Neuron
67462,1643,Excitatory_Neuron
67463,1666,unassigned
67464,1664,unassigned
67465,1666,unassigned
67466,1643,Excitatory_Neuron
67467,1648,Astro-Epen
67468,1663,unassigned
67469,1647,Astro-Epen
67470,1632,unassigned
67471,1632,unassigned
67472,1652,unassigned
67473,1663,unassigned
67474,1632,unassigned
67475,1644,Excitatory_Neuron
67476,1666,unassigned
67477,1632,unassigned
67478,1662,unassigned
67479,1632,unassigned
67480,1643,Excitatory_Neuron
67481,1647,Astro-Epen
67482,1632,unassigned
67483,1644,Excitatory_Neuron
67484,1635,Excitatory_Neuron
67485,1643,Excitatory_Neuron
67486,1652,unassigned
67487,1666,unassigned
67488,1643,Excitatory_Neuron
67489,1643,Excitatory_Neuron
67490,1632,unassigned
67491,1632,unassigned
67492,1648,Astro-Epen
67493,1632,unassigned
67494,1632,unassigned
67495,1635,Excitatory_Neuron
67496,1647,Astro-Epen
67497,1632,unassigned
67498,1635,Excitatory_Neuron
67499,1648,Astro-Epen
67500,1632,unassigned
67501,1632,unassigned
67502,1664,unassigned
67503,1647,Astro-Epen
67504,1643,Excitatory_Neuron
67505,1648,Astro-Epen
67506,1632,unassigned
67507,1632,unassigned
67508,1643,Excitatory_Neuron
67509,1667,unassigned
67510,1635,Excitatory_Neuron
67511,1643,Excitatory_Neuron
67512,1667,unassigned
67513,1643,Excitatory_Neuron
67514,1663,unassigned
67515,1662,unassigned
67516,1652,unassigned
67517,1671,unassigned
67518,1667,unassigned
67519,1648,Astro-Epen
67520,1632,unassigned
67521,1647,Astro-Epen
67522,1632,unassigned
67523,1632,unassigned
67524,1632,unassigned
67525,1651,unassigned
67526,1644,Excitatory_Neuron
67527,1632,unassigned
67528,1664,unassigned
67529,1643,Excitatory_Neuron
67530,1647,Astro-Epen
67531,1632,unassigned
67532,1632,unassigned
67533,1671,unassigned
67534,1648,Astro-Epen
67535,1632,unassigned
67536,1671,unassigned
67537,1643,Excitatory_Neuron
67538,1643,Excitatory_Neuron
67539,1643,Excitatory_Neuron
67540,1643,Excitatory_Neuron
67541,1664,unassigned
67542,1647,Astro-Epen
67543,1635,Excitatory_Neuron
67544,1632,unassigned
67545,1671,unassigned
67546,1672,unassigned
67547,1632,unassigned
67548,1656,unassigned
67549,1632,unassigned
67550,1632,unassigned
67551,1673,unassigned
67552,1632,unassigned
67553,1663,unassigned
67554,1674,unassigned
67555,1632,unassigned
67556,1643,Excitatory_Neuron
67557,1632,unassigned
67558,1632,unassigned
67559,1632,unassigned
67560,1632,unassigned
67561,1632,unassigned
67562,1632,unassigned
67563,1651,unassigned
67564,1669,unassigned
67565,1635,Excitatory_Neuron
67566,1673,unassigned
67567,1632,unassigned
67568,1643,Excitatory_Neuron
67569,1652,unassigned
67570,1647,Astro-Epen
67571,1647,Astro-Epen
67572,1632,unassigned
67573,1648,Astro-Epen
67574,1632,unassigned
67575,1662,unassigned
67576,1632,unassigned
67577,1670,unassigned
67578,1632,unassigned
67579,1666,unassigned
67580,1647,Astro-Epen
67581,1632,unassigned
67582,1670,unassigned
67583,1667,unassigned
67584,1664,unassigned
67585,1632,unassigned
67586,1651,unassigned
67587,1671,unassigned
67588,1664,unassigned
67589,1662,unassigned
67590,1643,Excitatory_Neuron
67591,1632,unassigned
67592,1664,unassigned
67593,1662,unassigned
67594,1675,unassigned
67595,1632,unassigned
67596,1632,unassigned
67597,1632,unassigned
67598,1632,unassigned
67599,1651,unassigned
67600,1664,unassigned
67601,1647,Astro-Epen
67602,1632,unassigned
67603,1676,unassigned
67604,1632,unassigned
67605,1651,unassigned
67606,1663,unassigned
67607,1635,Excitatory_Neuron
67608,1676,unassigned
67609,1632,unassigned
67610,1632,unassigned
67611,1644,Excitatory_Neuron
67612,1632,unassigned
67613,1664,unassigned
67614,1635,Excitatory_Neuron
67615,1635,Excitatory_Neuron
67616,1643,Excitatory_Neuron
67617,1664,unassigned
67618,1632,unassigned
67619,1632,unassigned
67620,1643,Excitatory_Neuron
67621,1632,unassigned
67622,1632,unassigned
67623,1632,unassigned
67624,1644,Excitatory_Neuron
67625,1644,Excitatory_Neuron
67626,1643,Excitatory_Neuron
67627,1664,unassigned
67628,1677,unassigned
67629,1632,unassigned
67630,1632,unassigned
67631,1662,unassigned
67632,1632,unassigned
67633,1648,Astro-Epen
67634,1632,unassigned
67635,1663,unassigned
67636,1643,Excitatory_Neuron
67637,1648,Astro-Epen
67638,1652,unassigned
67639,1648,Astro-Epen
67640,1635,Excitatory_Neuron
67641,1662,unassigned
67642,1643,Excitatory_Neuron
67643,1632,unassigned
67644,1632,unassigned
67645,1664,unassigned
67646,1635,Excitatory_Neuron
67647,1673,unassigned
67648,1648,Astro-Epen
67649,1635,Excitatory_Neuron
67650,1662,unassigned
67651,1632,unassigned
67652,1632,unassigned
67653,1647,Astro-Epen
67654,1678,unassigned
67655,1632,unassigned
67656,1635,Excitatory_Neuron
67657,1632,unassigned
67658,1635,Excitatory_Neuron
67659,1632,unassigned
67660,1644,Excitatory_Neuron
67661,1671,unassigned
67662,1635,Excitatory_Neuron
67663,1671,unassigned
67664,1632,unassigned
67665,1632,unassigned
67666,1663,unassigned
67667,1663,unassigned
67668,1632,unassigned
67669,1632,unassigned
67670,1635,Excitatory_Neuron
67671,1643,Excitatory_Neuron
67672,1663,unassigned
67673,1678,unassigned
67674,1652,unassigned
67675,1632,unassigned
67676,1678,unassigned
67677,1673,unassigned
67678,1632,unassigned
67679,1644,Excitatory_Neuron
67680,1648,Astro-Epen
67681,1663,unassigned
67682,1632,unassigned
67683,1671,unassigned
67684,1635,Excitatory_Neuron
67685,1671,unassigned
67686,1644,Excitatory_Neuron
67687,1666,unassigned
67688,1673,unassigned
67689,1632,unassigned
67690,1647,Astro-Epen
67691,1662,unassigned
67692,1679,unassigned
67693,1663,unassigned
67694,1632,unassigned
67695,1656,unassigned
67696,1656,unassigned
67697,1664,unassigned
67698,1635,Excitatory_Neuron
67699,1632,unassigned
67700,1632,unassigned
67701,1671,unassigned
67702,1663,unassigned
67703,1635,Excitatory_Neuron
67704,1632,unassigned
67705,1678,unassigned
67706,1648,Astro-Epen
67707,1635,Excitatory_Neuron
67708,1632,unassigned
67709,1643,Excitatory_Neuron
67710,1663,unassigned
67711,1632,unassigned
67712,1662,unassigned
67713,1632,unassigned
67714,1632,unassigned
67715,1652,unassigned
67716,1632,unassigned
67717,1632,unassigned
67718,1664,unassigned
67719,1647,Astro-Epen
67720,1632,unassigned
67721,1678,unassigned
67722,1632,unassigned
67723,1632,unassigned
67724,1632,unassigned
67725,1632,unassigned
67726,1647,Astro-Epen
67727,1648,Astro-Epen
67728,1644,Excitatory_Neuron
67729,1632,unassigned
67730,1652,unassigned
67731,1664,unassigned
67732,1643,Excitatory_Neuron
67733,1632,unassigned
67734,1680,unassigned
67735,1663,unassigned
67736,1644,Excitatory_Neuron
67737,1632,unassigned
67738,1648,Astro-Epen
67739,1632,unassigned
67740,1632,unassigned
67741,1675,unassigned
67742,1644,Excitatory_Neuron
67743,1632,unassigned
67744,1663,unassigned
67745,1666,unassigned
67746,1644,Excitatory_Neuron
67747,1681,unassigned
67748,1632,unassigned
67749,1632,unassigned
67750,1632,unassigned
67751,1647,Astro-Epen
67752,1662,unassigned
67753,1632,unassigned
67754,1663,unassigned
67755,1632,unassigned
67756,1632,unassigned
67757,1632,unassigned
67758,1632,unassigned
67759,1664,unassigned
67760,1652,unassigned
67761,1666,unassigned
67762,1666,unassigned
67763,1632,unassigned
67764,1632,unassigned
67765,1632,unassigned
67766,1632,unassigned
67767,1667,unassigned
67768,1632,unassigned
67769,1652,unassigned
67770,1632,unassigned
67771,1652,unassigned
67772,1663,unassigned
67773,1632,unassigned
67774,1682,unassigned
67775,1683,unassigned
67776,1648,Astro-Epen
67777,1632,unassigned
67778,1632,unassigned
67779,1632,unassigned
67780,1663,unassigned
67781,1664,unassigned
67782,1632,unassigned
67783,1632,unassigned
67784,1632,unassigned
67785,1632,unassigned
67786,1664,unassigned
67787,1647,Astro-Epen
67788,1632,unassigned
67789,1632,unassigned
67790,1632,unassigned
67791,1632,unassigned
67792,1647,Astro-Epen
67793,1632,unassigned
67794,1632,unassigned
67795,1635,Excitatory_Neuron
67796,1632,unassigned
67797,1632,unassigned
67798,1647,Astro-Epen
67799,1632,unassigned
67800,1632,unassigned
67801,1632,unassigned
67802,1648,Astro-Epen
67803,1632,unassigned
67804,1632,unassigned
67805,1643,Excitatory_Neuron
67806,1632,unassigned
67807,1632,unassigned
67808,1632,unassigned
67809,1632,unassigned
67810,1632,unassigned
67811,1632,unassigned
67812,1632,unassigned
67813,1177,unassigned
67814,1177,unassigned
67815,1684,unassigned
67816,1177,unassigned
67817,1177,unassigned
67818,1177,unassigned
67819,1191,Excitatory_Neuron
67820,1177,unassigned
67821,1192,Excitatory_Neuron
67822,1177,unassigned
67823,1177,unassigned
67824,1191,Excitatory_Neuron
67825,1177,unassigned
67826,1177,unassigned
67827,1177,unassigned
67828,1177,unassigned
67829,1177,unassigned
67830,1177,unassigned
67831,1177,unassigned
67832,1177,unassigned
67833,1177,unassigned
67834,1177,unassigned
67835,1177,unassigned
67836,1177,unassigned
67837,1177,unassigned
67838,1177,unassigned
67839,1177,unassigned
67840,1177,unassigned
67841,1177,unassigned
67842,1177,unassigned
67843,1177,unassigned
67844,1685,unassigned
67845,1177,unassigned
67846,1177,unassigned
67847,1177,unassigned
67848,1177,unassigned
67849,1177,unassigned
67850,1177,unassigned
67851,1177,unassigned
67852,1177,unassigned
67853,1192,Excitatory_Neuron
67854,1177,unassigned
67855,1177,unassigned
67856,1177,unassigned
67857,1177,unassigned
67858,1177,unassigned
67859,1192,Excitatory_Neuron
67860,1177,unassigned
67861,1177,unassigned
67862,1191,Excitatory_Neuron
67863,1192,Excitatory_Neuron
67864,1177,unassigned
67865,1177,unassigned
67866,1177,unassigned
67867,1177,unassigned
67868,1177,unassigned
67869,1177,unassigned
67870,1177,unassigned
67871,1177,unassigned
67872,1177,unassigned
67873,1177,unassigned
67874,1177,unassigned
67875,1177,unassigned
67876,1177,unassigned
67877,1177,unassigned
67878,1177,unassigned
67879,1177,unassigned
67880,1177,unassigned
67881,1177,unassigned
67882,1177,unassigned
67883,1177,unassigned
67884,1177,unassigned
67885,1177,unassigned
67886,1177,unassigned
67887,1177,unassigned
67888,1177,unassigned
67889,1177,unassigned
67890,1177,unassigned
67891,1177,unassigned
67892,1177,unassigned
67893,1177,unassigned
67894,1177,unassigned
67895,1177,unassigned
67896,1177,unassigned
67897,1177,unassigned
67898,1177,unassigned
67899,1177,unassigned
67900,1177,unassigned
67901,1177,unassigned
67902,1176,Excitatory_Neuron
67903,1177,unassigned
67904,1177,unassigned
67905,1177,unassigned
67906,1177,unassigned
67907,1177,unassigned
67908,1177,unassigned
67909,1177,unassigned
67910,1684,unassigned
67911,1177,unassigned
67912,1177,unassigned
67913,1177,unassigned
67914,1177,unassigned
67915,1177,unassigned
67916,1177,unassigned
67917,1177,unassigned
67918,1177,unassigned
67919,1177,unassigned
67920,1177,unassigned
67921,1177,unassigned
67922,1177,unassigned
67923,1210,Astro-Epen
67924,1177,unassigned
67925,1177,unassigned
67926,1177,unassigned
67927,1192,Excitatory_Neuron
67928,1177,unassigned
67929,1177,unassigned
67930,1176,Excitatory_Neuron
67931,1177,unassigned
67932,1192,Excitatory_Neuron
67933,1192,Excitatory_Neuron
67934,1177,unassigned
67935,1177,unassigned
67936,1177,unassigned
67937,1177,unassigned
67938,1177,unassigned
67939,1177,unassigned
67940,1177,unassigned
67941,1177,unassigned
67942,1177,unassigned
67943,1177,unassigned
67944,1177,unassigned
67945,1177,unassigned
67946,1177,unassigned
67947,1177,unassigned
67948,1177,unassigned
67949,1177,unassigned
67950,1177,unassigned
67951,1177,unassigned
67952,1177,unassigned
67953,1686,Excitatory_Neuron
67954,1686,Excitatory_Neuron
67955,1177,unassigned
67956,1177,unassigned
67957,1177,unassigned
67958,1177,unassigned
67959,1177,unassigned
67960,1177,unassigned
67961,1177,unassigned
67962,1177,unassigned
67963,1177,unassigned
67964,1177,unassigned
67965,1177,unassigned
67966,1177,unassigned
67967,1177,unassigned
67968,1177,unassigned
67969,1177,unassigned
67970,1177,unassigned
67971,1177,unassigned
67972,1177,unassigned
67973,1191,Excitatory_Neuron
67974,1177,unassigned
67975,1177,unassigned
67976,1177,unassigned
67977,1210,Astro-Epen
67978,1177,unassigned
67979,1686,Excitatory_Neuron
67980,1177,unassigned
67981,1177,unassigned
67982,1177,unassigned
67983,1177,unassigned
67984,1177,unassigned
67985,1177,unassigned
67986,1177,unassigned
67987,1177,unassigned
67988,1177,unassigned
67989,1177,unassigned
67990,1177,unassigned
67991,1684,unassigned
67992,1177,unassigned
67993,1177,unassigned
67994,1177,unassigned
67995,1177,unassigned
67996,1177,unassigned
67997,1192,Excitatory_Neuron
67998,1686,Excitatory_Neuron
67999,1177,unassigned
68000,1684,unassigned
68001,1177,unassigned
68002,1177,unassigned
68003,1177,unassigned
68004,1177,unassigned
68005,1177,unassigned
68006,1177,unassigned
68007,1177,unassigned
68008,1177,unassigned
68009,1192,Excitatory_Neuron
68010,1177,unassigned
68011,1177,unassigned
68012,1177,unassigned
68013,1177,unassigned
68014,1177,unassigned
68015,1177,unassigned
68016,1177,unassigned
68017,1177,unassigned
68018,1177,unassigned
68019,1177,unassigned
68020,1177,unassigned
68021,1177,unassigned
68022,1177,unassigned
68023,1177,unassigned
68024,1177,unassigned
68025,1177,unassigned
68026,1177,unassigned
68027,1177,unassigned
68028,1177,unassigned
68029,1177,unassigned
68030,1192,Excitatory_Neuron
68031,1177,unassigned
68032,1177,unassigned
68033,1177,unassigned
68034,1177,unassigned
68035,1177,unassigned
68036,1192,Excitatory_Neuron
68037,1177,unassigned
68038,1177,unassigned
68039,1177,unassigned
68040,1177,unassigned
68041,1177,unassigned
68042,1177,unassigned
68043,1177,unassigned
68044,1177,unassigned
68045,1177,unassigned
68046,1177,unassigned
68047,1177,unassigned
68048,1684,unassigned
68049,1684,unassigned
68050,1177,unassigned
68051,1177,unassigned
68052,1177,unassigned
68053,1177,unassigned
68054,1191,Excitatory_Neuron
68055,1177,unassigned
68056,1192,Excitatory_Neuron
68057,1177,unassigned
68058,1686,Excitatory_Neuron
68059,1177,unassigned
68060,1177,unassigned
68061,1177,unassigned
68062,1177,unassigned
68063,1177,unassigned
68064,1177,unassigned
68065,1191,Excitatory_Neuron
68066,1177,unassigned
68067,1177,unassigned
68068,1177,unassigned
68069,1177,unassigned
68070,1177,unassigned
68071,1177,unassigned
68072,1177,unassigned
68073,1177,unassigned
68074,1177,unassigned
68075,1177,unassigned
68076,1684,unassigned
68077,1177,unassigned
68078,1177,unassigned
68079,1177,unassigned
68080,1177,unassigned
68081,1177,unassigned
68082,1176,Excitatory_Neuron
68083,1177,unassigned
68084,1177,unassigned
68085,1686,Excitatory_Neuron
68086,1177,unassigned
68087,1177,unassigned
68088,1177,unassigned
68089,1191,Excitatory_Neuron
68090,1177,unassigned
68091,1177,unassigned
68092,1177,unassigned
68093,1177,unassigned
68094,1192,Excitatory_Neuron
68095,1177,unassigned
68096,1177,unassigned
68097,1177,unassigned
68098,1177,unassigned
68099,1177,unassigned
68100,1192,Excitatory_Neuron
68101,1686,Excitatory_Neuron
68102,1177,unassigned
68103,1177,unassigned
68104,1177,unassigned
68105,1177,unassigned
68106,1177,unassigned
68107,1177,unassigned
68108,1210,Astro-Epen
68109,1177,unassigned
68110,1177,unassigned
68111,1177,unassigned
68112,1192,Excitatory_Neuron
68113,1177,unassigned
68114,1177,unassigned
68115,1177,unassigned
68116,1177,unassigned
68117,1177,unassigned
68118,1177,unassigned
68119,1177,unassigned
68120,1177,unassigned
68121,1177,unassigned
68122,1177,unassigned
68123,1685,unassigned
68124,1176,Excitatory_Neuron
68125,1177,unassigned
68126,1177,unassigned
68127,1177,unassigned
68128,1177,unassigned
68129,1177,unassigned
68130,1177,unassigned
68131,1177,unassigned
68132,1177,unassigned
68133,1177,unassigned
68134,1177,unassigned
68135,1177,unassigned
68136,1686,Excitatory_Neuron
68137,1177,unassigned
68138,1177,unassigned
68139,1177,unassigned
68140,1177,unassigned
68141,1177,unassigned
68142,1177,unassigned
68143,1177,unassigned
68144,1176,Excitatory_Neuron
68145,1177,unassigned
68146,1176,Excitatory_Neuron
68147,1191,Excitatory_Neuron
68148,1192,Excitatory_Neuron
68149,1177,unassigned
68150,1177,unassigned
68151,1687,unassigned
68152,1210,Astro-Epen
68153,1210,Astro-Epen
68154,1176,Excitatory_Neuron
68155,1177,unassigned
68156,1177,unassigned
68157,1177,unassigned
68158,1177,unassigned
68159,1177,unassigned
68160,1177,unassigned
68161,1192,Excitatory_Neuron
68162,1177,unassigned
68163,1177,unassigned
68164,1177,unassigned
68165,1177,unassigned
68166,1177,unassigned
68167,1177,unassigned
68168,1177,unassigned
68169,1177,unassigned
68170,1177,unassigned
68171,1192,Excitatory_Neuron
68172,1177,unassigned
68173,1177,unassigned
68174,1177,unassigned
68175,1177,unassigned
68176,1177,unassigned
68177,1177,unassigned
68178,1176,Excitatory_Neuron
68179,1177,unassigned
68180,1191,Excitatory_Neuron
68181,1177,unassigned
68182,1177,unassigned
68183,1177,unassigned
68184,1191,Excitatory_Neuron
68185,1177,unassigned
68186,1177,unassigned
68187,1177,unassigned
68188,1177,unassigned
68189,1210,Astro-Epen
68190,1177,unassigned
68191,1177,unassigned
68192,1177,unassigned
68193,1177,unassigned
68194,1210,Astro-Epen
68195,1177,unassigned
68196,1177,unassigned
68197,1177,unassigned
68198,1177,unassigned
68199,1685,unassigned
68200,1177,unassigned
68201,1191,Excitatory_Neuron
68202,1177,unassigned
68203,1192,Excitatory_Neuron
68204,1192,Excitatory_Neuron
68205,1686,Excitatory_Neuron
68206,1177,unassigned
68207,1177,unassigned
68208,1177,unassigned
68209,1177,unassigned
68210,1177,unassigned
68211,1177,unassigned
68212,1177,unassigned
68213,1177,unassigned
68214,1176,Excitatory_Neuron
68215,1177,unassigned
68216,1177,unassigned
68217,1686,Excitatory_Neuron
68218,1177,unassigned
68219,1177,unassigned
68220,1177,unassigned
68221,1177,unassigned
68222,1177,unassigned
68223,1177,unassigned
68224,1177,unassigned
68225,1177,unassigned
68226,1177,unassigned
68227,1177,unassigned
68228,1177,unassigned
68229,1177,unassigned
68230,1177,unassigned
68231,1177,unassigned
68232,1177,unassigned
68233,1177,unassigned
68234,1177,unassigned
68235,1191,Excitatory_Neuron
68236,1177,unassigned
68237,1177,unassigned
68238,1177,unassigned
68239,1177,unassigned
68240,1177,unassigned
68241,1192,Excitatory_Neuron
68242,1177,unassigned
68243,1177,unassigned
68244,1177,unassigned
68245,1177,unassigned
68246,1177,unassigned
68247,1176,Excitatory_Neuron
68248,1177,unassigned
68249,1177,unassigned
68250,1177,unassigned
68251,1177,unassigned
68252,1177,unassigned
68253,1177,unassigned
68254,1177,unassigned
68255,1177,unassigned
68256,1177,unassigned
68257,1177,unassigned
68258,1177,unassigned
68259,1177,unassigned
68260,1684,unassigned
68261,1177,unassigned
68262,1177,unassigned
68263,1191,Excitatory_Neuron
68264,1177,unassigned
68265,1192,Excitatory_Neuron
68266,1686,Excitatory_Neuron
68267,1177,unassigned
68268,1177,unassigned
68269,1177,unassigned
68270,1177,unassigned
68271,1177,unassigned
68272,1210,Astro-Epen
68273,1177,unassigned
68274,1177,unassigned
68275,1685,unassigned
68276,1177,unassigned
68277,1177,unassigned
68278,1177,unassigned
68279,1686,Excitatory_Neuron
68280,1177,unassigned
68281,1177,unassigned
68282,1177,unassigned
68283,1192,Excitatory_Neuron
68284,1176,Excitatory_Neuron
68285,1177,unassigned
68286,1191,Excitatory_Neuron
68287,1192,Excitatory_Neuron
68288,1177,unassigned
68289,1177,unassigned
68290,1177,unassigned
68291,1177,unassigned
68292,1177,unassigned
68293,1177,unassigned
68294,1177,unassigned
68295,1177,unassigned
68296,1177,unassigned
68297,1177,unassigned
68298,1210,Astro-Epen
68299,1177,unassigned
68300,1177,unassigned
68301,1177,unassigned
68302,1177,unassigned
68303,1685,unassigned
68304,1177,unassigned
68305,1192,Excitatory_Neuron
68306,1686,Excitatory_Neuron
68307,1192,Excitatory_Neuron
68308,1177,unassigned
68309,1177,unassigned
68310,1687,unassigned
68311,1177,unassigned
68312,1177,unassigned
68313,1177,unassigned
68314,1177,unassigned
68315,1177,unassigned
68316,1205,Excitatory_Neuron
68317,1177,unassigned
68318,1177,unassigned
68319,1177,unassigned
68320,1192,Excitatory_Neuron
68321,1177,unassigned
68322,1685,unassigned
68323,1177,unassigned
68324,1177,unassigned
68325,1192,Excitatory_Neuron
68326,1177,unassigned
68327,1177,unassigned
68328,1210,Astro-Epen
68329,1177,unassigned
68330,1177,unassigned
68331,1176,Excitatory_Neuron
68332,1177,unassigned
68333,1177,unassigned
68334,1686,Excitatory_Neuron
68335,1177,unassigned
68336,1684,unassigned
68337,1177,unassigned
68338,1177,unassigned
68339,1177,unassigned
68340,1177,unassigned
68341,1177,unassigned
68342,1177,unassigned
68343,1177,unassigned
68344,1177,unassigned
68345,1177,unassigned
68346,1215,unassigned
68347,1210,Astro-Epen
68348,1177,unassigned
68349,1177,unassigned
68350,1177,unassigned
68351,1177,unassigned
68352,1177,unassigned
68353,1177,unassigned
68354,1686,Excitatory_Neuron
68355,1684,unassigned
68356,1177,unassigned
68357,1177,unassigned
68358,1210,Astro-Epen
68359,1177,unassigned
68360,1685,unassigned
68361,1177,unassigned
68362,1177,unassigned
68363,1215,unassigned
68364,1177,unassigned
68365,1177,unassigned
68366,1177,unassigned
68367,1177,unassigned
68368,1177,unassigned
68369,1177,unassigned
68370,1177,unassigned
68371,1177,unassigned
68372,1177,unassigned
68373,1177,unassigned
68374,1177,unassigned
68375,1192,Excitatory_Neuron
68376,1192,Excitatory_Neuron
68377,1177,unassigned
68378,1177,unassigned
68379,1210,Astro-Epen
68380,1177,unassigned
68381,1177,unassigned
68382,1177,unassigned
68383,1177,unassigned
68384,1177,unassigned
68385,1177,unassigned
68386,1191,Excitatory_Neuron
68387,1177,unassigned
68388,1177,unassigned
68389,1687,unassigned
68390,1177,unassigned
68391,1177,unassigned
68392,1176,Excitatory_Neuron
68393,1177,unassigned
68394,1192,Excitatory_Neuron
68395,1177,unassigned
68396,1177,unassigned
68397,1177,unassigned
68398,1177,unassigned
68399,1177,unassigned
68400,1176,Excitatory_Neuron
68401,1177,unassigned
68402,1192,Excitatory_Neuron
68403,1177,unassigned
68404,1177,unassigned
68405,1685,unassigned
68406,1176,Excitatory_Neuron
68407,1192,Excitatory_Neuron
68408,1192,Excitatory_Neuron
68409,1177,unassigned
68410,1687,unassigned
68411,1177,unassigned
68412,1205,Excitatory_Neuron
68413,1192,Excitatory_Neuron
68414,1192,Excitatory_Neuron
68415,1686,Excitatory_Neuron
68416,1177,unassigned
68417,1177,unassigned
68418,1177,unassigned
68419,1177,unassigned
68420,1177,unassigned
68421,1177,unassigned
68422,1177,unassigned
68423,1192,Excitatory_Neuron
68424,1688,unassigned
68425,1684,unassigned
68426,1177,unassigned
68427,1177,unassigned
68428,1176,Excitatory_Neuron
68429,1177,unassigned
68430,1177,unassigned
68431,1192,Excitatory_Neuron
68432,1177,unassigned
68433,1215,unassigned
68434,1177,unassigned
68435,1685,unassigned
68436,1177,unassigned
68437,1177,unassigned
68438,1177,unassigned
68439,1191,Excitatory_Neuron
68440,1192,Excitatory_Neuron
68441,1177,unassigned
68442,1177,unassigned
68443,1685,unassigned
68444,1176,Excitatory_Neuron
68445,1177,unassigned
68446,1177,unassigned
68447,1177,unassigned
68448,1177,unassigned
68449,1177,unassigned
68450,1177,unassigned
68451,1191,Excitatory_Neuron
68452,1686,Excitatory_Neuron
68453,1177,unassigned
68454,1177,unassigned
68455,1177,unassigned
68456,1177,unassigned
68457,1177,unassigned
68458,1192,Excitatory_Neuron
68459,1177,unassigned
68460,1177,unassigned
68461,1176,Excitatory_Neuron
68462,1177,unassigned
68463,1177,unassigned
68464,1684,unassigned
68465,1687,unassigned
68466,1177,unassigned
68467,1177,unassigned
68468,1177,unassigned
68469,1177,unassigned
68470,1177,unassigned
68471,1177,unassigned
68472,1177,unassigned
68473,1177,unassigned
68474,1177,unassigned
68475,1686,Excitatory_Neuron
68476,1177,unassigned
68477,1177,unassigned
68478,1177,unassigned
68479,1177,unassigned
68480,1177,unassigned
68481,1177,unassigned
68482,1177,unassigned
68483,1177,unassigned
68484,1177,unassigned
68485,1177,unassigned
68486,1177,unassigned
68487,1206,Astro-Epen
68488,1177,unassigned
68489,1177,unassigned
68490,1177,unassigned
68491,1176,Excitatory_Neuron
68492,1177,unassigned
68493,1192,Excitatory_Neuron
68494,1177,unassigned
68495,1177,unassigned
68496,1684,unassigned
68497,1177,unassigned
68498,1177,unassigned
68499,1177,unassigned
68500,1177,unassigned
68501,1177,unassigned
68502,1177,unassigned
68503,1192,Excitatory_Neuron
68504,1206,Astro-Epen
68505,1177,unassigned
68506,1210,Astro-Epen
68507,1177,unassigned
68508,1177,unassigned
68509,1177,unassigned
68510,1177,unassigned
68511,1177,unassigned
68512,1177,unassigned
68513,1177,unassigned
68514,1192,Excitatory_Neuron
68515,1177,unassigned
68516,1177,unassigned
68517,1685,unassigned
68518,1686,Excitatory_Neuron
68519,1177,unassigned
68520,1177,unassigned
68521,1687,unassigned
68522,1684,unassigned
68523,1177,unassigned
68524,1177,unassigned
68525,1177,unassigned
68526,1686,Excitatory_Neuron
68527,1177,unassigned
68528,1210,Astro-Epen
68529,1177,unassigned
68530,1177,unassigned
68531,1192,Excitatory_Neuron
68532,1177,unassigned
68533,1177,unassigned
68534,1177,unassigned
68535,1177,unassigned
68536,1177,unassigned
68537,1176,Excitatory_Neuron
68538,1177,unassigned
68539,1177,unassigned
68540,1177,unassigned
68541,1177,unassigned
68542,1177,unassigned
68543,1177,unassigned
68544,1177,unassigned
68545,1177,unassigned
68546,1177,unassigned
68547,1177,unassigned
68548,1192,Excitatory_Neuron
68549,1192,Excitatory_Neuron
68550,1688,unassigned
68551,1684,unassigned
68552,1685,unassigned
68553,1177,unassigned
68554,1177,unassigned
68555,1177,unassigned
68556,1177,unassigned
68557,1177,unassigned
68558,1210,Astro-Epen
68559,1177,unassigned
68560,1177,unassigned
68561,1177,unassigned
68562,1177,unassigned
68563,1177,unassigned
68564,1686,Excitatory_Neuron
68565,1687,unassigned
68566,1177,unassigned
68567,1177,unassigned
68568,1177,unassigned
68569,1177,unassigned
68570,1177,unassigned
68571,1177,unassigned
68572,1177,unassigned
68573,1177,unassigned
68574,1687,unassigned
68575,1177,unassigned
68576,1177,unassigned
68577,1177,unassigned
68578,1177,unassigned
68579,1192,Excitatory_Neuron
68580,1686,Excitatory_Neuron
68581,1177,unassigned
68582,1177,unassigned
68583,1177,unassigned
68584,1177,unassigned
68585,1177,unassigned
68586,1177,unassigned
68587,1688,unassigned
68588,1177,unassigned
68589,1177,unassigned
68590,1177,unassigned
68591,1177,unassigned
68592,1177,unassigned
68593,1177,unassigned
68594,1191,Excitatory_Neuron
68595,1177,unassigned
68596,1177,unassigned
68597,1177,unassigned
68598,1177,unassigned
68599,1177,unassigned
68600,1177,unassigned
68601,1192,Excitatory_Neuron
68602,1177,unassigned
68603,1177,unassigned
68604,1177,unassigned
68605,1685,unassigned
68606,1685,unassigned
68607,1177,unassigned
68608,1191,Excitatory_Neuron
68609,1177,unassigned
68610,1177,unassigned
68611,1177,unassigned
68612,1177,unassigned
68613,1177,unassigned
68614,1177,unassigned
68615,1177,unassigned
68616,1177,unassigned
68617,1177,unassigned
68618,1177,unassigned
68619,1177,unassigned
68620,1177,unassigned
68621,1177,unassigned
68622,1177,unassigned
68623,1177,unassigned
68624,1191,Excitatory_Neuron
68625,1177,unassigned
68626,1177,unassigned
68627,1177,unassigned
68628,1177,unassigned
68629,1177,unassigned
68630,1210,Astro-Epen
68631,1177,unassigned
68632,1191,Excitatory_Neuron
68633,1177,unassigned
68634,1192,Excitatory_Neuron
68635,1192,Excitatory_Neuron
68636,1177,unassigned
68637,1177,unassigned
68638,1177,unassigned
68639,1177,unassigned
68640,1177,unassigned
68641,1177,unassigned
68642,1177,unassigned
68643,1177,unassigned
68644,1177,unassigned
68645,1192,Excitatory_Neuron
68646,1192,Excitatory_Neuron
68647,1177,unassigned
68648,1177,unassigned
68649,1210,Astro-Epen
68650,1177,unassigned
68651,1177,unassigned
68652,1177,unassigned
68653,1686,Excitatory_Neuron
68654,1177,unassigned
68655,1177,unassigned
68656,1177,unassigned
68657,1176,Excitatory_Neuron
68658,1176,Excitatory_Neuron
68659,1191,Excitatory_Neuron
68660,1177,unassigned
68661,1686,Excitatory_Neuron
68662,1192,Excitatory_Neuron
68663,1686,Excitatory_Neuron
68664,1177,unassigned
68665,1177,unassigned
68666,1177,unassigned
68667,1177,unassigned
68668,1684,unassigned
68669,1177,unassigned
68670,1177,unassigned
68671,1177,unassigned
68672,1177,unassigned
68673,1177,unassigned
68674,1177,unassigned
68675,1210,Astro-Epen
68676,1177,unassigned
68677,1177,unassigned
68678,1177,unassigned
68679,1191,Excitatory_Neuron
68680,1177,unassigned
68681,1191,Excitatory_Neuron
68682,1191,Excitatory_Neuron
68683,1177,unassigned
68684,1177,unassigned
68685,1686,Excitatory_Neuron
68686,1686,Excitatory_Neuron
68687,1688,unassigned
68688,1177,unassigned
68689,1177,unassigned
68690,1177,unassigned
68691,1177,unassigned
68692,1177,unassigned
68693,1177,unassigned
68694,1177,unassigned
68695,1177,unassigned
68696,1686,Excitatory_Neuron
68697,1686,Excitatory_Neuron
68698,1177,unassigned
68699,1215,unassigned
68700,1177,unassigned
68701,1177,unassigned
68702,1177,unassigned
68703,1177,unassigned
68704,1218,Excitatory_Neuron
68705,1177,unassigned
68706,1176,Excitatory_Neuron
68707,1176,Excitatory_Neuron
68708,1177,unassigned
68709,1191,Excitatory_Neuron
68710,1191,Excitatory_Neuron
68711,1192,Excitatory_Neuron
68712,1687,unassigned
68713,1177,unassigned
68714,1177,unassigned
68715,1176,Excitatory_Neuron
68716,1177,unassigned
68717,1215,unassigned
68718,1177,unassigned
68719,1210,Astro-Epen
68720,1177,unassigned
68721,1177,unassigned
68722,1685,unassigned
68723,1176,Excitatory_Neuron
68724,1191,Excitatory_Neuron
68725,1177,unassigned
68726,1177,unassigned
68727,1177,unassigned
68728,1177,unassigned
68729,1177,unassigned
68730,1177,unassigned
68731,1177,unassigned
68732,1176,Excitatory_Neuron
68733,1177,unassigned
68734,1176,Excitatory_Neuron
68735,1177,unassigned
68736,1177,unassigned
68737,1192,Excitatory_Neuron
68738,1192,Excitatory_Neuron
68739,1177,unassigned
68740,1192,Excitatory_Neuron
68741,1686,Excitatory_Neuron
68742,1177,unassigned
68743,1177,unassigned
68744,1177,unassigned
68745,1685,unassigned
68746,1177,unassigned
68747,1177,unassigned
68748,1177,unassigned
68749,1177,unassigned
68750,1192,Excitatory_Neuron
68751,1177,unassigned
68752,1177,unassigned
68753,1177,unassigned
68754,1191,Excitatory_Neuron
68755,1177,unassigned
68756,1215,unassigned
68757,1177,unassigned
68758,1177,unassigned
68759,1177,unassigned
68760,1177,unassigned
68761,1177,unassigned
68762,1191,Excitatory_Neuron
68763,1177,unassigned
68764,1177,unassigned
68765,1177,unassigned
68766,1177,unassigned
68767,1177,unassigned
68768,1177,unassigned
68769,1177,unassigned
68770,1218,Excitatory_Neuron
68771,1177,unassigned
68772,1192,Excitatory_Neuron
68773,1177,unassigned
68774,1177,unassigned
68775,1177,unassigned
68776,1192,Excitatory_Neuron
68777,1177,unassigned
68778,1688,unassigned
68779,1215,unassigned
68780,1215,unassigned
68781,1177,unassigned
68782,1218,Excitatory_Neuron
68783,1177,unassigned
68784,1177,unassigned
68785,1177,unassigned
68786,1177,unassigned
68787,1177,unassigned
68788,1177,unassigned
68789,1176,Excitatory_Neuron
68790,1177,unassigned
68791,1686,Excitatory_Neuron
68792,1177,unassigned
68793,1177,unassigned
68794,1177,unassigned
68795,1177,unassigned
68796,1177,unassigned
68797,1177,unassigned
68798,1192,Excitatory_Neuron
68799,1192,Excitatory_Neuron
68800,1177,unassigned
68801,1177,unassigned
68802,1177,unassigned
68803,1176,Excitatory_Neuron
68804,1177,unassigned
68805,1177,unassigned
68806,1191,Excitatory_Neuron
68807,1177,unassigned
68808,1177,unassigned
68809,1177,unassigned
68810,1688,unassigned
68811,1177,unassigned
68812,1177,unassigned
68813,1176,Excitatory_Neuron
68814,1177,unassigned
68815,1177,unassigned
68816,1177,unassigned
68817,1177,unassigned
68818,1177,unassigned
68819,1177,unassigned
68820,1177,unassigned
68821,1177,unassigned
68822,1685,unassigned
68823,1177,unassigned
68824,1177,unassigned
68825,1177,unassigned
68826,1177,unassigned
68827,1192,Excitatory_Neuron
68828,1177,unassigned
68829,1177,unassigned
68830,1177,unassigned
68831,1177,unassigned
68832,1191,Excitatory_Neuron
68833,1192,Excitatory_Neuron
68834,1177,unassigned
68835,1177,unassigned
68836,1177,unassigned
68837,1191,Excitatory_Neuron
68838,1177,unassigned
68839,1192,Excitatory_Neuron
68840,1192,Excitatory_Neuron
68841,1687,unassigned
68842,1177,unassigned
68843,1177,unassigned
68844,1191,Excitatory_Neuron
68845,1177,unassigned
68846,1177,unassigned
68847,1177,unassigned
68848,1177,unassigned
68849,1177,unassigned
68850,1177,unassigned
68851,1177,unassigned
68852,1177,unassigned
68853,1176,Excitatory_Neuron
68854,1191,Excitatory_Neuron
68855,1177,unassigned
68856,1177,unassigned
68857,1177,unassigned
68858,1177,unassigned
68859,1176,Excitatory_Neuron
68860,1177,unassigned
68861,1177,unassigned
68862,1177,unassigned
68863,1177,unassigned
68864,1177,unassigned
68865,1205,Excitatory_Neuron
68866,1177,unassigned
68867,1177,unassigned
68868,1177,unassigned
68869,1177,unassigned
68870,1177,unassigned
68871,1192,Excitatory_Neuron
68872,1177,unassigned
68873,1177,unassigned
68874,1177,unassigned
68875,1177,unassigned
68876,1177,unassigned
68877,1177,unassigned
68878,1177,unassigned
68879,1177,unassigned
68880,1177,unassigned
68881,1191,Excitatory_Neuron
68882,1192,Excitatory_Neuron
68883,1686,Excitatory_Neuron
68884,1192,Excitatory_Neuron
68885,1177,unassigned
68886,1177,unassigned
68887,1177,unassigned
68888,1177,unassigned
68889,1177,unassigned
68890,1177,unassigned
68891,1191,Excitatory_Neuron
68892,1177,unassigned
68893,1177,unassigned
68894,1192,Excitatory_Neuron
68895,1177,unassigned
68896,1689,Astro-Epen
68897,1177,unassigned
68898,1177,unassigned
68899,1177,unassigned
68900,1177,unassigned
68901,1177,unassigned
68902,1177,unassigned
68903,1177,unassigned
68904,1177,unassigned
68905,1177,unassigned
68906,1177,unassigned
68907,1177,unassigned
68908,1177,unassigned
68909,1177,unassigned
68910,1218,Excitatory_Neuron
68911,1176,Excitatory_Neuron
68912,1177,unassigned
68913,1177,unassigned
68914,1177,unassigned
68915,1192,Excitatory_Neuron
68916,1177,unassigned
68917,1177,unassigned
68918,1177,unassigned
68919,1177,unassigned
68920,1177,unassigned
68921,1215,unassigned
68922,1687,unassigned
68923,1177,unassigned
68924,1177,unassigned
68925,1177,unassigned
68926,1177,unassigned
68927,1177,unassigned
68928,1177,unassigned
68929,1177,unassigned
68930,1177,unassigned
68931,1176,Excitatory_Neuron
68932,1191,Excitatory_Neuron
68933,1177,unassigned
68934,1177,unassigned
68935,1192,Excitatory_Neuron
68936,1192,Excitatory_Neuron
68937,1177,unassigned
68938,1177,unassigned
68939,1177,unassigned
68940,1192,Excitatory_Neuron
68941,1192,Excitatory_Neuron
68942,1177,unassigned
68943,1177,unassigned
68944,1177,unassigned
68945,1177,unassigned
68946,1177,unassigned
68947,1177,unassigned
68948,1177,unassigned
68949,1191,Excitatory_Neuron
68950,1177,unassigned
68951,1177,unassigned
68952,1177,unassigned
68953,1177,unassigned
68954,1177,unassigned
68955,1177,unassigned
68956,1218,Excitatory_Neuron
68957,1177,unassigned
68958,1177,unassigned
68959,1687,unassigned
68960,1177,unassigned
68961,1177,unassigned
68962,1191,Excitatory_Neuron
68963,1191,Excitatory_Neuron
68964,1177,unassigned
68965,1177,unassigned
68966,1177,unassigned
68967,1177,unassigned
68968,1177,unassigned
68969,1177,unassigned
68970,1176,Excitatory_Neuron
68971,1177,unassigned
68972,1191,Excitatory_Neuron
68973,1177,unassigned
68974,1177,unassigned
68975,1177,unassigned
68976,1177,unassigned
68977,1177,unassigned
68978,1192,Excitatory_Neuron
68979,1688,unassigned
68980,1177,unassigned
68981,1177,unassigned
68982,1177,unassigned
68983,1177,unassigned
68984,1177,unassigned
68985,1177,unassigned
68986,1177,unassigned
68987,1177,unassigned
68988,1177,unassigned
68989,1177,unassigned
68990,1177,unassigned
68991,1177,unassigned
68992,1176,Excitatory_Neuron
68993,1177,unassigned
68994,1192,Excitatory_Neuron
68995,1177,unassigned
68996,1177,unassigned
68997,1177,unassigned
68998,1177,unassigned
68999,1192,Excitatory_Neuron
69000,1177,unassigned
69001,1177,unassigned
69002,1177,unassigned
69003,1176,Excitatory_Neuron
69004,1177,unassigned
69005,1177,unassigned
69006,1176,Excitatory_Neuron
69007,1177,unassigned
69008,1177,unassigned
69009,1192,Excitatory_Neuron
69010,1177,unassigned
69011,1177,unassigned
69012,1177,unassigned
69013,1177,unassigned
69014,1177,unassigned
69015,1177,unassigned
69016,1177,unassigned
69017,1192,Excitatory_Neuron
69018,1177,unassigned
69019,1177,unassigned
69020,1192,Excitatory_Neuron
69021,1192,Excitatory_Neuron
69022,1177,unassigned
69023,1177,unassigned
69024,1177,unassigned
69025,1177,unassigned
69026,1177,unassigned
69027,1192,Excitatory_Neuron
69028,1177,unassigned
69029,1177,unassigned
69030,1177,unassigned
69031,1176,Excitatory_Neuron
69032,1177,unassigned
69033,1177,unassigned
69034,1177,unassigned
69035,1177,unassigned
69036,1177,unassigned
69037,1177,unassigned
69038,1177,unassigned
69039,1177,unassigned
69040,1177,unassigned
69041,1177,unassigned
69042,1177,unassigned
69043,1177,unassigned
69044,1177,unassigned
69045,1177,unassigned
69046,1177,unassigned
69047,1177,unassigned
69048,1177,unassigned
69049,1177,unassigned
69050,1177,unassigned
69051,1177,unassigned
69052,1177,unassigned
69053,1177,unassigned
69054,1177,unassigned
69055,1177,unassigned
69056,1177,unassigned
69057,1177,unassigned
69058,1177,unassigned
69059,1177,unassigned
69060,1177,unassigned
69061,1177,unassigned
69062,1177,unassigned
69063,1177,unassigned
69064,1191,Excitatory_Neuron
69065,1177,unassigned
69066,1192,Excitatory_Neuron
69067,1177,unassigned
69068,1177,unassigned
69069,1218,Excitatory_Neuron
69070,1177,unassigned
69071,1177,unassigned
69072,1177,unassigned
69073,1685,unassigned
69074,1177,unassigned
69075,1210,Astro-Epen
69076,1689,Astro-Epen
69077,1177,unassigned
69078,1177,unassigned
69079,1177,unassigned
69080,1177,unassigned
69081,1177,unassigned
69082,1177,unassigned
69083,1177,unassigned
69084,1177,unassigned
69085,1218,Excitatory_Neuron
69086,1176,Excitatory_Neuron
69087,1177,unassigned
69088,1689,Astro-Epen
69089,1177,unassigned
69090,1218,Excitatory_Neuron
69091,1177,unassigned
69092,1177,unassigned
69093,1685,unassigned
69094,1177,unassigned
69095,1177,unassigned
69096,1192,Excitatory_Neuron
69097,1687,unassigned
69098,1177,unassigned
69099,1177,unassigned
69100,1192,Excitatory_Neuron
69101,1177,unassigned
69102,1688,unassigned
69103,1177,unassigned
69104,1689,Astro-Epen
69105,1177,unassigned
69106,1177,unassigned
69107,1177,unassigned
69108,1177,unassigned
69109,1177,unassigned
69110,1176,Excitatory_Neuron
69111,1177,unassigned
69112,1177,unassigned
69113,1177,unassigned
69114,1177,unassigned
69115,1177,unassigned
69116,1177,unassigned
69117,1689,Astro-Epen
69118,1177,unassigned
69119,1177,unassigned
69120,1177,unassigned
69121,1177,unassigned
69122,1177,unassigned
69123,1177,unassigned
69124,1177,unassigned
69125,1177,unassigned
69126,1177,unassigned
69127,1177,unassigned
69128,1177,unassigned
69129,1177,unassigned
69130,1176,Excitatory_Neuron
69131,1177,unassigned
69132,1192,Excitatory_Neuron
69133,1689,Astro-Epen
69134,1177,unassigned
69135,1177,unassigned
69136,1177,unassigned
69137,1177,unassigned
69138,1177,unassigned
69139,1176,Excitatory_Neuron
69140,1177,unassigned
69141,1177,unassigned
69142,1176,Excitatory_Neuron
69143,1177,unassigned
69144,1177,unassigned
69145,1177,unassigned
69146,1177,unassigned
69147,1177,unassigned
69148,1176,Excitatory_Neuron
69149,1177,unassigned
69150,1177,unassigned
69151,1688,unassigned
69152,1177,unassigned
69153,1177,unassigned
69154,1177,unassigned
69155,1177,unassigned
69156,1177,unassigned
69157,1177,unassigned
69158,1192,Excitatory_Neuron
69159,1177,unassigned
69160,1177,unassigned
69161,1177,unassigned
69162,1177,unassigned
69163,1192,Excitatory_Neuron
69164,1177,unassigned
69165,1177,unassigned
69166,1689,Astro-Epen
69167,1177,unassigned
69168,1210,Astro-Epen
69169,1177,unassigned
69170,1177,unassigned
69171,1177,unassigned
69172,1177,unassigned
69173,1177,unassigned
69174,1177,unassigned
69175,1177,unassigned
69176,1177,unassigned
69177,1177,unassigned
69178,1177,unassigned
69179,1177,unassigned
69180,1177,unassigned
69181,1177,unassigned
69182,1192,Excitatory_Neuron
69183,1177,unassigned
69184,1210,Astro-Epen
69185,1177,unassigned
69186,1177,unassigned
69187,1177,unassigned
69188,1177,unassigned
69189,1177,unassigned
69190,1177,unassigned
69191,1177,unassigned
69192,1687,unassigned
69193,1177,unassigned
69194,1177,unassigned
69195,1177,unassigned
69196,1177,unassigned
69197,1177,unassigned
69198,1177,unassigned
69199,1177,unassigned
69200,1689,Astro-Epen
69201,1177,unassigned
69202,1177,unassigned
69203,1177,unassigned
69204,1177,unassigned
69205,1689,Astro-Epen
69206,1177,unassigned
69207,1218,Excitatory_Neuron
69208,1177,unassigned
69209,1177,unassigned
69210,1177,unassigned
69211,1177,unassigned
69212,1177,unassigned
69213,1177,unassigned
69214,1192,Excitatory_Neuron
69215,1177,unassigned
69216,1177,unassigned
69217,1689,Astro-Epen
69218,1177,unassigned
69219,1687,unassigned
69220,1177,unassigned
69221,1177,unassigned
69222,1192,Excitatory_Neuron
69223,1177,unassigned
69224,1177,unassigned
69225,1689,Astro-Epen
69226,1177,unassigned
69227,1177,unassigned
69228,1177,unassigned
69229,1176,Excitatory_Neuron
69230,1176,Excitatory_Neuron
69231,1177,unassigned
69232,1176,Excitatory_Neuron
69233,1191,Excitatory_Neuron
69234,1177,unassigned
69235,1192,Excitatory_Neuron
69236,1177,unassigned
69237,1689,Astro-Epen
69238,1177,unassigned
69239,1177,unassigned
69240,1177,unassigned
69241,1177,unassigned
69242,1192,Excitatory_Neuron
69243,1177,unassigned
69244,1177,unassigned
69245,1177,unassigned
69246,1177,unassigned
69247,1177,unassigned
69248,1177,unassigned
69249,1177,unassigned
69250,1177,unassigned
69251,1177,unassigned
69252,1689,Astro-Epen
69253,1177,unassigned
69254,1177,unassigned
69255,1176,Excitatory_Neuron
69256,1177,unassigned
69257,1177,unassigned
69258,1176,Excitatory_Neuron
69259,1177,unassigned
69260,1177,unassigned
69261,1177,unassigned
69262,1687,unassigned
69263,1177,unassigned
69264,1177,unassigned
69265,1177,unassigned
69266,1176,Excitatory_Neuron
69267,1177,unassigned
69268,1177,unassigned
69269,1177,unassigned
69270,1191,Excitatory_Neuron
69271,1177,unassigned
69272,1177,unassigned
69273,1177,unassigned
69274,1177,unassigned
69275,1177,unassigned
69276,1176,Excitatory_Neuron
69277,1177,unassigned
69278,1177,unassigned
69279,1177,unassigned
69280,1177,unassigned
69281,1177,unassigned
69282,1686,Excitatory_Neuron
69283,1192,Excitatory_Neuron
69284,1177,unassigned
69285,1177,unassigned
69286,1177,unassigned
69287,1689,Astro-Epen
69288,1177,unassigned
69289,1226,Excitatory_Neuron
69290,1177,unassigned
69291,1176,Excitatory_Neuron
69292,1177,unassigned
69293,1177,unassigned
69294,1177,unassigned
69295,1192,Excitatory_Neuron
69296,1177,unassigned
69297,1177,unassigned
69298,1177,unassigned
69299,1177,unassigned
69300,1191,Excitatory_Neuron
69301,1177,unassigned
69302,1177,unassigned
69303,1177,unassigned
69304,1689,Astro-Epen
69305,1177,unassigned
69306,1177,unassigned
69307,1177,unassigned
69308,1177,unassigned
69309,1177,unassigned
69310,1177,unassigned
69311,1176,Excitatory_Neuron
69312,1177,unassigned
69313,1177,unassigned
69314,1177,unassigned
69315,1177,unassigned
69316,1689,Astro-Epen
69317,1177,unassigned
69318,1177,unassigned
69319,1177,unassigned
69320,1177,unassigned
69321,1177,unassigned
69322,1177,unassigned
69323,1176,Excitatory_Neuron
69324,1176,Excitatory_Neuron
69325,1177,unassigned
69326,1177,unassigned
69327,1177,unassigned
69328,1689,Astro-Epen
69329,1177,unassigned
69330,1177,unassigned
69331,1177,unassigned
69332,1218,Excitatory_Neuron
69333,1177,unassigned
69334,1177,unassigned
69335,1177,unassigned
69336,1177,unassigned
69337,1177,unassigned
69338,1177,unassigned
69339,1177,unassigned
69340,1177,unassigned
69341,1177,unassigned
69342,1177,unassigned
69343,1177,unassigned
69344,1686,Excitatory_Neuron
69345,1177,unassigned
69346,1689,Astro-Epen
69347,1177,unassigned
69348,1177,unassigned
69349,1218,Excitatory_Neuron
69350,1218,Excitatory_Neuron
69351,1177,unassigned
69352,1177,unassigned
69353,1177,unassigned
69354,1177,unassigned
69355,1192,Excitatory_Neuron
69356,1686,Excitatory_Neuron
69357,1177,unassigned
69358,1689,Astro-Epen
69359,1210,Astro-Epen
69360,1210,Astro-Epen
69361,1177,unassigned
69362,1218,Excitatory_Neuron
69363,1177,unassigned
69364,1177,unassigned
69365,1177,unassigned
69366,1177,unassigned
69367,1177,unassigned
69368,1177,unassigned
69369,1177,unassigned
69370,1177,unassigned
69371,1192,Excitatory_Neuron
69372,1192,Excitatory_Neuron
69373,1226,Excitatory_Neuron
69374,1177,unassigned
69375,1177,unassigned
69376,1177,unassigned
69377,1176,Excitatory_Neuron
69378,1192,Excitatory_Neuron
69379,1177,unassigned
69380,1177,unassigned
69381,1177,unassigned
69382,1177,unassigned
69383,1218,Excitatory_Neuron
69384,1177,unassigned
69385,1177,unassigned
69386,1177,unassigned
69387,1191,Excitatory_Neuron
69388,1177,unassigned
69389,1177,unassigned
69390,1192,Excitatory_Neuron
69391,1686,Excitatory_Neuron
69392,1686,Excitatory_Neuron
69393,1231,Immune
69394,1177,unassigned
69395,1177,unassigned
69396,1177,unassigned
69397,1226,Excitatory_Neuron
69398,1177,unassigned
69399,1177,unassigned
69400,1176,Excitatory_Neuron
69401,1177,unassigned
69402,1177,unassigned
69403,1689,Astro-Epen
69404,1210,Astro-Epen
69405,1205,Excitatory_Neuron
69406,1176,Excitatory_Neuron
69407,1176,Excitatory_Neuron
69408,1689,Astro-Epen
69409,1177,unassigned
69410,1177,unassigned
69411,1177,unassigned
69412,1177,unassigned
69413,1177,unassigned
69414,1218,Excitatory_Neuron
69415,1177,unassigned
69416,1177,unassigned
69417,1177,unassigned
69418,1192,Excitatory_Neuron
69419,1177,unassigned
69420,1177,unassigned
69421,1177,unassigned
69422,1177,unassigned
69423,1177,unassigned
69424,1177,unassigned
69425,1177,unassigned
69426,1176,Excitatory_Neuron
69427,1177,unassigned
69428,1191,Excitatory_Neuron
69429,1177,unassigned
69430,1177,unassigned
69431,1177,unassigned
69432,1177,unassigned
69433,1177,unassigned
69434,1177,unassigned
69435,1177,unassigned
69436,1176,Excitatory_Neuron
69437,1191,Excitatory_Neuron
69438,1177,unassigned
69439,1177,unassigned
69440,1177,unassigned
69441,1177,unassigned
69442,1177,unassigned
69443,1177,unassigned
69444,1177,unassigned
69445,1231,Immune
69446,1177,unassigned
69447,1177,unassigned
69448,1210,Astro-Epen
69449,1177,unassigned
69450,1177,unassigned
69451,1177,unassigned
69452,1176,Excitatory_Neuron
69453,1177,unassigned
69454,1176,Excitatory_Neuron
69455,1177,unassigned
69456,1177,unassigned
69457,1177,unassigned
69458,1177,unassigned
69459,1177,unassigned
69460,1177,unassigned
69461,1177,unassigned
69462,1177,unassigned
69463,1218,Excitatory_Neuron
69464,1177,unassigned
69465,1177,unassigned
69466,1177,unassigned
69467,1177,unassigned
69468,1177,unassigned
69469,1177,unassigned
69470,1177,unassigned
69471,1192,Excitatory_Neuron
69472,1177,unassigned
69473,1177,unassigned
69474,1177,unassigned
69475,1177,unassigned
69476,1177,unassigned
69477,1177,unassigned
69478,1177,unassigned
69479,1177,unassigned
69480,1210,Astro-Epen
69481,1218,Excitatory_Neuron
69482,1177,unassigned
69483,1191,Excitatory_Neuron
69484,1177,unassigned
69485,1686,Excitatory_Neuron
69486,1689,Astro-Epen
69487,1177,unassigned
69488,1177,unassigned
69489,1177,unassigned
69490,1177,unassigned
69491,1177,unassigned
69492,1177,unassigned
69493,1177,unassigned
69494,1218,Excitatory_Neuron
69495,1177,unassigned
69496,1177,unassigned
69497,1177,unassigned
69498,1177,unassigned
69499,1177,unassigned
69500,1192,Excitatory_Neuron
69501,1177,unassigned
69502,1177,unassigned
69503,1210,Astro-Epen
69504,1177,unassigned
69505,1177,unassigned
69506,1177,unassigned
69507,1176,Excitatory_Neuron
69508,1177,unassigned
69509,1177,unassigned
69510,1177,unassigned
69511,1177,unassigned
69512,1177,unassigned
69513,1177,unassigned
69514,1177,unassigned
69515,1177,unassigned
69516,1177,unassigned
69517,1689,Astro-Epen
69518,1177,unassigned
69519,1177,unassigned
69520,1177,unassigned
69521,1177,unassigned
69522,1177,unassigned
69523,1177,unassigned
69524,1177,unassigned
69525,1177,unassigned
69526,1177,unassigned
69527,1177,unassigned
69528,1177,unassigned
69529,1177,unassigned
69530,1177,unassigned
69531,1218,Excitatory_Neuron
69532,1177,unassigned
69533,1177,unassigned
69534,1177,unassigned
69535,1177,unassigned
69536,1177,unassigned
69537,1688,unassigned
69538,1177,unassigned
69539,1689,Astro-Epen
69540,1687,unassigned
69541,1177,unassigned
69542,1177,unassigned
69543,1177,unassigned
69544,1177,unassigned
69545,1177,unassigned
69546,1177,unassigned
69547,1177,unassigned
69548,1177,unassigned
69549,1177,unassigned
69550,1177,unassigned
69551,1177,unassigned
69552,1177,unassigned
69553,1177,unassigned
69554,1177,unassigned
69555,1177,unassigned
69556,1177,unassigned
69557,1177,unassigned
69558,1218,Excitatory_Neuron
69559,1177,unassigned
69560,1177,unassigned
69561,1177,unassigned
69562,1177,unassigned
69563,1177,unassigned
69564,1177,unassigned
69565,1177,unassigned
69566,1177,unassigned
69567,1177,unassigned
69568,1177,unassigned
69569,1177,unassigned
69570,1177,unassigned
69571,1177,unassigned
69572,1177,unassigned
69573,1192,Excitatory_Neuron
69574,1177,unassigned
69575,1177,unassigned
69576,1210,Astro-Epen
69577,1177,unassigned
69578,1177,unassigned
69579,1177,unassigned
69580,1177,unassigned
69581,1177,unassigned
69582,1177,unassigned
69583,1177,unassigned
69584,1177,unassigned
69585,1177,unassigned
69586,1177,unassigned
69587,1177,unassigned
69588,1177,unassigned
69589,1177,unassigned
69590,1177,unassigned
69591,1177,unassigned
69592,1177,unassigned
69593,1177,unassigned
69594,1177,unassigned
69595,1177,unassigned
69596,1177,unassigned
69597,1177,unassigned
69598,1177,unassigned
69599,1177,unassigned
69600,1177,unassigned
69601,1177,unassigned
69602,1177,unassigned
69603,1177,unassigned
69604,1177,unassigned
69605,1177,unassigned
69606,1177,unassigned
69607,1177,unassigned
69608,1177,unassigned
69609,1177,unassigned
69610,1177,unassigned
69611,1177,unassigned
69612,1177,unassigned
69613,1177,unassigned
69614,1177,unassigned
69615,1177,unassigned
69616,1177,unassigned
69617,1177,unassigned
69618,1177,unassigned
69619,1177,unassigned
69620,1177,unassigned
69621,1177,unassigned
69622,1177,unassigned
69623,1191,Excitatory_Neuron
69624,1686,Excitatory_Neuron
69625,1177,unassigned
69626,1231,Immune
69627,1177,unassigned
69628,1177,unassigned
69629,1177,unassigned
69630,1177,unassigned
69631,1177,unassigned
69632,1177,unassigned
69633,1177,unassigned
69634,1177,unassigned
69635,1177,unassigned
69636,1177,unassigned
69637,1191,Excitatory_Neuron
69638,1177,unassigned
69639,1177,unassigned
69640,1192,Excitatory_Neuron
69641,1177,unassigned
69642,1177,unassigned
69643,1177,unassigned
69644,1177,unassigned
69645,1177,unassigned
69646,1177,unassigned
69647,1177,unassigned
69648,1177,unassigned
69649,1177,unassigned
69650,1177,unassigned
69651,1177,unassigned
69652,1177,unassigned
69653,1177,unassigned
69654,1177,unassigned
69655,1177,unassigned
69656,1177,unassigned
69657,1177,unassigned
69658,1177,unassigned
69659,1177,unassigned
69660,1191,Excitatory_Neuron
69661,1192,Excitatory_Neuron
69662,1177,unassigned
69663,1177,unassigned
69664,1177,unassigned
69665,1177,unassigned
69666,1177,unassigned
69667,1177,unassigned
69668,1177,unassigned
69669,1177,unassigned
69670,1177,unassigned
69671,1177,unassigned
69672,1191,Excitatory_Neuron
69673,1177,unassigned
69674,1177,unassigned
69675,1177,unassigned
69676,1177,unassigned
69677,1177,unassigned
69678,1177,unassigned
69679,1192,Excitatory_Neuron
69680,1192,Excitatory_Neuron
69681,1177,unassigned
69682,1177,unassigned
69683,1689,Astro-Epen
69684,1177,unassigned
69685,1177,unassigned
69686,1177,unassigned
69687,1177,unassigned
69688,1177,unassigned
69689,1177,unassigned
69690,1177,unassigned
69691,1177,unassigned
69692,1177,unassigned
69693,1192,Excitatory_Neuron
69694,1177,unassigned
69695,1177,unassigned
69696,1177,unassigned
69697,1177,unassigned
69698,1177,unassigned
69699,1177,unassigned
69700,1177,unassigned
69701,1686,Excitatory_Neuron
69702,1177,unassigned
69703,1177,unassigned
69704,1177,unassigned
69705,1177,unassigned
69706,1177,unassigned
69707,1177,unassigned
69708,1177,unassigned
69709,1177,unassigned
69710,1177,unassigned
69711,1191,Excitatory_Neuron
69712,1177,unassigned
69713,1177,unassigned
69714,1177,unassigned
69715,1177,unassigned
69716,1177,unassigned
69717,1177,unassigned
69718,1177,unassigned
69719,1177,unassigned
69720,1177,unassigned
69721,1177,unassigned
69722,1176,Excitatory_Neuron
69723,1177,unassigned
69724,1177,unassigned
69725,1686,Excitatory_Neuron
69726,1177,unassigned
69727,1177,unassigned
69728,1177,unassigned
69729,1177,unassigned
69730,1177,unassigned
69731,1192,Excitatory_Neuron
69732,1192,Excitatory_Neuron
69733,1177,unassigned
69734,1177,unassigned
69735,1177,unassigned
69736,1177,unassigned
69737,1177,unassigned
69738,1177,unassigned
69739,1177,unassigned
69740,1177,unassigned
69741,1191,Excitatory_Neuron
69742,1177,unassigned
69743,1177,unassigned
69744,1688,unassigned
69745,1177,unassigned
69746,1177,unassigned
69747,1177,unassigned
69748,1177,unassigned
69749,1177,unassigned
69750,1191,Excitatory_Neuron
69751,1191,Excitatory_Neuron
69752,1192,Excitatory_Neuron
69753,1177,unassigned
69754,1689,Astro-Epen
69755,1192,Excitatory_Neuron
69756,1192,Excitatory_Neuron
69757,1177,unassigned
69758,1177,unassigned
69759,1689,Astro-Epen
69760,1177,unassigned
69761,1177,unassigned
69762,1177,unassigned
69763,1177,unassigned
69764,1177,unassigned
69765,1177,unassigned
69766,1177,unassigned
69767,1177,unassigned
69768,1176,Excitatory_Neuron
69769,1176,Excitatory_Neuron
69770,1177,unassigned
69771,1177,unassigned
69772,1177,unassigned
69773,1177,unassigned
69774,1177,unassigned
69775,1177,unassigned
69776,1191,Excitatory_Neuron
69777,1177,unassigned
69778,1177,unassigned
69779,1177,unassigned
69780,1177,unassigned
69781,1226,Excitatory_Neuron
69782,1177,unassigned
69783,1177,unassigned
69784,1177,unassigned
69785,1177,unassigned
69786,1177,unassigned
69787,1177,unassigned
69788,1177,unassigned
69789,1192,Excitatory_Neuron
69790,1177,unassigned
69791,1177,unassigned
69792,1177,unassigned
69793,1177,unassigned
69794,1177,unassigned
69795,1177,unassigned
69796,1177,unassigned
69797,1177,unassigned
69798,1177,unassigned
69799,1177,unassigned
69800,1177,unassigned
69801,1177,unassigned
69802,1177,unassigned
69803,1177,unassigned
69804,1177,unassigned
69805,1177,unassigned
69806,1176,Excitatory_Neuron
69807,1177,unassigned
69808,1177,unassigned
69809,1177,unassigned
69810,1177,unassigned
69811,1689,Astro-Epen
69812,1177,unassigned
69813,1177,unassigned
69814,1177,unassigned
69815,1177,unassigned
69816,1177,unassigned
69817,1177,unassigned
69818,1177,unassigned
69819,1177,unassigned
69820,1177,unassigned
69821,1177,unassigned
69822,1177,unassigned
69823,1177,unassigned
69824,1177,unassigned
69825,1177,unassigned
69826,1177,unassigned
69827,1177,unassigned
69828,1218,Excitatory_Neuron
69829,1177,unassigned
69830,1192,Excitatory_Neuron
69831,1177,unassigned
69832,1177,unassigned
69833,1177,unassigned
69834,1177,unassigned
69835,1177,unassigned
69836,1210,Astro-Epen
69837,1177,unassigned
69838,1218,Excitatory_Neuron
69839,1177,unassigned
69840,1177,unassigned
69841,1192,Excitatory_Neuron
69842,1177,unassigned
69843,1177,unassigned
69844,1177,unassigned
69845,1177,unassigned
69846,1689,Astro-Epen
69847,1689,Astro-Epen
69848,1177,unassigned
69849,1177,unassigned
69850,1218,Excitatory_Neuron
69851,1177,unassigned
69852,1176,Excitatory_Neuron
69853,1177,unassigned
69854,1177,unassigned
69855,1177,unassigned
69856,1177,unassigned
69857,1177,unassigned
69858,1177,unassigned
69859,1177,unassigned
69860,1177,unassigned
69861,1177,unassigned
69862,1192,Excitatory_Neuron
69863,1177,unassigned
69864,1177,unassigned
69865,1177,unassigned
69866,1177,unassigned
69867,1177,unassigned
69868,1177,unassigned
69869,1177,unassigned
69870,1176,Excitatory_Neuron
69871,1192,Excitatory_Neuron
69872,1177,unassigned
69873,1689,Astro-Epen
69874,1177,unassigned
69875,1689,Astro-Epen
69876,1177,unassigned
69877,1177,unassigned
69878,1177,unassigned
69879,1177,unassigned
69880,1177,unassigned
69881,1177,unassigned
69882,1177,unassigned
69883,1177,unassigned
69884,1177,unassigned
69885,1177,unassigned
69886,1192,Excitatory_Neuron
69887,1177,unassigned
69888,1177,unassigned
69889,1177,unassigned
69890,1177,unassigned
69891,1177,unassigned
69892,1177,unassigned
69893,1177,unassigned
69894,1177,unassigned
69895,1177,unassigned
69896,1177,unassigned
69897,1177,unassigned
69898,1177,unassigned
69899,1177,unassigned
69900,1177,unassigned
69901,1689,Astro-Epen
69902,1177,unassigned
69903,1689,Astro-Epen
69904,1177,unassigned
69905,1177,unassigned
69906,1177,unassigned
69907,1218,Excitatory_Neuron
69908,1176,Excitatory_Neuron
69909,1176,Excitatory_Neuron
69910,1177,unassigned
69911,1177,unassigned
69912,1177,unassigned
69913,1177,unassigned
69914,1177,unassigned
69915,1177,unassigned
69916,1177,unassigned
69917,1177,unassigned
69918,1177,unassigned
69919,1177,unassigned
69920,1177,unassigned
69921,1176,Excitatory_Neuron
69922,1177,unassigned
69923,1255,unassigned
69924,1177,unassigned
69925,1177,unassigned
69926,1177,unassigned
69927,1689,Astro-Epen
69928,1177,unassigned
69929,1177,unassigned
69930,1177,unassigned
69931,1177,unassigned
69932,1177,unassigned
69933,1177,unassigned
69934,1177,unassigned
69935,1177,unassigned
69936,1177,unassigned
69937,1689,Astro-Epen
69938,1177,unassigned
69939,1210,Astro-Epen
69940,1177,unassigned
69941,1177,unassigned
69942,1177,unassigned
69943,1177,unassigned
69944,1177,unassigned
69945,1177,unassigned
69946,1177,unassigned
69947,1177,unassigned
69948,1177,unassigned
69949,1191,Excitatory_Neuron
69950,1177,unassigned
69951,1192,Excitatory_Neuron
69952,1192,Excitatory_Neuron
69953,1231,Immune
69954,1177,unassigned
69955,1177,unassigned
69956,1177,unassigned
69957,1177,unassigned
69958,1177,unassigned
69959,1177,unassigned
69960,1176,Excitatory_Neuron
69961,1177,unassigned
69962,1177,unassigned
69963,1192,Excitatory_Neuron
69964,1177,unassigned
69965,1192,Excitatory_Neuron
69966,1177,unassigned
69967,1177,unassigned
69968,1177,unassigned
69969,1177,unassigned
69970,1177,unassigned
69971,1177,unassigned
69972,1177,unassigned
69973,1177,unassigned
69974,1177,unassigned
69975,1177,unassigned
69976,1191,Excitatory_Neuron
69977,1177,unassigned
69978,1177,unassigned
69979,1177,unassigned
69980,1177,unassigned
69981,1177,unassigned
69982,1177,unassigned
69983,1177,unassigned
69984,1177,unassigned
69985,1177,unassigned
69986,1177,unassigned
69987,1177,unassigned
69988,1176,Excitatory_Neuron
69989,1177,unassigned
69990,1177,unassigned
69991,1177,unassigned
69992,1177,unassigned
69993,1177,unassigned
69994,1177,unassigned
69995,1176,Excitatory_Neuron
69996,1177,unassigned
69997,1177,unassigned
69998,1177,unassigned
69999,1218,Excitatory_Neuron
70000,1177,unassigned
70001,1176,Excitatory_Neuron
70002,1177,unassigned
70003,1176,Excitatory_Neuron
70004,1177,unassigned
70005,1177,unassigned
70006,1177,unassigned
70007,1177,unassigned
70008,1177,unassigned
70009,1177,unassigned
70010,1177,unassigned
70011,1177,unassigned
70012,1177,unassigned
70013,1218,Excitatory_Neuron
70014,1177,unassigned
70015,1177,unassigned
70016,1177,unassigned
70017,1192,Excitatory_Neuron
70018,1192,Excitatory_Neuron
70019,1177,unassigned
70020,1177,unassigned
70021,1177,unassigned
70022,1177,unassigned
70023,1177,unassigned
70024,1177,unassigned
70025,1177,unassigned
70026,1177,unassigned
70027,1177,unassigned
70028,1177,unassigned
70029,1177,unassigned
70030,1177,unassigned
70031,1177,unassigned
70032,1689,Astro-Epen
70033,1177,unassigned
70034,1176,Excitatory_Neuron
70035,1177,unassigned
70036,1177,unassigned
70037,1177,unassigned
70038,1177,unassigned
70039,1177,unassigned
70040,1176,Excitatory_Neuron
70041,1177,unassigned
70042,1177,unassigned
70043,1177,unassigned
70044,1177,unassigned
70045,1210,Astro-Epen
70046,1177,unassigned
70047,1177,unassigned
70048,1177,unassigned
70049,1192,Excitatory_Neuron
70050,1177,unassigned
70051,1177,unassigned
70052,1177,unassigned
70053,1177,unassigned
70054,1177,unassigned
70055,1176,Excitatory_Neuron
70056,1192,Excitatory_Neuron
70057,1177,unassigned
70058,1177,unassigned
70059,1177,unassigned
70060,1192,Excitatory_Neuron
70061,1177,unassigned
70062,1689,Astro-Epen
70063,1210,Astro-Epen
70064,1176,Excitatory_Neuron
70065,1177,unassigned
70066,1176,Excitatory_Neuron
70067,1192,Excitatory_Neuron
70068,1177,unassigned
70069,1177,unassigned
70070,1177,unassigned
70071,1177,unassigned
70072,1177,unassigned
70073,1689,Astro-Epen
70074,1177,unassigned
70075,1192,Excitatory_Neuron
70076,1177,unassigned
70077,1223,Astro-Epen
70078,1177,unassigned
70079,1177,unassigned
70080,1177,unassigned
70081,1177,unassigned
70082,1177,unassigned
70083,1177,unassigned
70084,1177,unassigned
70085,1689,Astro-Epen
70086,1218,Excitatory_Neuron
70087,1177,unassigned
70088,1177,unassigned
70089,1177,unassigned
70090,1177,unassigned
70091,1210,Astro-Epen
70092,1218,Excitatory_Neuron
70093,1177,unassigned
70094,1177,unassigned
70095,1176,Excitatory_Neuron
70096,1192,Excitatory_Neuron
70097,1689,Astro-Epen
70098,1177,unassigned
70099,1177,unassigned
70100,1176,Excitatory_Neuron
70101,1177,unassigned
70102,1177,unassigned
70103,1177,unassigned
70104,1177,unassigned
70105,1210,Astro-Epen
70106,1210,Astro-Epen
70107,1210,Astro-Epen
70108,1177,unassigned
70109,1177,unassigned
70110,1177,unassigned
70111,1177,unassigned
70112,1177,unassigned
70113,1177,unassigned
70114,1210,Astro-Epen
70115,1177,unassigned
70116,1176,Excitatory_Neuron
70117,1177,unassigned
70118,1177,unassigned
70119,1177,unassigned
70120,1177,unassigned
70121,1177,unassigned
70122,1177,unassigned
70123,1210,Astro-Epen
70124,1210,Astro-Epen
70125,1177,unassigned
70126,1177,unassigned
70127,1177,unassigned
70128,1177,unassigned
70129,1177,unassigned
70130,1177,unassigned
70131,1689,Astro-Epen
70132,1177,unassigned
70133,1177,unassigned
70134,1177,unassigned
70135,1177,unassigned
70136,1177,unassigned
70137,1690,unassigned
70138,1210,Astro-Epen
70139,1177,unassigned
70140,1177,unassigned
70141,1177,unassigned
70142,1691,unassigned
70143,1177,unassigned
70144,1177,unassigned
70145,1177,unassigned
70146,1231,Immune
70147,1177,unassigned
70148,1177,unassigned
70149,1177,unassigned
70150,1177,unassigned
70151,1177,unassigned
70152,1218,Excitatory_Neuron
70153,1177,unassigned
70154,1177,unassigned
70155,1176,Excitatory_Neuron
70156,1177,unassigned
70157,1177,unassigned
70158,1177,unassigned
70159,1689,Astro-Epen
70160,1177,unassigned
70161,1177,unassigned
70162,1177,unassigned
70163,1210,Astro-Epen
70164,1191,Excitatory_Neuron
70165,1177,unassigned
70166,1177,unassigned
70167,1177,unassigned
70168,1177,unassigned
70169,1177,unassigned
70170,1689,Astro-Epen
70171,1689,Astro-Epen
70172,1689,Astro-Epen
70173,1177,unassigned
70174,1177,unassigned
70175,1177,unassigned
70176,1176,Excitatory_Neuron
70177,1691,unassigned
70178,1177,unassigned
70179,1177,unassigned
70180,1177,unassigned
70181,1177,unassigned
70182,1177,unassigned
70183,1177,unassigned
70184,1177,unassigned
70185,1210,Astro-Epen
70186,1218,Excitatory_Neuron
70187,1176,Excitatory_Neuron
70188,1177,unassigned
70189,1177,unassigned
70190,1177,unassigned
70191,1177,unassigned
70192,1177,unassigned
70193,1177,unassigned
70194,1191,Excitatory_Neuron
70195,1177,unassigned
70196,1192,Excitatory_Neuron
70197,1177,unassigned
70198,1177,unassigned
70199,1177,unassigned
70200,1177,unassigned
70201,1177,unassigned
70202,1210,Astro-Epen
70203,1177,unassigned
70204,1177,unassigned
70205,1192,Excitatory_Neuron
70206,1177,unassigned
70207,1177,unassigned
70208,1177,unassigned
70209,1177,unassigned
70210,1177,unassigned
70211,1177,unassigned
70212,1177,unassigned
70213,1176,Excitatory_Neuron
70214,1177,unassigned
70215,1177,unassigned
70216,1689,Astro-Epen
70217,1177,unassigned
70218,1177,unassigned
70219,1691,unassigned
70220,1177,unassigned
70221,1177,unassigned
70222,1177,unassigned
70223,1177,unassigned
70224,1177,unassigned
70225,1177,unassigned
70226,1177,unassigned
70227,1177,unassigned
70228,1177,unassigned
70229,1177,unassigned
70230,1192,Excitatory_Neuron
70231,1177,unassigned
70232,1177,unassigned
70233,1177,unassigned
70234,1177,unassigned
70235,1177,unassigned
70236,1177,unassigned
70237,1691,unassigned
70238,1177,unassigned
70239,1177,unassigned
70240,1177,unassigned
70241,1177,unassigned
70242,1177,unassigned
70243,1191,Excitatory_Neuron
70244,1177,unassigned
70245,1231,Immune
70246,1177,unassigned
70247,1177,unassigned
70248,1176,Excitatory_Neuron
70249,1192,Excitatory_Neuron
70250,1177,unassigned
70251,1177,unassigned
70252,1177,unassigned
70253,1177,unassigned
70254,1218,Excitatory_Neuron
70255,1176,Excitatory_Neuron
70256,1177,unassigned
70257,1177,unassigned
70258,1177,unassigned
70259,1177,unassigned
70260,1177,unassigned
70261,1177,unassigned
70262,1210,Astro-Epen
70263,1177,unassigned
70264,1177,unassigned
70265,1177,unassigned
70266,1177,unassigned
70267,1176,Excitatory_Neuron
70268,1177,unassigned
70269,1177,unassigned
70270,1177,unassigned
70271,1177,unassigned
70272,1177,unassigned
70273,1177,unassigned
70274,1177,unassigned
70275,1177,unassigned
70276,1177,unassigned
70277,1177,unassigned
70278,1177,unassigned
70279,1177,unassigned
70280,1177,unassigned
70281,1177,unassigned
70282,1177,unassigned
70283,1177,unassigned
70284,1177,unassigned
70285,1177,unassigned
70286,1177,unassigned
70287,1177,unassigned
70288,1177,unassigned
70289,1176,Excitatory_Neuron
70290,1177,unassigned
70291,1177,unassigned
70292,1177,unassigned
70293,1226,Excitatory_Neuron
70294,1177,unassigned
70295,1177,unassigned
70296,1177,unassigned
70297,1691,unassigned
70298,1255,unassigned
70299,1177,unassigned
70300,1177,unassigned
70301,1689,Astro-Epen
70302,1218,Excitatory_Neuron
70303,1177,unassigned
70304,1177,unassigned
70305,1176,Excitatory_Neuron
70306,1691,unassigned
70307,1177,unassigned
70308,1177,unassigned
70309,1177,unassigned
70310,1177,unassigned
70311,1689,Astro-Epen
70312,1177,unassigned
70313,1177,unassigned
70314,1177,unassigned
70315,1177,unassigned
70316,1177,unassigned
70317,1177,unassigned
70318,1177,unassigned
70319,1177,unassigned
70320,1177,unassigned
70321,1177,unassigned
70322,1177,unassigned
70323,1192,Excitatory_Neuron
70324,1177,unassigned
70325,1177,unassigned
70326,1177,unassigned
70327,1177,unassigned
70328,1177,unassigned
70329,1177,unassigned
70330,1210,Astro-Epen
70331,1177,unassigned
70332,1177,unassigned
70333,1177,unassigned
70334,1218,Excitatory_Neuron
70335,1177,unassigned
70336,1177,unassigned
70337,1177,unassigned
70338,1177,unassigned
70339,1177,unassigned
70340,1177,unassigned
70341,1689,Astro-Epen
70342,1177,unassigned
70343,1177,unassigned
70344,1177,unassigned
70345,1177,unassigned
70346,1177,unassigned
70347,1177,unassigned
70348,1231,Immune
70349,1177,unassigned
70350,1177,unassigned
70351,1177,unassigned
70352,1177,unassigned
70353,1177,unassigned
70354,1177,unassigned
70355,1177,unassigned
70356,1177,unassigned
70357,1177,unassigned
70358,1177,unassigned
70359,1177,unassigned
70360,1177,unassigned
70361,1177,unassigned
70362,1177,unassigned
70363,1177,unassigned
70364,1177,unassigned
70365,1177,unassigned
70366,1177,unassigned
70367,1177,unassigned
70368,1691,unassigned
70369,1177,unassigned
70370,1177,unassigned
70371,1177,unassigned
70372,1177,unassigned
70373,1177,unassigned
70374,1177,unassigned
70375,1218,Excitatory_Neuron
70376,1177,unassigned
70377,1691,unassigned
70378,1691,unassigned
70379,1176,Excitatory_Neuron
70380,1177,unassigned
70381,1177,unassigned
70382,1231,Immune
70383,1689,Astro-Epen
70384,1210,Astro-Epen
70385,1177,unassigned
70386,1177,unassigned
70387,1177,unassigned
70388,1176,Excitatory_Neuron
70389,1689,Astro-Epen
70390,1177,unassigned
70391,1177,unassigned
70392,1177,unassigned
70393,1177,unassigned
70394,1177,unassigned
70395,1218,Excitatory_Neuron
70396,1218,Excitatory_Neuron
70397,1176,Excitatory_Neuron
70398,1255,unassigned
70399,1177,unassigned
70400,1192,Excitatory_Neuron
70401,1177,unassigned
70402,1177,unassigned
70403,1177,unassigned
70404,1177,unassigned
70405,1177,unassigned
70406,1177,unassigned
70407,1177,unassigned
70408,1177,unassigned
70409,1177,unassigned
70410,1177,unassigned
70411,1177,unassigned
70412,1177,unassigned
70413,1177,unassigned
70414,1177,unassigned
70415,1177,unassigned
70416,1177,unassigned
70417,1691,unassigned
70418,1177,unassigned
70419,1177,unassigned
70420,1177,unassigned
70421,1177,unassigned
70422,1177,unassigned
70423,1177,unassigned
70424,1177,unassigned
70425,1177,unassigned
70426,1176,Excitatory_Neuron
70427,1176,Excitatory_Neuron
70428,1177,unassigned
70429,1177,unassigned
70430,1192,Excitatory_Neuron
70431,1177,unassigned
70432,1177,unassigned
70433,1177,unassigned
70434,1177,unassigned
70435,1177,unassigned
70436,1177,unassigned
70437,1177,unassigned
70438,1177,unassigned
70439,1231,Immune
70440,1177,unassigned
70441,1177,unassigned
70442,1210,Astro-Epen
70443,1177,unassigned
70444,1177,unassigned
70445,1177,unassigned
70446,1218,Excitatory_Neuron
70447,1176,Excitatory_Neuron
70448,1177,unassigned
70449,1177,unassigned
70450,1690,unassigned
70451,1177,unassigned
70452,1218,Excitatory_Neuron
70453,1177,unassigned
70454,1177,unassigned
70455,1255,unassigned
70456,1177,unassigned
70457,1192,Excitatory_Neuron
70458,1177,unassigned
70459,1177,unassigned
70460,1177,unassigned
70461,1177,unassigned
70462,1177,unassigned
70463,1177,unassigned
70464,1177,unassigned
70465,1177,unassigned
70466,1255,unassigned
70467,1177,unassigned
70468,1177,unassigned
70469,1177,unassigned
70470,1177,unassigned
70471,1177,unassigned
70472,1177,unassigned
70473,1177,unassigned
70474,1177,unassigned
70475,1177,unassigned
70476,1177,unassigned
70477,1177,unassigned
70478,1177,unassigned
70479,1177,unassigned
70480,1177,unassigned
70481,1177,unassigned
70482,1177,unassigned
70483,1177,unassigned
70484,1177,unassigned
70485,1177,unassigned
70486,1177,unassigned
70487,1177,unassigned
70488,1177,unassigned
70489,1689,Astro-Epen
70490,1177,unassigned
70491,1177,unassigned
70492,1177,unassigned
70493,1689,Astro-Epen
70494,1177,unassigned
70495,1177,unassigned
70496,1177,unassigned
70497,1690,unassigned
70498,1177,unassigned
70499,1689,Astro-Epen
70500,1177,unassigned
70501,1177,unassigned
70502,1177,unassigned
70503,1691,unassigned
70504,1177,unassigned
70505,1177,unassigned
70506,1176,Excitatory_Neuron
70507,1177,unassigned
70508,1177,unassigned
70509,1177,unassigned
70510,1177,unassigned
70511,1177,unassigned
70512,1177,unassigned
70513,1177,unassigned
70514,1226,Excitatory_Neuron
70515,1177,unassigned
70516,1177,unassigned
70517,1177,unassigned
70518,1218,Excitatory_Neuron
70519,1176,Excitatory_Neuron
70520,1177,unassigned
70521,1177,unassigned
70522,1177,unassigned
70523,1177,unassigned
70524,1690,unassigned
70525,1177,unassigned
70526,1177,unassigned
70527,1689,Astro-Epen
70528,1177,unassigned
70529,1177,unassigned
70530,1177,unassigned
70531,1177,unassigned
70532,1177,unassigned
70533,1177,unassigned
70534,1177,unassigned
70535,1177,unassigned
70536,1177,unassigned
70537,1690,unassigned
70538,1177,unassigned
70539,1177,unassigned
70540,1177,unassigned
70541,1177,unassigned
70542,1177,unassigned
70543,1177,unassigned
70544,1177,unassigned
70545,1177,unassigned
70546,1177,unassigned
70547,1177,unassigned
70548,1177,unassigned
70549,1177,unassigned
70550,1176,Excitatory_Neuron
70551,1177,unassigned
70552,1177,unassigned
70553,1690,unassigned
70554,1177,unassigned
70555,1210,Astro-Epen
70556,1177,unassigned
70557,1177,unassigned
70558,1177,unassigned
70559,1177,unassigned
70560,1177,unassigned
70561,1177,unassigned
70562,1177,unassigned
70563,1177,unassigned
70564,1177,unassigned
70565,1177,unassigned
70566,1177,unassigned
70567,1177,unassigned
70568,1177,unassigned
70569,1177,unassigned
70570,1210,Astro-Epen
70571,1177,unassigned
70572,1177,unassigned
70573,1177,unassigned
70574,1262,unassigned
70575,1177,unassigned
70576,1177,unassigned
70577,1177,unassigned
70578,1177,unassigned
70579,1689,Astro-Epen
70580,1218,Excitatory_Neuron
70581,1176,Excitatory_Neuron
70582,1177,unassigned
70583,1192,Excitatory_Neuron
70584,1177,unassigned
70585,1177,unassigned
70586,1177,unassigned
70587,1210,Astro-Epen
70588,1177,unassigned
70589,1177,unassigned
70590,1218,Excitatory_Neuron
70591,1177,unassigned
70592,1176,Excitatory_Neuron
70593,1177,unassigned
70594,1176,Excitatory_Neuron
70595,1177,unassigned
70596,1177,unassigned
70597,1177,unassigned
70598,1177,unassigned
70599,1177,unassigned
70600,1226,Excitatory_Neuron
70601,1177,unassigned
70602,1177,unassigned
70603,1691,unassigned
70604,1177,unassigned
70605,1177,unassigned
70606,1177,unassigned
70607,1192,Excitatory_Neuron
70608,1177,unassigned
70609,1210,Astro-Epen
70610,1176,Excitatory_Neuron
70611,1177,unassigned
70612,1177,unassigned
70613,1177,unassigned
70614,1177,unassigned
70615,1177,unassigned
70616,1177,unassigned
70617,1177,unassigned
70618,1177,unassigned
70619,1177,unassigned
70620,1177,unassigned
70621,1218,Excitatory_Neuron
70622,1177,unassigned
70623,1177,unassigned
70624,1192,Excitatory_Neuron
70625,1177,unassigned
70626,1177,unassigned
70627,1177,unassigned
70628,1177,unassigned
70629,1177,unassigned
70630,1177,unassigned
70631,1177,unassigned
70632,1177,unassigned
70633,1177,unassigned
70634,1177,unassigned
70635,1177,unassigned
70636,1177,unassigned
70637,1177,unassigned
70638,1177,unassigned
70639,1177,unassigned
70640,1177,unassigned
70641,1177,unassigned
70642,1210,Astro-Epen
70643,1177,unassigned
70644,1177,unassigned
70645,1177,unassigned
70646,1176,Excitatory_Neuron
70647,1255,unassigned
70648,1177,unassigned
70649,1177,unassigned
70650,1177,unassigned
70651,1210,Astro-Epen
70652,1177,unassigned
70653,1177,unassigned
70654,1177,unassigned
70655,1177,unassigned
70656,1176,Excitatory_Neuron
70657,1177,unassigned
70658,1177,unassigned
70659,1177,unassigned
70660,1177,unassigned
70661,1177,unassigned
70662,1177,unassigned
70663,1177,unassigned
70664,1177,unassigned
70665,1177,unassigned
70666,1177,unassigned
70667,1177,unassigned
70668,1177,unassigned
70669,1176,Excitatory_Neuron
70670,1177,unassigned
70671,1177,unassigned
70672,1177,unassigned
70673,1177,unassigned
70674,1177,unassigned
70675,1177,unassigned
70676,1177,unassigned
70677,1177,unassigned
70678,1177,unassigned
70679,1177,unassigned
70680,1176,Excitatory_Neuron
70681,1691,unassigned
70682,1691,unassigned
70683,1177,unassigned
70684,1177,unassigned
70685,1177,unassigned
70686,1177,unassigned
70687,1218,Excitatory_Neuron
70688,1246,unassigned
70689,1177,unassigned
70690,1177,unassigned
70691,1177,unassigned
70692,1177,unassigned
70693,1177,unassigned
70694,1177,unassigned
70695,1689,Astro-Epen
70696,1177,unassigned
70697,1218,Excitatory_Neuron
70698,1218,Excitatory_Neuron
70699,1177,unassigned
70700,1177,unassigned
70701,1177,unassigned
70702,1192,Excitatory_Neuron
70703,1177,unassigned
70704,1689,Astro-Epen
70705,1177,unassigned
70706,1177,unassigned
70707,1177,unassigned
70708,1177,unassigned
70709,1177,unassigned
70710,1177,unassigned
70711,1692,unassigned
70712,1177,unassigned
70713,1177,unassigned
70714,1177,unassigned
70715,1691,unassigned
70716,1177,unassigned
70717,1177,unassigned
70718,1177,unassigned
70719,1177,unassigned
70720,1177,unassigned
70721,1177,unassigned
70722,1218,Excitatory_Neuron
70723,1176,Excitatory_Neuron
70724,1177,unassigned
70725,1176,Excitatory_Neuron
70726,1255,unassigned
70727,1177,unassigned
70728,1177,unassigned
70729,1177,unassigned
70730,1218,Excitatory_Neuron
70731,1177,unassigned
70732,1177,unassigned
70733,1177,unassigned
70734,1177,unassigned
70735,1177,unassigned
70736,1177,unassigned
70737,1177,unassigned
70738,1177,unassigned
70739,1177,unassigned
70740,1177,unassigned
70741,1177,unassigned
70742,1177,unassigned
70743,1177,unassigned
70744,1177,unassigned
70745,1177,unassigned
70746,1246,unassigned
70747,1177,unassigned
70748,1177,unassigned
70749,1177,unassigned
70750,1177,unassigned
70751,1689,Astro-Epen
70752,1177,unassigned
70753,1177,unassigned
70754,1177,unassigned
70755,1177,unassigned
70756,1177,unassigned
70757,1177,unassigned
70758,1177,unassigned
70759,1218,Excitatory_Neuron
70760,1177,unassigned
70761,1177,unassigned
70762,1177,unassigned
70763,1177,unassigned
70764,1177,unassigned
70765,1210,Astro-Epen
70766,1218,Excitatory_Neuron
70767,1218,Excitatory_Neuron
70768,1177,unassigned
70769,1177,unassigned
70770,1177,unassigned
70771,1177,unassigned
70772,1177,unassigned
70773,1177,unassigned
70774,1177,unassigned
70775,1177,unassigned
70776,1177,unassigned
70777,1177,unassigned
70778,1177,unassigned
70779,1218,Excitatory_Neuron
70780,1176,Excitatory_Neuron
70781,1177,unassigned
70782,1255,unassigned
70783,1177,unassigned
70784,1177,unassigned
70785,1177,unassigned
70786,1218,Excitatory_Neuron
70787,1177,unassigned
70788,1262,unassigned
70789,1177,unassigned
70790,1255,unassigned
70791,1177,unassigned
70792,1177,unassigned
70793,1177,unassigned
70794,1177,unassigned
70795,1177,unassigned
70796,1177,unassigned
70797,1177,unassigned
70798,1177,unassigned
70799,1177,unassigned
70800,1177,unassigned
70801,1177,unassigned
70802,1177,unassigned
70803,1210,Astro-Epen
70804,1177,unassigned
70805,1691,unassigned
70806,1691,unassigned
70807,1177,unassigned
70808,1690,unassigned
70809,1177,unassigned
70810,1177,unassigned
70811,1210,Astro-Epen
70812,1177,unassigned
70813,1177,unassigned
70814,1262,unassigned
70815,1177,unassigned
70816,1255,unassigned
70817,1177,unassigned
70818,1192,Excitatory_Neuron
70819,1177,unassigned
70820,1689,Astro-Epen
70821,1177,unassigned
70822,1177,unassigned
70823,1177,unassigned
70824,1177,unassigned
70825,1177,unassigned
70826,1177,unassigned
70827,1177,unassigned
70828,1177,unassigned
70829,1177,unassigned
70830,1177,unassigned
70831,1177,unassigned
70832,1177,unassigned
70833,1218,Excitatory_Neuron
70834,1177,unassigned
70835,1177,unassigned
70836,1177,unassigned
70837,1177,unassigned
70838,1177,unassigned
70839,1177,unassigned
70840,1689,Astro-Epen
70841,1177,unassigned
70842,1177,unassigned
70843,1177,unassigned
70844,1177,unassigned
70845,1176,Excitatory_Neuron
70846,1262,unassigned
70847,1262,unassigned
70848,1177,unassigned
70849,1177,unassigned
70850,1177,unassigned
70851,1177,unassigned
70852,1177,unassigned
70853,1177,unassigned
70854,1177,unassigned
70855,1177,unassigned
70856,1177,unassigned
70857,1177,unassigned
70858,1177,unassigned
70859,1177,unassigned
70860,1177,unassigned
70861,1177,unassigned
70862,1177,unassigned
70863,1177,unassigned
70864,1177,unassigned
70865,1255,unassigned
70866,1177,unassigned
70867,1177,unassigned
70868,1177,unassigned
70869,1177,unassigned
70870,1192,Excitatory_Neuron
70871,1177,unassigned
70872,1177,unassigned
70873,1177,unassigned
70874,1177,unassigned
70875,1218,Excitatory_Neuron
70876,1177,unassigned
70877,1218,Excitatory_Neuron
70878,1177,unassigned
70879,1218,Excitatory_Neuron
70880,1177,unassigned
70881,1262,unassigned
70882,1177,unassigned
70883,1177,unassigned
70884,1177,unassigned
70885,1218,Excitatory_Neuron
70886,1177,unassigned
70887,1177,unassigned
70888,1177,unassigned
70889,1176,Excitatory_Neuron
70890,1691,unassigned
70891,1255,unassigned
70892,1177,unassigned
70893,1192,Excitatory_Neuron
70894,1177,unassigned
70895,1177,unassigned
70896,1177,unassigned
70897,1177,unassigned
70898,1177,unassigned
70899,1177,unassigned
70900,1177,unassigned
70901,1177,unassigned
70902,1177,unassigned
70903,1177,unassigned
70904,1177,unassigned
70905,1177,unassigned
70906,1218,Excitatory_Neuron
70907,1177,unassigned
70908,1177,unassigned
70909,1262,unassigned
70910,1255,unassigned
70911,1177,unassigned
70912,1177,unassigned
70913,1177,unassigned
70914,1177,unassigned
70915,1177,unassigned
70916,1177,unassigned
70917,1177,unassigned
70918,1177,unassigned
70919,1177,unassigned
70920,1177,unassigned
70921,1177,unassigned
70922,1177,unassigned
70923,1177,unassigned
70924,1177,unassigned
70925,1690,unassigned
70926,1177,unassigned
70927,1177,unassigned
70928,1177,unassigned
70929,1177,unassigned
70930,1177,unassigned
70931,1177,unassigned
70932,1177,unassigned
70933,1177,unassigned
70934,1177,unassigned
70935,1177,unassigned
70936,1177,unassigned
70937,1177,unassigned
70938,1177,unassigned
70939,1177,unassigned
70940,1177,unassigned
70941,1177,unassigned
70942,1177,unassigned
70943,1177,unassigned
70944,1177,unassigned
70945,1177,unassigned
70946,1210,Astro-Epen
70947,1177,unassigned
70948,1177,unassigned
70949,1692,unassigned
70950,1177,unassigned
70951,1177,unassigned
70952,1177,unassigned
70953,1177,unassigned
70954,1177,unassigned
70955,1177,unassigned
70956,1177,unassigned
70957,1177,unassigned
70958,1177,unassigned
70959,1177,unassigned
70960,1177,unassigned
70961,1177,unassigned
70962,1177,unassigned
70963,1255,unassigned
70964,1177,unassigned
70965,1177,unassigned
70966,1176,Excitatory_Neuron
70967,1177,unassigned
70968,1177,unassigned
70969,1177,unassigned
70970,1177,unassigned
70971,1177,unassigned
70972,1177,unassigned
70973,1176,Excitatory_Neuron
70974,1177,unassigned
70975,1177,unassigned
70976,1689,Astro-Epen
70977,1177,unassigned
70978,1177,unassigned
70979,1177,unassigned
70980,1177,unassigned
70981,1177,unassigned
70982,1177,unassigned
70983,1177,unassigned
70984,1177,unassigned
70985,1210,Astro-Epen
70986,1177,unassigned
70987,1177,unassigned
70988,1177,unassigned
70989,1176,Excitatory_Neuron
70990,1177,unassigned
70991,1177,unassigned
70992,1177,unassigned
70993,1177,unassigned
70994,1177,unassigned
70995,1177,unassigned
70996,1177,unassigned
70997,1177,unassigned
70998,1177,unassigned
70999,1177,unassigned
71000,1177,unassigned
71001,1177,unassigned
71002,1177,unassigned
71003,1177,unassigned
71004,1177,unassigned
71005,1177,unassigned
71006,1177,unassigned
71007,1177,unassigned
71008,1177,unassigned
71009,1177,unassigned
71010,1177,unassigned
71011,1177,unassigned
71012,1177,unassigned
71013,1177,unassigned
71014,1177,unassigned
71015,1177,unassigned
71016,1177,unassigned
71017,1689,Astro-Epen
71018,1177,unassigned
71019,1177,unassigned
71020,1176,Excitatory_Neuron
71021,1177,unassigned
71022,1177,unassigned
71023,1177,unassigned
71024,1177,unassigned
71025,1177,unassigned
71026,1177,unassigned
71027,1177,unassigned
71028,1176,Excitatory_Neuron
71029,1177,unassigned
71030,1177,unassigned
71031,1689,Astro-Epen
71032,1177,unassigned
71033,1177,unassigned
71034,1177,unassigned
71035,1177,unassigned
71036,1210,Astro-Epen
71037,1210,Astro-Epen
71038,1177,unassigned
71039,1177,unassigned
71040,1177,unassigned
71041,1177,unassigned
71042,1177,unassigned
71043,1691,unassigned
71044,1177,unassigned
71045,1177,unassigned
71046,1177,unassigned
71047,1177,unassigned
71048,1177,unassigned
71049,1177,unassigned
71050,1177,unassigned
71051,1177,unassigned
71052,1691,unassigned
71053,1693,unassigned
71054,1177,unassigned
71055,1176,Excitatory_Neuron
71056,1176,Excitatory_Neuron
71057,1262,unassigned
71058,1176,Excitatory_Neuron
71059,1177,unassigned
71060,1177,unassigned
71061,1177,unassigned
71062,1177,unassigned
71063,1177,unassigned
71064,1177,unassigned
71065,1694,unassigned
71066,1177,unassigned
71067,1177,unassigned
71068,1177,unassigned
71069,1689,Astro-Epen
71070,1177,unassigned
71071,1177,unassigned
71072,1177,unassigned
71073,1177,unassigned
71074,1218,Excitatory_Neuron
71075,1177,unassigned
71076,1177,unassigned
71077,1177,unassigned
71078,1177,unassigned
71079,1177,unassigned
71080,1177,unassigned
71081,1255,unassigned
71082,1177,unassigned
71083,1177,unassigned
71084,1177,unassigned
71085,1177,unassigned
71086,1177,unassigned
71087,1177,unassigned
71088,1177,unassigned
71089,1177,unassigned
71090,1177,unassigned
71091,1177,unassigned
71092,1177,unassigned
71093,1177,unassigned
71094,1177,unassigned
71095,1177,unassigned
71096,1231,Immune
71097,1177,unassigned
71098,1177,unassigned
71099,1177,unassigned
71100,1693,unassigned
71101,1177,unassigned
71102,1176,Excitatory_Neuron
71103,1177,unassigned
71104,1177,unassigned
71105,1177,unassigned
71106,1177,unassigned
71107,1177,unassigned
71108,1177,unassigned
71109,1177,unassigned
71110,1177,unassigned
71111,1177,unassigned
71112,1177,unassigned
71113,1177,unassigned
71114,1177,unassigned
71115,1177,unassigned
71116,1177,unassigned
71117,1177,unassigned
71118,1177,unassigned
71119,1177,unassigned
71120,1177,unassigned
71121,1177,unassigned
71122,1177,unassigned
71123,1689,Astro-Epen
71124,1177,unassigned
71125,1177,unassigned
71126,1177,unassigned
71127,1176,Excitatory_Neuron
71128,1177,unassigned
71129,1177,unassigned
71130,212,GABA_Neuron
71131,212,GABA_Neuron
71132,174,unassigned
71133,174,unassigned
71134,174,unassigned
71135,174,unassigned
71136,174,unassigned
71137,174,unassigned
71138,174,unassigned
71139,174,unassigned
71140,174,unassigned
71141,174,unassigned
71142,174,unassigned
71143,212,GABA_Neuron
71144,174,unassigned
71145,174,unassigned
71146,174,unassigned
71147,174,unassigned
71148,174,unassigned
71149,212,GABA_Neuron
71150,174,unassigned
71151,174,unassigned
71152,174,unassigned
71153,174,unassigned
71154,174,unassigned
71155,241,unassigned
71156,174,unassigned
71157,174,unassigned
71158,174,unassigned
71159,174,unassigned
71160,174,unassigned
71161,174,unassigned
71162,174,unassigned
71163,1695,Excitatory_Neuron
71164,174,unassigned
71165,1695,Excitatory_Neuron
71166,174,unassigned
71167,174,unassigned
71168,174,unassigned
71169,174,unassigned
71170,174,unassigned
71171,174,unassigned
71172,174,unassigned
71173,174,unassigned
71174,174,unassigned
71175,174,unassigned
71176,174,unassigned
71177,174,unassigned
71178,174,unassigned
71179,174,unassigned
71180,174,unassigned
71181,174,unassigned
71182,174,unassigned
71183,174,unassigned
71184,174,unassigned
71185,1696,unassigned
71186,174,unassigned
71187,174,unassigned
71188,174,unassigned
71189,1697,unassigned
71190,174,unassigned
71191,174,unassigned
71192,1696,unassigned
71193,174,unassigned
71194,174,unassigned
71195,174,unassigned
71196,174,unassigned
71197,174,unassigned
71198,174,unassigned
71199,174,unassigned
71200,174,unassigned
71201,174,unassigned
71202,174,unassigned
71203,1696,unassigned
71204,174,unassigned
71205,1695,Excitatory_Neuron
71206,174,unassigned
71207,1695,Excitatory_Neuron
71208,174,unassigned
71209,212,GABA_Neuron
71210,174,unassigned
71211,174,unassigned
71212,174,unassigned
71213,174,unassigned
71214,174,unassigned
71215,174,unassigned
71216,174,unassigned
71217,174,unassigned
71218,174,unassigned
71219,174,unassigned
71220,174,unassigned
71221,174,unassigned
71222,174,unassigned
71223,174,unassigned
71224,174,unassigned
71225,174,unassigned
71226,174,unassigned
71227,174,unassigned
71228,174,unassigned
71229,174,unassigned
71230,174,unassigned
71231,174,unassigned
71232,174,unassigned
71233,174,unassigned
71234,174,unassigned
71235,174,unassigned
71236,174,unassigned
71237,174,unassigned
71238,174,unassigned
71239,174,unassigned
71240,174,unassigned
71241,174,unassigned
71242,174,unassigned
71243,174,unassigned
71244,1695,Excitatory_Neuron
71245,212,GABA_Neuron
71246,174,unassigned
71247,174,unassigned
71248,174,unassigned
71249,174,unassigned
71250,174,unassigned
71251,174,unassigned
71252,174,unassigned
71253,1695,Excitatory_Neuron
71254,174,unassigned
71255,174,unassigned
71256,174,unassigned
71257,174,unassigned
71258,174,unassigned
71259,174,unassigned
71260,1695,Excitatory_Neuron
71261,174,unassigned
71262,1697,unassigned
71263,212,GABA_Neuron
71264,174,unassigned
71265,174,unassigned
71266,174,unassigned
71267,174,unassigned
71268,174,unassigned
71269,174,unassigned
71270,174,unassigned
71271,174,unassigned
71272,1695,Excitatory_Neuron
71273,212,GABA_Neuron
71274,174,unassigned
71275,174,unassigned
71276,174,unassigned
71277,174,unassigned
71278,1697,unassigned
71279,174,unassigned
71280,1695,Excitatory_Neuron
71281,174,unassigned
71282,174,unassigned
71283,1696,unassigned
71284,1695,Excitatory_Neuron
71285,1697,unassigned
71286,174,unassigned
71287,174,unassigned
71288,174,unassigned
71289,174,unassigned
71290,174,unassigned
71291,174,unassigned
71292,1695,Excitatory_Neuron
71293,174,unassigned
71294,174,unassigned
71295,174,unassigned
71296,174,unassigned
71297,174,unassigned
71298,174,unassigned
71299,174,unassigned
71300,1695,Excitatory_Neuron
71301,174,unassigned
71302,174,unassigned
71303,174,unassigned
71304,174,unassigned
71305,174,unassigned
71306,174,unassigned
71307,1695,Excitatory_Neuron
71308,174,unassigned
71309,212,GABA_Neuron
71310,174,unassigned
71311,174,unassigned
71312,174,unassigned
71313,174,unassigned
71314,174,unassigned
71315,174,unassigned
71316,174,unassigned
71317,174,unassigned
71318,1697,unassigned
71319,174,unassigned
71320,174,unassigned
71321,174,unassigned
71322,174,unassigned
71323,174,unassigned
71324,174,unassigned
71325,174,unassigned
71326,174,unassigned
71327,174,unassigned
71328,174,unassigned
71329,174,unassigned
71330,174,unassigned
71331,174,unassigned
71332,174,unassigned
71333,174,unassigned
71334,174,unassigned
71335,174,unassigned
71336,174,unassigned
71337,174,unassigned
71338,174,unassigned
71339,174,unassigned
71340,174,unassigned
71341,174,unassigned
71342,174,unassigned
71343,174,unassigned
71344,174,unassigned
71345,1695,Excitatory_Neuron
71346,174,unassigned
71347,174,unassigned
71348,174,unassigned
71349,174,unassigned
71350,174,unassigned
71351,174,unassigned
71352,174,unassigned
71353,174,unassigned
71354,174,unassigned
71355,174,unassigned
71356,212,GABA_Neuron
71357,1695,Excitatory_Neuron
71358,174,unassigned
71359,174,unassigned
71360,174,unassigned
71361,174,unassigned
71362,174,unassigned
71363,174,unassigned
71364,1695,Excitatory_Neuron
71365,174,unassigned
71366,174,unassigned
71367,1697,unassigned
71368,1695,Excitatory_Neuron
71369,1695,Excitatory_Neuron
71370,174,unassigned
71371,1695,Excitatory_Neuron
71372,174,unassigned
71373,174,unassigned
71374,174,unassigned
71375,174,unassigned
71376,174,unassigned
71377,174,unassigned
71378,212,GABA_Neuron
71379,174,unassigned
71380,174,unassigned
71381,1695,Excitatory_Neuron
71382,174,unassigned
71383,174,unassigned
71384,1696,unassigned
71385,174,unassigned
71386,174,unassigned
71387,174,unassigned
71388,174,unassigned
71389,174,unassigned
71390,174,unassigned
71391,174,unassigned
71392,174,unassigned
71393,174,unassigned
71394,174,unassigned
71395,174,unassigned
71396,174,unassigned
71397,174,unassigned
71398,174,unassigned
71399,174,unassigned
71400,174,unassigned
71401,174,unassigned
71402,1695,Excitatory_Neuron
71403,174,unassigned
71404,1695,Excitatory_Neuron
71405,174,unassigned
71406,174,unassigned
71407,174,unassigned
71408,174,unassigned
71409,174,unassigned
71410,174,unassigned
71411,174,unassigned
71412,174,unassigned
71413,174,unassigned
71414,174,unassigned
71415,174,unassigned
71416,174,unassigned
71417,174,unassigned
71418,174,unassigned
71419,174,unassigned
71420,174,unassigned
71421,174,unassigned
71422,174,unassigned
71423,174,unassigned
71424,174,unassigned
71425,174,unassigned
71426,174,unassigned
71427,174,unassigned
71428,174,unassigned
71429,174,unassigned
71430,174,unassigned
71431,1695,Excitatory_Neuron
71432,212,GABA_Neuron
71433,174,unassigned
71434,174,unassigned
71435,174,unassigned
71436,174,unassigned
71437,174,unassigned
71438,1695,Excitatory_Neuron
71439,174,unassigned
71440,174,unassigned
71441,174,unassigned
71442,174,unassigned
71443,174,unassigned
71444,1695,Excitatory_Neuron
71445,174,unassigned
71446,1695,Excitatory_Neuron
71447,174,unassigned
71448,174,unassigned
71449,174,unassigned
71450,174,unassigned
71451,174,unassigned
71452,174,unassigned
71453,174,unassigned
71454,174,unassigned
71455,174,unassigned
71456,1695,Excitatory_Neuron
71457,174,unassigned
71458,174,unassigned
71459,174,unassigned
71460,174,unassigned
71461,1695,Excitatory_Neuron
71462,174,unassigned
71463,174,unassigned
71464,174,unassigned
71465,174,unassigned
71466,174,unassigned
71467,174,unassigned
71468,174,unassigned
71469,174,unassigned
71470,174,unassigned
71471,1698,Excitatory_Neuron
71472,174,unassigned
71473,174,unassigned
71474,174,unassigned
71475,1695,Excitatory_Neuron
71476,174,unassigned
71477,174,unassigned
71478,174,unassigned
71479,174,unassigned
71480,1695,Excitatory_Neuron
71481,174,unassigned
71482,193,Immune
71483,174,unassigned
71484,1698,Excitatory_Neuron
71485,174,unassigned
71486,174,unassigned
71487,1695,Excitatory_Neuron
71488,1695,Excitatory_Neuron
71489,174,unassigned
71490,174,unassigned
71491,174,unassigned
71492,174,unassigned
71493,1698,Excitatory_Neuron
71494,174,unassigned
71495,174,unassigned
71496,174,unassigned
71497,212,GABA_Neuron
71498,174,unassigned
71499,174,unassigned
71500,174,unassigned
71501,1698,Excitatory_Neuron
71502,174,unassigned
71503,174,unassigned
71504,1698,Excitatory_Neuron
71505,174,unassigned
71506,174,unassigned
71507,1698,Excitatory_Neuron
71508,174,unassigned
71509,174,unassigned
71510,174,unassigned
71511,1698,Excitatory_Neuron
71512,174,unassigned
71513,174,unassigned
71514,1695,Excitatory_Neuron
71515,1698,Excitatory_Neuron
71516,174,unassigned
71517,1698,Excitatory_Neuron
71518,174,unassigned
71519,174,unassigned
71520,174,unassigned
71521,174,unassigned
71522,174,unassigned
71523,174,unassigned
71524,174,unassigned
71525,1699,unassigned
71526,1699,unassigned
71527,1698,Excitatory_Neuron
71528,174,unassigned
71529,174,unassigned
71530,1699,unassigned
71531,174,unassigned
71532,174,unassigned
71533,174,unassigned
71534,174,unassigned
71535,174,unassigned
71536,174,unassigned
71537,174,unassigned
71538,174,unassigned
71539,174,unassigned
71540,1698,Excitatory_Neuron
71541,174,unassigned
71542,174,unassigned
71543,1695,Excitatory_Neuron
71544,174,unassigned
71545,174,unassigned
71546,1699,unassigned
71547,174,unassigned
71548,1698,Excitatory_Neuron
71549,174,unassigned
71550,174,unassigned
71551,174,unassigned
71552,212,GABA_Neuron
71553,212,GABA_Neuron
71554,174,unassigned
71555,174,unassigned
71556,174,unassigned
71557,1695,Excitatory_Neuron
71558,174,unassigned
71559,174,unassigned
71560,174,unassigned
71561,174,unassigned
71562,174,unassigned
71563,1695,Excitatory_Neuron
71564,174,unassigned
71565,174,unassigned
71566,174,unassigned
71567,174,unassigned
71568,174,unassigned
71569,174,unassigned
71570,174,unassigned
71571,174,unassigned
71572,212,GABA_Neuron
71573,174,unassigned
71574,193,Immune
71575,174,unassigned
71576,174,unassigned
71577,174,unassigned
71578,174,unassigned
71579,174,unassigned
71580,174,unassigned
71581,174,unassigned
71582,174,unassigned
71583,1695,Excitatory_Neuron
71584,174,unassigned
71585,174,unassigned
71586,174,unassigned
71587,174,unassigned
71588,1698,Excitatory_Neuron
71589,174,unassigned
71590,174,unassigned
71591,174,unassigned
71592,174,unassigned
71593,174,unassigned
71594,174,unassigned
71595,174,unassigned
71596,174,unassigned
71597,174,unassigned
71598,174,unassigned
71599,174,unassigned
71600,1698,Excitatory_Neuron
71601,174,unassigned
71602,174,unassigned
71603,174,unassigned
71604,174,unassigned
71605,174,unassigned
71606,174,unassigned
71607,289,Astro-Epen
71608,174,unassigned
71609,174,unassigned
71610,289,Astro-Epen
71611,174,unassigned
71612,174,unassigned
71613,1700,unassigned
71614,212,GABA_Neuron
71615,174,unassigned
71616,1700,unassigned
71617,174,unassigned
71618,212,GABA_Neuron
71619,174,unassigned
71620,174,unassigned
71621,174,unassigned
71622,174,unassigned
71623,174,unassigned
71624,1700,unassigned
71625,193,Immune
71626,289,Astro-Epen
71627,174,unassigned
71628,289,Astro-Epen
71629,174,unassigned
71630,174,unassigned
71631,174,unassigned
71632,174,unassigned
71633,174,unassigned
71634,174,unassigned
71635,174,unassigned
71636,174,unassigned
71637,174,unassigned
71638,174,unassigned
71639,174,unassigned
71640,1698,Excitatory_Neuron
71641,174,unassigned
71642,174,unassigned
71643,1700,unassigned
71644,193,Immune
71645,212,GABA_Neuron
71646,174,unassigned
71647,174,unassigned
71648,174,unassigned
71649,174,unassigned
71650,174,unassigned
71651,1698,Excitatory_Neuron
71652,174,unassigned
71653,1695,Excitatory_Neuron
71654,174,unassigned
71655,289,Astro-Epen
71656,289,Astro-Epen
71657,212,GABA_Neuron
71658,174,unassigned
71659,1698,Excitatory_Neuron
71660,174,unassigned
71661,174,unassigned
71662,289,Astro-Epen
71663,1700,unassigned
71664,1695,Excitatory_Neuron
71665,174,unassigned
71666,174,unassigned
71667,1700,unassigned
71668,174,unassigned
71669,174,unassigned
71670,174,unassigned
71671,174,unassigned
71672,1698,Excitatory_Neuron
71673,174,unassigned
71674,1698,Excitatory_Neuron
71675,174,unassigned
71676,174,unassigned
71677,289,Astro-Epen
71678,174,unassigned
71679,174,unassigned
71680,174,unassigned
71681,174,unassigned
71682,174,unassigned
71683,1698,Excitatory_Neuron
71684,174,unassigned
71685,174,unassigned
71686,174,unassigned
71687,289,Astro-Epen
71688,289,Astro-Epen
71689,174,unassigned
71690,174,unassigned
71691,174,unassigned
71692,174,unassigned
71693,174,unassigned
71694,289,Astro-Epen
71695,174,unassigned
71696,174,unassigned
71697,174,unassigned
71698,174,unassigned
71699,174,unassigned
71700,1698,Excitatory_Neuron
71701,174,unassigned
71702,174,unassigned
71703,174,unassigned
71704,174,unassigned
71705,174,unassigned
71706,289,Astro-Epen
71707,289,Astro-Epen
71708,1700,unassigned
71709,174,unassigned
71710,174,unassigned
71711,174,unassigned
71712,1698,Excitatory_Neuron
71713,174,unassigned
71714,1698,Excitatory_Neuron
71715,174,unassigned
71716,289,Astro-Epen
71717,174,unassigned
71718,174,unassigned
71719,1698,Excitatory_Neuron
71720,1695,Excitatory_Neuron
71721,289,Astro-Epen
71722,289,Astro-Epen
71723,174,unassigned
71724,174,unassigned
71725,174,unassigned
71726,174,unassigned
71727,174,unassigned
71728,174,unassigned
71729,289,Astro-Epen
71730,174,unassigned
71731,174,unassigned
71732,174,unassigned
71733,174,unassigned
71734,174,unassigned
71735,289,Astro-Epen
71736,174,unassigned
71737,174,unassigned
71738,174,unassigned
71739,174,unassigned
71740,174,unassigned
71741,174,unassigned
71742,174,unassigned
71743,289,Astro-Epen
71744,289,Astro-Epen
71745,174,unassigned
71746,174,unassigned
71747,174,unassigned
71748,174,unassigned
71749,174,unassigned
71750,289,Astro-Epen
71751,174,unassigned
71752,174,unassigned
71753,174,unassigned
71754,174,unassigned
71755,174,unassigned
71756,1698,Excitatory_Neuron
71757,174,unassigned
71758,174,unassigned
71759,174,unassigned
71760,1698,Excitatory_Neuron
71761,1698,Excitatory_Neuron
71762,174,unassigned
71763,174,unassigned
71764,1698,Excitatory_Neuron
71765,174,unassigned
71766,174,unassigned
71767,289,Astro-Epen
71768,174,unassigned
71769,174,unassigned
71770,1698,Excitatory_Neuron
71771,174,unassigned
71772,174,unassigned
71773,174,unassigned
71774,174,unassigned
71775,1698,Excitatory_Neuron
71776,289,Astro-Epen
71777,174,unassigned
71778,174,unassigned
71779,1698,Excitatory_Neuron
71780,174,unassigned
71781,289,Astro-Epen
71782,1698,Excitatory_Neuron
71783,174,unassigned
71784,174,unassigned
71785,174,unassigned
71786,174,unassigned
71787,174,unassigned
71788,1698,Excitatory_Neuron
71789,174,unassigned
71790,174,unassigned
71791,289,Astro-Epen
71792,174,unassigned
71793,174,unassigned
71794,289,Astro-Epen
71795,1698,Excitatory_Neuron
71796,174,unassigned
71797,174,unassigned
71798,289,Astro-Epen
71799,1698,Excitatory_Neuron
71800,174,unassigned
71801,174,unassigned
71802,174,unassigned
71803,174,unassigned
71804,174,unassigned
71805,1698,Excitatory_Neuron
71806,174,unassigned
71807,174,unassigned
71808,174,unassigned
71809,174,unassigned
71810,174,unassigned
71811,174,unassigned
71812,174,unassigned
71813,1698,Excitatory_Neuron
71814,1698,Excitatory_Neuron
71815,174,unassigned
71816,289,Astro-Epen
71817,174,unassigned
71818,174,unassigned
71819,1698,Excitatory_Neuron
71820,174,unassigned
71821,289,Astro-Epen
71822,174,unassigned
71823,289,Astro-Epen
71824,174,unassigned
71825,174,unassigned
71826,174,unassigned
71827,1700,unassigned
71828,174,unassigned
71829,289,Astro-Epen
71830,174,unassigned
71831,1700,unassigned
71832,174,unassigned
71833,289,Astro-Epen
71834,174,unassigned
71835,174,unassigned
71836,289,Astro-Epen
71837,289,Astro-Epen
71838,174,unassigned
71839,174,unassigned
71840,174,unassigned
71841,174,unassigned
71842,174,unassigned
71843,174,unassigned
71844,289,Astro-Epen
71845,174,unassigned
71846,174,unassigned
71847,174,unassigned
71848,174,unassigned
71849,1700,unassigned
71850,174,unassigned
71851,1698,Excitatory_Neuron
71852,174,unassigned
71853,174,unassigned
71854,174,unassigned
71855,174,unassigned
71856,289,Astro-Epen
71857,174,unassigned
71858,174,unassigned
71859,174,unassigned
71860,174,unassigned
71861,174,unassigned
71862,174,unassigned
71863,174,unassigned
71864,289,Astro-Epen
71865,174,unassigned
71866,174,unassigned
71867,174,unassigned
71868,174,unassigned
71869,174,unassigned
71870,174,unassigned
71871,174,unassigned
71872,1698,Excitatory_Neuron
71873,174,unassigned
71874,1700,unassigned
71875,174,unassigned
71876,174,unassigned
71877,174,unassigned
71878,174,unassigned
71879,174,unassigned
71880,174,unassigned
71881,1698,Excitatory_Neuron
71882,174,unassigned
71883,174,unassigned
71884,174,unassigned
71885,174,unassigned
71886,174,unassigned
71887,174,unassigned
71888,1698,Excitatory_Neuron
71889,174,unassigned
71890,174,unassigned
71891,174,unassigned
71892,174,unassigned
71893,174,unassigned
71894,1698,Excitatory_Neuron
71895,174,unassigned
71896,174,unassigned
71897,174,unassigned
71898,174,unassigned
71899,174,unassigned
71900,174,unassigned
71901,289,Astro-Epen
71902,174,unassigned
71903,174,unassigned
71904,174,unassigned
71905,174,unassigned
71906,289,Astro-Epen
71907,1698,Excitatory_Neuron
71908,289,Astro-Epen
71909,174,unassigned
71910,174,unassigned
71911,174,unassigned
71912,174,unassigned
71913,174,unassigned
71914,174,unassigned
71915,174,unassigned
71916,174,unassigned
71917,289,Astro-Epen
71918,174,unassigned
71919,174,unassigned
71920,174,unassigned
71921,174,unassigned
71922,174,unassigned
71923,174,unassigned
71924,174,unassigned
71925,174,unassigned
71926,174,unassigned
71927,174,unassigned
71928,174,unassigned
71929,174,unassigned
71930,174,unassigned
71931,174,unassigned
71932,289,Astro-Epen
71933,174,unassigned
71934,174,unassigned
71935,289,Astro-Epen
71936,174,unassigned
71937,174,unassigned
71938,174,unassigned
71939,174,unassigned
71940,174,unassigned
71941,174,unassigned
71942,289,Astro-Epen
71943,174,unassigned
71944,174,unassigned
71945,174,unassigned
71946,174,unassigned
71947,1698,Excitatory_Neuron
71948,1698,Excitatory_Neuron
71949,174,unassigned
71950,174,unassigned
71951,174,unassigned
71952,289,Astro-Epen
71953,174,unassigned
71954,174,unassigned
71955,174,unassigned
71956,174,unassigned
71957,174,unassigned
71958,1698,Excitatory_Neuron
71959,174,unassigned
71960,174,unassigned
71961,174,unassigned
71962,174,unassigned
71963,174,unassigned
71964,174,unassigned
71965,174,unassigned
71966,174,unassigned
71967,174,unassigned
71968,174,unassigned
71969,174,unassigned
71970,174,unassigned
71971,174,unassigned
71972,174,unassigned
71973,174,unassigned
71974,1698,Excitatory_Neuron
71975,174,unassigned
71976,174,unassigned
71977,174,unassigned
71978,174,unassigned
71979,174,unassigned
71980,174,unassigned
71981,289,Astro-Epen
71982,174,unassigned
71983,174,unassigned
71984,174,unassigned
71985,174,unassigned
71986,1700,unassigned
71987,289,Astro-Epen
71988,174,unassigned
71989,174,unassigned
71990,174,unassigned
71991,174,unassigned
71992,174,unassigned
71993,174,unassigned
71994,289,Astro-Epen
71995,174,unassigned
71996,174,unassigned
71997,174,unassigned
71998,174,unassigned
71999,174,unassigned
72000,174,unassigned
72001,174,unassigned
72002,174,unassigned
72003,174,unassigned
72004,174,unassigned
72005,174,unassigned
72006,174,unassigned
72007,174,unassigned
72008,174,unassigned
72009,174,unassigned
72010,174,unassigned
72011,174,unassigned
72012,174,unassigned
72013,174,unassigned
72014,174,unassigned
72015,174,unassigned
72016,174,unassigned
72017,174,unassigned
72018,174,unassigned
72019,174,unassigned
72020,174,unassigned
72021,174,unassigned
72022,174,unassigned
72023,174,unassigned
72024,174,unassigned
72025,1698,Excitatory_Neuron
72026,174,unassigned
72027,174,unassigned
72028,174,unassigned
72029,289,Astro-Epen
72030,174,unassigned
72031,174,unassigned
72032,174,unassigned
72033,289,Astro-Epen
72034,174,unassigned
72035,174,unassigned
72036,174,unassigned
72037,174,unassigned
72038,174,unassigned
72039,174,unassigned
72040,174,unassigned
72041,174,unassigned
72042,174,unassigned
72043,174,unassigned
72044,174,unassigned
72045,289,Astro-Epen
72046,174,unassigned
72047,174,unassigned
72048,174,unassigned
72049,174,unassigned
72050,174,unassigned
72051,174,unassigned
72052,289,Astro-Epen
72053,174,unassigned
72054,174,unassigned
72055,1698,Excitatory_Neuron
72056,1698,Excitatory_Neuron
72057,174,unassigned
72058,289,Astro-Epen
72059,174,unassigned
72060,174,unassigned
72061,174,unassigned
72062,174,unassigned
72063,174,unassigned
72064,174,unassigned
72065,174,unassigned
72066,174,unassigned
72067,174,unassigned
72068,174,unassigned
72069,174,unassigned
72070,174,unassigned
72071,174,unassigned
72072,174,unassigned
72073,174,unassigned
72074,174,unassigned
72075,174,unassigned
72076,1698,Excitatory_Neuron
72077,174,unassigned
72078,174,unassigned
72079,174,unassigned
72080,174,unassigned
72081,174,unassigned
72082,174,unassigned
72083,174,unassigned
72084,174,unassigned
72085,174,unassigned
72086,174,unassigned
72087,174,unassigned
72088,174,unassigned
72089,174,unassigned
72090,1295,Astro-Epen
72091,1264,unassigned
72092,1267,Excitatory_Neuron
72093,1701,unassigned
72094,1702,GABA_Neuron
72095,1703,Astro-Epen
72096,1702,GABA_Neuron
72097,1294,Astro-Epen
72098,1264,unassigned
72099,1264,unassigned
72100,1264,unassigned
72101,1702,GABA_Neuron
72102,1268,Excitatory_Neuron
72103,1264,unassigned
72104,1264,unassigned
72105,1264,unassigned
72106,1702,GABA_Neuron
72107,1264,unassigned
72108,1264,unassigned
72109,1267,Excitatory_Neuron
72110,1264,unassigned
72111,1264,unassigned
72112,1264,unassigned
72113,1264,unassigned
72114,1264,unassigned
72115,1264,unassigned
72116,1295,Astro-Epen
72117,1703,Astro-Epen
72118,1264,unassigned
72119,1264,unassigned
72120,1267,Excitatory_Neuron
72121,1703,Astro-Epen
72122,1264,unassigned
72123,1264,unassigned
72124,1264,unassigned
72125,1264,unassigned
72126,1264,unassigned
72127,1701,unassigned
72128,1701,unassigned
72129,1264,unassigned
72130,1264,unassigned
72131,1702,GABA_Neuron
72132,1264,unassigned
72133,1264,unassigned
72134,1701,unassigned
72135,1264,unassigned
72136,1295,Astro-Epen
72137,1264,unassigned
72138,1264,unassigned
72139,1264,unassigned
72140,1295,Astro-Epen
72141,1702,GABA_Neuron
72142,1264,unassigned
72143,1264,unassigned
72144,1702,GABA_Neuron
72145,1703,Astro-Epen
72146,1264,unassigned
72147,1264,unassigned
72148,1264,unassigned
72149,1264,unassigned
72150,1267,Excitatory_Neuron
72151,1264,unassigned
72152,1264,unassigned
72153,1264,unassigned
72154,1295,Astro-Epen
72155,1702,GABA_Neuron
72156,1702,GABA_Neuron
72157,1703,Astro-Epen
72158,1703,Astro-Epen
72159,1264,unassigned
72160,1264,unassigned
72161,1264,unassigned
72162,1264,unassigned
72163,1264,unassigned
72164,1295,Astro-Epen
72165,1702,GABA_Neuron
72166,1702,GABA_Neuron
72167,1268,Excitatory_Neuron
72168,1264,unassigned
72169,1264,unassigned
72170,1264,unassigned
72171,1703,Astro-Epen
72172,1703,Astro-Epen
72173,1264,unassigned
72174,1704,Excitatory_Neuron
72175,1268,Excitatory_Neuron
72176,1264,unassigned
72177,1264,unassigned
72178,1268,Excitatory_Neuron
72179,1264,unassigned
72180,1264,unassigned
72181,1264,unassigned
72182,1264,unassigned
72183,1264,unassigned
72184,1264,unassigned
72185,1264,unassigned
72186,1264,unassigned
72187,1264,unassigned
72188,1264,unassigned
72189,1264,unassigned
72190,1264,unassigned
72191,1295,Astro-Epen
72192,1264,unassigned
72193,1702,GABA_Neuron
72194,1703,Astro-Epen
72195,1703,Astro-Epen
72196,1264,unassigned
72197,1264,unassigned
72198,1264,unassigned
72199,1264,unassigned
72200,1264,unassigned
72201,1701,unassigned
72202,1264,unassigned
72203,1264,unassigned
72204,1703,Astro-Epen
72205,1703,Astro-Epen
72206,1294,Astro-Epen
72207,1264,unassigned
72208,1264,unassigned
72209,1264,unassigned
72210,1264,unassigned
72211,1264,unassigned
72212,1702,GABA_Neuron
72213,1703,Astro-Epen
72214,1703,Astro-Epen
72215,1703,Astro-Epen
72216,1703,Astro-Epen
72217,1703,Astro-Epen
72218,1264,unassigned
72219,1264,unassigned
72220,1264,unassigned
72221,1264,unassigned
72222,1264,unassigned
72223,1703,Astro-Epen
72224,1264,unassigned
72225,1264,unassigned
72226,1264,unassigned
72227,1264,unassigned
72228,1264,unassigned
72229,1264,unassigned
72230,1264,unassigned
72231,1264,unassigned
72232,1295,Astro-Epen
72233,1294,Astro-Epen
72234,1264,unassigned
72235,1702,GABA_Neuron
72236,1294,Astro-Epen
72237,1264,unassigned
72238,1264,unassigned
72239,1264,unassigned
72240,1264,unassigned
72241,1264,unassigned
72242,1703,Astro-Epen
72243,1703,Astro-Epen
72244,1294,Astro-Epen
72245,1264,unassigned
72246,1264,unassigned
72247,1264,unassigned
72248,1264,unassigned
72249,1264,unassigned
72250,1264,unassigned
72251,1264,unassigned
72252,1264,unassigned
72253,1702,GABA_Neuron
72254,1703,Astro-Epen
72255,1703,Astro-Epen
72256,1704,Excitatory_Neuron
72257,1704,Excitatory_Neuron
72258,1264,unassigned
72259,1264,unassigned
72260,1264,unassigned
72261,1264,unassigned
72262,1702,GABA_Neuron
72263,1264,unassigned
72264,1264,unassigned
72265,1264,unassigned
72266,1264,unassigned
72267,1264,unassigned
72268,1264,unassigned
72269,1264,unassigned
72270,1264,unassigned
72271,1704,Excitatory_Neuron
72272,1264,unassigned
72273,1264,unassigned
72274,1264,unassigned
72275,1264,unassigned
72276,1701,unassigned
72277,1264,unassigned
72278,1264,unassigned
72279,1703,Astro-Epen
72280,1703,Astro-Epen
72281,1264,unassigned
72282,1264,unassigned
72283,1264,unassigned
72284,1702,GABA_Neuron
72285,1703,Astro-Epen
72286,1703,Astro-Epen
72287,1703,Astro-Epen
72288,1264,unassigned
72289,1264,unassigned
72290,1264,unassigned
72291,1264,unassigned
72292,1264,unassigned
72293,1264,unassigned
72294,1264,unassigned
72295,1702,GABA_Neuron
72296,1264,unassigned
72297,1264,unassigned
72298,1264,unassigned
72299,1264,unassigned
72300,1264,unassigned
72301,1295,Astro-Epen
72302,1264,unassigned
72303,1704,Excitatory_Neuron
72304,1264,unassigned
72305,1264,unassigned
72306,1264,unassigned
72307,1264,unassigned
72308,1264,unassigned
72309,1264,unassigned
72310,1264,unassigned
72311,1702,GABA_Neuron
72312,1703,Astro-Epen
72313,1703,Astro-Epen
72314,1264,unassigned
72315,1264,unassigned
72316,1264,unassigned
72317,1264,unassigned
72318,1264,unassigned
72319,1264,unassigned
72320,1704,Excitatory_Neuron
72321,1268,Excitatory_Neuron
72322,1264,unassigned
72323,1264,unassigned
72324,1701,unassigned
72325,1267,Excitatory_Neuron
72326,1703,Astro-Epen
72327,1294,Astro-Epen
72328,1264,unassigned
72329,1264,unassigned
72330,1264,unassigned
72331,1264,unassigned
72332,1703,Astro-Epen
72333,1264,unassigned
72334,1264,unassigned
72335,1264,unassigned
72336,1705,Astro-Epen
72337,1264,unassigned
72338,1264,unassigned
72339,1264,unassigned
72340,1264,unassigned
72341,1264,unassigned
72342,1703,Astro-Epen
72343,1267,Excitatory_Neuron
72344,1264,unassigned
72345,1264,unassigned
72346,1267,Excitatory_Neuron
72347,1703,Astro-Epen
72348,1703,Astro-Epen
72349,1264,unassigned
72350,1264,unassigned
72351,1264,unassigned
72352,1264,unassigned
72353,1294,Astro-Epen
72354,1264,unassigned
72355,1264,unassigned
72356,1264,unassigned
72357,1264,unassigned
72358,1702,GABA_Neuron
72359,1264,unassigned
72360,1264,unassigned
72361,1264,unassigned
72362,1264,unassigned
72363,1264,unassigned
72364,1264,unassigned
72365,1294,Astro-Epen
72366,1264,unassigned
72367,1264,unassigned
72368,1264,unassigned
72369,1264,unassigned
72370,1701,unassigned
72371,1264,unassigned
72372,1264,unassigned
72373,1264,unassigned
72374,1264,unassigned
72375,1264,unassigned
72376,1264,unassigned
72377,1706,unassigned
72378,1264,unassigned
72379,1264,unassigned
72380,1702,GABA_Neuron
72381,1702,GABA_Neuron
72382,1264,unassigned
72383,1264,unassigned
72384,1264,unassigned
72385,1295,Astro-Epen
72386,1267,Excitatory_Neuron
72387,1294,Astro-Epen
72388,1704,Excitatory_Neuron
72389,1264,unassigned
72390,1264,unassigned
72391,1264,unassigned
72392,1264,unassigned
72393,1295,Astro-Epen
72394,1702,GABA_Neuron
72395,1703,Astro-Epen
72396,1264,unassigned
72397,1264,unassigned
72398,1705,Astro-Epen
72399,1264,unassigned
72400,1264,unassigned
72401,1264,unassigned
72402,1264,unassigned
72403,1264,unassigned
72404,1264,unassigned
72405,1702,GABA_Neuron
72406,1264,unassigned
72407,1264,unassigned
72408,1264,unassigned
72409,1264,unassigned
72410,1264,unassigned
72411,1264,unassigned
72412,1264,unassigned
72413,1264,unassigned
72414,1295,Astro-Epen
72415,1703,Astro-Epen
72416,1703,Astro-Epen
72417,1294,Astro-Epen
72418,1704,Excitatory_Neuron
72419,1264,unassigned
72420,1264,unassigned
72421,1264,unassigned
72422,1264,unassigned
72423,1264,unassigned
72424,1264,unassigned
72425,1264,unassigned
72426,1264,unassigned
72427,1264,unassigned
72428,1702,GABA_Neuron
72429,1294,Astro-Epen
72430,1704,Excitatory_Neuron
72431,1264,unassigned
72432,1264,unassigned
72433,1264,unassigned
72434,1701,unassigned
72435,1264,unassigned
72436,1264,unassigned
72437,1703,Astro-Epen
72438,1704,Excitatory_Neuron
72439,1264,unassigned
72440,1264,unassigned
72441,1705,Astro-Epen
72442,1264,unassigned
72443,1264,unassigned
72444,1264,unassigned
72445,1264,unassigned
72446,1264,unassigned
72447,1264,unassigned
72448,1295,Astro-Epen
72449,1702,GABA_Neuron
72450,1264,unassigned
72451,1703,Astro-Epen
72452,1264,unassigned
72453,1264,unassigned
72454,1264,unassigned
72455,1705,Astro-Epen
72456,1264,unassigned
72457,1264,unassigned
72458,1264,unassigned
72459,1295,Astro-Epen
72460,1702,GABA_Neuron
72461,1267,Excitatory_Neuron
72462,1264,unassigned
72463,1264,unassigned
72464,1705,Astro-Epen
72465,1264,unassigned
72466,1702,GABA_Neuron
72467,1264,unassigned
72468,1702,GABA_Neuron
72469,1703,Astro-Epen
72470,1264,unassigned
72471,1264,unassigned
72472,1264,unassigned
72473,1264,unassigned
72474,1264,unassigned
72475,1264,unassigned
72476,1295,Astro-Epen
72477,1295,Astro-Epen
72478,1264,unassigned
72479,1704,Excitatory_Neuron
72480,1264,unassigned
72481,1701,unassigned
72482,1264,unassigned
72483,1703,Astro-Epen
72484,1264,unassigned
72485,1264,unassigned
72486,1264,unassigned
72487,1264,unassigned
72488,1702,GABA_Neuron
72489,1264,unassigned
72490,1703,Astro-Epen
72491,1264,unassigned
72492,1303,Excitatory_Neuron
72493,1268,Excitatory_Neuron
72494,1264,unassigned
72495,1270,Excitatory_Neuron
72496,1264,unassigned
72497,1702,GABA_Neuron
72498,1702,GABA_Neuron
72499,1264,unassigned
72500,1294,Astro-Epen
72501,1704,Excitatory_Neuron
72502,1264,unassigned
72503,1264,unassigned
72504,1264,unassigned
72505,1267,Excitatory_Neuron
72506,1264,unassigned
72507,1705,Astro-Epen
72508,1264,unassigned
72509,1264,unassigned
72510,1264,unassigned
72511,1704,Excitatory_Neuron
72512,1264,unassigned
72513,1264,unassigned
72514,1264,unassigned
72515,1702,GABA_Neuron
72516,1703,Astro-Epen
72517,1264,unassigned
72518,1264,unassigned
72519,1264,unassigned
72520,1295,Astro-Epen
72521,1264,unassigned
72522,1264,unassigned
72523,1264,unassigned
72524,1704,Excitatory_Neuron
72525,1704,Excitatory_Neuron
72526,1264,unassigned
72527,1264,unassigned
72528,1295,Astro-Epen
72529,1264,unassigned
72530,1295,Astro-Epen
72531,1702,GABA_Neuron
72532,1703,Astro-Epen
72533,1703,Astro-Epen
72534,1707,unassigned
72535,1264,unassigned
72536,1264,unassigned
72537,1295,Astro-Epen
72538,1264,unassigned
72539,1267,Excitatory_Neuron
72540,1294,Astro-Epen
72541,1264,unassigned
72542,1705,Astro-Epen
72543,1264,unassigned
72544,1264,unassigned
72545,1295,Astro-Epen
72546,1264,unassigned
72547,1295,Astro-Epen
72548,1264,unassigned
72549,1703,Astro-Epen
72550,1264,unassigned
72551,1264,unassigned
72552,1708,Excitatory_Neuron
72553,1705,Astro-Epen
72554,1264,unassigned
72555,1264,unassigned
72556,1264,unassigned
72557,1264,unassigned
72558,1264,unassigned
72559,1264,unassigned
72560,1264,unassigned
72561,1264,unassigned
72562,1264,unassigned
72563,1264,unassigned
72564,1264,unassigned
72565,1702,GABA_Neuron
72566,1264,unassigned
72567,1264,unassigned
72568,1708,Excitatory_Neuron
72569,1264,unassigned
72570,1264,unassigned
72571,1702,GABA_Neuron
72572,1267,Excitatory_Neuron
72573,1294,Astro-Epen
72574,1707,unassigned
72575,1704,Excitatory_Neuron
72576,1704,Excitatory_Neuron
72577,1264,unassigned
72578,1264,unassigned
72579,1295,Astro-Epen
72580,1703,Astro-Epen
72581,1264,unassigned
72582,1264,unassigned
72583,1264,unassigned
72584,1267,Excitatory_Neuron
72585,1294,Astro-Epen
72586,1704,Excitatory_Neuron
72587,1704,Excitatory_Neuron
72588,1264,unassigned
72589,1705,Astro-Epen
72590,1705,Astro-Epen
72591,1264,unassigned
72592,1264,unassigned
72593,1295,Astro-Epen
72594,1295,Astro-Epen
72595,1264,unassigned
72596,1264,unassigned
72597,1264,unassigned
72598,1264,unassigned
72599,1703,Astro-Epen
72600,1704,Excitatory_Neuron
72601,1264,unassigned
72602,1704,Excitatory_Neuron
72603,1268,Excitatory_Neuron
72604,1704,Excitatory_Neuron
72605,1264,unassigned
72606,1264,unassigned
72607,1264,unassigned
72608,1264,unassigned
72609,1705,Astro-Epen
72610,1706,unassigned
72611,1264,unassigned
72612,1264,unassigned
72613,1264,unassigned
72614,1295,Astro-Epen
72615,1703,Astro-Epen
72616,1703,Astro-Epen
72617,1703,Astro-Epen
72618,1294,Astro-Epen
72619,1264,unassigned
72620,1264,unassigned
72621,1264,unassigned
72622,1264,unassigned
72623,1264,unassigned
72624,1264,unassigned
72625,1264,unassigned
72626,1264,unassigned
72627,1264,unassigned
72628,1704,Excitatory_Neuron
72629,1264,unassigned
72630,1264,unassigned
72631,1264,unassigned
72632,1268,Excitatory_Neuron
72633,1703,Astro-Epen
72634,1707,unassigned
72635,1264,unassigned
72636,1295,Astro-Epen
72637,1267,Excitatory_Neuron
72638,1294,Astro-Epen
72639,1294,Astro-Epen
72640,1294,Astro-Epen
72641,1264,unassigned
72642,1268,Excitatory_Neuron
72643,1708,Excitatory_Neuron
72644,1267,Excitatory_Neuron
72645,1703,Astro-Epen
72646,1703,Astro-Epen
72647,1264,unassigned
72648,1264,unassigned
72649,1295,Astro-Epen
72650,1267,Excitatory_Neuron
72651,1703,Astro-Epen
72652,1267,Excitatory_Neuron
72653,1267,Excitatory_Neuron
72654,1264,unassigned
72655,1295,Astro-Epen
72656,1703,Astro-Epen
72657,1703,Astro-Epen
72658,1703,Astro-Epen
72659,1264,unassigned
72660,1294,Astro-Epen
72661,1264,unassigned
72662,1264,unassigned
72663,1702,GABA_Neuron
72664,1702,GABA_Neuron
72665,1267,Excitatory_Neuron
72666,1268,Excitatory_Neuron
72667,1268,Excitatory_Neuron
72668,1264,unassigned
72669,1264,unassigned
72670,1294,Astro-Epen
72671,1703,Astro-Epen
72672,1294,Astro-Epen
72673,1264,unassigned
72674,1264,unassigned
72675,1703,Astro-Epen
72676,1264,unassigned
72677,1264,unassigned
72678,1295,Astro-Epen
72679,1264,unassigned
72680,1704,Excitatory_Neuron
72681,1264,unassigned
72682,1264,unassigned
72683,1264,unassigned
72684,1264,unassigned
72685,1264,unassigned
72686,1295,Astro-Epen
72687,1295,Astro-Epen
72688,1703,Astro-Epen
72689,1267,Excitatory_Neuron
72690,1703,Astro-Epen
72691,1294,Astro-Epen
72692,1704,Excitatory_Neuron
72693,1264,unassigned
72694,1264,unassigned
72695,1264,unassigned
72696,1295,Astro-Epen
72697,1295,Astro-Epen
72698,1264,unassigned
72699,1264,unassigned
72700,1295,Astro-Epen
72701,1264,unassigned
72702,1267,Excitatory_Neuron
72703,1264,unassigned
72704,1264,unassigned
72705,1264,unassigned
72706,1264,unassigned
72707,1264,unassigned
72708,1705,Astro-Epen
72709,1264,unassigned
72710,1702,GABA_Neuron
72711,1703,Astro-Epen
72712,1703,Astro-Epen
72713,1703,Astro-Epen
72714,1264,unassigned
72715,1705,Astro-Epen
72716,1264,unassigned
72717,1264,unassigned
72718,1264,unassigned
72719,1264,unassigned
72720,1264,unassigned
72721,1264,unassigned
72722,1264,unassigned
72723,1264,unassigned
72724,1264,unassigned
72725,1264,unassigned
72726,1264,unassigned
72727,1264,unassigned
72728,1264,unassigned
72729,1264,unassigned
72730,1703,Astro-Epen
72731,1264,unassigned
72732,1705,Astro-Epen
72733,1264,unassigned
72734,1295,Astro-Epen
72735,1295,Astro-Epen
72736,1264,unassigned
72737,1267,Excitatory_Neuron
72738,1303,Excitatory_Neuron
72739,1264,unassigned
72740,1295,Astro-Epen
72741,1267,Excitatory_Neuron
72742,1703,Astro-Epen
72743,1709,unassigned
72744,1264,unassigned
72745,1264,unassigned
72746,1264,unassigned
72747,1264,unassigned
72748,1264,unassigned
72749,1264,unassigned
72750,1264,unassigned
72751,1264,unassigned
72752,1701,unassigned
72753,1264,unassigned
72754,1703,Astro-Epen
72755,1267,Excitatory_Neuron
72756,1264,unassigned
72757,1264,unassigned
72758,1264,unassigned
72759,1264,unassigned
72760,1264,unassigned
72761,1703,Astro-Epen
72762,1264,unassigned
72763,1709,unassigned
72764,1264,unassigned
72765,1303,Excitatory_Neuron
72766,1295,Astro-Epen
72767,1708,Excitatory_Neuron
72768,1264,unassigned
72769,1264,unassigned
72770,1275,Excitatory_Neuron
72771,1264,unassigned
72772,1295,Astro-Epen
72773,1264,unassigned
72774,1709,unassigned
72775,1294,Astro-Epen
72776,1264,unassigned
72777,1264,unassigned
72778,1705,Astro-Epen
72779,1708,Excitatory_Neuron
72780,1264,unassigned
72781,1264,unassigned
72782,1264,unassigned
72783,1703,Astro-Epen
72784,1705,Astro-Epen
72785,1710,unassigned
72786,1705,Astro-Epen
72787,1264,unassigned
72788,1706,unassigned
72789,1264,unassigned
72790,1264,unassigned
72791,1709,unassigned
72792,1703,Astro-Epen
72793,1264,unassigned
72794,1264,unassigned
72795,1705,Astro-Epen
72796,1264,unassigned
72797,1703,Astro-Epen
72798,1264,unassigned
72799,1264,unassigned
72800,1708,Excitatory_Neuron
72801,1264,unassigned
72802,1295,Astro-Epen
72803,1295,Astro-Epen
72804,1294,Astro-Epen
72805,1703,Astro-Epen
72806,1264,unassigned
72807,1703,Astro-Epen
72808,1294,Astro-Epen
72809,1267,Excitatory_Neuron
72810,1703,Astro-Epen
72811,1303,Excitatory_Neuron
72812,1303,Excitatory_Neuron
72813,1264,unassigned
72814,1264,unassigned
72815,1705,Astro-Epen
72816,1264,unassigned
72817,1264,unassigned
72818,1295,Astro-Epen
72819,1264,unassigned
72820,1264,unassigned
72821,1294,Astro-Epen
72822,1703,Astro-Epen
72823,1703,Astro-Epen
72824,1294,Astro-Epen
72825,1264,unassigned
72826,1705,Astro-Epen
72827,1264,unassigned
72828,1264,unassigned
72829,1264,unassigned
72830,1270,Excitatory_Neuron
72831,1705,Astro-Epen
72832,1264,unassigned
72833,1264,unassigned
72834,1264,unassigned
72835,1295,Astro-Epen
72836,1264,unassigned
72837,1264,unassigned
72838,1295,Astro-Epen
72839,1294,Astro-Epen
72840,1264,unassigned
72841,1264,unassigned
72842,1295,Astro-Epen
72843,1264,unassigned
72844,1264,unassigned
72845,1264,unassigned
72846,1710,unassigned
72847,1295,Astro-Epen
72848,1295,Astro-Epen
72849,1295,Astro-Epen
72850,1315,Excitatory_Neuron
72851,1264,unassigned
72852,1295,Astro-Epen
72853,1264,unassigned
72854,1264,unassigned
72855,1294,Astro-Epen
72856,1705,Astro-Epen
72857,1264,unassigned
72858,1264,unassigned
72859,1264,unassigned
72860,1703,Astro-Epen
72861,1294,Astro-Epen
72862,1704,Excitatory_Neuron
72863,1708,Excitatory_Neuron
72864,1705,Astro-Epen
72865,1264,unassigned
72866,1264,unassigned
72867,1264,unassigned
72868,1264,unassigned
72869,1264,unassigned
72870,1264,unassigned
72871,1264,unassigned
72872,1294,Astro-Epen
72873,1294,Astro-Epen
72874,1705,Astro-Epen
72875,1295,Astro-Epen
72876,1264,unassigned
72877,1264,unassigned
72878,1705,Astro-Epen
72879,1264,unassigned
72880,1705,Astro-Epen
72881,1264,unassigned
72882,1264,unassigned
72883,1264,unassigned
72884,1295,Astro-Epen
72885,1703,Astro-Epen
72886,1294,Astro-Epen
72887,1264,unassigned
72888,1705,Astro-Epen
72889,1705,Astro-Epen
72890,1264,unassigned
72891,1264,unassigned
72892,1264,unassigned
72893,1264,unassigned
72894,1264,unassigned
72895,1264,unassigned
72896,1264,unassigned
72897,1294,Astro-Epen
72898,1704,Excitatory_Neuron
72899,1264,unassigned
72900,1264,unassigned
72901,1264,unassigned
72902,1264,unassigned
72903,1704,Excitatory_Neuron
72904,1704,Excitatory_Neuron
72905,1708,Excitatory_Neuron
72906,1705,Astro-Epen
72907,1264,unassigned
72908,1264,unassigned
72909,1705,Astro-Epen
72910,1264,unassigned
72911,1264,unassigned
72912,1264,unassigned
72913,1703,Astro-Epen
72914,1264,unassigned
72915,1264,unassigned
72916,1264,unassigned
72917,1264,unassigned
72918,1705,Astro-Epen
72919,1264,unassigned
72920,1703,Astro-Epen
72921,1703,Astro-Epen
72922,1294,Astro-Epen
72923,1264,unassigned
72924,1708,Excitatory_Neuron
72925,1264,unassigned
72926,1703,Astro-Epen
72927,1703,Astro-Epen
72928,1294,Astro-Epen
72929,1704,Excitatory_Neuron
72930,1264,unassigned
72931,1704,Excitatory_Neuron
72932,1708,Excitatory_Neuron
72933,1264,unassigned
72934,1264,unassigned
72935,1702,GABA_Neuron
72936,1294,Astro-Epen
72937,1705,Astro-Epen
72938,1295,Astro-Epen
72939,1703,Astro-Epen
72940,1704,Excitatory_Neuron
72941,1264,unassigned
72942,1264,unassigned
72943,1264,unassigned
72944,1294,Astro-Epen
72945,1315,Excitatory_Neuron
72946,1264,unassigned
72947,1264,unassigned
72948,1703,Astro-Epen
72949,1703,Astro-Epen
72950,1705,Astro-Epen
72951,1264,unassigned
72952,1264,unassigned
72953,1264,unassigned
72954,1264,unassigned
72955,1267,Excitatory_Neuron
72956,1294,Astro-Epen
72957,1705,Astro-Epen
72958,1264,unassigned
72959,1264,unassigned
72960,1264,unassigned
72961,1264,unassigned
72962,1264,unassigned
72963,1264,unassigned
72964,1264,unassigned
72965,1703,Astro-Epen
72966,1264,unassigned
72967,1703,Astro-Epen
72968,1294,Astro-Epen
72969,1264,unassigned
72970,1264,unassigned
72971,1264,unassigned
72972,1705,Astro-Epen
72973,1264,unassigned
72974,1264,unassigned
72975,1264,unassigned
72976,1268,Excitatory_Neuron
72977,1706,unassigned
72978,1705,Astro-Epen
72979,1264,unassigned
72980,1264,unassigned
72981,1703,Astro-Epen
72982,1294,Astro-Epen
72983,1264,unassigned
72984,1708,Excitatory_Neuron
72985,1705,Astro-Epen
72986,1264,unassigned
72987,1295,Astro-Epen
72988,1264,unassigned
72989,1703,Astro-Epen
72990,1294,Astro-Epen
72991,1264,unassigned
72992,1264,unassigned
72993,1708,Excitatory_Neuron
72994,1264,unassigned
72995,1705,Astro-Epen
72996,1264,unassigned
72997,1264,unassigned
72998,1295,Astro-Epen
72999,1703,Astro-Epen
73000,1711,GABA_Neuron
73001,1264,unassigned
73002,1704,Excitatory_Neuron
73003,1708,Excitatory_Neuron
73004,1264,unassigned
73005,1264,unassigned
73006,1275,Excitatory_Neuron
73007,1295,Astro-Epen
73008,1264,unassigned
73009,1703,Astro-Epen
73010,1703,Astro-Epen
73011,1294,Astro-Epen
73012,1703,Astro-Epen
73013,1264,unassigned
73014,1264,unassigned
73015,1264,unassigned
73016,1295,Astro-Epen
73017,1264,unassigned
73018,1264,unassigned
73019,1264,unassigned
73020,1704,Excitatory_Neuron
73021,1705,Astro-Epen
73022,1264,unassigned
73023,1705,Astro-Epen
73024,1264,unassigned
73025,1295,Astro-Epen
73026,1711,GABA_Neuron
73027,1706,unassigned
73028,1706,unassigned
73029,1264,unassigned
73030,1704,Excitatory_Neuron
73031,1704,Excitatory_Neuron
73032,1264,unassigned
73033,1704,Excitatory_Neuron
73034,1264,unassigned
73035,1706,unassigned
73036,1264,unassigned
73037,1711,GABA_Neuron
73038,1711,GABA_Neuron
73039,1264,unassigned
73040,1708,Excitatory_Neuron
73041,1264,unassigned
73042,1264,unassigned
73043,1295,Astro-Epen
73044,1264,unassigned
73045,1294,Astro-Epen
73046,1703,Astro-Epen
73047,1711,GABA_Neuron
73048,1264,unassigned
73049,1708,Excitatory_Neuron
73050,1264,unassigned
73051,1710,unassigned
73052,1706,unassigned
73053,1295,Astro-Epen
73054,1264,unassigned
73055,1264,unassigned
73056,1704,Excitatory_Neuron
73057,1704,Excitatory_Neuron
73058,1268,Excitatory_Neuron
73059,1264,unassigned
73060,1710,unassigned
73061,1264,unassigned
73062,1275,Excitatory_Neuron
73063,1295,Astro-Epen
73064,1294,Astro-Epen
73065,1264,unassigned
73066,1705,Astro-Epen
73067,1264,unassigned
73068,1264,unassigned
73069,1295,Astro-Epen
73070,1267,Excitatory_Neuron
73071,1703,Astro-Epen
73072,1703,Astro-Epen
73073,1294,Astro-Epen
73074,1264,unassigned
73075,1264,unassigned
73076,1710,unassigned
73077,1705,Astro-Epen
73078,1705,Astro-Epen
73079,1264,unassigned
73080,1267,Excitatory_Neuron
73081,1294,Astro-Epen
73082,1264,unassigned
73083,1268,Excitatory_Neuron
73084,1710,unassigned
73085,1710,unassigned
73086,1705,Astro-Epen
73087,1706,unassigned
73088,1264,unassigned
73089,1264,unassigned
73090,1294,Astro-Epen
73091,1703,Astro-Epen
73092,1708,Excitatory_Neuron
73093,1264,unassigned
73094,1264,unassigned
73095,1264,unassigned
73096,1264,unassigned
73097,1264,unassigned
73098,1710,unassigned
73099,1267,Excitatory_Neuron
73100,1294,Astro-Epen
73101,1264,unassigned
73102,1264,unassigned
73103,1268,Excitatory_Neuron
73104,1264,unassigned
73105,1295,Astro-Epen
73106,1264,unassigned
73107,1703,Astro-Epen
73108,1294,Astro-Epen
73109,1704,Excitatory_Neuron
73110,1268,Excitatory_Neuron
73111,1264,unassigned
73112,1264,unassigned
73113,1703,Astro-Epen
73114,1704,Excitatory_Neuron
73115,1268,Excitatory_Neuron
73116,1708,Excitatory_Neuron
73117,1705,Astro-Epen
73118,1264,unassigned
73119,1264,unassigned
73120,1264,unassigned
73121,1295,Astro-Epen
73122,1295,Astro-Epen
73123,1267,Excitatory_Neuron
73124,1264,unassigned
73125,1264,unassigned
73126,1708,Excitatory_Neuron
73127,1295,Astro-Epen
73128,1294,Astro-Epen
73129,1264,unassigned
73130,1705,Astro-Epen
73131,1264,unassigned
73132,1264,unassigned
73133,1295,Astro-Epen
73134,1264,unassigned
73135,1703,Astro-Epen
73136,1294,Astro-Epen
73137,1705,Astro-Epen
73138,1264,unassigned
73139,1264,unassigned
73140,1703,Astro-Epen
73141,1711,GABA_Neuron
73142,1704,Excitatory_Neuron
73143,1264,unassigned
73144,1264,unassigned
73145,1708,Excitatory_Neuron
73146,1710,unassigned
73147,1264,unassigned
73148,1264,unassigned
73149,1703,Astro-Epen
73150,1703,Astro-Epen
73151,1294,Astro-Epen
73152,1703,Astro-Epen
73153,1704,Excitatory_Neuron
73154,1264,unassigned
73155,1264,unassigned
73156,1705,Astro-Epen
73157,1264,unassigned
73158,1264,unassigned
73159,1264,unassigned
73160,1264,unassigned
73161,1264,unassigned
73162,1264,unassigned
73163,1294,Astro-Epen
73164,1264,unassigned
73165,1708,Excitatory_Neuron
73166,1264,unassigned
73167,1703,Astro-Epen
73168,1294,Astro-Epen
73169,1294,Astro-Epen
73170,1704,Excitatory_Neuron
73171,1303,Excitatory_Neuron
73172,1705,Astro-Epen
73173,1264,unassigned
73174,1295,Astro-Epen
73175,1264,unassigned
73176,1294,Astro-Epen
73177,1703,Astro-Epen
73178,1264,unassigned
73179,1264,unassigned
73180,1708,Excitatory_Neuron
73181,1264,unassigned
73182,1267,Excitatory_Neuron
73183,1267,Excitatory_Neuron
73184,1703,Astro-Epen
73185,1703,Astro-Epen
73186,1264,unassigned
73187,1264,unassigned
73188,1706,unassigned
73189,1706,unassigned
73190,1710,unassigned
73191,1264,unassigned
73192,1703,Astro-Epen
73193,1708,Excitatory_Neuron
73194,1264,unassigned
73195,1264,unassigned
73196,1264,unassigned
73197,1264,unassigned
73198,1264,unassigned
73199,1264,unassigned
73200,1703,Astro-Epen
73201,1264,unassigned
73202,1264,unassigned
73203,1295,Astro-Epen
73204,1703,Astro-Epen
73205,1703,Astro-Epen
73206,1264,unassigned
73207,1705,Astro-Epen
73208,1705,Astro-Epen
73209,1706,unassigned
73210,1264,unassigned
73211,1264,unassigned
73212,1264,unassigned
73213,1703,Astro-Epen
73214,1264,unassigned
73215,1264,unassigned
73216,1264,unassigned
73217,1708,Excitatory_Neuron
73218,1705,Astro-Epen
73219,1264,unassigned
73220,1264,unassigned
73221,1264,unassigned
73222,1295,Astro-Epen
73223,1711,GABA_Neuron
73224,1705,Astro-Epen
73225,1708,Excitatory_Neuron
73226,1264,unassigned
73227,1264,unassigned
73228,1264,unassigned
73229,1264,unassigned
73230,1710,unassigned
73231,1264,unassigned
73232,1264,unassigned
73233,1264,unassigned
73234,1264,unassigned
73235,1267,Excitatory_Neuron
73236,1264,unassigned
73237,1706,unassigned
73238,1264,unassigned
73239,1264,unassigned
73240,1264,unassigned
73241,1267,Excitatory_Neuron
73242,1703,Astro-Epen
73243,1705,Astro-Epen
73244,1705,Astro-Epen
73245,1705,Astro-Epen
73246,1264,unassigned
73247,1264,unassigned
73248,1264,unassigned
73249,1703,Astro-Epen
73250,1703,Astro-Epen
73251,1264,unassigned
73252,1705,Astro-Epen
73253,1264,unassigned
73254,1264,unassigned
73255,1703,Astro-Epen
73256,1703,Astro-Epen
73257,1294,Astro-Epen
73258,1303,Excitatory_Neuron
73259,1264,unassigned
73260,1705,Astro-Epen
73261,1706,unassigned
73262,1264,unassigned
73263,1264,unassigned
73264,1264,unassigned
73265,1711,GABA_Neuron
73266,1704,Excitatory_Neuron
73267,1710,unassigned
73268,1706,unassigned
73269,1264,unassigned
73270,1295,Astro-Epen
73271,1703,Astro-Epen
73272,1703,Astro-Epen
73273,1264,unassigned
73274,1264,unassigned
73275,1264,unassigned
73276,1264,unassigned
73277,1705,Astro-Epen
73278,1294,Astro-Epen
73279,1264,unassigned
73280,1264,unassigned
73281,1315,Excitatory_Neuron
73282,1264,unassigned
73283,1705,Astro-Epen
73284,1264,unassigned
73285,1710,unassigned
73286,1706,unassigned
73287,1264,unassigned
73288,1264,unassigned
73289,1703,Astro-Epen
73290,1711,GABA_Neuron
73291,1264,unassigned
73292,1704,Excitatory_Neuron
73293,1264,unassigned
73294,1708,Excitatory_Neuron
73295,1264,unassigned
73296,1264,unassigned
73297,1264,unassigned
73298,1708,Excitatory_Neuron
73299,1706,unassigned
73300,1703,Astro-Epen
73301,1264,unassigned
73302,1264,unassigned
73303,1264,unassigned
73304,1705,Astro-Epen
73305,1705,Astro-Epen
73306,1705,Astro-Epen
73307,1264,unassigned
73308,1264,unassigned
73309,1264,unassigned
73310,1264,unassigned
73311,1264,unassigned
73312,1710,unassigned
73313,1264,unassigned
73314,1705,Astro-Epen
73315,1264,unassigned
73316,1264,unassigned
73317,1264,unassigned
73318,1710,unassigned
73319,1264,unassigned
73320,1264,unassigned
73321,1264,unassigned
73322,1704,Excitatory_Neuron
73323,1264,unassigned
73324,1264,unassigned
73325,1264,unassigned
73326,1708,Excitatory_Neuron
73327,1264,unassigned
73328,1264,unassigned
73329,1703,Astro-Epen
73330,1703,Astro-Epen
73331,1705,Astro-Epen
73332,1705,Astro-Epen
73333,1264,unassigned
73334,1267,Excitatory_Neuron
73335,1703,Astro-Epen
73336,1705,Astro-Epen
73337,1264,unassigned
73338,1264,unassigned
73339,1264,unassigned
73340,1295,Astro-Epen
73341,1264,unassigned
73342,1703,Astro-Epen
73343,1708,Excitatory_Neuron
73344,1264,unassigned
73345,1264,unassigned
73346,1267,Excitatory_Neuron
73347,1704,Excitatory_Neuron
73348,1264,unassigned
73349,1264,unassigned
73350,1706,unassigned
73351,1264,unassigned
73352,1704,Excitatory_Neuron
73353,1264,unassigned
73354,1705,Astro-Epen
73355,1705,Astro-Epen
73356,1264,unassigned
73357,1264,unassigned
73358,1264,unassigned
73359,1703,Astro-Epen
73360,1294,Astro-Epen
73361,1264,unassigned
73362,1708,Excitatory_Neuron
73363,1264,unassigned
73364,1705,Astro-Epen
73365,1264,unassigned
73366,1264,unassigned
73367,1264,unassigned
73368,1295,Astro-Epen
73369,1264,unassigned
73370,1264,unassigned
73371,1703,Astro-Epen
73372,1264,unassigned
73373,1264,unassigned
73374,1264,unassigned
73375,1264,unassigned
73376,1703,Astro-Epen
73377,1264,unassigned
73378,1710,unassigned
73379,1264,unassigned
73380,1264,unassigned
73381,1703,Astro-Epen
73382,1703,Astro-Epen
73383,1711,GABA_Neuron
73384,1264,unassigned
73385,1264,unassigned
73386,1264,unassigned
73387,1710,unassigned
73388,1264,unassigned
73389,1264,unassigned
73390,1264,unassigned
73391,1703,Astro-Epen
73392,1264,unassigned
73393,1264,unassigned
73394,1264,unassigned
73395,1703,Astro-Epen
73396,1703,Astro-Epen
73397,1295,Astro-Epen
73398,1295,Astro-Epen
73399,1703,Astro-Epen
73400,1704,Excitatory_Neuron
73401,1264,unassigned
73402,1264,unassigned
73403,1264,unassigned
73404,1264,unassigned
73405,1706,unassigned
73406,1264,unassigned
73407,1295,Astro-Epen
73408,1264,unassigned
73409,1703,Astro-Epen
73410,1711,GABA_Neuron
73411,1703,Astro-Epen
73412,1264,unassigned
73413,1264,unassigned
73414,1264,unassigned
73415,1705,Astro-Epen
73416,1264,unassigned
73417,1295,Astro-Epen
73418,1710,unassigned
73419,1705,Astro-Epen
73420,1264,unassigned
73421,1264,unassigned
73422,1295,Astro-Epen
73423,1264,unassigned
73424,1295,Astro-Epen
73425,1295,Astro-Epen
73426,1267,Excitatory_Neuron
73427,1264,unassigned
73428,1264,unassigned
73429,1295,Astro-Epen
73430,1264,unassigned
73431,1703,Astro-Epen
73432,1703,Astro-Epen
73433,1264,unassigned
73434,1264,unassigned
73435,1264,unassigned
73436,1294,Astro-Epen
73437,1264,unassigned
73438,1264,unassigned
73439,1264,unassigned
73440,1264,unassigned
73441,1264,unassigned
73442,1706,unassigned
73443,1264,unassigned
73444,1295,Astro-Epen
73445,1295,Astro-Epen
73446,1703,Astro-Epen
73447,1703,Astro-Epen
73448,1264,unassigned
73449,1264,unassigned
73450,1264,unassigned
73451,1295,Astro-Epen
73452,1264,unassigned
73453,1711,GABA_Neuron
73454,1264,unassigned
73455,1708,Excitatory_Neuron
73456,1705,Astro-Epen
73457,1264,unassigned
73458,1711,GABA_Neuron
73459,1264,unassigned
73460,1264,unassigned
73461,1710,unassigned
73462,1710,unassigned
73463,1264,unassigned
73464,1264,unassigned
73465,1264,unassigned
73466,1703,Astro-Epen
73467,1703,Astro-Epen
73468,1703,Astro-Epen
73469,1703,Astro-Epen
73470,1264,unassigned
73471,1264,unassigned
73472,1264,unassigned
73473,1264,unassigned
73474,1264,unassigned
73475,1705,Astro-Epen
73476,1264,unassigned
73477,1264,unassigned
73478,1295,Astro-Epen
73479,1264,unassigned
73480,1264,unassigned
73481,1295,Astro-Epen
73482,1295,Astro-Epen
73483,1703,Astro-Epen
73484,1264,unassigned
73485,1264,unassigned
73486,1264,unassigned
73487,1708,Excitatory_Neuron
73488,1708,Excitatory_Neuron
73489,1708,Excitatory_Neuron
73490,1264,unassigned
73491,1703,Astro-Epen
73492,1264,unassigned
73493,1264,unassigned
73494,1264,unassigned
73495,1264,unassigned
73496,1264,unassigned
73497,1264,unassigned
73498,1264,unassigned
73499,1264,unassigned
73500,1264,unassigned
73501,1703,Astro-Epen
73502,1264,unassigned
73503,1264,unassigned
73504,1704,Excitatory_Neuron
73505,1264,unassigned
73506,1264,unassigned
73507,1264,unassigned
73508,1264,unassigned
73509,1264,unassigned
73510,1264,unassigned
73511,1295,Astro-Epen
73512,1264,unassigned
73513,1264,unassigned
73514,1264,unassigned
73515,1705,Astro-Epen
73516,1708,Excitatory_Neuron
73517,1264,unassigned
73518,1264,unassigned
73519,1264,unassigned
73520,1264,unassigned
73521,1264,unassigned
73522,1264,unassigned
73523,1330,GABA_Neuron
73524,1703,Astro-Epen
73525,1710,unassigned
73526,1264,unassigned
73527,1264,unassigned
73528,1295,Astro-Epen
73529,1264,unassigned
73530,1264,unassigned
73531,1703,Astro-Epen
73532,1264,unassigned
73533,1264,unassigned
73534,1710,unassigned
73535,1264,unassigned
73536,1264,unassigned
73537,1295,Astro-Epen
73538,1264,unassigned
73539,1264,unassigned
73540,1264,unassigned
73541,1711,GABA_Neuron
73542,1264,unassigned
73543,1264,unassigned
73544,1704,Excitatory_Neuron
73545,1264,unassigned
73546,1264,unassigned
73547,1264,unassigned
73548,1264,unassigned
73549,1264,unassigned
73550,1264,unassigned
73551,1264,unassigned
73552,1264,unassigned
73553,1711,GABA_Neuron
73554,1264,unassigned
73555,1704,Excitatory_Neuron
73556,1264,unassigned
73557,1705,Astro-Epen
73558,1711,GABA_Neuron
73559,1264,unassigned
73560,1704,Excitatory_Neuron
73561,1705,Astro-Epen
73562,1710,unassigned
73563,1705,Astro-Epen
73564,1264,unassigned
73565,1264,unassigned
73566,1703,Astro-Epen
73567,1712,unassigned
73568,1706,unassigned
73569,1708,Excitatory_Neuron
73570,1703,Astro-Epen
73571,1294,Astro-Epen
73572,1264,unassigned
73573,1705,Astro-Epen
73574,1264,unassigned
73575,1295,Astro-Epen
73576,1264,unassigned
73577,1264,unassigned
73578,1264,unassigned
73579,1708,Excitatory_Neuron
73580,1710,unassigned
73581,1264,unassigned
73582,1264,unassigned
73583,1264,unassigned
73584,1264,unassigned
73585,1705,Astro-Epen
73586,1706,unassigned
73587,1264,unassigned
73588,1264,unassigned
73589,1264,unassigned
73590,1703,Astro-Epen
73591,1264,unassigned
73592,1705,Astro-Epen
73593,1264,unassigned
73594,1705,Astro-Epen
73595,1705,Astro-Epen
73596,1264,unassigned
73597,1264,unassigned
73598,1264,unassigned
73599,1264,unassigned
73600,1294,Astro-Epen
73601,1711,GABA_Neuron
73602,1264,unassigned
73603,1713,unassigned
73604,1708,Excitatory_Neuron
73605,1264,unassigned
73606,1264,unassigned
73607,1330,GABA_Neuron
73608,1704,Excitatory_Neuron
73609,1264,unassigned
73610,1264,unassigned
73611,1264,unassigned
73612,1295,Astro-Epen
73613,1264,unassigned
73614,1264,unassigned
73615,1330,GABA_Neuron
73616,1712,unassigned
73617,1264,unassigned
73618,1264,unassigned
73619,1264,unassigned
73620,1264,unassigned
73621,1264,unassigned
73622,1294,Astro-Epen
73623,1264,unassigned
73624,1264,unassigned
73625,1705,Astro-Epen
73626,1264,unassigned
73627,1264,unassigned
73628,1315,Excitatory_Neuron
73629,1264,unassigned
73630,1264,unassigned
73631,1264,unassigned
73632,1703,Astro-Epen
73633,1711,GABA_Neuron
73634,1703,Astro-Epen
73635,1264,unassigned
73636,1710,unassigned
73637,1295,Astro-Epen
73638,1264,unassigned
73639,1264,unassigned
73640,1264,unassigned
73641,1264,unassigned
73642,1264,unassigned
73643,1264,unassigned
73644,1708,Excitatory_Neuron
73645,1705,Astro-Epen
73646,1705,Astro-Epen
73647,1330,GABA_Neuron
73648,1711,GABA_Neuron
73649,1264,unassigned
73650,1315,Excitatory_Neuron
73651,1264,unassigned
73652,1264,unassigned
73653,1264,unassigned
73654,1294,Astro-Epen
73655,1703,Astro-Epen
73656,1264,unassigned
73657,1713,unassigned
73658,1705,Astro-Epen
73659,1264,unassigned
73660,1264,unassigned
73661,1264,unassigned
73662,1264,unassigned
73663,1264,unassigned
73664,1264,unassigned
73665,1264,unassigned
73666,1264,unassigned
73667,1264,unassigned
73668,1330,GABA_Neuron
73669,1264,unassigned
73670,1264,unassigned
73671,1264,unassigned
73672,1264,unassigned
73673,1264,unassigned
73674,1703,Astro-Epen
73675,1711,GABA_Neuron
73676,1264,unassigned
73677,1708,Excitatory_Neuron
73678,1706,unassigned
73679,1264,unassigned
73680,1703,Astro-Epen
73681,1714,unassigned
73682,1264,unassigned
73683,1264,unassigned
73684,1264,unassigned
73685,1713,unassigned
73686,1708,Excitatory_Neuron
73687,1705,Astro-Epen
73688,1264,unassigned
73689,1264,unassigned
73690,1264,unassigned
73691,1711,GABA_Neuron
73692,1264,unassigned
73693,1264,unassigned
73694,1264,unassigned
73695,1711,GABA_Neuron
73696,1264,unassigned
73697,1295,Astro-Epen
73698,1294,Astro-Epen
73699,1264,unassigned
73700,1264,unassigned
73701,1264,unassigned
73702,1264,unassigned
73703,1264,unassigned
73704,1295,Astro-Epen
73705,1264,unassigned
73706,1264,unassigned
73707,1264,unassigned
73708,1264,unassigned
73709,1315,Excitatory_Neuron
73710,1315,Excitatory_Neuron
73711,1264,unassigned
73712,1264,unassigned
73713,1264,unassigned
73714,1264,unassigned
73715,1294,Astro-Epen
73716,1264,unassigned
73717,1264,unassigned
73718,1264,unassigned
73719,1264,unassigned
73720,1264,unassigned
73721,1264,unassigned
73722,1703,Astro-Epen
73723,1703,Astro-Epen
73724,1264,unassigned
73725,1705,Astro-Epen
73726,1264,unassigned
73727,1264,unassigned
73728,1264,unassigned
73729,1264,unassigned
73730,1264,unassigned
73731,1264,unassigned
73732,1703,Astro-Epen
73733,1264,unassigned
73734,1708,Excitatory_Neuron
73735,1264,unassigned
73736,1703,Astro-Epen
73737,1708,Excitatory_Neuron
73738,1705,Astro-Epen
73739,1264,unassigned
73740,1264,unassigned
73741,1264,unassigned
73742,1264,unassigned
73743,1264,unassigned
73744,1264,unassigned
73745,1264,unassigned
73746,1264,unassigned
73747,1708,Excitatory_Neuron
73748,1264,unassigned
73749,1264,unassigned
73750,1264,unassigned
73751,1264,unassigned
73752,1315,Excitatory_Neuron
73753,1264,unassigned
73754,1264,unassigned
73755,1264,unassigned
73756,1264,unassigned
73757,1264,unassigned
73758,1264,unassigned
73759,1264,unassigned
73760,1330,GABA_Neuron
73761,1264,unassigned
73762,1264,unassigned
73763,1264,unassigned
73764,1264,unassigned
73765,1264,unassigned
73766,1330,GABA_Neuron
73767,1264,unassigned
73768,1264,unassigned
73769,1710,unassigned
73770,1264,unassigned
73771,1264,unassigned
73772,1264,unassigned
73773,1703,Astro-Epen
73774,1713,unassigned
73775,1264,unassigned
73776,1315,Excitatory_Neuron
73777,1264,unassigned
73778,1264,unassigned
73779,1295,Astro-Epen
73780,1264,unassigned
73781,1705,Astro-Epen
73782,1264,unassigned
73783,1703,Astro-Epen
73784,1264,unassigned
73785,1703,Astro-Epen
73786,1703,Astro-Epen
73787,1264,unassigned
73788,1705,Astro-Epen
73789,1264,unassigned
73790,1264,unassigned
73791,1264,unassigned
73792,1705,Astro-Epen
73793,1264,unassigned
73794,1264,unassigned
73795,1264,unassigned
73796,1264,unassigned
73797,1703,Astro-Epen
73798,1703,Astro-Epen
73799,1703,Astro-Epen
73800,1294,Astro-Epen
73801,1703,Astro-Epen
73802,1264,unassigned
73803,1264,unassigned
73804,1264,unassigned
73805,1710,unassigned
73806,1705,Astro-Epen
73807,1705,Astro-Epen
73808,1715,unassigned
73809,1264,unassigned
73810,1264,unassigned
73811,1264,unassigned
73812,1264,unassigned
73813,1264,unassigned
73814,1264,unassigned
73815,1264,unassigned
73816,1264,unassigned
73817,1703,Astro-Epen
73818,1264,unassigned
73819,1264,unassigned
73820,1264,unassigned
73821,1264,unassigned
73822,1264,unassigned
73823,1264,unassigned
73824,1264,unassigned
73825,1705,Astro-Epen
73826,1705,Astro-Epen
73827,1264,unassigned
73828,1264,unassigned
73829,1264,unassigned
73830,1264,unassigned
73831,1264,unassigned
73832,1708,Excitatory_Neuron
73833,1264,unassigned
73834,1705,Astro-Epen
73835,1264,unassigned
73836,1703,Astro-Epen
73837,1703,Astro-Epen
73838,1264,unassigned
73839,1710,unassigned
73840,1264,unassigned
73841,1703,Astro-Epen
73842,1294,Astro-Epen
73843,1264,unassigned
73844,1710,unassigned
73845,1315,Excitatory_Neuron
73846,1264,unassigned
73847,1264,unassigned
73848,1264,unassigned
73849,1264,unassigned
73850,1264,unassigned
73851,1703,Astro-Epen
73852,1264,unassigned
73853,1705,Astro-Epen
73854,1264,unassigned
73855,1703,Astro-Epen
73856,1264,unassigned
73857,1264,unassigned
73858,1264,unassigned
73859,1710,unassigned
73860,1264,unassigned
73861,1264,unassigned
73862,1264,unassigned
73863,1264,unassigned
73864,1264,unassigned
73865,1264,unassigned
73866,1264,unassigned
73867,1264,unassigned
73868,1264,unassigned
73869,1264,unassigned
73870,1264,unassigned
73871,1264,unassigned
73872,1264,unassigned
73873,1703,Astro-Epen
73874,1264,unassigned
73875,1264,unassigned
73876,1264,unassigned
73877,1711,GABA_Neuron
73878,1264,unassigned
73879,1264,unassigned
73880,1708,Excitatory_Neuron
73881,1264,unassigned
73882,1264,unassigned
73883,1705,Astro-Epen
73884,1264,unassigned
73885,1703,Astro-Epen
73886,1703,Astro-Epen
73887,1264,unassigned
73888,1264,unassigned
73889,1705,Astro-Epen
73890,1705,Astro-Epen
73891,1264,unassigned
73892,1264,unassigned
73893,1264,unassigned
73894,1264,unassigned
73895,1264,unassigned
73896,1264,unassigned
73897,1703,Astro-Epen
73898,1294,Astro-Epen
73899,1264,unassigned
73900,1264,unassigned
73901,1264,unassigned
73902,1264,unassigned
73903,1264,unassigned
73904,1264,unassigned
73905,1708,Excitatory_Neuron
73906,1264,unassigned
73907,1264,unassigned
73908,1264,unassigned
73909,1264,unassigned
73910,1710,unassigned
73911,1705,Astro-Epen
73912,1264,unassigned
73913,1264,unassigned
73914,1264,unassigned
73915,1264,unassigned
73916,1264,unassigned
73917,1264,unassigned
73918,1264,unassigned
73919,1264,unassigned
73920,1264,unassigned
73921,1264,unassigned
73922,1264,unassigned
73923,1264,unassigned
73924,1264,unassigned
73925,1708,Excitatory_Neuron
73926,1716,unassigned
73927,1294,Astro-Epen
73928,1264,unassigned
73929,1264,unassigned
73930,1264,unassigned
73931,1708,Excitatory_Neuron
73932,1264,unassigned
73933,1705,Astro-Epen
73934,1264,unassigned
73935,1264,unassigned
73936,1264,unassigned
73937,1264,unassigned
73938,1264,unassigned
73939,1264,unassigned
73940,1715,unassigned
73941,1705,Astro-Epen
73942,1708,Excitatory_Neuron
73943,1264,unassigned
73944,1264,unassigned
73945,1264,unassigned
73946,1264,unassigned
73947,1264,unassigned
73948,1717,unassigned
73949,1717,unassigned
73950,1264,unassigned
73951,1264,unassigned
73952,1264,unassigned
73953,1264,unassigned
73954,1264,unassigned
73955,1264,unassigned
73956,1264,unassigned
73957,1264,unassigned
73958,1264,unassigned
73959,1264,unassigned
73960,1264,unassigned
73961,1264,unassigned
73962,1264,unassigned
73963,1264,unassigned
73964,1708,Excitatory_Neuron
73965,1715,unassigned
73966,1264,unassigned
73967,1264,unassigned
73968,1716,unassigned
73969,1264,unassigned
73970,1703,Astro-Epen
73971,1264,unassigned
73972,1264,unassigned
73973,1264,unassigned
73974,1705,Astro-Epen
73975,1710,unassigned
73976,1264,unassigned
73977,1264,unassigned
73978,1264,unassigned
73979,1264,unassigned
73980,1264,unassigned
73981,1264,unassigned
73982,1294,Astro-Epen
73983,1264,unassigned
73984,1708,Excitatory_Neuron
73985,1705,Astro-Epen
73986,1264,unassigned
73987,1703,Astro-Epen
73988,1264,unassigned
73989,1264,unassigned
73990,1264,unassigned
73991,1705,Astro-Epen
73992,1716,unassigned
73993,1264,unassigned
73994,1711,GABA_Neuron
73995,1264,unassigned
73996,1264,unassigned
73997,1710,unassigned
73998,1705,Astro-Epen
73999,1264,unassigned
74000,1264,unassigned
74001,1264,unassigned
74002,1264,unassigned
74003,1708,Excitatory_Neuron
74004,1705,Astro-Epen
74005,1315,Excitatory_Neuron
74006,1264,unassigned
74007,1264,unassigned
74008,1264,unassigned
74009,1264,unassigned
74010,1703,Astro-Epen
74011,1711,GABA_Neuron
74012,1264,unassigned
74013,1264,unassigned
74014,1264,unassigned
74015,1264,unassigned
74016,1264,unassigned
74017,1264,unassigned
74018,1703,Astro-Epen
74019,1703,Astro-Epen
74020,1264,unassigned
74021,1264,unassigned
74022,1264,unassigned
74023,1264,unassigned
74024,1264,unassigned
74025,1264,unassigned
74026,1264,unassigned
74027,1264,unassigned
74028,1264,unassigned
74029,1264,unassigned
74030,1711,GABA_Neuron
74031,1264,unassigned
74032,1264,unassigned
74033,1264,unassigned
74034,1705,Astro-Epen
74035,1264,unassigned
74036,1264,unassigned
74037,1264,unassigned
74038,1264,unassigned
74039,1264,unassigned
74040,1264,unassigned
74041,1264,unassigned
74042,1264,unassigned
74043,1264,unassigned
74044,1264,unassigned
74045,1264,unassigned
74046,1264,unassigned
74047,1264,unassigned
74048,1264,unassigned
74049,1264,unassigned
74050,1264,unassigned
74051,1264,unassigned
74052,1264,unassigned
74053,1264,unassigned
74054,1264,unassigned
74055,1264,unassigned
74056,1264,unassigned
74057,1264,unassigned
74058,1264,unassigned
74059,1264,unassigned
74060,1703,Astro-Epen
74061,1703,Astro-Epen
74062,1264,unassigned
74063,1264,unassigned
74064,1264,unassigned
74065,1716,unassigned
74066,1264,unassigned
74067,1264,unassigned
74068,1264,unassigned
74069,1264,unassigned
74070,1264,unassigned
74071,1715,unassigned
74072,1708,Excitatory_Neuron
74073,1715,unassigned
74074,1716,unassigned
74075,1264,unassigned
74076,1703,Astro-Epen
74077,1264,unassigned
74078,1264,unassigned
74079,1264,unassigned
74080,1716,unassigned
74081,1264,unassigned
74082,1264,unassigned
74083,1264,unassigned
74084,1330,GABA_Neuron
74085,1711,GABA_Neuron
74086,1705,Astro-Epen
74087,1715,unassigned
74088,1705,Astro-Epen
74089,1264,unassigned
74090,1716,unassigned
74091,1264,unassigned
74092,1716,unassigned
74093,1264,unassigned
74094,1264,unassigned
74095,1264,unassigned
74096,1703,Astro-Epen
74097,1264,unassigned
74098,1705,Astro-Epen
74099,1708,Excitatory_Neuron
74100,1264,unassigned
74101,1264,unassigned
74102,1264,unassigned
74103,1264,unassigned
74104,1710,unassigned
74105,1264,unassigned
74106,1264,unassigned
74107,1703,Astro-Epen
74108,1264,unassigned
74109,1264,unassigned
74110,1264,unassigned
74111,1705,Astro-Epen
74112,1715,unassigned
74113,1705,Astro-Epen
74114,1264,unassigned
74115,1264,unassigned
74116,1264,unassigned
74117,1711,GABA_Neuron
74118,1264,unassigned
74119,1708,Excitatory_Neuron
74120,1264,unassigned
74121,1264,unassigned
74122,1315,Excitatory_Neuron
74123,1264,unassigned
74124,1264,unassigned
74125,1264,unassigned
74126,1264,unassigned
74127,1264,unassigned
74128,1264,unassigned
74129,1703,Astro-Epen
74130,1264,unassigned
74131,1710,unassigned
74132,1264,unassigned
74133,1264,unassigned
74134,1264,unassigned
74135,1294,Astro-Epen
74136,1711,GABA_Neuron
74137,1711,GABA_Neuron
74138,1718,unassigned
74139,1705,Astro-Epen
74140,1264,unassigned
74141,1705,Astro-Epen
74142,1708,Excitatory_Neuron
74143,1264,unassigned
74144,1330,GABA_Neuron
74145,1264,unassigned
74146,1264,unassigned
74147,1264,unassigned
74148,1719,unassigned
74149,1703,Astro-Epen
74150,1703,Astro-Epen
74151,1718,unassigned
74152,1264,unassigned
74153,1720,unassigned
74154,1264,unassigned
74155,1264,unassigned
74156,1264,unassigned
74157,1264,unassigned
74158,1264,unassigned
74159,1264,unassigned
74160,1264,unassigned
74161,1264,unassigned
74162,1264,unassigned
74163,1264,unassigned
74164,1705,Astro-Epen
74165,1705,Astro-Epen
74166,1708,Excitatory_Neuron
74167,1264,unassigned
74168,1264,unassigned
74169,1703,Astro-Epen
74170,1711,GABA_Neuron
74171,1264,unassigned
74172,1264,unassigned
74173,1264,unassigned
74174,1330,GABA_Neuron
74175,1703,Astro-Epen
74176,1264,unassigned
74177,1264,unassigned
74178,1708,Excitatory_Neuron
74179,1710,unassigned
74180,1264,unassigned
74181,1716,unassigned
74182,1264,unassigned
74183,1264,unassigned
74184,1703,Astro-Epen
74185,1264,unassigned
74186,1703,Astro-Epen
74187,1703,Astro-Epen
74188,1703,Astro-Epen
74189,1705,Astro-Epen
74190,1716,unassigned
74191,1703,Astro-Epen
74192,1703,Astro-Epen
74193,1711,GABA_Neuron
74194,1264,unassigned
74195,1264,unassigned
74196,1264,unassigned
74197,1264,unassigned
74198,1264,unassigned
74199,1264,unassigned
74200,1703,Astro-Epen
74201,1703,Astro-Epen
74202,1264,unassigned
74203,1264,unassigned
74204,1264,unassigned
74205,1705,Astro-Epen
74206,1715,unassigned
74207,1264,unassigned
74208,1264,unassigned
74209,1264,unassigned
74210,1264,unassigned
74211,1264,unassigned
74212,1264,unassigned
74213,1703,Astro-Epen
74214,1330,GABA_Neuron
74215,1264,unassigned
74216,1710,unassigned
74217,1715,unassigned
74218,1721,unassigned
74219,1711,GABA_Neuron
74220,1264,unassigned
74221,1264,unassigned
74222,1717,unassigned
74223,1264,unassigned
74224,1264,unassigned
74225,1264,unassigned
74226,1703,Astro-Epen
74227,1703,Astro-Epen
74228,1264,unassigned
74229,1264,unassigned
74230,1705,Astro-Epen
74231,1264,unassigned
74232,1264,unassigned
74233,1264,unassigned
74234,1264,unassigned
74235,1703,Astro-Epen
74236,1703,Astro-Epen
74237,1264,unassigned
74238,1264,unassigned
74239,1708,Excitatory_Neuron
74240,1264,unassigned
74241,1264,unassigned
74242,1264,unassigned
74243,1264,unassigned
74244,1264,unassigned
74245,1705,Astro-Epen
74246,1264,unassigned
74247,1264,unassigned
74248,1264,unassigned
74249,1703,Astro-Epen
74250,1264,unassigned
74251,1703,Astro-Epen
74252,1703,Astro-Epen
74253,1264,unassigned
74254,1264,unassigned
74255,1705,Astro-Epen
74256,1264,unassigned
74257,1264,unassigned
74258,1264,unassigned
74259,1711,GABA_Neuron
74260,1705,Astro-Epen
74261,1264,unassigned
74262,1264,unassigned
74263,1264,unassigned
74264,1264,unassigned
74265,1722,unassigned
74266,1264,unassigned
74267,1703,Astro-Epen
74268,1703,Astro-Epen
74269,1264,unassigned
74270,1264,unassigned
74271,1264,unassigned
74272,1264,unassigned
74273,1703,Astro-Epen
74274,1264,unassigned
74275,1708,Excitatory_Neuron
74276,1264,unassigned
74277,1264,unassigned
74278,1703,Astro-Epen
74279,1264,unassigned
74280,1705,Astro-Epen
74281,1264,unassigned
74282,1264,unassigned
74283,1264,unassigned
74284,1703,Astro-Epen
74285,1264,unassigned
74286,1705,Astro-Epen
74287,1715,unassigned
74288,1264,unassigned
74289,1264,unassigned
74290,1264,unassigned
74291,1264,unassigned
74292,1264,unassigned
74293,1264,unassigned
74294,1264,unassigned
74295,1264,unassigned
74296,1264,unassigned
74297,1264,unassigned
74298,1711,GABA_Neuron
74299,1264,unassigned
74300,1708,Excitatory_Neuron
74301,1264,unassigned
74302,1710,unassigned
74303,1721,unassigned
74304,1264,unassigned
74305,1264,unassigned
74306,1264,unassigned
74307,1703,Astro-Epen
74308,1717,unassigned
74309,1264,unassigned
74310,1711,GABA_Neuron
74311,1264,unassigned
74312,1264,unassigned
74313,1705,Astro-Epen
74314,1264,unassigned
74315,1264,unassigned
74316,1264,unassigned
74317,1264,unassigned
74318,1264,unassigned
74319,1715,unassigned
74320,1705,Astro-Epen
74321,1264,unassigned
74322,1703,Astro-Epen
74323,1703,Astro-Epen
74324,1721,unassigned
74325,1716,unassigned
74326,1722,unassigned
74327,1718,unassigned
74328,1264,unassigned
74329,1264,unassigned
74330,1264,unassigned
74331,1264,unassigned
74332,1264,unassigned
74333,1705,Astro-Epen
74334,1264,unassigned
74335,1264,unassigned
74336,1264,unassigned
74337,1264,unassigned
74338,1264,unassigned
74339,1330,GABA_Neuron
74340,1264,unassigned
74341,1264,unassigned
74342,1264,unassigned
74343,1703,Astro-Epen
74344,1264,unassigned
74345,1715,unassigned
74346,1264,unassigned
74347,1264,unassigned
74348,1264,unassigned
74349,1703,Astro-Epen
74350,1264,unassigned
74351,1264,unassigned
74352,1264,unassigned
74353,1264,unassigned
74354,1264,unassigned
74355,1264,unassigned
74356,1264,unassigned
74357,1264,unassigned
74358,1264,unassigned
74359,1264,unassigned
74360,1264,unassigned
74361,1708,Excitatory_Neuron
74362,1710,unassigned
74363,1705,Astro-Epen
74364,1708,Excitatory_Neuron
74365,1264,unassigned
74366,1715,unassigned
74367,1264,unassigned
74368,1315,Excitatory_Neuron
74369,1264,unassigned
74370,1264,unassigned
74371,1264,unassigned
74372,1703,Astro-Epen
74373,1330,GABA_Neuron
74374,1264,unassigned
74375,1264,unassigned
74376,1264,unassigned
74377,1717,unassigned
74378,1264,unassigned
74379,1264,unassigned
74380,1723,unassigned
74381,1264,unassigned
74382,1264,unassigned
74383,1264,unassigned
74384,1264,unassigned
74385,1264,unassigned
74386,1264,unassigned
74387,1264,unassigned
74388,1330,GABA_Neuron
74389,1264,unassigned
74390,1264,unassigned
74391,1264,unassigned
74392,1715,unassigned
74393,1703,Astro-Epen
74394,1724,unassigned
74395,1703,Astro-Epen
74396,327,unassigned
74397,327,unassigned
74398,327,unassigned
74399,327,unassigned
74400,327,unassigned
74401,327,unassigned
74402,327,unassigned
74403,1725,Astro-Epen
74404,327,unassigned
74405,327,unassigned
74406,327,unassigned
74407,327,unassigned
74408,1726,Immune
74409,327,unassigned
74410,1727,unassigned
74411,327,unassigned
74412,327,unassigned
74413,327,unassigned
74414,327,unassigned
74415,327,unassigned
74416,327,unassigned
74417,327,unassigned
74418,1727,unassigned
74419,327,unassigned
74420,1728,unassigned
74421,327,unassigned
74422,327,unassigned
74423,327,unassigned
74424,327,unassigned
74425,327,unassigned
74426,327,unassigned
74427,327,unassigned
74428,327,unassigned
74429,327,unassigned
74430,327,unassigned
74431,327,unassigned
74432,327,unassigned
74433,327,unassigned
74434,327,unassigned
74435,327,unassigned
74436,327,unassigned
74437,327,unassigned
74438,327,unassigned
74439,327,unassigned
74440,327,unassigned
74441,327,unassigned
74442,1729,Excitatory_Neuron
74443,327,unassigned
74444,327,unassigned
74445,327,unassigned
74446,327,unassigned
74447,327,unassigned
74448,327,unassigned
74449,327,unassigned
74450,327,unassigned
74451,327,unassigned
74452,327,unassigned
74453,327,unassigned
74454,1725,Astro-Epen
74455,327,unassigned
74456,327,unassigned
74457,327,unassigned
74458,327,unassigned
74459,327,unassigned
74460,327,unassigned
74461,1726,Immune
74462,327,unassigned
74463,327,unassigned
74464,327,unassigned
74465,327,unassigned
74466,327,unassigned
74467,327,unassigned
74468,327,unassigned
74469,327,unassigned
74470,327,unassigned
74471,327,unassigned
74472,1730,unassigned
74473,1725,Astro-Epen
74474,327,unassigned
74475,327,unassigned
74476,327,unassigned
74477,327,unassigned
74478,327,unassigned
74479,1725,Astro-Epen
74480,327,unassigned
74481,327,unassigned
74482,327,unassigned
74483,327,unassigned
74484,327,unassigned
74485,327,unassigned
74486,327,unassigned
74487,327,unassigned
74488,1729,Excitatory_Neuron
74489,327,unassigned
74490,327,unassigned
74491,327,unassigned
74492,327,unassigned
74493,327,unassigned
74494,1725,Astro-Epen
74495,1731,unassigned
74496,327,unassigned
74497,327,unassigned
74498,327,unassigned
74499,327,unassigned
74500,327,unassigned
74501,327,unassigned
74502,327,unassigned
74503,327,unassigned
74504,327,unassigned
74505,327,unassigned
74506,1725,Astro-Epen
74507,327,unassigned
74508,327,unassigned
74509,327,unassigned
74510,327,unassigned
74511,327,unassigned
74512,327,unassigned
74513,327,unassigned
74514,327,unassigned
74515,327,unassigned
74516,1725,Astro-Epen
74517,327,unassigned
74518,327,unassigned
74519,327,unassigned
74520,327,unassigned
74521,327,unassigned
74522,327,unassigned
74523,1729,Excitatory_Neuron
74524,327,unassigned
74525,327,unassigned
74526,327,unassigned
74527,327,unassigned
74528,1726,Immune
74529,327,unassigned
74530,1725,Astro-Epen
74531,1725,Astro-Epen
74532,327,unassigned
74533,327,unassigned
74534,327,unassigned
74535,327,unassigned
74536,327,unassigned
74537,1725,Astro-Epen
74538,327,unassigned
74539,327,unassigned
74540,327,unassigned
74541,327,unassigned
74542,327,unassigned
74543,327,unassigned
74544,327,unassigned
74545,327,unassigned
74546,1729,Excitatory_Neuron
74547,1725,Astro-Epen
74548,327,unassigned
74549,327,unassigned
74550,327,unassigned
74551,327,unassigned
74552,327,unassigned
74553,1728,unassigned
74554,327,unassigned
74555,327,unassigned
74556,327,unassigned
74557,327,unassigned
74558,327,unassigned
74559,327,unassigned
74560,327,unassigned
74561,1726,Immune
74562,327,unassigned
74563,327,unassigned
74564,327,unassigned
74565,327,unassigned
74566,327,unassigned
74567,1726,Immune
74568,327,unassigned
74569,327,unassigned
74570,1728,unassigned
74571,327,unassigned
74572,327,unassigned
74573,327,unassigned
74574,327,unassigned
74575,327,unassigned
74576,327,unassigned
74577,327,unassigned
74578,327,unassigned
74579,327,unassigned
74580,327,unassigned
74581,1725,Astro-Epen
74582,327,unassigned
74583,327,unassigned
74584,327,unassigned
74585,327,unassigned
74586,327,unassigned
74587,327,unassigned
74588,327,unassigned
74589,327,unassigned
74590,327,unassigned
74591,327,unassigned
74592,327,unassigned
74593,327,unassigned
74594,327,unassigned
74595,1726,Immune
74596,327,unassigned
74597,327,unassigned
74598,327,unassigned
74599,327,unassigned
74600,327,unassigned
74601,327,unassigned
74602,327,unassigned
74603,327,unassigned
74604,327,unassigned
74605,327,unassigned
74606,327,unassigned
74607,327,unassigned
74608,327,unassigned
74609,327,unassigned
74610,327,unassigned
74611,327,unassigned
74612,1731,unassigned
74613,327,unassigned
74614,1726,Immune
74615,327,unassigned
74616,327,unassigned
74617,327,unassigned
74618,327,unassigned
74619,327,unassigned
74620,327,unassigned
74621,327,unassigned
74622,327,unassigned
74623,327,unassigned
74624,327,unassigned
74625,327,unassigned
74626,327,unassigned
74627,327,unassigned
74628,327,unassigned
74629,327,unassigned
74630,1729,Excitatory_Neuron
74631,1725,Astro-Epen
74632,327,unassigned
74633,327,unassigned
74634,327,unassigned
74635,1725,Astro-Epen
74636,327,unassigned
74637,327,unassigned
74638,327,unassigned
74639,1726,Immune
74640,327,unassigned
74641,327,unassigned
74642,327,unassigned
74643,327,unassigned
74644,327,unassigned
74645,327,unassigned
74646,327,unassigned
74647,327,unassigned
74648,1726,Immune
74649,327,unassigned
74650,327,unassigned
74651,327,unassigned
74652,327,unassigned
74653,327,unassigned
74654,1731,unassigned
74655,1729,Excitatory_Neuron
74656,327,unassigned
74657,1730,unassigned
74658,327,unassigned
74659,327,unassigned
74660,327,unassigned
74661,327,unassigned
74662,327,unassigned
74663,1725,Astro-Epen
74664,1728,unassigned
74665,327,unassigned
74666,327,unassigned
74667,327,unassigned
74668,327,unassigned
74669,327,unassigned
74670,1725,Astro-Epen
74671,327,unassigned
74672,327,unassigned
74673,327,unassigned
74674,1731,unassigned
74675,327,unassigned
74676,327,unassigned
74677,1729,Excitatory_Neuron
74678,327,unassigned
74679,1725,Astro-Epen
74680,327,unassigned
74681,327,unassigned
74682,327,unassigned
74683,327,unassigned
74684,1729,Excitatory_Neuron
74685,327,unassigned
74686,327,unassigned
74687,327,unassigned
74688,327,unassigned
74689,327,unassigned
74690,327,unassigned
74691,1728,unassigned
74692,327,unassigned
74693,327,unassigned
74694,327,unassigned
74695,327,unassigned
74696,327,unassigned
74697,327,unassigned
74698,327,unassigned
74699,327,unassigned
74700,327,unassigned
74701,1731,unassigned
74702,327,unassigned
74703,327,unassigned
74704,327,unassigned
74705,327,unassigned
74706,327,unassigned
74707,327,unassigned
74708,1729,Excitatory_Neuron
74709,327,unassigned
74710,327,unassigned
74711,1729,Excitatory_Neuron
74712,327,unassigned
74713,327,unassigned
74714,327,unassigned
74715,327,unassigned
74716,1730,unassigned
74717,327,unassigned
74718,327,unassigned
74719,1732,unassigned
74720,327,unassigned
74721,327,unassigned
74722,327,unassigned
74723,327,unassigned
74724,327,unassigned
74725,327,unassigned
74726,327,unassigned
74727,327,unassigned
74728,327,unassigned
74729,327,unassigned
74730,327,unassigned
74731,327,unassigned
74732,1730,unassigned
74733,327,unassigned
74734,327,unassigned
74735,327,unassigned
74736,1729,Excitatory_Neuron
74737,1730,unassigned
74738,327,unassigned
74739,327,unassigned
74740,327,unassigned
74741,327,unassigned
74742,327,unassigned
74743,327,unassigned
74744,327,unassigned
74745,1729,Excitatory_Neuron
74746,1725,Astro-Epen
74747,1725,Astro-Epen
74748,327,unassigned
74749,327,unassigned
74750,327,unassigned
74751,327,unassigned
74752,327,unassigned
74753,327,unassigned
74754,327,unassigned
74755,327,unassigned
74756,327,unassigned
74757,327,unassigned
74758,327,unassigned
74759,1725,Astro-Epen
74760,327,unassigned
74761,327,unassigned
74762,327,unassigned
74763,327,unassigned
74764,1729,Excitatory_Neuron
74765,327,unassigned
74766,1726,Immune
74767,327,unassigned
74768,327,unassigned
74769,327,unassigned
74770,327,unassigned
74771,1730,unassigned
74772,327,unassigned
74773,1725,Astro-Epen
74774,327,unassigned
74775,327,unassigned
74776,327,unassigned
74777,327,unassigned
74778,327,unassigned
74779,327,unassigned
74780,1732,unassigned
74781,327,unassigned
74782,1730,unassigned
74783,1725,Astro-Epen
74784,327,unassigned
74785,327,unassigned
74786,327,unassigned
74787,327,unassigned
74788,327,unassigned
74789,327,unassigned
74790,327,unassigned
74791,327,unassigned
74792,327,unassigned
74793,327,unassigned
74794,327,unassigned
74795,327,unassigned
74796,327,unassigned
74797,327,unassigned
74798,327,unassigned
74799,327,unassigned
74800,327,unassigned
74801,327,unassigned
74802,1729,Excitatory_Neuron
74803,327,unassigned
74804,1726,Immune
74805,327,unassigned
74806,327,unassigned
74807,327,unassigned
74808,1729,Excitatory_Neuron
74809,1726,Immune
74810,327,unassigned
74811,327,unassigned
74812,327,unassigned
74813,327,unassigned
74814,327,unassigned
74815,327,unassigned
74816,327,unassigned
74817,327,unassigned
74818,327,unassigned
74819,327,unassigned
74820,327,unassigned
74821,327,unassigned
74822,327,unassigned
74823,1730,unassigned
74824,1725,Astro-Epen
74825,327,unassigned
74826,1725,Astro-Epen
74827,327,unassigned
74828,1729,Excitatory_Neuron
74829,1729,Excitatory_Neuron
74830,1732,unassigned
74831,327,unassigned
74832,327,unassigned
74833,327,unassigned
74834,327,unassigned
74835,1729,Excitatory_Neuron
74836,1725,Astro-Epen
74837,327,unassigned
74838,327,unassigned
74839,327,unassigned
74840,1726,Immune
74841,1732,unassigned
74842,327,unassigned
74843,327,unassigned
74844,1725,Astro-Epen
74845,327,unassigned
74846,327,unassigned
74847,327,unassigned
74848,327,unassigned
74849,327,unassigned
74850,1729,Excitatory_Neuron
74851,327,unassigned
74852,1726,Immune
74853,327,unassigned
74854,1725,Astro-Epen
74855,1725,Astro-Epen
74856,327,unassigned
74857,327,unassigned
74858,327,unassigned
74859,1729,Excitatory_Neuron
74860,1730,unassigned
74861,327,unassigned
74862,1730,unassigned
74863,1725,Astro-Epen
74864,327,unassigned
74865,327,unassigned
74866,327,unassigned
74867,327,unassigned
74868,327,unassigned
74869,327,unassigned
74870,327,unassigned
74871,1729,Excitatory_Neuron
74872,1729,Excitatory_Neuron
74873,1729,Excitatory_Neuron
74874,1728,unassigned
74875,327,unassigned
74876,327,unassigned
74877,327,unassigned
74878,327,unassigned
74879,327,unassigned
74880,327,unassigned
74881,327,unassigned
74882,327,unassigned
74883,327,unassigned
74884,327,unassigned
74885,327,unassigned
74886,327,unassigned
74887,327,unassigned
74888,327,unassigned
74889,327,unassigned
74890,327,unassigned
74891,327,unassigned
74892,327,unassigned
74893,327,unassigned
74894,327,unassigned
74895,327,unassigned
74896,327,unassigned
74897,327,unassigned
74898,327,unassigned
74899,327,unassigned
74900,327,unassigned
74901,1729,Excitatory_Neuron
74902,1726,Immune
74903,327,unassigned
74904,1730,unassigned
74905,327,unassigned
74906,327,unassigned
74907,1725,Astro-Epen
74908,1725,Astro-Epen
74909,327,unassigned
74910,327,unassigned
74911,327,unassigned
74912,327,unassigned
74913,327,unassigned
74914,1726,Immune
74915,1729,Excitatory_Neuron
74916,327,unassigned
74917,327,unassigned
74918,327,unassigned
74919,327,unassigned
74920,327,unassigned
74921,1726,Immune
74922,327,unassigned
74923,1725,Astro-Epen
74924,327,unassigned
74925,327,unassigned
74926,327,unassigned
74927,327,unassigned
74928,327,unassigned
74929,327,unassigned
74930,327,unassigned
74931,327,unassigned
74932,327,unassigned
74933,327,unassigned
74934,1729,Excitatory_Neuron
74935,1729,Excitatory_Neuron
74936,327,unassigned
74937,1730,unassigned
74938,327,unassigned
74939,1725,Astro-Epen
74940,327,unassigned
74941,1729,Excitatory_Neuron
74942,1730,unassigned
74943,1730,unassigned
74944,327,unassigned
74945,327,unassigned
74946,327,unassigned
74947,327,unassigned
74948,327,unassigned
74949,327,unassigned
74950,327,unassigned
74951,1730,unassigned
74952,327,unassigned
74953,327,unassigned
74954,327,unassigned
74955,327,unassigned
74956,327,unassigned
74957,327,unassigned
74958,327,unassigned
74959,1726,Immune
74960,1729,Excitatory_Neuron
74961,327,unassigned
74962,327,unassigned
74963,327,unassigned
74964,327,unassigned
74965,327,unassigned
74966,1732,unassigned
74967,327,unassigned
74968,327,unassigned
74969,327,unassigned
74970,327,unassigned
74971,327,unassigned
74972,1725,Astro-Epen
74973,1729,Excitatory_Neuron
74974,327,unassigned
74975,327,unassigned
74976,327,unassigned
74977,327,unassigned
74978,327,unassigned
74979,327,unassigned
74980,327,unassigned
74981,327,unassigned
74982,1729,Excitatory_Neuron
74983,327,unassigned
74984,1729,Excitatory_Neuron
74985,1732,unassigned
74986,327,unassigned
74987,327,unassigned
74988,1725,Astro-Epen
74989,327,unassigned
74990,327,unassigned
74991,1725,Astro-Epen
74992,327,unassigned
74993,327,unassigned
74994,1729,Excitatory_Neuron
74995,1732,unassigned
74996,327,unassigned
74997,1725,Astro-Epen
74998,327,unassigned
74999,327,unassigned
75000,327,unassigned
75001,1729,Excitatory_Neuron
75002,1726,Immune
75003,327,unassigned
75004,327,unassigned
75005,1725,Astro-Epen
75006,327,unassigned
75007,327,unassigned
75008,327,unassigned
75009,1726,Immune
75010,327,unassigned
75011,327,unassigned
75012,1725,Astro-Epen
75013,327,unassigned
75014,327,unassigned
75015,327,unassigned
75016,327,unassigned
75017,327,unassigned
75018,1730,unassigned
75019,327,unassigned
75020,327,unassigned
75021,327,unassigned
75022,327,unassigned
75023,327,unassigned
75024,327,unassigned
75025,327,unassigned
75026,327,unassigned
75027,327,unassigned
75028,327,unassigned
75029,327,unassigned
75030,327,unassigned
75031,1729,Excitatory_Neuron
75032,327,unassigned
75033,327,unassigned
75034,327,unassigned
75035,327,unassigned
75036,1725,Astro-Epen
75037,1725,Astro-Epen
75038,327,unassigned
75039,327,unassigned
75040,327,unassigned
75041,327,unassigned
75042,327,unassigned
75043,1726,Immune
75044,1726,Immune
75045,327,unassigned
75046,327,unassigned
75047,327,unassigned
75048,327,unassigned
75049,327,unassigned
75050,1726,Immune
75051,327,unassigned
75052,327,unassigned
75053,327,unassigned
75054,327,unassigned
75055,327,unassigned
75056,327,unassigned
75057,327,unassigned
75058,1726,Immune
75059,327,unassigned
75060,327,unassigned
75061,1725,Astro-Epen
75062,327,unassigned
75063,327,unassigned
75064,327,unassigned
75065,327,unassigned
75066,327,unassigned
75067,327,unassigned
75068,327,unassigned
75069,327,unassigned
75070,1726,Immune
75071,1733,unassigned
75072,327,unassigned
75073,327,unassigned
75074,327,unassigned
75075,1725,Astro-Epen
75076,327,unassigned
75077,327,unassigned
75078,1726,Immune
75079,327,unassigned
75080,327,unassigned
75081,327,unassigned
75082,1725,Astro-Epen
75083,327,unassigned
75084,327,unassigned
75085,327,unassigned
75086,327,unassigned
75087,327,unassigned
75088,327,unassigned
75089,1726,Immune
75090,1725,Astro-Epen
75091,327,unassigned
75092,327,unassigned
75093,327,unassigned
75094,327,unassigned
75095,1729,Excitatory_Neuron
75096,1733,unassigned
75097,327,unassigned
75098,1725,Astro-Epen
75099,327,unassigned
75100,1729,Excitatory_Neuron
75101,1729,Excitatory_Neuron
75102,1729,Excitatory_Neuron
75103,327,unassigned
75104,327,unassigned
75105,327,unassigned
75106,327,unassigned
75107,1725,Astro-Epen
75108,327,unassigned
75109,327,unassigned
75110,327,unassigned
75111,327,unassigned
75112,327,unassigned
75113,327,unassigned
75114,327,unassigned
75115,327,unassigned
75116,327,unassigned
75117,1729,Excitatory_Neuron
75118,1733,unassigned
75119,327,unassigned
75120,327,unassigned
75121,1725,Astro-Epen
75122,1725,Astro-Epen
75123,1725,Astro-Epen
75124,327,unassigned
75125,327,unassigned
75126,327,unassigned
75127,327,unassigned
75128,1729,Excitatory_Neuron
75129,1729,Excitatory_Neuron
75130,327,unassigned
75131,327,unassigned
75132,327,unassigned
75133,327,unassigned
75134,327,unassigned
75135,327,unassigned
75136,327,unassigned
75137,327,unassigned
75138,327,unassigned
75139,1725,Astro-Epen
75140,327,unassigned
75141,327,unassigned
75142,327,unassigned
75143,327,unassigned
75144,327,unassigned
75145,327,unassigned
75146,327,unassigned
75147,327,unassigned
75148,327,unassigned
75149,1729,Excitatory_Neuron
75150,1726,Immune
75151,327,unassigned
75152,327,unassigned
75153,327,unassigned
75154,327,unassigned
75155,327,unassigned
75156,327,unassigned
75157,327,unassigned
75158,1725,Astro-Epen
75159,327,unassigned
75160,327,unassigned
75161,327,unassigned
75162,1733,unassigned
75163,327,unassigned
75164,327,unassigned
75165,327,unassigned
75166,327,unassigned
75167,327,unassigned
75168,327,unassigned
75169,327,unassigned
75170,327,unassigned
75171,327,unassigned
75172,1729,Excitatory_Neuron
75173,1733,unassigned
75174,1733,unassigned
75175,327,unassigned
75176,327,unassigned
75177,327,unassigned
75178,327,unassigned
75179,327,unassigned
75180,1729,Excitatory_Neuron
75181,327,unassigned
75182,327,unassigned
75183,327,unassigned
75184,1732,unassigned
75185,1726,Immune
75186,1733,unassigned
75187,327,unassigned
75188,327,unassigned
75189,327,unassigned
75190,327,unassigned
75191,1725,Astro-Epen
75192,327,unassigned
75193,327,unassigned
75194,327,unassigned
75195,327,unassigned
75196,1730,unassigned
75197,1725,Astro-Epen
75198,327,unassigned
75199,327,unassigned
75200,327,unassigned
75201,327,unassigned
75202,1729,Excitatory_Neuron
75203,327,unassigned
75204,327,unassigned
75205,327,unassigned
75206,327,unassigned
75207,327,unassigned
75208,327,unassigned
75209,1725,Astro-Epen
75210,327,unassigned
75211,327,unassigned
75212,327,unassigned
75213,1726,Immune
75214,327,unassigned
75215,1733,unassigned
75216,327,unassigned
75217,327,unassigned
75218,1725,Astro-Epen
75219,327,unassigned
75220,327,unassigned
75221,327,unassigned
75222,327,unassigned
75223,327,unassigned
75224,1725,Astro-Epen
75225,327,unassigned
75226,327,unassigned
75227,327,unassigned
75228,1726,Immune
75229,1729,Excitatory_Neuron
75230,1730,unassigned
75231,327,unassigned
75232,327,unassigned
75233,327,unassigned
75234,327,unassigned
75235,327,unassigned
75236,327,unassigned
75237,327,unassigned
75238,1725,Astro-Epen
75239,327,unassigned
75240,327,unassigned
75241,327,unassigned
75242,1726,Immune
75243,1726,Immune
75244,327,unassigned
75245,327,unassigned
75246,327,unassigned
75247,327,unassigned
75248,327,unassigned
75249,1734,unassigned
75250,327,unassigned
75251,327,unassigned
75252,327,unassigned
75253,327,unassigned
75254,327,unassigned
75255,327,unassigned
75256,327,unassigned
75257,327,unassigned
75258,327,unassigned
75259,327,unassigned
75260,1726,Immune
75261,327,unassigned
75262,327,unassigned
75263,327,unassigned
75264,327,unassigned
75265,1729,Excitatory_Neuron
75266,327,unassigned
75267,327,unassigned
75268,327,unassigned
75269,327,unassigned
75270,327,unassigned
75271,327,unassigned
75272,1725,Astro-Epen
75273,327,unassigned
75274,327,unassigned
75275,327,unassigned
75276,327,unassigned
75277,327,unassigned
75278,327,unassigned
75279,327,unassigned
75280,327,unassigned
75281,327,unassigned
75282,327,unassigned
75283,327,unassigned
75284,327,unassigned
75285,1725,Astro-Epen
75286,1725,Astro-Epen
75287,327,unassigned
75288,1726,Immune
75289,327,unassigned
75290,327,unassigned
75291,327,unassigned
75292,327,unassigned
75293,327,unassigned
75294,1733,unassigned
75295,327,unassigned
75296,327,unassigned
75297,327,unassigned
75298,327,unassigned
75299,327,unassigned
75300,327,unassigned
75301,327,unassigned
75302,327,unassigned
75303,327,unassigned
75304,327,unassigned
75305,327,unassigned
75306,1725,Astro-Epen
75307,327,unassigned
75308,1729,Excitatory_Neuron
75309,327,unassigned
75310,327,unassigned
75311,327,unassigned
75312,327,unassigned
75313,327,unassigned
75314,327,unassigned
75315,327,unassigned
75316,1726,Immune
75317,327,unassigned
75318,327,unassigned
75319,327,unassigned
75320,1725,Astro-Epen
75321,327,unassigned
75322,327,unassigned
75323,327,unassigned
75324,327,unassigned
75325,1729,Excitatory_Neuron
75326,327,unassigned
75327,1733,unassigned
75328,327,unassigned
75329,327,unassigned
75330,327,unassigned
75331,1725,Astro-Epen
75332,327,unassigned
75333,327,unassigned
75334,327,unassigned
75335,327,unassigned
75336,327,unassigned
75337,1725,Astro-Epen
75338,327,unassigned
75339,327,unassigned
75340,327,unassigned
75341,327,unassigned
75342,327,unassigned
75343,1732,unassigned
75344,327,unassigned
75345,327,unassigned
75346,327,unassigned
75347,327,unassigned
75348,327,unassigned
75349,327,unassigned
75350,327,unassigned
75351,327,unassigned
75352,1725,Astro-Epen
75353,327,unassigned
75354,327,unassigned
75355,327,unassigned
75356,1725,Astro-Epen
75357,327,unassigned
75358,327,unassigned
75359,327,unassigned
75360,327,unassigned
75361,1726,Immune
75362,327,unassigned
75363,327,unassigned
75364,327,unassigned
75365,327,unassigned
75366,1725,Astro-Epen
75367,327,unassigned
75368,327,unassigned
75369,327,unassigned
75370,327,unassigned
75371,1726,Immune
75372,1732,unassigned
75373,322,Astro-Epen
75374,327,unassigned
75375,327,unassigned
75376,327,unassigned
75377,327,unassigned
75378,327,unassigned
75379,1729,Excitatory_Neuron
75380,327,unassigned
75381,327,unassigned
75382,327,unassigned
75383,1725,Astro-Epen
75384,327,unassigned
75385,327,unassigned
75386,327,unassigned
75387,327,unassigned
75388,1729,Excitatory_Neuron
75389,1732,unassigned
75390,327,unassigned
75391,327,unassigned
75392,327,unassigned
75393,1729,Excitatory_Neuron
75394,327,unassigned
75395,327,unassigned
75396,327,unassigned
75397,1735,Excitatory_Neuron
75398,327,unassigned
75399,327,unassigned
75400,1729,Excitatory_Neuron
75401,327,unassigned
75402,327,unassigned
75403,327,unassigned
75404,1725,Astro-Epen
75405,327,unassigned
75406,327,unassigned
75407,327,unassigned
75408,327,unassigned
75409,327,unassigned
75410,327,unassigned
75411,327,unassigned
75412,327,unassigned
75413,327,unassigned
75414,327,unassigned
75415,1732,unassigned
75416,327,unassigned
75417,327,unassigned
75418,327,unassigned
75419,327,unassigned
75420,327,unassigned
75421,327,unassigned
75422,327,unassigned
75423,327,unassigned
75424,327,unassigned
75425,327,unassigned
75426,1725,Astro-Epen
75427,1735,Excitatory_Neuron
75428,327,unassigned
75429,1725,Astro-Epen
75430,327,unassigned
75431,327,unassigned
75432,1726,Immune
75433,327,unassigned
75434,327,unassigned
75435,327,unassigned
75436,1729,Excitatory_Neuron
75437,1726,Immune
75438,1732,unassigned
75439,327,unassigned
75440,327,unassigned
75441,327,unassigned
75442,327,unassigned
75443,327,unassigned
75444,1725,Astro-Epen
75445,1729,Excitatory_Neuron
75446,1726,Immune
75447,327,unassigned
75448,1725,Astro-Epen
75449,327,unassigned
75450,327,unassigned
75451,327,unassigned
75452,327,unassigned
75453,327,unassigned
75454,327,unassigned
75455,327,unassigned
75456,1725,Astro-Epen
75457,327,unassigned
75458,1725,Astro-Epen
75459,1735,Excitatory_Neuron
75460,327,unassigned
75461,327,unassigned
75462,327,unassigned
75463,327,unassigned
75464,327,unassigned
75465,327,unassigned
75466,327,unassigned
75467,327,unassigned
75468,1729,Excitatory_Neuron
75469,1732,unassigned
75470,327,unassigned
75471,327,unassigned
75472,327,unassigned
75473,1729,Excitatory_Neuron
75474,327,unassigned
75475,327,unassigned
75476,327,unassigned
75477,1729,Excitatory_Neuron
75478,327,unassigned
75479,327,unassigned
75480,1725,Astro-Epen
75481,1725,Astro-Epen
75482,1725,Astro-Epen
75483,327,unassigned
75484,1729,Excitatory_Neuron
75485,1725,Astro-Epen
75486,327,unassigned
75487,327,unassigned
75488,327,unassigned
75489,327,unassigned
75490,327,unassigned
75491,327,unassigned
75492,327,unassigned
75493,327,unassigned
75494,327,unassigned
75495,1725,Astro-Epen
75496,327,unassigned
75497,327,unassigned
75498,327,unassigned
75499,327,unassigned
75500,1726,Immune
75501,1726,Immune
75502,1725,Astro-Epen
75503,327,unassigned
75504,327,unassigned
75505,1726,Immune
75506,327,unassigned
75507,1735,Excitatory_Neuron
75508,327,unassigned
75509,327,unassigned
75510,327,unassigned
75511,327,unassigned
75512,327,unassigned
75513,327,unassigned
75514,327,unassigned
75515,1729,Excitatory_Neuron
75516,327,unassigned
75517,1729,Excitatory_Neuron
75518,327,unassigned
75519,1726,Immune
75520,1725,Astro-Epen
75521,327,unassigned
75522,327,unassigned
75523,327,unassigned
75524,327,unassigned
75525,327,unassigned
75526,327,unassigned
75527,327,unassigned
75528,327,unassigned
75529,1734,unassigned
75530,327,unassigned
75531,327,unassigned
75532,327,unassigned
75533,327,unassigned
75534,327,unassigned
75535,327,unassigned
75536,327,unassigned
75537,327,unassigned
75538,327,unassigned
75539,327,unassigned
75540,1733,unassigned
75541,1725,Astro-Epen
75542,1725,Astro-Epen
75543,327,unassigned
75544,327,unassigned
75545,327,unassigned
75546,327,unassigned
75547,1726,Immune
75548,327,unassigned
75549,327,unassigned
75550,327,unassigned
75551,327,unassigned
75552,327,unassigned
75553,327,unassigned
75554,327,unassigned
75555,327,unassigned
75556,327,unassigned
75557,327,unassigned
75558,327,unassigned
75559,1725,Astro-Epen
75560,327,unassigned
75561,327,unassigned
75562,327,unassigned
75563,1734,unassigned
75564,327,unassigned
75565,327,unassigned
75566,327,unassigned
75567,327,unassigned
75568,327,unassigned
75569,327,unassigned
75570,327,unassigned
75571,327,unassigned
75572,327,unassigned
75573,327,unassigned
75574,327,unassigned
75575,327,unassigned
75576,1725,Astro-Epen
75577,327,unassigned
75578,327,unassigned
75579,1729,Excitatory_Neuron
75580,327,unassigned
75581,1725,Astro-Epen
75582,327,unassigned
75583,1725,Astro-Epen
75584,327,unassigned
75585,327,unassigned
75586,327,unassigned
75587,327,unassigned
75588,327,unassigned
75589,1725,Astro-Epen
75590,1725,Astro-Epen
75591,327,unassigned
75592,327,unassigned
75593,327,unassigned
75594,327,unassigned
75595,327,unassigned
75596,327,unassigned
75597,327,unassigned
75598,327,unassigned
75599,327,unassigned
75600,1726,Immune
75601,327,unassigned
75602,327,unassigned
75603,327,unassigned
75604,327,unassigned
75605,327,unassigned
75606,327,unassigned
75607,327,unassigned
75608,327,unassigned
75609,327,unassigned
75610,327,unassigned
75611,327,unassigned
75612,327,unassigned
75613,327,unassigned
75614,327,unassigned
75615,327,unassigned
75616,327,unassigned
75617,1725,Astro-Epen
75618,1725,Astro-Epen
75619,327,unassigned
75620,327,unassigned
75621,327,unassigned
75622,327,unassigned
75623,327,unassigned
75624,327,unassigned
75625,327,unassigned
75626,327,unassigned
75627,1729,Excitatory_Neuron
75628,327,unassigned
75629,1734,unassigned
75630,327,unassigned
75631,327,unassigned
75632,327,unassigned
75633,327,unassigned
75634,1729,Excitatory_Neuron
75635,327,unassigned
75636,1725,Astro-Epen
75637,1725,Astro-Epen
75638,327,unassigned
75639,1725,Astro-Epen
75640,327,unassigned
75641,327,unassigned
75642,327,unassigned
75643,327,unassigned
75644,1729,Excitatory_Neuron
75645,327,unassigned
75646,327,unassigned
75647,327,unassigned
75648,327,unassigned
75649,327,unassigned
75650,327,unassigned
75651,327,unassigned
75652,327,unassigned
75653,327,unassigned
75654,1725,Astro-Epen
75655,327,unassigned
75656,327,unassigned
75657,327,unassigned
75658,327,unassigned
75659,327,unassigned
75660,1726,Immune
75661,1729,Excitatory_Neuron
75662,327,unassigned
75663,327,unassigned
75664,327,unassigned
75665,327,unassigned
75666,1729,Excitatory_Neuron
75667,327,unassigned
75668,327,unassigned
75669,327,unassigned
75670,327,unassigned
75671,327,unassigned
75672,327,unassigned
75673,1725,Astro-Epen
75674,327,unassigned
75675,327,unassigned
75676,327,unassigned
75677,327,unassigned
75678,327,unassigned
75679,327,unassigned
75680,327,unassigned
75681,327,unassigned
75682,327,unassigned
75683,327,unassigned
75684,327,unassigned
75685,1729,Excitatory_Neuron
75686,1729,Excitatory_Neuron
75687,327,unassigned
75688,1729,Excitatory_Neuron
75689,327,unassigned
75690,327,unassigned
75691,1735,Excitatory_Neuron
75692,327,unassigned
75693,327,unassigned
75694,327,unassigned
75695,327,unassigned
75696,327,unassigned
75697,327,unassigned
75698,327,unassigned
75699,327,unassigned
75700,327,unassigned
75701,1725,Astro-Epen
75702,327,unassigned
75703,327,unassigned
75704,327,unassigned
75705,327,unassigned
75706,327,unassigned
75707,1725,Astro-Epen
75708,327,unassigned
75709,1729,Excitatory_Neuron
75710,327,unassigned
75711,1734,unassigned
75712,327,unassigned
75713,1725,Astro-Epen
75714,327,unassigned
75715,327,unassigned
75716,327,unassigned
75717,327,unassigned
75718,327,unassigned
75719,327,unassigned
75720,327,unassigned
75721,327,unassigned
75722,1729,Excitatory_Neuron
75723,327,unassigned
75724,1725,Astro-Epen
75725,1735,Excitatory_Neuron
75726,327,unassigned
75727,1735,Excitatory_Neuron
75728,327,unassigned
75729,327,unassigned
75730,327,unassigned
75731,327,unassigned
75732,1725,Astro-Epen
75733,327,unassigned
75734,327,unassigned
75735,327,unassigned
75736,327,unassigned
75737,1729,Excitatory_Neuron
75738,327,unassigned
75739,327,unassigned
75740,327,unassigned
75741,327,unassigned
75742,327,unassigned
75743,327,unassigned
75744,327,unassigned
75745,327,unassigned
75746,327,unassigned
75747,327,unassigned
75748,327,unassigned
75749,327,unassigned
75750,327,unassigned
75751,1729,Excitatory_Neuron
75752,1736,unassigned
75753,1734,unassigned
75754,327,unassigned
75755,1725,Astro-Epen
75756,1725,Astro-Epen
75757,327,unassigned
75758,327,unassigned
75759,327,unassigned
75760,327,unassigned
75761,1729,Excitatory_Neuron
75762,327,unassigned
75763,327,unassigned
75764,1725,Astro-Epen
75765,327,unassigned
75766,1735,Excitatory_Neuron
75767,327,unassigned
75768,327,unassigned
75769,327,unassigned
75770,327,unassigned
75771,327,unassigned
75772,1725,Astro-Epen
75773,327,unassigned
75774,327,unassigned
75775,327,unassigned
75776,327,unassigned
75777,327,unassigned
75778,327,unassigned
75779,1729,Excitatory_Neuron
75780,327,unassigned
75781,1735,Excitatory_Neuron
75782,327,unassigned
75783,327,unassigned
75784,327,unassigned
75785,1729,Excitatory_Neuron
75786,327,unassigned
75787,327,unassigned
75788,327,unassigned
75789,327,unassigned
75790,327,unassigned
75791,327,unassigned
75792,327,unassigned
75793,327,unassigned
75794,327,unassigned
75795,327,unassigned
75796,327,unassigned
75797,327,unassigned
75798,327,unassigned
75799,327,unassigned
75800,327,unassigned
75801,1725,Astro-Epen
75802,327,unassigned
75803,327,unassigned
75804,327,unassigned
75805,327,unassigned
75806,327,unassigned
75807,327,unassigned
75808,327,unassigned
75809,327,unassigned
75810,327,unassigned
75811,1735,Excitatory_Neuron
75812,327,unassigned
75813,327,unassigned
75814,327,unassigned
75815,327,unassigned
75816,327,unassigned
75817,327,unassigned
75818,327,unassigned
75819,327,unassigned
75820,327,unassigned
75821,327,unassigned
75822,327,unassigned
75823,327,unassigned
75824,327,unassigned
75825,1729,Excitatory_Neuron
75826,327,unassigned
75827,327,unassigned
75828,327,unassigned
75829,327,unassigned
75830,327,unassigned
75831,327,unassigned
75832,327,unassigned
75833,327,unassigned
75834,327,unassigned
75835,327,unassigned
75836,327,unassigned
75837,327,unassigned
75838,327,unassigned
75839,327,unassigned
75840,327,unassigned
75841,327,unassigned
75842,327,unassigned
75843,1735,Excitatory_Neuron
75844,327,unassigned
75845,327,unassigned
75846,327,unassigned
75847,327,unassigned
75848,327,unassigned
75849,1729,Excitatory_Neuron
75850,1725,Astro-Epen
75851,327,unassigned
75852,327,unassigned
75853,327,unassigned
75854,327,unassigned
75855,327,unassigned
75856,327,unassigned
75857,327,unassigned
75858,327,unassigned
75859,327,unassigned
75860,327,unassigned
75861,327,unassigned
75862,327,unassigned
75863,327,unassigned
75864,327,unassigned
75865,1729,Excitatory_Neuron
75866,1726,Immune
75867,1729,Excitatory_Neuron
75868,399,Excitatory_Neuron
75869,327,unassigned
75870,327,unassigned
75871,327,unassigned
75872,1725,Astro-Epen
75873,327,unassigned
75874,327,unassigned
75875,327,unassigned
75876,327,unassigned
75877,327,unassigned
75878,1734,unassigned
75879,327,unassigned
75880,327,unassigned
75881,327,unassigned
75882,327,unassigned
75883,327,unassigned
75884,327,unassigned
75885,327,unassigned
75886,327,unassigned
75887,1735,Excitatory_Neuron
75888,1735,Excitatory_Neuron
75889,1735,Excitatory_Neuron
75890,327,unassigned
75891,327,unassigned
75892,327,unassigned
75893,327,unassigned
75894,1733,unassigned
75895,327,unassigned
75896,1735,Excitatory_Neuron
75897,327,unassigned
75898,327,unassigned
75899,327,unassigned
75900,327,unassigned
75901,1725,Astro-Epen
75902,327,unassigned
75903,1735,Excitatory_Neuron
75904,327,unassigned
75905,327,unassigned
75906,327,unassigned
75907,327,unassigned
75908,327,unassigned
75909,327,unassigned
75910,327,unassigned
75911,327,unassigned
75912,327,unassigned
75913,1734,unassigned
75914,327,unassigned
75915,327,unassigned
75916,327,unassigned
75917,327,unassigned
75918,327,unassigned
75919,327,unassigned
75920,327,unassigned
75921,327,unassigned
75922,327,unassigned
75923,399,Excitatory_Neuron
75924,1725,Astro-Epen
75925,327,unassigned
75926,327,unassigned
75927,1733,unassigned
75928,327,unassigned
75929,327,unassigned
75930,327,unassigned
75931,1725,Astro-Epen
75932,327,unassigned
75933,1725,Astro-Epen
75934,327,unassigned
75935,327,unassigned
75936,1733,unassigned
75937,1733,unassigned
75938,327,unassigned
75939,327,unassigned
75940,327,unassigned
75941,1725,Astro-Epen
75942,327,unassigned
75943,327,unassigned
75944,327,unassigned
75945,327,unassigned
75946,327,unassigned
75947,327,unassigned
75948,327,unassigned
75949,1725,Astro-Epen
75950,327,unassigned
75951,327,unassigned
75952,327,unassigned
75953,327,unassigned
75954,327,unassigned
75955,327,unassigned
75956,327,unassigned
75957,327,unassigned
75958,327,unassigned
75959,327,unassigned
75960,327,unassigned
75961,327,unassigned
75962,1733,unassigned
75963,327,unassigned
75964,327,unassigned
75965,327,unassigned
75966,327,unassigned
75967,327,unassigned
75968,327,unassigned
75969,327,unassigned
75970,327,unassigned
75971,1729,Excitatory_Neuron
75972,327,unassigned
75973,327,unassigned
75974,327,unassigned
75975,1725,Astro-Epen
75976,1735,Excitatory_Neuron
75977,327,unassigned
75978,327,unassigned
75979,327,unassigned
75980,327,unassigned
75981,327,unassigned
75982,327,unassigned
75983,327,unassigned
75984,1737,unassigned
75985,399,Excitatory_Neuron
75986,327,unassigned
75987,327,unassigned
75988,327,unassigned
75989,327,unassigned
75990,327,unassigned
75991,1737,unassigned
75992,1734,unassigned
75993,399,Excitatory_Neuron
75994,327,unassigned
75995,327,unassigned
75996,327,unassigned
75997,327,unassigned
75998,1725,Astro-Epen
75999,1735,Excitatory_Neuron
76000,327,unassigned
76001,327,unassigned
76002,327,unassigned
76003,327,unassigned
76004,327,unassigned
76005,327,unassigned
76006,327,unassigned
76007,327,unassigned
76008,327,unassigned
76009,327,unassigned
76010,327,unassigned
76011,327,unassigned
76012,1725,Astro-Epen
76013,327,unassigned
76014,327,unassigned
76015,327,unassigned
76016,327,unassigned
76017,327,unassigned
76018,327,unassigned
76019,1729,Excitatory_Neuron
76020,1725,Astro-Epen
76021,327,unassigned
76022,1738,unassigned
76023,327,unassigned
76024,327,unassigned
76025,327,unassigned
76026,327,unassigned
76027,327,unassigned
76028,327,unassigned
76029,327,unassigned
76030,1733,unassigned
76031,327,unassigned
76032,327,unassigned
76033,327,unassigned
76034,327,unassigned
76035,327,unassigned
76036,327,unassigned
76037,1729,Excitatory_Neuron
76038,327,unassigned
76039,1733,unassigned
76040,1733,unassigned
76041,1735,Excitatory_Neuron
76042,327,unassigned
76043,327,unassigned
76044,1738,unassigned
76045,327,unassigned
76046,327,unassigned
76047,327,unassigned
76048,1735,Excitatory_Neuron
76049,327,unassigned
76050,327,unassigned
76051,1725,Astro-Epen
76052,327,unassigned
76053,327,unassigned
76054,327,unassigned
76055,1735,Excitatory_Neuron
76056,327,unassigned
76057,327,unassigned
76058,327,unassigned
76059,327,unassigned
76060,327,unassigned
76061,327,unassigned
76062,399,Excitatory_Neuron
76063,1725,Astro-Epen
76064,327,unassigned
76065,1739,unassigned
76066,327,unassigned
76067,327,unassigned
76068,327,unassigned
76069,327,unassigned
76070,327,unassigned
76071,327,unassigned
76072,327,unassigned
76073,1735,Excitatory_Neuron
76074,327,unassigned
76075,1738,unassigned
76076,1740,unassigned
76077,327,unassigned
76078,327,unassigned
76079,327,unassigned
76080,327,unassigned
76081,1735,Excitatory_Neuron
76082,1735,Excitatory_Neuron
76083,327,unassigned
76084,327,unassigned
76085,327,unassigned
76086,327,unassigned
76087,327,unassigned
76088,1740,unassigned
76089,1733,unassigned
76090,327,unassigned
76091,327,unassigned
76092,327,unassigned
76093,327,unassigned
76094,327,unassigned
76095,327,unassigned
76096,327,unassigned
76097,327,unassigned
76098,327,unassigned
76099,327,unassigned
76100,327,unassigned
76101,327,unassigned
76102,327,unassigned
76103,1740,unassigned
76104,1729,Excitatory_Neuron
76105,327,unassigned
76106,1735,Excitatory_Neuron
76107,327,unassigned
76108,399,Excitatory_Neuron
76109,327,unassigned
76110,327,unassigned
76111,327,unassigned
76112,327,unassigned
76113,327,unassigned
76114,327,unassigned
76115,327,unassigned
76116,327,unassigned
76117,327,unassigned
76118,327,unassigned
76119,327,unassigned
76120,327,unassigned
76121,1725,Astro-Epen
76122,327,unassigned
76123,327,unassigned
76124,327,unassigned
76125,327,unassigned
76126,327,unassigned
76127,327,unassigned
76128,327,unassigned
76129,327,unassigned
76130,327,unassigned
76131,1725,Astro-Epen
76132,1735,Excitatory_Neuron
76133,327,unassigned
76134,327,unassigned
76135,327,unassigned
76136,327,unassigned
76137,327,unassigned
76138,1740,unassigned
76139,327,unassigned
76140,327,unassigned
76141,327,unassigned
76142,327,unassigned
76143,327,unassigned
76144,1725,Astro-Epen
76145,327,unassigned
76146,327,unassigned
76147,327,unassigned
76148,327,unassigned
76149,327,unassigned
76150,327,unassigned
76151,327,unassigned
76152,327,unassigned
76153,327,unassigned
76154,1735,Excitatory_Neuron
76155,327,unassigned
76156,1739,unassigned
76157,1738,unassigned
76158,1740,unassigned
76159,327,unassigned
76160,327,unassigned
76161,327,unassigned
76162,327,unassigned
76163,1737,unassigned
76164,327,unassigned
76165,1735,Excitatory_Neuron
76166,327,unassigned
76167,327,unassigned
76168,1725,Astro-Epen
76169,1739,unassigned
76170,327,unassigned
76171,327,unassigned
76172,327,unassigned
76173,327,unassigned
76174,327,unassigned
76175,1729,Excitatory_Neuron
76176,399,Excitatory_Neuron
76177,327,unassigned
76178,1725,Astro-Epen
76179,1735,Excitatory_Neuron
76180,327,unassigned
76181,327,unassigned
76182,1729,Excitatory_Neuron
76183,327,unassigned
76184,327,unassigned
76185,1725,Astro-Epen
76186,1725,Astro-Epen
76187,1739,unassigned
76188,327,unassigned
76189,327,unassigned
76190,327,unassigned
76191,327,unassigned
76192,327,unassigned
76193,327,unassigned
76194,327,unassigned
76195,327,unassigned
76196,327,unassigned
76197,327,unassigned
76198,327,unassigned
76199,1725,Astro-Epen
76200,327,unassigned
76201,327,unassigned
76202,1740,unassigned
76203,327,unassigned
76204,1737,unassigned
76205,1734,unassigned
76206,399,Excitatory_Neuron
76207,327,unassigned
76208,327,unassigned
76209,327,unassigned
76210,327,unassigned
76211,327,unassigned
76212,327,unassigned
76213,327,unassigned
76214,327,unassigned
76215,327,unassigned
76216,1739,unassigned
76217,327,unassigned
76218,327,unassigned
76219,1738,unassigned
76220,327,unassigned
76221,327,unassigned
76222,1734,unassigned
76223,327,unassigned
76224,327,unassigned
76225,327,unassigned
76226,1734,unassigned
76227,399,Excitatory_Neuron
76228,327,unassigned
76229,327,unassigned
76230,1725,Astro-Epen
76231,327,unassigned
76232,327,unassigned
76233,1734,unassigned
76234,327,unassigned
76235,327,unassigned
76236,327,unassigned
76237,327,unassigned
76238,327,unassigned
76239,327,unassigned
76240,327,unassigned
76241,327,unassigned
76242,327,unassigned
76243,327,unassigned
76244,327,unassigned
76245,327,unassigned
76246,327,unassigned
76247,327,unassigned
76248,1740,unassigned
76249,327,unassigned
76250,327,unassigned
76251,327,unassigned
76252,327,unassigned
76253,1735,Excitatory_Neuron
76254,1738,unassigned
76255,327,unassigned
76256,327,unassigned
76257,327,unassigned
76258,1740,unassigned
76259,327,unassigned
76260,327,unassigned
76261,1733,unassigned
76262,1725,Astro-Epen
76263,327,unassigned
76264,327,unassigned
76265,327,unassigned
76266,327,unassigned
76267,327,unassigned
76268,327,unassigned
76269,327,unassigned
76270,327,unassigned
76271,327,unassigned
76272,327,unassigned
76273,1737,unassigned
76274,327,unassigned
76275,1733,unassigned
76276,327,unassigned
76277,327,unassigned
76278,327,unassigned
76279,1738,unassigned
76280,327,unassigned
76281,327,unassigned
76282,327,unassigned
76283,327,unassigned
76284,327,unassigned
76285,327,unassigned
76286,1739,unassigned
76287,327,unassigned
76288,327,unassigned
76289,327,unassigned
76290,327,unassigned
76291,327,unassigned
76292,327,unassigned
76293,327,unassigned
76294,327,unassigned
76295,1739,unassigned
76296,327,unassigned
76297,327,unassigned
76298,327,unassigned
76299,327,unassigned
76300,327,unassigned
76301,327,unassigned
76302,327,unassigned
76303,327,unassigned
76304,327,unassigned
76305,327,unassigned
76306,327,unassigned
76307,1739,unassigned
76308,327,unassigned
76309,327,unassigned
76310,327,unassigned
76311,327,unassigned
76312,327,unassigned
76313,327,unassigned
76314,327,unassigned
76315,327,unassigned
76316,1735,Excitatory_Neuron
76317,1735,Excitatory_Neuron
76318,327,unassigned
76319,327,unassigned
76320,1735,Excitatory_Neuron
76321,327,unassigned
76322,327,unassigned
76323,327,unassigned
76324,327,unassigned
76325,1740,unassigned
76326,327,unassigned
76327,327,unassigned
76328,327,unassigned
76329,327,unassigned
76330,327,unassigned
76331,327,unassigned
76332,327,unassigned
76333,1738,unassigned
76334,327,unassigned
76335,327,unassigned
76336,327,unassigned
76337,1740,unassigned
76338,327,unassigned
76339,1740,unassigned
76340,327,unassigned
76341,327,unassigned
76342,327,unassigned
76343,327,unassigned
76344,327,unassigned
76345,327,unassigned
76346,327,unassigned
76347,327,unassigned
76348,1733,unassigned
76349,1733,unassigned
76350,327,unassigned
76351,1725,Astro-Epen
76352,327,unassigned
76353,327,unassigned
76354,327,unassigned
76355,327,unassigned
76356,327,unassigned
76357,1740,unassigned
76358,327,unassigned
76359,327,unassigned
76360,327,unassigned
76361,327,unassigned
76362,327,unassigned
76363,1725,Astro-Epen
76364,327,unassigned
76365,1739,unassigned
76366,327,unassigned
76367,327,unassigned
76368,327,unassigned
76369,1733,unassigned
76370,327,unassigned
76371,327,unassigned
76372,327,unassigned
76373,327,unassigned
76374,327,unassigned
76375,327,unassigned
76376,327,unassigned
76377,327,unassigned
76378,327,unassigned
76379,327,unassigned
76380,327,unassigned
76381,327,unassigned
76382,327,unassigned
76383,1739,unassigned
76384,327,unassigned
76385,327,unassigned
76386,327,unassigned
76387,1735,Excitatory_Neuron
76388,327,unassigned
76389,327,unassigned
76390,327,unassigned
76391,327,unassigned
76392,327,unassigned
76393,327,unassigned
76394,327,unassigned
76395,327,unassigned
76396,327,unassigned
76397,327,unassigned
76398,327,unassigned
76399,327,unassigned
76400,327,unassigned
76401,327,unassigned
76402,327,unassigned
76403,327,unassigned
76404,327,unassigned
76405,327,unassigned
76406,327,unassigned
76407,1733,unassigned
76408,327,unassigned
76409,1734,unassigned
76410,327,unassigned
76411,1735,Excitatory_Neuron
76412,327,unassigned
76413,1738,unassigned
76414,327,unassigned
76415,327,unassigned
76416,327,unassigned
76417,327,unassigned
76418,327,unassigned
76419,327,unassigned
76420,327,unassigned
76421,327,unassigned
76422,327,unassigned
76423,327,unassigned
76424,327,unassigned
76425,1740,unassigned
76426,327,unassigned
76427,1733,unassigned
76428,327,unassigned
76429,327,unassigned
76430,327,unassigned
76431,327,unassigned
76432,327,unassigned
76433,1725,Astro-Epen
76434,1725,Astro-Epen
76435,327,unassigned
76436,327,unassigned
76437,327,unassigned
76438,327,unassigned
76439,327,unassigned
76440,1739,unassigned
76441,327,unassigned
76442,327,unassigned
76443,1740,unassigned
76444,327,unassigned
76445,327,unassigned
76446,327,unassigned
76447,327,unassigned
76448,327,unassigned
76449,1735,Excitatory_Neuron
76450,327,unassigned
76451,327,unassigned
76452,327,unassigned
76453,327,unassigned
76454,327,unassigned
76455,327,unassigned
76456,327,unassigned
76457,1737,unassigned
76458,327,unassigned
76459,1738,unassigned
76460,327,unassigned
76461,327,unassigned
76462,327,unassigned
76463,327,unassigned
76464,327,unassigned
76465,1733,unassigned
76466,1739,unassigned
76467,1738,unassigned
76468,1738,unassigned
76469,327,unassigned
76470,327,unassigned
76471,327,unassigned
76472,327,unassigned
76473,327,unassigned
76474,1740,unassigned
76475,327,unassigned
76476,327,unassigned
76477,327,unassigned
76478,327,unassigned
76479,327,unassigned
76480,327,unassigned
76481,1737,unassigned
76482,1733,unassigned
76483,327,unassigned
76484,327,unassigned
76485,327,unassigned
76486,327,unassigned
76487,327,unassigned
76488,327,unassigned
76489,1740,unassigned
76490,327,unassigned
76491,1734,unassigned
76492,327,unassigned
76493,1725,Astro-Epen
76494,1739,unassigned
76495,327,unassigned
76496,327,unassigned
76497,327,unassigned
76498,327,unassigned
76499,327,unassigned
76500,327,unassigned
76501,327,unassigned
76502,1737,unassigned
76503,1725,Astro-Epen
76504,327,unassigned
76505,327,unassigned
76506,327,unassigned
76507,327,unassigned
76508,327,unassigned
76509,327,unassigned
76510,327,unassigned
76511,327,unassigned
76512,327,unassigned
76513,327,unassigned
76514,1740,unassigned
76515,327,unassigned
76516,327,unassigned
76517,327,unassigned
76518,1739,unassigned
76519,1735,Excitatory_Neuron
76520,327,unassigned
76521,327,unassigned
76522,327,unassigned
76523,327,unassigned
76524,1740,unassigned
76525,1740,unassigned
76526,327,unassigned
76527,327,unassigned
76528,1739,unassigned
76529,327,unassigned
76530,327,unassigned
76531,327,unassigned
76532,327,unassigned
76533,327,unassigned
76534,327,unassigned
76535,327,unassigned
76536,327,unassigned
76537,327,unassigned
76538,327,unassigned
76539,327,unassigned
76540,1725,Astro-Epen
76541,1735,Excitatory_Neuron
76542,327,unassigned
76543,1738,unassigned
76544,327,unassigned
76545,327,unassigned
76546,327,unassigned
76547,1725,Astro-Epen
76548,327,unassigned
76549,327,unassigned
76550,327,unassigned
76551,1740,unassigned
76552,327,unassigned
76553,1737,unassigned
76554,1733,unassigned
76555,327,unassigned
76556,1725,Astro-Epen
76557,327,unassigned
76558,327,unassigned
76559,327,unassigned
76560,327,unassigned
76561,327,unassigned
76562,327,unassigned
76563,327,unassigned
76564,327,unassigned
76565,327,unassigned
76566,327,unassigned
76567,327,unassigned
76568,1733,unassigned
76569,327,unassigned
76570,327,unassigned
76571,327,unassigned
76572,327,unassigned
76573,327,unassigned
76574,327,unassigned
76575,327,unassigned
76576,327,unassigned
76577,327,unassigned
76578,327,unassigned
76579,327,unassigned
76580,327,unassigned
76581,327,unassigned
76582,327,unassigned
76583,327,unassigned
76584,327,unassigned
76585,327,unassigned
76586,327,unassigned
76587,327,unassigned
76588,327,unassigned
76589,1735,Excitatory_Neuron
76590,327,unassigned
76591,327,unassigned
76592,327,unassigned
76593,327,unassigned
76594,327,unassigned
76595,327,unassigned
76596,327,unassigned
76597,327,unassigned
76598,327,unassigned
76599,327,unassigned
76600,327,unassigned
76601,327,unassigned
76602,327,unassigned
76603,327,unassigned
76604,327,unassigned
76605,327,unassigned
76606,327,unassigned
76607,327,unassigned
76608,1739,unassigned
76609,327,unassigned
76610,327,unassigned
76611,327,unassigned
76612,327,unassigned
76613,327,unassigned
76614,327,unassigned
76615,327,unassigned
76616,327,unassigned
76617,327,unassigned
76618,327,unassigned
76619,327,unassigned
76620,327,unassigned
76621,327,unassigned
76622,327,unassigned
76623,327,unassigned
76624,327,unassigned
76625,327,unassigned
76626,327,unassigned
76627,327,unassigned
76628,327,unassigned
76629,327,unassigned
76630,327,unassigned
76631,327,unassigned
76632,327,unassigned
76633,327,unassigned
76634,1725,Astro-Epen
76635,1739,unassigned
76636,327,unassigned
76637,327,unassigned
76638,327,unassigned
76639,327,unassigned
76640,327,unassigned
76641,327,unassigned
76642,327,unassigned
76643,327,unassigned
76644,1738,unassigned
76645,327,unassigned
76646,327,unassigned
76647,327,unassigned
76648,1734,unassigned
76649,327,unassigned
76650,327,unassigned
76651,327,unassigned
76652,1737,unassigned
76653,327,unassigned
76654,327,unassigned
76655,327,unassigned
76656,327,unassigned
76657,327,unassigned
76658,327,unassigned
76659,327,unassigned
76660,327,unassigned
76661,327,unassigned
76662,327,unassigned
76663,327,unassigned
76664,327,unassigned
76665,327,unassigned
76666,327,unassigned
76667,327,unassigned
76668,327,unassigned
76669,1725,Astro-Epen
76670,327,unassigned
76671,327,unassigned
76672,327,unassigned
76673,327,unassigned
76674,327,unassigned
76675,327,unassigned
76676,327,unassigned
76677,327,unassigned
76678,327,unassigned
76679,327,unassigned
76680,327,unassigned
76681,1737,unassigned
76682,327,unassigned
76683,327,unassigned
76684,327,unassigned
76685,327,unassigned
76686,327,unassigned
76687,327,unassigned
76688,327,unassigned
76689,327,unassigned
76690,327,unassigned
76691,327,unassigned
76692,327,unassigned
76693,327,unassigned
76694,327,unassigned
76695,327,unassigned
76696,327,unassigned
76697,327,unassigned
76698,327,unassigned
76699,327,unassigned
76700,327,unassigned
76701,327,unassigned
76702,327,unassigned
76703,327,unassigned
76704,327,unassigned
76705,327,unassigned
76706,327,unassigned
76707,327,unassigned
76708,1739,unassigned
76709,1739,unassigned
76710,327,unassigned
76711,327,unassigned
76712,1737,unassigned
76713,327,unassigned
76714,327,unassigned
76715,327,unassigned
76716,327,unassigned
76717,327,unassigned
76718,327,unassigned
76719,327,unassigned
76720,327,unassigned
76721,327,unassigned
76722,327,unassigned
76723,327,unassigned
76724,327,unassigned
76725,327,unassigned
76726,327,unassigned
76727,1739,unassigned
76728,327,unassigned
76729,327,unassigned
76730,327,unassigned
76731,327,unassigned
76732,327,unassigned
76733,327,unassigned
76734,327,unassigned
76735,327,unassigned
76736,327,unassigned
76737,1737,unassigned
76738,327,unassigned
76739,327,unassigned
76740,327,unassigned
76741,327,unassigned
76742,327,unassigned
76743,327,unassigned
76744,327,unassigned
76745,327,unassigned
76746,1734,unassigned
76747,327,unassigned
76748,1739,unassigned
76749,327,unassigned
76750,327,unassigned
76751,327,unassigned
76752,327,unassigned
76753,327,unassigned
76754,439,unassigned
76755,327,unassigned
76756,327,unassigned
76757,327,unassigned
76758,327,unassigned
76759,327,unassigned
76760,327,unassigned
76761,327,unassigned
76762,327,unassigned
76763,327,unassigned
76764,327,unassigned
76765,327,unassigned
76766,327,unassigned
76767,327,unassigned
76768,327,unassigned
76769,327,unassigned
76770,327,unassigned
76771,327,unassigned
76772,327,unassigned
76773,327,unassigned
76774,327,unassigned
76775,327,unassigned
76776,1735,Excitatory_Neuron
76777,327,unassigned
76778,327,unassigned
76779,327,unassigned
76780,327,unassigned
76781,327,unassigned
76782,327,unassigned
76783,327,unassigned
76784,327,unassigned
76785,327,unassigned
76786,327,unassigned
76787,327,unassigned
76788,327,unassigned
76789,327,unassigned
76790,1737,unassigned
76791,327,unassigned
76792,327,unassigned
76793,327,unassigned
76794,327,unassigned
76795,327,unassigned
76796,1740,unassigned
76797,327,unassigned
76798,1739,unassigned
76799,327,unassigned
76800,327,unassigned
76801,327,unassigned
76802,1740,unassigned
76803,327,unassigned
76804,327,unassigned
76805,327,unassigned
76806,327,unassigned
76807,327,unassigned
76808,327,unassigned
76809,327,unassigned
76810,327,unassigned
76811,327,unassigned
76812,327,unassigned
76813,1740,unassigned
76814,327,unassigned
76815,327,unassigned
76816,327,unassigned
76817,1737,unassigned
76818,327,unassigned
76819,1739,unassigned
76820,327,unassigned
76821,327,unassigned
76822,327,unassigned
76823,327,unassigned
76824,327,unassigned
76825,327,unassigned
76826,327,unassigned
76827,327,unassigned
76828,327,unassigned
76829,327,unassigned
76830,327,unassigned
76831,327,unassigned
76832,327,unassigned
76833,327,unassigned
76834,327,unassigned
76835,327,unassigned
76836,327,unassigned
76837,327,unassigned
76838,327,unassigned
76839,327,unassigned
76840,327,unassigned
76841,327,unassigned
76842,327,unassigned
76843,327,unassigned
76844,1739,unassigned
76845,327,unassigned
76846,327,unassigned
76847,327,unassigned
76848,327,unassigned
76849,327,unassigned
76850,327,unassigned
76851,327,unassigned
76852,327,unassigned
76853,327,unassigned
76854,327,unassigned
76855,1739,unassigned
76856,327,unassigned
76857,327,unassigned
76858,327,unassigned
76859,327,unassigned
76860,327,unassigned
76861,327,unassigned
76862,327,unassigned
76863,399,Excitatory_Neuron
76864,327,unassigned
76865,327,unassigned
76866,327,unassigned
76867,327,unassigned
76868,327,unassigned
76869,327,unassigned
76870,327,unassigned
76871,327,unassigned
76872,327,unassigned
76873,327,unassigned
76874,327,unassigned
76875,1739,unassigned
76876,327,unassigned
76877,327,unassigned
76878,327,unassigned
76879,327,unassigned
76880,327,unassigned
76881,327,unassigned
76882,327,unassigned
76883,327,unassigned
76884,327,unassigned
76885,327,unassigned
76886,327,unassigned
76887,327,unassigned
76888,327,unassigned
76889,327,unassigned
76890,327,unassigned
76891,327,unassigned
76892,327,unassigned
76893,327,unassigned
76894,327,unassigned
76895,327,unassigned
76896,327,unassigned
76897,327,unassigned
76898,327,unassigned
76899,327,unassigned
76900,327,unassigned
76901,327,unassigned
76902,327,unassigned
76903,327,unassigned
76904,327,unassigned
76905,327,unassigned
76906,327,unassigned
76907,327,unassigned
76908,327,unassigned
76909,327,unassigned
76910,327,unassigned
76911,327,unassigned
76912,327,unassigned
76913,454,unassigned
76914,454,unassigned
76915,454,unassigned
76916,454,unassigned
76917,454,unassigned
76918,454,unassigned
76919,454,unassigned
76920,454,unassigned
76921,454,unassigned
76922,454,unassigned
76923,454,unassigned
76924,454,unassigned
76925,454,unassigned
76926,454,unassigned
76927,454,unassigned
76928,454,unassigned
76929,454,unassigned
76930,454,unassigned
76931,454,unassigned
76932,454,unassigned
76933,454,unassigned
76934,454,unassigned
76935,454,unassigned
76936,454,unassigned
76937,454,unassigned
76938,454,unassigned
76939,454,unassigned
76940,488,GABA_Neuron
76941,454,unassigned
76942,454,unassigned
76943,454,unassigned
76944,454,unassigned
76945,454,unassigned
76946,454,unassigned
76947,454,unassigned
76948,454,unassigned
76949,454,unassigned
76950,454,unassigned
76951,454,unassigned
76952,454,unassigned
76953,454,unassigned
76954,454,unassigned
76955,454,unassigned
76956,454,unassigned
76957,454,unassigned
76958,454,unassigned
76959,454,unassigned
76960,454,unassigned
76961,454,unassigned
76962,454,unassigned
76963,454,unassigned
76964,454,unassigned
76965,454,unassigned
76966,454,unassigned
76967,454,unassigned
76968,454,unassigned
76969,454,unassigned
76970,454,unassigned
76971,454,unassigned
76972,454,unassigned
76973,454,unassigned
76974,454,unassigned
76975,488,GABA_Neuron
76976,454,unassigned
76977,454,unassigned
76978,454,unassigned
76979,454,unassigned
76980,454,unassigned
76981,454,unassigned
76982,454,unassigned
76983,454,unassigned
76984,454,unassigned
76985,454,unassigned
76986,454,unassigned
76987,454,unassigned
76988,454,unassigned
76989,454,unassigned
76990,454,unassigned
76991,454,unassigned
76992,454,unassigned
76993,454,unassigned
76994,454,unassigned
76995,454,unassigned
76996,454,unassigned
76997,454,unassigned
76998,454,unassigned
76999,454,unassigned
77000,454,unassigned
77001,454,unassigned
77002,454,unassigned
77003,454,unassigned
77004,454,unassigned
77005,454,unassigned
77006,454,unassigned
77007,454,unassigned
77008,454,unassigned
77009,454,unassigned
77010,454,unassigned
77011,454,unassigned
77012,454,unassigned
77013,454,unassigned
77014,454,unassigned
77015,454,unassigned
77016,454,unassigned
77017,454,unassigned
77018,454,unassigned
77019,454,unassigned
77020,454,unassigned
77021,454,unassigned
77022,454,unassigned
77023,454,unassigned
77024,454,unassigned
77025,454,unassigned
77026,454,unassigned
77027,454,unassigned
77028,454,unassigned
77029,454,unassigned
77030,454,unassigned
77031,454,unassigned
77032,454,unassigned
77033,454,unassigned
77034,454,unassigned
77035,454,unassigned
77036,454,unassigned
77037,454,unassigned
77038,454,unassigned
77039,454,unassigned
77040,454,unassigned
77041,454,unassigned
77042,454,unassigned
77043,454,unassigned
77044,454,unassigned
77045,454,unassigned
77046,454,unassigned
77047,454,unassigned
77048,454,unassigned
77049,454,unassigned
77050,454,unassigned
77051,454,unassigned
77052,454,unassigned
77053,454,unassigned
77054,454,unassigned
77055,454,unassigned
77056,454,unassigned
77057,454,unassigned
77058,454,unassigned
77059,454,unassigned
77060,454,unassigned
77061,454,unassigned
77062,454,unassigned
77063,454,unassigned
77064,454,unassigned
77065,454,unassigned
77066,454,unassigned
77067,454,unassigned
77068,454,unassigned
77069,454,unassigned
77070,454,unassigned
77071,454,unassigned
77072,454,unassigned
77073,454,unassigned
77074,454,unassigned
77075,454,unassigned
77076,454,unassigned
77077,454,unassigned
77078,454,unassigned
77079,454,unassigned
77080,454,unassigned
77081,454,unassigned
77082,454,unassigned
77083,454,unassigned
77084,454,unassigned
77085,454,unassigned
77086,454,unassigned
77087,454,unassigned
77088,454,unassigned
77089,454,unassigned
77090,454,unassigned
77091,454,unassigned
77092,454,unassigned
77093,454,unassigned
77094,454,unassigned
77095,454,unassigned
77096,454,unassigned
77097,454,unassigned
77098,454,unassigned
77099,454,unassigned
77100,454,unassigned
77101,454,unassigned
77102,454,unassigned
77103,454,unassigned
77104,454,unassigned
77105,454,unassigned
77106,454,unassigned
77107,454,unassigned
77108,454,unassigned
77109,454,unassigned
77110,454,unassigned
77111,454,unassigned
77112,454,unassigned
77113,454,unassigned
77114,454,unassigned
77115,454,unassigned
77116,454,unassigned
77117,454,unassigned
77118,454,unassigned
77119,454,unassigned
77120,454,unassigned
77121,454,unassigned
77122,454,unassigned
77123,454,unassigned
77124,454,unassigned
77125,454,unassigned
77126,454,unassigned
77127,454,unassigned
77128,454,unassigned
77129,454,unassigned
77130,454,unassigned
77131,454,unassigned
77132,454,unassigned
77133,488,GABA_Neuron
77134,454,unassigned
77135,454,unassigned
77136,454,unassigned
77137,454,unassigned
77138,454,unassigned
77139,454,unassigned
77140,454,unassigned
77141,454,unassigned
77142,454,unassigned
77143,454,unassigned
77144,454,unassigned
77145,454,unassigned
77146,454,unassigned
77147,454,unassigned
77148,454,unassigned
77149,454,unassigned
77150,454,unassigned
77151,454,unassigned
77152,454,unassigned
77153,454,unassigned
77154,454,unassigned
77155,454,unassigned
77156,454,unassigned
77157,454,unassigned
77158,454,unassigned
77159,454,unassigned
77160,454,unassigned
77161,454,unassigned
77162,454,unassigned
77163,454,unassigned
77164,454,unassigned
77165,454,unassigned
77166,454,unassigned
77167,454,unassigned
77168,454,unassigned
77169,454,unassigned
77170,454,unassigned
77171,454,unassigned
77172,454,unassigned
77173,454,unassigned
77174,454,unassigned
77175,454,unassigned
77176,454,unassigned
77177,454,unassigned
77178,454,unassigned
77179,454,unassigned
77180,454,unassigned
77181,454,unassigned
77182,454,unassigned
77183,454,unassigned
77184,454,unassigned
77185,454,unassigned
77186,454,unassigned
77187,454,unassigned
77188,454,unassigned
77189,454,unassigned
77190,454,unassigned
77191,454,unassigned
77192,454,unassigned
77193,454,unassigned
77194,454,unassigned
77195,454,unassigned
77196,454,unassigned
77197,454,unassigned
77198,454,unassigned
77199,454,unassigned
77200,454,unassigned
77201,454,unassigned
77202,454,unassigned
77203,454,unassigned
77204,454,unassigned
77205,454,unassigned
77206,454,unassigned
77207,454,unassigned
77208,454,unassigned
77209,454,unassigned
77210,454,unassigned
77211,454,unassigned
77212,454,unassigned
77213,454,unassigned
77214,454,unassigned
77215,454,unassigned
77216,454,unassigned
77217,454,unassigned
77218,454,unassigned
77219,454,unassigned
77220,454,unassigned
77221,454,unassigned
77222,454,unassigned
77223,454,unassigned
77224,454,unassigned
77225,454,unassigned
77226,454,unassigned
77227,454,unassigned
77228,454,unassigned
77229,454,unassigned
77230,454,unassigned
77231,454,unassigned
77232,454,unassigned
77233,454,unassigned
77234,454,unassigned
77235,454,unassigned
77236,454,unassigned
77237,454,unassigned
77238,454,unassigned
77239,454,unassigned
77240,454,unassigned
77241,454,unassigned
77242,454,unassigned
77243,454,unassigned
77244,454,unassigned
77245,454,unassigned
77246,454,unassigned
77247,454,unassigned
77248,454,unassigned
77249,454,unassigned
77250,454,unassigned
77251,454,unassigned
77252,454,unassigned
77253,454,unassigned
77254,454,unassigned
77255,488,GABA_Neuron
77256,454,unassigned
77257,454,unassigned
77258,454,unassigned
77259,454,unassigned
77260,454,unassigned
77261,454,unassigned
77262,454,unassigned
77263,454,unassigned
77264,454,unassigned
77265,454,unassigned
77266,454,unassigned
77267,454,unassigned
77268,454,unassigned
77269,454,unassigned
77270,454,unassigned
77271,454,unassigned
77272,454,unassigned
77273,454,unassigned
77274,454,unassigned
77275,454,unassigned
77276,454,unassigned
77277,454,unassigned
77278,454,unassigned
77279,454,unassigned
77280,454,unassigned
77281,454,unassigned
77282,454,unassigned
77283,454,unassigned
77284,454,unassigned
77285,454,unassigned
77286,454,unassigned
77287,454,unassigned
77288,454,unassigned
77289,454,unassigned
77290,454,unassigned
77291,454,unassigned
77292,454,unassigned
77293,454,unassigned
77294,454,unassigned
77295,454,unassigned
77296,454,unassigned
77297,1741,Astro-Epen
77298,454,unassigned
77299,454,unassigned
77300,454,unassigned
77301,454,unassigned
77302,454,unassigned
77303,454,unassigned
77304,454,unassigned
77305,454,unassigned
77306,454,unassigned
77307,454,unassigned
77308,454,unassigned
77309,454,unassigned
77310,510,Excitatory_Neuron
77311,454,unassigned
77312,454,unassigned
77313,454,unassigned
77314,454,unassigned
77315,454,unassigned
77316,454,unassigned
77317,454,unassigned
77318,454,unassigned
77319,454,unassigned
77320,454,unassigned
77321,454,unassigned
77322,454,unassigned
77323,454,unassigned
77324,454,unassigned
77325,454,unassigned
77326,454,unassigned
77327,454,unassigned
77328,454,unassigned
77329,454,unassigned
77330,454,unassigned
77331,454,unassigned
77332,454,unassigned
77333,524,Excitatory_Neuron
77334,454,unassigned
77335,454,unassigned
77336,454,unassigned
77337,510,Excitatory_Neuron
77338,454,unassigned
77339,454,unassigned
77340,454,unassigned
77341,454,unassigned
77342,510,Excitatory_Neuron
77343,454,unassigned
77344,454,unassigned
77345,454,unassigned
77346,454,unassigned
77347,454,unassigned
77348,454,unassigned
77349,454,unassigned
77350,454,unassigned
77351,454,unassigned
77352,454,unassigned
77353,454,unassigned
77354,454,unassigned
77355,454,unassigned
77356,454,unassigned
77357,454,unassigned
77358,454,unassigned
77359,454,unassigned
77360,454,unassigned
77361,454,unassigned
77362,510,Excitatory_Neuron
77363,454,unassigned
77364,454,unassigned
77365,454,unassigned
77366,454,unassigned
77367,454,unassigned
77368,454,unassigned
77369,454,unassigned
77370,454,unassigned
77371,454,unassigned
77372,454,unassigned
77373,454,unassigned
77374,454,unassigned
77375,454,unassigned
77376,454,unassigned
77377,454,unassigned
77378,454,unassigned
77379,454,unassigned
77380,454,unassigned
77381,454,unassigned
77382,454,unassigned
77383,1741,Astro-Epen
77384,454,unassigned
77385,454,unassigned
77386,454,unassigned
77387,1742,Astro-Epen
77388,454,unassigned
77389,454,unassigned
77390,454,unassigned
77391,1742,Astro-Epen
77392,454,unassigned
77393,454,unassigned
77394,454,unassigned
77395,454,unassigned
77396,454,unassigned
77397,454,unassigned
77398,454,unassigned
77399,454,unassigned
77400,454,unassigned
77401,1741,Astro-Epen
77402,454,unassigned
77403,454,unassigned
77404,454,unassigned
77405,454,unassigned
77406,454,unassigned
77407,1741,Astro-Epen
77408,454,unassigned
77409,454,unassigned
77410,454,unassigned
77411,454,unassigned
77412,454,unassigned
77413,454,unassigned
77414,454,unassigned
77415,454,unassigned
77416,454,unassigned
77417,454,unassigned
77418,454,unassigned
77419,454,unassigned
77420,454,unassigned
77421,454,unassigned
77422,454,unassigned
77423,454,unassigned
77424,454,unassigned
77425,454,unassigned
77426,454,unassigned
77427,454,unassigned
77428,454,unassigned
77429,454,unassigned
77430,454,unassigned
77431,454,unassigned
77432,454,unassigned
77433,1742,Astro-Epen
77434,1742,Astro-Epen
77435,454,unassigned
77436,454,unassigned
77437,1741,Astro-Epen
77438,454,unassigned
77439,454,unassigned
77440,454,unassigned
77441,454,unassigned
77442,454,unassigned
77443,454,unassigned
77444,454,unassigned
77445,454,unassigned
77446,454,unassigned
77447,454,unassigned
77448,454,unassigned
77449,454,unassigned
77450,454,unassigned
77451,454,unassigned
77452,454,unassigned
77453,454,unassigned
77454,1741,Astro-Epen
77455,454,unassigned
77456,1743,unassigned
77457,454,unassigned
77458,454,unassigned
77459,454,unassigned
77460,454,unassigned
77461,454,unassigned
77462,454,unassigned
77463,454,unassigned
77464,454,unassigned
77465,454,unassigned
77466,1743,unassigned
77467,454,unassigned
77468,454,unassigned
77469,454,unassigned
77470,454,unassigned
77471,454,unassigned
77472,454,unassigned
77473,454,unassigned
77474,454,unassigned
77475,454,unassigned
77476,454,unassigned
77477,454,unassigned
77478,454,unassigned
77479,454,unassigned
77480,454,unassigned
77481,454,unassigned
77482,1743,unassigned
77483,454,unassigned
77484,454,unassigned
77485,454,unassigned
77486,454,unassigned
77487,454,unassigned
77488,454,unassigned
77489,454,unassigned
77490,454,unassigned
77491,1742,Astro-Epen
77492,454,unassigned
77493,454,unassigned
77494,454,unassigned
77495,454,unassigned
77496,454,unassigned
77497,454,unassigned
77498,510,Excitatory_Neuron
77499,454,unassigned
77500,454,unassigned
77501,454,unassigned
77502,454,unassigned
77503,454,unassigned
77504,454,unassigned
77505,454,unassigned
77506,454,unassigned
77507,454,unassigned
77508,454,unassigned
77509,454,unassigned
77510,1742,Astro-Epen
77511,454,unassigned
77512,454,unassigned
77513,454,unassigned
77514,454,unassigned
77515,454,unassigned
77516,454,unassigned
77517,454,unassigned
77518,454,unassigned
77519,454,unassigned
77520,1744,unassigned
77521,454,unassigned
77522,454,unassigned
77523,454,unassigned
77524,454,unassigned
77525,454,unassigned
77526,454,unassigned
77527,454,unassigned
77528,454,unassigned
77529,1741,Astro-Epen
77530,454,unassigned
77531,454,unassigned
77532,454,unassigned
77533,454,unassigned
77534,454,unassigned
77535,454,unassigned
77536,454,unassigned
77537,454,unassigned
77538,454,unassigned
77539,454,unassigned
77540,454,unassigned
77541,454,unassigned
77542,454,unassigned
77543,454,unassigned
77544,454,unassigned
77545,454,unassigned
77546,454,unassigned
77547,454,unassigned
77548,454,unassigned
77549,454,unassigned
77550,454,unassigned
77551,454,unassigned
77552,454,unassigned
77553,454,unassigned
77554,454,unassigned
77555,454,unassigned
77556,1741,Astro-Epen
77557,454,unassigned
77558,454,unassigned
77559,1741,Astro-Epen
77560,454,unassigned
77561,454,unassigned
77562,1741,Astro-Epen
77563,454,unassigned
77564,454,unassigned
77565,454,unassigned
77566,454,unassigned
77567,454,unassigned
77568,454,unassigned
77569,1741,Astro-Epen
77570,454,unassigned
77571,454,unassigned
77572,454,unassigned
77573,454,unassigned
77574,454,unassigned
77575,1741,Astro-Epen
77576,1741,Astro-Epen
77577,454,unassigned
77578,454,unassigned
77579,454,unassigned
77580,454,unassigned
77581,454,unassigned
77582,454,unassigned
77583,454,unassigned
77584,454,unassigned
77585,454,unassigned
77586,454,unassigned
77587,454,unassigned
77588,454,unassigned
77589,454,unassigned
77590,454,unassigned
77591,454,unassigned
77592,454,unassigned
77593,454,unassigned
77594,454,unassigned
77595,454,unassigned
77596,454,unassigned
77597,454,unassigned
77598,454,unassigned
77599,1741,Astro-Epen
77600,1742,Astro-Epen
77601,454,unassigned
77602,454,unassigned
77603,454,unassigned
77604,454,unassigned
77605,454,unassigned
77606,454,unassigned
77607,1741,Astro-Epen
77608,454,unassigned
77609,454,unassigned
77610,454,unassigned
77611,454,unassigned
77612,454,unassigned
77613,454,unassigned
77614,454,unassigned
77615,454,unassigned
77616,454,unassigned
77617,454,unassigned
77618,454,unassigned
77619,454,unassigned
77620,454,unassigned
77621,454,unassigned
77622,454,unassigned
77623,454,unassigned
77624,454,unassigned
77625,454,unassigned
77626,454,unassigned
77627,1742,Astro-Epen
77628,454,unassigned
77629,454,unassigned
77630,454,unassigned
77631,1741,Astro-Epen
77632,454,unassigned
77633,1744,unassigned
77634,454,unassigned
77635,1741,Astro-Epen
77636,1741,Astro-Epen
77637,1742,Astro-Epen
77638,1741,Astro-Epen
77639,454,unassigned
77640,454,unassigned
77641,454,unassigned
77642,454,unassigned
77643,1742,Astro-Epen
77644,1742,Astro-Epen
77645,1744,unassigned
77646,454,unassigned
77647,454,unassigned
77648,454,unassigned
77649,454,unassigned
77650,454,unassigned
77651,454,unassigned
77652,454,unassigned
77653,454,unassigned
77654,454,unassigned
77655,454,unassigned
77656,454,unassigned
77657,454,unassigned
77658,454,unassigned
77659,454,unassigned
77660,1744,unassigned
77661,454,unassigned
77662,454,unassigned
77663,454,unassigned
77664,1741,Astro-Epen
77665,1742,Astro-Epen
77666,454,unassigned
77667,454,unassigned
77668,454,unassigned
77669,1742,Astro-Epen
77670,1741,Astro-Epen
77671,1741,Astro-Epen
77672,454,unassigned
77673,454,unassigned
77674,454,unassigned
77675,1744,unassigned
77676,454,unassigned
77677,454,unassigned
77678,454,unassigned
77679,454,unassigned
77680,493,Excitatory_Neuron
77681,454,unassigned
77682,454,unassigned
77683,454,unassigned
77684,454,unassigned
77685,454,unassigned
77686,454,unassigned
77687,454,unassigned
77688,454,unassigned
77689,454,unassigned
77690,454,unassigned
77691,454,unassigned
77692,454,unassigned
77693,454,unassigned
77694,454,unassigned
77695,454,unassigned
77696,454,unassigned
77697,454,unassigned
77698,1741,Astro-Epen
77699,1742,Astro-Epen
77700,454,unassigned
77701,454,unassigned
77702,454,unassigned
77703,1741,Astro-Epen
77704,454,unassigned
77705,454,unassigned
77706,454,unassigned
77707,454,unassigned
77708,454,unassigned
77709,454,unassigned
77710,454,unassigned
77711,454,unassigned
77712,454,unassigned
77713,454,unassigned
77714,454,unassigned
77715,454,unassigned
77716,454,unassigned
77717,454,unassigned
77718,454,unassigned
77719,454,unassigned
77720,454,unassigned
77721,454,unassigned
77722,454,unassigned
77723,454,unassigned
77724,454,unassigned
77725,454,unassigned
77726,454,unassigned
77727,454,unassigned
77728,454,unassigned
77729,1744,unassigned
77730,454,unassigned
77731,454,unassigned
77732,454,unassigned
77733,454,unassigned
77734,454,unassigned
77735,454,unassigned
77736,454,unassigned
77737,454,unassigned
77738,454,unassigned
77739,1744,unassigned
77740,454,unassigned
77741,454,unassigned
77742,454,unassigned
77743,454,unassigned
77744,454,unassigned
77745,454,unassigned
77746,454,unassigned
77747,454,unassigned
77748,454,unassigned
77749,454,unassigned
77750,1741,Astro-Epen
77751,454,unassigned
77752,454,unassigned
77753,454,unassigned
77754,454,unassigned
77755,454,unassigned
77756,454,unassigned
77757,454,unassigned
77758,454,unassigned
77759,454,unassigned
77760,454,unassigned
77761,454,unassigned
77762,454,unassigned
77763,510,Excitatory_Neuron
77764,454,unassigned
77765,454,unassigned
77766,1744,unassigned
77767,454,unassigned
77768,1741,Astro-Epen
77769,1742,Astro-Epen
77770,1741,Astro-Epen
77771,454,unassigned
77772,454,unassigned
77773,454,unassigned
77774,454,unassigned
77775,454,unassigned
77776,454,unassigned
77777,454,unassigned
77778,454,unassigned
77779,454,unassigned
77780,454,unassigned
77781,454,unassigned
77782,454,unassigned
77783,454,unassigned
77784,454,unassigned
77785,1744,unassigned
77786,454,unassigned
77787,454,unassigned
77788,454,unassigned
77789,454,unassigned
77790,454,unassigned
77791,454,unassigned
77792,454,unassigned
77793,454,unassigned
77794,454,unassigned
77795,454,unassigned
77796,454,unassigned
77797,1741,Astro-Epen
77798,1741,Astro-Epen
77799,454,unassigned
77800,454,unassigned
77801,1742,Astro-Epen
77802,454,unassigned
77803,454,unassigned
77804,454,unassigned
77805,454,unassigned
77806,454,unassigned
77807,1745,unassigned
77808,454,unassigned
77809,1744,unassigned
77810,454,unassigned
77811,1744,unassigned
77812,454,unassigned
77813,454,unassigned
77814,454,unassigned
77815,1741,Astro-Epen
77816,454,unassigned
77817,1744,unassigned
77818,454,unassigned
77819,454,unassigned
77820,1742,Astro-Epen
77821,454,unassigned
77822,454,unassigned
77823,510,Excitatory_Neuron
77824,1742,Astro-Epen
77825,454,unassigned
77826,454,unassigned
77827,454,unassigned
77828,454,unassigned
77829,454,unassigned
77830,1741,Astro-Epen
77831,454,unassigned
77832,1741,Astro-Epen
77833,1744,unassigned
77834,454,unassigned
77835,454,unassigned
77836,1742,Astro-Epen
77837,1746,unassigned
77838,1742,Astro-Epen
77839,454,unassigned
77840,454,unassigned
77841,454,unassigned
77842,454,unassigned
77843,1742,Astro-Epen
77844,454,unassigned
77845,1742,Astro-Epen
77846,1744,unassigned
77847,454,unassigned
77848,454,unassigned
77849,454,unassigned
77850,1745,unassigned
77851,1741,Astro-Epen
77852,454,unassigned
77853,454,unassigned
77854,1741,Astro-Epen
77855,1744,unassigned
77856,524,Excitatory_Neuron
77857,1742,Astro-Epen
77858,1741,Astro-Epen
77859,1744,unassigned
77860,454,unassigned
77861,1741,Astro-Epen
77862,454,unassigned
77863,1745,unassigned
77864,454,unassigned
77865,1742,Astro-Epen
77866,1744,unassigned
77867,454,unassigned
77868,454,unassigned
77869,454,unassigned
77870,454,unassigned
77871,1741,Astro-Epen
77872,1744,unassigned
77873,1745,unassigned
77874,454,unassigned
77875,1746,unassigned
77876,1746,unassigned
77877,454,unassigned
77878,1742,Astro-Epen
77879,454,unassigned
77880,1745,unassigned
77881,454,unassigned
77882,454,unassigned
77883,454,unassigned
77884,454,unassigned
77885,454,unassigned
77886,454,unassigned
77887,1744,unassigned
77888,454,unassigned
77889,454,unassigned
77890,454,unassigned
77891,454,unassigned
77892,454,unassigned
77893,454,unassigned
77894,454,unassigned
77895,454,unassigned
77896,454,unassigned
77897,454,unassigned
77898,1742,Astro-Epen
77899,454,unassigned
77900,1741,Astro-Epen
77901,454,unassigned
77902,1745,unassigned
77903,1742,Astro-Epen
77904,1744,unassigned
77905,454,unassigned
77906,454,unassigned
77907,454,unassigned
77908,1742,Astro-Epen
77909,454,unassigned
77910,454,unassigned
77911,1742,Astro-Epen
77912,1744,unassigned
77913,1744,unassigned
77914,454,unassigned
77915,454,unassigned
77916,454,unassigned
77917,454,unassigned
77918,1742,Astro-Epen
77919,1741,Astro-Epen
77920,1747,unassigned
77921,454,unassigned
77922,1745,unassigned
77923,454,unassigned
77924,454,unassigned
77925,454,unassigned
77926,454,unassigned
77927,1741,Astro-Epen
77928,1744,unassigned
77929,454,unassigned
77930,454,unassigned
77931,454,unassigned
77932,1747,unassigned
77933,454,unassigned
77934,454,unassigned
77935,454,unassigned
77936,1742,Astro-Epen
77937,454,unassigned
77938,454,unassigned
77939,454,unassigned
77940,1744,unassigned
77941,454,unassigned
77942,454,unassigned
77943,454,unassigned
77944,454,unassigned
77945,454,unassigned
77946,454,unassigned
77947,1744,unassigned
77948,454,unassigned
77949,454,unassigned
77950,1745,unassigned
77951,1747,unassigned
77952,454,unassigned
77953,1741,Astro-Epen
77954,1742,Astro-Epen
77955,454,unassigned
77956,454,unassigned
77957,1744,unassigned
77958,454,unassigned
77959,454,unassigned
77960,1746,unassigned
77961,1745,unassigned
77962,454,unassigned
77963,454,unassigned
77964,454,unassigned
77965,454,unassigned
77966,454,unassigned
77967,454,unassigned
77968,454,unassigned
77969,1745,unassigned
77970,1745,unassigned
77971,454,unassigned
77972,454,unassigned
77973,454,unassigned
77974,454,unassigned
77975,1741,Astro-Epen
77976,1746,unassigned
77977,454,unassigned
77978,1742,Astro-Epen
77979,1746,unassigned
77980,454,unassigned
77981,454,unassigned
77982,1742,Astro-Epen
77983,454,unassigned
77984,454,unassigned
77985,1745,unassigned
77986,454,unassigned
77987,1744,unassigned
77988,454,unassigned
77989,1745,unassigned
77990,1741,Astro-Epen
77991,454,unassigned
77992,454,unassigned
77993,454,unassigned
77994,454,unassigned
77995,454,unassigned
77996,454,unassigned
77997,1744,unassigned
77998,454,unassigned
77999,454,unassigned
78000,454,unassigned
78001,454,unassigned
78002,1746,unassigned
78003,454,unassigned
78004,454,unassigned
78005,454,unassigned
78006,454,unassigned
78007,454,unassigned
78008,454,unassigned
78009,454,unassigned
78010,454,unassigned
78011,454,unassigned
78012,454,unassigned
78013,454,unassigned
78014,454,unassigned
78015,454,unassigned
78016,454,unassigned
78017,454,unassigned
78018,454,unassigned
78019,1742,Astro-Epen
78020,454,unassigned
78021,454,unassigned
78022,454,unassigned
78023,1746,unassigned
78024,454,unassigned
78025,454,unassigned
78026,454,unassigned
78027,1747,unassigned
78028,454,unassigned
78029,1748,unassigned
78030,454,unassigned
78031,454,unassigned
78032,1742,Astro-Epen
78033,1746,unassigned
78034,454,unassigned
78035,454,unassigned
78036,454,unassigned
78037,454,unassigned
78038,454,unassigned
78039,454,unassigned
78040,454,unassigned
78041,454,unassigned
78042,454,unassigned
78043,1746,unassigned
78044,454,unassigned
78045,454,unassigned
78046,454,unassigned
78047,454,unassigned
78048,454,unassigned
78049,454,unassigned
78050,454,unassigned
78051,1746,unassigned
78052,454,unassigned
78053,454,unassigned
78054,454,unassigned
78055,454,unassigned
78056,454,unassigned
78057,454,unassigned
78058,454,unassigned
78059,1746,unassigned
78060,454,unassigned
78061,454,unassigned
78062,454,unassigned
78063,1741,Astro-Epen
78064,565,unassigned
78065,454,unassigned
78066,454,unassigned
78067,454,unassigned
78068,1746,unassigned
78069,1746,unassigned
78070,454,unassigned
78071,454,unassigned
78072,454,unassigned
78073,454,unassigned
78074,454,unassigned
78075,454,unassigned
78076,1748,unassigned
78077,454,unassigned
78078,454,unassigned
78079,454,unassigned
78080,454,unassigned
78081,454,unassigned
78082,454,unassigned
78083,454,unassigned
78084,454,unassigned
78085,454,unassigned
78086,454,unassigned
78087,454,unassigned
78088,1742,Astro-Epen
78089,454,unassigned
78090,454,unassigned
78091,454,unassigned
78092,454,unassigned
78093,454,unassigned
78094,1742,Astro-Epen
78095,1741,Astro-Epen
78096,1746,unassigned
78097,454,unassigned
78098,1748,unassigned
78099,1741,Astro-Epen
78100,454,unassigned
78101,454,unassigned
78102,1744,unassigned
78103,454,unassigned
78104,454,unassigned
78105,1741,Astro-Epen
78106,454,unassigned
78107,454,unassigned
78108,454,unassigned
78109,454,unassigned
78110,454,unassigned
78111,454,unassigned
78112,454,unassigned
78113,454,unassigned
78114,1744,unassigned
78115,454,unassigned
78116,454,unassigned
78117,454,unassigned
78118,454,unassigned
78119,454,unassigned
78120,454,unassigned
78121,454,unassigned
78122,454,unassigned
78123,454,unassigned
78124,1748,unassigned
78125,454,unassigned
78126,454,unassigned
78127,454,unassigned
78128,454,unassigned
78129,454,unassigned
78130,1741,Astro-Epen
78131,454,unassigned
78132,1744,unassigned
78133,454,unassigned
78134,454,unassigned
78135,454,unassigned
78136,454,unassigned
78137,454,unassigned
78138,1741,Astro-Epen
78139,454,unassigned
78140,454,unassigned
78141,454,unassigned
78142,454,unassigned
78143,454,unassigned
78144,454,unassigned
78145,1742,Astro-Epen
78146,1747,unassigned
78147,454,unassigned
78148,454,unassigned
78149,1744,unassigned
78150,1744,unassigned
78151,454,unassigned
78152,1748,unassigned
78153,1742,Astro-Epen
78154,1742,Astro-Epen
78155,454,unassigned
78156,454,unassigned
78157,454,unassigned
78158,1742,Astro-Epen
78159,454,unassigned
78160,454,unassigned
78161,454,unassigned
78162,454,unassigned
78163,454,unassigned
78164,454,unassigned
78165,454,unassigned
78166,1747,unassigned
78167,1747,unassigned
78168,576,Excitatory_Neuron
78169,454,unassigned
78170,1742,Astro-Epen
78171,454,unassigned
78172,576,Excitatory_Neuron
78173,454,unassigned
78174,1742,Astro-Epen
78175,454,unassigned
78176,1747,unassigned
78177,454,unassigned
78178,454,unassigned
78179,454,unassigned
78180,1748,unassigned
78181,454,unassigned
78182,454,unassigned
78183,454,unassigned
78184,454,unassigned
78185,454,unassigned
78186,454,unassigned
78187,454,unassigned
78188,454,unassigned
78189,454,unassigned
78190,1748,unassigned
78191,454,unassigned
78192,1741,Astro-Epen
78193,454,unassigned
78194,1747,unassigned
78195,1747,unassigned
78196,454,unassigned
78197,454,unassigned
78198,454,unassigned
78199,1744,unassigned
78200,454,unassigned
78201,454,unassigned
78202,454,unassigned
78203,1747,unassigned
78204,454,unassigned
78205,454,unassigned
78206,454,unassigned
78207,1741,Astro-Epen
78208,454,unassigned
78209,454,unassigned
78210,454,unassigned
78211,454,unassigned
78212,454,unassigned
78213,454,unassigned
78214,454,unassigned
78215,454,unassigned
78216,454,unassigned
78217,454,unassigned
78218,454,unassigned
78219,454,unassigned
78220,454,unassigned
78221,1747,unassigned
78222,454,unassigned
78223,454,unassigned
78224,454,unassigned
78225,454,unassigned
78226,454,unassigned
78227,454,unassigned
78228,454,unassigned
78229,454,unassigned
78230,454,unassigned
78231,1742,Astro-Epen
78232,454,unassigned
78233,1747,unassigned
78234,454,unassigned
78235,454,unassigned
78236,454,unassigned
78237,454,unassigned
78238,454,unassigned
78239,454,unassigned
78240,454,unassigned
78241,454,unassigned
78242,454,unassigned
78243,454,unassigned
78244,454,unassigned
78245,1745,unassigned
78246,454,unassigned
78247,454,unassigned
78248,454,unassigned
78249,454,unassigned
78250,454,unassigned
78251,454,unassigned
78252,454,unassigned
78253,454,unassigned
78254,454,unassigned
78255,1748,unassigned
78256,1747,unassigned
78257,1747,unassigned
78258,1748,unassigned
78259,454,unassigned
78260,454,unassigned
78261,454,unassigned
78262,454,unassigned
78263,454,unassigned
78264,454,unassigned
78265,1747,unassigned
78266,1747,unassigned
78267,454,unassigned
78268,1745,unassigned
78269,454,unassigned
78270,454,unassigned
78271,454,unassigned
78272,454,unassigned
78273,454,unassigned
78274,1745,unassigned
78275,454,unassigned
78276,454,unassigned
78277,454,unassigned
78278,454,unassigned
78279,454,unassigned
78280,454,unassigned
78281,454,unassigned
78282,454,unassigned
78283,1742,Astro-Epen
78284,1748,unassigned
78285,454,unassigned
78286,454,unassigned
78287,454,unassigned
78288,454,unassigned
78289,454,unassigned
78290,454,unassigned
78291,454,unassigned
78292,454,unassigned
78293,454,unassigned
78294,454,unassigned
78295,1747,unassigned
78296,1747,unassigned
78297,454,unassigned
78298,454,unassigned
78299,454,unassigned
78300,454,unassigned
78301,454,unassigned
78302,454,unassigned
78303,1747,unassigned
78304,454,unassigned
78305,454,unassigned
78306,454,unassigned
78307,1748,unassigned
78308,1748,unassigned
78309,454,unassigned
78310,454,unassigned
78311,454,unassigned
78312,454,unassigned
78313,454,unassigned
78314,454,unassigned
78315,454,unassigned
78316,454,unassigned
78317,454,unassigned
78318,454,unassigned
78319,454,unassigned
78320,454,unassigned
78321,454,unassigned
78322,454,unassigned
78323,454,unassigned
78324,1748,unassigned
78325,1748,unassigned
78326,454,unassigned
78327,1746,unassigned
78328,454,unassigned
78329,454,unassigned
78330,1748,unassigned
78331,454,unassigned
78332,454,unassigned
78333,454,unassigned
78334,454,unassigned
78335,1748,unassigned
78336,454,unassigned
78337,454,unassigned
78338,454,unassigned
78339,454,unassigned
78340,1749,unassigned
78341,454,unassigned
78342,454,unassigned
78343,454,unassigned
78344,454,unassigned
78345,454,unassigned
78346,454,unassigned
78347,454,unassigned
78348,454,unassigned
78349,454,unassigned
78350,454,unassigned
78351,454,unassigned
78352,454,unassigned
78353,454,unassigned
78354,454,unassigned
78355,454,unassigned
78356,1747,unassigned
78357,1747,unassigned
78358,454,unassigned
78359,454,unassigned
78360,454,unassigned
78361,454,unassigned
78362,454,unassigned
78363,454,unassigned
78364,454,unassigned
78365,454,unassigned
78366,454,unassigned
78367,454,unassigned
78368,454,unassigned
78369,454,unassigned
78370,454,unassigned
78371,454,unassigned
78372,454,unassigned
78373,454,unassigned
78374,454,unassigned
78375,454,unassigned
78376,454,unassigned
78377,454,unassigned
78378,454,unassigned
78379,454,unassigned
78380,454,unassigned
78381,454,unassigned
78382,454,unassigned
78383,454,unassigned
78384,454,unassigned
78385,454,unassigned
78386,454,unassigned
78387,454,unassigned
78388,1747,unassigned
78389,454,unassigned
78390,454,unassigned
78391,454,unassigned
78392,1742,Astro-Epen
78393,1742,Astro-Epen
78394,454,unassigned
78395,454,unassigned
78396,454,unassigned
78397,454,unassigned
78398,454,unassigned
78399,454,unassigned
78400,454,unassigned
78401,454,unassigned
78402,454,unassigned
78403,454,unassigned
78404,454,unassigned
78405,454,unassigned
78406,454,unassigned
78407,454,unassigned
78408,454,unassigned
78409,454,unassigned
78410,454,unassigned
78411,1747,unassigned
78412,454,unassigned
78413,1742,Astro-Epen
78414,454,unassigned
78415,1745,unassigned
78416,1745,unassigned
78417,454,unassigned
78418,454,unassigned
78419,454,unassigned
78420,454,unassigned
78421,1750,Astro-Epen
78422,1350,unassigned
78423,1350,unassigned
78424,1350,unassigned
78425,1751,Astro-Epen
78426,1752,unassigned
78427,1350,unassigned
78428,1350,unassigned
78429,1751,Astro-Epen
78430,1357,Astro-Epen
78431,1350,unassigned
78432,1750,Astro-Epen
78433,1750,Astro-Epen
78434,1350,unassigned
78435,1750,Astro-Epen
78436,1350,unassigned
78437,1350,unassigned
78438,1350,unassigned
78439,1350,unassigned
78440,1751,Astro-Epen
78441,1350,unassigned
78442,1350,unassigned
78443,1750,Astro-Epen
78444,1350,unassigned
78445,1750,Astro-Epen
78446,1350,unassigned
78447,1350,unassigned
78448,1751,Astro-Epen
78449,1350,unassigned
78450,1753,Astro-Epen
78451,1350,unassigned
78452,1752,unassigned
78453,1350,unassigned
78454,1751,Astro-Epen
78455,1350,unassigned
78456,1751,Astro-Epen
78457,1350,unassigned
78458,1350,unassigned
78459,1350,unassigned
78460,1350,unassigned
78461,1750,Astro-Epen
78462,1350,unassigned
78463,1350,unassigned
78464,1350,unassigned
78465,1754,unassigned
78466,1750,Astro-Epen
78467,1750,Astro-Epen
78468,1350,unassigned
78469,1350,unassigned
78470,1755,Immune
78471,1350,unassigned
78472,1350,unassigned
78473,1350,unassigned
78474,1751,Astro-Epen
78475,1750,Astro-Epen
78476,1750,Astro-Epen
78477,1350,unassigned
78478,1350,unassigned
78479,1753,Astro-Epen
78480,1357,Astro-Epen
78481,1751,Astro-Epen
78482,1350,unassigned
78483,1350,unassigned
78484,1350,unassigned
78485,1350,unassigned
78486,1350,unassigned
78487,1350,unassigned
78488,1751,Astro-Epen
78489,1350,unassigned
78490,1350,unassigned
78491,1350,unassigned
78492,1755,Immune
78493,1350,unassigned
78494,1751,Astro-Epen
78495,1350,unassigned
78496,1350,unassigned
78497,1367,Astro-Epen
78498,1752,unassigned
78499,1350,unassigned
78500,1751,Astro-Epen
78501,1751,Astro-Epen
78502,1750,Astro-Epen
78503,1753,Astro-Epen
78504,1367,Astro-Epen
78505,1751,Astro-Epen
78506,1350,unassigned
78507,1753,Astro-Epen
78508,1350,unassigned
78509,1753,Astro-Epen
78510,1350,unassigned
78511,1751,Astro-Epen
78512,1751,Astro-Epen
78513,1751,Astro-Epen
78514,1350,unassigned
78515,1752,unassigned
78516,1357,Astro-Epen
78517,1751,Astro-Epen
78518,1350,unassigned
78519,1750,Astro-Epen
78520,1367,Astro-Epen
78521,1350,unassigned
78522,1350,unassigned
78523,1350,unassigned
78524,1350,unassigned
78525,1751,Astro-Epen
78526,1350,unassigned
78527,1350,unassigned
78528,1350,unassigned
78529,1350,unassigned
78530,1350,unassigned
78531,1350,unassigned
78532,1350,unassigned
78533,1367,Astro-Epen
78534,1350,unassigned
78535,1350,unassigned
78536,1755,Immune
78537,1753,Astro-Epen
78538,1350,unassigned
78539,1350,unassigned
78540,1750,Astro-Epen
78541,1751,Astro-Epen
78542,1350,unassigned
78543,1350,unassigned
78544,1750,Astro-Epen
78545,1350,unassigned
78546,1750,Astro-Epen
78547,1357,Astro-Epen
78548,1751,Astro-Epen
78549,1750,Astro-Epen
78550,1750,Astro-Epen
78551,1753,Astro-Epen
78552,1753,Astro-Epen
78553,1350,unassigned
78554,1357,Astro-Epen
78555,1750,Astro-Epen
78556,1350,unassigned
78557,1753,Astro-Epen
78558,1750,Astro-Epen
78559,1350,unassigned
78560,1350,unassigned
78561,1357,Astro-Epen
78562,1367,Astro-Epen
78563,1350,unassigned
78564,1350,unassigned
78565,1350,unassigned
78566,1350,unassigned
78567,1350,unassigned
78568,1751,Astro-Epen
78569,1350,unassigned
78570,1350,unassigned
78571,1350,unassigned
78572,1350,unassigned
78573,1357,Astro-Epen
78574,1750,Astro-Epen
78575,1357,Astro-Epen
78576,1350,unassigned
78577,1750,Astro-Epen
78578,1350,unassigned
78579,1350,unassigned
78580,1750,Astro-Epen
78581,1350,unassigned
78582,1357,Astro-Epen
78583,1753,Astro-Epen
78584,1357,Astro-Epen
78585,1755,Immune
78586,1357,Astro-Epen
78587,1350,unassigned
78588,1350,unassigned
78589,1350,unassigned
78590,1755,Immune
78591,1350,unassigned
78592,1350,unassigned
78593,1350,unassigned
78594,1350,unassigned
78595,1350,unassigned
78596,1350,unassigned
78597,1350,unassigned
78598,1350,unassigned
78599,1367,Astro-Epen
78600,1350,unassigned
78601,1752,unassigned
78602,1350,unassigned
78603,1357,Astro-Epen
78604,1750,Astro-Epen
78605,1753,Astro-Epen
78606,1350,unassigned
78607,1755,Immune
78608,1750,Astro-Epen
78609,1350,unassigned
78610,1350,unassigned
78611,1750,Astro-Epen
78612,1350,unassigned
78613,1350,unassigned
78614,1750,Astro-Epen
78615,1350,unassigned
78616,1350,unassigned
78617,1350,unassigned
78618,1755,Immune
78619,1750,Astro-Epen
78620,1350,unassigned
78621,1753,Astro-Epen
78622,1350,unassigned
78623,1752,unassigned
78624,1750,Astro-Epen
78625,1350,unassigned
78626,1753,Astro-Epen
78627,1350,unassigned
78628,1350,unassigned
78629,1750,Astro-Epen
78630,1350,unassigned
78631,1357,Astro-Epen
78632,1750,Astro-Epen
78633,1750,Astro-Epen
78634,1350,unassigned
78635,1350,unassigned
78636,1350,unassigned
78637,1350,unassigned
78638,1751,Astro-Epen
78639,1357,Astro-Epen
78640,1350,unassigned
78641,1350,unassigned
78642,1350,unassigned
78643,1350,unassigned
78644,1750,Astro-Epen
78645,1350,unassigned
78646,1751,Astro-Epen
78647,1357,Astro-Epen
78648,1350,unassigned
78649,1350,unassigned
78650,1350,unassigned
78651,1350,unassigned
78652,1350,unassigned
78653,1350,unassigned
78654,1350,unassigned
78655,1350,unassigned
78656,1751,Astro-Epen
78657,1350,unassigned
78658,1357,Astro-Epen
78659,1750,Astro-Epen
78660,1350,unassigned
78661,1350,unassigned
78662,1753,Astro-Epen
78663,1755,Immune
78664,1752,unassigned
78665,1752,unassigned
78666,1357,Astro-Epen
78667,1755,Immune
78668,1752,unassigned
78669,1350,unassigned
78670,1350,unassigned
78671,1750,Astro-Epen
78672,1350,unassigned
78673,1350,unassigned
78674,1751,Astro-Epen
78675,1350,unassigned
78676,1350,unassigned
78677,1350,unassigned
78678,1750,Astro-Epen
78679,1750,Astro-Epen
78680,1350,unassigned
78681,1350,unassigned
78682,1750,Astro-Epen
78683,1350,unassigned
78684,1755,Immune
78685,1350,unassigned
78686,1751,Astro-Epen
78687,1750,Astro-Epen
78688,1350,unassigned
78689,1350,unassigned
78690,1755,Immune
78691,1752,unassigned
78692,1350,unassigned
78693,1350,unassigned
78694,1751,Astro-Epen
78695,1755,Immune
78696,1350,unassigned
78697,1750,Astro-Epen
78698,1350,unassigned
78699,1350,unassigned
78700,1755,Immune
78701,1751,Astro-Epen
78702,1350,unassigned
78703,1750,Astro-Epen
78704,1751,Astro-Epen
78705,1750,Astro-Epen
78706,1750,Astro-Epen
78707,1350,unassigned
78708,1350,unassigned
78709,1752,unassigned
78710,1750,Astro-Epen
78711,1357,Astro-Epen
78712,1350,unassigned
78713,1753,Astro-Epen
78714,1350,unassigned
78715,1755,Immune
78716,1755,Immune
78717,1350,unassigned
78718,1755,Immune
78719,1350,unassigned
78720,1350,unassigned
78721,1367,Astro-Epen
78722,1350,unassigned
78723,1350,unassigned
78724,1750,Astro-Epen
78725,1350,unassigned
78726,1750,Astro-Epen
78727,1750,Astro-Epen
78728,1350,unassigned
78729,1750,Astro-Epen
78730,1350,unassigned
78731,1350,unassigned
78732,1753,Astro-Epen
78733,1350,unassigned
78734,1752,unassigned
78735,1350,unassigned
78736,1350,unassigned
78737,1350,unassigned
78738,1750,Astro-Epen
78739,1753,Astro-Epen
78740,1367,Astro-Epen
78741,1350,unassigned
78742,1350,unassigned
78743,1750,Astro-Epen
78744,1751,Astro-Epen
78745,1750,Astro-Epen
78746,1350,unassigned
78747,1751,Astro-Epen
78748,1750,Astro-Epen
78749,1350,unassigned
78750,1751,Astro-Epen
78751,1753,Astro-Epen
78752,1350,unassigned
78753,1751,Astro-Epen
78754,1750,Astro-Epen
78755,1753,Astro-Epen
78756,1753,Astro-Epen
78757,1350,unassigned
78758,1350,unassigned
78759,1350,unassigned
78760,1350,unassigned
78761,1350,unassigned
78762,1350,unassigned
78763,1367,Astro-Epen
78764,1751,Astro-Epen
78765,1350,unassigned
78766,1753,Astro-Epen
78767,1350,unassigned
78768,1753,Astro-Epen
78769,1753,Astro-Epen
78770,1350,unassigned
78771,1350,unassigned
78772,1350,unassigned
78773,1751,Astro-Epen
78774,1350,unassigned
78775,1750,Astro-Epen
78776,1753,Astro-Epen
78777,1350,unassigned
78778,1367,Astro-Epen
78779,1350,unassigned
78780,1350,unassigned
78781,1750,Astro-Epen
78782,1367,Astro-Epen
78783,1350,unassigned
78784,1350,unassigned
78785,1350,unassigned
78786,1350,unassigned
78787,1350,unassigned
78788,1753,Astro-Epen
78789,1350,unassigned
78790,1350,unassigned
78791,1750,Astro-Epen
78792,1350,unassigned
78793,1350,unassigned
78794,1367,Astro-Epen
78795,1751,Astro-Epen
78796,1751,Astro-Epen
78797,1750,Astro-Epen
78798,1350,unassigned
78799,1350,unassigned
78800,1367,Astro-Epen
78801,1350,unassigned
78802,1350,unassigned
78803,1350,unassigned
78804,1367,Astro-Epen
78805,1367,Astro-Epen
78806,1350,unassigned
78807,1350,unassigned
78808,1751,Astro-Epen
78809,1751,Astro-Epen
78810,1750,Astro-Epen
78811,1350,unassigned
78812,1350,unassigned
78813,1350,unassigned
78814,1750,Astro-Epen
78815,1367,Astro-Epen
78816,1350,unassigned
78817,1350,unassigned
78818,1753,Astro-Epen
78819,1753,Astro-Epen
78820,1350,unassigned
78821,1350,unassigned
78822,1367,Astro-Epen
78823,1350,unassigned
78824,1751,Astro-Epen
78825,1360,Astro-Epen
78826,1350,unassigned
78827,1350,unassigned
78828,1750,Astro-Epen
78829,1350,unassigned
78830,1350,unassigned
78831,1750,Astro-Epen
78832,1756,GABA_Neuron
78833,1750,Astro-Epen
78834,1751,Astro-Epen
78835,1360,Astro-Epen
78836,1755,Immune
78837,1755,Immune
78838,1350,unassigned
78839,1367,Astro-Epen
78840,1753,Astro-Epen
78841,1751,Astro-Epen
78842,1350,unassigned
78843,1350,unassigned
78844,1750,Astro-Epen
78845,1350,unassigned
78846,1750,Astro-Epen
78847,1750,Astro-Epen
78848,1751,Astro-Epen
78849,1350,unassigned
78850,1755,Immune
78851,1350,unassigned
78852,1753,Astro-Epen
78853,1750,Astro-Epen
78854,1350,unassigned
78855,1350,unassigned
78856,1751,Astro-Epen
78857,1350,unassigned
78858,1753,Astro-Epen
78859,1751,Astro-Epen
78860,1751,Astro-Epen
78861,1753,Astro-Epen
78862,1350,unassigned
78863,1750,Astro-Epen
78864,1750,Astro-Epen
78865,1350,unassigned
78866,1755,Immune
78867,1350,unassigned
78868,1350,unassigned
78869,1751,Astro-Epen
78870,1755,Immune
78871,1350,unassigned
78872,1751,Astro-Epen
78873,1753,Astro-Epen
78874,1753,Astro-Epen
78875,1350,unassigned
78876,1755,Immune
78877,1751,Astro-Epen
78878,1750,Astro-Epen
78879,1753,Astro-Epen
78880,1350,unassigned
78881,1350,unassigned
78882,1350,unassigned
78883,1755,Immune
78884,1751,Astro-Epen
78885,1750,Astro-Epen
78886,1350,unassigned
78887,1750,Astro-Epen
78888,1350,unassigned
78889,1753,Astro-Epen
78890,1350,unassigned
78891,1750,Astro-Epen
78892,1350,unassigned
78893,1350,unassigned
78894,1751,Astro-Epen
78895,1752,unassigned
78896,1751,Astro-Epen
78897,1750,Astro-Epen
78898,1367,Astro-Epen
78899,1350,unassigned
78900,1755,Immune
78901,1755,Immune
78902,1357,Astro-Epen
78903,1350,unassigned
78904,1350,unassigned
78905,1350,unassigned
78906,1755,Immune
78907,1357,Astro-Epen
78908,1350,unassigned
78909,1350,unassigned
78910,1752,unassigned
78911,1350,unassigned
78912,1755,Immune
78913,1367,Astro-Epen
78914,1752,unassigned
78915,1751,Astro-Epen
78916,1750,Astro-Epen
78917,1350,unassigned
78918,1752,unassigned
78919,1750,Astro-Epen
78920,1357,Astro-Epen
78921,1750,Astro-Epen
78922,1750,Astro-Epen
78923,1350,unassigned
78924,1367,Astro-Epen
78925,1752,unassigned
78926,1367,Astro-Epen
78927,1751,Astro-Epen
78928,1751,Astro-Epen
78929,1350,unassigned
78930,1350,unassigned
78931,1753,Astro-Epen
78932,1350,unassigned
78933,1350,unassigned
78934,1750,Astro-Epen
78935,1350,unassigned
78936,1753,Astro-Epen
78937,1367,Astro-Epen
78938,1350,unassigned
78939,1751,Astro-Epen
78940,1750,Astro-Epen
78941,1750,Astro-Epen
78942,1751,Astro-Epen
78943,1751,Astro-Epen
78944,1751,Astro-Epen
78945,1750,Astro-Epen
78946,1751,Astro-Epen
78947,1755,Immune
78948,1350,unassigned
78949,1350,unassigned
78950,1350,unassigned
78951,1750,Astro-Epen
78952,1751,Astro-Epen
78953,1350,unassigned
78954,1750,Astro-Epen
78955,1750,Astro-Epen
78956,1755,Immune
78957,1755,Immune
78958,1751,Astro-Epen
78959,1750,Astro-Epen
78960,1750,Astro-Epen
78961,1753,Astro-Epen
78962,1750,Astro-Epen
78963,1367,Astro-Epen
78964,1367,Astro-Epen
78965,1751,Astro-Epen
78966,1753,Astro-Epen
78967,1350,unassigned
78968,1350,unassigned
78969,1755,Immune
78970,1367,Astro-Epen
78971,1751,Astro-Epen
78972,1751,Astro-Epen
78973,1350,unassigned
78974,1350,unassigned
78975,1350,unassigned
78976,1350,unassigned
78977,1755,Immune
78978,1350,unassigned
78979,1350,unassigned
78980,1350,unassigned
78981,1756,GABA_Neuron
78982,1755,Immune
78983,1753,Astro-Epen
78984,1350,unassigned
78985,1350,unassigned
78986,1350,unassigned
78987,1751,Astro-Epen
78988,1755,Immune
78989,1350,unassigned
78990,1350,unassigned
78991,1753,Astro-Epen
78992,1350,unassigned
78993,1350,unassigned
78994,1753,Astro-Epen
78995,1750,Astro-Epen
78996,1756,GABA_Neuron
78997,1751,Astro-Epen
78998,1357,Astro-Epen
78999,1350,unassigned
79000,1756,GABA_Neuron
79001,1350,unassigned
79002,1350,unassigned
79003,1350,unassigned
79004,1751,Astro-Epen
79005,1753,Astro-Epen
79006,1755,Immune
79007,1350,unassigned
79008,1751,Astro-Epen
79009,1350,unassigned
79010,1350,unassigned
79011,1357,Astro-Epen
79012,1751,Astro-Epen
79013,1357,Astro-Epen
79014,1350,unassigned
79015,1350,unassigned
79016,1753,Astro-Epen
79017,1350,unassigned
79018,1367,Astro-Epen
79019,1350,unassigned
79020,1751,Astro-Epen
79021,1756,GABA_Neuron
79022,1752,unassigned
79023,1751,Astro-Epen
79024,1350,unassigned
79025,1753,Astro-Epen
79026,1350,unassigned
79027,1350,unassigned
79028,1367,Astro-Epen
79029,1367,Astro-Epen
79030,1750,Astro-Epen
79031,1750,Astro-Epen
79032,1350,unassigned
79033,1350,unassigned
79034,1750,Astro-Epen
79035,1750,Astro-Epen
79036,1350,unassigned
79037,1755,Immune
79038,1755,Immune
79039,1751,Astro-Epen
79040,1350,unassigned
79041,1750,Astro-Epen
79042,1750,Astro-Epen
79043,1350,unassigned
79044,1350,unassigned
79045,1751,Astro-Epen
79046,1751,Astro-Epen
79047,1755,Immune
79048,1350,unassigned
79049,1756,GABA_Neuron
79050,1350,unassigned
79051,1350,unassigned
79052,1750,Astro-Epen
79053,1755,Immune
79054,1367,Astro-Epen
79055,1751,Astro-Epen
79056,1350,unassigned
79057,1350,unassigned
79058,1350,unassigned
79059,1350,unassigned
79060,1350,unassigned
79061,1751,Astro-Epen
79062,1756,GABA_Neuron
79063,1350,unassigned
79064,1751,Astro-Epen
79065,1350,unassigned
79066,1350,unassigned
79067,1367,Astro-Epen
79068,1350,unassigned
79069,1350,unassigned
79070,1756,GABA_Neuron
79071,1751,Astro-Epen
79072,1350,unassigned
79073,1350,unassigned
79074,1756,GABA_Neuron
79075,1751,Astro-Epen
79076,1350,unassigned
79077,1756,GABA_Neuron
79078,1367,Astro-Epen
79079,1367,Astro-Epen
79080,1350,unassigned
79081,1350,unassigned
79082,1751,Astro-Epen
79083,1750,Astro-Epen
79084,1350,unassigned
79085,1350,unassigned
79086,1350,unassigned
79087,1751,Astro-Epen
79088,1750,Astro-Epen
79089,1350,unassigned
79090,1350,unassigned
79091,1753,Astro-Epen
79092,1350,unassigned
79093,1367,Astro-Epen
79094,1350,unassigned
79095,1751,Astro-Epen
79096,1350,unassigned
79097,1350,unassigned
79098,1367,Astro-Epen
79099,1750,Astro-Epen
79100,1750,Astro-Epen
79101,1350,unassigned
79102,1350,unassigned
79103,1367,Astro-Epen
79104,1367,Astro-Epen
79105,1350,unassigned
79106,1750,Astro-Epen
79107,1756,GABA_Neuron
79108,1751,Astro-Epen
79109,1350,unassigned
79110,1751,Astro-Epen
79111,1751,Astro-Epen
79112,1350,unassigned
79113,1757,unassigned
79114,1750,Astro-Epen
79115,1755,Immune
79116,1367,Astro-Epen
79117,1367,Astro-Epen
79118,1751,Astro-Epen
79119,1750,Astro-Epen
79120,1753,Astro-Epen
79121,1367,Astro-Epen
79122,1751,Astro-Epen
79123,1751,Astro-Epen
79124,1350,unassigned
79125,1756,GABA_Neuron
79126,1755,Immune
79127,1350,unassigned
79128,1750,Astro-Epen
79129,1750,Astro-Epen
79130,1753,Astro-Epen
79131,1755,Immune
79132,1367,Astro-Epen
79133,1751,Astro-Epen
79134,1350,unassigned
79135,1350,unassigned
79136,1367,Astro-Epen
79137,1350,unassigned
79138,1360,Astro-Epen
79139,1350,unassigned
79140,1753,Astro-Epen
79141,1750,Astro-Epen
79142,1753,Astro-Epen
79143,1367,Astro-Epen
79144,1750,Astro-Epen
79145,1350,unassigned
79146,1753,Astro-Epen
79147,1367,Astro-Epen
79148,1757,unassigned
79149,1750,Astro-Epen
79150,1750,Astro-Epen
79151,1757,unassigned
79152,1350,unassigned
79153,1756,GABA_Neuron
79154,1350,unassigned
79155,1367,Astro-Epen
79156,1750,Astro-Epen
79157,1350,unassigned
79158,1753,Astro-Epen
79159,1756,GABA_Neuron
79160,1367,Astro-Epen
79161,1350,unassigned
79162,1756,GABA_Neuron
79163,1350,unassigned
79164,1350,unassigned
79165,1350,unassigned
79166,1350,unassigned
79167,1350,unassigned
79168,1750,Astro-Epen
79169,1367,Astro-Epen
79170,1367,Astro-Epen
79171,1367,Astro-Epen
79172,1750,Astro-Epen
79173,1350,unassigned
79174,1753,Astro-Epen
79175,1753,Astro-Epen
79176,1751,Astro-Epen
79177,1350,unassigned
79178,1350,unassigned
79179,1750,Astro-Epen
79180,1755,Immune
79181,1751,Astro-Epen
79182,1350,unassigned
79183,1751,Astro-Epen
79184,1756,GABA_Neuron
79185,1750,Astro-Epen
79186,1750,Astro-Epen
79187,1751,Astro-Epen
79188,1751,Astro-Epen
79189,1751,Astro-Epen
79190,1751,Astro-Epen
79191,1750,Astro-Epen
79192,1751,Astro-Epen
79193,1367,Astro-Epen
79194,1350,unassigned
79195,1367,Astro-Epen
79196,1350,unassigned
79197,1756,GABA_Neuron
79198,1350,unassigned
79199,1350,unassigned
79200,1350,unassigned
79201,1750,Astro-Epen
79202,1756,GABA_Neuron
79203,1750,Astro-Epen
79204,1750,Astro-Epen
79205,1751,Astro-Epen
79206,1756,GABA_Neuron
79207,1350,unassigned
79208,1350,unassigned
79209,1750,Astro-Epen
79210,1350,unassigned
79211,1750,Astro-Epen
79212,1350,unassigned
79213,1350,unassigned
79214,1755,Immune
79215,1367,Astro-Epen
79216,1750,Astro-Epen
79217,1350,unassigned
79218,1755,Immune
79219,1367,Astro-Epen
79220,1756,GABA_Neuron
79221,1350,unassigned
79222,1756,GABA_Neuron
79223,1751,Astro-Epen
79224,1350,unassigned
79225,1750,Astro-Epen
79226,1753,Astro-Epen
79227,1350,unassigned
79228,1750,Astro-Epen
79229,1753,Astro-Epen
79230,1753,Astro-Epen
79231,1755,Immune
79232,1350,unassigned
79233,1350,unassigned
79234,1753,Astro-Epen
79235,1350,unassigned
79236,1753,Astro-Epen
79237,1756,GABA_Neuron
79238,1753,Astro-Epen
79239,1753,Astro-Epen
79240,1753,Astro-Epen
79241,1350,unassigned
79242,1350,unassigned
79243,1350,unassigned
79244,1350,unassigned
79245,1756,GABA_Neuron
79246,1753,Astro-Epen
79247,1350,unassigned
79248,1753,Astro-Epen
79249,1756,GABA_Neuron
79250,1367,Astro-Epen
79251,1350,unassigned
79252,1753,Astro-Epen
79253,1756,GABA_Neuron
79254,1753,Astro-Epen
79255,1756,GABA_Neuron
79256,1350,unassigned
79257,1350,unassigned
79258,1750,Astro-Epen
79259,1753,Astro-Epen
79260,1753,Astro-Epen
79261,1367,Astro-Epen
79262,1751,Astro-Epen
79263,1367,Astro-Epen
79264,1750,Astro-Epen
79265,1750,Astro-Epen
79266,1756,GABA_Neuron
79267,1350,unassigned
79268,1751,Astro-Epen
79269,1350,unassigned
79270,1350,unassigned
79271,1350,unassigned
79272,1753,Astro-Epen
79273,1750,Astro-Epen
79274,1350,unassigned
79275,1753,Astro-Epen
79276,1751,Astro-Epen
79277,1350,unassigned
79278,1350,unassigned
79279,1350,unassigned
79280,1756,GABA_Neuron
79281,1367,Astro-Epen
79282,1350,unassigned
79283,1755,Immune
79284,1756,GABA_Neuron
79285,1367,Astro-Epen
79286,1751,Astro-Epen
79287,1753,Astro-Epen
79288,1756,GABA_Neuron
79289,1367,Astro-Epen
79290,1367,Astro-Epen
79291,1350,unassigned
79292,1753,Astro-Epen
79293,1350,unassigned
79294,1367,Astro-Epen
79295,1751,Astro-Epen
79296,1350,unassigned
79297,1756,GABA_Neuron
79298,1755,Immune
79299,1350,unassigned
79300,1750,Astro-Epen
79301,1350,unassigned
79302,1350,unassigned
79303,1367,Astro-Epen
79304,1367,Astro-Epen
79305,1350,unassigned
79306,1751,Astro-Epen
79307,1751,Astro-Epen
79308,1756,GABA_Neuron
79309,1367,Astro-Epen
79310,1350,unassigned
79311,1360,Astro-Epen
79312,1750,Astro-Epen
79313,1350,unassigned
79314,1350,unassigned
79315,1756,GABA_Neuron
79316,1750,Astro-Epen
79317,1350,unassigned
79318,1755,Immune
79319,1755,Immune
79320,1350,unassigned
79321,1360,Astro-Epen
79322,1750,Astro-Epen
79323,1367,Astro-Epen
79324,1756,GABA_Neuron
79325,1350,unassigned
79326,1350,unassigned
79327,1753,Astro-Epen
79328,1755,Immune
79329,1751,Astro-Epen
79330,1350,unassigned
79331,1350,unassigned
79332,1753,Astro-Epen
79333,1756,GABA_Neuron
79334,1755,Immune
79335,1755,Immune
79336,1367,Astro-Epen
79337,1751,Astro-Epen
79338,1755,Immune
79339,1751,Astro-Epen
79340,1350,unassigned
79341,1367,Astro-Epen
79342,1753,Astro-Epen
79343,1367,Astro-Epen
79344,1751,Astro-Epen
79345,1753,Astro-Epen
79346,1367,Astro-Epen
79347,1750,Astro-Epen
79348,1750,Astro-Epen
79349,1750,Astro-Epen
79350,1755,Immune
79351,1367,Astro-Epen
79352,1367,Astro-Epen
79353,1756,GABA_Neuron
79354,1350,unassigned
79355,1350,unassigned
79356,1755,Immune
79357,1756,GABA_Neuron
79358,1367,Astro-Epen
79359,1367,Astro-Epen
79360,1350,unassigned
79361,1367,Astro-Epen
79362,1751,Astro-Epen
79363,1367,Astro-Epen
79364,1367,Astro-Epen
79365,1350,unassigned
79366,1751,Astro-Epen
79367,1751,Astro-Epen
79368,1753,Astro-Epen
79369,1756,GABA_Neuron
79370,1755,Immune
79371,1756,GABA_Neuron
79372,1367,Astro-Epen
79373,1367,Astro-Epen
79374,1350,unassigned
79375,1756,GABA_Neuron
79376,1755,Immune
79377,1367,Astro-Epen
79378,1367,Astro-Epen
79379,1751,Astro-Epen
79380,1367,Astro-Epen
79381,1751,Astro-Epen
79382,1751,Astro-Epen
79383,1367,Astro-Epen
79384,1367,Astro-Epen
79385,1350,unassigned
79386,1350,unassigned
79387,1751,Astro-Epen
79388,1750,Astro-Epen
79389,1756,GABA_Neuron
79390,1751,Astro-Epen
79391,1751,Astro-Epen
79392,1350,unassigned
79393,1756,GABA_Neuron
79394,1367,Astro-Epen
79395,1751,Astro-Epen
79396,1751,Astro-Epen
79397,1756,GABA_Neuron
79398,1751,Astro-Epen
79399,1350,unassigned
79400,1350,unassigned
79401,1756,GABA_Neuron
79402,1755,Immune
79403,1367,Astro-Epen
79404,1751,Astro-Epen
79405,1367,Astro-Epen
79406,1367,Astro-Epen
79407,1751,Astro-Epen
79408,1367,Astro-Epen
79409,1751,Astro-Epen
79410,1753,Astro-Epen
79411,1751,Astro-Epen
79412,1350,unassigned
79413,1350,unassigned
79414,1350,unassigned
79415,1755,Immune
79416,1367,Astro-Epen
79417,1350,unassigned
79418,1750,Astro-Epen
79419,1751,Astro-Epen
79420,1751,Astro-Epen
79421,1750,Astro-Epen
79422,1755,Immune
79423,1350,unassigned
79424,1350,unassigned
79425,1753,Astro-Epen
79426,1750,Astro-Epen
79427,1753,Astro-Epen
79428,1367,Astro-Epen
79429,1751,Astro-Epen
79430,1350,unassigned
79431,1753,Astro-Epen
79432,1755,Immune
79433,1367,Astro-Epen
79434,1350,unassigned
79435,1367,Astro-Epen
79436,1755,Immune
79437,1350,unassigned
79438,1350,unassigned
79439,1755,Immune
79440,1350,unassigned
79441,1367,Astro-Epen
79442,1751,Astro-Epen
79443,1751,Astro-Epen
79444,1756,GABA_Neuron
79445,1751,Astro-Epen
79446,1350,unassigned
79447,1751,Astro-Epen
79448,1350,unassigned
79449,1750,Astro-Epen
79450,1753,Astro-Epen
79451,1755,Immune
79452,1367,Astro-Epen
79453,1750,Astro-Epen
79454,1755,Immune
79455,1367,Astro-Epen
79456,1751,Astro-Epen
79457,1751,Astro-Epen
79458,1750,Astro-Epen
79459,1751,Astro-Epen
79460,1751,Astro-Epen
79461,1350,unassigned
79462,1751,Astro-Epen
79463,1350,unassigned
79464,1751,Astro-Epen
79465,1750,Astro-Epen
79466,1350,unassigned
79467,1350,unassigned
79468,1755,Immune
79469,1367,Astro-Epen
79470,1751,Astro-Epen
79471,1367,Astro-Epen
79472,1350,unassigned
79473,1755,Immune
79474,1756,GABA_Neuron
79475,1367,Astro-Epen
79476,1751,Astro-Epen
79477,1350,unassigned
79478,1755,Immune
79479,1367,Astro-Epen
79480,1758,unassigned
79481,1756,GABA_Neuron
79482,1350,unassigned
79483,1367,Astro-Epen
79484,1751,Astro-Epen
79485,1751,Astro-Epen
79486,1751,Astro-Epen
79487,1350,unassigned
79488,1367,Astro-Epen
79489,1751,Astro-Epen
79490,1756,GABA_Neuron
79491,1367,Astro-Epen
79492,1756,GABA_Neuron
79493,1350,unassigned
79494,1750,Astro-Epen
79495,1350,unassigned
79496,1751,Astro-Epen
79497,1750,Astro-Epen
79498,1350,unassigned
79499,1350,unassigned
79500,1755,Immune
79501,1756,GABA_Neuron
79502,1367,Astro-Epen
79503,1751,Astro-Epen
79504,1751,Astro-Epen
79505,1350,unassigned
79506,1751,Astro-Epen
79507,1751,Astro-Epen
79508,1350,unassigned
79509,1756,GABA_Neuron
79510,1350,unassigned
79511,1751,Astro-Epen
79512,1750,Astro-Epen
79513,1350,unassigned
79514,1755,Immune
79515,1367,Astro-Epen
79516,1350,unassigned
79517,1750,Astro-Epen
79518,1350,unassigned
79519,1756,GABA_Neuron
79520,1755,Immune
79521,1753,Astro-Epen
79522,1350,unassigned
79523,1756,GABA_Neuron
79524,1751,Astro-Epen
79525,1350,unassigned
79526,1367,Astro-Epen
79527,1750,Astro-Epen
79528,1755,Immune
79529,1751,Astro-Epen
79530,1756,GABA_Neuron
79531,1750,Astro-Epen
79532,1395,Astro-Epen
79533,1751,Astro-Epen
79534,1350,unassigned
79535,1756,GABA_Neuron
79536,1350,unassigned
79537,1350,unassigned
79538,1756,GABA_Neuron
79539,1350,unassigned
79540,1756,GABA_Neuron
79541,1755,Immune
79542,1750,Astro-Epen
79543,1756,GABA_Neuron
79544,1350,unassigned
79545,1756,GABA_Neuron
79546,1350,unassigned
79547,1756,GABA_Neuron
79548,1750,Astro-Epen
79549,1756,GABA_Neuron
79550,1350,unassigned
79551,1350,unassigned
79552,1751,Astro-Epen
79553,1751,Astro-Epen
79554,1750,Astro-Epen
79555,1350,unassigned
79556,1756,GABA_Neuron
79557,1350,unassigned
79558,1367,Astro-Epen
79559,1751,Astro-Epen
79560,1350,unassigned
79561,1350,unassigned
79562,1350,unassigned
79563,1350,unassigned
79564,1751,Astro-Epen
79565,1751,Astro-Epen
79566,1751,Astro-Epen
79567,1350,unassigned
79568,1756,GABA_Neuron
79569,1367,Astro-Epen
79570,1350,unassigned
79571,1367,Astro-Epen
79572,1350,unassigned
79573,1367,Astro-Epen
79574,1350,unassigned
79575,1751,Astro-Epen
79576,1756,GABA_Neuron
79577,1350,unassigned
79578,1756,GABA_Neuron
79579,1350,unassigned
79580,1350,unassigned
79581,1751,Astro-Epen
79582,1751,Astro-Epen
79583,1751,Astro-Epen
79584,1756,GABA_Neuron
79585,1756,GABA_Neuron
79586,1755,Immune
79587,1367,Astro-Epen
79588,1751,Astro-Epen
79589,1751,Astro-Epen
79590,1350,unassigned
79591,1756,GABA_Neuron
79592,1350,unassigned
79593,1350,unassigned
79594,1751,Astro-Epen
79595,1751,Astro-Epen
79596,1350,unassigned
79597,1756,GABA_Neuron
79598,1350,unassigned
79599,1751,Astro-Epen
79600,1751,Astro-Epen
79601,1350,unassigned
79602,1756,GABA_Neuron
79603,1751,Astro-Epen
79604,1750,Astro-Epen
79605,1756,GABA_Neuron
79606,1751,Astro-Epen
79607,1759,unassigned
79608,1756,GABA_Neuron
79609,1350,unassigned
79610,1755,Immune
79611,1756,GABA_Neuron
79612,1350,unassigned
79613,1350,unassigned
79614,1350,unassigned
79615,1760,Astro-Epen
79616,1350,unassigned
79617,1756,GABA_Neuron
79618,1350,unassigned
79619,1751,Astro-Epen
79620,1367,Astro-Epen
79621,1751,Astro-Epen
79622,1367,Astro-Epen
79623,1751,Astro-Epen
79624,1350,unassigned
79625,1756,GABA_Neuron
79626,1350,unassigned
79627,1759,unassigned
79628,1751,Astro-Epen
79629,1761,unassigned
79630,1350,unassigned
79631,1350,unassigned
79632,1750,Astro-Epen
79633,1350,unassigned
79634,1350,unassigned
79635,1350,unassigned
79636,1367,Astro-Epen
79637,1751,Astro-Epen
79638,1756,GABA_Neuron
79639,1350,unassigned
79640,1367,Astro-Epen
79641,1367,Astro-Epen
79642,1755,Immune
79643,1367,Astro-Epen
79644,1367,Astro-Epen
79645,1367,Astro-Epen
79646,1751,Astro-Epen
79647,1350,unassigned
79648,1350,unassigned
79649,1751,Astro-Epen
79650,1350,unassigned
79651,1350,unassigned
79652,1350,unassigned
79653,1350,unassigned
79654,1350,unassigned
79655,1755,Immune
79656,1350,unassigned
79657,1750,Astro-Epen
79658,1756,GABA_Neuron
79659,1350,unassigned
79660,1755,Immune
79661,1350,unassigned
79662,1761,unassigned
79663,1367,Astro-Epen
79664,1751,Astro-Epen
79665,1350,unassigned
79666,1367,Astro-Epen
79667,1350,unassigned
79668,1751,Astro-Epen
79669,1350,unassigned
79670,1367,Astro-Epen
79671,1350,unassigned
79672,1756,GABA_Neuron
79673,1350,unassigned
79674,1350,unassigned
79675,1350,unassigned
79676,1350,unassigned
79677,1350,unassigned
79678,1751,Astro-Epen
79679,1756,GABA_Neuron
79680,1756,GABA_Neuron
79681,1350,unassigned
79682,1350,unassigned
79683,1756,GABA_Neuron
79684,1350,unassigned
79685,1350,unassigned
79686,1350,unassigned
79687,1367,Astro-Epen
79688,1350,unassigned
79689,1350,unassigned
79690,1367,Astro-Epen
79691,1350,unassigned
79692,1756,GABA_Neuron
79693,1350,unassigned
79694,1350,unassigned
79695,1350,unassigned
79696,1756,GABA_Neuron
79697,1756,GABA_Neuron
79698,1367,Astro-Epen
79699,1350,unassigned
79700,1756,GABA_Neuron
79701,1350,unassigned
79702,1756,GABA_Neuron
79703,1350,unassigned
79704,1350,unassigned
79705,1350,unassigned
79706,1350,unassigned
79707,1760,Astro-Epen
79708,1751,Astro-Epen
79709,1350,unassigned
79710,1350,unassigned
79711,1756,GABA_Neuron
79712,1350,unassigned
79713,1350,unassigned
79714,1350,unassigned
79715,1350,unassigned
79716,1350,unassigned
79717,1350,unassigned
79718,1350,unassigned
79719,1350,unassigned
79720,1350,unassigned
79721,1751,Astro-Epen
79722,1350,unassigned
79723,1367,Astro-Epen
79724,1350,unassigned
79725,1350,unassigned
79726,1395,Astro-Epen
79727,1350,unassigned
79728,1367,Astro-Epen
79729,1751,Astro-Epen
79730,1350,unassigned
79731,1350,unassigned
79732,1350,unassigned
79733,1350,unassigned
79734,1350,unassigned
79735,1350,unassigned
79736,1367,Astro-Epen
79737,1756,GABA_Neuron
79738,1350,unassigned
79739,1751,Astro-Epen
79740,1756,GABA_Neuron
79741,1751,Astro-Epen
79742,1350,unassigned
79743,1367,Astro-Epen
79744,1367,Astro-Epen
79745,1350,unassigned
79746,1350,unassigned
79747,1751,Astro-Epen
79748,1756,GABA_Neuron
79749,1756,GABA_Neuron
79750,1350,unassigned
79751,1350,unassigned
79752,1751,Astro-Epen
79753,1350,unassigned
79754,1350,unassigned
79755,1367,Astro-Epen
79756,1751,Astro-Epen
79757,1395,Astro-Epen
79758,1350,unassigned
79759,1350,unassigned
79760,1751,Astro-Epen
79761,1756,GABA_Neuron
79762,1367,Astro-Epen
79763,1367,Astro-Epen
79764,1350,unassigned
79765,1350,unassigned
79766,1350,unassigned
79767,1350,unassigned
79768,1367,Astro-Epen
79769,1350,unassigned
79770,1367,Astro-Epen
79771,1751,Astro-Epen
79772,1350,unassigned
79773,1350,unassigned
79774,1350,unassigned
79775,1367,Astro-Epen
79776,1367,Astro-Epen
79777,1367,Astro-Epen
79778,1350,unassigned
79779,1350,unassigned
79780,1350,unassigned
79781,1350,unassigned
79782,1350,unassigned
79783,1350,unassigned
79784,1367,Astro-Epen
79785,1367,Astro-Epen
79786,1350,unassigned
79787,1350,unassigned
79788,1756,GABA_Neuron
79789,1350,unassigned
79790,1350,unassigned
79791,1350,unassigned
79792,1751,Astro-Epen
79793,1751,Astro-Epen
79794,1350,unassigned
79795,1350,unassigned
79796,1367,Astro-Epen
79797,1756,GABA_Neuron
79798,1756,GABA_Neuron
79799,1367,Astro-Epen
79800,1350,unassigned
79801,1350,unassigned
79802,1751,Astro-Epen
79803,1395,Astro-Epen
79804,1350,unassigned
79805,1350,unassigned
79806,1751,Astro-Epen
79807,1350,unassigned
79808,1367,Astro-Epen
79809,1350,unassigned
79810,1350,unassigned
79811,1350,unassigned
79812,1350,unassigned
79813,1350,unassigned
79814,1756,GABA_Neuron
79815,1350,unassigned
79816,1367,Astro-Epen
79817,1350,unassigned
79818,1350,unassigned
79819,1350,unassigned
79820,1751,Astro-Epen
79821,1350,unassigned
79822,1350,unassigned
79823,1756,GABA_Neuron
79824,1350,unassigned
79825,1751,Astro-Epen
79826,1751,Astro-Epen
79827,1751,Astro-Epen
79828,1350,unassigned
79829,1350,unassigned
79830,1350,unassigned
79831,1350,unassigned
79832,1751,Astro-Epen
79833,1350,unassigned
79834,1350,unassigned
79835,1350,unassigned
79836,1751,Astro-Epen
79837,1751,Astro-Epen
79838,1350,unassigned
79839,1350,unassigned
79840,1350,unassigned
79841,1350,unassigned
79842,1350,unassigned
79843,1350,unassigned
79844,1350,unassigned
79845,1350,unassigned
79846,1350,unassigned
79847,1751,Astro-Epen
79848,1350,unassigned
79849,1350,unassigned
79850,1751,Astro-Epen
79851,1751,Astro-Epen
79852,1751,Astro-Epen
79853,1751,Astro-Epen
79854,1751,Astro-Epen
79855,1350,unassigned
79856,1350,unassigned
79857,1350,unassigned
79858,1751,Astro-Epen
79859,1350,unassigned
79860,1350,unassigned
79861,1350,unassigned
79862,1350,unassigned
79863,1350,unassigned
79864,1350,unassigned
79865,1350,unassigned
79866,1350,unassigned
79867,1751,Astro-Epen
79868,1350,unassigned
79869,1350,unassigned
79870,1350,unassigned
79871,1751,Astro-Epen
79872,1751,Astro-Epen
79873,1751,Astro-Epen
79874,1751,Astro-Epen
79875,1350,unassigned
79876,1350,unassigned
79877,1350,unassigned
79878,1751,Astro-Epen
79879,1367,Astro-Epen
79880,1751,Astro-Epen
79881,1350,unassigned
79882,1350,unassigned
79883,1756,GABA_Neuron
79884,1350,unassigned
79885,1756,GABA_Neuron
79886,1756,GABA_Neuron
79887,1760,Astro-Epen
79888,1367,Astro-Epen
79889,1350,unassigned
79890,1350,unassigned
79891,1350,unassigned
79892,1350,unassigned
79893,1367,Astro-Epen
79894,1367,Astro-Epen
79895,1350,unassigned
79896,1350,unassigned
79897,1751,Astro-Epen
79898,1350,unassigned
79899,1350,unassigned
79900,1760,Astro-Epen
79901,1760,Astro-Epen
79902,1350,unassigned
79903,1760,Astro-Epen
79904,1756,GABA_Neuron
79905,1350,unassigned
79906,1350,unassigned
79907,1350,unassigned
79908,1367,Astro-Epen
79909,1350,unassigned
79910,1350,unassigned
79911,1350,unassigned
79912,1350,unassigned
79913,1350,unassigned
79914,1350,unassigned
79915,1350,unassigned
79916,1756,GABA_Neuron
79917,1395,Astro-Epen
79918,1760,Astro-Epen
79919,1367,Astro-Epen
79920,1760,Astro-Epen
79921,1367,Astro-Epen
79922,1751,Astro-Epen
79923,1760,Astro-Epen
79924,1350,unassigned
79925,1760,Astro-Epen
79926,1751,Astro-Epen
79927,1350,unassigned
79928,1751,Astro-Epen
79929,1350,unassigned
79930,1367,Astro-Epen
79931,1751,Astro-Epen
79932,1367,Astro-Epen
79933,1350,unassigned
79934,1350,unassigned
79935,1350,unassigned
79936,1367,Astro-Epen
79937,1350,unassigned
79938,1350,unassigned
79939,1350,unassigned
79940,1367,Astro-Epen
79941,1760,Astro-Epen
79942,1760,Astro-Epen
79943,1404,unassigned
79944,1404,unassigned
79945,1404,unassigned
79946,1404,unassigned
79947,1404,unassigned
79948,1404,unassigned
79949,1404,unassigned
79950,1404,unassigned
79951,1404,unassigned
79952,1404,unassigned
79953,1404,unassigned
79954,1404,unassigned
79955,1404,unassigned
79956,1404,unassigned
79957,1404,unassigned
79958,1404,unassigned
79959,1404,unassigned
79960,1404,unassigned
79961,1404,unassigned
79962,1404,unassigned
79963,1404,unassigned
79964,1404,unassigned
79965,1404,unassigned
79966,1404,unassigned
79967,1404,unassigned
79968,1404,unassigned
79969,1404,unassigned
79970,1404,unassigned
79971,1404,unassigned
79972,1404,unassigned
79973,1404,unassigned
79974,1404,unassigned
79975,1404,unassigned
79976,1404,unassigned
79977,1404,unassigned
79978,1404,unassigned
79979,1404,unassigned
79980,1404,unassigned
79981,1404,unassigned
79982,1404,unassigned
79983,1404,unassigned
79984,1404,unassigned
79985,1404,unassigned
79986,1404,unassigned
79987,1404,unassigned
79988,1404,unassigned
79989,1404,unassigned
79990,1404,unassigned
79991,1404,unassigned
79992,1404,unassigned
79993,1404,unassigned
79994,1404,unassigned
79995,1404,unassigned
79996,1404,unassigned
79997,1404,unassigned
79998,1404,unassigned
79999,1404,unassigned
80000,1404,unassigned
80001,1404,unassigned
80002,1404,unassigned
80003,1404,unassigned
80004,1404,unassigned
80005,1762,Excitatory_Neuron
80006,1763,unassigned
80007,1404,unassigned
80008,1404,unassigned
80009,1404,unassigned
80010,1404,unassigned
80011,1404,unassigned
80012,1404,unassigned
80013,1404,unassigned
80014,1404,unassigned
80015,1764,Excitatory_Neuron
80016,1404,unassigned
80017,1404,unassigned
80018,1404,unassigned
80019,1404,unassigned
80020,1404,unassigned
80021,1404,unassigned
80022,1404,unassigned
80023,1404,unassigned
80024,1404,unassigned
80025,1404,unassigned
80026,1404,unassigned
80027,1404,unassigned
80028,1762,Excitatory_Neuron
80029,1762,Excitatory_Neuron
80030,1763,unassigned
80031,1404,unassigned
80032,1762,Excitatory_Neuron
80033,1404,unassigned
80034,1404,unassigned
80035,1765,Excitatory_Neuron
80036,1404,unassigned
80037,1404,unassigned
80038,1404,unassigned
80039,1404,unassigned
80040,1404,unassigned
80041,1404,unassigned
80042,1404,unassigned
80043,1766,unassigned
80044,1404,unassigned
80045,1404,unassigned
80046,1404,unassigned
80047,1404,unassigned
80048,1404,unassigned
80049,1404,unassigned
80050,1404,unassigned
80051,1404,unassigned
80052,1404,unassigned
80053,1404,unassigned
80054,1404,unassigned
80055,1404,unassigned
80056,1404,unassigned
80057,1404,unassigned
80058,1404,unassigned
80059,1404,unassigned
80060,1404,unassigned
80061,1404,unassigned
80062,1404,unassigned
80063,1767,Excitatory_Neuron
80064,1404,unassigned
80065,1404,unassigned
80066,1404,unassigned
80067,1404,unassigned
80068,1404,unassigned
80069,1404,unassigned
80070,1404,unassigned
80071,1404,unassigned
80072,1404,unassigned
80073,1404,unassigned
80074,1404,unassigned
80075,1404,unassigned
80076,1404,unassigned
80077,1404,unassigned
80078,1404,unassigned
80079,1404,unassigned
80080,1404,unassigned
80081,1404,unassigned
80082,1404,unassigned
80083,1404,unassigned
80084,1404,unassigned
80085,1404,unassigned
80086,1404,unassigned
80087,1404,unassigned
80088,1404,unassigned
80089,1404,unassigned
80090,1404,unassigned
80091,1404,unassigned
80092,1404,unassigned
80093,1404,unassigned
80094,1404,unassigned
80095,1404,unassigned
80096,1768,unassigned
80097,1764,Excitatory_Neuron
80098,1404,unassigned
80099,1404,unassigned
80100,1404,unassigned
80101,1764,Excitatory_Neuron
80102,1764,Excitatory_Neuron
80103,1404,unassigned
80104,1404,unassigned
80105,1404,unassigned
80106,1404,unassigned
80107,1404,unassigned
80108,1404,unassigned
80109,1404,unassigned
80110,1404,unassigned
80111,1404,unassigned
80112,1404,unassigned
80113,1404,unassigned
80114,1404,unassigned
80115,1404,unassigned
80116,1404,unassigned
80117,1404,unassigned
80118,1404,unassigned
80119,1404,unassigned
80120,1768,unassigned
80121,1404,unassigned
80122,1404,unassigned
80123,1404,unassigned
80124,1404,unassigned
80125,1404,unassigned
80126,1404,unassigned
80127,1404,unassigned
80128,1404,unassigned
80129,1404,unassigned
80130,1404,unassigned
80131,1762,Excitatory_Neuron
80132,1404,unassigned
80133,1404,unassigned
80134,1767,Excitatory_Neuron
80135,1404,unassigned
80136,1404,unassigned
80137,1764,Excitatory_Neuron
80138,1764,Excitatory_Neuron
80139,1404,unassigned
80140,1404,unassigned
80141,1404,unassigned
80142,1404,unassigned
80143,1404,unassigned
80144,1404,unassigned
80145,1404,unassigned
80146,1404,unassigned
80147,1404,unassigned
80148,1404,unassigned
80149,1404,unassigned
80150,1404,unassigned
80151,1404,unassigned
80152,1404,unassigned
80153,1404,unassigned
80154,1404,unassigned
80155,1404,unassigned
80156,1404,unassigned
80157,1404,unassigned
80158,1404,unassigned
80159,1404,unassigned
80160,1404,unassigned
80161,1404,unassigned
80162,1404,unassigned
80163,1404,unassigned
80164,1404,unassigned
80165,1764,Excitatory_Neuron
80166,1404,unassigned
80167,1404,unassigned
80168,1404,unassigned
80169,1404,unassigned
80170,1404,unassigned
80171,1404,unassigned
80172,1404,unassigned
80173,1404,unassigned
80174,1404,unassigned
80175,1404,unassigned
80176,1404,unassigned
80177,1404,unassigned
80178,1404,unassigned
80179,1404,unassigned
80180,1404,unassigned
80181,1404,unassigned
80182,1404,unassigned
80183,1404,unassigned
80184,1404,unassigned
80185,1404,unassigned
80186,1404,unassigned
80187,1404,unassigned
80188,1404,unassigned
80189,1763,unassigned
80190,1404,unassigned
80191,1404,unassigned
80192,1404,unassigned
80193,1404,unassigned
80194,1404,unassigned
80195,1404,unassigned
80196,1768,unassigned
80197,1764,Excitatory_Neuron
80198,1764,Excitatory_Neuron
80199,1404,unassigned
80200,1404,unassigned
80201,1404,unassigned
80202,1404,unassigned
80203,1404,unassigned
80204,1404,unassigned
80205,1404,unassigned
80206,1762,Excitatory_Neuron
80207,1404,unassigned
80208,1404,unassigned
80209,1404,unassigned
80210,1404,unassigned
80211,1765,Excitatory_Neuron
80212,1404,unassigned
80213,1404,unassigned
80214,1404,unassigned
80215,1404,unassigned
80216,1404,unassigned
80217,1404,unassigned
80218,1768,unassigned
80219,1404,unassigned
80220,1404,unassigned
80221,1404,unassigned
80222,1404,unassigned
80223,1404,unassigned
80224,1404,unassigned
80225,1404,unassigned
80226,1404,unassigned
80227,1404,unassigned
80228,1404,unassigned
80229,1404,unassigned
80230,1404,unassigned
80231,1404,unassigned
80232,1404,unassigned
80233,1404,unassigned
80234,1404,unassigned
80235,1769,unassigned
80236,1404,unassigned
80237,1404,unassigned
80238,1404,unassigned
80239,1404,unassigned
80240,1404,unassigned
80241,1404,unassigned
80242,1404,unassigned
80243,1404,unassigned
80244,1404,unassigned
80245,1404,unassigned
80246,1404,unassigned
80247,1404,unassigned
80248,1404,unassigned
80249,1404,unassigned
80250,1404,unassigned
80251,1404,unassigned
80252,1404,unassigned
80253,1404,unassigned
80254,1767,Excitatory_Neuron
80255,1404,unassigned
80256,1404,unassigned
80257,1404,unassigned
80258,1404,unassigned
80259,1764,Excitatory_Neuron
80260,1404,unassigned
80261,1404,unassigned
80262,1404,unassigned
80263,1404,unassigned
80264,1404,unassigned
80265,1404,unassigned
80266,1404,unassigned
80267,1404,unassigned
80268,1404,unassigned
80269,1404,unassigned
80270,1404,unassigned
80271,1404,unassigned
80272,1404,unassigned
80273,1404,unassigned
80274,1767,Excitatory_Neuron
80275,1404,unassigned
80276,1404,unassigned
80277,1404,unassigned
80278,1404,unassigned
80279,1404,unassigned
80280,1404,unassigned
80281,1404,unassigned
80282,1404,unassigned
80283,1404,unassigned
80284,1763,unassigned
80285,1404,unassigned
80286,1404,unassigned
80287,1404,unassigned
80288,1404,unassigned
80289,1404,unassigned
80290,1404,unassigned
80291,1404,unassigned
80292,1404,unassigned
80293,1404,unassigned
80294,1404,unassigned
80295,1404,unassigned
80296,1404,unassigned
80297,1404,unassigned
80298,1404,unassigned
80299,1404,unassigned
80300,1404,unassigned
80301,1404,unassigned
80302,1404,unassigned
80303,1404,unassigned
80304,1765,Excitatory_Neuron
80305,1404,unassigned
80306,1404,unassigned
80307,1404,unassigned
80308,1404,unassigned
80309,1404,unassigned
80310,1770,unassigned
80311,1404,unassigned
80312,1404,unassigned
80313,1768,unassigned
80314,1404,unassigned
80315,1404,unassigned
80316,1404,unassigned
80317,1762,Excitatory_Neuron
80318,1404,unassigned
80319,1404,unassigned
80320,1404,unassigned
80321,1404,unassigned
80322,1404,unassigned
80323,1404,unassigned
80324,1404,unassigned
80325,1771,unassigned
80326,1404,unassigned
80327,1406,Excitatory_Neuron
80328,1404,unassigned
80329,1404,unassigned
80330,1768,unassigned
80331,1404,unassigned
80332,1772,Excitatory_Neuron
80333,1404,unassigned
80334,1404,unassigned
80335,1404,unassigned
80336,1404,unassigned
80337,1404,unassigned
80338,1404,unassigned
80339,1404,unassigned
80340,1404,unassigned
80341,1404,unassigned
80342,1404,unassigned
80343,1404,unassigned
80344,1404,unassigned
80345,1772,Excitatory_Neuron
80346,1404,unassigned
80347,1762,Excitatory_Neuron
80348,1773,Excitatory_Neuron
80349,1404,unassigned
80350,1404,unassigned
80351,1404,unassigned
80352,1404,unassigned
80353,1404,unassigned
80354,1404,unassigned
80355,1769,unassigned
80356,1404,unassigned
80357,1404,unassigned
80358,1404,unassigned
80359,1404,unassigned
80360,1404,unassigned
80361,1404,unassigned
80362,1404,unassigned
80363,1404,unassigned
80364,1404,unassigned
80365,1404,unassigned
80366,1404,unassigned
80367,1404,unassigned
80368,1404,unassigned
80369,1404,unassigned
80370,1404,unassigned
80371,1404,unassigned
80372,1404,unassigned
80373,1404,unassigned
80374,1765,Excitatory_Neuron
80375,1404,unassigned
80376,1404,unassigned
80377,1404,unassigned
80378,1404,unassigned
80379,1406,Excitatory_Neuron
80380,1764,Excitatory_Neuron
80381,1404,unassigned
80382,1404,unassigned
80383,1764,Excitatory_Neuron
80384,1404,unassigned
80385,1404,unassigned
80386,1404,unassigned
80387,1404,unassigned
80388,1404,unassigned
80389,1404,unassigned
80390,1404,unassigned
80391,1773,Excitatory_Neuron
80392,1404,unassigned
80393,1404,unassigned
80394,1404,unassigned
80395,1404,unassigned
80396,1404,unassigned
80397,1404,unassigned
80398,1404,unassigned
80399,1404,unassigned
80400,1404,unassigned
80401,1404,unassigned
80402,1404,unassigned
80403,1404,unassigned
80404,1404,unassigned
80405,1404,unassigned
80406,1404,unassigned
80407,1404,unassigned
80408,1765,Excitatory_Neuron
80409,1762,Excitatory_Neuron
80410,1404,unassigned
80411,1404,unassigned
80412,1404,unassigned
80413,1404,unassigned
80414,1764,Excitatory_Neuron
80415,1764,Excitatory_Neuron
80416,1404,unassigned
80417,1404,unassigned
80418,1404,unassigned
80419,1404,unassigned
80420,1404,unassigned
80421,1404,unassigned
80422,1404,unassigned
80423,1404,unassigned
80424,1404,unassigned
80425,1404,unassigned
80426,1404,unassigned
80427,1404,unassigned
80428,1404,unassigned
80429,1404,unassigned
80430,1404,unassigned
80431,1404,unassigned
80432,1404,unassigned
80433,1765,Excitatory_Neuron
80434,1404,unassigned
80435,1404,unassigned
80436,1404,unassigned
80437,1404,unassigned
80438,1404,unassigned
80439,1404,unassigned
80440,1404,unassigned
80441,1404,unassigned
80442,1404,unassigned
80443,1404,unassigned
80444,1764,Excitatory_Neuron
80445,1404,unassigned
80446,1772,Excitatory_Neuron
80447,1404,unassigned
80448,1404,unassigned
80449,1404,unassigned
80450,1404,unassigned
80451,1404,unassigned
80452,1404,unassigned
80453,1404,unassigned
80454,1404,unassigned
80455,1404,unassigned
80456,1404,unassigned
80457,1404,unassigned
80458,1773,Excitatory_Neuron
80459,1404,unassigned
80460,1762,Excitatory_Neuron
80461,1404,unassigned
80462,1404,unassigned
80463,1404,unassigned
80464,1404,unassigned
80465,1763,unassigned
80466,1404,unassigned
80467,1765,Excitatory_Neuron
80468,1404,unassigned
80469,1404,unassigned
80470,1769,unassigned
80471,1404,unassigned
80472,1404,unassigned
80473,1404,unassigned
80474,1404,unassigned
80475,1404,unassigned
80476,1404,unassigned
80477,1404,unassigned
80478,1404,unassigned
80479,1404,unassigned
80480,1404,unassigned
80481,1404,unassigned
80482,1404,unassigned
80483,1404,unassigned
80484,1404,unassigned
80485,1404,unassigned
80486,1404,unassigned
80487,1404,unassigned
80488,1404,unassigned
80489,1404,unassigned
80490,1404,unassigned
80491,1404,unassigned
80492,1768,unassigned
80493,1764,Excitatory_Neuron
80494,1404,unassigned
80495,1772,Excitatory_Neuron
80496,1772,Excitatory_Neuron
80497,1772,Excitatory_Neuron
80498,1404,unassigned
80499,1404,unassigned
80500,1404,unassigned
80501,1404,unassigned
80502,1404,unassigned
80503,1404,unassigned
80504,1404,unassigned
80505,1773,Excitatory_Neuron
80506,1762,Excitatory_Neuron
80507,1404,unassigned
80508,1404,unassigned
80509,1404,unassigned
80510,1404,unassigned
80511,1404,unassigned
80512,1404,unassigned
80513,1404,unassigned
80514,1404,unassigned
80515,1404,unassigned
80516,1404,unassigned
80517,1404,unassigned
80518,1404,unassigned
80519,1404,unassigned
80520,1762,Excitatory_Neuron
80521,1404,unassigned
80522,1404,unassigned
80523,1404,unassigned
80524,1767,Excitatory_Neuron
80525,1404,unassigned
80526,1404,unassigned
80527,1404,unassigned
80528,1404,unassigned
80529,1404,unassigned
80530,1404,unassigned
80531,1764,Excitatory_Neuron
80532,1404,unassigned
80533,1404,unassigned
80534,1404,unassigned
80535,1404,unassigned
80536,1404,unassigned
80537,1404,unassigned
80538,1404,unassigned
80539,1404,unassigned
80540,1762,Excitatory_Neuron
80541,1404,unassigned
80542,1404,unassigned
80543,1404,unassigned
80544,1404,unassigned
80545,1404,unassigned
80546,1404,unassigned
80547,1404,unassigned
80548,1404,unassigned
80549,1404,unassigned
80550,1404,unassigned
80551,1404,unassigned
80552,1404,unassigned
80553,1404,unassigned
80554,1404,unassigned
80555,1404,unassigned
80556,1404,unassigned
80557,1404,unassigned
80558,1404,unassigned
80559,1404,unassigned
80560,1767,Excitatory_Neuron
80561,1404,unassigned
80562,1406,Excitatory_Neuron
80563,1404,unassigned
80564,1406,Excitatory_Neuron
80565,1404,unassigned
80566,1404,unassigned
80567,1774,unassigned
80568,1404,unassigned
80569,1404,unassigned
80570,1404,unassigned
80571,1404,unassigned
80572,1404,unassigned
80573,1404,unassigned
80574,1404,unassigned
80575,1765,Excitatory_Neuron
80576,1404,unassigned
80577,1766,unassigned
80578,1769,unassigned
80579,1404,unassigned
80580,1404,unassigned
80581,1404,unassigned
80582,1764,Excitatory_Neuron
80583,1404,unassigned
80584,1404,unassigned
80585,1404,unassigned
80586,1404,unassigned
80587,1404,unassigned
80588,1404,unassigned
80589,1404,unassigned
80590,1404,unassigned
80591,1404,unassigned
80592,1404,unassigned
80593,1404,unassigned
80594,1765,Excitatory_Neuron
80595,1766,unassigned
80596,1404,unassigned
80597,1404,unassigned
80598,1404,unassigned
80599,1404,unassigned
80600,1404,unassigned
80601,1404,unassigned
80602,1404,unassigned
80603,1404,unassigned
80604,1404,unassigned
80605,1404,unassigned
80606,1404,unassigned
80607,1404,unassigned
80608,1762,Excitatory_Neuron
80609,1763,unassigned
80610,1404,unassigned
80611,1404,unassigned
80612,1404,unassigned
80613,1404,unassigned
80614,1767,Excitatory_Neuron
80615,1767,Excitatory_Neuron
80616,1406,Excitatory_Neuron
80617,1404,unassigned
80618,1404,unassigned
80619,1404,unassigned
80620,1768,unassigned
80621,1404,unassigned
80622,1404,unassigned
80623,1404,unassigned
80624,1404,unassigned
80625,1404,unassigned
80626,1404,unassigned
80627,1404,unassigned
80628,1404,unassigned
80629,1404,unassigned
80630,1404,unassigned
80631,1404,unassigned
80632,1404,unassigned
80633,1404,unassigned
80634,1404,unassigned
80635,1404,unassigned
80636,1404,unassigned
80637,1404,unassigned
80638,1404,unassigned
80639,1404,unassigned
80640,1404,unassigned
80641,1404,unassigned
80642,1404,unassigned
80643,1763,unassigned
80644,1404,unassigned
80645,1765,Excitatory_Neuron
80646,1404,unassigned
80647,1404,unassigned
80648,1767,Excitatory_Neuron
80649,1404,unassigned
80650,1404,unassigned
80651,1404,unassigned
80652,1404,unassigned
80653,1404,unassigned
80654,1768,unassigned
80655,1404,unassigned
80656,1404,unassigned
80657,1404,unassigned
80658,1404,unassigned
80659,1404,unassigned
80660,1404,unassigned
80661,1404,unassigned
80662,1404,unassigned
80663,1404,unassigned
80664,1404,unassigned
80665,1404,unassigned
80666,1404,unassigned
80667,1762,Excitatory_Neuron
80668,1404,unassigned
80669,1404,unassigned
80670,1406,Excitatory_Neuron
80671,1404,unassigned
80672,1404,unassigned
80673,1404,unassigned
80674,1404,unassigned
80675,1404,unassigned
80676,1404,unassigned
80677,1404,unassigned
80678,1404,unassigned
80679,1404,unassigned
80680,1765,Excitatory_Neuron
80681,1404,unassigned
80682,1404,unassigned
80683,1404,unassigned
80684,1404,unassigned
80685,1404,unassigned
80686,1767,Excitatory_Neuron
80687,1404,unassigned
80688,1404,unassigned
80689,1404,unassigned
80690,1404,unassigned
80691,1404,unassigned
80692,1404,unassigned
80693,1404,unassigned
80694,1404,unassigned
80695,1404,unassigned
80696,1404,unassigned
80697,1404,unassigned
80698,1404,unassigned
80699,1404,unassigned
80700,1404,unassigned
80701,1404,unassigned
80702,1775,unassigned
80703,1404,unassigned
80704,1404,unassigned
80705,1404,unassigned
80706,1404,unassigned
80707,1404,unassigned
80708,1404,unassigned
80709,1404,unassigned
80710,1404,unassigned
80711,1404,unassigned
80712,1404,unassigned
80713,1768,unassigned
80714,1404,unassigned
80715,1404,unassigned
80716,1404,unassigned
80717,1404,unassigned
80718,1404,unassigned
80719,1404,unassigned
80720,1404,unassigned
80721,1404,unassigned
80722,1404,unassigned
80723,1404,unassigned
80724,1404,unassigned
80725,1404,unassigned
80726,1404,unassigned
80727,1404,unassigned
80728,1404,unassigned
80729,1404,unassigned
80730,1764,Excitatory_Neuron
80731,1404,unassigned
80732,1404,unassigned
80733,1404,unassigned
80734,1772,Excitatory_Neuron
80735,1772,Excitatory_Neuron
80736,1404,unassigned
80737,1404,unassigned
80738,1765,Excitatory_Neuron
80739,1404,unassigned
80740,1766,unassigned
80741,1404,unassigned
80742,1404,unassigned
80743,1767,Excitatory_Neuron
80744,1767,Excitatory_Neuron
80745,1769,unassigned
80746,1404,unassigned
80747,1406,Excitatory_Neuron
80748,1404,unassigned
80749,1404,unassigned
80750,1404,unassigned
80751,1404,unassigned
80752,1404,unassigned
80753,1404,unassigned
80754,1404,unassigned
80755,1404,unassigned
80756,1404,unassigned
80757,1404,unassigned
80758,1404,unassigned
80759,1404,unassigned
80760,1404,unassigned
80761,1404,unassigned
80762,1404,unassigned
80763,1404,unassigned
80764,1404,unassigned
80765,1404,unassigned
80766,1769,unassigned
80767,1404,unassigned
80768,1404,unassigned
80769,1404,unassigned
80770,1768,unassigned
80771,1404,unassigned
80772,1404,unassigned
80773,1404,unassigned
80774,1404,unassigned
80775,1762,Excitatory_Neuron
80776,1762,Excitatory_Neuron
80777,1404,unassigned
80778,1404,unassigned
80779,1766,unassigned
80780,1766,unassigned
80781,1766,unassigned
80782,1404,unassigned
80783,1404,unassigned
80784,1406,Excitatory_Neuron
80785,1404,unassigned
80786,1404,unassigned
80787,1404,unassigned
80788,1404,unassigned
80789,1404,unassigned
80790,1404,unassigned
80791,1764,Excitatory_Neuron
80792,1404,unassigned
80793,1764,Excitatory_Neuron
80794,1404,unassigned
80795,1404,unassigned
80796,1404,unassigned
80797,1404,unassigned
80798,1404,unassigned
80799,1404,unassigned
80800,1404,unassigned
80801,1404,unassigned
80802,1404,unassigned
80803,1406,Excitatory_Neuron
80804,1404,unassigned
80805,1404,unassigned
80806,1404,unassigned
80807,1404,unassigned
80808,1404,unassigned
80809,1404,unassigned
80810,1404,unassigned
80811,1404,unassigned
80812,1404,unassigned
80813,1404,unassigned
80814,1404,unassigned
80815,1404,unassigned
80816,1404,unassigned
80817,1404,unassigned
80818,1773,Excitatory_Neuron
80819,1404,unassigned
80820,1404,unassigned
80821,1404,unassigned
80822,1404,unassigned
80823,1766,unassigned
80824,1404,unassigned
80825,1404,unassigned
80826,1404,unassigned
80827,1404,unassigned
80828,1404,unassigned
80829,1404,unassigned
80830,1404,unassigned
80831,1404,unassigned
80832,1404,unassigned
80833,1404,unassigned
80834,1404,unassigned
80835,1404,unassigned
80836,1404,unassigned
80837,1404,unassigned
80838,1404,unassigned
80839,1404,unassigned
80840,1764,Excitatory_Neuron
80841,1404,unassigned
80842,1404,unassigned
80843,1404,unassigned
80844,1404,unassigned
80845,1404,unassigned
80846,1404,unassigned
80847,1404,unassigned
80848,1404,unassigned
80849,1404,unassigned
80850,1768,unassigned
80851,1768,unassigned
80852,1773,Excitatory_Neuron
80853,1404,unassigned
80854,1404,unassigned
80855,1404,unassigned
80856,1404,unassigned
80857,1404,unassigned
80858,1404,unassigned
80859,1404,unassigned
80860,1404,unassigned
80861,1404,unassigned
80862,1404,unassigned
80863,1404,unassigned
80864,1404,unassigned
80865,1404,unassigned
80866,1404,unassigned
80867,1404,unassigned
80868,1404,unassigned
80869,1762,Excitatory_Neuron
80870,1404,unassigned
80871,1404,unassigned
80872,1765,Excitatory_Neuron
80873,1404,unassigned
80874,1766,unassigned
80875,1404,unassigned
80876,1767,Excitatory_Neuron
80877,1404,unassigned
80878,1775,unassigned
80879,1767,Excitatory_Neuron
80880,1406,Excitatory_Neuron
80881,1404,unassigned
80882,1404,unassigned
80883,1404,unassigned
80884,1404,unassigned
80885,1764,Excitatory_Neuron
80886,1404,unassigned
80887,1404,unassigned
80888,1404,unassigned
80889,1404,unassigned
80890,1404,unassigned
80891,1404,unassigned
80892,1404,unassigned
80893,1775,unassigned
80894,1406,Excitatory_Neuron
80895,1404,unassigned
80896,1404,unassigned
80897,1404,unassigned
80898,1404,unassigned
80899,1404,unassigned
80900,1404,unassigned
80901,1404,unassigned
80902,1404,unassigned
80903,1773,Excitatory_Neuron
80904,1404,unassigned
80905,1773,Excitatory_Neuron
80906,1762,Excitatory_Neuron
80907,1404,unassigned
80908,1404,unassigned
80909,1404,unassigned
80910,1404,unassigned
80911,1767,Excitatory_Neuron
80912,1404,unassigned
80913,1404,unassigned
80914,1404,unassigned
80915,1404,unassigned
80916,1404,unassigned
80917,1404,unassigned
80918,1404,unassigned
80919,1404,unassigned
80920,1404,unassigned
80921,1404,unassigned
80922,1765,Excitatory_Neuron
80923,1762,Excitatory_Neuron
80924,1762,Excitatory_Neuron
80925,1404,unassigned
80926,1404,unassigned
80927,1404,unassigned
80928,1404,unassigned
80929,1404,unassigned
80930,1404,unassigned
80931,1404,unassigned
80932,1404,unassigned
80933,1404,unassigned
80934,1404,unassigned
80935,1404,unassigned
80936,1404,unassigned
80937,1404,unassigned
80938,1404,unassigned
80939,1404,unassigned
80940,1404,unassigned
80941,1404,unassigned
80942,1404,unassigned
80943,1404,unassigned
80944,1404,unassigned
80945,1404,unassigned
80946,1773,Excitatory_Neuron
80947,1404,unassigned
80948,1404,unassigned
80949,1404,unassigned
80950,1762,Excitatory_Neuron
80951,1404,unassigned
80952,1404,unassigned
80953,1765,Excitatory_Neuron
80954,1404,unassigned
80955,1404,unassigned
80956,1404,unassigned
80957,1775,unassigned
80958,1404,unassigned
80959,1404,unassigned
80960,1404,unassigned
80961,1404,unassigned
80962,1404,unassigned
80963,1404,unassigned
80964,1764,Excitatory_Neuron
80965,1404,unassigned
80966,1764,Excitatory_Neuron
80967,1404,unassigned
80968,1404,unassigned
80969,1404,unassigned
80970,1404,unassigned
80971,1404,unassigned
80972,1404,unassigned
80973,1404,unassigned
80974,1404,unassigned
80975,1404,unassigned
80976,1762,Excitatory_Neuron
80977,1762,Excitatory_Neuron
80978,1766,unassigned
80979,1404,unassigned
80980,1404,unassigned
80981,1767,Excitatory_Neuron
80982,1404,unassigned
80983,1404,unassigned
80984,1404,unassigned
80985,1772,Excitatory_Neuron
80986,1404,unassigned
80987,1404,unassigned
80988,1404,unassigned
80989,1404,unassigned
80990,1404,unassigned
80991,1404,unassigned
80992,1404,unassigned
80993,1404,unassigned
80994,1404,unassigned
80995,1775,unassigned
80996,1404,unassigned
80997,1406,Excitatory_Neuron
80998,1404,unassigned
80999,1404,unassigned
81000,1768,unassigned
81001,1404,unassigned
81002,1404,unassigned
81003,1404,unassigned
81004,1404,unassigned
81005,1404,unassigned
81006,1773,Excitatory_Neuron
81007,1404,unassigned
81008,1404,unassigned
81009,1404,unassigned
81010,1765,Excitatory_Neuron
81011,1404,unassigned
81012,1404,unassigned
81013,1404,unassigned
81014,1767,Excitatory_Neuron
81015,1404,unassigned
81016,1404,unassigned
81017,1404,unassigned
81018,1404,unassigned
81019,1404,unassigned
81020,1768,unassigned
81021,1764,Excitatory_Neuron
81022,1404,unassigned
81023,1404,unassigned
81024,1404,unassigned
81025,1404,unassigned
81026,1762,Excitatory_Neuron
81027,1404,unassigned
81028,1763,unassigned
81029,1404,unassigned
81030,1404,unassigned
81031,1404,unassigned
81032,1404,unassigned
81033,1775,unassigned
81034,1404,unassigned
81035,1767,Excitatory_Neuron
81036,1404,unassigned
81037,1404,unassigned
81038,1764,Excitatory_Neuron
81039,1404,unassigned
81040,1404,unassigned
81041,1404,unassigned
81042,1404,unassigned
81043,1404,unassigned
81044,1404,unassigned
81045,1404,unassigned
81046,1404,unassigned
81047,1404,unassigned
81048,1404,unassigned
81049,1404,unassigned
81050,1404,unassigned
81051,1404,unassigned
81052,1404,unassigned
81053,1776,unassigned
81054,1404,unassigned
81055,1404,unassigned
81056,1404,unassigned
81057,1404,unassigned
81058,1404,unassigned
81059,1404,unassigned
81060,1766,unassigned
81061,1404,unassigned
81062,1404,unassigned
81063,1404,unassigned
81064,1404,unassigned
81065,1404,unassigned
81066,1404,unassigned
81067,1404,unassigned
81068,1404,unassigned
81069,1404,unassigned
81070,1404,unassigned
81071,1773,Excitatory_Neuron
81072,1404,unassigned
81073,1404,unassigned
81074,1762,Excitatory_Neuron
81075,1404,unassigned
81076,1404,unassigned
81077,1775,unassigned
81078,1404,unassigned
81079,1404,unassigned
81080,1404,unassigned
81081,1772,Excitatory_Neuron
81082,1404,unassigned
81083,1404,unassigned
81084,1404,unassigned
81085,1762,Excitatory_Neuron
81086,1763,unassigned
81087,1404,unassigned
81088,1404,unassigned
81089,1404,unassigned
81090,1766,unassigned
81091,1404,unassigned
81092,1404,unassigned
81093,1404,unassigned
81094,1767,Excitatory_Neuron
81095,1406,Excitatory_Neuron
81096,1769,unassigned
81097,1404,unassigned
81098,1404,unassigned
81099,1404,unassigned
81100,1404,unassigned
81101,1404,unassigned
81102,1764,Excitatory_Neuron
81103,1404,unassigned
81104,1404,unassigned
81105,1772,Excitatory_Neuron
81106,1772,Excitatory_Neuron
81107,1404,unassigned
81108,1404,unassigned
81109,1404,unassigned
81110,1404,unassigned
81111,1404,unassigned
81112,1404,unassigned
81113,1404,unassigned
81114,1765,Excitatory_Neuron
81115,1404,unassigned
81116,1766,unassigned
81117,1404,unassigned
81118,1404,unassigned
81119,1404,unassigned
81120,1404,unassigned
81121,1404,unassigned
81122,1764,Excitatory_Neuron
81123,1772,Excitatory_Neuron
81124,1404,unassigned
81125,1772,Excitatory_Neuron
81126,1404,unassigned
81127,1404,unassigned
81128,1404,unassigned
81129,1404,unassigned
81130,1404,unassigned
81131,1404,unassigned
81132,1773,Excitatory_Neuron
81133,1404,unassigned
81134,1404,unassigned
81135,1404,unassigned
81136,1404,unassigned
81137,1771,unassigned
81138,1404,unassigned
81139,1404,unassigned
81140,1767,Excitatory_Neuron
81141,1404,unassigned
81142,1404,unassigned
81143,1404,unassigned
81144,1404,unassigned
81145,1404,unassigned
81146,1404,unassigned
81147,1404,unassigned
81148,1404,unassigned
81149,1404,unassigned
81150,1404,unassigned
81151,1404,unassigned
81152,1767,Excitatory_Neuron
81153,1404,unassigned
81154,1404,unassigned
81155,1404,unassigned
81156,1404,unassigned
81157,1404,unassigned
81158,1404,unassigned
81159,1404,unassigned
81160,1404,unassigned
81161,1404,unassigned
81162,1762,Excitatory_Neuron
81163,1404,unassigned
81164,1404,unassigned
81165,1404,unassigned
81166,1404,unassigned
81167,1404,unassigned
81168,1404,unassigned
81169,1404,unassigned
81170,1404,unassigned
81171,1404,unassigned
81172,1767,Excitatory_Neuron
81173,1404,unassigned
81174,1404,unassigned
81175,1404,unassigned
81176,1404,unassigned
81177,1404,unassigned
81178,1404,unassigned
81179,1404,unassigned
81180,1404,unassigned
81181,1404,unassigned
81182,1404,unassigned
81183,1404,unassigned
81184,1773,Excitatory_Neuron
81185,1773,Excitatory_Neuron
81186,1762,Excitatory_Neuron
81187,1404,unassigned
81188,1404,unassigned
81189,1404,unassigned
81190,1404,unassigned
81191,1404,unassigned
81192,1404,unassigned
81193,1404,unassigned
81194,1767,Excitatory_Neuron
81195,1404,unassigned
81196,1404,unassigned
81197,1404,unassigned
81198,1404,unassigned
81199,1404,unassigned
81200,1404,unassigned
81201,1404,unassigned
81202,1404,unassigned
81203,1404,unassigned
81204,1404,unassigned
81205,1404,unassigned
81206,1776,unassigned
81207,1773,Excitatory_Neuron
81208,1404,unassigned
81209,1404,unassigned
81210,1765,Excitatory_Neuron
81211,1404,unassigned
81212,1404,unassigned
81213,1765,Excitatory_Neuron
81214,1404,unassigned
81215,1762,Excitatory_Neuron
81216,1404,unassigned
81217,1404,unassigned
81218,1766,unassigned
81219,1404,unassigned
81220,1767,Excitatory_Neuron
81221,1404,unassigned
81222,1404,unassigned
81223,1404,unassigned
81224,1768,unassigned
81225,1404,unassigned
81226,1404,unassigned
81227,1404,unassigned
81228,1404,unassigned
81229,1404,unassigned
81230,1404,unassigned
81231,1404,unassigned
81232,1404,unassigned
81233,1404,unassigned
81234,1404,unassigned
81235,1404,unassigned
81236,1404,unassigned
81237,1404,unassigned
81238,1767,Excitatory_Neuron
81239,1404,unassigned
81240,1404,unassigned
81241,1404,unassigned
81242,1404,unassigned
81243,1404,unassigned
81244,1404,unassigned
81245,1404,unassigned
81246,1404,unassigned
81247,1404,unassigned
81248,1404,unassigned
81249,1404,unassigned
81250,1765,Excitatory_Neuron
81251,1404,unassigned
81252,1404,unassigned
81253,1404,unassigned
81254,1404,unassigned
81255,1404,unassigned
81256,1404,unassigned
81257,1404,unassigned
81258,1404,unassigned
81259,1404,unassigned
81260,1404,unassigned
81261,1404,unassigned
81262,1404,unassigned
81263,1404,unassigned
81264,1404,unassigned
81265,1762,Excitatory_Neuron
81266,1404,unassigned
81267,1404,unassigned
81268,1765,Excitatory_Neuron
81269,1404,unassigned
81270,1404,unassigned
81271,1404,unassigned
81272,1404,unassigned
81273,1769,unassigned
81274,1404,unassigned
81275,1404,unassigned
81276,1404,unassigned
81277,1404,unassigned
81278,1767,Excitatory_Neuron
81279,1406,Excitatory_Neuron
81280,1404,unassigned
81281,1404,unassigned
81282,1404,unassigned
81283,1404,unassigned
81284,1404,unassigned
81285,1404,unassigned
81286,1404,unassigned
81287,1404,unassigned
81288,1404,unassigned
81289,1404,unassigned
81290,1404,unassigned
81291,1766,unassigned
81292,1766,unassigned
81293,1404,unassigned
81294,1404,unassigned
81295,1404,unassigned
81296,1404,unassigned
81297,1406,Excitatory_Neuron
81298,1404,unassigned
81299,1404,unassigned
81300,1404,unassigned
81301,1404,unassigned
81302,1404,unassigned
81303,1404,unassigned
81304,1404,unassigned
81305,1404,unassigned
81306,1404,unassigned
81307,1404,unassigned
81308,1404,unassigned
81309,1762,Excitatory_Neuron
81310,1404,unassigned
81311,1765,Excitatory_Neuron
81312,1404,unassigned
81313,1404,unassigned
81314,1404,unassigned
81315,1767,Excitatory_Neuron
81316,1775,unassigned
81317,1767,Excitatory_Neuron
81318,1404,unassigned
81319,1406,Excitatory_Neuron
81320,1404,unassigned
81321,1404,unassigned
81322,1404,unassigned
81323,1764,Excitatory_Neuron
81324,1404,unassigned
81325,1404,unassigned
81326,1404,unassigned
81327,1404,unassigned
81328,1773,Excitatory_Neuron
81329,1773,Excitatory_Neuron
81330,1773,Excitatory_Neuron
81331,1773,Excitatory_Neuron
81332,1404,unassigned
81333,1404,unassigned
81334,1404,unassigned
81335,1404,unassigned
81336,1404,unassigned
81337,1404,unassigned
81338,1766,unassigned
81339,1404,unassigned
81340,1404,unassigned
81341,1404,unassigned
81342,1404,unassigned
81343,1404,unassigned
81344,1404,unassigned
81345,1404,unassigned
81346,1404,unassigned
81347,1404,unassigned
81348,1404,unassigned
81349,1404,unassigned
81350,1404,unassigned
81351,1404,unassigned
81352,1404,unassigned
81353,1404,unassigned
81354,1404,unassigned
81355,1404,unassigned
81356,1404,unassigned
81357,1404,unassigned
81358,1404,unassigned
81359,1404,unassigned
81360,1404,unassigned
81361,1404,unassigned
81362,1773,Excitatory_Neuron
81363,1404,unassigned
81364,1404,unassigned
81365,1404,unassigned
81366,1765,Excitatory_Neuron
81367,1404,unassigned
81368,1404,unassigned
81369,1404,unassigned
81370,1404,unassigned
81371,1404,unassigned
81372,1404,unassigned
81373,1404,unassigned
81374,1404,unassigned
81375,1404,unassigned
81376,1404,unassigned
81377,1404,unassigned
81378,1404,unassigned
81379,1404,unassigned
81380,1765,Excitatory_Neuron
81381,1404,unassigned
81382,1404,unassigned
81383,1404,unassigned
81384,1404,unassigned
81385,1404,unassigned
81386,1767,Excitatory_Neuron
81387,1404,unassigned
81388,1406,Excitatory_Neuron
81389,1404,unassigned
81390,1404,unassigned
81391,1404,unassigned
81392,1404,unassigned
81393,1404,unassigned
81394,1404,unassigned
81395,1404,unassigned
81396,1404,unassigned
81397,1404,unassigned
81398,1404,unassigned
81399,1404,unassigned
81400,1404,unassigned
81401,1773,Excitatory_Neuron
81402,1765,Excitatory_Neuron
81403,1404,unassigned
81404,1404,unassigned
81405,1404,unassigned
81406,1404,unassigned
81407,1767,Excitatory_Neuron
81408,1404,unassigned
81409,1404,unassigned
81410,1404,unassigned
81411,1404,unassigned
81412,1768,unassigned
81413,1404,unassigned
81414,1404,unassigned
81415,1404,unassigned
81416,1404,unassigned
81417,1404,unassigned
81418,1773,Excitatory_Neuron
81419,1762,Excitatory_Neuron
81420,1404,unassigned
81421,1765,Excitatory_Neuron
81422,1404,unassigned
81423,1404,unassigned
81424,1404,unassigned
81425,1762,Excitatory_Neuron
81426,1404,unassigned
81427,1404,unassigned
81428,1404,unassigned
81429,1404,unassigned
81430,1404,unassigned
81431,1404,unassigned
81432,1404,unassigned
81433,1404,unassigned
81434,1404,unassigned
81435,1404,unassigned
81436,1404,unassigned
81437,1404,unassigned
81438,1404,unassigned
81439,1404,unassigned
81440,1404,unassigned
81441,1762,Excitatory_Neuron
81442,1766,unassigned
81443,1404,unassigned
81444,1404,unassigned
81445,1404,unassigned
81446,1404,unassigned
81447,1404,unassigned
81448,1404,unassigned
81449,1404,unassigned
81450,1404,unassigned
81451,1404,unassigned
81452,1404,unassigned
81453,1404,unassigned
81454,1404,unassigned
81455,1404,unassigned
81456,1404,unassigned
81457,1773,Excitatory_Neuron
81458,1404,unassigned
81459,1404,unassigned
81460,1404,unassigned
81461,1404,unassigned
81462,1404,unassigned
81463,1404,unassigned
81464,1404,unassigned
81465,1404,unassigned
81466,1404,unassigned
81467,1404,unassigned
81468,1404,unassigned
81469,1404,unassigned
81470,1404,unassigned
81471,1765,Excitatory_Neuron
81472,1404,unassigned
81473,1767,Excitatory_Neuron
81474,1404,unassigned
81475,1406,Excitatory_Neuron
81476,1404,unassigned
81477,1764,Excitatory_Neuron
81478,1404,unassigned
81479,1404,unassigned
81480,1404,unassigned
81481,1404,unassigned
81482,1404,unassigned
81483,1773,Excitatory_Neuron
81484,1404,unassigned
81485,1404,unassigned
81486,1404,unassigned
81487,1404,unassigned
81488,1404,unassigned
81489,1404,unassigned
81490,1404,unassigned
81491,1404,unassigned
81492,1775,unassigned
81493,1404,unassigned
81494,1404,unassigned
81495,1404,unassigned
81496,1404,unassigned
81497,1404,unassigned
81498,1404,unassigned
81499,1764,Excitatory_Neuron
81500,1404,unassigned
81501,1768,unassigned
81502,1404,unassigned
81503,1404,unassigned
81504,1404,unassigned
81505,1404,unassigned
81506,1773,Excitatory_Neuron
81507,1404,unassigned
81508,1404,unassigned
81509,1404,unassigned
81510,1777,Excitatory_Neuron
81511,1404,unassigned
81512,1404,unassigned
81513,1404,unassigned
81514,1404,unassigned
81515,1404,unassigned
81516,1404,unassigned
81517,1404,unassigned
81518,1404,unassigned
81519,1404,unassigned
81520,1404,unassigned
81521,1404,unassigned
81522,1404,unassigned
81523,1404,unassigned
81524,1404,unassigned
81525,1404,unassigned
81526,1404,unassigned
81527,1764,Excitatory_Neuron
81528,1404,unassigned
81529,1404,unassigned
81530,1404,unassigned
81531,1404,unassigned
81532,1404,unassigned
81533,1762,Excitatory_Neuron
81534,1404,unassigned
81535,1404,unassigned
81536,1767,Excitatory_Neuron
81537,1404,unassigned
81538,1404,unassigned
81539,1772,Excitatory_Neuron
81540,1404,unassigned
81541,1404,unassigned
81542,1404,unassigned
81543,1404,unassigned
81544,1404,unassigned
81545,1404,unassigned
81546,1767,Excitatory_Neuron
81547,1404,unassigned
81548,1404,unassigned
81549,1404,unassigned
81550,1764,Excitatory_Neuron
81551,1404,unassigned
81552,1404,unassigned
81553,1404,unassigned
81554,1404,unassigned
81555,1765,Excitatory_Neuron
81556,1765,Excitatory_Neuron
81557,1404,unassigned
81558,1404,unassigned
81559,1404,unassigned
81560,1404,unassigned
81561,1404,unassigned
81562,1404,unassigned
81563,1404,unassigned
81564,1404,unassigned
81565,1404,unassigned
81566,1404,unassigned
81567,1404,unassigned
81568,1404,unassigned
81569,1762,Excitatory_Neuron
81570,1404,unassigned
81571,1766,unassigned
81572,1404,unassigned
81573,1404,unassigned
81574,1404,unassigned
81575,1404,unassigned
81576,1404,unassigned
81577,1404,unassigned
81578,1767,Excitatory_Neuron
81579,1404,unassigned
81580,1404,unassigned
81581,1764,Excitatory_Neuron
81582,1404,unassigned
81583,1772,Excitatory_Neuron
81584,1404,unassigned
81585,1404,unassigned
81586,1404,unassigned
81587,1404,unassigned
81588,1773,Excitatory_Neuron
81589,1404,unassigned
81590,1404,unassigned
81591,1404,unassigned
81592,1404,unassigned
81593,1762,Excitatory_Neuron
81594,1404,unassigned
81595,1404,unassigned
81596,1406,Excitatory_Neuron
81597,1404,unassigned
81598,1404,unassigned
81599,1404,unassigned
81600,1404,unassigned
81601,1404,unassigned
81602,1404,unassigned
81603,1404,unassigned
81604,1404,unassigned
81605,1404,unassigned
81606,1772,Excitatory_Neuron
81607,1404,unassigned
81608,1772,Excitatory_Neuron
81609,1404,unassigned
81610,1404,unassigned
81611,1773,Excitatory_Neuron
81612,1404,unassigned
81613,1763,unassigned
81614,1762,Excitatory_Neuron
81615,1404,unassigned
81616,1404,unassigned
81617,1404,unassigned
81618,1404,unassigned
81619,1404,unassigned
81620,1404,unassigned
81621,1404,unassigned
81622,1404,unassigned
81623,1404,unassigned
81624,1404,unassigned
81625,1404,unassigned
81626,1404,unassigned
81627,1404,unassigned
81628,1404,unassigned
81629,1404,unassigned
81630,1404,unassigned
81631,1404,unassigned
81632,1404,unassigned
81633,1766,unassigned
81634,1404,unassigned
81635,1404,unassigned
81636,1404,unassigned
81637,1406,Excitatory_Neuron
81638,1764,Excitatory_Neuron
81639,1404,unassigned
81640,1772,Excitatory_Neuron
81641,1404,unassigned
81642,1404,unassigned
81643,1404,unassigned
81644,1404,unassigned
81645,1404,unassigned
81646,1404,unassigned
81647,1404,unassigned
81648,1404,unassigned
81649,1766,unassigned
81650,1404,unassigned
81651,1404,unassigned
81652,1404,unassigned
81653,1404,unassigned
81654,1767,Excitatory_Neuron
81655,1404,unassigned
81656,1406,Excitatory_Neuron
81657,1404,unassigned
81658,1404,unassigned
81659,1404,unassigned
81660,1772,Excitatory_Neuron
81661,1772,Excitatory_Neuron
81662,1404,unassigned
81663,1404,unassigned
81664,1404,unassigned
81665,1404,unassigned
81666,1404,unassigned
81667,1404,unassigned
81668,1404,unassigned
81669,1404,unassigned
81670,1404,unassigned
81671,1404,unassigned
81672,1404,unassigned
81673,1404,unassigned
81674,1404,unassigned
81675,1406,Excitatory_Neuron
81676,1404,unassigned
81677,1404,unassigned
81678,1404,unassigned
81679,1404,unassigned
81680,1404,unassigned
81681,1404,unassigned
81682,1404,unassigned
81683,1404,unassigned
81684,1404,unassigned
81685,1404,unassigned
81686,1404,unassigned
81687,1404,unassigned
81688,1763,unassigned
81689,1404,unassigned
81690,1404,unassigned
81691,1404,unassigned
81692,1404,unassigned
81693,1404,unassigned
81694,1772,Excitatory_Neuron
81695,1404,unassigned
81696,1404,unassigned
81697,1404,unassigned
81698,1404,unassigned
81699,1404,unassigned
81700,1766,unassigned
81701,1404,unassigned
81702,1404,unassigned
81703,1404,unassigned
81704,1404,unassigned
81705,1767,Excitatory_Neuron
81706,1404,unassigned
81707,1404,unassigned
81708,1404,unassigned
81709,1404,unassigned
81710,1404,unassigned
81711,1404,unassigned
81712,1772,Excitatory_Neuron
81713,1404,unassigned
81714,1404,unassigned
81715,1404,unassigned
81716,1404,unassigned
81717,1404,unassigned
81718,1404,unassigned
81719,1404,unassigned
81720,1404,unassigned
81721,1762,Excitatory_Neuron
81722,1404,unassigned
81723,1773,Excitatory_Neuron
81724,1404,unassigned
81725,1404,unassigned
81726,1778,unassigned
81727,1406,Excitatory_Neuron
81728,1404,unassigned
81729,1404,unassigned
81730,1404,unassigned
81731,1404,unassigned
81732,1764,Excitatory_Neuron
81733,1404,unassigned
81734,1404,unassigned
81735,1404,unassigned
81736,1404,unassigned
81737,1404,unassigned
81738,1404,unassigned
81739,1404,unassigned
81740,1773,Excitatory_Neuron
81741,1773,Excitatory_Neuron
81742,1404,unassigned
81743,1404,unassigned
81744,1404,unassigned
81745,1762,Excitatory_Neuron
81746,1404,unassigned
81747,1404,unassigned
81748,1762,Excitatory_Neuron
81749,1765,Excitatory_Neuron
81750,1404,unassigned
81751,1404,unassigned
81752,1404,unassigned
81753,1404,unassigned
81754,1775,unassigned
81755,1404,unassigned
81756,1404,unassigned
81757,1404,unassigned
81758,1404,unassigned
81759,1769,unassigned
81760,1404,unassigned
81761,1404,unassigned
81762,1404,unassigned
81763,1404,unassigned
81764,1404,unassigned
81765,1404,unassigned
81766,1404,unassigned
81767,1404,unassigned
81768,1773,Excitatory_Neuron
81769,1773,Excitatory_Neuron
81770,1762,Excitatory_Neuron
81771,1404,unassigned
81772,1404,unassigned
81773,1404,unassigned
81774,1404,unassigned
81775,1767,Excitatory_Neuron
81776,1767,Excitatory_Neuron
81777,1404,unassigned
81778,1404,unassigned
81779,1404,unassigned
81780,1404,unassigned
81781,1773,Excitatory_Neuron
81782,1404,unassigned
81783,1773,Excitatory_Neuron
81784,1404,unassigned
81785,1404,unassigned
81786,1404,unassigned
81787,1404,unassigned
81788,1404,unassigned
81789,1404,unassigned
81790,1767,Excitatory_Neuron
81791,1404,unassigned
81792,1404,unassigned
81793,1406,Excitatory_Neuron
81794,1404,unassigned
81795,1404,unassigned
81796,1404,unassigned
81797,1772,Excitatory_Neuron
81798,1404,unassigned
81799,1404,unassigned
81800,1404,unassigned
81801,1404,unassigned
81802,1404,unassigned
81803,1404,unassigned
81804,1404,unassigned
81805,1404,unassigned
81806,1404,unassigned
81807,1404,unassigned
81808,1773,Excitatory_Neuron
81809,1404,unassigned
81810,1404,unassigned
81811,1765,Excitatory_Neuron
81812,1766,unassigned
81813,1404,unassigned
81814,1404,unassigned
81815,1404,unassigned
81816,1767,Excitatory_Neuron
81817,1767,Excitatory_Neuron
81818,1404,unassigned
81819,1778,unassigned
81820,1406,Excitatory_Neuron
81821,1404,unassigned
81822,1404,unassigned
81823,1404,unassigned
81824,1404,unassigned
81825,1404,unassigned
81826,1404,unassigned
81827,1404,unassigned
81828,1404,unassigned
81829,1404,unassigned
81830,1404,unassigned
81831,1772,Excitatory_Neuron
81832,1404,unassigned
81833,1404,unassigned
81834,1404,unassigned
81835,1404,unassigned
81836,1404,unassigned
81837,1404,unassigned
81838,1404,unassigned
81839,1404,unassigned
81840,1404,unassigned
81841,1773,Excitatory_Neuron
81842,1404,unassigned
81843,1404,unassigned
81844,1404,unassigned
81845,1404,unassigned
81846,1404,unassigned
81847,1404,unassigned
81848,1767,Excitatory_Neuron
81849,1406,Excitatory_Neuron
81850,1404,unassigned
81851,1404,unassigned
81852,1404,unassigned
81853,1404,unassigned
81854,1404,unassigned
81855,1404,unassigned
81856,1404,unassigned
81857,1404,unassigned
81858,1773,Excitatory_Neuron
81859,1404,unassigned
81860,1773,Excitatory_Neuron
81861,1404,unassigned
81862,1404,unassigned
81863,1763,unassigned
81864,1404,unassigned
81865,1404,unassigned
81866,1404,unassigned
81867,1404,unassigned
81868,1404,unassigned
81869,1404,unassigned
81870,1404,unassigned
81871,1405,Excitatory_Neuron
81872,1404,unassigned
81873,1404,unassigned
81874,1772,Excitatory_Neuron
81875,1404,unassigned
81876,1773,Excitatory_Neuron
81877,1404,unassigned
81878,1404,unassigned
81879,1773,Excitatory_Neuron
81880,1404,unassigned
81881,1777,Excitatory_Neuron
81882,1404,unassigned
81883,1404,unassigned
81884,1404,unassigned
81885,1404,unassigned
81886,1778,unassigned
81887,1404,unassigned
81888,1404,unassigned
81889,1404,unassigned
81890,1404,unassigned
81891,1404,unassigned
81892,1764,Excitatory_Neuron
81893,1764,Excitatory_Neuron
81894,1404,unassigned
81895,1404,unassigned
81896,1404,unassigned
81897,1773,Excitatory_Neuron
81898,1404,unassigned
81899,1773,Excitatory_Neuron
81900,1404,unassigned
81901,1404,unassigned
81902,1773,Excitatory_Neuron
81903,1404,unassigned
81904,1404,unassigned
81905,1404,unassigned
81906,1404,unassigned
81907,1777,Excitatory_Neuron
81908,1404,unassigned
81909,1767,Excitatory_Neuron
81910,1404,unassigned
81911,1404,unassigned
81912,1404,unassigned
81913,1404,unassigned
81914,1404,unassigned
81915,1404,unassigned
81916,1404,unassigned
81917,1404,unassigned
81918,1404,unassigned
81919,1777,Excitatory_Neuron
81920,1404,unassigned
81921,1762,Excitatory_Neuron
81922,1404,unassigned
81923,1404,unassigned
81924,1404,unassigned
81925,1404,unassigned
81926,1404,unassigned
81927,1404,unassigned
81928,1404,unassigned
81929,1404,unassigned
81930,1772,Excitatory_Neuron
81931,1772,Excitatory_Neuron
81932,1404,unassigned
81933,1773,Excitatory_Neuron
81934,1404,unassigned
81935,1404,unassigned
81936,1404,unassigned
81937,1404,unassigned
81938,1404,unassigned
81939,1404,unassigned
81940,1404,unassigned
81941,1404,unassigned
81942,1404,unassigned
81943,1404,unassigned
81944,1404,unassigned
81945,1404,unassigned
81946,1404,unassigned
81947,1772,Excitatory_Neuron
81948,1772,Excitatory_Neuron
81949,1404,unassigned
81950,1404,unassigned
81951,1404,unassigned
81952,1404,unassigned
81953,1404,unassigned
81954,1404,unassigned
81955,1404,unassigned
81956,1762,Excitatory_Neuron
81957,1404,unassigned
81958,1404,unassigned
81959,1404,unassigned
81960,1775,unassigned
81961,1769,unassigned
81962,1404,unassigned
81963,1404,unassigned
81964,1404,unassigned
81965,1404,unassigned
81966,1404,unassigned
81967,1404,unassigned
81968,1404,unassigned
81969,1404,unassigned
81970,1762,Excitatory_Neuron
81971,1773,Excitatory_Neuron
81972,1766,unassigned
81973,1404,unassigned
81974,1404,unassigned
81975,1778,unassigned
81976,1404,unassigned
81977,1767,Excitatory_Neuron
81978,1404,unassigned
81979,1404,unassigned
81980,1404,unassigned
81981,1404,unassigned
81982,1404,unassigned
81983,1404,unassigned
81984,1404,unassigned
81985,1404,unassigned
81986,1404,unassigned
81987,1404,unassigned
81988,1404,unassigned
81989,1404,unassigned
81990,1404,unassigned
81991,1404,unassigned
81992,1773,Excitatory_Neuron
81993,1404,unassigned
81994,1773,Excitatory_Neuron
81995,1404,unassigned
81996,1404,unassigned
81997,1404,unassigned
81998,1778,unassigned
81999,1404,unassigned
82000,1404,unassigned
82001,1404,unassigned
82002,1404,unassigned
82003,1404,unassigned
82004,1404,unassigned
82005,1404,unassigned
82006,1404,unassigned
82007,1404,unassigned
82008,1404,unassigned
82009,1404,unassigned
82010,1773,Excitatory_Neuron
82011,1404,unassigned
82012,1762,Excitatory_Neuron
82013,1404,unassigned
82014,1404,unassigned
82015,1404,unassigned
82016,1404,unassigned
82017,1404,unassigned
82018,1404,unassigned
82019,1404,unassigned
82020,1404,unassigned
82021,1404,unassigned
82022,1404,unassigned
82023,1404,unassigned
82024,1404,unassigned
82025,1404,unassigned
82026,1404,unassigned
82027,1404,unassigned
82028,1404,unassigned
82029,1404,unassigned
82030,1773,Excitatory_Neuron
82031,1404,unassigned
82032,1404,unassigned
82033,1762,Excitatory_Neuron
82034,1762,Excitatory_Neuron
82035,1404,unassigned
82036,1404,unassigned
82037,1767,Excitatory_Neuron
82038,1404,unassigned
82039,1404,unassigned
82040,1404,unassigned
82041,1404,unassigned
82042,1404,unassigned
82043,1404,unassigned
82044,1773,Excitatory_Neuron
82045,1773,Excitatory_Neuron
82046,1773,Excitatory_Neuron
82047,1404,unassigned
82048,1404,unassigned
82049,1404,unassigned
82050,1404,unassigned
82051,1777,Excitatory_Neuron
82052,1404,unassigned
82053,1404,unassigned
82054,1404,unassigned
82055,1404,unassigned
82056,1767,Excitatory_Neuron
82057,1406,Excitatory_Neuron
82058,1404,unassigned
82059,1404,unassigned
82060,1404,unassigned
82061,1404,unassigned
82062,1404,unassigned
82063,1404,unassigned
82064,1406,Excitatory_Neuron
82065,1404,unassigned
82066,1404,unassigned
82067,1764,Excitatory_Neuron
82068,1768,unassigned
82069,1404,unassigned
82070,1404,unassigned
82071,1404,unassigned
82072,1404,unassigned
82073,1404,unassigned
82074,1773,Excitatory_Neuron
82075,1404,unassigned
82076,1404,unassigned
82077,1404,unassigned
82078,1404,unassigned
82079,1404,unassigned
82080,1404,unassigned
82081,1404,unassigned
82082,1404,unassigned
82083,1404,unassigned
82084,1404,unassigned
82085,1764,Excitatory_Neuron
82086,1404,unassigned
82087,1404,unassigned
82088,1404,unassigned
82089,1404,unassigned
82090,1404,unassigned
82091,1404,unassigned
82092,1404,unassigned
82093,1762,Excitatory_Neuron
82094,1404,unassigned
82095,1404,unassigned
82096,1777,Excitatory_Neuron
82097,1404,unassigned
82098,1762,Excitatory_Neuron
82099,1762,Excitatory_Neuron
82100,1404,unassigned
82101,1404,unassigned
82102,1404,unassigned
82103,1404,unassigned
82104,1404,unassigned
82105,1775,unassigned
82106,1404,unassigned
82107,1767,Excitatory_Neuron
82108,1404,unassigned
82109,1404,unassigned
82110,1404,unassigned
82111,1404,unassigned
82112,1779,unassigned
82113,1404,unassigned
82114,1404,unassigned
82115,1404,unassigned
82116,1773,Excitatory_Neuron
82117,1762,Excitatory_Neuron
82118,1762,Excitatory_Neuron
82119,1765,Excitatory_Neuron
82120,1404,unassigned
82121,1404,unassigned
82122,1404,unassigned
82123,1404,unassigned
82124,1404,unassigned
82125,1404,unassigned
82126,1404,unassigned
82127,1404,unassigned
82128,1404,unassigned
82129,1404,unassigned
82130,1764,Excitatory_Neuron
82131,1404,unassigned
82132,1404,unassigned
82133,1404,unassigned
82134,1772,Excitatory_Neuron
82135,1404,unassigned
82136,1404,unassigned
82137,1404,unassigned
82138,1404,unassigned
82139,1773,Excitatory_Neuron
82140,1773,Excitatory_Neuron
82141,1777,Excitatory_Neuron
82142,1762,Excitatory_Neuron
82143,1762,Excitatory_Neuron
82144,1404,unassigned
82145,1404,unassigned
82146,1767,Excitatory_Neuron
82147,1404,unassigned
82148,1404,unassigned
82149,1778,unassigned
82150,1404,unassigned
82151,1780,Excitatory_Neuron
82152,1404,unassigned
82153,1404,unassigned
82154,1404,unassigned
82155,1404,unassigned
82156,1404,unassigned
82157,1404,unassigned
82158,1404,unassigned
82159,1404,unassigned
82160,1404,unassigned
82161,1404,unassigned
82162,1404,unassigned
82163,1773,Excitatory_Neuron
82164,1404,unassigned
82165,1773,Excitatory_Neuron
82166,1404,unassigned
82167,1762,Excitatory_Neuron
82168,1404,unassigned
82169,1404,unassigned
82170,1404,unassigned
82171,1404,unassigned
82172,1404,unassigned
82173,1404,unassigned
82174,1766,unassigned
82175,1404,unassigned
82176,1406,Excitatory_Neuron
82177,1404,unassigned
82178,1404,unassigned
82179,1404,unassigned
82180,1772,Excitatory_Neuron
82181,1404,unassigned
82182,1773,Excitatory_Neuron
82183,1404,unassigned
82184,1404,unassigned
82185,1404,unassigned
82186,1404,unassigned
82187,1767,Excitatory_Neuron
82188,1404,unassigned
82189,1767,Excitatory_Neuron
82190,1404,unassigned
82191,1404,unassigned
82192,1404,unassigned
82193,1404,unassigned
82194,1404,unassigned
82195,1772,Excitatory_Neuron
82196,1404,unassigned
82197,1404,unassigned
82198,1404,unassigned
82199,1404,unassigned
82200,1773,Excitatory_Neuron
82201,1762,Excitatory_Neuron
82202,1404,unassigned
82203,1762,Excitatory_Neuron
82204,1762,Excitatory_Neuron
82205,1765,Excitatory_Neuron
82206,1767,Excitatory_Neuron
82207,1406,Excitatory_Neuron
82208,1404,unassigned
82209,1404,unassigned
82210,1404,unassigned
82211,1404,unassigned
82212,1404,unassigned
82213,1404,unassigned
82214,1404,unassigned
82215,1762,Excitatory_Neuron
82216,1762,Excitatory_Neuron
82217,1762,Excitatory_Neuron
82218,1404,unassigned
82219,1404,unassigned
82220,1404,unassigned
82221,1404,unassigned
82222,1404,unassigned
82223,1778,unassigned
82224,1767,Excitatory_Neuron
82225,1404,unassigned
82226,1404,unassigned
82227,1764,Excitatory_Neuron
82228,1404,unassigned
82229,1404,unassigned
82230,1404,unassigned
82231,1404,unassigned
82232,1404,unassigned
82233,1404,unassigned
82234,1404,unassigned
82235,1404,unassigned
82236,1404,unassigned
82237,1762,Excitatory_Neuron
82238,1404,unassigned
82239,1404,unassigned
82240,1404,unassigned
82241,1404,unassigned
82242,1404,unassigned
82243,1404,unassigned
82244,1404,unassigned
82245,1404,unassigned
82246,1406,Excitatory_Neuron
82247,1781,Excitatory_Neuron
82248,1406,Excitatory_Neuron
82249,1404,unassigned
82250,1764,Excitatory_Neuron
82251,1404,unassigned
82252,1404,unassigned
82253,1404,unassigned
82254,1404,unassigned
82255,1404,unassigned
82256,1404,unassigned
82257,1404,unassigned
82258,1404,unassigned
82259,1404,unassigned
82260,1765,Excitatory_Neuron
82261,1404,unassigned
82262,1762,Excitatory_Neuron
82263,1762,Excitatory_Neuron
82264,1404,unassigned
82265,1404,unassigned
82266,1404,unassigned
82267,1404,unassigned
82268,1780,Excitatory_Neuron
82269,1406,Excitatory_Neuron
82270,1780,Excitatory_Neuron
82271,1404,unassigned
82272,1404,unassigned
82273,1764,Excitatory_Neuron
82274,1772,Excitatory_Neuron
82275,1404,unassigned
82276,1404,unassigned
82277,1404,unassigned
82278,1404,unassigned
82279,1404,unassigned
82280,1773,Excitatory_Neuron
82281,1404,unassigned
82282,1404,unassigned
82283,1404,unassigned
82284,1404,unassigned
82285,1404,unassigned
82286,1404,unassigned
82287,1404,unassigned
82288,1767,Excitatory_Neuron
82289,1781,Excitatory_Neuron
82290,1404,unassigned
82291,1404,unassigned
82292,1404,unassigned
82293,1404,unassigned
82294,1404,unassigned
82295,1404,unassigned
82296,1404,unassigned
82297,1404,unassigned
82298,1762,Excitatory_Neuron
82299,1404,unassigned
82300,1765,Excitatory_Neuron
82301,1765,Excitatory_Neuron
82302,1404,unassigned
82303,1404,unassigned
82304,1781,Excitatory_Neuron
82305,1781,Excitatory_Neuron
82306,1767,Excitatory_Neuron
82307,1404,unassigned
82308,1404,unassigned
82309,1404,unassigned
82310,1404,unassigned
82311,1404,unassigned
82312,1404,unassigned
82313,1773,Excitatory_Neuron
82314,1762,Excitatory_Neuron
82315,1404,unassigned
82316,1762,Excitatory_Neuron
82317,1404,unassigned
82318,1777,Excitatory_Neuron
82319,1777,Excitatory_Neuron
82320,1404,unassigned
82321,1404,unassigned
82322,1404,unassigned
82323,1404,unassigned
82324,1775,unassigned
82325,1404,unassigned
82326,1404,unassigned
82327,1404,unassigned
82328,1781,Excitatory_Neuron
82329,1767,Excitatory_Neuron
82330,1404,unassigned
82331,1404,unassigned
82332,1764,Excitatory_Neuron
82333,1764,Excitatory_Neuron
82334,1764,Excitatory_Neuron
82335,1772,Excitatory_Neuron
82336,1404,unassigned
82337,1404,unassigned
82338,1404,unassigned
82339,1404,unassigned
82340,1404,unassigned
82341,1404,unassigned
82342,1404,unassigned
82343,1404,unassigned
82344,1404,unassigned
82345,1404,unassigned
82346,1404,unassigned
82347,1404,unassigned
82348,1404,unassigned
82349,1404,unassigned
82350,1404,unassigned
82351,1404,unassigned
82352,1404,unassigned
82353,1404,unassigned
82354,1404,unassigned
82355,1778,unassigned
82356,1406,Excitatory_Neuron
82357,1406,Excitatory_Neuron
82358,1404,unassigned
82359,1404,unassigned
82360,1404,unassigned
82361,1404,unassigned
82362,1404,unassigned
82363,1404,unassigned
82364,1404,unassigned
82365,1404,unassigned
82366,1404,unassigned
82367,1404,unassigned
82368,1404,unassigned
82369,1404,unassigned
82370,1777,Excitatory_Neuron
82371,1766,unassigned
82372,1404,unassigned
82373,1404,unassigned
82374,1404,unassigned
82375,1767,Excitatory_Neuron
82376,1404,unassigned
82377,1404,unassigned
82378,1404,unassigned
82379,1404,unassigned
82380,1404,unassigned
82381,1404,unassigned
82382,1404,unassigned
82383,1404,unassigned
82384,1404,unassigned
82385,1404,unassigned
82386,1762,Excitatory_Neuron
82387,1773,Excitatory_Neuron
82388,1765,Excitatory_Neuron
82389,1777,Excitatory_Neuron
82390,1404,unassigned
82391,1404,unassigned
82392,1767,Excitatory_Neuron
82393,1404,unassigned
82394,1406,Excitatory_Neuron
82395,1767,Excitatory_Neuron
82396,1767,Excitatory_Neuron
82397,1404,unassigned
82398,1404,unassigned
82399,1404,unassigned
82400,1772,Excitatory_Neuron
82401,1404,unassigned
82402,1404,unassigned
82403,1404,unassigned
82404,1404,unassigned
82405,1777,Excitatory_Neuron
82406,1765,Excitatory_Neuron
82407,1404,unassigned
82408,1781,Excitatory_Neuron
82409,1404,unassigned
82410,1404,unassigned
82411,1764,Excitatory_Neuron
82412,1772,Excitatory_Neuron
82413,1404,unassigned
82414,1777,Excitatory_Neuron
82415,1766,unassigned
82416,1404,unassigned
82417,1404,unassigned
82418,1769,unassigned
82419,1767,Excitatory_Neuron
82420,1780,Excitatory_Neuron
82421,1404,unassigned
82422,1404,unassigned
82423,1404,unassigned
82424,1404,unassigned
82425,1404,unassigned
82426,1404,unassigned
82427,1404,unassigned
82428,1404,unassigned
82429,1404,unassigned
82430,1404,unassigned
82431,1404,unassigned
82432,1404,unassigned
82433,1767,Excitatory_Neuron
82434,1404,unassigned
82435,1404,unassigned
82436,1404,unassigned
82437,1404,unassigned
82438,1404,unassigned
82439,1404,unassigned
82440,1404,unassigned
82441,1404,unassigned
82442,1404,unassigned
82443,1404,unassigned
82444,1764,Excitatory_Neuron
82445,1404,unassigned
82446,1404,unassigned
82447,1773,Excitatory_Neuron
82448,1404,unassigned
82449,1404,unassigned
82450,1404,unassigned
82451,1765,Excitatory_Neuron
82452,1404,unassigned
82453,1404,unassigned
82454,1404,unassigned
82455,1767,Excitatory_Neuron
82456,1404,unassigned
82457,1404,unassigned
82458,1404,unassigned
82459,1764,Excitatory_Neuron
82460,1404,unassigned
82461,1404,unassigned
82462,1404,unassigned
82463,1404,unassigned
82464,1404,unassigned
82465,1404,unassigned
82466,1404,unassigned
82467,1404,unassigned
82468,1404,unassigned
82469,1404,unassigned
82470,1404,unassigned
82471,1404,unassigned
82472,1404,unassigned
82473,1404,unassigned
82474,1404,unassigned
82475,1404,unassigned
82476,1404,unassigned
82477,1404,unassigned
82478,1404,unassigned
82479,1781,Excitatory_Neuron
82480,1406,Excitatory_Neuron
82481,1404,unassigned
82482,1404,unassigned
82483,1404,unassigned
82484,1764,Excitatory_Neuron
82485,1772,Excitatory_Neuron
82486,1404,unassigned
82487,1404,unassigned
82488,1404,unassigned
82489,1404,unassigned
82490,1762,Excitatory_Neuron
82491,1404,unassigned
82492,1766,unassigned
82493,1404,unassigned
82494,1404,unassigned
82495,1769,unassigned
82496,1404,unassigned
82497,1404,unassigned
82498,1404,unassigned
82499,1764,Excitatory_Neuron
82500,1404,unassigned
82501,1404,unassigned
82502,1404,unassigned
82503,1404,unassigned
82504,1404,unassigned
82505,1404,unassigned
82506,1404,unassigned
82507,1404,unassigned
82508,1777,Excitatory_Neuron
82509,1765,Excitatory_Neuron
82510,1404,unassigned
82511,1781,Excitatory_Neuron
82512,1404,unassigned
82513,1781,Excitatory_Neuron
82514,1404,unassigned
82515,1404,unassigned
82516,1404,unassigned
82517,1404,unassigned
82518,1404,unassigned
82519,1404,unassigned
82520,1404,unassigned
82521,1404,unassigned
82522,1404,unassigned
82523,1404,unassigned
82524,1404,unassigned
82525,1404,unassigned
82526,1404,unassigned
82527,1404,unassigned
82528,1404,unassigned
82529,1404,unassigned
82530,1404,unassigned
82531,1404,unassigned
82532,1404,unassigned
82533,1404,unassigned
82534,1781,Excitatory_Neuron
82535,1404,unassigned
82536,1404,unassigned
82537,1404,unassigned
82538,1779,unassigned
82539,1404,unassigned
82540,1404,unassigned
82541,1404,unassigned
82542,1404,unassigned
82543,1404,unassigned
82544,1404,unassigned
82545,1404,unassigned
82546,1404,unassigned
82547,1404,unassigned
82548,1766,unassigned
82549,1404,unassigned
82550,1404,unassigned
82551,1404,unassigned
82552,1404,unassigned
82553,1404,unassigned
82554,1405,Excitatory_Neuron
82555,1780,Excitatory_Neuron
82556,1404,unassigned
82557,1404,unassigned
82558,1404,unassigned
82559,1404,unassigned
82560,1404,unassigned
82561,1404,unassigned
82562,1404,unassigned
82563,1404,unassigned
82564,1404,unassigned
82565,1404,unassigned
82566,1404,unassigned
82567,1762,Excitatory_Neuron
82568,1404,unassigned
82569,1404,unassigned
82570,1762,Excitatory_Neuron
82571,1404,unassigned
82572,1404,unassigned
82573,1404,unassigned
82574,1404,unassigned
82575,1775,unassigned
82576,1404,unassigned
82577,1769,unassigned
82578,1406,Excitatory_Neuron
82579,1404,unassigned
82580,1404,unassigned
82581,1404,unassigned
82582,1404,unassigned
82583,1779,unassigned
82584,1404,unassigned
82585,1404,unassigned
82586,1404,unassigned
82587,1404,unassigned
82588,1765,Excitatory_Neuron
82589,1404,unassigned
82590,1404,unassigned
82591,1404,unassigned
82592,1405,Excitatory_Neuron
82593,1404,unassigned
82594,1404,unassigned
82595,1404,unassigned
82596,1404,unassigned
82597,1404,unassigned
82598,1404,unassigned
82599,1404,unassigned
82600,1404,unassigned
82601,1404,unassigned
82602,1764,Excitatory_Neuron
82603,1404,unassigned
82604,1404,unassigned
82605,1772,Excitatory_Neuron
82606,1404,unassigned
82607,1404,unassigned
82608,1404,unassigned
82609,1404,unassigned
82610,1404,unassigned
82611,1404,unassigned
82612,1404,unassigned
82613,1762,Excitatory_Neuron
82614,1404,unassigned
82615,1404,unassigned
82616,1404,unassigned
82617,1404,unassigned
82618,1404,unassigned
82619,1404,unassigned
82620,1404,unassigned
82621,1404,unassigned
82622,1404,unassigned
82623,1404,unassigned
82624,1404,unassigned
82625,1404,unassigned
82626,1781,Excitatory_Neuron
82627,1406,Excitatory_Neuron
82628,1404,unassigned
82629,1406,Excitatory_Neuron
82630,1404,unassigned
82631,1404,unassigned
82632,1404,unassigned
82633,1779,unassigned
82634,1404,unassigned
82635,1404,unassigned
82636,1404,unassigned
82637,1404,unassigned
82638,1782,unassigned
82639,1404,unassigned
82640,1404,unassigned
82641,1404,unassigned
82642,1777,Excitatory_Neuron
82643,1765,Excitatory_Neuron
82644,1404,unassigned
82645,1769,unassigned
82646,1404,unassigned
82647,1767,Excitatory_Neuron
82648,1767,Excitatory_Neuron
82649,1404,unassigned
82650,1404,unassigned
82651,1404,unassigned
82652,1404,unassigned
82653,1404,unassigned
82654,1404,unassigned
82655,1404,unassigned
82656,1773,Excitatory_Neuron
82657,1404,unassigned
82658,1773,Excitatory_Neuron
82659,1404,unassigned
82660,1404,unassigned
82661,1404,unassigned
82662,1404,unassigned
82663,1404,unassigned
82664,1404,unassigned
82665,1404,unassigned
82666,1404,unassigned
82667,1404,unassigned
82668,1404,unassigned
82669,1404,unassigned
82670,1404,unassigned
82671,1404,unassigned
82672,1764,Excitatory_Neuron
82673,1772,Excitatory_Neuron
82674,1404,unassigned
82675,1404,unassigned
82676,1404,unassigned
82677,1404,unassigned
82678,1404,unassigned
82679,1773,Excitatory_Neuron
82680,1773,Excitatory_Neuron
82681,1404,unassigned
82682,1404,unassigned
82683,1404,unassigned
82684,1404,unassigned
82685,1404,unassigned
82686,1404,unassigned
82687,1404,unassigned
82688,1404,unassigned
82689,1404,unassigned
82690,1404,unassigned
82691,1404,unassigned
82692,1764,Excitatory_Neuron
82693,1404,unassigned
82694,1404,unassigned
82695,1404,unassigned
82696,1762,Excitatory_Neuron
82697,1404,unassigned
82698,1777,Excitatory_Neuron
82699,1762,Excitatory_Neuron
82700,1404,unassigned
82701,1404,unassigned
82702,1767,Excitatory_Neuron
82703,1767,Excitatory_Neuron
82704,1404,unassigned
82705,1404,unassigned
82706,1404,unassigned
82707,1404,unassigned
82708,1404,unassigned
82709,1404,unassigned
82710,1404,unassigned
82711,1404,unassigned
82712,1404,unassigned
82713,1404,unassigned
82714,1777,Excitatory_Neuron
82715,1404,unassigned
82716,1404,unassigned
82717,1404,unassigned
82718,1404,unassigned
82719,1404,unassigned
82720,1404,unassigned
82721,1404,unassigned
82722,1404,unassigned
82723,1404,unassigned
82724,1404,unassigned
82725,1404,unassigned
82726,1404,unassigned
82727,1764,Excitatory_Neuron
82728,1404,unassigned
82729,1404,unassigned
82730,1772,Excitatory_Neuron
82731,1404,unassigned
82732,1404,unassigned
82733,1404,unassigned
82734,1777,Excitatory_Neuron
82735,1404,unassigned
82736,1404,unassigned
82737,1765,Excitatory_Neuron
82738,1404,unassigned
82739,1404,unassigned
82740,1404,unassigned
82741,1404,unassigned
82742,1404,unassigned
82743,1404,unassigned
82744,1404,unassigned
82745,1404,unassigned
82746,1404,unassigned
82747,1764,Excitatory_Neuron
82748,1404,unassigned
82749,1779,unassigned
82750,1404,unassigned
82751,1404,unassigned
82752,1404,unassigned
82753,1404,unassigned
82754,1404,unassigned
82755,1404,unassigned
82756,1404,unassigned
82757,1404,unassigned
82758,1404,unassigned
82759,1404,unassigned
82760,1762,Excitatory_Neuron
82761,1777,Excitatory_Neuron
82762,1404,unassigned
82763,1762,Excitatory_Neuron
82764,1404,unassigned
82765,1404,unassigned
82766,1404,unassigned
82767,1404,unassigned
82768,1769,unassigned
82769,1781,Excitatory_Neuron
82770,1404,unassigned
82771,1404,unassigned
82772,1404,unassigned
82773,1780,Excitatory_Neuron
82774,1404,unassigned
82775,1404,unassigned
82776,1404,unassigned
82777,1772,Excitatory_Neuron
82778,1772,Excitatory_Neuron
82779,1404,unassigned
82780,1777,Excitatory_Neuron
82781,1404,unassigned
82782,1404,unassigned
82783,1767,Excitatory_Neuron
82784,1404,unassigned
82785,1404,unassigned
82786,1404,unassigned
82787,1404,unassigned
82788,1404,unassigned
82789,1404,unassigned
82790,1404,unassigned
82791,1764,Excitatory_Neuron
82792,1404,unassigned
82793,1404,unassigned
82794,1772,Excitatory_Neuron
82795,1404,unassigned
82796,1772,Excitatory_Neuron
82797,1404,unassigned
82798,1404,unassigned
82799,1404,unassigned
82800,1404,unassigned
82801,1404,unassigned
82802,1404,unassigned
82803,1404,unassigned
82804,1773,Excitatory_Neuron
82805,1404,unassigned
82806,1762,Excitatory_Neuron
82807,1404,unassigned
82808,1404,unassigned
82809,1404,unassigned
82810,1781,Excitatory_Neuron
82811,1772,Excitatory_Neuron
82812,1404,unassigned
82813,1783,unassigned
82814,1404,unassigned
82815,1762,Excitatory_Neuron
82816,1404,unassigned
82817,1777,Excitatory_Neuron
82818,1404,unassigned
82819,1777,Excitatory_Neuron
82820,1404,unassigned
82821,1404,unassigned
82822,1404,unassigned
82823,1404,unassigned
82824,1767,Excitatory_Neuron
82825,1404,unassigned
82826,1767,Excitatory_Neuron
82827,1404,unassigned
82828,1404,unassigned
82829,1404,unassigned
82830,1404,unassigned
82831,1404,unassigned
82832,1404,unassigned
82833,1404,unassigned
82834,1772,Excitatory_Neuron
82835,1779,unassigned
82836,1404,unassigned
82837,1772,Excitatory_Neuron
82838,1404,unassigned
82839,1404,unassigned
82840,1404,unassigned
82841,1762,Excitatory_Neuron
82842,1762,Excitatory_Neuron
82843,1773,Excitatory_Neuron
82844,1404,unassigned
82845,1404,unassigned
82846,1762,Excitatory_Neuron
82847,1404,unassigned
82848,1777,Excitatory_Neuron
82849,1762,Excitatory_Neuron
82850,1404,unassigned
82851,1404,unassigned
82852,1404,unassigned
82853,1766,unassigned
82854,1404,unassigned
82855,1404,unassigned
82856,1404,unassigned
82857,1404,unassigned
82858,1404,unassigned
82859,1404,unassigned
82860,1404,unassigned
82861,1404,unassigned
82862,1404,unassigned
82863,1404,unassigned
82864,1404,unassigned
82865,1404,unassigned
82866,1777,Excitatory_Neuron
82867,1404,unassigned
82868,1404,unassigned
82869,1766,unassigned
82870,1404,unassigned
82871,1767,Excitatory_Neuron
82872,1406,Excitatory_Neuron
82873,1404,unassigned
82874,1404,unassigned
82875,1404,unassigned
82876,1764,Excitatory_Neuron
82877,1404,unassigned
82878,1404,unassigned
82879,1404,unassigned
82880,1772,Excitatory_Neuron
82881,1404,unassigned
82882,1404,unassigned
82883,1404,unassigned
82884,1404,unassigned
82885,1404,unassigned
82886,1404,unassigned
82887,1777,Excitatory_Neuron
82888,1762,Excitatory_Neuron
82889,1765,Excitatory_Neuron
82890,1404,unassigned
82891,1404,unassigned
82892,1404,unassigned
82893,1762,Excitatory_Neuron
82894,1404,unassigned
82895,1404,unassigned
82896,1404,unassigned
82897,1404,unassigned
82898,1405,Excitatory_Neuron
82899,1404,unassigned
82900,1404,unassigned
82901,1404,unassigned
82902,1404,unassigned
82903,1404,unassigned
82904,1772,Excitatory_Neuron
82905,1772,Excitatory_Neuron
82906,1784,Excitatory_Neuron
82907,1404,unassigned
82908,1404,unassigned
82909,1404,unassigned
82910,1404,unassigned
82911,1404,unassigned
82912,1762,Excitatory_Neuron
82913,1773,Excitatory_Neuron
82914,1762,Excitatory_Neuron
82915,1777,Excitatory_Neuron
82916,1762,Excitatory_Neuron
82917,1404,unassigned
82918,1404,unassigned
82919,1767,Excitatory_Neuron
82920,1404,unassigned
82921,1404,unassigned
82922,1404,unassigned
82923,1404,unassigned
82924,1404,unassigned
82925,1764,Excitatory_Neuron
82926,1404,unassigned
82927,1404,unassigned
82928,1404,unassigned
82929,1404,unassigned
82930,1404,unassigned
82931,1404,unassigned
82932,1773,Excitatory_Neuron
82933,1404,unassigned
82934,1773,Excitatory_Neuron
82935,1404,unassigned
82936,1762,Excitatory_Neuron
82937,1762,Excitatory_Neuron
82938,1762,Excitatory_Neuron
82939,1404,unassigned
82940,1404,unassigned
82941,1781,Excitatory_Neuron
82942,1406,Excitatory_Neuron
82943,1404,unassigned
82944,1404,unassigned
82945,1404,unassigned
82946,1404,unassigned
82947,1404,unassigned
82948,1404,unassigned
82949,1404,unassigned
82950,1404,unassigned
82951,1404,unassigned
82952,1404,unassigned
82953,1404,unassigned
82954,1406,Excitatory_Neuron
82955,1404,unassigned
82956,1404,unassigned
82957,1404,unassigned
82958,1404,unassigned
82959,1404,unassigned
82960,1764,Excitatory_Neuron
82961,1404,unassigned
82962,1773,Excitatory_Neuron
82963,1404,unassigned
82964,1404,unassigned
82965,1777,Excitatory_Neuron
82966,1404,unassigned
82967,1404,unassigned
82968,1404,unassigned
82969,1404,unassigned
82970,1767,Excitatory_Neuron
82971,1404,unassigned
82972,1406,Excitatory_Neuron
82973,1404,unassigned
82974,1404,unassigned
82975,1404,unassigned
82976,1404,unassigned
82977,1772,Excitatory_Neuron
82978,1772,Excitatory_Neuron
82979,1404,unassigned
82980,1404,unassigned
82981,1404,unassigned
82982,1404,unassigned
82983,1404,unassigned
82984,1777,Excitatory_Neuron
82985,1404,unassigned
82986,1404,unassigned
82987,1404,unassigned
82988,1404,unassigned
82989,1404,unassigned
82990,1404,unassigned
82991,1404,unassigned
82992,1404,unassigned
82993,1785,unassigned
82994,1785,unassigned
82995,1781,Excitatory_Neuron
82996,1404,unassigned
82997,1404,unassigned
82998,1404,unassigned
82999,1772,Excitatory_Neuron
83000,1404,unassigned
83001,1404,unassigned
83002,1404,unassigned
83003,1404,unassigned
83004,1773,Excitatory_Neuron
83005,1404,unassigned
83006,1404,unassigned
83007,1404,unassigned
83008,1404,unassigned
83009,1404,unassigned
83010,1404,unassigned
83011,1404,unassigned
83012,1767,Excitatory_Neuron
83013,1404,unassigned
83014,1404,unassigned
83015,1404,unassigned
83016,1404,unassigned
83017,1404,unassigned
83018,1404,unassigned
83019,1404,unassigned
83020,1773,Excitatory_Neuron
83021,1404,unassigned
83022,1769,unassigned
83023,1404,unassigned
83024,1767,Excitatory_Neuron
83025,1404,unassigned
83026,1404,unassigned
83027,1404,unassigned
83028,1404,unassigned
83029,1404,unassigned
83030,1404,unassigned
83031,1772,Excitatory_Neuron
83032,1404,unassigned
83033,1404,unassigned
83034,1765,Excitatory_Neuron
83035,1766,unassigned
83036,1404,unassigned
83037,1404,unassigned
83038,1404,unassigned
83039,1767,Excitatory_Neuron
83040,1404,unassigned
83041,1404,unassigned
83042,1404,unassigned
83043,1772,Excitatory_Neuron
83044,1404,unassigned
83045,1404,unassigned
83046,1772,Excitatory_Neuron
83047,1784,Excitatory_Neuron
83048,1404,unassigned
83049,1773,Excitatory_Neuron
83050,1404,unassigned
83051,1404,unassigned
83052,1404,unassigned
83053,1762,Excitatory_Neuron
83054,1404,unassigned
83055,1404,unassigned
83056,1404,unassigned
83057,1404,unassigned
83058,1404,unassigned
83059,1404,unassigned
83060,1772,Excitatory_Neuron
83061,1404,unassigned
83062,1404,unassigned
83063,1404,unassigned
83064,1404,unassigned
83065,1404,unassigned
83066,1404,unassigned
83067,1773,Excitatory_Neuron
83068,1404,unassigned
83069,1777,Excitatory_Neuron
83070,1404,unassigned
83071,1766,unassigned
83072,1404,unassigned
83073,1404,unassigned
83074,1767,Excitatory_Neuron
83075,1781,Excitatory_Neuron
83076,1404,unassigned
83077,1404,unassigned
83078,1404,unassigned
83079,1780,Excitatory_Neuron
83080,1404,unassigned
83081,1404,unassigned
83082,1404,unassigned
83083,1772,Excitatory_Neuron
83084,1404,unassigned
83085,1404,unassigned
83086,1784,Excitatory_Neuron
83087,1404,unassigned
83088,1404,unassigned
83089,1404,unassigned
83090,1404,unassigned
83091,1404,unassigned
83092,1404,unassigned
83093,1404,unassigned
83094,1404,unassigned
83095,1406,Excitatory_Neuron
83096,1769,unassigned
83097,1404,unassigned
83098,1404,unassigned
83099,1404,unassigned
83100,1404,unassigned
83101,1404,unassigned
83102,1404,unassigned
83103,1404,unassigned
83104,1404,unassigned
83105,1404,unassigned
83106,1404,unassigned
83107,1777,Excitatory_Neuron
83108,1404,unassigned
83109,1404,unassigned
83110,1404,unassigned
83111,1404,unassigned
83112,1404,unassigned
83113,1781,Excitatory_Neuron
83114,1785,unassigned
83115,1767,Excitatory_Neuron
83116,1404,unassigned
83117,1404,unassigned
83118,1404,unassigned
83119,1404,unassigned
83120,1404,unassigned
83121,1404,unassigned
83122,1404,unassigned
83123,1404,unassigned
83124,1404,unassigned
83125,1404,unassigned
83126,1404,unassigned
83127,1404,unassigned
83128,1404,unassigned
83129,1773,Excitatory_Neuron
83130,1762,Excitatory_Neuron
83131,1404,unassigned
83132,1404,unassigned
83133,1404,unassigned
83134,1767,Excitatory_Neuron
83135,1404,unassigned
83136,1785,unassigned
83137,1778,unassigned
83138,1406,Excitatory_Neuron
83139,1404,unassigned
83140,1404,unassigned
83141,1404,unassigned
83142,1404,unassigned
83143,1762,Excitatory_Neuron
83144,1762,Excitatory_Neuron
83145,1404,unassigned
83146,1404,unassigned
83147,1404,unassigned
83148,1404,unassigned
83149,1767,Excitatory_Neuron
83150,1404,unassigned
83151,1781,Excitatory_Neuron
83152,1404,unassigned
83153,1404,unassigned
83154,1404,unassigned
83155,1404,unassigned
83156,1404,unassigned
83157,1772,Excitatory_Neuron
83158,1404,unassigned
83159,1404,unassigned
83160,1404,unassigned
83161,1404,unassigned
83162,1404,unassigned
83163,1777,Excitatory_Neuron
83164,1765,Excitatory_Neuron
83165,1404,unassigned
83166,1404,unassigned
83167,1404,unassigned
83168,1404,unassigned
83169,1404,unassigned
83170,1767,Excitatory_Neuron
83171,1781,Excitatory_Neuron
83172,1404,unassigned
83173,1404,unassigned
83174,1406,Excitatory_Neuron
83175,1404,unassigned
83176,1404,unassigned
83177,1404,unassigned
83178,1404,unassigned
83179,1404,unassigned
83180,1404,unassigned
83181,1784,Excitatory_Neuron
83182,1404,unassigned
83183,1404,unassigned
83184,1404,unassigned
83185,1404,unassigned
83186,1404,unassigned
83187,1777,Excitatory_Neuron
83188,1777,Excitatory_Neuron
83189,1777,Excitatory_Neuron
83190,1404,unassigned
83191,1765,Excitatory_Neuron
83192,1404,unassigned
83193,1767,Excitatory_Neuron
83194,1404,unassigned
83195,1404,unassigned
83196,1404,unassigned
83197,1404,unassigned
83198,1404,unassigned
83199,1404,unassigned
83200,1404,unassigned
83201,1404,unassigned
83202,1404,unassigned
83203,1404,unassigned
83204,1404,unassigned
83205,1404,unassigned
83206,1404,unassigned
83207,1404,unassigned
83208,1404,unassigned
83209,1773,Excitatory_Neuron
83210,1404,unassigned
83211,1777,Excitatory_Neuron
83212,1404,unassigned
83213,1404,unassigned
83214,1766,unassigned
83215,1404,unassigned
83216,1404,unassigned
83217,1767,Excitatory_Neuron
83218,1404,unassigned
83219,1404,unassigned
83220,1404,unassigned
83221,1404,unassigned
83222,1404,unassigned
83223,1404,unassigned
83224,1404,unassigned
83225,1404,unassigned
83226,1762,Excitatory_Neuron
83227,1762,Excitatory_Neuron
83228,1404,unassigned
83229,1404,unassigned
83230,1404,unassigned
83231,1404,unassigned
83232,1785,unassigned
83233,1769,unassigned
83234,1780,Excitatory_Neuron
83235,1404,unassigned
83236,1404,unassigned
83237,1404,unassigned
83238,1404,unassigned
83239,1404,unassigned
83240,1404,unassigned
83241,1404,unassigned
83242,1404,unassigned
83243,1404,unassigned
83244,1773,Excitatory_Neuron
83245,1777,Excitatory_Neuron
83246,1404,unassigned
83247,1404,unassigned
83248,1404,unassigned
83249,1404,unassigned
83250,1404,unassigned
83251,1404,unassigned
83252,1404,unassigned
83253,1404,unassigned
83254,1404,unassigned
83255,1404,unassigned
83256,1404,unassigned
83257,1404,unassigned
83258,1404,unassigned
83259,1404,unassigned
83260,1404,unassigned
83261,1773,Excitatory_Neuron
83262,1762,Excitatory_Neuron
83263,1404,unassigned
83264,1404,unassigned
83265,1404,unassigned
83266,1404,unassigned
83267,1767,Excitatory_Neuron
83268,1404,unassigned
83269,1404,unassigned
83270,1404,unassigned
83271,1404,unassigned
83272,1404,unassigned
83273,1406,Excitatory_Neuron
83274,1404,unassigned
83275,1780,Excitatory_Neuron
83276,1404,unassigned
83277,1404,unassigned
83278,1404,unassigned
83279,1404,unassigned
83280,1404,unassigned
83281,1783,unassigned
83282,1786,unassigned
83283,1404,unassigned
83284,1404,unassigned
83285,1404,unassigned
83286,1405,Excitatory_Neuron
83287,1404,unassigned
83288,1780,Excitatory_Neuron
83289,1404,unassigned
83290,1404,unassigned
83291,1404,unassigned
83292,1404,unassigned
83293,1404,unassigned
83294,1764,Excitatory_Neuron
83295,1772,Excitatory_Neuron
83296,1404,unassigned
83297,1772,Excitatory_Neuron
83298,1404,unassigned
83299,1404,unassigned
83300,1762,Excitatory_Neuron
83301,1404,unassigned
83302,1404,unassigned
83303,1404,unassigned
83304,1777,Excitatory_Neuron
83305,1766,unassigned
83306,1404,unassigned
83307,1404,unassigned
83308,1404,unassigned
83309,1404,unassigned
83310,1404,unassigned
83311,1404,unassigned
83312,1404,unassigned
83313,1404,unassigned
83314,1404,unassigned
83315,1404,unassigned
83316,1404,unassigned
83317,1404,unassigned
83318,1762,Excitatory_Neuron
83319,1773,Excitatory_Neuron
83320,1786,unassigned
83321,1404,unassigned
83322,1765,Excitatory_Neuron
83323,1762,Excitatory_Neuron
83324,1404,unassigned
83325,1777,Excitatory_Neuron
83326,1404,unassigned
83327,1404,unassigned
83328,1767,Excitatory_Neuron
83329,1406,Excitatory_Neuron
83330,1404,unassigned
83331,1404,unassigned
83332,1404,unassigned
83333,1404,unassigned
83334,1404,unassigned
83335,1404,unassigned
83336,1404,unassigned
83337,1404,unassigned
83338,1404,unassigned
83339,1404,unassigned
83340,1773,Excitatory_Neuron
83341,1404,unassigned
83342,1762,Excitatory_Neuron
83343,1404,unassigned
83344,1404,unassigned
83345,1769,unassigned
83346,1404,unassigned
83347,1769,unassigned
83348,1404,unassigned
83349,1404,unassigned
83350,1404,unassigned
83351,1404,unassigned
83352,1404,unassigned
83353,1404,unassigned
83354,1404,unassigned
83355,1772,Excitatory_Neuron
83356,1404,unassigned
83357,1404,unassigned
83358,1404,unassigned
83359,1404,unassigned
83360,1404,unassigned
83361,1404,unassigned
83362,1773,Excitatory_Neuron
83363,1777,Excitatory_Neuron
83364,1404,unassigned
83365,1777,Excitatory_Neuron
83366,1404,unassigned
83367,1766,unassigned
83368,1404,unassigned
83369,1404,unassigned
83370,1404,unassigned
83371,1404,unassigned
83372,1404,unassigned
83373,1404,unassigned
83374,1404,unassigned
83375,1404,unassigned
83376,1404,unassigned
83377,1404,unassigned
83378,1404,unassigned
83379,1764,Excitatory_Neuron
83380,1772,Excitatory_Neuron
83381,1404,unassigned
83382,1404,unassigned
83383,1404,unassigned
83384,1404,unassigned
83385,1404,unassigned
83386,1404,unassigned
83387,1404,unassigned
83388,1777,Excitatory_Neuron
83389,1404,unassigned
83390,1404,unassigned
83391,1404,unassigned
83392,1404,unassigned
83393,1404,unassigned
83394,1404,unassigned
83395,1767,Excitatory_Neuron
83396,1404,unassigned
83397,1787,Excitatory_Neuron
83398,1404,unassigned
83399,1404,unassigned
83400,1780,Excitatory_Neuron
83401,1406,Excitatory_Neuron
83402,1404,unassigned
83403,1404,unassigned
83404,1404,unassigned
83405,1404,unassigned
83406,1404,unassigned
83407,1404,unassigned
83408,1404,unassigned
83409,1404,unassigned
83410,1783,unassigned
83411,1773,Excitatory_Neuron
83412,1773,Excitatory_Neuron
83413,1404,unassigned
83414,1773,Excitatory_Neuron
83415,1777,Excitatory_Neuron
83416,1404,unassigned
83417,1765,Excitatory_Neuron
83418,1404,unassigned
83419,1762,Excitatory_Neuron
83420,1404,unassigned
83421,1404,unassigned
83422,1404,unassigned
83423,1767,Excitatory_Neuron
83424,1404,unassigned
83425,1767,Excitatory_Neuron
83426,1404,unassigned
83427,1404,unassigned
83428,1404,unassigned
83429,1404,unassigned
83430,1404,unassigned
83431,1764,Excitatory_Neuron
83432,1404,unassigned
83433,1404,unassigned
83434,1404,unassigned
83435,1772,Excitatory_Neuron
83436,1404,unassigned
83437,1404,unassigned
83438,1404,unassigned
83439,1404,unassigned
83440,1404,unassigned
83441,1406,Excitatory_Neuron
83442,1404,unassigned
83443,1404,unassigned
83444,1404,unassigned
83445,1404,unassigned
83446,1404,unassigned
83447,1404,unassigned
83448,1404,unassigned
83449,1777,Excitatory_Neuron
83450,1404,unassigned
83451,1404,unassigned
83452,1404,unassigned
83453,1404,unassigned
83454,1404,unassigned
83455,1404,unassigned
83456,1780,Excitatory_Neuron
83457,1404,unassigned
83458,1404,unassigned
83459,1404,unassigned
83460,1404,unassigned
83461,1404,unassigned
83462,1404,unassigned
83463,1404,unassigned
83464,1404,unassigned
83465,1404,unassigned
83466,1404,unassigned
83467,1404,unassigned
83468,1404,unassigned
83469,1781,Excitatory_Neuron
83470,1404,unassigned
83471,1404,unassigned
83472,1404,unassigned
83473,1404,unassigned
83474,1404,unassigned
83475,1404,unassigned
83476,1404,unassigned
83477,1772,Excitatory_Neuron
83478,1772,Excitatory_Neuron
83479,1404,unassigned
83480,1404,unassigned
83481,1404,unassigned
83482,1404,unassigned
83483,1784,Excitatory_Neuron
83484,1762,Excitatory_Neuron
83485,1404,unassigned
83486,1762,Excitatory_Neuron
83487,1762,Excitatory_Neuron
83488,1404,unassigned
83489,1404,unassigned
83490,1787,Excitatory_Neuron
83491,1404,unassigned
83492,1780,Excitatory_Neuron
83493,1780,Excitatory_Neuron
83494,1404,unassigned
83495,1404,unassigned
83496,1404,unassigned
83497,1404,unassigned
83498,1404,unassigned
83499,1772,Excitatory_Neuron
83500,1404,unassigned
83501,1779,unassigned
83502,1404,unassigned
83503,1772,Excitatory_Neuron
83504,1404,unassigned
83505,1404,unassigned
83506,1404,unassigned
83507,1404,unassigned
83508,1404,unassigned
83509,1783,unassigned
83510,1404,unassigned
83511,1762,Excitatory_Neuron
83512,1404,unassigned
83513,1773,Excitatory_Neuron
83514,1404,unassigned
83515,1404,unassigned
83516,1404,unassigned
83517,1766,unassigned
83518,1404,unassigned
83519,1404,unassigned
83520,1404,unassigned
83521,1404,unassigned
83522,1406,Excitatory_Neuron
83523,1404,unassigned
83524,1404,unassigned
83525,1404,unassigned
83526,1404,unassigned
83527,1404,unassigned
83528,1404,unassigned
83529,1404,unassigned
83530,1404,unassigned
83531,1404,unassigned
83532,1404,unassigned
83533,1404,unassigned
83534,1404,unassigned
83535,1404,unassigned
83536,1404,unassigned
83537,1777,Excitatory_Neuron
83538,1777,Excitatory_Neuron
83539,1404,unassigned
83540,1404,unassigned
83541,1404,unassigned
83542,1404,unassigned
83543,1777,Excitatory_Neuron
83544,1766,unassigned
83545,1787,Excitatory_Neuron
83546,1406,Excitatory_Neuron
83547,1780,Excitatory_Neuron
83548,1404,unassigned
83549,1404,unassigned
83550,1404,unassigned
83551,1404,unassigned
83552,1772,Excitatory_Neuron
83553,1404,unassigned
83554,1404,unassigned
83555,1404,unassigned
83556,1404,unassigned
83557,1404,unassigned
83558,1762,Excitatory_Neuron
83559,1404,unassigned
83560,1765,Excitatory_Neuron
83561,1404,unassigned
83562,1404,unassigned
83563,1767,Excitatory_Neuron
83564,1404,unassigned
83565,1787,Excitatory_Neuron
83566,1406,Excitatory_Neuron
83567,1767,Excitatory_Neuron
83568,1404,unassigned
83569,1780,Excitatory_Neuron
83570,1404,unassigned
83571,1404,unassigned
83572,1404,unassigned
83573,1404,unassigned
83574,1404,unassigned
83575,1404,unassigned
83576,1404,unassigned
83577,1783,unassigned
83578,1404,unassigned
83579,1404,unassigned
83580,1404,unassigned
83581,1762,Excitatory_Neuron
83582,1404,unassigned
83583,1404,unassigned
83584,1775,unassigned
83585,1404,unassigned
83586,1767,Excitatory_Neuron
83587,1787,Excitatory_Neuron
83588,1787,Excitatory_Neuron
83589,1787,Excitatory_Neuron
83590,1404,unassigned
83591,1404,unassigned
83592,1772,Excitatory_Neuron
83593,1404,unassigned
83594,1404,unassigned
83595,1404,unassigned
83596,1404,unassigned
83597,1404,unassigned
83598,1404,unassigned
83599,1773,Excitatory_Neuron
83600,1404,unassigned
83601,1773,Excitatory_Neuron
83602,1404,unassigned
83603,1788,Excitatory_Neuron
83604,1404,unassigned
83605,1404,unassigned
83606,1404,unassigned
83607,1404,unassigned
83608,1781,Excitatory_Neuron
83609,1781,Excitatory_Neuron
83610,1404,unassigned
83611,1404,unassigned
83612,1404,unassigned
83613,1404,unassigned
83614,1404,unassigned
83615,1404,unassigned
83616,1784,Excitatory_Neuron
83617,1404,unassigned
83618,1784,Excitatory_Neuron
83619,1404,unassigned
83620,1404,unassigned
83621,1783,unassigned
83622,1404,unassigned
83623,1404,unassigned
83624,1773,Excitatory_Neuron
83625,1404,unassigned
83626,1404,unassigned
83627,1404,unassigned
83628,1404,unassigned
83629,1404,unassigned
83630,1404,unassigned
83631,1404,unassigned
83632,1404,unassigned
83633,1404,unassigned
83634,1404,unassigned
83635,1404,unassigned
83636,1404,unassigned
83637,1404,unassigned
83638,1404,unassigned
83639,1404,unassigned
83640,1404,unassigned
83641,1404,unassigned
83642,1765,Excitatory_Neuron
83643,1777,Excitatory_Neuron
83644,1404,unassigned
83645,1406,Excitatory_Neuron
83646,1406,Excitatory_Neuron
83647,1406,Excitatory_Neuron
83648,1781,Excitatory_Neuron
83649,1404,unassigned
83650,1780,Excitatory_Neuron
83651,1404,unassigned
83652,1404,unassigned
83653,1404,unassigned
83654,1404,unassigned
83655,1404,unassigned
83656,1404,unassigned
83657,1404,unassigned
83658,1404,unassigned
83659,1404,unassigned
83660,1404,unassigned
83661,1404,unassigned
83662,1404,unassigned
83663,1404,unassigned
83664,1404,unassigned
83665,1762,Excitatory_Neuron
83666,1404,unassigned
83667,1404,unassigned
83668,1404,unassigned
83669,1777,Excitatory_Neuron
83670,1404,unassigned
83671,1404,unassigned
83672,1404,unassigned
83673,1781,Excitatory_Neuron
83674,1404,unassigned
83675,1404,unassigned
83676,1404,unassigned
83677,1404,unassigned
83678,1404,unassigned
83679,1404,unassigned
83680,1404,unassigned
83681,1404,unassigned
83682,1784,Excitatory_Neuron
83683,1784,Excitatory_Neuron
83684,1404,unassigned
83685,1404,unassigned
83686,1404,unassigned
83687,1404,unassigned
83688,1404,unassigned
83689,1773,Excitatory_Neuron
83690,1404,unassigned
83691,1404,unassigned
83692,1777,Excitatory_Neuron
83693,1404,unassigned
83694,1404,unassigned
83695,1404,unassigned
83696,1404,unassigned
83697,1781,Excitatory_Neuron
83698,1404,unassigned
83699,1404,unassigned
83700,1772,Excitatory_Neuron
83701,1784,Excitatory_Neuron
83702,1404,unassigned
83703,1404,unassigned
83704,1404,unassigned
83705,1404,unassigned
83706,1404,unassigned
83707,1762,Excitatory_Neuron
83708,1404,unassigned
83709,1762,Excitatory_Neuron
83710,1404,unassigned
83711,1788,Excitatory_Neuron
83712,1404,unassigned
83713,1404,unassigned
83714,1406,Excitatory_Neuron
83715,1787,Excitatory_Neuron
83716,1406,Excitatory_Neuron
83717,1406,Excitatory_Neuron
83718,1404,unassigned
83719,1404,unassigned
83720,1780,Excitatory_Neuron
83721,1404,unassigned
83722,1404,unassigned
83723,1404,unassigned
83724,1789,unassigned
83725,1404,unassigned
83726,1404,unassigned
83727,1404,unassigned
83728,1773,Excitatory_Neuron
83729,1404,unassigned
83730,1762,Excitatory_Neuron
83731,1788,Excitatory_Neuron
83732,1762,Excitatory_Neuron
83733,1762,Excitatory_Neuron
83734,1404,unassigned
83735,1404,unassigned
83736,1777,Excitatory_Neuron
83737,1404,unassigned
83738,1404,unassigned
83739,1404,unassigned
83740,1404,unassigned
83741,1404,unassigned
83742,1404,unassigned
83743,1404,unassigned
83744,1404,unassigned
83745,1404,unassigned
83746,1404,unassigned
83747,1404,unassigned
83748,1784,Excitatory_Neuron
83749,1404,unassigned
83750,1404,unassigned
83751,1404,unassigned
83752,1404,unassigned
83753,1762,Excitatory_Neuron
83754,1404,unassigned
83755,1788,Excitatory_Neuron
83756,1762,Excitatory_Neuron
83757,1762,Excitatory_Neuron
83758,1788,Excitatory_Neuron
83759,1404,unassigned
83760,1404,unassigned
83761,1404,unassigned
83762,1767,Excitatory_Neuron
83763,1769,unassigned
83764,1404,unassigned
83765,1404,unassigned
83766,1404,unassigned
83767,1404,unassigned
83768,1404,unassigned
83769,1404,unassigned
83770,1404,unassigned
83771,1404,unassigned
83772,1404,unassigned
83773,1762,Excitatory_Neuron
83774,1781,Excitatory_Neuron
83775,1780,Excitatory_Neuron
83776,1404,unassigned
83777,1780,Excitatory_Neuron
83778,1404,unassigned
83779,1404,unassigned
83780,1404,unassigned
83781,1404,unassigned
83782,1404,unassigned
83783,1404,unassigned
83784,1404,unassigned
83785,1404,unassigned
83786,1404,unassigned
83787,1404,unassigned
83788,1788,Excitatory_Neuron
83789,1404,unassigned
83790,1762,Excitatory_Neuron
83791,1777,Excitatory_Neuron
83792,1762,Excitatory_Neuron
83793,1404,unassigned
83794,1404,unassigned
83795,1787,Excitatory_Neuron
83796,1787,Excitatory_Neuron
83797,1404,unassigned
83798,1404,unassigned
83799,1404,unassigned
83800,1773,Excitatory_Neuron
83801,1404,unassigned
83802,1404,unassigned
83803,1788,Excitatory_Neuron
83804,1404,unassigned
83805,1404,unassigned
83806,1404,unassigned
83807,1406,Excitatory_Neuron
83808,1780,Excitatory_Neuron
83809,1404,unassigned
83810,1404,unassigned
83811,1404,unassigned
83812,1404,unassigned
83813,1404,unassigned
83814,1404,unassigned
83815,1773,Excitatory_Neuron
83816,1773,Excitatory_Neuron
83817,1404,unassigned
83818,1762,Excitatory_Neuron
83819,1404,unassigned
83820,1787,Excitatory_Neuron
83821,1767,Excitatory_Neuron
83822,1406,Excitatory_Neuron
83823,1404,unassigned
83824,1404,unassigned
83825,1404,unassigned
83826,1404,unassigned
83827,1772,Excitatory_Neuron
83828,1404,unassigned
83829,1773,Excitatory_Neuron
83830,1404,unassigned
83831,1765,Excitatory_Neuron
83832,1404,unassigned
83833,1404,unassigned
83834,1404,unassigned
83835,1404,unassigned
83836,1404,unassigned
83837,1781,Excitatory_Neuron
83838,1780,Excitatory_Neuron
83839,1404,unassigned
83840,1780,Excitatory_Neuron
83841,1404,unassigned
83842,1784,Excitatory_Neuron
83843,1404,unassigned
83844,1783,unassigned
83845,1404,unassigned
83846,1404,unassigned
83847,1404,unassigned
83848,1404,unassigned
83849,1762,Excitatory_Neuron
83850,1762,Excitatory_Neuron
83851,1404,unassigned
83852,1777,Excitatory_Neuron
83853,1404,unassigned
83854,1404,unassigned
83855,1404,unassigned
83856,1404,unassigned
83857,1404,unassigned
83858,1787,Excitatory_Neuron
83859,1781,Excitatory_Neuron
83860,1404,unassigned
83861,1404,unassigned
83862,1404,unassigned
83863,1404,unassigned
83864,1404,unassigned
83865,1779,unassigned
83866,1404,unassigned
83867,1404,unassigned
83868,1404,unassigned
83869,1762,Excitatory_Neuron
83870,1404,unassigned
83871,1765,Excitatory_Neuron
83872,1404,unassigned
83873,1404,unassigned
83874,1404,unassigned
83875,1767,Excitatory_Neuron
83876,1404,unassigned
83877,1781,Excitatory_Neuron
83878,1780,Excitatory_Neuron
83879,1780,Excitatory_Neuron
83880,1780,Excitatory_Neuron
83881,1404,unassigned
83882,1772,Excitatory_Neuron
83883,1784,Excitatory_Neuron
83884,1404,unassigned
83885,1404,unassigned
83886,1773,Excitatory_Neuron
83887,1404,unassigned
83888,1762,Excitatory_Neuron
83889,1404,unassigned
83890,1404,unassigned
83891,1762,Excitatory_Neuron
83892,1762,Excitatory_Neuron
83893,1777,Excitatory_Neuron
83894,1404,unassigned
83895,1404,unassigned
83896,1404,unassigned
83897,1404,unassigned
83898,1404,unassigned
83899,1404,unassigned
83900,1404,unassigned
83901,1404,unassigned
83902,1404,unassigned
83903,1404,unassigned
83904,1404,unassigned
83905,1404,unassigned
83906,1404,unassigned
83907,1404,unassigned
83908,1777,Excitatory_Neuron
83909,1404,unassigned
83910,1404,unassigned
83911,1404,unassigned
83912,1404,unassigned
83913,1404,unassigned
83914,1404,unassigned
83915,1404,unassigned
83916,1780,Excitatory_Neuron
83917,1404,unassigned
83918,1404,unassigned
83919,1404,unassigned
83920,1779,unassigned
83921,1404,unassigned
83922,1404,unassigned
83923,1404,unassigned
83924,1762,Excitatory_Neuron
83925,1404,unassigned
83926,1404,unassigned
83927,1404,unassigned
83928,1404,unassigned
83929,1404,unassigned
83930,1404,unassigned
83931,1404,unassigned
83932,1406,Excitatory_Neuron
83933,1780,Excitatory_Neuron
83934,1404,unassigned
83935,1404,unassigned
83936,1404,unassigned
83937,1404,unassigned
83938,1404,unassigned
83939,1404,unassigned
83940,1404,unassigned
83941,1404,unassigned
83942,1404,unassigned
83943,1404,unassigned
83944,1404,unassigned
83945,1404,unassigned
83946,1406,Excitatory_Neuron
83947,1767,Excitatory_Neuron
83948,1781,Excitatory_Neuron
83949,1781,Excitatory_Neuron
83950,1780,Excitatory_Neuron
83951,1780,Excitatory_Neuron
83952,1780,Excitatory_Neuron
83953,1404,unassigned
83954,1404,unassigned
83955,1404,unassigned
83956,1783,unassigned
83957,1404,unassigned
83958,1404,unassigned
83959,1404,unassigned
83960,1404,unassigned
83961,1762,Excitatory_Neuron
83962,1762,Excitatory_Neuron
83963,1404,unassigned
83964,1404,unassigned
83965,1787,Excitatory_Neuron
83966,1406,Excitatory_Neuron
83967,1404,unassigned
83968,1772,Excitatory_Neuron
83969,1772,Excitatory_Neuron
83970,1404,unassigned
83971,1772,Excitatory_Neuron
83972,1784,Excitatory_Neuron
83973,1404,unassigned
83974,1788,Excitatory_Neuron
83975,1404,unassigned
83976,1780,Excitatory_Neuron
83977,1404,unassigned
83978,1404,unassigned
83979,1404,unassigned
83980,1404,unassigned
83981,1404,unassigned
83982,1404,unassigned
83983,1404,unassigned
83984,1404,unassigned
83985,1762,Excitatory_Neuron
83986,1404,unassigned
83987,1404,unassigned
83988,1762,Excitatory_Neuron
83989,1404,unassigned
83990,1404,unassigned
83991,1404,unassigned
83992,1767,Excitatory_Neuron
83993,1404,unassigned
83994,1767,Excitatory_Neuron
83995,1781,Excitatory_Neuron
83996,1404,unassigned
83997,1406,Excitatory_Neuron
83998,1780,Excitatory_Neuron
83999,1404,unassigned
84000,1404,unassigned
84001,1404,unassigned
84002,1772,Excitatory_Neuron
84003,1404,unassigned
84004,1784,Excitatory_Neuron
84005,1404,unassigned
84006,1788,Excitatory_Neuron
84007,1404,unassigned
84008,1404,unassigned
84009,1404,unassigned
84010,1404,unassigned
84011,1404,unassigned
84012,1404,unassigned
84013,1404,unassigned
84014,1404,unassigned
84015,1404,unassigned
84016,1404,unassigned
84017,1404,unassigned
84018,1767,Excitatory_Neuron
84019,1404,unassigned
84020,1787,Excitatory_Neuron
84021,1780,Excitatory_Neuron
84022,1404,unassigned
84023,1404,unassigned
84024,1404,unassigned
84025,1404,unassigned
84026,1404,unassigned
84027,1404,unassigned
84028,1772,Excitatory_Neuron
84029,1404,unassigned
84030,1404,unassigned
84031,1404,unassigned
84032,1404,unassigned
84033,1404,unassigned
84034,1404,unassigned
84035,1404,unassigned
84036,1762,Excitatory_Neuron
84037,1404,unassigned
84038,1777,Excitatory_Neuron
84039,1404,unassigned
84040,1780,Excitatory_Neuron
84041,1781,Excitatory_Neuron
84042,1404,unassigned
84043,1404,unassigned
84044,1404,unassigned
84045,1404,unassigned
84046,1779,unassigned
84047,1404,unassigned
84048,1784,Excitatory_Neuron
84049,1404,unassigned
84050,1404,unassigned
84051,1404,unassigned
84052,1404,unassigned
84053,1404,unassigned
84054,1404,unassigned
84055,1762,Excitatory_Neuron
84056,1762,Excitatory_Neuron
84057,1404,unassigned
84058,1404,unassigned
84059,1404,unassigned
84060,1404,unassigned
84061,1404,unassigned
84062,1404,unassigned
84063,1404,unassigned
84064,1404,unassigned
84065,1781,Excitatory_Neuron
84066,1406,Excitatory_Neuron
84067,1781,Excitatory_Neuron
84068,1404,unassigned
84069,1780,Excitatory_Neuron
84070,1780,Excitatory_Neuron
84071,1780,Excitatory_Neuron
84072,1404,unassigned
84073,1404,unassigned
84074,1404,unassigned
84075,1404,unassigned
84076,1404,unassigned
84077,1777,Excitatory_Neuron
84078,1404,unassigned
84079,1404,unassigned
84080,1404,unassigned
84081,1404,unassigned
84082,1404,unassigned
84083,1781,Excitatory_Neuron
84084,1404,unassigned
84085,1404,unassigned
84086,1404,unassigned
84087,1404,unassigned
84088,1404,unassigned
84089,1404,unassigned
84090,1404,unassigned
84091,1404,unassigned
84092,1404,unassigned
84093,1404,unassigned
84094,1404,unassigned
84095,1404,unassigned
84096,1404,unassigned
84097,1404,unassigned
84098,1404,unassigned
84099,1404,unassigned
84100,1767,Excitatory_Neuron
84101,1404,unassigned
84102,1780,Excitatory_Neuron
84103,1780,Excitatory_Neuron
84104,1780,Excitatory_Neuron
84105,1404,unassigned
84106,1404,unassigned
84107,1404,unassigned
84108,1404,unassigned
84109,1404,unassigned
84110,1762,Excitatory_Neuron
84111,1404,unassigned
84112,1762,Excitatory_Neuron
84113,1404,unassigned
84114,1404,unassigned
84115,1780,Excitatory_Neuron
84116,1780,Excitatory_Neuron
84117,1404,unassigned
84118,1404,unassigned
84119,1404,unassigned
84120,1404,unassigned
84121,1404,unassigned
84122,1404,unassigned
84123,1404,unassigned
84124,1762,Excitatory_Neuron
84125,1404,unassigned
84126,1762,Excitatory_Neuron
84127,1777,Excitatory_Neuron
84128,1777,Excitatory_Neuron
84129,1404,unassigned
84130,1404,unassigned
84131,1404,unassigned
84132,1781,Excitatory_Neuron
84133,1780,Excitatory_Neuron
84134,1780,Excitatory_Neuron
84135,1404,unassigned
84136,1404,unassigned
84137,1404,unassigned
84138,1404,unassigned
84139,1404,unassigned
84140,1404,unassigned
84141,1404,unassigned
84142,1404,unassigned
84143,1404,unassigned
84144,1784,Excitatory_Neuron
84145,1404,unassigned
84146,1404,unassigned
84147,1404,unassigned
84148,1762,Excitatory_Neuron
84149,1777,Excitatory_Neuron
84150,1765,Excitatory_Neuron
84151,1404,unassigned
84152,1767,Excitatory_Neuron
84153,1404,unassigned
84154,1780,Excitatory_Neuron
84155,1404,unassigned
84156,1404,unassigned
84157,1404,unassigned
84158,1404,unassigned
84159,1404,unassigned
84160,1404,unassigned
84161,1779,unassigned
84162,1404,unassigned
84163,1404,unassigned
84164,1767,Excitatory_Neuron
84165,1404,unassigned
84166,1404,unassigned
84167,1787,Excitatory_Neuron
84168,1404,unassigned
84169,1404,unassigned
84170,1404,unassigned
84171,1404,unassigned
84172,1404,unassigned
84173,1779,unassigned
84174,1779,unassigned
84175,1404,unassigned
84176,1762,Excitatory_Neuron
84177,1777,Excitatory_Neuron
84178,1404,unassigned
84179,1404,unassigned
84180,1762,Excitatory_Neuron
84181,1404,unassigned
84182,1404,unassigned
84183,1767,Excitatory_Neuron
84184,1787,Excitatory_Neuron
84185,1767,Excitatory_Neuron
84186,1780,Excitatory_Neuron
84187,1781,Excitatory_Neuron
84188,1404,unassigned
84189,1781,Excitatory_Neuron
84190,1404,unassigned
84191,1404,unassigned
84192,1404,unassigned
84193,1404,unassigned
84194,1404,unassigned
84195,1404,unassigned
84196,1404,unassigned
84197,1404,unassigned
84198,1404,unassigned
84199,1404,unassigned
84200,1404,unassigned
84201,1404,unassigned
84202,1404,unassigned
84203,1404,unassigned
84204,1404,unassigned
84205,1404,unassigned
84206,1404,unassigned
84207,1404,unassigned
84208,1767,Excitatory_Neuron
84209,1787,Excitatory_Neuron
84210,1767,Excitatory_Neuron
84211,1404,unassigned
84212,1404,unassigned
84213,1404,unassigned
84214,1404,unassigned
84215,1404,unassigned
84216,1404,unassigned
84217,1404,unassigned
84218,1784,Excitatory_Neuron
84219,1404,unassigned
84220,1772,Excitatory_Neuron
84221,1404,unassigned
84222,1404,unassigned
84223,1404,unassigned
84224,1765,Excitatory_Neuron
84225,1404,unassigned
84226,1404,unassigned
84227,1404,unassigned
84228,1404,unassigned
84229,1404,unassigned
84230,1404,unassigned
84231,1404,unassigned
84232,1767,Excitatory_Neuron
84233,1404,unassigned
84234,1775,unassigned
84235,1787,Excitatory_Neuron
84236,1780,Excitatory_Neuron
84237,1787,Excitatory_Neuron
84238,1780,Excitatory_Neuron
84239,1404,unassigned
84240,1404,unassigned
84241,1404,unassigned
84242,1784,Excitatory_Neuron
84243,1404,unassigned
84244,1404,unassigned
84245,1404,unassigned
84246,1404,unassigned
84247,1404,unassigned
84248,1762,Excitatory_Neuron
84249,1404,unassigned
84250,1404,unassigned
84251,1404,unassigned
84252,1404,unassigned
84253,1404,unassigned
84254,1404,unassigned
84255,1781,Excitatory_Neuron
84256,1767,Excitatory_Neuron
84257,1406,Excitatory_Neuron
84258,1404,unassigned
84259,1780,Excitatory_Neuron
84260,1780,Excitatory_Neuron
84261,1404,unassigned
84262,1404,unassigned
84263,1404,unassigned
84264,1404,unassigned
84265,1404,unassigned
84266,1404,unassigned
84267,1773,Excitatory_Neuron
84268,1777,Excitatory_Neuron
84269,1404,unassigned
84270,1404,unassigned
84271,1404,unassigned
84272,1780,Excitatory_Neuron
84273,1406,Excitatory_Neuron
84274,1404,unassigned
84275,1404,unassigned
84276,1404,unassigned
84277,1404,unassigned
84278,1404,unassigned
84279,1404,unassigned
84280,1404,unassigned
84281,1404,unassigned
84282,1788,Excitatory_Neuron
84283,1788,Excitatory_Neuron
84284,1404,unassigned
84285,1404,unassigned
84286,1404,unassigned
84287,1404,unassigned
84288,1780,Excitatory_Neuron
84289,1404,unassigned
84290,1404,unassigned
84291,1404,unassigned
84292,1404,unassigned
84293,1404,unassigned
84294,1404,unassigned
84295,1788,Excitatory_Neuron
84296,1404,unassigned
84297,1777,Excitatory_Neuron
84298,1404,unassigned
84299,1777,Excitatory_Neuron
84300,1404,unassigned
84301,1404,unassigned
84302,1404,unassigned
84303,1787,Excitatory_Neuron
84304,1781,Excitatory_Neuron
84305,1404,unassigned
84306,1404,unassigned
84307,1404,unassigned
84308,1404,unassigned
84309,1404,unassigned
84310,1404,unassigned
84311,1779,unassigned
84312,1404,unassigned
84313,1784,Excitatory_Neuron
84314,1404,unassigned
84315,1404,unassigned
84316,1404,unassigned
84317,1404,unassigned
84318,1777,Excitatory_Neuron
84319,1762,Excitatory_Neuron
84320,1404,unassigned
84321,1404,unassigned
84322,1404,unassigned
84323,1404,unassigned
84324,1404,unassigned
84325,1404,unassigned
84326,1781,Excitatory_Neuron
84327,1767,Excitatory_Neuron
84328,1780,Excitatory_Neuron
84329,1404,unassigned
84330,1404,unassigned
84331,1404,unassigned
84332,1404,unassigned
84333,1779,unassigned
84334,1784,Excitatory_Neuron
84335,1404,unassigned
84336,1404,unassigned
84337,1773,Excitatory_Neuron
84338,1404,unassigned
84339,1404,unassigned
84340,1404,unassigned
84341,1404,unassigned
84342,1404,unassigned
84343,1404,unassigned
84344,1404,unassigned
84345,1404,unassigned
84346,1404,unassigned
84347,1404,unassigned
84348,1404,unassigned
84349,1404,unassigned
84350,1781,Excitatory_Neuron
84351,1790,GABA_Neuron
84352,1780,Excitatory_Neuron
84353,1406,Excitatory_Neuron
84354,1404,unassigned
84355,1404,unassigned
84356,1404,unassigned
84357,1404,unassigned
84358,1404,unassigned
84359,1404,unassigned
84360,1404,unassigned
84361,1762,Excitatory_Neuron
84362,1762,Excitatory_Neuron
84363,1404,unassigned
84364,1404,unassigned
84365,1404,unassigned
84366,1404,unassigned
84367,1404,unassigned
84368,1404,unassigned
84369,1781,Excitatory_Neuron
84370,1780,Excitatory_Neuron
84371,1780,Excitatory_Neuron
84372,1404,unassigned
84373,1404,unassigned
84374,1404,unassigned
84375,1772,Excitatory_Neuron
84376,1404,unassigned
84377,1404,unassigned
84378,1762,Excitatory_Neuron
84379,1404,unassigned
84380,1404,unassigned
84381,1404,unassigned
84382,1777,Excitatory_Neuron
84383,1404,unassigned
84384,1769,unassigned
84385,1769,unassigned
84386,1781,Excitatory_Neuron
84387,1780,Excitatory_Neuron
84388,1404,unassigned
84389,1404,unassigned
84390,1404,unassigned
84391,1404,unassigned
84392,1404,unassigned
84393,1404,unassigned
84394,1404,unassigned
84395,1404,unassigned
84396,1404,unassigned
84397,1404,unassigned
84398,1404,unassigned
84399,1762,Excitatory_Neuron
84400,1773,Excitatory_Neuron
84401,1404,unassigned
84402,1404,unassigned
84403,1404,unassigned
84404,1404,unassigned
84405,1404,unassigned
84406,1404,unassigned
84407,1404,unassigned
84408,1404,unassigned
84409,1404,unassigned
84410,1404,unassigned
84411,1404,unassigned
84412,1781,Excitatory_Neuron
84413,1787,Excitatory_Neuron
84414,1404,unassigned
84415,1404,unassigned
84416,1784,Excitatory_Neuron
84417,1404,unassigned
84418,1789,unassigned
84419,1404,unassigned
84420,1404,unassigned
84421,1404,unassigned
84422,1404,unassigned
84423,1404,unassigned
84424,1404,unassigned
84425,1787,Excitatory_Neuron
84426,1404,unassigned
84427,1404,unassigned
84428,1404,unassigned
84429,1404,unassigned
84430,1404,unassigned
84431,1404,unassigned
84432,1404,unassigned
84433,1404,unassigned
84434,1404,unassigned
84435,1404,unassigned
84436,1773,Excitatory_Neuron
84437,1404,unassigned
84438,1781,Excitatory_Neuron
84439,1404,unassigned
84440,1780,Excitatory_Neuron
84441,1404,unassigned
84442,1404,unassigned
84443,1404,unassigned
84444,1404,unassigned
84445,1404,unassigned
84446,1404,unassigned
84447,1404,unassigned
84448,1404,unassigned
84449,1762,Excitatory_Neuron
84450,1773,Excitatory_Neuron
84451,1777,Excitatory_Neuron
84452,1404,unassigned
84453,1404,unassigned
84454,1404,unassigned
84455,1404,unassigned
84456,1404,unassigned
84457,1767,Excitatory_Neuron
84458,1404,unassigned
84459,1404,unassigned
84460,1404,unassigned
84461,1790,GABA_Neuron
84462,1404,unassigned
84463,1404,unassigned
84464,1404,unassigned
84465,1404,unassigned
84466,1404,unassigned
84467,1404,unassigned
84468,1784,Excitatory_Neuron
84469,1404,unassigned
84470,1404,unassigned
84471,1783,unassigned
84472,1404,unassigned
84473,1762,Excitatory_Neuron
84474,1404,unassigned
84475,1781,Excitatory_Neuron
84476,1787,Excitatory_Neuron
84477,1780,Excitatory_Neuron
84478,1404,unassigned
84479,1404,unassigned
84480,1404,unassigned
84481,1404,unassigned
84482,1404,unassigned
84483,1404,unassigned
84484,1404,unassigned
84485,1404,unassigned
84486,1404,unassigned
84487,1790,GABA_Neuron
84488,1781,Excitatory_Neuron
84489,1790,GABA_Neuron
84490,1404,unassigned
84491,1781,Excitatory_Neuron
84492,1404,unassigned
84493,1404,unassigned
84494,1404,unassigned
84495,1404,unassigned
84496,1404,unassigned
84497,1404,unassigned
84498,1404,unassigned
84499,1404,unassigned
84500,1773,Excitatory_Neuron
84501,1404,unassigned
84502,1404,unassigned
84503,1777,Excitatory_Neuron
84504,1404,unassigned
84505,1404,unassigned
84506,1404,unassigned
84507,1404,unassigned
84508,1404,unassigned
84509,1404,unassigned
84510,1781,Excitatory_Neuron
84511,1787,Excitatory_Neuron
84512,1406,Excitatory_Neuron
84513,1404,unassigned
84514,1406,Excitatory_Neuron
84515,1404,unassigned
84516,1404,unassigned
84517,1404,unassigned
84518,1404,unassigned
84519,1404,unassigned
84520,1404,unassigned
84521,1404,unassigned
84522,1783,unassigned
84523,1777,Excitatory_Neuron
84524,1404,unassigned
84525,1404,unassigned
84526,1404,unassigned
84527,1404,unassigned
84528,1404,unassigned
84529,1404,unassigned
84530,1404,unassigned
84531,1404,unassigned
84532,1772,Excitatory_Neuron
84533,1404,unassigned
84534,1404,unassigned
84535,1404,unassigned
84536,1404,unassigned
84537,1404,unassigned
84538,1404,unassigned
84539,1781,Excitatory_Neuron
84540,1781,Excitatory_Neuron
84541,1787,Excitatory_Neuron
84542,1781,Excitatory_Neuron
84543,1404,unassigned
84544,1404,unassigned
84545,1404,unassigned
84546,1404,unassigned
84547,1404,unassigned
84548,1404,unassigned
84549,1404,unassigned
84550,1404,unassigned
84551,1404,unassigned
84552,1772,Excitatory_Neuron
84553,1783,unassigned
84554,1783,unassigned
84555,1404,unassigned
84556,1404,unassigned
84557,1404,unassigned
84558,1404,unassigned
84559,1404,unassigned
84560,1404,unassigned
84561,1404,unassigned
84562,1769,unassigned
84563,1790,GABA_Neuron
84564,1404,unassigned
84565,1404,unassigned
84566,1404,unassigned
84567,1404,unassigned
84568,1404,unassigned
84569,1404,unassigned
84570,1784,Excitatory_Neuron
84571,1404,unassigned
84572,1404,unassigned
84573,1404,unassigned
84574,1404,unassigned
84575,1404,unassigned
84576,1404,unassigned
84577,1762,Excitatory_Neuron
84578,1788,Excitatory_Neuron
84579,1762,Excitatory_Neuron
84580,1404,unassigned
84581,1777,Excitatory_Neuron
84582,1404,unassigned
84583,1404,unassigned
84584,1404,unassigned
84585,1404,unassigned
84586,1406,Excitatory_Neuron
84587,1404,unassigned
84588,1404,unassigned
84589,1404,unassigned
84590,1404,unassigned
84591,1404,unassigned
84592,1772,Excitatory_Neuron
84593,1404,unassigned
84594,1772,Excitatory_Neuron
84595,1772,Excitatory_Neuron
84596,1404,unassigned
84597,1404,unassigned
84598,1404,unassigned
84599,1404,unassigned
84600,1783,unassigned
84601,1783,unassigned
84602,1404,unassigned
84603,1762,Excitatory_Neuron
84604,1404,unassigned
84605,1404,unassigned
84606,1404,unassigned
84607,1404,unassigned
84608,1767,Excitatory_Neuron
84609,1781,Excitatory_Neuron
84610,1404,unassigned
84611,1404,unassigned
84612,1404,unassigned
84613,1404,unassigned
84614,1404,unassigned
84615,1772,Excitatory_Neuron
84616,1404,unassigned
84617,1404,unassigned
84618,1404,unassigned
84619,1404,unassigned
84620,1762,Excitatory_Neuron
84621,1762,Excitatory_Neuron
84622,1404,unassigned
84623,1404,unassigned
84624,1404,unassigned
84625,1404,unassigned
84626,1406,Excitatory_Neuron
84627,1780,Excitatory_Neuron
84628,1404,unassigned
84629,1404,unassigned
84630,1404,unassigned
84631,1404,unassigned
84632,1404,unassigned
84633,1404,unassigned
84634,1789,unassigned
84635,1762,Excitatory_Neuron
84636,1404,unassigned
84637,1762,Excitatory_Neuron
84638,1404,unassigned
84639,1404,unassigned
84640,1404,unassigned
84641,1404,unassigned
84642,1790,GABA_Neuron
84643,1404,unassigned
84644,1781,Excitatory_Neuron
84645,1406,Excitatory_Neuron
84646,1404,unassigned
84647,1404,unassigned
84648,1404,unassigned
84649,1404,unassigned
84650,1404,unassigned
84651,1404,unassigned
84652,1404,unassigned
84653,1404,unassigned
84654,1762,Excitatory_Neuron
84655,1404,unassigned
84656,1404,unassigned
84657,1404,unassigned
84658,1790,GABA_Neuron
84659,1781,Excitatory_Neuron
84660,1787,Excitatory_Neuron
84661,1404,unassigned
84662,1404,unassigned
84663,1404,unassigned
84664,1772,Excitatory_Neuron
84665,1772,Excitatory_Neuron
84666,1404,unassigned
84667,1404,unassigned
84668,1404,unassigned
84669,1773,Excitatory_Neuron
84670,1404,unassigned
84671,1788,Excitatory_Neuron
84672,1404,unassigned
84673,1777,Excitatory_Neuron
84674,1404,unassigned
84675,1404,unassigned
84676,1781,Excitatory_Neuron
84677,1780,Excitatory_Neuron
84678,1404,unassigned
84679,1790,GABA_Neuron
84680,1404,unassigned
84681,1404,unassigned
84682,1404,unassigned
84683,1404,unassigned
84684,1404,unassigned
84685,1404,unassigned
84686,1404,unassigned
84687,1404,unassigned
84688,1404,unassigned
84689,1404,unassigned
84690,1404,unassigned
84691,1404,unassigned
84692,1783,unassigned
84693,1404,unassigned
84694,1404,unassigned
84695,1404,unassigned
84696,1762,Excitatory_Neuron
84697,1762,Excitatory_Neuron
84698,1777,Excitatory_Neuron
84699,1404,unassigned
84700,1404,unassigned
84701,1404,unassigned
84702,1404,unassigned
84703,1404,unassigned
84704,1780,Excitatory_Neuron
84705,1404,unassigned
84706,1780,Excitatory_Neuron
84707,1404,unassigned
84708,1404,unassigned
84709,1404,unassigned
84710,1404,unassigned
84711,1404,unassigned
84712,1404,unassigned
84713,1404,unassigned
84714,1777,Excitatory_Neuron
84715,1404,unassigned
84716,1404,unassigned
84717,1404,unassigned
84718,1404,unassigned
84719,1404,unassigned
84720,1404,unassigned
84721,1767,Excitatory_Neuron
84722,1404,unassigned
84723,1404,unassigned
84724,1404,unassigned
84725,1404,unassigned
84726,1404,unassigned
84727,1404,unassigned
84728,1772,Excitatory_Neuron
84729,1404,unassigned
84730,1404,unassigned
84731,1783,unassigned
84732,1404,unassigned
84733,1783,unassigned
84734,1404,unassigned
84735,1404,unassigned
84736,1777,Excitatory_Neuron
84737,1762,Excitatory_Neuron
84738,1404,unassigned
84739,1404,unassigned
84740,1404,unassigned
84741,1404,unassigned
84742,1404,unassigned
84743,1406,Excitatory_Neuron
84744,1404,unassigned
84745,1404,unassigned
84746,1404,unassigned
84747,1772,Excitatory_Neuron
84748,1404,unassigned
84749,1772,Excitatory_Neuron
84750,1772,Excitatory_Neuron
84751,1404,unassigned
84752,1404,unassigned
84753,1762,Excitatory_Neuron
84754,1777,Excitatory_Neuron
84755,1404,unassigned
84756,1791,unassigned
84757,1769,unassigned
84758,1781,Excitatory_Neuron
84759,1404,unassigned
84760,1404,unassigned
84761,1404,unassigned
84762,1404,unassigned
84763,1404,unassigned
84764,1784,Excitatory_Neuron
84765,1404,unassigned
84766,1792,unassigned
84767,1404,unassigned
84768,1404,unassigned
84769,1404,unassigned
84770,1762,Excitatory_Neuron
84771,1404,unassigned
84772,1404,unassigned
84773,1404,unassigned
84774,1406,Excitatory_Neuron
84775,1404,unassigned
84776,1404,unassigned
84777,1404,unassigned
84778,1784,Excitatory_Neuron
84779,1404,unassigned
84780,1404,unassigned
84781,1404,unassigned
84782,1404,unassigned
84783,1788,Excitatory_Neuron
84784,1762,Excitatory_Neuron
84785,1762,Excitatory_Neuron
84786,1404,unassigned
84787,1404,unassigned
84788,1777,Excitatory_Neuron
84789,1404,unassigned
84790,1404,unassigned
84791,1404,unassigned
84792,1787,Excitatory_Neuron
84793,1404,unassigned
84794,1404,unassigned
84795,1404,unassigned
84796,1404,unassigned
84797,1404,unassigned
84798,1404,unassigned
84799,1772,Excitatory_Neuron
84800,1404,unassigned
84801,1404,unassigned
84802,1404,unassigned
84803,1404,unassigned
84804,1404,unassigned
84805,1762,Excitatory_Neuron
84806,1404,unassigned
84807,1404,unassigned
84808,1404,unassigned
84809,1404,unassigned
84810,1793,unassigned
84811,1404,unassigned
84812,1404,unassigned
84813,1404,unassigned
84814,1787,Excitatory_Neuron
84815,1404,unassigned
84816,1404,unassigned
84817,1404,unassigned
84818,1404,unassigned
84819,1779,unassigned
84820,1784,Excitatory_Neuron
84821,1404,unassigned
84822,1404,unassigned
84823,1404,unassigned
84824,1783,unassigned
84825,1773,Excitatory_Neuron
84826,1404,unassigned
84827,1404,unassigned
84828,1777,Excitatory_Neuron
84829,1404,unassigned
84830,1404,unassigned
84831,1781,Excitatory_Neuron
84832,1404,unassigned
84833,1790,GABA_Neuron
84834,1404,unassigned
84835,1780,Excitatory_Neuron
84836,1404,unassigned
84837,1404,unassigned
84838,1404,unassigned
84839,1404,unassigned
84840,1404,unassigned
84841,1404,unassigned
84842,1404,unassigned
84843,1404,unassigned
84844,1404,unassigned
84845,1404,unassigned
84846,1404,unassigned
84847,1404,unassigned
84848,1404,unassigned
84849,1404,unassigned
84850,1404,unassigned
84851,1404,unassigned
84852,1404,unassigned
84853,1404,unassigned
84854,1404,unassigned
84855,1769,unassigned
84856,1769,unassigned
84857,1404,unassigned
84858,1404,unassigned
84859,1404,unassigned
84860,1780,Excitatory_Neuron
84861,1404,unassigned
84862,1404,unassigned
84863,1404,unassigned
84864,1404,unassigned
84865,1404,unassigned
84866,1404,unassigned
84867,1762,Excitatory_Neuron
84868,1762,Excitatory_Neuron
84869,1404,unassigned
84870,1404,unassigned
84871,1404,unassigned
84872,1404,unassigned
84873,1781,Excitatory_Neuron
84874,1781,Excitatory_Neuron
84875,1787,Excitatory_Neuron
84876,1404,unassigned
84877,1404,unassigned
84878,1404,unassigned
84879,1404,unassigned
84880,1784,Excitatory_Neuron
84881,1404,unassigned
84882,1404,unassigned
84883,1762,Excitatory_Neuron
84884,1404,unassigned
84885,1777,Excitatory_Neuron
84886,1788,Excitatory_Neuron
84887,1788,Excitatory_Neuron
84888,1404,unassigned
84889,1404,unassigned
84890,1404,unassigned
84891,1404,unassigned
84892,1404,unassigned
84893,1404,unassigned
84894,1404,unassigned
84895,1404,unassigned
84896,1781,Excitatory_Neuron
84897,1404,unassigned
84898,1406,Excitatory_Neuron
84899,1404,unassigned
84900,1404,unassigned
84901,1404,unassigned
84902,1404,unassigned
84903,1404,unassigned
84904,1772,Excitatory_Neuron
84905,1404,unassigned
84906,1404,unassigned
84907,1404,unassigned
84908,1404,unassigned
84909,1404,unassigned
84910,1404,unassigned
84911,1404,unassigned
84912,1404,unassigned
84913,1404,unassigned
84914,1404,unassigned
84915,1404,unassigned
84916,1404,unassigned
84917,1767,Excitatory_Neuron
84918,1781,Excitatory_Neuron
84919,1780,Excitatory_Neuron
84920,1406,Excitatory_Neuron
84921,1404,unassigned
84922,1404,unassigned
84923,1404,unassigned
84924,1404,unassigned
84925,1404,unassigned
84926,1404,unassigned
84927,1779,unassigned
84928,1404,unassigned
84929,1404,unassigned
84930,1404,unassigned
84931,1404,unassigned
84932,1404,unassigned
84933,1788,Excitatory_Neuron
84934,1404,unassigned
84935,1404,unassigned
84936,1404,unassigned
84937,1787,Excitatory_Neuron
84938,1404,unassigned
84939,1404,unassigned
84940,1780,Excitatory_Neuron
84941,1404,unassigned
84942,1404,unassigned
84943,1404,unassigned
84944,1784,Excitatory_Neuron
84945,1404,unassigned
84946,1404,unassigned
84947,1404,unassigned
84948,1404,unassigned
84949,1773,Excitatory_Neuron
84950,1404,unassigned
84951,1404,unassigned
84952,1404,unassigned
84953,1404,unassigned
84954,1404,unassigned
84955,1404,unassigned
84956,1404,unassigned
84957,1767,Excitatory_Neuron
84958,1780,Excitatory_Neuron
84959,1404,unassigned
84960,1404,unassigned
84961,1404,unassigned
84962,1404,unassigned
84963,1404,unassigned
84964,1404,unassigned
84965,1404,unassigned
84966,1404,unassigned
84967,1404,unassigned
84968,1773,Excitatory_Neuron
84969,1404,unassigned
84970,1404,unassigned
84971,1788,Excitatory_Neuron
84972,1404,unassigned
84973,1404,unassigned
84974,1404,unassigned
84975,1404,unassigned
84976,1404,unassigned
84977,1404,unassigned
84978,1404,unassigned
84979,1404,unassigned
84980,1404,unassigned
84981,1404,unassigned
84982,1404,unassigned
84983,1404,unassigned
84984,1404,unassigned
84985,1404,unassigned
84986,1404,unassigned
84987,1404,unassigned
84988,1404,unassigned
84989,1783,unassigned
84990,1404,unassigned
84991,1404,unassigned
84992,1404,unassigned
84993,1404,unassigned
84994,1404,unassigned
84995,1788,Excitatory_Neuron
84996,1404,unassigned
84997,1404,unassigned
84998,1404,unassigned
84999,1404,unassigned
85000,1769,unassigned
85001,1780,Excitatory_Neuron
85002,1406,Excitatory_Neuron
85003,1404,unassigned
85004,1404,unassigned
85005,1404,unassigned
85006,1404,unassigned
85007,1404,unassigned
85008,1404,unassigned
85009,1404,unassigned
85010,1404,unassigned
85011,1404,unassigned
85012,1789,unassigned
85013,1404,unassigned
85014,1404,unassigned
85015,1404,unassigned
85016,1404,unassigned
85017,1404,unassigned
85018,1777,Excitatory_Neuron
85019,1777,Excitatory_Neuron
85020,1404,unassigned
85021,1404,unassigned
85022,1404,unassigned
85023,1404,unassigned
85024,1404,unassigned
85025,1787,Excitatory_Neuron
85026,1406,Excitatory_Neuron
85027,1404,unassigned
85028,1780,Excitatory_Neuron
85029,1404,unassigned
85030,1779,unassigned
85031,1772,Excitatory_Neuron
85032,1404,unassigned
85033,1404,unassigned
85034,1404,unassigned
85035,1788,Excitatory_Neuron
85036,1404,unassigned
85037,1404,unassigned
85038,1404,unassigned
85039,1404,unassigned
85040,1404,unassigned
85041,1404,unassigned
85042,1404,unassigned
85043,1404,unassigned
85044,1404,unassigned
85045,1404,unassigned
85046,1404,unassigned
85047,1404,unassigned
85048,1404,unassigned
85049,1404,unassigned
85050,1784,Excitatory_Neuron
85051,1404,unassigned
85052,1784,Excitatory_Neuron
85053,1783,unassigned
85054,1783,unassigned
85055,1404,unassigned
85056,1404,unassigned
85057,1404,unassigned
85058,1788,Excitatory_Neuron
85059,1404,unassigned
85060,1404,unassigned
85061,1787,Excitatory_Neuron
85062,1769,unassigned
85063,1404,unassigned
85064,1790,GABA_Neuron
85065,1780,Excitatory_Neuron
85066,1404,unassigned
85067,1772,Excitatory_Neuron
85068,1404,unassigned
85069,1404,unassigned
85070,1404,unassigned
85071,1404,unassigned
85072,1404,unassigned
85073,1404,unassigned
85074,1794,unassigned
85075,1788,Excitatory_Neuron
85076,1777,Excitatory_Neuron
85077,1404,unassigned
85078,1404,unassigned
85079,1404,unassigned
85080,1404,unassigned
85081,1404,unassigned
85082,1404,unassigned
85083,1404,unassigned
85084,1404,unassigned
85085,1781,Excitatory_Neuron
85086,1404,unassigned
85087,1780,Excitatory_Neuron
85088,1781,Excitatory_Neuron
85089,1780,Excitatory_Neuron
85090,1404,unassigned
85091,1404,unassigned
85092,1404,unassigned
85093,1404,unassigned
85094,1783,unassigned
85095,1404,unassigned
85096,1404,unassigned
85097,1404,unassigned
85098,1788,Excitatory_Neuron
85099,1404,unassigned
85100,1404,unassigned
85101,1781,Excitatory_Neuron
85102,1781,Excitatory_Neuron
85103,1404,unassigned
85104,1781,Excitatory_Neuron
85105,1404,unassigned
85106,1404,unassigned
85107,1404,unassigned
85108,1404,unassigned
85109,1404,unassigned
85110,1404,unassigned
85111,1404,unassigned
85112,1404,unassigned
85113,1404,unassigned
85114,1404,unassigned
85115,1772,Excitatory_Neuron
85116,1404,unassigned
85117,1404,unassigned
85118,1404,unassigned
85119,1404,unassigned
85120,1404,unassigned
85121,1784,Excitatory_Neuron
85122,1404,unassigned
85123,1404,unassigned
85124,1404,unassigned
85125,1404,unassigned
85126,1773,Excitatory_Neuron
85127,1777,Excitatory_Neuron
85128,1404,unassigned
85129,1404,unassigned
85130,1788,Excitatory_Neuron
85131,1404,unassigned
85132,1404,unassigned
85133,1404,unassigned
85134,1781,Excitatory_Neuron
85135,1781,Excitatory_Neuron
85136,1406,Excitatory_Neuron
85137,1780,Excitatory_Neuron
85138,1404,unassigned
85139,1404,unassigned
85140,1779,unassigned
85141,1404,unassigned
85142,1404,unassigned
85143,1404,unassigned
85144,1404,unassigned
85145,1762,Excitatory_Neuron
85146,1404,unassigned
85147,1404,unassigned
85148,1404,unassigned
85149,1404,unassigned
85150,1404,unassigned
85151,1781,Excitatory_Neuron
85152,1404,unassigned
85153,1406,Excitatory_Neuron
85154,1404,unassigned
85155,1404,unassigned
85156,1404,unassigned
85157,1404,unassigned
85158,1404,unassigned
85159,1772,Excitatory_Neuron
85160,1404,unassigned
85161,1404,unassigned
85162,1784,Excitatory_Neuron
85163,1404,unassigned
85164,1783,unassigned
85165,1404,unassigned
85166,1404,unassigned
85167,1404,unassigned
85168,1404,unassigned
85169,1404,unassigned
85170,1404,unassigned
85171,1404,unassigned
85172,1404,unassigned
85173,1777,Excitatory_Neuron
85174,1404,unassigned
85175,1404,unassigned
85176,1404,unassigned
85177,1404,unassigned
85178,1404,unassigned
85179,1404,unassigned
85180,1780,Excitatory_Neuron
85181,1404,unassigned
85182,1404,unassigned
85183,1404,unassigned
85184,1404,unassigned
85185,1404,unassigned
85186,1404,unassigned
85187,1404,unassigned
85188,1404,unassigned
85189,1777,Excitatory_Neuron
85190,1404,unassigned
85191,1404,unassigned
85192,1404,unassigned
85193,1404,unassigned
85194,1404,unassigned
85195,1790,GABA_Neuron
85196,1406,Excitatory_Neuron
85197,1780,Excitatory_Neuron
85198,1404,unassigned
85199,1404,unassigned
85200,1779,unassigned
85201,1404,unassigned
85202,1404,unassigned
85203,1404,unassigned
85204,1404,unassigned
85205,1404,unassigned
85206,1404,unassigned
85207,1777,Excitatory_Neuron
85208,1777,Excitatory_Neuron
85209,1404,unassigned
85210,1404,unassigned
85211,1404,unassigned
85212,1404,unassigned
85213,1790,GABA_Neuron
85214,1404,unassigned
85215,1780,Excitatory_Neuron
85216,1404,unassigned
85217,1404,unassigned
85218,1783,unassigned
85219,1788,Excitatory_Neuron
85220,1788,Excitatory_Neuron
85221,1404,unassigned
85222,1404,unassigned
85223,1404,unassigned
85224,1404,unassigned
85225,1404,unassigned
85226,1404,unassigned
85227,1787,Excitatory_Neuron
85228,1404,unassigned
85229,1404,unassigned
85230,1404,unassigned
85231,1404,unassigned
85232,1404,unassigned
85233,1772,Excitatory_Neuron
85234,1404,unassigned
85235,1404,unassigned
85236,1404,unassigned
85237,1404,unassigned
85238,1404,unassigned
85239,1788,Excitatory_Neuron
85240,1404,unassigned
85241,1777,Excitatory_Neuron
85242,1404,unassigned
85243,1788,Excitatory_Neuron
85244,1404,unassigned
85245,1404,unassigned
85246,1406,Excitatory_Neuron
85247,1404,unassigned
85248,1404,unassigned
85249,1404,unassigned
85250,1404,unassigned
85251,1772,Excitatory_Neuron
85252,1404,unassigned
85253,1404,unassigned
85254,1404,unassigned
85255,1404,unassigned
85256,1777,Excitatory_Neuron
85257,1404,unassigned
85258,1780,Excitatory_Neuron
85259,1406,Excitatory_Neuron
85260,1404,unassigned
85261,1404,unassigned
85262,1404,unassigned
85263,1404,unassigned
85264,1404,unassigned
85265,1404,unassigned
85266,1404,unassigned
85267,1784,Excitatory_Neuron
85268,1404,unassigned
85269,1784,Excitatory_Neuron
85270,1404,unassigned
85271,1404,unassigned
85272,1404,unassigned
85273,1404,unassigned
85274,1404,unassigned
85275,1781,Excitatory_Neuron
85276,1781,Excitatory_Neuron
85277,1781,Excitatory_Neuron
85278,1780,Excitatory_Neuron
85279,1404,unassigned
85280,1784,Excitatory_Neuron
85281,1404,unassigned
85282,1777,Excitatory_Neuron
85283,1762,Excitatory_Neuron
85284,1404,unassigned
85285,1404,unassigned
85286,1404,unassigned
85287,1404,unassigned
85288,1404,unassigned
85289,1404,unassigned
85290,1404,unassigned
85291,1795,unassigned
85292,1404,unassigned
85293,1404,unassigned
85294,1779,unassigned
85295,1772,Excitatory_Neuron
85296,1404,unassigned
85297,1404,unassigned
85298,1404,unassigned
85299,1404,unassigned
85300,1404,unassigned
85301,1781,Excitatory_Neuron
85302,1404,unassigned
85303,1787,Excitatory_Neuron
85304,1404,unassigned
85305,1404,unassigned
85306,1404,unassigned
85307,1780,Excitatory_Neuron
85308,1780,Excitatory_Neuron
85309,1404,unassigned
85310,1404,unassigned
85311,1784,Excitatory_Neuron
85312,1404,unassigned
85313,1404,unassigned
85314,1404,unassigned
85315,1404,unassigned
85316,1404,unassigned
85317,1404,unassigned
85318,1404,unassigned
85319,1404,unassigned
85320,1404,unassigned
85321,1787,Excitatory_Neuron
85322,1404,unassigned
85323,1780,Excitatory_Neuron
85324,1404,unassigned
85325,1404,unassigned
85326,1404,unassigned
85327,1404,unassigned
85328,1404,unassigned
85329,1404,unassigned
85330,1772,Excitatory_Neuron
85331,1404,unassigned
85332,1784,Excitatory_Neuron
85333,1404,unassigned
85334,1404,unassigned
85335,1404,unassigned
85336,1404,unassigned
85337,1788,Excitatory_Neuron
85338,1404,unassigned
85339,1404,unassigned
85340,1787,Excitatory_Neuron
85341,1780,Excitatory_Neuron
85342,1406,Excitatory_Neuron
85343,1404,unassigned
85344,1404,unassigned
85345,1404,unassigned
85346,1404,unassigned
85347,1404,unassigned
85348,1404,unassigned
85349,1404,unassigned
85350,1783,unassigned
85351,1404,unassigned
85352,1762,Excitatory_Neuron
85353,1404,unassigned
85354,1404,unassigned
85355,1404,unassigned
85356,1781,Excitatory_Neuron
85357,1787,Excitatory_Neuron
85358,1787,Excitatory_Neuron
85359,1780,Excitatory_Neuron
85360,1404,unassigned
85361,1404,unassigned
85362,1404,unassigned
85363,1404,unassigned
85364,1784,Excitatory_Neuron
85365,1404,unassigned
85366,1404,unassigned
85367,1404,unassigned
85368,1762,Excitatory_Neuron
85369,1404,unassigned
85370,1404,unassigned
85371,1404,unassigned
85372,1404,unassigned
85373,1404,unassigned
85374,1404,unassigned
85375,1404,unassigned
85376,1781,Excitatory_Neuron
85377,1787,Excitatory_Neuron
85378,1780,Excitatory_Neuron
85379,1404,unassigned
85380,1404,unassigned
85381,1404,unassigned
85382,1404,unassigned
85383,1404,unassigned
85384,1784,Excitatory_Neuron
85385,1772,Excitatory_Neuron
85386,1404,unassigned
85387,1404,unassigned
85388,1784,Excitatory_Neuron
85389,1404,unassigned
85390,1404,unassigned
85391,1781,Excitatory_Neuron
85392,1787,Excitatory_Neuron
85393,1767,Excitatory_Neuron
85394,1404,unassigned
85395,1404,unassigned
85396,1404,unassigned
85397,1404,unassigned
85398,1404,unassigned
85399,1404,unassigned
85400,1404,unassigned
85401,1404,unassigned
85402,1404,unassigned
85403,1404,unassigned
85404,1404,unassigned
85405,1404,unassigned
85406,1404,unassigned
85407,1404,unassigned
85408,1404,unassigned
85409,1777,Excitatory_Neuron
85410,1404,unassigned
85411,1404,unassigned
85412,1404,unassigned
85413,1404,unassigned
85414,1404,unassigned
85415,1787,Excitatory_Neuron
85416,1404,unassigned
85417,1404,unassigned
85418,1404,unassigned
85419,1404,unassigned
85420,1404,unassigned
85421,1404,unassigned
85422,1404,unassigned
85423,1404,unassigned
85424,1780,Excitatory_Neuron
85425,1404,unassigned
85426,1404,unassigned
85427,1404,unassigned
85428,1404,unassigned
85429,1784,Excitatory_Neuron
85430,1404,unassigned
85431,1404,unassigned
85432,1404,unassigned
85433,1404,unassigned
85434,1404,unassigned
85435,1404,unassigned
85436,1404,unassigned
85437,1404,unassigned
85438,1404,unassigned
85439,1404,unassigned
85440,1404,unassigned
85441,1780,Excitatory_Neuron
85442,1780,Excitatory_Neuron
85443,1404,unassigned
85444,1404,unassigned
85445,1404,unassigned
85446,1404,unassigned
85447,1404,unassigned
85448,1772,Excitatory_Neuron
85449,1404,unassigned
85450,1789,unassigned
85451,1404,unassigned
85452,1762,Excitatory_Neuron
85453,1404,unassigned
85454,1404,unassigned
85455,1404,unassigned
85456,1793,unassigned
85457,1404,unassigned
85458,1404,unassigned
85459,1404,unassigned
85460,1787,Excitatory_Neuron
85461,1780,Excitatory_Neuron
85462,1781,Excitatory_Neuron
85463,1780,Excitatory_Neuron
85464,1404,unassigned
85465,1404,unassigned
85466,1404,unassigned
85467,1404,unassigned
85468,1404,unassigned
85469,1772,Excitatory_Neuron
85470,1404,unassigned
85471,1404,unassigned
85472,1783,unassigned
85473,1404,unassigned
85474,1404,unassigned
85475,1762,Excitatory_Neuron
85476,1404,unassigned
85477,1404,unassigned
85478,1781,Excitatory_Neuron
85479,1404,unassigned
85480,1404,unassigned
85481,1772,Excitatory_Neuron
85482,1404,unassigned
85483,1404,unassigned
85484,1404,unassigned
85485,1404,unassigned
85486,1777,Excitatory_Neuron
85487,1404,unassigned
85488,1404,unassigned
85489,1404,unassigned
85490,1777,Excitatory_Neuron
85491,1404,unassigned
85492,1404,unassigned
85493,1404,unassigned
85494,1404,unassigned
85495,1404,unassigned
85496,1404,unassigned
85497,1404,unassigned
85498,1404,unassigned
85499,1404,unassigned
85500,1404,unassigned
85501,1789,unassigned
85502,1404,unassigned
85503,1404,unassigned
85504,1404,unassigned
85505,1404,unassigned
85506,1404,unassigned
85507,1404,unassigned
85508,1781,Excitatory_Neuron
85509,1404,unassigned
85510,1404,unassigned
85511,1404,unassigned
85512,1404,unassigned
85513,1404,unassigned
85514,1404,unassigned
85515,1404,unassigned
85516,1404,unassigned
85517,1404,unassigned
85518,1404,unassigned
85519,1404,unassigned
85520,1404,unassigned
85521,1404,unassigned
85522,1404,unassigned
85523,1404,unassigned
85524,1404,unassigned
85525,1404,unassigned
85526,1404,unassigned
85527,1404,unassigned
85528,1781,Excitatory_Neuron
85529,1780,Excitatory_Neuron
85530,1404,unassigned
85531,1404,unassigned
85532,1404,unassigned
85533,1404,unassigned
85534,1404,unassigned
85535,1404,unassigned
85536,1404,unassigned
85537,1404,unassigned
85538,1404,unassigned
85539,1404,unassigned
85540,1777,Excitatory_Neuron
85541,1404,unassigned
85542,1404,unassigned
85543,1404,unassigned
85544,1404,unassigned
85545,1404,unassigned
85546,1790,GABA_Neuron
85547,1781,Excitatory_Neuron
85548,1404,unassigned
85549,1404,unassigned
85550,1772,Excitatory_Neuron
85551,1404,unassigned
85552,1404,unassigned
85553,1404,unassigned
85554,1404,unassigned
85555,1404,unassigned
85556,1404,unassigned
85557,1787,Excitatory_Neuron
85558,1781,Excitatory_Neuron
85559,1404,unassigned
85560,1404,unassigned
85561,1404,unassigned
85562,1404,unassigned
85563,1404,unassigned
85564,1404,unassigned
85565,1404,unassigned
85566,1404,unassigned
85567,1404,unassigned
85568,1404,unassigned
85569,1790,GABA_Neuron
85570,1404,unassigned
85571,1404,unassigned
85572,1404,unassigned
85573,1404,unassigned
85574,1784,Excitatory_Neuron
85575,1784,Excitatory_Neuron
85576,1404,unassigned
85577,1404,unassigned
85578,1404,unassigned
85579,1404,unassigned
85580,1788,Excitatory_Neuron
85581,1404,unassigned
85582,1404,unassigned
85583,1404,unassigned
85584,1780,Excitatory_Neuron
85585,1404,unassigned
85586,1404,unassigned
85587,1404,unassigned
85588,1404,unassigned
85589,1404,unassigned
85590,1404,unassigned
85591,1783,unassigned
85592,1404,unassigned
85593,1404,unassigned
85594,1404,unassigned
85595,1404,unassigned
85596,1404,unassigned
85597,1777,Excitatory_Neuron
85598,1404,unassigned
85599,1404,unassigned
85600,1404,unassigned
85601,1404,unassigned
85602,1404,unassigned
85603,1767,Excitatory_Neuron
85604,1404,unassigned
85605,1404,unassigned
85606,1404,unassigned
85607,1404,unassigned
85608,1404,unassigned
85609,1404,unassigned
85610,1784,Excitatory_Neuron
85611,1404,unassigned
85612,1404,unassigned
85613,1404,unassigned
85614,1404,unassigned
85615,1404,unassigned
85616,1404,unassigned
85617,1404,unassigned
85618,1404,unassigned
85619,1777,Excitatory_Neuron
85620,1404,unassigned
85621,1404,unassigned
85622,1767,Excitatory_Neuron
85623,1404,unassigned
85624,1780,Excitatory_Neuron
85625,1404,unassigned
85626,1404,unassigned
85627,1404,unassigned
85628,1404,unassigned
85629,1404,unassigned
85630,1404,unassigned
85631,1404,unassigned
85632,1404,unassigned
85633,1404,unassigned
85634,1404,unassigned
85635,1788,Excitatory_Neuron
85636,1788,Excitatory_Neuron
85637,1404,unassigned
85638,1404,unassigned
85639,1404,unassigned
85640,1404,unassigned
85641,1406,Excitatory_Neuron
85642,1404,unassigned
85643,1404,unassigned
85644,1406,Excitatory_Neuron
85645,1404,unassigned
85646,1404,unassigned
85647,1404,unassigned
85648,1404,unassigned
85649,1772,Excitatory_Neuron
85650,1404,unassigned
85651,1783,unassigned
85652,1404,unassigned
85653,1404,unassigned
85654,1404,unassigned
85655,1777,Excitatory_Neuron
85656,1404,unassigned
85657,1404,unassigned
85658,1404,unassigned
85659,1404,unassigned
85660,1790,GABA_Neuron
85661,1404,unassigned
85662,1404,unassigned
85663,1772,Excitatory_Neuron
85664,1404,unassigned
85665,1404,unassigned
85666,1404,unassigned
85667,1404,unassigned
85668,1404,unassigned
85669,1404,unassigned
85670,1788,Excitatory_Neuron
85671,1404,unassigned
85672,1404,unassigned
85673,1777,Excitatory_Neuron
85674,1404,unassigned
85675,1404,unassigned
85676,1780,Excitatory_Neuron
85677,1781,Excitatory_Neuron
85678,1781,Excitatory_Neuron
85679,1404,unassigned
85680,1780,Excitatory_Neuron
85681,1404,unassigned
85682,1404,unassigned
85683,1404,unassigned
85684,1404,unassigned
85685,1404,unassigned
85686,1404,unassigned
85687,1404,unassigned
85688,1404,unassigned
85689,1404,unassigned
85690,1781,Excitatory_Neuron
85691,1404,unassigned
85692,1780,Excitatory_Neuron
85693,1404,unassigned
85694,1404,unassigned
85695,1404,unassigned
85696,1404,unassigned
85697,1404,unassigned
85698,1404,unassigned
85699,1404,unassigned
85700,1404,unassigned
85701,1404,unassigned
85702,1404,unassigned
85703,1404,unassigned
85704,1404,unassigned
85705,1404,unassigned
85706,1404,unassigned
85707,1404,unassigned
85708,1404,unassigned
85709,1404,unassigned
85710,1404,unassigned
85711,1404,unassigned
85712,1404,unassigned
85713,1787,Excitatory_Neuron
85714,1404,unassigned
85715,1404,unassigned
85716,1404,unassigned
85717,1404,unassigned
85718,1404,unassigned
85719,1404,unassigned
85720,1789,unassigned
85721,1404,unassigned
85722,1404,unassigned
85723,1404,unassigned
85724,1404,unassigned
85725,1404,unassigned
85726,1404,unassigned
85727,1404,unassigned
85728,1404,unassigned
85729,1404,unassigned
85730,1781,Excitatory_Neuron
85731,1404,unassigned
85732,1406,Excitatory_Neuron
85733,1781,Excitatory_Neuron
85734,1404,unassigned
85735,1404,unassigned
85736,1789,unassigned
85737,1404,unassigned
85738,1404,unassigned
85739,1762,Excitatory_Neuron
85740,1788,Excitatory_Neuron
85741,1404,unassigned
85742,1404,unassigned
85743,1777,Excitatory_Neuron
85744,1780,Excitatory_Neuron
85745,1404,unassigned
85746,1404,unassigned
85747,1404,unassigned
85748,1404,unassigned
85749,1404,unassigned
85750,1404,unassigned
85751,1404,unassigned
85752,1404,unassigned
85753,1777,Excitatory_Neuron
85754,1404,unassigned
85755,1788,Excitatory_Neuron
85756,1404,unassigned
85757,1404,unassigned
85758,1404,unassigned
85759,1404,unassigned
85760,1404,unassigned
85761,1404,unassigned
85762,1404,unassigned
85763,1787,Excitatory_Neuron
85764,1780,Excitatory_Neuron
85765,1404,unassigned
85766,1404,unassigned
85767,1404,unassigned
85768,1404,unassigned
85769,1404,unassigned
85770,1404,unassigned
85771,1404,unassigned
85772,1762,Excitatory_Neuron
85773,1404,unassigned
85774,1404,unassigned
85775,1404,unassigned
85776,1404,unassigned
85777,1404,unassigned
85778,1780,Excitatory_Neuron
85779,1404,unassigned
85780,1404,unassigned
85781,1404,unassigned
85782,1404,unassigned
85783,1404,unassigned
85784,1404,unassigned
85785,1404,unassigned
85786,1404,unassigned
85787,1404,unassigned
85788,1404,unassigned
85789,1404,unassigned
85790,1404,unassigned
85791,1793,unassigned
85792,1404,unassigned
85793,1404,unassigned
85794,1781,Excitatory_Neuron
85795,1781,Excitatory_Neuron
85796,1404,unassigned
85797,1404,unassigned
85798,1404,unassigned
85799,1404,unassigned
85800,1404,unassigned
85801,1772,Excitatory_Neuron
85802,1772,Excitatory_Neuron
85803,1404,unassigned
85804,1404,unassigned
85805,1789,unassigned
85806,1404,unassigned
85807,1404,unassigned
85808,1404,unassigned
85809,1404,unassigned
85810,1404,unassigned
85811,1404,unassigned
85812,1404,unassigned
85813,1404,unassigned
85814,1404,unassigned
85815,1404,unassigned
85816,1404,unassigned
85817,1404,unassigned
85818,1404,unassigned
85819,1784,Excitatory_Neuron
85820,1404,unassigned
85821,1404,unassigned
85822,1404,unassigned
85823,1404,unassigned
85824,1404,unassigned
85825,1404,unassigned
85826,1793,unassigned
85827,1404,unassigned
85828,1787,Excitatory_Neuron
85829,1404,unassigned
85830,1404,unassigned
85831,1404,unassigned
85832,1404,unassigned
85833,1404,unassigned
85834,1404,unassigned
85835,1772,Excitatory_Neuron
85836,1772,Excitatory_Neuron
85837,1404,unassigned
85838,1404,unassigned
85839,1404,unassigned
85840,1404,unassigned
85841,1404,unassigned
85842,1777,Excitatory_Neuron
85843,1762,Excitatory_Neuron
85844,1404,unassigned
85845,1777,Excitatory_Neuron
85846,1404,unassigned
85847,1404,unassigned
85848,1788,Excitatory_Neuron
85849,1788,Excitatory_Neuron
85850,1777,Excitatory_Neuron
85851,1404,unassigned
85852,1404,unassigned
85853,1404,unassigned
85854,1404,unassigned
85855,1404,unassigned
85856,1780,Excitatory_Neuron
85857,1404,unassigned
85858,1404,unassigned
85859,1404,unassigned
85860,1404,unassigned
85861,1404,unassigned
85862,1404,unassigned
85863,1404,unassigned
85864,1777,Excitatory_Neuron
85865,1762,Excitatory_Neuron
85866,1780,Excitatory_Neuron
85867,1404,unassigned
85868,1404,unassigned
85869,1404,unassigned
85870,1404,unassigned
85871,1772,Excitatory_Neuron
85872,1404,unassigned
85873,1404,unassigned
85874,1404,unassigned
85875,1404,unassigned
85876,1404,unassigned
85877,1783,unassigned
85878,1404,unassigned
85879,1404,unassigned
85880,1777,Excitatory_Neuron
85881,1788,Excitatory_Neuron
85882,1788,Excitatory_Neuron
85883,1788,Excitatory_Neuron
85884,1404,unassigned
85885,1777,Excitatory_Neuron
85886,1404,unassigned
85887,1404,unassigned
85888,1404,unassigned
85889,1793,unassigned
85890,1793,unassigned
85891,1781,Excitatory_Neuron
85892,1404,unassigned
85893,1404,unassigned
85894,1404,unassigned
85895,1404,unassigned
85896,1404,unassigned
85897,1404,unassigned
85898,1404,unassigned
85899,1404,unassigned
85900,1404,unassigned
85901,1404,unassigned
85902,1404,unassigned
85903,1404,unassigned
85904,1404,unassigned
85905,1762,Excitatory_Neuron
85906,1777,Excitatory_Neuron
85907,1404,unassigned
85908,1404,unassigned
85909,1404,unassigned
85910,1404,unassigned
85911,1793,unassigned
85912,1404,unassigned
85913,1404,unassigned
85914,1404,unassigned
85915,1404,unassigned
85916,1404,unassigned
85917,1404,unassigned
85918,1404,unassigned
85919,1772,Excitatory_Neuron
85920,1404,unassigned
85921,1404,unassigned
85922,1404,unassigned
85923,1404,unassigned
85924,1404,unassigned
85925,1788,Excitatory_Neuron
85926,1777,Excitatory_Neuron
85927,1404,unassigned
85928,1404,unassigned
85929,1404,unassigned
85930,1780,Excitatory_Neuron
85931,1404,unassigned
85932,1404,unassigned
85933,1404,unassigned
85934,1780,Excitatory_Neuron
85935,1404,unassigned
85936,1404,unassigned
85937,1404,unassigned
85938,1404,unassigned
85939,1404,unassigned
85940,1404,unassigned
85941,1772,Excitatory_Neuron
85942,1404,unassigned
85943,1404,unassigned
85944,1404,unassigned
85945,1404,unassigned
85946,1404,unassigned
85947,1404,unassigned
85948,1404,unassigned
85949,1404,unassigned
85950,1404,unassigned
85951,1404,unassigned
85952,1781,Excitatory_Neuron
85953,1404,unassigned
85954,1780,Excitatory_Neuron
85955,1404,unassigned
85956,1404,unassigned
85957,1780,Excitatory_Neuron
85958,1404,unassigned
85959,1404,unassigned
85960,1404,unassigned
85961,1404,unassigned
85962,1404,unassigned
85963,1404,unassigned
85964,1404,unassigned
85965,1404,unassigned
85966,1404,unassigned
85967,1404,unassigned
85968,1788,Excitatory_Neuron
85969,1404,unassigned
85970,1404,unassigned
85971,1404,unassigned
85972,1404,unassigned
85973,1793,unassigned
85974,1404,unassigned
85975,1404,unassigned
85976,1787,Excitatory_Neuron
85977,1781,Excitatory_Neuron
85978,1404,unassigned
85979,1787,Excitatory_Neuron
85980,1404,unassigned
85981,1404,unassigned
85982,1404,unassigned
85983,1404,unassigned
85984,1404,unassigned
85985,1404,unassigned
85986,1404,unassigned
85987,1784,Excitatory_Neuron
85988,1404,unassigned
85989,1404,unassigned
85990,1404,unassigned
85991,1404,unassigned
85992,1404,unassigned
85993,1788,Excitatory_Neuron
85994,1404,unassigned
85995,1404,unassigned
85996,1404,unassigned
85997,1404,unassigned
85998,1404,unassigned
85999,1780,Excitatory_Neuron
86000,1404,unassigned
86001,1404,unassigned
86002,1404,unassigned
86003,1404,unassigned
86004,1404,unassigned
86005,1404,unassigned
86006,1404,unassigned
86007,1783,unassigned
86008,1404,unassigned
86009,1404,unassigned
86010,1404,unassigned
86011,1788,Excitatory_Neuron
86012,1404,unassigned
86013,1404,unassigned
86014,1404,unassigned
86015,1404,unassigned
86016,1404,unassigned
86017,1404,unassigned
86018,1404,unassigned
86019,1404,unassigned
86020,1404,unassigned
86021,1790,GABA_Neuron
86022,1404,unassigned
86023,1404,unassigned
86024,1404,unassigned
86025,1404,unassigned
86026,1404,unassigned
86027,1404,unassigned
86028,1783,unassigned
86029,1404,unassigned
86030,1404,unassigned
86031,1404,unassigned
86032,1404,unassigned
86033,1404,unassigned
86034,1404,unassigned
86035,1404,unassigned
86036,1404,unassigned
86037,1404,unassigned
86038,1404,unassigned
86039,1404,unassigned
86040,1404,unassigned
86041,1404,unassigned
86042,1793,unassigned
86043,1404,unassigned
86044,1790,GABA_Neuron
86045,1404,unassigned
86046,1781,Excitatory_Neuron
86047,1404,unassigned
86048,1404,unassigned
86049,1404,unassigned
86050,1404,unassigned
86051,1404,unassigned
86052,1404,unassigned
86053,1404,unassigned
86054,1404,unassigned
86055,1777,Excitatory_Neuron
86056,1404,unassigned
86057,1404,unassigned
86058,1404,unassigned
86059,1404,unassigned
86060,1404,unassigned
86061,1404,unassigned
86062,1404,unassigned
86063,1404,unassigned
86064,1404,unassigned
86065,1772,Excitatory_Neuron
86066,1404,unassigned
86067,1404,unassigned
86068,1404,unassigned
86069,1404,unassigned
86070,1404,unassigned
86071,1404,unassigned
86072,1404,unassigned
86073,1404,unassigned
86074,1404,unassigned
86075,1404,unassigned
86076,1404,unassigned
86077,1788,Excitatory_Neuron
86078,1404,unassigned
86079,1777,Excitatory_Neuron
86080,1404,unassigned
86081,1404,unassigned
86082,1404,unassigned
86083,1404,unassigned
86084,1404,unassigned
86085,1404,unassigned
86086,1404,unassigned
86087,1793,unassigned
86088,1404,unassigned
86089,1404,unassigned
86090,1404,unassigned
86091,1404,unassigned
86092,1404,unassigned
86093,1404,unassigned
86094,1404,unassigned
86095,1404,unassigned
86096,1404,unassigned
86097,1404,unassigned
86098,1404,unassigned
86099,1404,unassigned
86100,1777,Excitatory_Neuron
86101,1793,unassigned
86102,1404,unassigned
86103,1404,unassigned
86104,1781,Excitatory_Neuron
86105,1404,unassigned
86106,1404,unassigned
86107,1404,unassigned
86108,1404,unassigned
86109,1404,unassigned
86110,1404,unassigned
86111,1404,unassigned
86112,1404,unassigned
86113,1404,unassigned
86114,1404,unassigned
86115,1404,unassigned
86116,1404,unassigned
86117,1404,unassigned
86118,1777,Excitatory_Neuron
86119,1404,unassigned
86120,1404,unassigned
86121,1404,unassigned
86122,1790,GABA_Neuron
86123,1404,unassigned
86124,1787,Excitatory_Neuron
86125,1404,unassigned
86126,1404,unassigned
86127,1404,unassigned
86128,1404,unassigned
86129,1404,unassigned
86130,1404,unassigned
86131,1404,unassigned
86132,1404,unassigned
86133,1404,unassigned
86134,1404,unassigned
86135,1404,unassigned
86136,1404,unassigned
86137,1404,unassigned
86138,1404,unassigned
86139,1777,Excitatory_Neuron
86140,1404,unassigned
86141,1404,unassigned
86142,1404,unassigned
86143,1404,unassigned
86144,1404,unassigned
86145,1404,unassigned
86146,1404,unassigned
86147,1404,unassigned
86148,1404,unassigned
86149,1404,unassigned
86150,1787,Excitatory_Neuron
86151,1404,unassigned
86152,1781,Excitatory_Neuron
86153,1780,Excitatory_Neuron
86154,1780,Excitatory_Neuron
86155,1404,unassigned
86156,1404,unassigned
86157,1404,unassigned
86158,1404,unassigned
86159,1404,unassigned
86160,1404,unassigned
86161,1404,unassigned
86162,1404,unassigned
86163,1404,unassigned
86164,1404,unassigned
86165,1404,unassigned
86166,1404,unassigned
86167,1404,unassigned
86168,1404,unassigned
86169,1404,unassigned
86170,1404,unassigned
86171,1404,unassigned
86172,1404,unassigned
86173,1404,unassigned
86174,1788,Excitatory_Neuron
86175,1788,Excitatory_Neuron
86176,1404,unassigned
86177,1406,Excitatory_Neuron
86178,1404,unassigned
86179,1404,unassigned
86180,1404,unassigned
86181,1404,unassigned
86182,1404,unassigned
86183,1404,unassigned
86184,1404,unassigned
86185,1788,Excitatory_Neuron
86186,1404,unassigned
86187,1404,unassigned
86188,1404,unassigned
86189,1781,Excitatory_Neuron
86190,1780,Excitatory_Neuron
86191,1404,unassigned
86192,1404,unassigned
86193,1404,unassigned
86194,1404,unassigned
86195,1404,unassigned
86196,1404,unassigned
86197,1404,unassigned
86198,1404,unassigned
86199,1404,unassigned
86200,1762,Excitatory_Neuron
86201,1762,Excitatory_Neuron
86202,1788,Excitatory_Neuron
86203,1777,Excitatory_Neuron
86204,1404,unassigned
86205,1404,unassigned
86206,1404,unassigned
86207,1790,GABA_Neuron
86208,1781,Excitatory_Neuron
86209,1404,unassigned
86210,1796,unassigned
86211,1404,unassigned
86212,1404,unassigned
86213,1404,unassigned
86214,1404,unassigned
86215,1404,unassigned
86216,1404,unassigned
86217,1404,unassigned
86218,1404,unassigned
86219,1404,unassigned
86220,1404,unassigned
86221,1404,unassigned
86222,1404,unassigned
86223,1777,Excitatory_Neuron
86224,1762,Excitatory_Neuron
86225,1404,unassigned
86226,1790,GABA_Neuron
86227,1781,Excitatory_Neuron
86228,1404,unassigned
86229,1404,unassigned
86230,1404,unassigned
86231,1796,unassigned
86232,1404,unassigned
86233,1404,unassigned
86234,1404,unassigned
86235,1404,unassigned
86236,1404,unassigned
86237,1404,unassigned
86238,1404,unassigned
86239,1404,unassigned
86240,1404,unassigned
86241,1404,unassigned
86242,1404,unassigned
86243,1404,unassigned
86244,1787,Excitatory_Neuron
86245,1404,unassigned
86246,1404,unassigned
86247,1404,unassigned
86248,1781,Excitatory_Neuron
86249,1404,unassigned
86250,1404,unassigned
86251,1404,unassigned
86252,1787,Excitatory_Neuron
86253,1404,unassigned
86254,1404,unassigned
86255,1404,unassigned
86256,1404,unassigned
86257,1404,unassigned
86258,1404,unassigned
86259,1404,unassigned
86260,1404,unassigned
86261,1404,unassigned
86262,1404,unassigned
86263,1404,unassigned
86264,1404,unassigned
86265,1404,unassigned
86266,1404,unassigned
86267,1404,unassigned
86268,1404,unassigned
86269,1404,unassigned
86270,1788,Excitatory_Neuron
86271,1404,unassigned
86272,1404,unassigned
86273,1404,unassigned
86274,1777,Excitatory_Neuron
86275,1404,unassigned
86276,1404,unassigned
86277,1404,unassigned
86278,1404,unassigned
86279,1404,unassigned
86280,1781,Excitatory_Neuron
86281,1404,unassigned
86282,1404,unassigned
86283,1404,unassigned
86284,1404,unassigned
86285,1404,unassigned
86286,1404,unassigned
86287,1788,Excitatory_Neuron
86288,1404,unassigned
86289,1404,unassigned
86290,1762,Excitatory_Neuron
86291,1404,unassigned
86292,1404,unassigned
86293,1404,unassigned
86294,1404,unassigned
86295,1404,unassigned
86296,1404,unassigned
86297,1404,unassigned
86298,1404,unassigned
86299,1780,Excitatory_Neuron
86300,1404,unassigned
86301,1404,unassigned
86302,1404,unassigned
86303,1404,unassigned
86304,1784,Excitatory_Neuron
86305,1404,unassigned
86306,1404,unassigned
86307,1404,unassigned
86308,1404,unassigned
86309,1404,unassigned
86310,1404,unassigned
86311,1788,Excitatory_Neuron
86312,1404,unassigned
86313,1404,unassigned
86314,1404,unassigned
86315,1404,unassigned
86316,1404,unassigned
86317,1404,unassigned
86318,1404,unassigned
86319,1404,unassigned
86320,1404,unassigned
86321,1404,unassigned
86322,1404,unassigned
86323,1404,unassigned
86324,1404,unassigned
86325,1404,unassigned
86326,1404,unassigned
86327,1404,unassigned
86328,1404,unassigned
86329,1404,unassigned
86330,1404,unassigned
86331,1404,unassigned
86332,1404,unassigned
86333,1788,Excitatory_Neuron
86334,1788,Excitatory_Neuron
86335,1404,unassigned
86336,1404,unassigned
86337,1781,Excitatory_Neuron
86338,1790,GABA_Neuron
86339,1781,Excitatory_Neuron
86340,1404,unassigned
86341,1404,unassigned
86342,1404,unassigned
86343,1404,unassigned
86344,1404,unassigned
86345,1404,unassigned
86346,1404,unassigned
86347,1404,unassigned
86348,1762,Excitatory_Neuron
86349,1404,unassigned
86350,1404,unassigned
86351,1404,unassigned
86352,1777,Excitatory_Neuron
86353,1404,unassigned
86354,1404,unassigned
86355,1404,unassigned
86356,1404,unassigned
86357,1781,Excitatory_Neuron
86358,1404,unassigned
86359,1404,unassigned
86360,1404,unassigned
86361,1404,unassigned
86362,1404,unassigned
86363,1404,unassigned
86364,1404,unassigned
86365,1404,unassigned
86366,1404,unassigned
86367,1404,unassigned
86368,1404,unassigned
86369,1404,unassigned
86370,1404,unassigned
86371,1404,unassigned
86372,1404,unassigned
86373,1404,unassigned
86374,1780,Excitatory_Neuron
86375,1404,unassigned
86376,1404,unassigned
86377,1404,unassigned
86378,1404,unassigned
86379,1404,unassigned
86380,1404,unassigned
86381,1404,unassigned
86382,1404,unassigned
86383,1404,unassigned
86384,1404,unassigned
86385,1404,unassigned
86386,1404,unassigned
86387,1404,unassigned
86388,1404,unassigned
86389,1790,GABA_Neuron
86390,1404,unassigned
86391,1404,unassigned
86392,1404,unassigned
86393,1404,unassigned
86394,1404,unassigned
86395,1404,unassigned
86396,1404,unassigned
86397,1404,unassigned
86398,1404,unassigned
86399,1777,Excitatory_Neuron
86400,1404,unassigned
86401,1404,unassigned
86402,1404,unassigned
86403,1790,GABA_Neuron
86404,1781,Excitatory_Neuron
86405,1780,Excitatory_Neuron
86406,1404,unassigned
86407,1404,unassigned
86408,1404,unassigned
86409,1404,unassigned
86410,1404,unassigned
86411,1404,unassigned
86412,1404,unassigned
86413,1404,unassigned
86414,1404,unassigned
86415,1788,Excitatory_Neuron
86416,1404,unassigned
86417,1788,Excitatory_Neuron
86418,1404,unassigned
86419,1404,unassigned
86420,1404,unassigned
86421,1404,unassigned
86422,1404,unassigned
86423,1404,unassigned
86424,1404,unassigned
86425,1404,unassigned
86426,1404,unassigned
86427,1404,unassigned
86428,1404,unassigned
86429,1404,unassigned
86430,1404,unassigned
86431,1404,unassigned
86432,1781,Excitatory_Neuron
86433,1781,Excitatory_Neuron
86434,1781,Excitatory_Neuron
86435,1404,unassigned
86436,1404,unassigned
86437,1404,unassigned
86438,1404,unassigned
86439,1404,unassigned
86440,1404,unassigned
86441,1404,unassigned
86442,1404,unassigned
86443,1404,unassigned
86444,1404,unassigned
86445,1404,unassigned
86446,1777,Excitatory_Neuron
86447,1777,Excitatory_Neuron
86448,1404,unassigned
86449,1404,unassigned
86450,1404,unassigned
86451,1404,unassigned
86452,1404,unassigned
86453,1404,unassigned
86454,1404,unassigned
86455,1404,unassigned
86456,1404,unassigned
86457,1404,unassigned
86458,1404,unassigned
86459,1404,unassigned
86460,1404,unassigned
86461,1404,unassigned
86462,1404,unassigned
86463,1404,unassigned
86464,1404,unassigned
86465,1404,unassigned
86466,1404,unassigned
86467,1404,unassigned
86468,1404,unassigned
86469,1404,unassigned
86470,1404,unassigned
86471,1404,unassigned
86472,1404,unassigned
86473,1404,unassigned
86474,1404,unassigned
86475,1790,GABA_Neuron
86476,1781,Excitatory_Neuron
86477,1404,unassigned
86478,1404,unassigned
86479,1404,unassigned
86480,1404,unassigned
86481,1772,Excitatory_Neuron
86482,1404,unassigned
86483,1404,unassigned
86484,1404,unassigned
86485,1404,unassigned
86486,1404,unassigned
86487,1404,unassigned
86488,1404,unassigned
86489,1404,unassigned
86490,1404,unassigned
86491,1404,unassigned
86492,1787,Excitatory_Neuron
86493,1790,GABA_Neuron
86494,1404,unassigned
86495,1404,unassigned
86496,1404,unassigned
86497,1404,unassigned
86498,1404,unassigned
86499,1404,unassigned
86500,1404,unassigned
86501,1404,unassigned
86502,1404,unassigned
86503,1404,unassigned
86504,1404,unassigned
86505,1404,unassigned
86506,1404,unassigned
86507,1404,unassigned
86508,1404,unassigned
86509,1404,unassigned
86510,1404,unassigned
86511,1404,unassigned
86512,1404,unassigned
86513,1790,GABA_Neuron
86514,1404,unassigned
86515,1404,unassigned
86516,1404,unassigned
86517,1404,unassigned
86518,1404,unassigned
86519,1404,unassigned
86520,1788,Excitatory_Neuron
86521,1788,Excitatory_Neuron
86522,1404,unassigned
86523,1404,unassigned
86524,1404,unassigned
86525,1404,unassigned
86526,1781,Excitatory_Neuron
86527,1790,GABA_Neuron
86528,1787,Excitatory_Neuron
86529,1404,unassigned
86530,1404,unassigned
86531,1404,unassigned
86532,1404,unassigned
86533,1404,unassigned
86534,1404,unassigned
86535,1783,unassigned
86536,1404,unassigned
86537,1404,unassigned
86538,1404,unassigned
86539,1404,unassigned
86540,1404,unassigned
86541,1404,unassigned
86542,1404,unassigned
86543,1404,unassigned
86544,1404,unassigned
86545,1404,unassigned
86546,1404,unassigned
86547,1404,unassigned
86548,1404,unassigned
86549,1404,unassigned
86550,1404,unassigned
86551,1404,unassigned
86552,1404,unassigned
86553,1777,Excitatory_Neuron
86554,1404,unassigned
86555,1404,unassigned
86556,1404,unassigned
86557,1404,unassigned
86558,1404,unassigned
86559,1404,unassigned
86560,1404,unassigned
86561,1404,unassigned
86562,1404,unassigned
86563,1781,Excitatory_Neuron
86564,1790,GABA_Neuron
86565,1404,unassigned
86566,1404,unassigned
86567,1404,unassigned
86568,1404,unassigned
86569,1404,unassigned
86570,1404,unassigned
86571,1404,unassigned
86572,1404,unassigned
86573,1404,unassigned
86574,1788,Excitatory_Neuron
86575,1404,unassigned
86576,1404,unassigned
86577,1404,unassigned
86578,1404,unassigned
86579,1404,unassigned
86580,1404,unassigned
86581,1404,unassigned
86582,1404,unassigned
86583,1404,unassigned
86584,1404,unassigned
86585,1404,unassigned
86586,1404,unassigned
86587,1404,unassigned
86588,1404,unassigned
86589,1404,unassigned
86590,1404,unassigned
86591,1404,unassigned
86592,1781,Excitatory_Neuron
86593,1404,unassigned
86594,1790,GABA_Neuron
86595,1797,unassigned
86596,1781,Excitatory_Neuron
86597,1404,unassigned
86598,1404,unassigned
86599,1404,unassigned
86600,1404,unassigned
86601,1772,Excitatory_Neuron
86602,1404,unassigned
86603,1404,unassigned
86604,1404,unassigned
86605,1404,unassigned
86606,1783,unassigned
86607,1404,unassigned
86608,1404,unassigned
86609,1404,unassigned
86610,1404,unassigned
86611,1404,unassigned
86612,1404,unassigned
86613,1404,unassigned
86614,1404,unassigned
86615,1404,unassigned
86616,1404,unassigned
86617,1404,unassigned
86618,1404,unassigned
86619,1404,unassigned
86620,1404,unassigned
86621,1404,unassigned
86622,1404,unassigned
86623,1790,GABA_Neuron
86624,1781,Excitatory_Neuron
86625,1404,unassigned
86626,1780,Excitatory_Neuron
86627,1404,unassigned
86628,1404,unassigned
86629,1404,unassigned
86630,1404,unassigned
86631,1404,unassigned
86632,1404,unassigned
86633,1404,unassigned
86634,1404,unassigned
86635,1404,unassigned
86636,1404,unassigned
86637,1790,GABA_Neuron
86638,1404,unassigned
86639,1781,Excitatory_Neuron
86640,1404,unassigned
86641,1404,unassigned
86642,1404,unassigned
86643,1789,unassigned
86644,1404,unassigned
86645,1404,unassigned
86646,1404,unassigned
86647,1404,unassigned
86648,1404,unassigned
86649,1777,Excitatory_Neuron
86650,1404,unassigned
86651,1777,Excitatory_Neuron
86652,1404,unassigned
86653,1404,unassigned
86654,1404,unassigned
86655,1404,unassigned
86656,1404,unassigned
86657,1781,Excitatory_Neuron
86658,1404,unassigned
86659,1404,unassigned
86660,1404,unassigned
86661,1404,unassigned
86662,1404,unassigned
86663,1404,unassigned
86664,1404,unassigned
86665,1404,unassigned
86666,1777,Excitatory_Neuron
86667,1404,unassigned
86668,1404,unassigned
86669,1404,unassigned
86670,1404,unassigned
86671,1404,unassigned
86672,1790,GABA_Neuron
86673,1404,unassigned
86674,1404,unassigned
86675,1404,unassigned
86676,1404,unassigned
86677,1404,unassigned
86678,1404,unassigned
86679,1404,unassigned
86680,1404,unassigned
86681,1404,unassigned
86682,1404,unassigned
86683,1404,unassigned
86684,1404,unassigned
86685,1404,unassigned
86686,1404,unassigned
86687,1790,GABA_Neuron
86688,1781,Excitatory_Neuron
86689,1790,GABA_Neuron
86690,1404,unassigned
86691,1404,unassigned
86692,1404,unassigned
86693,1404,unassigned
86694,1404,unassigned
86695,1404,unassigned
86696,1404,unassigned
86697,1404,unassigned
86698,1404,unassigned
86699,1404,unassigned
86700,1404,unassigned
86701,1404,unassigned
86702,1404,unassigned
86703,1404,unassigned
86704,1404,unassigned
86705,1404,unassigned
86706,1404,unassigned
86707,1790,GABA_Neuron
86708,1404,unassigned
86709,1404,unassigned
86710,1780,Excitatory_Neuron
86711,1404,unassigned
86712,1404,unassigned
86713,1404,unassigned
86714,1789,unassigned
86715,1404,unassigned
86716,1404,unassigned
86717,1404,unassigned
86718,1788,Excitatory_Neuron
86719,1404,unassigned
86720,1404,unassigned
86721,1404,unassigned
86722,1404,unassigned
86723,1404,unassigned
86724,1780,Excitatory_Neuron
86725,1404,unassigned
86726,1404,unassigned
86727,1404,unassigned
86728,1404,unassigned
86729,1762,Excitatory_Neuron
86730,1404,unassigned
86731,1793,unassigned
86732,1404,unassigned
86733,1404,unassigned
86734,1787,Excitatory_Neuron
86735,1780,Excitatory_Neuron
86736,1404,unassigned
86737,1404,unassigned
86738,1404,unassigned
86739,1404,unassigned
86740,1404,unassigned
86741,1404,unassigned
86742,1404,unassigned
86743,1404,unassigned
86744,1404,unassigned
86745,1788,Excitatory_Neuron
86746,1404,unassigned
86747,1404,unassigned
86748,1777,Excitatory_Neuron
86749,1777,Excitatory_Neuron
86750,1404,unassigned
86751,1404,unassigned
86752,1404,unassigned
86753,1404,unassigned
86754,1404,unassigned
86755,1404,unassigned
86756,1793,unassigned
86757,1781,Excitatory_Neuron
86758,1781,Excitatory_Neuron
86759,1781,Excitatory_Neuron
86760,1797,unassigned
86761,1404,unassigned
86762,1404,unassigned
86763,1404,unassigned
86764,1404,unassigned
86765,1404,unassigned
86766,1404,unassigned
86767,1788,Excitatory_Neuron
86768,1404,unassigned
86769,1404,unassigned
86770,1404,unassigned
86771,1404,unassigned
86772,1404,unassigned
86773,1797,unassigned
86774,1404,unassigned
86775,1780,Excitatory_Neuron
86776,1780,Excitatory_Neuron
86777,1404,unassigned
86778,1404,unassigned
86779,1404,unassigned
86780,1404,unassigned
86781,1404,unassigned
86782,1404,unassigned
86783,1404,unassigned
86784,1404,unassigned
86785,1404,unassigned
86786,1404,unassigned
86787,1404,unassigned
86788,1404,unassigned
86789,1404,unassigned
86790,1781,Excitatory_Neuron
86791,1404,unassigned
86792,1404,unassigned
86793,1780,Excitatory_Neuron
86794,1404,unassigned
86795,1404,unassigned
86796,1404,unassigned
86797,1404,unassigned
86798,1404,unassigned
86799,1404,unassigned
86800,1404,unassigned
86801,1404,unassigned
86802,1404,unassigned
86803,1404,unassigned
86804,1404,unassigned
86805,1404,unassigned
86806,1404,unassigned
86807,1404,unassigned
86808,1797,unassigned
86809,1781,Excitatory_Neuron
86810,1404,unassigned
86811,1404,unassigned
86812,1772,Excitatory_Neuron
86813,1404,unassigned
86814,1404,unassigned
86815,1404,unassigned
86816,1790,GABA_Neuron
86817,1781,Excitatory_Neuron
86818,1404,unassigned
86819,1404,unassigned
86820,1404,unassigned
86821,1404,unassigned
86822,1404,unassigned
86823,1404,unassigned
86824,1404,unassigned
86825,1404,unassigned
86826,1777,Excitatory_Neuron
86827,1404,unassigned
86828,1404,unassigned
86829,1404,unassigned
86830,1404,unassigned
86831,1793,unassigned
86832,1787,Excitatory_Neuron
86833,1404,unassigned
86834,1404,unassigned
86835,1404,unassigned
86836,1404,unassigned
86837,1404,unassigned
86838,1404,unassigned
86839,1404,unassigned
86840,1404,unassigned
86841,1404,unassigned
86842,1788,Excitatory_Neuron
86843,1404,unassigned
86844,1404,unassigned
86845,1404,unassigned
86846,1404,unassigned
86847,1404,unassigned
86848,1777,Excitatory_Neuron
86849,1404,unassigned
86850,1404,unassigned
86851,1790,GABA_Neuron
86852,1797,unassigned
86853,1404,unassigned
86854,1404,unassigned
86855,1404,unassigned
86856,1404,unassigned
86857,1789,unassigned
86858,1404,unassigned
86859,1404,unassigned
86860,1404,unassigned
86861,1404,unassigned
86862,1788,Excitatory_Neuron
86863,1404,unassigned
86864,1404,unassigned
86865,1404,unassigned
86866,1404,unassigned
86867,1404,unassigned
86868,1781,Excitatory_Neuron
86869,1404,unassigned
86870,1790,GABA_Neuron
86871,1404,unassigned
86872,1404,unassigned
86873,1781,Excitatory_Neuron
86874,1404,unassigned
86875,1404,unassigned
86876,1404,unassigned
86877,1404,unassigned
86878,1404,unassigned
86879,1404,unassigned
86880,1404,unassigned
86881,1788,Excitatory_Neuron
86882,1404,unassigned
86883,1404,unassigned
86884,1777,Excitatory_Neuron
86885,1404,unassigned
86886,1404,unassigned
86887,1404,unassigned
86888,1793,unassigned
86889,1404,unassigned
86890,1404,unassigned
86891,1404,unassigned
86892,1404,unassigned
86893,1404,unassigned
86894,1780,Excitatory_Neuron
86895,1404,unassigned
86896,1404,unassigned
86897,1404,unassigned
86898,1404,unassigned
86899,1404,unassigned
86900,1404,unassigned
86901,1789,unassigned
86902,1404,unassigned
86903,1404,unassigned
86904,1404,unassigned
86905,1404,unassigned
86906,1788,Excitatory_Neuron
86907,1404,unassigned
86908,1404,unassigned
86909,1404,unassigned
86910,1404,unassigned
86911,1404,unassigned
86912,1404,unassigned
86913,1781,Excitatory_Neuron
86914,1404,unassigned
86915,1781,Excitatory_Neuron
86916,1404,unassigned
86917,1404,unassigned
86918,1404,unassigned
86919,1404,unassigned
86920,1784,Excitatory_Neuron
86921,1404,unassigned
86922,1404,unassigned
86923,1404,unassigned
86924,1404,unassigned
86925,1404,unassigned
86926,1404,unassigned
86927,1404,unassigned
86928,1781,Excitatory_Neuron
86929,1404,unassigned
86930,1780,Excitatory_Neuron
86931,1404,unassigned
86932,1404,unassigned
86933,1404,unassigned
86934,1404,unassigned
86935,1404,unassigned
86936,1404,unassigned
86937,1404,unassigned
86938,1787,Excitatory_Neuron
86939,1781,Excitatory_Neuron
86940,1404,unassigned
86941,1404,unassigned
86942,1404,unassigned
86943,1404,unassigned
86944,1404,unassigned
86945,1404,unassigned
86946,1404,unassigned
86947,1404,unassigned
86948,1404,unassigned
86949,1777,Excitatory_Neuron
86950,1777,Excitatory_Neuron
86951,1404,unassigned
86952,1777,Excitatory_Neuron
86953,1404,unassigned
86954,1404,unassigned
86955,1781,Excitatory_Neuron
86956,1404,unassigned
86957,1781,Excitatory_Neuron
86958,1404,unassigned
86959,1404,unassigned
86960,1404,unassigned
86961,1404,unassigned
86962,1404,unassigned
86963,1404,unassigned
86964,1404,unassigned
86965,1404,unassigned
86966,1404,unassigned
86967,1404,unassigned
86968,1404,unassigned
86969,1404,unassigned
86970,1404,unassigned
86971,1788,Excitatory_Neuron
86972,1404,unassigned
86973,1788,Excitatory_Neuron
86974,1404,unassigned
86975,1404,unassigned
86976,1404,unassigned
86977,1404,unassigned
86978,1790,GABA_Neuron
86979,1797,unassigned
86980,1404,unassigned
86981,1404,unassigned
86982,1404,unassigned
86983,1404,unassigned
86984,1404,unassigned
86985,1404,unassigned
86986,1404,unassigned
86987,1404,unassigned
86988,1404,unassigned
86989,1404,unassigned
86990,1404,unassigned
86991,1777,Excitatory_Neuron
86992,1404,unassigned
86993,1404,unassigned
86994,1404,unassigned
86995,1404,unassigned
86996,1404,unassigned
86997,1404,unassigned
86998,1404,unassigned
86999,1404,unassigned
87000,1797,unassigned
87001,1781,Excitatory_Neuron
87002,1404,unassigned
87003,1404,unassigned
87004,1783,unassigned
87005,1404,unassigned
87006,1404,unassigned
87007,1788,Excitatory_Neuron
87008,1404,unassigned
87009,1404,unassigned
87010,1404,unassigned
87011,1404,unassigned
87012,1404,unassigned
87013,1404,unassigned
87014,1781,Excitatory_Neuron
87015,1404,unassigned
87016,1404,unassigned
87017,1404,unassigned
87018,1404,unassigned
87019,1404,unassigned
87020,1404,unassigned
87021,1404,unassigned
87022,1404,unassigned
87023,1404,unassigned
87024,1404,unassigned
87025,1781,Excitatory_Neuron
87026,1404,unassigned
87027,1404,unassigned
87028,1404,unassigned
87029,1784,Excitatory_Neuron
87030,1404,unassigned
87031,1404,unassigned
87032,1404,unassigned
87033,1788,Excitatory_Neuron
87034,1404,unassigned
87035,1404,unassigned
87036,1777,Excitatory_Neuron
87037,1404,unassigned
87038,1404,unassigned
87039,1404,unassigned
87040,1404,unassigned
87041,1404,unassigned
87042,1404,unassigned
87043,1797,unassigned
87044,1404,unassigned
87045,1404,unassigned
87046,1404,unassigned
87047,1798,unassigned
87048,1404,unassigned
87049,1404,unassigned
87050,1404,unassigned
87051,1404,unassigned
87052,1404,unassigned
87053,1404,unassigned
87054,1404,unassigned
87055,1404,unassigned
87056,1404,unassigned
87057,1404,unassigned
87058,1404,unassigned
87059,1404,unassigned
87060,1404,unassigned
87061,1404,unassigned
87062,1404,unassigned
87063,1404,unassigned
87064,1404,unassigned
87065,1404,unassigned
87066,1404,unassigned
87067,1404,unassigned
87068,1404,unassigned
87069,1404,unassigned
87070,1404,unassigned
87071,1404,unassigned
87072,1404,unassigned
87073,1404,unassigned
87074,1404,unassigned
87075,1404,unassigned
87076,1404,unassigned
87077,1404,unassigned
87078,1404,unassigned
87079,1404,unassigned
87080,1783,unassigned
87081,1404,unassigned
87082,1404,unassigned
87083,1404,unassigned
87084,1404,unassigned
87085,1404,unassigned
87086,1404,unassigned
87087,1404,unassigned
87088,1404,unassigned
87089,1797,unassigned
87090,1404,unassigned
87091,1404,unassigned
87092,1404,unassigned
87093,1404,unassigned
87094,1404,unassigned
87095,1404,unassigned
87096,1404,unassigned
87097,1404,unassigned
87098,1404,unassigned
87099,1404,unassigned
87100,1404,unassigned
87101,1788,Excitatory_Neuron
87102,1404,unassigned
87103,1404,unassigned
87104,1404,unassigned
87105,1404,unassigned
87106,1404,unassigned
87107,1404,unassigned
87108,1404,unassigned
87109,1787,Excitatory_Neuron
87110,1404,unassigned
87111,1404,unassigned
87112,1404,unassigned
87113,1404,unassigned
87114,1404,unassigned
87115,1404,unassigned
87116,1404,unassigned
87117,1404,unassigned
87118,1404,unassigned
87119,1404,unassigned
87120,1404,unassigned
87121,1404,unassigned
87122,1404,unassigned
87123,1404,unassigned
87124,1404,unassigned
87125,1404,unassigned
87126,1404,unassigned
87127,1404,unassigned
87128,1790,GABA_Neuron
87129,1780,Excitatory_Neuron
87130,1404,unassigned
87131,1404,unassigned
87132,1404,unassigned
87133,1404,unassigned
87134,1404,unassigned
87135,1783,unassigned
87136,1404,unassigned
87137,1404,unassigned
87138,1404,unassigned
87139,1790,GABA_Neuron
87140,1781,Excitatory_Neuron
87141,1404,unassigned
87142,1404,unassigned
87143,1404,unassigned
87144,1404,unassigned
87145,1404,unassigned
87146,1404,unassigned
87147,1404,unassigned
87148,1404,unassigned
87149,1777,Excitatory_Neuron
87150,1404,unassigned
87151,1404,unassigned
87152,1404,unassigned
87153,1404,unassigned
87154,1404,unassigned
87155,1404,unassigned
87156,1404,unassigned
87157,1404,unassigned
87158,1404,unassigned
87159,1404,unassigned
87160,1404,unassigned
87161,1404,unassigned
87162,1404,unassigned
87163,1781,Excitatory_Neuron
87164,1780,Excitatory_Neuron
87165,1404,unassigned
87166,1404,unassigned
87167,1404,unassigned
87168,1404,unassigned
87169,1404,unassigned
87170,1404,unassigned
87171,1404,unassigned
87172,1404,unassigned
87173,1404,unassigned
87174,1404,unassigned
87175,1404,unassigned
87176,1790,GABA_Neuron
87177,1404,unassigned
87178,1404,unassigned
87179,1404,unassigned
87180,1404,unassigned
87181,1404,unassigned
87182,1404,unassigned
87183,1404,unassigned
87184,1404,unassigned
87185,1404,unassigned
87186,1404,unassigned
87187,1404,unassigned
87188,1404,unassigned
87189,1404,unassigned
87190,1404,unassigned
87191,1777,Excitatory_Neuron
87192,1404,unassigned
87193,1404,unassigned
87194,1404,unassigned
87195,1790,GABA_Neuron
87196,1781,Excitatory_Neuron
87197,1404,unassigned
87198,1404,unassigned
87199,1404,unassigned
87200,1404,unassigned
87201,1404,unassigned
87202,1404,unassigned
87203,1404,unassigned
87204,1404,unassigned
87205,1781,Excitatory_Neuron
87206,1404,unassigned
87207,1404,unassigned
87208,1404,unassigned
87209,1404,unassigned
87210,1404,unassigned
87211,1404,unassigned
87212,1404,unassigned
87213,1404,unassigned
87214,1404,unassigned
87215,1781,Excitatory_Neuron
87216,1781,Excitatory_Neuron
87217,1404,unassigned
87218,1404,unassigned
87219,1404,unassigned
87220,1404,unassigned
87221,1404,unassigned
87222,1404,unassigned
87223,1404,unassigned
87224,1404,unassigned
87225,1404,unassigned
87226,1404,unassigned
87227,1404,unassigned
87228,1404,unassigned
87229,1404,unassigned
87230,1404,unassigned
87231,1404,unassigned
87232,1404,unassigned
87233,1404,unassigned
87234,1404,unassigned
87235,1404,unassigned
87236,1404,unassigned
87237,1404,unassigned
87238,1404,unassigned
87239,1404,unassigned
87240,1404,unassigned
87241,1404,unassigned
87242,1404,unassigned
87243,1797,unassigned
87244,1780,Excitatory_Neuron
87245,1404,unassigned
87246,1404,unassigned
87247,1404,unassigned
87248,1404,unassigned
87249,1404,unassigned
87250,1404,unassigned
87251,1404,unassigned
87252,1404,unassigned
87253,1777,Excitatory_Neuron
87254,1404,unassigned
87255,1404,unassigned
87256,1777,Excitatory_Neuron
87257,1404,unassigned
87258,1404,unassigned
87259,1404,unassigned
87260,1404,unassigned
87261,1404,unassigned
87262,1781,Excitatory_Neuron
87263,1797,unassigned
87264,1780,Excitatory_Neuron
87265,1780,Excitatory_Neuron
87266,1404,unassigned
87267,1404,unassigned
87268,1404,unassigned
87269,1404,unassigned
87270,1404,unassigned
87271,1404,unassigned
87272,1777,Excitatory_Neuron
87273,1404,unassigned
87274,1404,unassigned
87275,1404,unassigned
87276,1404,unassigned
87277,1404,unassigned
87278,1404,unassigned
87279,1404,unassigned
87280,1404,unassigned
87281,1404,unassigned
87282,1404,unassigned
87283,1404,unassigned
87284,1404,unassigned
87285,1404,unassigned
87286,1404,unassigned
87287,1404,unassigned
87288,1404,unassigned
87289,1784,Excitatory_Neuron
87290,1404,unassigned
87291,1404,unassigned
87292,1789,unassigned
87293,1783,unassigned
87294,1789,unassigned
87295,1404,unassigned
87296,1404,unassigned
87297,1404,unassigned
87298,1404,unassigned
87299,1404,unassigned
87300,1404,unassigned
87301,1404,unassigned
87302,1404,unassigned
87303,1404,unassigned
87304,1404,unassigned
87305,1404,unassigned
87306,1404,unassigned
87307,1404,unassigned
87308,1404,unassigned
87309,1404,unassigned
87310,1404,unassigned
87311,1404,unassigned
87312,1404,unassigned
87313,1404,unassigned
87314,1404,unassigned
87315,1404,unassigned
87316,1404,unassigned
87317,1404,unassigned
87318,1404,unassigned
87319,1404,unassigned
87320,1781,Excitatory_Neuron
87321,1404,unassigned
87322,1404,unassigned
87323,1404,unassigned
87324,1404,unassigned
87325,1404,unassigned
87326,1404,unassigned
87327,1404,unassigned
87328,1404,unassigned
87329,1799,unassigned
87330,1799,unassigned
87331,1799,unassigned
87332,1799,unassigned
87333,1799,unassigned
87334,1799,unassigned
87335,1799,unassigned
87336,1799,unassigned
87337,1800,Immune
87338,1799,unassigned
87339,1799,unassigned
87340,1799,unassigned
87341,1799,unassigned
87342,1799,unassigned
87343,1799,unassigned
87344,1799,unassigned
87345,1799,unassigned
87346,1799,unassigned
87347,1799,unassigned
87348,1799,unassigned
87349,1799,unassigned
87350,1799,unassigned
87351,1799,unassigned
87352,1799,unassigned
87353,1799,unassigned
87354,1799,unassigned
87355,1799,unassigned
87356,1799,unassigned
87357,1801,Excitatory_Neuron
87358,1802,unassigned
87359,1802,unassigned
87360,1799,unassigned
87361,1799,unassigned
87362,1799,unassigned
87363,1799,unassigned
87364,1799,unassigned
87365,1799,unassigned
87366,1799,unassigned
87367,1799,unassigned
87368,1799,unassigned
87369,1799,unassigned
87370,1799,unassigned
87371,1799,unassigned
87372,1799,unassigned
87373,1799,unassigned
87374,1799,unassigned
87375,1799,unassigned
87376,1799,unassigned
87377,1799,unassigned
87378,1799,unassigned
87379,1799,unassigned
87380,1799,unassigned
87381,1799,unassigned
87382,1799,unassigned
87383,1799,unassigned
87384,1799,unassigned
87385,1799,unassigned
87386,1799,unassigned
87387,1799,unassigned
87388,1799,unassigned
87389,1803,unassigned
87390,1799,unassigned
87391,1799,unassigned
87392,1799,unassigned
87393,1799,unassigned
87394,1799,unassigned
87395,1799,unassigned
87396,1799,unassigned
87397,1799,unassigned
87398,1799,unassigned
87399,1799,unassigned
87400,1799,unassigned
87401,1799,unassigned
87402,1799,unassigned
87403,1799,unassigned
87404,1799,unassigned
87405,1799,unassigned
87406,1799,unassigned
87407,1799,unassigned
87408,1799,unassigned
87409,1799,unassigned
87410,1799,unassigned
87411,1799,unassigned
87412,1799,unassigned
87413,1799,unassigned
87414,1799,unassigned
87415,1799,unassigned
87416,1799,unassigned
87417,1799,unassigned
87418,1799,unassigned
87419,1799,unassigned
87420,1799,unassigned
87421,1799,unassigned
87422,1799,unassigned
87423,1799,unassigned
87424,1799,unassigned
87425,1799,unassigned
87426,1799,unassigned
87427,1799,unassigned
87428,1799,unassigned
87429,1799,unassigned
87430,1799,unassigned
87431,1799,unassigned
87432,1799,unassigned
87433,1799,unassigned
87434,1799,unassigned
87435,1799,unassigned
87436,1799,unassigned
87437,1804,Astro-Epen
87438,1799,unassigned
87439,1799,unassigned
87440,1799,unassigned
87441,1799,unassigned
87442,1799,unassigned
87443,1799,unassigned
87444,1799,unassigned
87445,1805,unassigned
87446,1799,unassigned
87447,1799,unassigned
87448,1799,unassigned
87449,1799,unassigned
87450,1799,unassigned
87451,1799,unassigned
87452,1799,unassigned
87453,1799,unassigned
87454,1799,unassigned
87455,1799,unassigned
87456,1799,unassigned
87457,1799,unassigned
87458,1799,unassigned
87459,1799,unassigned
87460,1800,Immune
87461,1799,unassigned
87462,1799,unassigned
87463,1799,unassigned
87464,1799,unassigned
87465,1799,unassigned
87466,1799,unassigned
87467,1806,Immune
87468,1799,unassigned
87469,1799,unassigned
87470,1799,unassigned
87471,1799,unassigned
87472,1802,unassigned
87473,1799,unassigned
87474,1799,unassigned
87475,1799,unassigned
87476,1799,unassigned
87477,1799,unassigned
87478,1799,unassigned
87479,1799,unassigned
87480,1799,unassigned
87481,1799,unassigned
87482,1799,unassigned
87483,1806,Immune
87484,1806,Immune
87485,1799,unassigned
87486,1799,unassigned
87487,1799,unassigned
87488,1799,unassigned
87489,1799,unassigned
87490,1799,unassigned
87491,1799,unassigned
87492,1799,unassigned
87493,1799,unassigned
87494,1799,unassigned
87495,1799,unassigned
87496,1799,unassigned
87497,1799,unassigned
87498,1804,Astro-Epen
87499,1799,unassigned
87500,1799,unassigned
87501,1799,unassigned
87502,1799,unassigned
87503,1799,unassigned
87504,1799,unassigned
87505,1799,unassigned
87506,1803,unassigned
87507,1799,unassigned
87508,1799,unassigned
87509,1799,unassigned
87510,1799,unassigned
87511,1799,unassigned
87512,1799,unassigned
87513,1807,unassigned
87514,1799,unassigned
87515,1799,unassigned
87516,1799,unassigned
87517,1799,unassigned
87518,1799,unassigned
87519,1799,unassigned
87520,1799,unassigned
87521,1799,unassigned
87522,1799,unassigned
87523,1799,unassigned
87524,1799,unassigned
87525,1799,unassigned
87526,1799,unassigned
87527,1799,unassigned
87528,1799,unassigned
87529,1799,unassigned
87530,1799,unassigned
87531,1799,unassigned
87532,1799,unassigned
87533,1799,unassigned
87534,1799,unassigned
87535,1799,unassigned
87536,1799,unassigned
87537,1799,unassigned
87538,1799,unassigned
87539,1799,unassigned
87540,1799,unassigned
87541,1799,unassigned
87542,1799,unassigned
87543,1799,unassigned
87544,1799,unassigned
87545,1799,unassigned
87546,1799,unassigned
87547,1799,unassigned
87548,1803,unassigned
87549,1799,unassigned
87550,1799,unassigned
87551,1799,unassigned
87552,1799,unassigned
87553,1799,unassigned
87554,1805,unassigned
87555,1799,unassigned
87556,1799,unassigned
87557,1799,unassigned
87558,1800,Immune
87559,1800,Immune
87560,1799,unassigned
87561,1799,unassigned
87562,1799,unassigned
87563,1799,unassigned
87564,1799,unassigned
87565,1802,unassigned
87566,1808,unassigned
87567,1799,unassigned
87568,1799,unassigned
87569,1799,unassigned
87570,1799,unassigned
87571,1799,unassigned
87572,1799,unassigned
87573,1799,unassigned
87574,1800,Immune
87575,1799,unassigned
87576,1799,unassigned
87577,1801,Excitatory_Neuron
87578,1809,unassigned
87579,1799,unassigned
87580,1799,unassigned
87581,1799,unassigned
87582,1799,unassigned
87583,1799,unassigned
87584,1799,unassigned
87585,1799,unassigned
87586,1799,unassigned
87587,1799,unassigned
87588,1799,unassigned
87589,1799,unassigned
87590,1799,unassigned
87591,1799,unassigned
87592,1799,unassigned
87593,1799,unassigned
87594,1799,unassigned
87595,1799,unassigned
87596,1803,unassigned
87597,1799,unassigned
87598,1799,unassigned
87599,1799,unassigned
87600,1799,unassigned
87601,1799,unassigned
87602,1799,unassigned
87603,1799,unassigned
87604,1799,unassigned
87605,1799,unassigned
87606,1799,unassigned
87607,1799,unassigned
87608,1799,unassigned
87609,1799,unassigned
87610,1806,Immune
87611,1799,unassigned
87612,1799,unassigned
87613,1799,unassigned
87614,1799,unassigned
87615,1799,unassigned
87616,1799,unassigned
87617,1799,unassigned
87618,1808,unassigned
87619,1799,unassigned
87620,1799,unassigned
87621,1799,unassigned
87622,1799,unassigned
87623,1799,unassigned
87624,1799,unassigned
87625,1799,unassigned
87626,1799,unassigned
87627,1799,unassigned
87628,1805,unassigned
87629,1799,unassigned
87630,1799,unassigned
87631,1799,unassigned
87632,1799,unassigned
87633,1800,Immune
87634,1799,unassigned
87635,1799,unassigned
87636,1807,unassigned
87637,1807,unassigned
87638,1799,unassigned
87639,1799,unassigned
87640,1799,unassigned
87641,1799,unassigned
87642,1799,unassigned
87643,1799,unassigned
87644,1799,unassigned
87645,1799,unassigned
87646,1799,unassigned
87647,1799,unassigned
87648,1799,unassigned
87649,1799,unassigned
87650,1804,Astro-Epen
87651,1804,Astro-Epen
87652,1799,unassigned
87653,1799,unassigned
87654,1799,unassigned
87655,1799,unassigned
87656,1799,unassigned
87657,1799,unassigned
87658,1799,unassigned
87659,1799,unassigned
87660,1799,unassigned
87661,1799,unassigned
87662,1799,unassigned
87663,1799,unassigned
87664,1799,unassigned
87665,1799,unassigned
87666,1799,unassigned
87667,1808,unassigned
87668,1799,unassigned
87669,1799,unassigned
87670,1799,unassigned
87671,1799,unassigned
87672,1799,unassigned
87673,1805,unassigned
87674,1810,unassigned
87675,1799,unassigned
87676,1799,unassigned
87677,1799,unassigned
87678,1799,unassigned
87679,1799,unassigned
87680,1799,unassigned
87681,1799,unassigned
87682,1799,unassigned
87683,1799,unassigned
87684,1799,unassigned
87685,1799,unassigned
87686,1799,unassigned
87687,1799,unassigned
87688,1799,unassigned
87689,1799,unassigned
87690,1799,unassigned
87691,1804,Astro-Epen
87692,1799,unassigned
87693,1799,unassigned
87694,1799,unassigned
87695,1801,Excitatory_Neuron
87696,1799,unassigned
87697,1799,unassigned
87698,1799,unassigned
87699,1799,unassigned
87700,1800,Immune
87701,1800,Immune
87702,1799,unassigned
87703,1799,unassigned
87704,1799,unassigned
87705,1807,unassigned
87706,1807,unassigned
87707,1799,unassigned
87708,1799,unassigned
87709,1799,unassigned
87710,1799,unassigned
87711,1799,unassigned
87712,1799,unassigned
87713,1799,unassigned
87714,1799,unassigned
87715,1799,unassigned
87716,1799,unassigned
87717,1799,unassigned
87718,1799,unassigned
87719,1799,unassigned
87720,1799,unassigned
87721,1806,Immune
87722,1799,unassigned
87723,1799,unassigned
87724,1799,unassigned
87725,1799,unassigned
87726,1804,Astro-Epen
87727,1799,unassigned
87728,1799,unassigned
87729,1799,unassigned
87730,1799,unassigned
87731,1799,unassigned
87732,1799,unassigned
87733,1799,unassigned
87734,1799,unassigned
87735,1799,unassigned
87736,1799,unassigned
87737,1799,unassigned
87738,1800,Immune
87739,1799,unassigned
87740,1799,unassigned
87741,1799,unassigned
87742,1799,unassigned
87743,1806,Immune
87744,1799,unassigned
87745,1799,unassigned
87746,1799,unassigned
87747,1799,unassigned
87748,1799,unassigned
87749,1807,unassigned
87750,1799,unassigned
87751,1799,unassigned
87752,1799,unassigned
87753,1799,unassigned
87754,1799,unassigned
87755,1799,unassigned
87756,1799,unassigned
87757,1799,unassigned
87758,1799,unassigned
87759,1799,unassigned
87760,1799,unassigned
87761,1799,unassigned
87762,1799,unassigned
87763,1799,unassigned
87764,1799,unassigned
87765,1799,unassigned
87766,1799,unassigned
87767,1799,unassigned
87768,1799,unassigned
87769,1799,unassigned
87770,1799,unassigned
87771,1799,unassigned
87772,1806,Immune
87773,1801,Excitatory_Neuron
87774,1799,unassigned
87775,1799,unassigned
87776,1799,unassigned
87777,1799,unassigned
87778,1799,unassigned
87779,1799,unassigned
87780,1799,unassigned
87781,1799,unassigned
87782,1807,unassigned
87783,1799,unassigned
87784,1804,Astro-Epen
87785,1811,unassigned
87786,1799,unassigned
87787,1799,unassigned
87788,1799,unassigned
87789,1799,unassigned
87790,1799,unassigned
87791,1799,unassigned
87792,1799,unassigned
87793,1799,unassigned
87794,1799,unassigned
87795,1799,unassigned
87796,1799,unassigned
87797,1799,unassigned
87798,1799,unassigned
87799,1799,unassigned
87800,1799,unassigned
87801,1799,unassigned
87802,1799,unassigned
87803,1799,unassigned
87804,1799,unassigned
87805,1799,unassigned
87806,1799,unassigned
87807,1812,unassigned
87808,1799,unassigned
87809,1804,Astro-Epen
87810,1802,unassigned
87811,1799,unassigned
87812,1799,unassigned
87813,1799,unassigned
87814,1799,unassigned
87815,1799,unassigned
87816,1799,unassigned
87817,1799,unassigned
87818,1799,unassigned
87819,1799,unassigned
87820,1801,Excitatory_Neuron
87821,1799,unassigned
87822,1799,unassigned
87823,1799,unassigned
87824,1799,unassigned
87825,1799,unassigned
87826,1799,unassigned
87827,1799,unassigned
87828,1799,unassigned
87829,1799,unassigned
87830,1799,unassigned
87831,1799,unassigned
87832,1799,unassigned
87833,1799,unassigned
87834,1800,Immune
87835,1799,unassigned
87836,1799,unassigned
87837,1799,unassigned
87838,1799,unassigned
87839,1799,unassigned
87840,1799,unassigned
87841,1800,Immune
87842,1806,Immune
87843,1799,unassigned
87844,1799,unassigned
87845,1799,unassigned
87846,1799,unassigned
87847,1808,unassigned
87848,1799,unassigned
87849,1799,unassigned
87850,1799,unassigned
87851,1799,unassigned
87852,1799,unassigned
87853,1799,unassigned
87854,1799,unassigned
87855,1799,unassigned
87856,1799,unassigned
87857,1799,unassigned
87858,1799,unassigned
87859,1799,unassigned
87860,1799,unassigned
87861,1806,Immune
87862,1799,unassigned
87863,1799,unassigned
87864,1799,unassigned
87865,1799,unassigned
87866,1799,unassigned
87867,1799,unassigned
87868,1799,unassigned
87869,1799,unassigned
87870,1810,unassigned
87871,1799,unassigned
87872,1799,unassigned
87873,1800,Immune
87874,1799,unassigned
87875,1799,unassigned
87876,1799,unassigned
87877,1799,unassigned
87878,1799,unassigned
87879,1799,unassigned
87880,1799,unassigned
87881,1799,unassigned
87882,1799,unassigned
87883,1799,unassigned
87884,1799,unassigned
87885,1799,unassigned
87886,1799,unassigned
87887,1799,unassigned
87888,1799,unassigned
87889,1799,unassigned
87890,1799,unassigned
87891,1799,unassigned
87892,1799,unassigned
87893,1799,unassigned
87894,1799,unassigned
87895,1799,unassigned
87896,1799,unassigned
87897,1799,unassigned
87898,1799,unassigned
87899,1799,unassigned
87900,1799,unassigned
87901,1799,unassigned
87902,1799,unassigned
87903,1799,unassigned
87904,1799,unassigned
87905,1799,unassigned
87906,1799,unassigned
87907,1799,unassigned
87908,1799,unassigned
87909,1799,unassigned
87910,1799,unassigned
87911,1799,unassigned
87912,1799,unassigned
87913,1808,unassigned
87914,1799,unassigned
87915,1799,unassigned
87916,1803,unassigned
87917,1799,unassigned
87918,1799,unassigned
87919,1799,unassigned
87920,1800,Immune
87921,1806,Immune
87922,1799,unassigned
87923,1799,unassigned
87924,1799,unassigned
87925,1799,unassigned
87926,1799,unassigned
87927,1799,unassigned
87928,1799,unassigned
87929,1799,unassigned
87930,1799,unassigned
87931,1799,unassigned
87932,1799,unassigned
87933,1799,unassigned
87934,1799,unassigned
87935,1800,Immune
87936,1799,unassigned
87937,1799,unassigned
87938,1799,unassigned
87939,1799,unassigned
87940,1799,unassigned
87941,1799,unassigned
87942,1799,unassigned
87943,1799,unassigned
87944,1799,unassigned
87945,1799,unassigned
87946,1799,unassigned
87947,1799,unassigned
87948,1799,unassigned
87949,1799,unassigned
87950,1799,unassigned
87951,1799,unassigned
87952,1799,unassigned
87953,1799,unassigned
87954,1799,unassigned
87955,1799,unassigned
87956,1799,unassigned
87957,1799,unassigned
87958,1799,unassigned
87959,1799,unassigned
87960,1799,unassigned
87961,1799,unassigned
87962,1799,unassigned
87963,1799,unassigned
87964,1799,unassigned
87965,1799,unassigned
87966,1799,unassigned
87967,1799,unassigned
87968,1799,unassigned
87969,1799,unassigned
87970,1799,unassigned
87971,1799,unassigned
87972,1799,unassigned
87973,1799,unassigned
87974,1799,unassigned
87975,1799,unassigned
87976,1799,unassigned
87977,1799,unassigned
87978,1799,unassigned
87979,1799,unassigned
87980,1799,unassigned
87981,1799,unassigned
87982,1799,unassigned
87983,1799,unassigned
87984,1799,unassigned
87985,1799,unassigned
87986,1799,unassigned
87987,1799,unassigned
87988,1799,unassigned
87989,1799,unassigned
87990,1799,unassigned
87991,1808,unassigned
87992,1799,unassigned
87993,1799,unassigned
87994,1799,unassigned
87995,1799,unassigned
87996,1799,unassigned
87997,1799,unassigned
87998,1799,unassigned
87999,1799,unassigned
88000,1799,unassigned
88001,1799,unassigned
88002,1801,Excitatory_Neuron
88003,1799,unassigned
88004,1799,unassigned
88005,1799,unassigned
88006,1799,unassigned
88007,1799,unassigned
88008,1800,Immune
88009,1800,Immune
88010,1799,unassigned
88011,1799,unassigned
88012,1799,unassigned
88013,1799,unassigned
88014,1799,unassigned
88015,1799,unassigned
88016,1799,unassigned
88017,1799,unassigned
88018,1799,unassigned
88019,1799,unassigned
88020,1799,unassigned
88021,1800,Immune
88022,1799,unassigned
88023,1799,unassigned
88024,1806,Immune
88025,1799,unassigned
88026,1799,unassigned
88027,1799,unassigned
88028,1799,unassigned
88029,1799,unassigned
88030,1799,unassigned
88031,1799,unassigned
88032,1799,unassigned
88033,1799,unassigned
88034,1799,unassigned
88035,1801,Excitatory_Neuron
88036,1799,unassigned
88037,1799,unassigned
88038,1799,unassigned
88039,1799,unassigned
88040,1799,unassigned
88041,1799,unassigned
88042,1799,unassigned
88043,1799,unassigned
88044,1799,unassigned
88045,1799,unassigned
88046,1799,unassigned
88047,1799,unassigned
88048,1799,unassigned
88049,1799,unassigned
88050,1799,unassigned
88051,1799,unassigned
88052,1799,unassigned
88053,1799,unassigned
88054,1799,unassigned
88055,1799,unassigned
88056,1799,unassigned
88057,1799,unassigned
88058,1799,unassigned
88059,1799,unassigned
88060,1799,unassigned
88061,1799,unassigned
88062,1799,unassigned
88063,1799,unassigned
88064,1799,unassigned
88065,1799,unassigned
88066,1799,unassigned
88067,1799,unassigned
88068,1799,unassigned
88069,1799,unassigned
88070,1799,unassigned
88071,1799,unassigned
88072,1799,unassigned
88073,1799,unassigned
88074,1799,unassigned
88075,1799,unassigned
88076,1799,unassigned
88077,1799,unassigned
88078,1800,Immune
88079,1800,Immune
88080,1800,Immune
88081,1806,Immune
88082,1799,unassigned
88083,1799,unassigned
88084,1799,unassigned
88085,1801,Excitatory_Neuron
88086,1799,unassigned
88087,1799,unassigned
88088,1803,unassigned
88089,1799,unassigned
88090,1799,unassigned
88091,1799,unassigned
88092,1799,unassigned
88093,1799,unassigned
88094,1799,unassigned
88095,1799,unassigned
88096,1799,unassigned
88097,1799,unassigned
88098,1799,unassigned
88099,1799,unassigned
88100,1807,unassigned
88101,1799,unassigned
88102,1799,unassigned
88103,1799,unassigned
88104,1799,unassigned
88105,1799,unassigned
88106,1799,unassigned
88107,1799,unassigned
88108,1799,unassigned
88109,1799,unassigned
88110,1799,unassigned
88111,1799,unassigned
88112,1799,unassigned
88113,1799,unassigned
88114,1804,Astro-Epen
88115,1799,unassigned
88116,1799,unassigned
88117,1801,Excitatory_Neuron
88118,1799,unassigned
88119,1799,unassigned
88120,1799,unassigned
88121,1799,unassigned
88122,1799,unassigned
88123,1799,unassigned
88124,1799,unassigned
88125,1799,unassigned
88126,1806,Immune
88127,1806,Immune
88128,1799,unassigned
88129,1799,unassigned
88130,1799,unassigned
88131,1799,unassigned
88132,1802,unassigned
88133,1799,unassigned
88134,1799,unassigned
88135,1799,unassigned
88136,1799,unassigned
88137,1799,unassigned
88138,1799,unassigned
88139,1799,unassigned
88140,1799,unassigned
88141,1802,unassigned
88142,1799,unassigned
88143,1799,unassigned
88144,1799,unassigned
88145,1799,unassigned
88146,1799,unassigned
88147,1799,unassigned
88148,1799,unassigned
88149,1799,unassigned
88150,1800,Immune
88151,1800,Immune
88152,1799,unassigned
88153,1799,unassigned
88154,1799,unassigned
88155,1801,Excitatory_Neuron
88156,1799,unassigned
88157,1799,unassigned
88158,1799,unassigned
88159,1799,unassigned
88160,1799,unassigned
88161,1799,unassigned
88162,1799,unassigned
88163,1799,unassigned
88164,1807,unassigned
88165,1799,unassigned
88166,1799,unassigned
88167,1799,unassigned
88168,1799,unassigned
88169,1799,unassigned
88170,1799,unassigned
88171,1799,unassigned
88172,1799,unassigned
88173,1799,unassigned
88174,1799,unassigned
88175,1799,unassigned
88176,1799,unassigned
88177,1799,unassigned
88178,1799,unassigned
88179,1799,unassigned
88180,1799,unassigned
88181,1799,unassigned
88182,1799,unassigned
88183,1799,unassigned
88184,1799,unassigned
88185,1799,unassigned
88186,1799,unassigned
88187,1799,unassigned
88188,1799,unassigned
88189,1799,unassigned
88190,1799,unassigned
88191,1799,unassigned
88192,1799,unassigned
88193,1799,unassigned
88194,1799,unassigned
88195,1799,unassigned
88196,1799,unassigned
88197,1799,unassigned
88198,1799,unassigned
88199,1799,unassigned
88200,1799,unassigned
88201,1799,unassigned
88202,1799,unassigned
88203,1799,unassigned
88204,1799,unassigned
88205,1799,unassigned
88206,1799,unassigned
88207,1799,unassigned
88208,1799,unassigned
88209,1799,unassigned
88210,1799,unassigned
88211,1799,unassigned
88212,1799,unassigned
88213,1799,unassigned
88214,1799,unassigned
88215,1799,unassigned
88216,1799,unassigned
88217,1799,unassigned
88218,1806,Immune
88219,1806,Immune
88220,1799,unassigned
88221,1799,unassigned
88222,1799,unassigned
88223,1799,unassigned
88224,1799,unassigned
88225,1799,unassigned
88226,1799,unassigned
88227,1799,unassigned
88228,1799,unassigned
88229,1799,unassigned
88230,1799,unassigned
88231,1799,unassigned
88232,1799,unassigned
88233,1799,unassigned
88234,1799,unassigned
88235,1804,Astro-Epen
88236,1802,unassigned
88237,1799,unassigned
88238,1799,unassigned
88239,1799,unassigned
88240,1799,unassigned
88241,1799,unassigned
88242,1799,unassigned
88243,1799,unassigned
88244,1799,unassigned
88245,1799,unassigned
88246,1799,unassigned
88247,1799,unassigned
88248,1799,unassigned
88249,1799,unassigned
88250,1799,unassigned
88251,1799,unassigned
88252,1799,unassigned
88253,1799,unassigned
88254,1799,unassigned
88255,1799,unassigned
88256,1799,unassigned
88257,1799,unassigned
88258,1799,unassigned
88259,1799,unassigned
88260,1799,unassigned
88261,1799,unassigned
88262,1799,unassigned
88263,1799,unassigned
88264,1799,unassigned
88265,1799,unassigned
88266,1799,unassigned
88267,1806,Immune
88268,1799,unassigned
88269,1799,unassigned
88270,1799,unassigned
88271,1799,unassigned
88272,1801,Excitatory_Neuron
88273,1801,Excitatory_Neuron
88274,1799,unassigned
88275,1799,unassigned
88276,1799,unassigned
88277,1799,unassigned
88278,1799,unassigned
88279,1799,unassigned
88280,1799,unassigned
88281,1799,unassigned
88282,1799,unassigned
88283,1799,unassigned
88284,1799,unassigned
88285,1799,unassigned
88286,1799,unassigned
88287,1799,unassigned
88288,1799,unassigned
88289,1799,unassigned
88290,1799,unassigned
88291,1799,unassigned
88292,1799,unassigned
88293,1799,unassigned
88294,1799,unassigned
88295,1799,unassigned
88296,1799,unassigned
88297,1799,unassigned
88298,1799,unassigned
88299,1799,unassigned
88300,1799,unassigned
88301,1799,unassigned
88302,1799,unassigned
88303,1799,unassigned
88304,1799,unassigned
88305,1799,unassigned
88306,1799,unassigned
88307,1799,unassigned
88308,1799,unassigned
88309,1799,unassigned
88310,1799,unassigned
88311,1799,unassigned
88312,1799,unassigned
88313,1799,unassigned
88314,1799,unassigned
88315,1799,unassigned
88316,1799,unassigned
88317,1800,Immune
88318,1799,unassigned
88319,1799,unassigned
88320,1799,unassigned
88321,1799,unassigned
88322,1799,unassigned
88323,1799,unassigned
88324,1799,unassigned
88325,1799,unassigned
88326,1799,unassigned
88327,1799,unassigned
88328,1799,unassigned
88329,1799,unassigned
88330,1799,unassigned
88331,1806,Immune
88332,1799,unassigned
88333,1799,unassigned
88334,1799,unassigned
88335,1799,unassigned
88336,1799,unassigned
88337,1799,unassigned
88338,1799,unassigned
88339,1799,unassigned
88340,1800,Immune
88341,1806,Immune
88342,1799,unassigned
88343,1799,unassigned
88344,1812,unassigned
88345,1799,unassigned
88346,1799,unassigned
88347,1799,unassigned
88348,1801,Excitatory_Neuron
88349,1799,unassigned
88350,1799,unassigned
88351,1799,unassigned
88352,1799,unassigned
88353,1799,unassigned
88354,1799,unassigned
88355,1799,unassigned
88356,1799,unassigned
88357,1799,unassigned
88358,1799,unassigned
88359,1799,unassigned
88360,1806,Immune
88361,1799,unassigned
88362,1799,unassigned
88363,1799,unassigned
88364,1799,unassigned
88365,1799,unassigned
88366,1799,unassigned
88367,1799,unassigned
88368,1799,unassigned
88369,1799,unassigned
88370,1799,unassigned
88371,1799,unassigned
88372,1799,unassigned
88373,1800,Immune
88374,1799,unassigned
88375,1799,unassigned
88376,1799,unassigned
88377,1799,unassigned
88378,1799,unassigned
88379,1799,unassigned
88380,1799,unassigned
88381,1799,unassigned
88382,1799,unassigned
88383,1799,unassigned
88384,1799,unassigned
88385,1799,unassigned
88386,1801,Excitatory_Neuron
88387,1799,unassigned
88388,1799,unassigned
88389,1799,unassigned
88390,1799,unassigned
88391,1799,unassigned
88392,1799,unassigned
88393,1799,unassigned
88394,1799,unassigned
88395,1799,unassigned
88396,1799,unassigned
88397,1799,unassigned
88398,1799,unassigned
88399,1799,unassigned
88400,1799,unassigned
88401,1806,Immune
88402,1806,Immune
88403,1799,unassigned
88404,1799,unassigned
88405,1804,Astro-Epen
88406,1799,unassigned
88407,1799,unassigned
88408,1799,unassigned
88409,1799,unassigned
88410,1799,unassigned
88411,1799,unassigned
88412,1799,unassigned
88413,1799,unassigned
88414,1799,unassigned
88415,1799,unassigned
88416,1799,unassigned
88417,1799,unassigned
88418,1799,unassigned
88419,1800,Immune
88420,1799,unassigned
88421,1799,unassigned
88422,1799,unassigned
88423,1799,unassigned
88424,1799,unassigned
88425,1799,unassigned
88426,1799,unassigned
88427,1799,unassigned
88428,1799,unassigned
88429,1799,unassigned
88430,1799,unassigned
88431,1799,unassigned
88432,1799,unassigned
88433,1799,unassigned
88434,1799,unassigned
88435,1799,unassigned
88436,1800,Immune
88437,1799,unassigned
88438,1799,unassigned
88439,1799,unassigned
88440,1799,unassigned
88441,1799,unassigned
88442,1804,Astro-Epen
88443,1804,Astro-Epen
88444,1804,Astro-Epen
88445,1801,Excitatory_Neuron
88446,1799,unassigned
88447,1799,unassigned
88448,1799,unassigned
88449,1799,unassigned
88450,1799,unassigned
88451,1799,unassigned
88452,1799,unassigned
88453,1799,unassigned
88454,1799,unassigned
88455,1799,unassigned
88456,1806,Immune
88457,1799,unassigned
88458,1806,Immune
88459,1812,unassigned
88460,1799,unassigned
88461,1804,Astro-Epen
88462,1799,unassigned
88463,1799,unassigned
88464,1799,unassigned
88465,1799,unassigned
88466,1799,unassigned
88467,1799,unassigned
88468,1799,unassigned
88469,1799,unassigned
88470,1799,unassigned
88471,1799,unassigned
88472,1799,unassigned
88473,1799,unassigned
88474,1806,Immune
88475,1799,unassigned
88476,1799,unassigned
88477,1799,unassigned
88478,1799,unassigned
88479,1799,unassigned
88480,1799,unassigned
88481,1799,unassigned
88482,1799,unassigned
88483,1799,unassigned
88484,1799,unassigned
88485,1799,unassigned
88486,1799,unassigned
88487,1799,unassigned
88488,1799,unassigned
88489,1799,unassigned
88490,1799,unassigned
88491,1799,unassigned
88492,1800,Immune
88493,1799,unassigned
88494,1806,Immune
88495,1799,unassigned
88496,1799,unassigned
88497,1799,unassigned
88498,1799,unassigned
88499,1799,unassigned
88500,1801,Excitatory_Neuron
88501,1799,unassigned
88502,1799,unassigned
88503,1799,unassigned
88504,1799,unassigned
88505,1799,unassigned
88506,1799,unassigned
88507,1799,unassigned
88508,1799,unassigned
88509,1800,Immune
88510,1799,unassigned
88511,1799,unassigned
88512,1799,unassigned
88513,1799,unassigned
88514,1799,unassigned
88515,1799,unassigned
88516,1799,unassigned
88517,1799,unassigned
88518,1799,unassigned
88519,1799,unassigned
88520,1799,unassigned
88521,1799,unassigned
88522,1799,unassigned
88523,1799,unassigned
88524,1799,unassigned
88525,1806,Immune
88526,1799,unassigned
88527,1799,unassigned
88528,1804,Astro-Epen
88529,1799,unassigned
88530,1799,unassigned
88531,1799,unassigned
88532,1799,unassigned
88533,1799,unassigned
88534,1799,unassigned
88535,1799,unassigned
88536,1799,unassigned
88537,1799,unassigned
88538,1799,unassigned
88539,1799,unassigned
88540,1799,unassigned
88541,1799,unassigned
88542,1799,unassigned
88543,1799,unassigned
88544,1799,unassigned
88545,1799,unassigned
88546,1799,unassigned
88547,1799,unassigned
88548,1799,unassigned
88549,1799,unassigned
88550,1799,unassigned
88551,1799,unassigned
88552,1799,unassigned
88553,1799,unassigned
88554,1799,unassigned
88555,1799,unassigned
88556,1799,unassigned
88557,1799,unassigned
88558,1799,unassigned
88559,1799,unassigned
88560,1799,unassigned
88561,1799,unassigned
88562,1799,unassigned
88563,1799,unassigned
88564,1799,unassigned
88565,1799,unassigned
88566,1799,unassigned
88567,1799,unassigned
88568,1799,unassigned
88569,1799,unassigned
88570,1799,unassigned
88571,1799,unassigned
88572,1799,unassigned
88573,1799,unassigned
88574,1799,unassigned
88575,1799,unassigned
88576,1799,unassigned
88577,1799,unassigned
88578,1799,unassigned
88579,1799,unassigned
88580,1799,unassigned
88581,1800,Immune
88582,1799,unassigned
88583,1799,unassigned
88584,1799,unassigned
88585,1799,unassigned
88586,1799,unassigned
88587,1799,unassigned
88588,1799,unassigned
88589,1799,unassigned
88590,1799,unassigned
88591,1799,unassigned
88592,1799,unassigned
88593,1799,unassigned
88594,1799,unassigned
88595,1799,unassigned
88596,1799,unassigned
88597,1799,unassigned
88598,1799,unassigned
88599,1799,unassigned
88600,1799,unassigned
88601,1799,unassigned
88602,1799,unassigned
88603,1799,unassigned
88604,1799,unassigned
88605,1799,unassigned
88606,1799,unassigned
88607,1799,unassigned
88608,1799,unassigned
88609,1799,unassigned
88610,1799,unassigned
88611,1799,unassigned
88612,1799,unassigned
88613,1799,unassigned
88614,1799,unassigned
88615,1799,unassigned
88616,1799,unassigned
88617,1799,unassigned
88618,1804,Astro-Epen
88619,1799,unassigned
88620,1799,unassigned
88621,1799,unassigned
88622,1799,unassigned
88623,1799,unassigned
88624,1799,unassigned
88625,1799,unassigned
88626,1799,unassigned
88627,1799,unassigned
88628,1799,unassigned
88629,1799,unassigned
88630,1799,unassigned
88631,1799,unassigned
88632,1800,Immune
88633,1799,unassigned
88634,1806,Immune
88635,1799,unassigned
88636,1799,unassigned
88637,1799,unassigned
88638,1799,unassigned
88639,1799,unassigned
88640,1799,unassigned
88641,1799,unassigned
88642,1799,unassigned
88643,1799,unassigned
88644,1799,unassigned
88645,1799,unassigned
88646,1799,unassigned
88647,1799,unassigned
88648,1806,Immune
88649,1806,Immune
88650,1799,unassigned
88651,1799,unassigned
88652,1799,unassigned
88653,1799,unassigned
88654,1799,unassigned
88655,1799,unassigned
88656,1799,unassigned
88657,1799,unassigned
88658,1799,unassigned
88659,1799,unassigned
88660,1799,unassigned
88661,1799,unassigned
88662,1799,unassigned
88663,1799,unassigned
88664,1799,unassigned
88665,1799,unassigned
88666,1799,unassigned
88667,1799,unassigned
88668,1799,unassigned
88669,1799,unassigned
88670,1800,Immune
88671,1799,unassigned
88672,1800,Immune
88673,1804,Astro-Epen
88674,1799,unassigned
88675,1799,unassigned
88676,1799,unassigned
88677,1799,unassigned
88678,1799,unassigned
88679,1799,unassigned
88680,1799,unassigned
88681,1799,unassigned
88682,1799,unassigned
88683,1799,unassigned
88684,1799,unassigned
88685,1799,unassigned
88686,1799,unassigned
88687,1799,unassigned
88688,1799,unassigned
88689,1799,unassigned
88690,1799,unassigned
88691,1799,unassigned
88692,1799,unassigned
88693,1799,unassigned
88694,1799,unassigned
88695,1800,Immune
88696,1799,unassigned
88697,1799,unassigned
88698,1799,unassigned
88699,1799,unassigned
88700,1799,unassigned
88701,1799,unassigned
88702,1799,unassigned
88703,1800,Immune
88704,1799,unassigned
88705,1806,Immune
88706,1799,unassigned
88707,1799,unassigned
88708,1799,unassigned
88709,1799,unassigned
88710,1799,unassigned
88711,1799,unassigned
88712,1799,unassigned
88713,1799,unassigned
88714,1799,unassigned
88715,1799,unassigned
88716,1800,Immune
88717,1800,Immune
88718,1799,unassigned
88719,1799,unassigned
88720,1799,unassigned
88721,1799,unassigned
88722,1799,unassigned
88723,1799,unassigned
88724,1799,unassigned
88725,1799,unassigned
88726,1802,unassigned
88727,1799,unassigned
88728,1799,unassigned
88729,1799,unassigned
88730,1799,unassigned
88731,1799,unassigned
88732,1799,unassigned
88733,1799,unassigned
88734,1799,unassigned
88735,1799,unassigned
88736,1799,unassigned
88737,1799,unassigned
88738,1799,unassigned
88739,1799,unassigned
88740,1806,Immune
88741,1799,unassigned
88742,1799,unassigned
88743,1799,unassigned
88744,1799,unassigned
88745,1799,unassigned
88746,1799,unassigned
88747,1799,unassigned
88748,1799,unassigned
88749,1799,unassigned
88750,1799,unassigned
88751,1799,unassigned
88752,1799,unassigned
88753,1799,unassigned
88754,1799,unassigned
88755,1799,unassigned
88756,1799,unassigned
88757,1802,unassigned
88758,1799,unassigned
88759,1799,unassigned
88760,1799,unassigned
88761,1799,unassigned
88762,1799,unassigned
88763,1799,unassigned
88764,1799,unassigned
88765,1799,unassigned
88766,1799,unassigned
88767,1799,unassigned
88768,1813,Excitatory_Neuron
88769,1799,unassigned
88770,1799,unassigned
88771,1799,unassigned
88772,1799,unassigned
88773,1799,unassigned
88774,1806,Immune
88775,1799,unassigned
88776,1799,unassigned
88777,1799,unassigned
88778,1799,unassigned
88779,1799,unassigned
88780,1799,unassigned
88781,1799,unassigned
88782,1799,unassigned
88783,1799,unassigned
88784,1799,unassigned
88785,1799,unassigned
88786,1799,unassigned
88787,1799,unassigned
88788,1799,unassigned
88789,1800,Immune
88790,1806,Immune
88791,1799,unassigned
88792,1799,unassigned
88793,1799,unassigned
88794,1799,unassigned
88795,1799,unassigned
88796,1799,unassigned
88797,1799,unassigned
88798,1799,unassigned
88799,1799,unassigned
88800,1799,unassigned
88801,1799,unassigned
88802,1799,unassigned
88803,1799,unassigned
88804,1799,unassigned
88805,1806,Immune
88806,1799,unassigned
88807,1799,unassigned
88808,1799,unassigned
88809,1799,unassigned
88810,1799,unassigned
88811,1799,unassigned
88812,1799,unassigned
88813,1799,unassigned
88814,1800,Immune
88815,1799,unassigned
88816,1799,unassigned
88817,1799,unassigned
88818,1799,unassigned
88819,1799,unassigned
88820,1799,unassigned
88821,1799,unassigned
88822,1799,unassigned
88823,1799,unassigned
88824,1799,unassigned
88825,1799,unassigned
88826,1799,unassigned
88827,1799,unassigned
88828,1799,unassigned
88829,1799,unassigned
88830,1799,unassigned
88831,1799,unassigned
88832,1799,unassigned
88833,1799,unassigned
88834,1799,unassigned
88835,1799,unassigned
88836,1800,Immune
88837,1799,unassigned
88838,1799,unassigned
88839,1799,unassigned
88840,1799,unassigned
88841,1799,unassigned
88842,1799,unassigned
88843,1799,unassigned
88844,1799,unassigned
88845,1799,unassigned
88846,1799,unassigned
88847,1799,unassigned
88848,1799,unassigned
88849,1799,unassigned
88850,1799,unassigned
88851,1799,unassigned
88852,1800,Immune
88853,1800,Immune
88854,1799,unassigned
88855,1799,unassigned
88856,1799,unassigned
88857,1800,Immune
88858,1806,Immune
88859,1799,unassigned
88860,1799,unassigned
88861,1799,unassigned
88862,1799,unassigned
88863,1799,unassigned
88864,1799,unassigned
88865,1799,unassigned
88866,1799,unassigned
88867,1799,unassigned
88868,1799,unassigned
88869,1799,unassigned
88870,1799,unassigned
88871,1799,unassigned
88872,1799,unassigned
88873,1813,Excitatory_Neuron
88874,1799,unassigned
88875,1799,unassigned
88876,1799,unassigned
88877,1800,Immune
88878,1800,Immune
88879,1799,unassigned
88880,1799,unassigned
88881,1799,unassigned
88882,1799,unassigned
88883,1799,unassigned
88884,1799,unassigned
88885,1799,unassigned
88886,1799,unassigned
88887,1799,unassigned
88888,1799,unassigned
88889,1799,unassigned
88890,1799,unassigned
88891,1799,unassigned
88892,1799,unassigned
88893,1799,unassigned
88894,1799,unassigned
88895,1799,unassigned
88896,1799,unassigned
88897,1801,Excitatory_Neuron
88898,1799,unassigned
88899,1801,Excitatory_Neuron
88900,1799,unassigned
88901,1799,unassigned
88902,1799,unassigned
88903,1799,unassigned
88904,1799,unassigned
88905,1799,unassigned
88906,1799,unassigned
88907,1799,unassigned
88908,1799,unassigned
88909,1799,unassigned
88910,1799,unassigned
88911,1800,Immune
88912,1800,Immune
88913,1799,unassigned
88914,1802,unassigned
88915,1799,unassigned
88916,1799,unassigned
88917,1799,unassigned
88918,1799,unassigned
88919,1799,unassigned
88920,1799,unassigned
88921,1799,unassigned
88922,1799,unassigned
88923,1801,Excitatory_Neuron
88924,1799,unassigned
88925,1799,unassigned
88926,1799,unassigned
88927,1799,unassigned
88928,1799,unassigned
88929,1813,Excitatory_Neuron
88930,1799,unassigned
88931,1799,unassigned
88932,1799,unassigned
88933,1799,unassigned
88934,1800,Immune
88935,1799,unassigned
88936,1799,unassigned
88937,1799,unassigned
88938,1799,unassigned
88939,1799,unassigned
88940,1799,unassigned
88941,1799,unassigned
88942,1799,unassigned
88943,1799,unassigned
88944,1799,unassigned
88945,1799,unassigned
88946,1799,unassigned
88947,1799,unassigned
88948,1799,unassigned
88949,1799,unassigned
88950,1800,Immune
88951,1806,Immune
88952,1799,unassigned
88953,1799,unassigned
88954,1799,unassigned
88955,1799,unassigned
88956,1799,unassigned
88957,1799,unassigned
88958,1799,unassigned
88959,1799,unassigned
88960,1799,unassigned
88961,1799,unassigned
88962,1799,unassigned
88963,1799,unassigned
88964,1800,Immune
88965,1799,unassigned
88966,1799,unassigned
88967,1799,unassigned
88968,1799,unassigned
88969,1799,unassigned
88970,1799,unassigned
88971,1801,Excitatory_Neuron
88972,1799,unassigned
88973,1799,unassigned
88974,1799,unassigned
88975,1799,unassigned
88976,1799,unassigned
88977,1799,unassigned
88978,1799,unassigned
88979,1799,unassigned
88980,1799,unassigned
88981,1799,unassigned
88982,1799,unassigned
88983,1801,Excitatory_Neuron
88984,1799,unassigned
88985,1799,unassigned
88986,1799,unassigned
88987,1799,unassigned
88988,1799,unassigned
88989,1799,unassigned
88990,1799,unassigned
88991,1800,Immune
88992,1800,Immune
88993,1799,unassigned
88994,1799,unassigned
88995,1806,Immune
88996,1801,Excitatory_Neuron
88997,1799,unassigned
88998,1799,unassigned
88999,1799,unassigned
89000,1799,unassigned
89001,1799,unassigned
89002,1799,unassigned
89003,1799,unassigned
89004,1799,unassigned
89005,1799,unassigned
89006,1799,unassigned
89007,1799,unassigned
89008,1799,unassigned
89009,1799,unassigned
89010,1799,unassigned
89011,1799,unassigned
89012,1799,unassigned
89013,1799,unassigned
89014,1801,Excitatory_Neuron
89015,1799,unassigned
89016,1799,unassigned
89017,1799,unassigned
89018,1799,unassigned
89019,1799,unassigned
89020,1799,unassigned
89021,1799,unassigned
89022,1799,unassigned
89023,1799,unassigned
89024,1799,unassigned
89025,1799,unassigned
89026,1799,unassigned
89027,1799,unassigned
89028,1804,Astro-Epen
89029,1799,unassigned
89030,1799,unassigned
89031,1799,unassigned
89032,1799,unassigned
89033,1799,unassigned
89034,1799,unassigned
89035,1799,unassigned
89036,1799,unassigned
89037,1799,unassigned
89038,1799,unassigned
89039,1799,unassigned
89040,1799,unassigned
89041,1799,unassigned
89042,1799,unassigned
89043,1799,unassigned
89044,1799,unassigned
89045,1814,unassigned
89046,1799,unassigned
89047,1799,unassigned
89048,1799,unassigned
89049,1799,unassigned
89050,1799,unassigned
89051,1799,unassigned
89052,1799,unassigned
89053,1799,unassigned
89054,1799,unassigned
89055,1799,unassigned
89056,1799,unassigned
89057,1804,Astro-Epen
89058,1799,unassigned
89059,1799,unassigned
89060,1804,Astro-Epen
89061,1799,unassigned
89062,1799,unassigned
89063,1799,unassigned
89064,1799,unassigned
89065,1799,unassigned
89066,1799,unassigned
89067,1799,unassigned
89068,1799,unassigned
89069,1799,unassigned
89070,1799,unassigned
89071,1799,unassigned
89072,1799,unassigned
89073,1800,Immune
89074,1799,unassigned
89075,1799,unassigned
89076,1799,unassigned
89077,1799,unassigned
89078,1799,unassigned
89079,1799,unassigned
89080,1799,unassigned
89081,1799,unassigned
89082,1799,unassigned
89083,1799,unassigned
89084,1799,unassigned
89085,1799,unassigned
89086,1799,unassigned
89087,1799,unassigned
89088,1799,unassigned
89089,1799,unassigned
89090,1815,Astro-Epen
89091,1799,unassigned
89092,1799,unassigned
89093,1799,unassigned
89094,1799,unassigned
89095,1799,unassigned
89096,1799,unassigned
89097,1799,unassigned
89098,1799,unassigned
89099,1799,unassigned
89100,1799,unassigned
89101,1799,unassigned
89102,1799,unassigned
89103,1799,unassigned
89104,1799,unassigned
89105,1799,unassigned
89106,1801,Excitatory_Neuron
89107,1799,unassigned
89108,1799,unassigned
89109,1799,unassigned
89110,1799,unassigned
89111,1799,unassigned
89112,1799,unassigned
89113,1799,unassigned
89114,1799,unassigned
89115,1799,unassigned
89116,1799,unassigned
89117,1799,unassigned
89118,1799,unassigned
89119,1799,unassigned
89120,1799,unassigned
89121,1799,unassigned
89122,1799,unassigned
89123,1799,unassigned
89124,1799,unassigned
89125,1804,Astro-Epen
89126,1799,unassigned
89127,1799,unassigned
89128,1799,unassigned
89129,1799,unassigned
89130,1800,Immune
89131,1799,unassigned
89132,1799,unassigned
89133,1801,Excitatory_Neuron
89134,1801,Excitatory_Neuron
89135,1799,unassigned
89136,1799,unassigned
89137,1799,unassigned
89138,1799,unassigned
89139,1799,unassigned
89140,1799,unassigned
89141,1799,unassigned
89142,1799,unassigned
89143,1799,unassigned
89144,1799,unassigned
89145,1799,unassigned
89146,1799,unassigned
89147,1799,unassigned
89148,1799,unassigned
89149,1799,unassigned
89150,1801,Excitatory_Neuron
89151,1799,unassigned
89152,1799,unassigned
89153,1799,unassigned
89154,1799,unassigned
89155,1799,unassigned
89156,1799,unassigned
89157,1799,unassigned
89158,1799,unassigned
89159,1799,unassigned
89160,1799,unassigned
89161,1799,unassigned
89162,1799,unassigned
89163,1799,unassigned
89164,1799,unassigned
89165,1799,unassigned
89166,1799,unassigned
89167,1799,unassigned
89168,1799,unassigned
89169,1799,unassigned
89170,1799,unassigned
89171,1801,Excitatory_Neuron
89172,1799,unassigned
89173,1799,unassigned
89174,1799,unassigned
89175,1799,unassigned
89176,1799,unassigned
89177,1816,unassigned
89178,1799,unassigned
89179,1799,unassigned
89180,1799,unassigned
89181,1800,Immune
89182,1800,Immune
89183,1799,unassigned
89184,1799,unassigned
89185,1799,unassigned
89186,1799,unassigned
89187,1799,unassigned
89188,1799,unassigned
89189,1799,unassigned
89190,1799,unassigned
89191,1799,unassigned
89192,1799,unassigned
89193,1799,unassigned
89194,1799,unassigned
89195,1799,unassigned
89196,1799,unassigned
89197,1799,unassigned
89198,1799,unassigned
89199,1799,unassigned
89200,1800,Immune
89201,1800,Immune
89202,1799,unassigned
89203,1799,unassigned
89204,1799,unassigned
89205,1799,unassigned
89206,1801,Excitatory_Neuron
89207,1804,Astro-Epen
89208,1799,unassigned
89209,1799,unassigned
89210,1799,unassigned
89211,1801,Excitatory_Neuron
89212,1799,unassigned
89213,1801,Excitatory_Neuron
89214,1799,unassigned
89215,1799,unassigned
89216,1799,unassigned
89217,1799,unassigned
89218,1799,unassigned
89219,1799,unassigned
89220,1799,unassigned
89221,1799,unassigned
89222,1799,unassigned
89223,1799,unassigned
89224,1799,unassigned
89225,1799,unassigned
89226,1799,unassigned
89227,1800,Immune
89228,1800,Immune
89229,1799,unassigned
89230,1799,unassigned
89231,1799,unassigned
89232,1801,Excitatory_Neuron
89233,1799,unassigned
89234,1799,unassigned
89235,1799,unassigned
89236,1817,Astro-Epen
89237,1799,unassigned
89238,1799,unassigned
89239,1799,unassigned
89240,1799,unassigned
89241,1799,unassigned
89242,1800,Immune
89243,1799,unassigned
89244,1799,unassigned
89245,1799,unassigned
89246,1799,unassigned
89247,1799,unassigned
89248,1799,unassigned
89249,1801,Excitatory_Neuron
89250,1799,unassigned
89251,1799,unassigned
89252,1799,unassigned
89253,1799,unassigned
89254,1799,unassigned
89255,1799,unassigned
89256,1799,unassigned
89257,1799,unassigned
89258,1799,unassigned
89259,1799,unassigned
89260,1799,unassigned
89261,1806,Immune
89262,1799,unassigned
89263,1801,Excitatory_Neuron
89264,1801,Excitatory_Neuron
89265,1799,unassigned
89266,1799,unassigned
89267,1799,unassigned
89268,1799,unassigned
89269,1799,unassigned
89270,1799,unassigned
89271,1799,unassigned
89272,1799,unassigned
89273,1799,unassigned
89274,1799,unassigned
89275,1799,unassigned
89276,1799,unassigned
89277,1799,unassigned
89278,1799,unassigned
89279,1799,unassigned
89280,1801,Excitatory_Neuron
89281,1799,unassigned
89282,1799,unassigned
89283,1799,unassigned
89284,1799,unassigned
89285,1799,unassigned
89286,1813,Excitatory_Neuron
89287,1816,unassigned
89288,1799,unassigned
89289,1799,unassigned
89290,1799,unassigned
89291,1799,unassigned
89292,1799,unassigned
89293,1799,unassigned
89294,1799,unassigned
89295,1799,unassigned
89296,1799,unassigned
89297,1799,unassigned
89298,1799,unassigned
89299,1799,unassigned
89300,1799,unassigned
89301,1799,unassigned
89302,1799,unassigned
89303,1799,unassigned
89304,1799,unassigned
89305,1799,unassigned
89306,1800,Immune
89307,1800,Immune
89308,1799,unassigned
89309,1799,unassigned
89310,1799,unassigned
89311,1799,unassigned
89312,1799,unassigned
89313,1799,unassigned
89314,1799,unassigned
89315,1801,Excitatory_Neuron
89316,1799,unassigned
89317,1801,Excitatory_Neuron
89318,1799,unassigned
89319,1799,unassigned
89320,1799,unassigned
89321,1799,unassigned
89322,1799,unassigned
89323,1799,unassigned
89324,1799,unassigned
89325,1799,unassigned
89326,1799,unassigned
89327,1799,unassigned
89328,1799,unassigned
89329,1800,Immune
89330,1799,unassigned
89331,1799,unassigned
89332,1799,unassigned
89333,1799,unassigned
89334,1801,Excitatory_Neuron
89335,1801,Excitatory_Neuron
89336,1799,unassigned
89337,1801,Excitatory_Neuron
89338,1799,unassigned
89339,1799,unassigned
89340,1817,Astro-Epen
89341,1799,unassigned
89342,1799,unassigned
89343,1799,unassigned
89344,1799,unassigned
89345,1799,unassigned
89346,1813,Excitatory_Neuron
89347,1799,unassigned
89348,1799,unassigned
89349,1799,unassigned
89350,1818,unassigned
89351,1799,unassigned
89352,1799,unassigned
89353,1799,unassigned
89354,1799,unassigned
89355,1799,unassigned
89356,1799,unassigned
89357,1799,unassigned
89358,1799,unassigned
89359,1799,unassigned
89360,1799,unassigned
89361,1799,unassigned
89362,1806,Immune
89363,1799,unassigned
89364,1799,unassigned
89365,1799,unassigned
89366,1799,unassigned
89367,1799,unassigned
89368,1799,unassigned
89369,1799,unassigned
89370,1799,unassigned
89371,1799,unassigned
89372,1799,unassigned
89373,1817,Astro-Epen
89374,1799,unassigned
89375,1799,unassigned
89376,1799,unassigned
89377,1799,unassigned
89378,1799,unassigned
89379,1799,unassigned
89380,1799,unassigned
89381,1799,unassigned
89382,1800,Immune
89383,1799,unassigned
89384,1799,unassigned
89385,1799,unassigned
89386,1799,unassigned
89387,1799,unassigned
89388,1799,unassigned
89389,1799,unassigned
89390,1799,unassigned
89391,1799,unassigned
89392,1799,unassigned
89393,1799,unassigned
89394,1799,unassigned
89395,1816,unassigned
89396,1799,unassigned
89397,1799,unassigned
89398,1799,unassigned
89399,1799,unassigned
89400,1799,unassigned
89401,1799,unassigned
89402,1799,unassigned
89403,1799,unassigned
89404,1799,unassigned
89405,1799,unassigned
89406,1799,unassigned
89407,1799,unassigned
89408,1799,unassigned
89409,1799,unassigned
89410,1799,unassigned
89411,1799,unassigned
89412,1799,unassigned
89413,1799,unassigned
89414,1799,unassigned
89415,1799,unassigned
89416,1799,unassigned
89417,1800,Immune
89418,1799,unassigned
89419,1799,unassigned
89420,1799,unassigned
89421,1799,unassigned
89422,1799,unassigned
89423,1799,unassigned
89424,1799,unassigned
89425,1799,unassigned
89426,1799,unassigned
89427,1799,unassigned
89428,1799,unassigned
89429,1799,unassigned
89430,1799,unassigned
89431,1799,unassigned
89432,1799,unassigned
89433,1799,unassigned
89434,1799,unassigned
89435,1799,unassigned
89436,1799,unassigned
89437,1799,unassigned
89438,1799,unassigned
89439,1799,unassigned
89440,1799,unassigned
89441,1799,unassigned
89442,1799,unassigned
89443,1799,unassigned
89444,1799,unassigned
89445,1799,unassigned
89446,1799,unassigned
89447,1799,unassigned
89448,1799,unassigned
89449,1799,unassigned
89450,1799,unassigned
89451,1799,unassigned
89452,1799,unassigned
89453,1799,unassigned
89454,1799,unassigned
89455,1799,unassigned
89456,1799,unassigned
89457,1799,unassigned
89458,1799,unassigned
89459,1800,Immune
89460,1799,unassigned
89461,1799,unassigned
89462,1799,unassigned
89463,1801,Excitatory_Neuron
89464,1801,Excitatory_Neuron
89465,1801,Excitatory_Neuron
89466,1799,unassigned
89467,1799,unassigned
89468,1799,unassigned
89469,1799,unassigned
89470,1799,unassigned
89471,1799,unassigned
89472,1799,unassigned
89473,1799,unassigned
89474,1799,unassigned
89475,1799,unassigned
89476,1799,unassigned
89477,1799,unassigned
89478,1799,unassigned
89479,1799,unassigned
89480,1799,unassigned
89481,1799,unassigned
89482,1799,unassigned
89483,1799,unassigned
89484,1799,unassigned
89485,1799,unassigned
89486,1801,Excitatory_Neuron
89487,1799,unassigned
89488,1799,unassigned
89489,1799,unassigned
89490,1799,unassigned
89491,1799,unassigned
89492,1799,unassigned
89493,1799,unassigned
89494,1799,unassigned
89495,1799,unassigned
89496,1799,unassigned
89497,1799,unassigned
89498,1799,unassigned
89499,1799,unassigned
89500,1799,unassigned
89501,1799,unassigned
89502,1799,unassigned
89503,1799,unassigned
89504,1799,unassigned
89505,1799,unassigned
89506,1799,unassigned
89507,1799,unassigned
89508,1799,unassigned
89509,1799,unassigned
89510,1799,unassigned
89511,1799,unassigned
89512,1799,unassigned
89513,1799,unassigned
89514,1799,unassigned
89515,1799,unassigned
89516,1800,Immune
89517,1806,Immune
89518,1799,unassigned
89519,1799,unassigned
89520,1799,unassigned
89521,1799,unassigned
89522,1799,unassigned
89523,1799,unassigned
89524,1799,unassigned
89525,1817,Astro-Epen
89526,1799,unassigned
89527,1799,unassigned
89528,1799,unassigned
89529,1799,unassigned
89530,1799,unassigned
89531,1819,Astro-Epen
89532,1799,unassigned
89533,1801,Excitatory_Neuron
89534,1799,unassigned
89535,1799,unassigned
89536,1799,unassigned
89537,1799,unassigned
89538,1799,unassigned
89539,1799,unassigned
89540,1799,unassigned
89541,1799,unassigned
89542,1799,unassigned
89543,1799,unassigned
89544,1799,unassigned
89545,1816,unassigned
89546,1800,Immune
89547,1799,unassigned
89548,1819,Astro-Epen
89549,1799,unassigned
89550,1806,Immune
89551,1799,unassigned
89552,1799,unassigned
89553,1799,unassigned
89554,1799,unassigned
89555,1799,unassigned
89556,1799,unassigned
89557,1799,unassigned
89558,1799,unassigned
89559,1799,unassigned
89560,1799,unassigned
89561,1799,unassigned
89562,1799,unassigned
89563,1799,unassigned
89564,1799,unassigned
89565,1799,unassigned
89566,1799,unassigned
89567,1799,unassigned
89568,1799,unassigned
89569,1799,unassigned
89570,1799,unassigned
89571,1799,unassigned
89572,1799,unassigned
89573,1799,unassigned
89574,1799,unassigned
89575,1799,unassigned
89576,1799,unassigned
89577,1799,unassigned
89578,1799,unassigned
89579,1799,unassigned
89580,1799,unassigned
89581,1799,unassigned
89582,1799,unassigned
89583,1799,unassigned
89584,1799,unassigned
89585,1799,unassigned
89586,1799,unassigned
89587,1800,Immune
89588,1799,unassigned
89589,1799,unassigned
89590,1799,unassigned
89591,1799,unassigned
89592,1799,unassigned
89593,1799,unassigned
89594,1799,unassigned
89595,1799,unassigned
89596,1799,unassigned
89597,1799,unassigned
89598,1799,unassigned
89599,1799,unassigned
89600,1799,unassigned
89601,1799,unassigned
89602,1799,unassigned
89603,1799,unassigned
89604,1799,unassigned
89605,1799,unassigned
89606,1799,unassigned
89607,1799,unassigned
89608,1799,unassigned
89609,1799,unassigned
89610,1799,unassigned
89611,1799,unassigned
89612,1799,unassigned
89613,1799,unassigned
89614,1799,unassigned
89615,1804,Astro-Epen
89616,1804,Astro-Epen
89617,1799,unassigned
89618,1799,unassigned
89619,1799,unassigned
89620,1799,unassigned
89621,1799,unassigned
89622,1799,unassigned
89623,1799,unassigned
89624,1799,unassigned
89625,1799,unassigned
89626,1799,unassigned
89627,1799,unassigned
89628,1799,unassigned
89629,1799,unassigned
89630,1799,unassigned
89631,1800,Immune
89632,1799,unassigned
89633,1799,unassigned
89634,1799,unassigned
89635,1799,unassigned
89636,1799,unassigned
89637,1799,unassigned
89638,1799,unassigned
89639,1799,unassigned
89640,1799,unassigned
89641,1799,unassigned
89642,1799,unassigned
89643,1799,unassigned
89644,1799,unassigned
89645,1799,unassigned
89646,1799,unassigned
89647,1799,unassigned
89648,1799,unassigned
89649,1819,Astro-Epen
89650,1819,Astro-Epen
89651,1799,unassigned
89652,1799,unassigned
89653,1799,unassigned
89654,1799,unassigned
89655,1799,unassigned
89656,1799,unassigned
89657,1799,unassigned
89658,1799,unassigned
89659,1799,unassigned
89660,1799,unassigned
89661,1799,unassigned
89662,1813,Excitatory_Neuron
89663,1799,unassigned
89664,1799,unassigned
89665,1799,unassigned
89666,1799,unassigned
89667,1799,unassigned
89668,1799,unassigned
89669,1799,unassigned
89670,1799,unassigned
89671,1817,Astro-Epen
89672,1817,Astro-Epen
89673,1799,unassigned
89674,1799,unassigned
89675,1799,unassigned
89676,1799,unassigned
89677,1799,unassigned
89678,1799,unassigned
89679,1799,unassigned
89680,1799,unassigned
89681,1799,unassigned
89682,1799,unassigned
89683,1799,unassigned
89684,1799,unassigned
89685,1799,unassigned
89686,1799,unassigned
89687,1799,unassigned
89688,1799,unassigned
89689,1799,unassigned
89690,1799,unassigned
89691,1799,unassigned
89692,1799,unassigned
89693,1799,unassigned
89694,1800,Immune
89695,1799,unassigned
89696,1819,Astro-Epen
89697,1800,Immune
89698,1799,unassigned
89699,1820,unassigned
89700,1799,unassigned
89701,1799,unassigned
89702,1801,Excitatory_Neuron
89703,1799,unassigned
89704,1799,unassigned
89705,1799,unassigned
89706,1799,unassigned
89707,1799,unassigned
89708,1799,unassigned
89709,1799,unassigned
89710,1799,unassigned
89711,1799,unassigned
89712,1799,unassigned
89713,1799,unassigned
89714,1813,Excitatory_Neuron
89715,1800,Immune
89716,1799,unassigned
89717,1799,unassigned
89718,1799,unassigned
89719,1799,unassigned
89720,1799,unassigned
89721,1799,unassigned
89722,1799,unassigned
89723,1799,unassigned
89724,1799,unassigned
89725,1799,unassigned
89726,1799,unassigned
89727,1799,unassigned
89728,1799,unassigned
89729,1799,unassigned
89730,1799,unassigned
89731,1799,unassigned
89732,1799,unassigned
89733,1799,unassigned
89734,1799,unassigned
89735,1799,unassigned
89736,1799,unassigned
89737,1799,unassigned
89738,1799,unassigned
89739,1821,Astro-Epen
89740,1800,Immune
89741,1799,unassigned
89742,1799,unassigned
89743,1799,unassigned
89744,1799,unassigned
89745,1799,unassigned
89746,1799,unassigned
89747,1801,Excitatory_Neuron
89748,1799,unassigned
89749,1799,unassigned
89750,1799,unassigned
89751,1799,unassigned
89752,1799,unassigned
89753,1799,unassigned
89754,1799,unassigned
89755,1799,unassigned
89756,1799,unassigned
89757,1799,unassigned
89758,1799,unassigned
89759,1813,Excitatory_Neuron
89760,1816,unassigned
89761,1799,unassigned
89762,1799,unassigned
89763,1799,unassigned
89764,1799,unassigned
89765,1799,unassigned
89766,1799,unassigned
89767,1804,Astro-Epen
89768,1799,unassigned
89769,1799,unassigned
89770,1799,unassigned
89771,1799,unassigned
89772,1799,unassigned
89773,1799,unassigned
89774,1799,unassigned
89775,1806,Immune
89776,1799,unassigned
89777,1799,unassigned
89778,1799,unassigned
89779,1799,unassigned
89780,1801,Excitatory_Neuron
89781,1799,unassigned
89782,1799,unassigned
89783,1799,unassigned
89784,1799,unassigned
89785,1799,unassigned
89786,1799,unassigned
89787,1799,unassigned
89788,1799,unassigned
89789,1799,unassigned
89790,1799,unassigned
89791,1821,Astro-Epen
89792,1799,unassigned
89793,1799,unassigned
89794,1799,unassigned
89795,1799,unassigned
89796,1799,unassigned
89797,1799,unassigned
89798,1799,unassigned
89799,1799,unassigned
89800,1799,unassigned
89801,1804,Astro-Epen
89802,1801,Excitatory_Neuron
89803,1799,unassigned
89804,1799,unassigned
89805,1799,unassigned
89806,1799,unassigned
89807,1799,unassigned
89808,1799,unassigned
89809,1799,unassigned
89810,1799,unassigned
89811,1799,unassigned
89812,1799,unassigned
89813,1799,unassigned
89814,1799,unassigned
89815,1799,unassigned
89816,1799,unassigned
89817,1799,unassigned
89818,1799,unassigned
89819,1799,unassigned
89820,1799,unassigned
89821,1799,unassigned
89822,1800,Immune
89823,1799,unassigned
89824,1799,unassigned
89825,1799,unassigned
89826,1799,unassigned
89827,1799,unassigned
89828,1799,unassigned
89829,1799,unassigned
89830,1799,unassigned
89831,1799,unassigned
89832,1799,unassigned
89833,1799,unassigned
89834,1815,Astro-Epen
89835,1799,unassigned
89836,1799,unassigned
89837,1799,unassigned
89838,1799,unassigned
89839,1801,Excitatory_Neuron
89840,1799,unassigned
89841,1799,unassigned
89842,1799,unassigned
89843,1799,unassigned
89844,1799,unassigned
89845,1799,unassigned
89846,1799,unassigned
89847,1799,unassigned
89848,1799,unassigned
89849,1799,unassigned
89850,1799,unassigned
89851,1799,unassigned
89852,1799,unassigned
89853,1799,unassigned
89854,1804,Astro-Epen
89855,1799,unassigned
89856,1799,unassigned
89857,1799,unassigned
89858,1799,unassigned
89859,1799,unassigned
89860,1799,unassigned
89861,1799,unassigned
89862,1799,unassigned
89863,1799,unassigned
89864,1799,unassigned
89865,1799,unassigned
89866,1813,Excitatory_Neuron
89867,1799,unassigned
89868,1799,unassigned
89869,1799,unassigned
89870,1799,unassigned
89871,1799,unassigned
89872,1799,unassigned
89873,1800,Immune
89874,1799,unassigned
89875,1800,Immune
89876,1799,unassigned
89877,1799,unassigned
89878,1799,unassigned
89879,1799,unassigned
89880,1799,unassigned
89881,1799,unassigned
89882,1799,unassigned
89883,1799,unassigned
89884,1799,unassigned
89885,1799,unassigned
89886,1799,unassigned
89887,1799,unassigned
89888,1799,unassigned
89889,1799,unassigned
89890,1799,unassigned
89891,1799,unassigned
89892,1816,unassigned
89893,1821,Astro-Epen
89894,1799,unassigned
89895,1799,unassigned
89896,1799,unassigned
89897,1800,Immune
89898,1799,unassigned
89899,1799,unassigned
89900,1799,unassigned
89901,1799,unassigned
89902,1799,unassigned
89903,1799,unassigned
89904,1799,unassigned
89905,1799,unassigned
89906,1799,unassigned
89907,1799,unassigned
89908,1799,unassigned
89909,1817,Astro-Epen
89910,1799,unassigned
89911,1799,unassigned
89912,1799,unassigned
89913,1799,unassigned
89914,1799,unassigned
89915,1799,unassigned
89916,1799,unassigned
89917,1799,unassigned
89918,1799,unassigned
89919,1799,unassigned
89920,1799,unassigned
89921,1799,unassigned
89922,1799,unassigned
89923,1799,unassigned
89924,1799,unassigned
89925,1799,unassigned
89926,1799,unassigned
89927,1801,Excitatory_Neuron
89928,1799,unassigned
89929,1799,unassigned
89930,1817,Astro-Epen
89931,1799,unassigned
89932,1799,unassigned
89933,1799,unassigned
89934,1799,unassigned
89935,1799,unassigned
89936,1799,unassigned
89937,1821,Astro-Epen
89938,1799,unassigned
89939,1819,Astro-Epen
89940,1799,unassigned
89941,1799,unassigned
89942,1799,unassigned
89943,1799,unassigned
89944,1799,unassigned
89945,1799,unassigned
89946,1799,unassigned
89947,1799,unassigned
89948,1799,unassigned
89949,1799,unassigned
89950,1799,unassigned
89951,1801,Excitatory_Neuron
89952,1799,unassigned
89953,1801,Excitatory_Neuron
89954,1799,unassigned
89955,1799,unassigned
89956,1799,unassigned
89957,1799,unassigned
89958,1799,unassigned
89959,1799,unassigned
89960,1799,unassigned
89961,1799,unassigned
89962,1799,unassigned
89963,1799,unassigned
89964,1799,unassigned
89965,1799,unassigned
89966,1799,unassigned
89967,1799,unassigned
89968,1799,unassigned
89969,1799,unassigned
89970,1799,unassigned
89971,1799,unassigned
89972,1799,unassigned
89973,1799,unassigned
89974,1799,unassigned
89975,1799,unassigned
89976,1799,unassigned
89977,1799,unassigned
89978,1799,unassigned
89979,1800,Immune
89980,1800,Immune
89981,1800,Immune
89982,1799,unassigned
89983,1799,unassigned
89984,1799,unassigned
89985,1799,unassigned
89986,1799,unassigned
89987,1799,unassigned
89988,1799,unassigned
89989,1799,unassigned
89990,1799,unassigned
89991,1799,unassigned
89992,1799,unassigned
89993,1799,unassigned
89994,1822,unassigned
89995,1799,unassigned
89996,1813,Excitatory_Neuron
89997,1821,Astro-Epen
89998,1816,unassigned
89999,1799,unassigned
90000,1800,Immune
90001,1799,unassigned
90002,1799,unassigned
90003,1799,unassigned
90004,1799,unassigned
90005,1799,unassigned
90006,1799,unassigned
90007,1799,unassigned
90008,1819,Astro-Epen
90009,1800,Immune
90010,1799,unassigned
90011,1799,unassigned
90012,1799,unassigned
90013,1799,unassigned
90014,1804,Astro-Epen
90015,1801,Excitatory_Neuron
90016,1801,Excitatory_Neuron
90017,1804,Astro-Epen
90018,1799,unassigned
90019,1799,unassigned
90020,1799,unassigned
90021,1799,unassigned
90022,1799,unassigned
90023,1823,unassigned
90024,1799,unassigned
90025,1799,unassigned
90026,1813,Excitatory_Neuron
90027,1799,unassigned
90028,1799,unassigned
90029,1799,unassigned
90030,1799,unassigned
90031,1799,unassigned
90032,1799,unassigned
90033,1800,Immune
90034,1799,unassigned
90035,1799,unassigned
90036,1799,unassigned
90037,1799,unassigned
90038,1799,unassigned
90039,1799,unassigned
90040,1799,unassigned
90041,1799,unassigned
90042,1799,unassigned
90043,1799,unassigned
90044,1799,unassigned
90045,1799,unassigned
90046,1799,unassigned
90047,1799,unassigned
90048,1799,unassigned
90049,1799,unassigned
90050,1799,unassigned
90051,1799,unassigned
90052,1799,unassigned
90053,1801,Excitatory_Neuron
90054,1799,unassigned
90055,1799,unassigned
90056,1799,unassigned
90057,1799,unassigned
90058,1799,unassigned
90059,1799,unassigned
90060,1799,unassigned
90061,1799,unassigned
90062,1799,unassigned
90063,1813,Excitatory_Neuron
90064,1816,unassigned
90065,1799,unassigned
90066,1799,unassigned
90067,1799,unassigned
90068,1799,unassigned
90069,1799,unassigned
90070,1799,unassigned
90071,1799,unassigned
90072,1799,unassigned
90073,1801,Excitatory_Neuron
90074,1799,unassigned
90075,1799,unassigned
90076,1824,unassigned
90077,1799,unassigned
90078,1799,unassigned
90079,1799,unassigned
90080,1799,unassigned
90081,1799,unassigned
90082,1799,unassigned
90083,1799,unassigned
90084,1799,unassigned
90085,1799,unassigned
90086,1799,unassigned
90087,1799,unassigned
90088,1799,unassigned
90089,1799,unassigned
90090,1799,unassigned
90091,1799,unassigned
90092,1800,Immune
90093,1799,unassigned
90094,1799,unassigned
90095,1799,unassigned
90096,1799,unassigned
90097,1799,unassigned
90098,1799,unassigned
90099,1799,unassigned
90100,1799,unassigned
90101,1799,unassigned
90102,1821,Astro-Epen
90103,1799,unassigned
90104,1799,unassigned
90105,1799,unassigned
90106,1799,unassigned
90107,1799,unassigned
90108,1799,unassigned
90109,1799,unassigned
90110,1817,Astro-Epen
90111,1799,unassigned
90112,1799,unassigned
90113,1799,unassigned
90114,1799,unassigned
90115,1799,unassigned
90116,1799,unassigned
90117,1799,unassigned
90118,1815,Astro-Epen
90119,1799,unassigned
90120,1799,unassigned
90121,1799,unassigned
90122,1799,unassigned
90123,1799,unassigned
90124,1799,unassigned
90125,1799,unassigned
90126,1799,unassigned
90127,1799,unassigned
90128,1799,unassigned
90129,1799,unassigned
90130,1799,unassigned
90131,1799,unassigned
90132,1799,unassigned
90133,1799,unassigned
90134,1799,unassigned
90135,1799,unassigned
90136,1823,unassigned
90137,1799,unassigned
90138,1799,unassigned
90139,1799,unassigned
90140,1799,unassigned
90141,1799,unassigned
90142,1800,Immune
90143,1819,Astro-Epen
90144,1800,Immune
90145,1799,unassigned
90146,1799,unassigned
90147,1799,unassigned
90148,1799,unassigned
90149,1801,Excitatory_Neuron
90150,1799,unassigned
90151,1817,Astro-Epen
90152,1799,unassigned
90153,1799,unassigned
90154,1799,unassigned
90155,1799,unassigned
90156,1821,Astro-Epen
90157,1799,unassigned
90158,1799,unassigned
90159,1799,unassigned
90160,1800,Immune
90161,1799,unassigned
90162,1799,unassigned
90163,1799,unassigned
90164,1799,unassigned
90165,1799,unassigned
90166,1799,unassigned
90167,1799,unassigned
90168,1799,unassigned
90169,1799,unassigned
90170,1799,unassigned
90171,1813,Excitatory_Neuron
90172,1799,unassigned
90173,1799,unassigned
90174,1799,unassigned
90175,1801,Excitatory_Neuron
90176,1801,Excitatory_Neuron
90177,1799,unassigned
90178,1799,unassigned
90179,1799,unassigned
90180,1799,unassigned
90181,1799,unassigned
90182,1799,unassigned
90183,1799,unassigned
90184,1806,Immune
90185,1799,unassigned
90186,1799,unassigned
90187,1799,unassigned
90188,1799,unassigned
90189,1799,unassigned
90190,1801,Excitatory_Neuron
90191,1799,unassigned
90192,1799,unassigned
90193,1799,unassigned
90194,1799,unassigned
90195,1817,Astro-Epen
90196,1799,unassigned
90197,1799,unassigned
90198,1799,unassigned
90199,1799,unassigned
90200,1799,unassigned
90201,1799,unassigned
90202,1799,unassigned
90203,1799,unassigned
90204,1799,unassigned
90205,1799,unassigned
90206,1806,Immune
90207,1799,unassigned
90208,1799,unassigned
90209,1799,unassigned
90210,1799,unassigned
90211,1799,unassigned
90212,1801,Excitatory_Neuron
90213,1801,Excitatory_Neuron
90214,1801,Excitatory_Neuron
90215,1799,unassigned
90216,1799,unassigned
90217,1799,unassigned
90218,1799,unassigned
90219,1799,unassigned
90220,1799,unassigned
90221,1799,unassigned
90222,1799,unassigned
90223,1821,Astro-Epen
90224,1821,Astro-Epen
90225,1799,unassigned
90226,1800,Immune
90227,1799,unassigned
90228,1799,unassigned
90229,1799,unassigned
90230,1799,unassigned
90231,1799,unassigned
90232,1801,Excitatory_Neuron
90233,1799,unassigned
90234,1799,unassigned
90235,1799,unassigned
90236,1800,Immune
90237,1799,unassigned
90238,1799,unassigned
90239,1801,Excitatory_Neuron
90240,1817,Astro-Epen
90241,1799,unassigned
90242,1799,unassigned
90243,1799,unassigned
90244,1799,unassigned
90245,1813,Excitatory_Neuron
90246,1799,unassigned
90247,1799,unassigned
90248,1799,unassigned
90249,1799,unassigned
90250,1799,unassigned
90251,1799,unassigned
90252,1799,unassigned
90253,1799,unassigned
90254,1799,unassigned
90255,1799,unassigned
90256,1799,unassigned
90257,1799,unassigned
90258,1800,Immune
90259,1799,unassigned
90260,1799,unassigned
90261,1801,Excitatory_Neuron
90262,1799,unassigned
90263,1799,unassigned
90264,1817,Astro-Epen
90265,1799,unassigned
90266,1799,unassigned
90267,1799,unassigned
90268,1799,unassigned
90269,1813,Excitatory_Neuron
90270,1799,unassigned
90271,1799,unassigned
90272,1800,Immune
90273,1800,Immune
90274,1806,Immune
90275,1799,unassigned
90276,1799,unassigned
90277,1799,unassigned
90278,1801,Excitatory_Neuron
90279,1799,unassigned
90280,1799,unassigned
90281,1799,unassigned
90282,1799,unassigned
90283,1799,unassigned
90284,1799,unassigned
90285,1799,unassigned
90286,1799,unassigned
90287,1819,Astro-Epen
90288,1799,unassigned
90289,1799,unassigned
90290,1800,Immune
90291,1799,unassigned
90292,1799,unassigned
90293,1804,Astro-Epen
90294,1799,unassigned
90295,1799,unassigned
90296,1799,unassigned
90297,1799,unassigned
90298,1815,Astro-Epen
90299,1813,Excitatory_Neuron
90300,1799,unassigned
90301,1799,unassigned
90302,1799,unassigned
90303,1799,unassigned
90304,1800,Immune
90305,1799,unassigned
90306,1799,unassigned
90307,1799,unassigned
90308,1799,unassigned
90309,1799,unassigned
90310,1804,Astro-Epen
90311,1799,unassigned
90312,1817,Astro-Epen
90313,1799,unassigned
90314,1799,unassigned
90315,1799,unassigned
90316,1799,unassigned
90317,1799,unassigned
90318,1799,unassigned
90319,1816,unassigned
90320,1799,unassigned
90321,1813,Excitatory_Neuron
90322,1800,Immune
90323,1799,unassigned
90324,1799,unassigned
90325,1799,unassigned
90326,1801,Excitatory_Neuron
90327,1801,Excitatory_Neuron
90328,1799,unassigned
90329,1799,unassigned
90330,1799,unassigned
90331,1799,unassigned
90332,1799,unassigned
90333,1799,unassigned
90334,1799,unassigned
90335,1799,unassigned
90336,1799,unassigned
90337,1800,Immune
90338,1799,unassigned
90339,1799,unassigned
90340,1801,Excitatory_Neuron
90341,1801,Excitatory_Neuron
90342,1799,unassigned
90343,1799,unassigned
90344,1799,unassigned
90345,1799,unassigned
90346,1799,unassigned
90347,1799,unassigned
90348,1799,unassigned
90349,1819,Astro-Epen
90350,1800,Immune
90351,1801,Excitatory_Neuron
90352,1799,unassigned
90353,1799,unassigned
90354,1799,unassigned
90355,1815,Astro-Epen
90356,1816,unassigned
90357,1799,unassigned
90358,1799,unassigned
90359,1800,Immune
90360,1800,Immune
90361,1799,unassigned
90362,1799,unassigned
90363,1799,unassigned
90364,1799,unassigned
90365,1799,unassigned
90366,1799,unassigned
90367,1799,unassigned
90368,1799,unassigned
90369,1799,unassigned
90370,1799,unassigned
90371,1799,unassigned
90372,1799,unassigned
90373,1799,unassigned
90374,1799,unassigned
90375,1799,unassigned
90376,1799,unassigned
90377,1813,Excitatory_Neuron
90378,1799,unassigned
90379,1819,Astro-Epen
90380,1800,Immune
90381,1799,unassigned
90382,1799,unassigned
90383,1799,unassigned
90384,1799,unassigned
90385,1799,unassigned
90386,1799,unassigned
90387,1801,Excitatory_Neuron
90388,1799,unassigned
90389,1799,unassigned
90390,1799,unassigned
90391,1799,unassigned
90392,1799,unassigned
90393,1799,unassigned
90394,1799,unassigned
90395,1799,unassigned
90396,1799,unassigned
90397,1799,unassigned
90398,1799,unassigned
90399,1799,unassigned
90400,1799,unassigned
90401,1799,unassigned
90402,1799,unassigned
90403,1799,unassigned
90404,1799,unassigned
90405,1799,unassigned
90406,1799,unassigned
90407,1800,Immune
90408,1799,unassigned
90409,1799,unassigned
90410,1799,unassigned
90411,1799,unassigned
90412,1799,unassigned
90413,1799,unassigned
90414,1799,unassigned
90415,1799,unassigned
90416,1799,unassigned
90417,1817,Astro-Epen
90418,1799,unassigned
90419,1799,unassigned
90420,1799,unassigned
90421,1799,unassigned
90422,1800,Immune
90423,1799,unassigned
90424,1799,unassigned
90425,1799,unassigned
90426,1799,unassigned
90427,1799,unassigned
90428,1799,unassigned
90429,1799,unassigned
90430,1799,unassigned
90431,1799,unassigned
90432,1799,unassigned
90433,1799,unassigned
90434,1799,unassigned
90435,1799,unassigned
90436,1799,unassigned
90437,1799,unassigned
90438,1799,unassigned
90439,1799,unassigned
90440,1799,unassigned
90441,1799,unassigned
90442,1799,unassigned
90443,1799,unassigned
90444,1799,unassigned
90445,1804,Astro-Epen
90446,1817,Astro-Epen
90447,1799,unassigned
90448,1799,unassigned
90449,1799,unassigned
90450,1799,unassigned
90451,1799,unassigned
90452,1799,unassigned
90453,1799,unassigned
90454,1799,unassigned
90455,1799,unassigned
90456,1799,unassigned
90457,1799,unassigned
90458,1821,Astro-Epen
90459,1799,unassigned
90460,1799,unassigned
90461,1799,unassigned
90462,1799,unassigned
90463,1801,Excitatory_Neuron
90464,1799,unassigned
90465,1799,unassigned
90466,1799,unassigned
90467,1799,unassigned
90468,1799,unassigned
90469,1799,unassigned
90470,1800,Immune
90471,1799,unassigned
90472,1799,unassigned
90473,1801,Excitatory_Neuron
90474,1799,unassigned
90475,1799,unassigned
90476,1799,unassigned
90477,1801,Excitatory_Neuron
90478,1799,unassigned
90479,1799,unassigned
90480,1799,unassigned
90481,1799,unassigned
90482,1799,unassigned
90483,1799,unassigned
90484,1799,unassigned
90485,1799,unassigned
90486,1799,unassigned
90487,1799,unassigned
90488,1799,unassigned
90489,1799,unassigned
90490,1799,unassigned
90491,1799,unassigned
90492,1799,unassigned
90493,1799,unassigned
90494,1799,unassigned
90495,1799,unassigned
90496,1799,unassigned
90497,1799,unassigned
90498,1813,Excitatory_Neuron
90499,1813,Excitatory_Neuron
90500,1799,unassigned
90501,1799,unassigned
90502,1799,unassigned
90503,1819,Astro-Epen
90504,1799,unassigned
90505,1799,unassigned
90506,1799,unassigned
90507,1799,unassigned
90508,1799,unassigned
90509,1799,unassigned
90510,1799,unassigned
90511,1799,unassigned
90512,1799,unassigned
90513,1799,unassigned
90514,1799,unassigned
90515,1799,unassigned
90516,1799,unassigned
90517,1799,unassigned
90518,1799,unassigned
90519,1799,unassigned
90520,1799,unassigned
90521,1799,unassigned
90522,1799,unassigned
90523,1799,unassigned
90524,1801,Excitatory_Neuron
90525,1801,Excitatory_Neuron
90526,1801,Excitatory_Neuron
90527,1817,Astro-Epen
90528,1799,unassigned
90529,1799,unassigned
90530,1801,Excitatory_Neuron
90531,1799,unassigned
90532,1799,unassigned
90533,1799,unassigned
90534,1799,unassigned
90535,1799,unassigned
90536,1799,unassigned
90537,1800,Immune
90538,1799,unassigned
90539,1806,Immune
90540,1799,unassigned
90541,1799,unassigned
90542,1799,unassigned
90543,1799,unassigned
90544,1799,unassigned
90545,1799,unassigned
90546,1799,unassigned
90547,1799,unassigned
90548,1799,unassigned
90549,1799,unassigned
90550,1799,unassigned
90551,1799,unassigned
90552,1799,unassigned
90553,1799,unassigned
90554,1799,unassigned
90555,1799,unassigned
90556,1801,Excitatory_Neuron
90557,1799,unassigned
90558,1799,unassigned
90559,1799,unassigned
90560,1799,unassigned
90561,1799,unassigned
90562,1799,unassigned
90563,1799,unassigned
90564,1799,unassigned
90565,1799,unassigned
90566,1799,unassigned
90567,1819,Astro-Epen
90568,1799,unassigned
90569,1799,unassigned
90570,1799,unassigned
90571,1799,unassigned
90572,1825,unassigned
90573,1799,unassigned
90574,1804,Astro-Epen
90575,1799,unassigned
90576,1801,Excitatory_Neuron
90577,1799,unassigned
90578,1801,Excitatory_Neuron
90579,1799,unassigned
90580,1799,unassigned
90581,1799,unassigned
90582,1799,unassigned
90583,1799,unassigned
90584,1799,unassigned
90585,1799,unassigned
90586,1799,unassigned
90587,1801,Excitatory_Neuron
90588,1799,unassigned
90589,1801,Excitatory_Neuron
90590,1799,unassigned
90591,1799,unassigned
90592,1799,unassigned
90593,1799,unassigned
90594,1799,unassigned
90595,1799,unassigned
90596,1826,unassigned
90597,1799,unassigned
90598,1799,unassigned
90599,1799,unassigned
90600,1799,unassigned
90601,1799,unassigned
90602,1799,unassigned
90603,1799,unassigned
90604,1799,unassigned
90605,1799,unassigned
90606,1799,unassigned
90607,1799,unassigned
90608,1799,unassigned
90609,1799,unassigned
90610,1799,unassigned
90611,1799,unassigned
90612,1799,unassigned
90613,1799,unassigned
90614,1799,unassigned
90615,1799,unassigned
90616,1799,unassigned
90617,1799,unassigned
90618,1799,unassigned
90619,1799,unassigned
90620,1799,unassigned
90621,1799,unassigned
90622,1799,unassigned
90623,1799,unassigned
90624,1799,unassigned
90625,1799,unassigned
90626,1799,unassigned
90627,1799,unassigned
90628,1799,unassigned
90629,1799,unassigned
90630,1799,unassigned
90631,1801,Excitatory_Neuron
90632,1799,unassigned
90633,1801,Excitatory_Neuron
90634,1799,unassigned
90635,1799,unassigned
90636,1799,unassigned
90637,1799,unassigned
90638,1799,unassigned
90639,1799,unassigned
90640,1799,unassigned
90641,1799,unassigned
90642,1799,unassigned
90643,1819,Astro-Epen
90644,1799,unassigned
90645,1799,unassigned
90646,1799,unassigned
90647,1799,unassigned
90648,1799,unassigned
90649,1799,unassigned
90650,1799,unassigned
90651,1801,Excitatory_Neuron
90652,1801,Excitatory_Neuron
90653,1799,unassigned
90654,1817,Astro-Epen
90655,1799,unassigned
90656,1799,unassigned
90657,1799,unassigned
90658,1799,unassigned
90659,1799,unassigned
90660,1827,unassigned
90661,1819,Astro-Epen
90662,1819,Astro-Epen
90663,1799,unassigned
90664,1799,unassigned
90665,1799,unassigned
90666,1804,Astro-Epen
90667,1804,Astro-Epen
90668,1799,unassigned
90669,1799,unassigned
90670,1799,unassigned
90671,1799,unassigned
90672,1799,unassigned
90673,1813,Excitatory_Neuron
90674,1819,Astro-Epen
90675,1799,unassigned
90676,1819,Astro-Epen
90677,1799,unassigned
90678,1799,unassigned
90679,1799,unassigned
90680,1799,unassigned
90681,1799,unassigned
90682,1828,unassigned
90683,1799,unassigned
90684,1817,Astro-Epen
90685,1799,unassigned
90686,1799,unassigned
90687,1799,unassigned
90688,1799,unassigned
90689,1799,unassigned
90690,1799,unassigned
90691,1799,unassigned
90692,1799,unassigned
90693,1799,unassigned
90694,1799,unassigned
90695,1799,unassigned
90696,1799,unassigned
90697,1799,unassigned
90698,1799,unassigned
90699,1799,unassigned
90700,1817,Astro-Epen
90701,1799,unassigned
90702,1799,unassigned
90703,1799,unassigned
90704,1799,unassigned
90705,1799,unassigned
90706,1800,Immune
90707,1819,Astro-Epen
90708,1799,unassigned
90709,1799,unassigned
90710,1799,unassigned
90711,1799,unassigned
90712,1801,Excitatory_Neuron
90713,1799,unassigned
90714,1799,unassigned
90715,1799,unassigned
90716,1799,unassigned
90717,1799,unassigned
90718,1799,unassigned
90719,1799,unassigned
90720,1799,unassigned
90721,1799,unassigned
90722,1799,unassigned
90723,1821,Astro-Epen
90724,1821,Astro-Epen
90725,1799,unassigned
90726,1799,unassigned
90727,1799,unassigned
90728,1799,unassigned
90729,1801,Excitatory_Neuron
90730,1799,unassigned
90731,1799,unassigned
90732,1799,unassigned
90733,1799,unassigned
90734,1799,unassigned
90735,1799,unassigned
90736,1799,unassigned
90737,1799,unassigned
90738,1800,Immune
90739,1819,Astro-Epen
90740,1799,unassigned
90741,1819,Astro-Epen
90742,1799,unassigned
90743,1799,unassigned
90744,1799,unassigned
90745,1799,unassigned
90746,1799,unassigned
90747,1799,unassigned
90748,1799,unassigned
90749,1799,unassigned
90750,1799,unassigned
90751,1799,unassigned
90752,1799,unassigned
90753,1799,unassigned
90754,1799,unassigned
90755,1799,unassigned
90756,1799,unassigned
90757,1799,unassigned
90758,1799,unassigned
90759,1799,unassigned
90760,1821,Astro-Epen
90761,1799,unassigned
90762,1800,Immune
90763,1799,unassigned
90764,1799,unassigned
90765,1799,unassigned
90766,1799,unassigned
90767,1799,unassigned
90768,1799,unassigned
90769,1799,unassigned
90770,1799,unassigned
90771,1799,unassigned
90772,1799,unassigned
90773,1799,unassigned
90774,1817,Astro-Epen
90775,1815,Astro-Epen
90776,1799,unassigned
90777,1800,Immune
90778,1800,Immune
90779,1799,unassigned
90780,1800,Immune
90781,1799,unassigned
90782,1799,unassigned
90783,1828,unassigned
90784,1799,unassigned
90785,1817,Astro-Epen
90786,1799,unassigned
90787,1799,unassigned
90788,1799,unassigned
90789,1799,unassigned
90790,1799,unassigned
90791,1799,unassigned
90792,1799,unassigned
90793,1800,Immune
90794,1799,unassigned
90795,1799,unassigned
90796,1799,unassigned
90797,1799,unassigned
90798,1799,unassigned
90799,1799,unassigned
90800,1799,unassigned
90801,1799,unassigned
90802,1799,unassigned
90803,1799,unassigned
90804,1813,Excitatory_Neuron
90805,1813,Excitatory_Neuron
90806,1799,unassigned
90807,1799,unassigned
90808,1815,Astro-Epen
90809,1799,unassigned
90810,1799,unassigned
90811,1801,Excitatory_Neuron
90812,1799,unassigned
90813,1799,unassigned
90814,1799,unassigned
90815,1799,unassigned
90816,1799,unassigned
90817,1799,unassigned
90818,1799,unassigned
90819,1799,unassigned
90820,1799,unassigned
90821,1799,unassigned
90822,1799,unassigned
90823,1799,unassigned
90824,1799,unassigned
90825,1799,unassigned
90826,1799,unassigned
90827,1799,unassigned
90828,1799,unassigned
90829,1799,unassigned
90830,1799,unassigned
90831,1799,unassigned
90832,1799,unassigned
90833,1801,Excitatory_Neuron
90834,1799,unassigned
90835,1799,unassigned
90836,1799,unassigned
90837,1799,unassigned
90838,1799,unassigned
90839,1799,unassigned
90840,1813,Excitatory_Neuron
90841,1813,Excitatory_Neuron
90842,1799,unassigned
90843,1799,unassigned
90844,1799,unassigned
90845,1799,unassigned
90846,1799,unassigned
90847,1799,unassigned
90848,1799,unassigned
90849,1799,unassigned
90850,1799,unassigned
90851,1799,unassigned
90852,1799,unassigned
90853,1799,unassigned
90854,1799,unassigned
90855,1799,unassigned
90856,1813,Excitatory_Neuron
90857,1815,Astro-Epen
90858,1799,unassigned
90859,1799,unassigned
90860,1800,Immune
90861,1799,unassigned
90862,1799,unassigned
90863,1799,unassigned
90864,1799,unassigned
90865,1799,unassigned
90866,1799,unassigned
90867,1799,unassigned
90868,1799,unassigned
90869,1799,unassigned
90870,1799,unassigned
90871,1799,unassigned
90872,1799,unassigned
90873,1800,Immune
90874,1800,Immune
90875,1799,unassigned
90876,1799,unassigned
90877,1799,unassigned
90878,1799,unassigned
90879,1828,unassigned
90880,1799,unassigned
90881,1799,unassigned
90882,1799,unassigned
90883,1799,unassigned
90884,1817,Astro-Epen
90885,1817,Astro-Epen
90886,1799,unassigned
90887,1799,unassigned
90888,1799,unassigned
90889,1799,unassigned
90890,1799,unassigned
90891,1799,unassigned
90892,1799,unassigned
90893,1799,unassigned
90894,1799,unassigned
90895,1801,Excitatory_Neuron
90896,1799,unassigned
90897,1799,unassigned
90898,1799,unassigned
90899,1799,unassigned
90900,1799,unassigned
90901,1813,Excitatory_Neuron
90902,1815,Astro-Epen
90903,1799,unassigned
90904,1799,unassigned
90905,1815,Astro-Epen
90906,1799,unassigned
90907,1799,unassigned
90908,1799,unassigned
90909,1799,unassigned
90910,1799,unassigned
90911,1799,unassigned
90912,1799,unassigned
90913,1799,unassigned
90914,1799,unassigned
90915,1799,unassigned
90916,1799,unassigned
90917,1799,unassigned
90918,1799,unassigned
90919,1799,unassigned
90920,1799,unassigned
90921,1799,unassigned
90922,1799,unassigned
90923,1815,Astro-Epen
90924,1821,Astro-Epen
90925,1799,unassigned
90926,1799,unassigned
90927,1799,unassigned
90928,1821,Astro-Epen
90929,1799,unassigned
90930,1799,unassigned
90931,1799,unassigned
90932,1819,Astro-Epen
90933,1799,unassigned
90934,1799,unassigned
90935,1799,unassigned
90936,1799,unassigned
90937,1799,unassigned
90938,1799,unassigned
90939,1799,unassigned
90940,1799,unassigned
90941,1799,unassigned
90942,1799,unassigned
90943,1801,Excitatory_Neuron
90944,1801,Excitatory_Neuron
90945,1799,unassigned
90946,1799,unassigned
90947,1799,unassigned
90948,1799,unassigned
90949,1817,Astro-Epen
90950,1799,unassigned
90951,1799,unassigned
90952,1817,Astro-Epen
90953,1799,unassigned
90954,1813,Excitatory_Neuron
90955,1799,unassigned
90956,1799,unassigned
90957,1799,unassigned
90958,1799,unassigned
90959,1800,Immune
90960,1799,unassigned
90961,1799,unassigned
90962,1799,unassigned
90963,1799,unassigned
90964,1799,unassigned
90965,1799,unassigned
90966,1799,unassigned
90967,1799,unassigned
90968,1799,unassigned
90969,1799,unassigned
90970,1817,Astro-Epen
90971,1799,unassigned
90972,1799,unassigned
90973,1799,unassigned
90974,1799,unassigned
90975,1799,unassigned
90976,1813,Excitatory_Neuron
90977,1799,unassigned
90978,1799,unassigned
90979,1799,unassigned
90980,1799,unassigned
90981,1799,unassigned
90982,1799,unassigned
90983,1799,unassigned
90984,1799,unassigned
90985,1799,unassigned
90986,1799,unassigned
90987,1799,unassigned
90988,1799,unassigned
90989,1799,unassigned
90990,1799,unassigned
90991,1799,unassigned
90992,1821,Astro-Epen
90993,1799,unassigned
90994,1799,unassigned
90995,1799,unassigned
90996,1799,unassigned
90997,1799,unassigned
90998,1799,unassigned
90999,1799,unassigned
91000,1799,unassigned
91001,1799,unassigned
91002,1799,unassigned
91003,1799,unassigned
91004,1799,unassigned
91005,1799,unassigned
91006,1801,Excitatory_Neuron
91007,1799,unassigned
91008,1799,unassigned
91009,1799,unassigned
91010,1817,Astro-Epen
91011,1799,unassigned
91012,1799,unassigned
91013,1799,unassigned
91014,1799,unassigned
91015,1799,unassigned
91016,1799,unassigned
91017,1799,unassigned
91018,1799,unassigned
91019,1799,unassigned
91020,1799,unassigned
91021,1799,unassigned
91022,1799,unassigned
91023,1799,unassigned
91024,1817,Astro-Epen
91025,1817,Astro-Epen
91026,1817,Astro-Epen
91027,1799,unassigned
91028,1817,Astro-Epen
91029,1799,unassigned
91030,1799,unassigned
91031,1799,unassigned
91032,1799,unassigned
91033,1799,unassigned
91034,1799,unassigned
91035,1799,unassigned
91036,1799,unassigned
91037,1799,unassigned
91038,1799,unassigned
91039,1804,Astro-Epen
91040,1804,Astro-Epen
91041,1799,unassigned
91042,1799,unassigned
91043,1799,unassigned
91044,1799,unassigned
91045,1799,unassigned
91046,1799,unassigned
91047,1799,unassigned
91048,1799,unassigned
91049,1799,unassigned
91050,1799,unassigned
91051,1799,unassigned
91052,1799,unassigned
91053,1799,unassigned
91054,1799,unassigned
91055,1799,unassigned
91056,1799,unassigned
91057,1800,Immune
91058,1799,unassigned
91059,1799,unassigned
91060,1800,Immune
91061,1799,unassigned
91062,1799,unassigned
91063,1799,unassigned
91064,1799,unassigned
91065,1799,unassigned
91066,1799,unassigned
91067,1799,unassigned
91068,1801,Excitatory_Neuron
91069,1829,unassigned
91070,1801,Excitatory_Neuron
91071,1799,unassigned
91072,1799,unassigned
91073,1799,unassigned
91074,1799,unassigned
91075,1799,unassigned
91076,1799,unassigned
91077,1799,unassigned
91078,1799,unassigned
91079,1799,unassigned
91080,1827,unassigned
91081,1826,unassigned
91082,1799,unassigned
91083,1799,unassigned
91084,1799,unassigned
91085,1800,Immune
91086,1799,unassigned
91087,1799,unassigned
91088,1799,unassigned
91089,1799,unassigned
91090,1799,unassigned
91091,1799,unassigned
91092,1799,unassigned
91093,1799,unassigned
91094,1799,unassigned
91095,1799,unassigned
91096,1799,unassigned
91097,1799,unassigned
91098,1799,unassigned
91099,1800,Immune
91100,1799,unassigned
91101,1799,unassigned
91102,1799,unassigned
91103,1799,unassigned
91104,1799,unassigned
91105,1804,Astro-Epen
91106,1799,unassigned
91107,1828,unassigned
91108,1801,Excitatory_Neuron
91109,1799,unassigned
91110,1817,Astro-Epen
91111,1799,unassigned
91112,1799,unassigned
91113,1799,unassigned
91114,1799,unassigned
91115,1799,unassigned
91116,1799,unassigned
91117,1799,unassigned
91118,1799,unassigned
91119,1799,unassigned
91120,1799,unassigned
91121,1799,unassigned
91122,1799,unassigned
91123,1801,Excitatory_Neuron
91124,1799,unassigned
91125,1799,unassigned
91126,1813,Excitatory_Neuron
91127,1813,Excitatory_Neuron
91128,1799,unassigned
91129,1799,unassigned
91130,1799,unassigned
91131,1799,unassigned
91132,1799,unassigned
91133,1799,unassigned
91134,1799,unassigned
91135,1801,Excitatory_Neuron
91136,1799,unassigned
91137,1817,Astro-Epen
91138,1799,unassigned
91139,1799,unassigned
91140,1799,unassigned
91141,1799,unassigned
91142,1799,unassigned
91143,1799,unassigned
91144,1799,unassigned
91145,1821,Astro-Epen
91146,1799,unassigned
91147,1799,unassigned
91148,1799,unassigned
91149,1799,unassigned
91150,1799,unassigned
91151,1799,unassigned
91152,1799,unassigned
91153,1799,unassigned
91154,1799,unassigned
91155,1799,unassigned
91156,1799,unassigned
91157,1827,unassigned
91158,1799,unassigned
91159,1799,unassigned
91160,1799,unassigned
91161,1799,unassigned
91162,1799,unassigned
91163,1799,unassigned
91164,1828,unassigned
91165,1799,unassigned
91166,1799,unassigned
91167,1799,unassigned
91168,1813,Excitatory_Neuron
91169,1826,unassigned
91170,1799,unassigned
91171,1799,unassigned
91172,1799,unassigned
91173,1799,unassigned
91174,1799,unassigned
91175,1799,unassigned
91176,1799,unassigned
91177,1799,unassigned
91178,1817,Astro-Epen
91179,1799,unassigned
91180,1799,unassigned
91181,1799,unassigned
91182,1799,unassigned
91183,1799,unassigned
91184,1799,unassigned
91185,1819,Astro-Epen
91186,1800,Immune
91187,1799,unassigned
91188,1799,unassigned
91189,1799,unassigned
91190,1799,unassigned
91191,1799,unassigned
91192,1799,unassigned
91193,1804,Astro-Epen
91194,1801,Excitatory_Neuron
91195,1801,Excitatory_Neuron
91196,1799,unassigned
91197,1799,unassigned
91198,1817,Astro-Epen
91199,1799,unassigned
91200,1799,unassigned
91201,1799,unassigned
91202,1830,unassigned
91203,1800,Immune
91204,1800,Immune
91205,1804,Astro-Epen
91206,1799,unassigned
91207,1799,unassigned
91208,1821,Astro-Epen
91209,1799,unassigned
91210,1799,unassigned
91211,1799,unassigned
91212,1799,unassigned
91213,1799,unassigned
91214,1799,unassigned
91215,1799,unassigned
91216,1799,unassigned
91217,1799,unassigned
91218,1799,unassigned
91219,1799,unassigned
91220,1799,unassigned
91221,1826,unassigned
91222,1799,unassigned
91223,1799,unassigned
91224,1799,unassigned
91225,1799,unassigned
91226,1819,Astro-Epen
91227,1800,Immune
91228,1799,unassigned
91229,1799,unassigned
91230,1799,unassigned
91231,1799,unassigned
91232,1801,Excitatory_Neuron
91233,1799,unassigned
91234,1799,unassigned
91235,1799,unassigned
91236,1799,unassigned
91237,1799,unassigned
91238,1819,Astro-Epen
91239,1800,Immune
91240,1799,unassigned
91241,1799,unassigned
91242,1799,unassigned
91243,1799,unassigned
91244,1799,unassigned
91245,1799,unassigned
91246,1799,unassigned
91247,1804,Astro-Epen
91248,1799,unassigned
91249,1799,unassigned
91250,1801,Excitatory_Neuron
91251,1801,Excitatory_Neuron
91252,1801,Excitatory_Neuron
91253,1799,unassigned
91254,1801,Excitatory_Neuron
91255,1817,Astro-Epen
91256,1799,unassigned
91257,1799,unassigned
91258,1799,unassigned
91259,1799,unassigned
91260,1799,unassigned
91261,1799,unassigned
91262,1799,unassigned
91263,1799,unassigned
91264,1799,unassigned
91265,1799,unassigned
91266,1828,unassigned
91267,1828,unassigned
91268,1799,unassigned
91269,1828,unassigned
91270,1799,unassigned
91271,1799,unassigned
91272,1799,unassigned
91273,1799,unassigned
91274,1799,unassigned
91275,1799,unassigned
91276,1799,unassigned
91277,1799,unassigned
91278,1799,unassigned
91279,1799,unassigned
91280,1799,unassigned
91281,1799,unassigned
91282,1799,unassigned
91283,1799,unassigned
91284,1799,unassigned
91285,1799,unassigned
91286,1799,unassigned
91287,1799,unassigned
91288,1800,Immune
91289,1819,Astro-Epen
91290,1800,Immune
91291,1799,unassigned
91292,1799,unassigned
91293,1799,unassigned
91294,1799,unassigned
91295,1799,unassigned
91296,1799,unassigned
91297,1799,unassigned
91298,1799,unassigned
91299,1815,Astro-Epen
91300,1799,unassigned
91301,1799,unassigned
91302,1799,unassigned
91303,1799,unassigned
91304,1799,unassigned
91305,1799,unassigned
91306,1799,unassigned
91307,1799,unassigned
91308,1799,unassigned
91309,1799,unassigned
91310,1801,Excitatory_Neuron
91311,1799,unassigned
91312,1817,Astro-Epen
91313,1799,unassigned
91314,1799,unassigned
91315,1826,unassigned
91316,1799,unassigned
91317,1799,unassigned
91318,1799,unassigned
91319,1800,Immune
91320,1799,unassigned
91321,1799,unassigned
91322,1799,unassigned
91323,1799,unassigned
91324,1799,unassigned
91325,1799,unassigned
91326,1799,unassigned
91327,1804,Astro-Epen
91328,1801,Excitatory_Neuron
91329,1799,unassigned
91330,1799,unassigned
91331,1799,unassigned
91332,1799,unassigned
91333,1799,unassigned
91334,1799,unassigned
91335,1799,unassigned
91336,1799,unassigned
91337,1831,unassigned
91338,1817,Astro-Epen
91339,1799,unassigned
91340,1799,unassigned
91341,1799,unassigned
91342,1799,unassigned
91343,1799,unassigned
91344,1799,unassigned
91345,1799,unassigned
91346,1799,unassigned
91347,1799,unassigned
91348,1799,unassigned
91349,1799,unassigned
91350,1799,unassigned
91351,1799,unassigned
91352,1815,Astro-Epen
91353,1799,unassigned
91354,1799,unassigned
91355,1799,unassigned
91356,1799,unassigned
91357,1799,unassigned
91358,1799,unassigned
91359,1799,unassigned
91360,1799,unassigned
91361,1799,unassigned
91362,1799,unassigned
91363,1799,unassigned
91364,1799,unassigned
91365,1799,unassigned
91366,1817,Astro-Epen
91367,1799,unassigned
91368,1799,unassigned
91369,1799,unassigned
91370,1821,Astro-Epen
91371,1799,unassigned
91372,1799,unassigned
91373,1800,Immune
91374,1799,unassigned
91375,1799,unassigned
91376,1799,unassigned
91377,1799,unassigned
91378,1799,unassigned
91379,1799,unassigned
91380,1799,unassigned
91381,1799,unassigned
91382,1799,unassigned
91383,1799,unassigned
91384,1799,unassigned
91385,1799,unassigned
91386,1830,unassigned
91387,1799,unassigned
91388,1799,unassigned
91389,1799,unassigned
91390,1799,unassigned
91391,1799,unassigned
91392,1800,Immune
91393,1799,unassigned
91394,1799,unassigned
91395,1804,Astro-Epen
91396,1828,unassigned
91397,1804,Astro-Epen
91398,1799,unassigned
91399,1799,unassigned
91400,1799,unassigned
91401,1799,unassigned
91402,1826,unassigned
91403,1815,Astro-Epen
91404,1799,unassigned
91405,1799,unassigned
91406,1800,Immune
91407,1819,Astro-Epen
91408,1799,unassigned
91409,1799,unassigned
91410,1799,unassigned
91411,1799,unassigned
91412,1799,unassigned
91413,1799,unassigned
91414,1799,unassigned
91415,1799,unassigned
91416,1799,unassigned
91417,1826,unassigned
91418,1799,unassigned
91419,1832,unassigned
91420,1799,unassigned
91421,1799,unassigned
91422,1799,unassigned
91423,1799,unassigned
91424,1799,unassigned
91425,1828,unassigned
91426,1799,unassigned
91427,1826,unassigned
91428,1815,Astro-Epen
91429,1815,Astro-Epen
91430,1799,unassigned
91431,1799,unassigned
91432,1799,unassigned
91433,1799,unassigned
91434,1799,unassigned
91435,1828,unassigned
91436,1799,unassigned
91437,1799,unassigned
91438,1817,Astro-Epen
91439,1817,Astro-Epen
91440,1799,unassigned
91441,1799,unassigned
91442,1830,unassigned
91443,1799,unassigned
91444,1799,unassigned
91445,1799,unassigned
91446,1828,unassigned
91447,1799,unassigned
91448,1799,unassigned
91449,1799,unassigned
91450,1799,unassigned
91451,1799,unassigned
91452,1799,unassigned
91453,1799,unassigned
91454,1826,unassigned
91455,1799,unassigned
91456,1799,unassigned
91457,1799,unassigned
91458,1799,unassigned
91459,1800,Immune
91460,1799,unassigned
91461,1799,unassigned
91462,1799,unassigned
91463,1799,unassigned
91464,1799,unassigned
91465,1799,unassigned
91466,1799,unassigned
91467,1799,unassigned
91468,1799,unassigned
91469,1799,unassigned
91470,1799,unassigned
91471,1799,unassigned
91472,1799,unassigned
91473,1799,unassigned
91474,1799,unassigned
91475,1799,unassigned
91476,1799,unassigned
91477,1799,unassigned
91478,1799,unassigned
91479,1801,Excitatory_Neuron
91480,1801,Excitatory_Neuron
91481,1826,unassigned
91482,1799,unassigned
91483,1799,unassigned
91484,1799,unassigned
91485,1799,unassigned
91486,1799,unassigned
91487,1799,unassigned
91488,1817,Astro-Epen
91489,1799,unassigned
91490,1799,unassigned
91491,1799,unassigned
91492,1826,unassigned
91493,1830,unassigned
91494,1799,unassigned
91495,1799,unassigned
91496,1799,unassigned
91497,1799,unassigned
91498,1799,unassigned
91499,1799,unassigned
91500,1799,unassigned
91501,1799,unassigned
91502,1799,unassigned
91503,1799,unassigned
91504,1799,unassigned
91505,1799,unassigned
91506,1799,unassigned
91507,1821,Astro-Epen
91508,1799,unassigned
91509,1833,unassigned
91510,1819,Astro-Epen
91511,1799,unassigned
91512,1799,unassigned
91513,1799,unassigned
91514,1799,unassigned
91515,1799,unassigned
91516,1799,unassigned
91517,1799,unassigned
91518,1817,Astro-Epen
91519,1799,unassigned
91520,1799,unassigned
91521,1799,unassigned
91522,1799,unassigned
91523,1827,unassigned
91524,1827,unassigned
91525,1826,unassigned
91526,1799,unassigned
91527,1813,Excitatory_Neuron
91528,1821,Astro-Epen
91529,1799,unassigned
91530,1799,unassigned
91531,1819,Astro-Epen
91532,1819,Astro-Epen
91533,1799,unassigned
91534,1799,unassigned
91535,1799,unassigned
91536,1799,unassigned
91537,1799,unassigned
91538,1804,Astro-Epen
91539,1799,unassigned
91540,1799,unassigned
91541,1799,unassigned
91542,1799,unassigned
91543,1817,Astro-Epen
91544,1799,unassigned
91545,1799,unassigned
91546,1799,unassigned
91547,1799,unassigned
91548,1799,unassigned
91549,1799,unassigned
91550,1799,unassigned
91551,1821,Astro-Epen
91552,1815,Astro-Epen
91553,1799,unassigned
91554,1799,unassigned
91555,1799,unassigned
91556,1799,unassigned
91557,1799,unassigned
91558,1799,unassigned
91559,1799,unassigned
91560,1801,Excitatory_Neuron
91561,1799,unassigned
91562,1817,Astro-Epen
91563,1799,unassigned
91564,1799,unassigned
91565,1799,unassigned
91566,1799,unassigned
91567,1799,unassigned
91568,1799,unassigned
91569,1799,unassigned
91570,1799,unassigned
91571,1799,unassigned
91572,1799,unassigned
91573,1799,unassigned
91574,1799,unassigned
91575,1800,Immune
91576,1799,unassigned
91577,1799,unassigned
91578,1799,unassigned
91579,1804,Astro-Epen
91580,1799,unassigned
91581,1799,unassigned
91582,1799,unassigned
91583,1799,unassigned
91584,1799,unassigned
91585,1799,unassigned
91586,1799,unassigned
91587,1799,unassigned
91588,1799,unassigned
91589,1799,unassigned
91590,1819,Astro-Epen
91591,1799,unassigned
91592,1799,unassigned
91593,1799,unassigned
91594,1799,unassigned
91595,1799,unassigned
91596,1804,Astro-Epen
91597,1799,unassigned
91598,1817,Astro-Epen
91599,1817,Astro-Epen
91600,1799,unassigned
91601,1799,unassigned
91602,1799,unassigned
91603,1799,unassigned
91604,1799,unassigned
91605,1813,Excitatory_Neuron
91606,1799,unassigned
91607,1819,Astro-Epen
91608,1799,unassigned
91609,1799,unassigned
91610,1799,unassigned
91611,1799,unassigned
91612,1799,unassigned
91613,1799,unassigned
91614,1799,unassigned
91615,1799,unassigned
91616,1817,Astro-Epen
91617,1799,unassigned
91618,1799,unassigned
91619,1799,unassigned
91620,1799,unassigned
91621,1799,unassigned
91622,1799,unassigned
91623,1833,unassigned
91624,1799,unassigned
91625,1799,unassigned
91626,1799,unassigned
91627,1799,unassigned
91628,1799,unassigned
91629,1799,unassigned
91630,1799,unassigned
91631,1799,unassigned
91632,1815,Astro-Epen
91633,1799,unassigned
91634,1799,unassigned
91635,1800,Immune
91636,1799,unassigned
91637,1799,unassigned
91638,1799,unassigned
91639,1799,unassigned
91640,1799,unassigned
91641,1799,unassigned
91642,1799,unassigned
91643,1799,unassigned
91644,1799,unassigned
91645,1799,unassigned
91646,1799,unassigned
91647,1829,unassigned
91648,1799,unassigned
91649,1799,unassigned
91650,1799,unassigned
91651,1799,unassigned
91652,1799,unassigned
91653,1799,unassigned
91654,1799,unassigned
91655,1799,unassigned
91656,1800,Immune
91657,1819,Astro-Epen
91658,1819,Astro-Epen
91659,1834,unassigned
91660,1799,unassigned
91661,1799,unassigned
91662,1799,unassigned
91663,1799,unassigned
91664,1799,unassigned
91665,1799,unassigned
91666,1799,unassigned
91667,1817,Astro-Epen
91668,1799,unassigned
91669,1799,unassigned
91670,1799,unassigned
91671,1799,unassigned
91672,1799,unassigned
91673,1799,unassigned
91674,1799,unassigned
91675,1799,unassigned
91676,1799,unassigned
91677,1819,Astro-Epen
91678,1800,Immune
91679,1799,unassigned
91680,1799,unassigned
91681,1801,Excitatory_Neuron
91682,1817,Astro-Epen
91683,1799,unassigned
91684,1817,Astro-Epen
91685,1799,unassigned
91686,1799,unassigned
91687,1799,unassigned
91688,1832,unassigned
91689,1799,unassigned
91690,1799,unassigned
91691,1799,unassigned
91692,1799,unassigned
91693,1800,Immune
91694,1799,unassigned
91695,1799,unassigned
91696,1799,unassigned
91697,1799,unassigned
91698,1801,Excitatory_Neuron
91699,1799,unassigned
91700,1799,unassigned
91701,1799,unassigned
91702,1799,unassigned
91703,1821,Astro-Epen
91704,1799,unassigned
91705,1819,Astro-Epen
91706,1800,Immune
91707,1799,unassigned
91708,1799,unassigned
91709,1799,unassigned
91710,1834,unassigned
91711,1799,unassigned
91712,1799,unassigned
91713,1799,unassigned
91714,1799,unassigned
91715,1799,unassigned
91716,1799,unassigned
91717,1799,unassigned
91718,1799,unassigned
91719,1799,unassigned
91720,1799,unassigned
91721,1799,unassigned
91722,1800,Immune
91723,1799,unassigned
91724,1799,unassigned
91725,1799,unassigned
91726,1799,unassigned
91727,1804,Astro-Epen
91728,1799,unassigned
91729,1828,unassigned
91730,1799,unassigned
91731,1799,unassigned
91732,1799,unassigned
91733,1799,unassigned
91734,1799,unassigned
91735,1799,unassigned
91736,1799,unassigned
91737,1799,unassigned
91738,1799,unassigned
91739,1799,unassigned
91740,1799,unassigned
91741,1799,unassigned
91742,1799,unassigned
91743,1799,unassigned
91744,1799,unassigned
91745,1799,unassigned
91746,1799,unassigned
91747,1799,unassigned
91748,1826,unassigned
91749,1827,unassigned
91750,1815,Astro-Epen
91751,1799,unassigned
91752,1821,Astro-Epen
91753,1799,unassigned
91754,1799,unassigned
91755,1828,unassigned
91756,1817,Astro-Epen
91757,1799,unassigned
91758,1799,unassigned
91759,1826,unassigned
91760,1799,unassigned
91761,1826,unassigned
91762,1799,unassigned
91763,1799,unassigned
91764,1799,unassigned
91765,1819,Astro-Epen
91766,1800,Immune
91767,1799,unassigned
91768,1835,unassigned
91769,1799,unassigned
91770,1799,unassigned
91771,1799,unassigned
91772,1836,unassigned
91773,1799,unassigned
91774,1799,unassigned
91775,1799,unassigned
91776,1799,unassigned
91777,1815,Astro-Epen
91778,1821,Astro-Epen
91779,1799,unassigned
91780,1821,Astro-Epen
91781,1799,unassigned
91782,1799,unassigned
91783,1799,unassigned
91784,1799,unassigned
91785,1799,unassigned
91786,1799,unassigned
91787,1799,unassigned
91788,1799,unassigned
91789,1799,unassigned
91790,1801,Excitatory_Neuron
91791,1799,unassigned
91792,1799,unassigned
91793,1799,unassigned
91794,1799,unassigned
91795,1799,unassigned
91796,1799,unassigned
91797,1799,unassigned
91798,1799,unassigned
91799,1799,unassigned
91800,1799,unassigned
91801,1799,unassigned
91802,1799,unassigned
91803,1815,Astro-Epen
91804,1827,unassigned
91805,1799,unassigned
91806,1815,Astro-Epen
91807,1815,Astro-Epen
91808,1799,unassigned
91809,1833,unassigned
91810,1799,unassigned
91811,1799,unassigned
91812,1799,unassigned
91813,1799,unassigned
91814,1799,unassigned
91815,1799,unassigned
91816,1799,unassigned
91817,1799,unassigned
91818,1801,Excitatory_Neuron
91819,1799,unassigned
91820,1799,unassigned
91821,1799,unassigned
91822,1799,unassigned
91823,1799,unassigned
91824,1799,unassigned
91825,1837,unassigned
91826,1799,unassigned
91827,1799,unassigned
91828,1799,unassigned
91829,1799,unassigned
91830,1829,unassigned
91831,1799,unassigned
91832,1799,unassigned
91833,1799,unassigned
91834,1817,Astro-Epen
91835,1799,unassigned
91836,1799,unassigned
91837,1799,unassigned
91838,1799,unassigned
91839,1826,unassigned
91840,1799,unassigned
91841,1799,unassigned
91842,1799,unassigned
91843,1799,unassigned
91844,1799,unassigned
91845,1799,unassigned
91846,1799,unassigned
91847,1804,Astro-Epen
91848,1799,unassigned
91849,1828,unassigned
91850,1799,unassigned
91851,1799,unassigned
91852,1799,unassigned
91853,1799,unassigned
91854,1799,unassigned
91855,1799,unassigned
91856,1799,unassigned
91857,1799,unassigned
91858,1799,unassigned
91859,1799,unassigned
91860,1799,unassigned
91861,1799,unassigned
91862,1799,unassigned
91863,1826,unassigned
91864,1821,Astro-Epen
91865,1799,unassigned
91866,1799,unassigned
91867,1799,unassigned
91868,1799,unassigned
91869,1799,unassigned
91870,1799,unassigned
91871,1799,unassigned
91872,1829,unassigned
91873,1801,Excitatory_Neuron
91874,1799,unassigned
91875,1817,Astro-Epen
91876,1799,unassigned
91877,1821,Astro-Epen
91878,1799,unassigned
91879,1800,Immune
91880,1799,unassigned
91881,1799,unassigned
91882,1799,unassigned
91883,1828,unassigned
91884,1799,unassigned
91885,1817,Astro-Epen
91886,1799,unassigned
91887,1799,unassigned
91888,1799,unassigned
91889,1799,unassigned
91890,1799,unassigned
91891,1799,unassigned
91892,1799,unassigned
91893,1826,unassigned
91894,1826,unassigned
91895,1821,Astro-Epen
91896,1799,unassigned
91897,1799,unassigned
91898,1799,unassigned
91899,1799,unassigned
91900,1799,unassigned
91901,1819,Astro-Epen
91902,1799,unassigned
91903,1799,unassigned
91904,1799,unassigned
91905,1799,unassigned
91906,1799,unassigned
91907,1799,unassigned
91908,1799,unassigned
91909,1799,unassigned
91910,1799,unassigned
91911,1799,unassigned
91912,1799,unassigned
91913,1799,unassigned
91914,1799,unassigned
91915,1799,unassigned
91916,1799,unassigned
91917,1815,Astro-Epen
91918,1799,unassigned
91919,1799,unassigned
91920,1799,unassigned
91921,1799,unassigned
91922,1799,unassigned
91923,1801,Excitatory_Neuron
91924,1799,unassigned
91925,1799,unassigned
91926,1799,unassigned
91927,1837,unassigned
91928,1799,unassigned
91929,1826,unassigned
91930,1799,unassigned
91931,1813,Excitatory_Neuron
91932,1821,Astro-Epen
91933,1799,unassigned
91934,1799,unassigned
91935,1799,unassigned
91936,1799,unassigned
91937,1799,unassigned
91938,1799,unassigned
91939,1817,Astro-Epen
91940,1799,unassigned
91941,1799,unassigned
91942,1799,unassigned
91943,1799,unassigned
91944,1799,unassigned
91945,1799,unassigned
91946,1799,unassigned
91947,1799,unassigned
91948,1799,unassigned
91949,1829,unassigned
91950,1817,Astro-Epen
91951,1799,unassigned
91952,1821,Astro-Epen
91953,1799,unassigned
91954,1799,unassigned
91955,1799,unassigned
91956,1799,unassigned
91957,1799,unassigned
91958,1799,unassigned
91959,1799,unassigned
91960,1829,unassigned
91961,1799,unassigned
91962,1799,unassigned
91963,1799,unassigned
91964,1817,Astro-Epen
91965,1799,unassigned
91966,1799,unassigned
91967,1799,unassigned
91968,1821,Astro-Epen
91969,1799,unassigned
91970,1799,unassigned
91971,1833,unassigned
91972,1799,unassigned
91973,1817,Astro-Epen
91974,1799,unassigned
91975,1799,unassigned
91976,1799,unassigned
91977,1799,unassigned
91978,1799,unassigned
91979,1799,unassigned
91980,1821,Astro-Epen
91981,1799,unassigned
91982,1799,unassigned
91983,1804,Astro-Epen
91984,1799,unassigned
91985,1799,unassigned
91986,1801,Excitatory_Neuron
91987,1801,Excitatory_Neuron
91988,1799,unassigned
91989,1799,unassigned
91990,1799,unassigned
91991,1799,unassigned
91992,1799,unassigned
91993,1800,Immune
91994,1799,unassigned
91995,1799,unassigned
91996,1834,unassigned
91997,1799,unassigned
91998,1799,unassigned
91999,1799,unassigned
92000,1799,unassigned
92001,1799,unassigned
92002,1799,unassigned
92003,1799,unassigned
92004,1817,Astro-Epen
92005,1817,Astro-Epen
92006,1799,unassigned
92007,1799,unassigned
92008,1799,unassigned
92009,1799,unassigned
92010,1799,unassigned
92011,1815,Astro-Epen
92012,1799,unassigned
92013,1799,unassigned
92014,1799,unassigned
92015,1799,unassigned
92016,1799,unassigned
92017,1799,unassigned
92018,1799,unassigned
92019,1799,unassigned
92020,1799,unassigned
92021,1799,unassigned
92022,1799,unassigned
92023,1799,unassigned
92024,1799,unassigned
92025,1799,unassigned
92026,1813,Excitatory_Neuron
92027,1826,unassigned
92028,1799,unassigned
92029,1799,unassigned
92030,1799,unassigned
92031,1799,unassigned
92032,1800,Immune
92033,1799,unassigned
92034,1799,unassigned
92035,1799,unassigned
92036,1799,unassigned
92037,1799,unassigned
92038,1799,unassigned
92039,1828,unassigned
92040,1829,unassigned
92041,1799,unassigned
92042,1799,unassigned
92043,1799,unassigned
92044,1799,unassigned
92045,1799,unassigned
92046,1799,unassigned
92047,1815,Astro-Epen
92048,1799,unassigned
92049,1799,unassigned
92050,1834,unassigned
92051,1799,unassigned
92052,1799,unassigned
92053,1799,unassigned
92054,1829,unassigned
92055,1799,unassigned
92056,1799,unassigned
92057,1799,unassigned
92058,1799,unassigned
92059,1799,unassigned
92060,1813,Excitatory_Neuron
92061,1813,Excitatory_Neuron
92062,1799,unassigned
92063,1799,unassigned
92064,1799,unassigned
92065,1833,unassigned
92066,1799,unassigned
92067,1799,unassigned
92068,1799,unassigned
92069,1799,unassigned
92070,1799,unassigned
92071,1799,unassigned
92072,1799,unassigned
92073,1799,unassigned
92074,1799,unassigned
92075,1799,unassigned
92076,1799,unassigned
92077,1817,Astro-Epen
92078,1799,unassigned
92079,1799,unassigned
92080,1813,Excitatory_Neuron
92081,1799,unassigned
92082,1821,Astro-Epen
92083,1799,unassigned
92084,1799,unassigned
92085,1800,Immune
92086,1799,unassigned
92087,1799,unassigned
92088,1799,unassigned
92089,1799,unassigned
92090,1799,unassigned
92091,1799,unassigned
92092,1799,unassigned
92093,1799,unassigned
92094,1799,unassigned
92095,1799,unassigned
92096,1799,unassigned
92097,1799,unassigned
92098,1799,unassigned
92099,1819,Astro-Epen
92100,1799,unassigned
92101,1799,unassigned
92102,1799,unassigned
92103,1799,unassigned
92104,1799,unassigned
92105,1799,unassigned
92106,1829,unassigned
92107,1799,unassigned
92108,1799,unassigned
92109,1800,Immune
92110,1799,unassigned
92111,1799,unassigned
92112,1799,unassigned
92113,1799,unassigned
92114,1799,unassigned
92115,1799,unassigned
92116,1799,unassigned
92117,1799,unassigned
92118,1799,unassigned
92119,1799,unassigned
92120,1799,unassigned
92121,1799,unassigned
92122,1799,unassigned
92123,1815,Astro-Epen
92124,1815,Astro-Epen
92125,1800,Immune
92126,1799,unassigned
92127,1799,unassigned
92128,1828,unassigned
92129,1817,Astro-Epen
92130,1799,unassigned
92131,1799,unassigned
92132,1799,unassigned
92133,1799,unassigned
92134,1799,unassigned
92135,1799,unassigned
92136,1799,unassigned
92137,1833,unassigned
92138,1799,unassigned
92139,1799,unassigned
92140,1800,Immune
92141,1799,unassigned
92142,1799,unassigned
92143,1799,unassigned
92144,1799,unassigned
92145,1799,unassigned
92146,1804,Astro-Epen
92147,1799,unassigned
92148,1799,unassigned
92149,1817,Astro-Epen
92150,1799,unassigned
92151,1799,unassigned
92152,1821,Astro-Epen
92153,1838,unassigned
92154,1799,unassigned
92155,1799,unassigned
92156,1799,unassigned
92157,1799,unassigned
92158,1799,unassigned
92159,1799,unassigned
92160,1799,unassigned
92161,1799,unassigned
92162,1799,unassigned
92163,1799,unassigned
92164,1817,Astro-Epen
92165,1799,unassigned
92166,1799,unassigned
92167,1799,unassigned
92168,1799,unassigned
92169,1826,unassigned
92170,1821,Astro-Epen
92171,1813,Excitatory_Neuron
92172,1799,unassigned
92173,1799,unassigned
92174,1799,unassigned
92175,1799,unassigned
92176,1799,unassigned
92177,1799,unassigned
92178,1799,unassigned
92179,1799,unassigned
92180,1828,unassigned
92181,1817,Astro-Epen
92182,1799,unassigned
92183,1799,unassigned
92184,1799,unassigned
92185,1813,Excitatory_Neuron
92186,1821,Astro-Epen
92187,1799,unassigned
92188,1799,unassigned
92189,1799,unassigned
92190,1799,unassigned
92191,1799,unassigned
92192,1799,unassigned
92193,1833,unassigned
92194,1799,unassigned
92195,1799,unassigned
92196,1834,unassigned
92197,1799,unassigned
92198,1829,unassigned
92199,1828,unassigned
92200,1799,unassigned
92201,1799,unassigned
92202,1799,unassigned
92203,1799,unassigned
92204,1799,unassigned
92205,1799,unassigned
92206,1799,unassigned
92207,1799,unassigned
92208,1799,unassigned
92209,1799,unassigned
92210,1799,unassigned
92211,1799,unassigned
92212,1799,unassigned
92213,1799,unassigned
92214,1799,unassigned
92215,1799,unassigned
92216,1799,unassigned
92217,1799,unassigned
92218,1799,unassigned
92219,1801,Excitatory_Neuron
92220,1799,unassigned
92221,1799,unassigned
92222,1799,unassigned
92223,1799,unassigned
92224,1799,unassigned
92225,1815,Astro-Epen
92226,1821,Astro-Epen
92227,1799,unassigned
92228,1799,unassigned
92229,1833,unassigned
92230,1799,unassigned
92231,1799,unassigned
92232,1800,Immune
92233,1799,unassigned
92234,1799,unassigned
92235,1834,unassigned
92236,1799,unassigned
92237,1799,unassigned
92238,1838,unassigned
92239,1830,unassigned
92240,1799,unassigned
92241,1799,unassigned
92242,1799,unassigned
92243,1799,unassigned
92244,1799,unassigned
92245,1799,unassigned
92246,1799,unassigned
92247,1799,unassigned
92248,1799,unassigned
92249,1799,unassigned
92250,1799,unassigned
92251,1799,unassigned
92252,1821,Astro-Epen
92253,1799,unassigned
92254,1800,Immune
92255,1799,unassigned
92256,1834,unassigned
92257,1799,unassigned
92258,1799,unassigned
92259,1799,unassigned
92260,1799,unassigned
92261,1799,unassigned
92262,1799,unassigned
92263,1828,unassigned
92264,1799,unassigned
92265,1799,unassigned
92266,1799,unassigned
92267,1799,unassigned
92268,1799,unassigned
92269,1799,unassigned
92270,1813,Excitatory_Neuron
92271,1815,Astro-Epen
92272,1799,unassigned
92273,1799,unassigned
92274,1799,unassigned
92275,1799,unassigned
92276,1799,unassigned
92277,1799,unassigned
92278,1817,Astro-Epen
92279,1799,unassigned
92280,1799,unassigned
92281,1799,unassigned
92282,1817,Astro-Epen
92283,1799,unassigned
92284,1799,unassigned
92285,1799,unassigned
92286,1799,unassigned
92287,1799,unassigned
92288,1799,unassigned
92289,1800,Immune
92290,1799,unassigned
92291,1799,unassigned
92292,1834,unassigned
92293,1799,unassigned
92294,1799,unassigned
92295,1804,Astro-Epen
92296,1799,unassigned
92297,1829,unassigned
92298,1799,unassigned
92299,1799,unassigned
92300,1799,unassigned
92301,1827,unassigned
92302,1799,unassigned
92303,1799,unassigned
92304,1799,unassigned
92305,1801,Excitatory_Neuron
92306,1817,Astro-Epen
92307,1817,Astro-Epen
92308,1799,unassigned
92309,1799,unassigned
92310,1827,unassigned
92311,1799,unassigned
92312,1799,unassigned
92313,1799,unassigned
92314,1833,unassigned
92315,1799,unassigned
92316,1799,unassigned
92317,1799,unassigned
92318,1799,unassigned
92319,1799,unassigned
92320,1834,unassigned
92321,1799,unassigned
92322,1839,unassigned
92323,1799,unassigned
92324,1799,unassigned
92325,1799,unassigned
92326,1799,unassigned
92327,1799,unassigned
92328,1799,unassigned
92329,1799,unassigned
92330,1799,unassigned
92331,1799,unassigned
92332,1799,unassigned
92333,1799,unassigned
92334,1826,unassigned
92335,1799,unassigned
92336,1799,unassigned
92337,1799,unassigned
92338,1799,unassigned
92339,1799,unassigned
92340,1801,Excitatory_Neuron
92341,1799,unassigned
92342,1799,unassigned
92343,1801,Excitatory_Neuron
92344,1799,unassigned
92345,1799,unassigned
92346,1799,unassigned
92347,1799,unassigned
92348,1799,unassigned
92349,1799,unassigned
92350,1799,unassigned
92351,1833,unassigned
92352,1799,unassigned
92353,1799,unassigned
92354,1799,unassigned
92355,1799,unassigned
92356,1799,unassigned
92357,1799,unassigned
92358,1799,unassigned
92359,1801,Excitatory_Neuron
92360,1799,unassigned
92361,1799,unassigned
92362,1799,unassigned
92363,1799,unassigned
92364,1799,unassigned
92365,1799,unassigned
92366,1799,unassigned
92367,1799,unassigned
92368,1819,Astro-Epen
92369,1800,Immune
92370,1799,unassigned
92371,1799,unassigned
92372,1799,unassigned
92373,1799,unassigned
92374,1828,unassigned
92375,1799,unassigned
92376,1799,unassigned
92377,1799,unassigned
92378,1799,unassigned
92379,1799,unassigned
92380,1799,unassigned
92381,1799,unassigned
92382,1799,unassigned
92383,1799,unassigned
92384,1799,unassigned
92385,1799,unassigned
92386,1799,unassigned
92387,1817,Astro-Epen
92388,1799,unassigned
92389,1799,unassigned
92390,1799,unassigned
92391,1799,unassigned
92392,1799,unassigned
92393,1799,unassigned
92394,1799,unassigned
92395,1799,unassigned
92396,1799,unassigned
92397,1799,unassigned
92398,1799,unassigned
92399,1799,unassigned
92400,1799,unassigned
92401,1840,unassigned
92402,1799,unassigned
92403,1799,unassigned
92404,1799,unassigned
92405,1799,unassigned
92406,1799,unassigned
92407,1799,unassigned
92408,1799,unassigned
92409,1817,Astro-Epen
92410,1799,unassigned
92411,1799,unassigned
92412,1799,unassigned
92413,1799,unassigned
92414,1799,unassigned
92415,1799,unassigned
92416,1799,unassigned
92417,1799,unassigned
92418,1799,unassigned
92419,1799,unassigned
92420,1799,unassigned
92421,1799,unassigned
92422,1799,unassigned
92423,1799,unassigned
92424,1799,unassigned
92425,1799,unassigned
92426,1799,unassigned
92427,1819,Astro-Epen
92428,1833,unassigned
92429,1800,Immune
92430,1799,unassigned
92431,1799,unassigned
92432,1799,unassigned
92433,1799,unassigned
92434,1799,unassigned
92435,1799,unassigned
92436,1799,unassigned
92437,1799,unassigned
92438,1799,unassigned
92439,1799,unassigned
92440,1799,unassigned
92441,1827,unassigned
92442,1815,Astro-Epen
92443,1799,unassigned
92444,1799,unassigned
92445,1799,unassigned
92446,1799,unassigned
92447,1801,Excitatory_Neuron
92448,1799,unassigned
92449,1799,unassigned
92450,1799,unassigned
92451,1799,unassigned
92452,1799,unassigned
92453,1799,unassigned
92454,1799,unassigned
92455,1799,unassigned
92456,1799,unassigned
92457,1799,unassigned
92458,1799,unassigned
92459,1799,unassigned
92460,1799,unassigned
92461,1799,unassigned
92462,1827,unassigned
92463,1799,unassigned
92464,1800,Immune
92465,1800,Immune
92466,1799,unassigned
92467,1799,unassigned
92468,1799,unassigned
92469,1799,unassigned
92470,1799,unassigned
92471,1799,unassigned
92472,1801,Excitatory_Neuron
92473,1799,unassigned
92474,1817,Astro-Epen
92475,1799,unassigned
92476,1799,unassigned
92477,1799,unassigned
92478,1799,unassigned
92479,1840,unassigned
92480,1799,unassigned
92481,1799,unassigned
92482,1799,unassigned
92483,1799,unassigned
92484,1799,unassigned
92485,1799,unassigned
92486,1799,unassigned
92487,1799,unassigned
92488,1800,Immune
92489,1800,Immune
92490,1799,unassigned
92491,1819,Astro-Epen
92492,1799,unassigned
92493,1799,unassigned
92494,1799,unassigned
92495,1799,unassigned
92496,1799,unassigned
92497,1799,unassigned
92498,1799,unassigned
92499,1799,unassigned
92500,1799,unassigned
92501,1799,unassigned
92502,1799,unassigned
92503,1799,unassigned
92504,1799,unassigned
92505,1841,unassigned
92506,1827,unassigned
92507,1799,unassigned
92508,1799,unassigned
92509,1799,unassigned
92510,1799,unassigned
92511,1799,unassigned
92512,1799,unassigned
92513,1799,unassigned
92514,1799,unassigned
92515,1799,unassigned
92516,1799,unassigned
92517,1799,unassigned
92518,1799,unassigned
92519,1799,unassigned
92520,1799,unassigned
92521,1799,unassigned
92522,1799,unassigned
92523,1799,unassigned
92524,1799,unassigned
92525,1799,unassigned
92526,1799,unassigned
92527,1799,unassigned
92528,1799,unassigned
92529,1799,unassigned
92530,1801,Excitatory_Neuron
92531,1801,Excitatory_Neuron
92532,1799,unassigned
92533,1817,Astro-Epen
92534,1799,unassigned
92535,1799,unassigned
92536,1799,unassigned
92537,1799,unassigned
92538,1799,unassigned
92539,1799,unassigned
92540,1799,unassigned
92541,1799,unassigned
92542,1799,unassigned
92543,1799,unassigned
92544,1799,unassigned
92545,1799,unassigned
92546,1799,unassigned
92547,1799,unassigned
92548,1799,unassigned
92549,1828,unassigned
92550,1799,unassigned
92551,1817,Astro-Epen
92552,1799,unassigned
92553,1799,unassigned
92554,1799,unassigned
92555,1799,unassigned
92556,1799,unassigned
92557,1799,unassigned
92558,1800,Immune
92559,1799,unassigned
92560,1799,unassigned
92561,1799,unassigned
92562,1799,unassigned
92563,1834,unassigned
92564,1834,unassigned
92565,1799,unassigned
92566,1799,unassigned
92567,1799,unassigned
92568,1799,unassigned
92569,1799,unassigned
92570,1799,unassigned
92571,1799,unassigned
92572,1799,unassigned
92573,1799,unassigned
92574,1799,unassigned
92575,1838,unassigned
92576,1830,unassigned
92577,1799,unassigned
92578,1800,Immune
92579,1800,Immune
92580,1799,unassigned
92581,1799,unassigned
92582,1799,unassigned
92583,1799,unassigned
92584,1829,unassigned
92585,1799,unassigned
92586,1799,unassigned
92587,1799,unassigned
92588,1799,unassigned
92589,1830,unassigned
92590,1799,unassigned
92591,1799,unassigned
92592,1819,Astro-Epen
92593,1799,unassigned
92594,1799,unassigned
92595,1799,unassigned
92596,1799,unassigned
92597,1799,unassigned
92598,1799,unassigned
92599,1799,unassigned
92600,1799,unassigned
92601,1799,unassigned
92602,1799,unassigned
92603,1817,Astro-Epen
92604,1817,Astro-Epen
92605,1821,Astro-Epen
92606,1799,unassigned
92607,1799,unassigned
92608,1799,unassigned
92609,1799,unassigned
92610,1799,unassigned
92611,1799,unassigned
92612,1842,unassigned
92613,1799,unassigned
92614,1799,unassigned
92615,1799,unassigned
92616,1799,unassigned
92617,1799,unassigned
92618,1799,unassigned
92619,1799,unassigned
92620,1799,unassigned
92621,1799,unassigned
92622,1799,unassigned
92623,1799,unassigned
92624,1799,unassigned
92625,1799,unassigned
92626,1815,Astro-Epen
92627,1799,unassigned
92628,1799,unassigned
92629,1799,unassigned
92630,1834,unassigned
92631,1799,unassigned
92632,1799,unassigned
92633,1799,unassigned
92634,1799,unassigned
92635,1829,unassigned
92636,1799,unassigned
92637,1799,unassigned
92638,1799,unassigned
92639,1799,unassigned
92640,1799,unassigned
92641,1799,unassigned
92642,1799,unassigned
92643,1799,unassigned
92644,1799,unassigned
92645,1799,unassigned
92646,1799,unassigned
92647,1799,unassigned
92648,1799,unassigned
92649,1799,unassigned
92650,1799,unassigned
92651,1799,unassigned
92652,1799,unassigned
92653,1826,unassigned
92654,1799,unassigned
92655,1799,unassigned
92656,1799,unassigned
92657,1799,unassigned
92658,1838,unassigned
92659,1799,unassigned
92660,1799,unassigned
92661,1799,unassigned
92662,1799,unassigned
92663,1799,unassigned
92664,1799,unassigned
92665,1799,unassigned
92666,1800,Immune
92667,1799,unassigned
92668,1799,unassigned
92669,1799,unassigned
92670,1799,unassigned
92671,1801,Excitatory_Neuron
92672,1799,unassigned
92673,1799,unassigned
92674,1799,unassigned
92675,1799,unassigned
92676,1799,unassigned
92677,1799,unassigned
92678,1827,unassigned
92679,1799,unassigned
92680,1799,unassigned
92681,1799,unassigned
92682,1799,unassigned
92683,1799,unassigned
92684,1840,unassigned
92685,1799,unassigned
92686,1799,unassigned
92687,1799,unassigned
92688,1799,unassigned
92689,1799,unassigned
92690,1799,unassigned
92691,1815,Astro-Epen
92692,1815,Astro-Epen
92693,1819,Astro-Epen
92694,1799,unassigned
92695,1799,unassigned
92696,1799,unassigned
92697,1799,unassigned
92698,1799,unassigned
92699,1799,unassigned
92700,1799,unassigned
92701,1799,unassigned
92702,1799,unassigned
92703,1799,unassigned
92704,1817,Astro-Epen
92705,1817,Astro-Epen
92706,1799,unassigned
92707,1817,Astro-Epen
92708,1799,unassigned
92709,1799,unassigned
92710,1799,unassigned
92711,1843,unassigned
92712,1830,unassigned
92713,1799,unassigned
92714,1799,unassigned
92715,1799,unassigned
92716,1799,unassigned
92717,1799,unassigned
92718,1799,unassigned
92719,1799,unassigned
92720,1799,unassigned
92721,1799,unassigned
92722,1799,unassigned
92723,1834,unassigned
92724,1842,unassigned
92725,1799,unassigned
92726,1799,unassigned
92727,1829,unassigned
92728,1799,unassigned
92729,1799,unassigned
92730,1799,unassigned
92731,1799,unassigned
92732,1799,unassigned
92733,1799,unassigned
92734,1799,unassigned
92735,1799,unassigned
92736,1799,unassigned
92737,1799,unassigned
92738,1799,unassigned
92739,1844,unassigned
92740,1801,Excitatory_Neuron
92741,1799,unassigned
92742,1799,unassigned
92743,1799,unassigned
92744,1799,unassigned
92745,1799,unassigned
92746,1799,unassigned
92747,1799,unassigned
92748,1799,unassigned
92749,1799,unassigned
92750,1800,Immune
92751,1799,unassigned
92752,1799,unassigned
92753,1799,unassigned
92754,1799,unassigned
92755,1799,unassigned
92756,1799,unassigned
92757,1799,unassigned
92758,1799,unassigned
92759,1799,unassigned
92760,1817,Astro-Epen
92761,1799,unassigned
92762,1799,unassigned
92763,1799,unassigned
92764,1799,unassigned
92765,1799,unassigned
92766,1799,unassigned
92767,1838,unassigned
92768,1799,unassigned
92769,1799,unassigned
92770,1799,unassigned
92771,1799,unassigned
92772,1799,unassigned
92773,1799,unassigned
92774,1799,unassigned
92775,1799,unassigned
92776,1834,unassigned
92777,1834,unassigned
92778,1799,unassigned
92779,1799,unassigned
92780,1799,unassigned
92781,1844,unassigned
92782,1799,unassigned
92783,1799,unassigned
92784,1799,unassigned
92785,1799,unassigned
92786,1799,unassigned
92787,1799,unassigned
92788,1799,unassigned
92789,1799,unassigned
92790,1838,unassigned
92791,1799,unassigned
92792,1799,unassigned
92793,1799,unassigned
92794,1799,unassigned
92795,1799,unassigned
92796,1799,unassigned
92797,1834,unassigned
92798,1799,unassigned
92799,1834,unassigned
92800,1842,unassigned
92801,1799,unassigned
92802,1844,unassigned
92803,1799,unassigned
92804,1799,unassigned
92805,1817,Astro-Epen
92806,1799,unassigned
92807,1799,unassigned
92808,1799,unassigned
92809,1843,unassigned
92810,1821,Astro-Epen
92811,1799,unassigned
92812,1799,unassigned
92813,1799,unassigned
92814,1799,unassigned
92815,1819,Astro-Epen
92816,1799,unassigned
92817,1799,unassigned
92818,1799,unassigned
92819,1799,unassigned
92820,1834,unassigned
92821,1799,unassigned
92822,1799,unassigned
92823,1799,unassigned
92824,1799,unassigned
92825,1829,unassigned
92826,1799,unassigned
92827,1799,unassigned
92828,1799,unassigned
92829,1799,unassigned
92830,1821,Astro-Epen
92831,1799,unassigned
92832,1799,unassigned
92833,1799,unassigned
92834,1799,unassigned
92835,1799,unassigned
92836,1799,unassigned
92837,1834,unassigned
92838,1799,unassigned
92839,1799,unassigned
92840,1799,unassigned
92841,1799,unassigned
92842,1829,unassigned
92843,1799,unassigned
92844,1799,unassigned
92845,1799,unassigned
92846,1799,unassigned
92847,1799,unassigned
92848,1799,unassigned
92849,1799,unassigned
92850,1799,unassigned
92851,1799,unassigned
92852,1799,unassigned
92853,1799,unassigned
92854,1799,unassigned
92855,1799,unassigned
92856,1799,unassigned
92857,1817,Astro-Epen
92858,1799,unassigned
92859,1799,unassigned
92860,1799,unassigned
92861,1799,unassigned
92862,1799,unassigned
92863,1799,unassigned
92864,1800,Immune
92865,1799,unassigned
92866,1799,unassigned
92867,1799,unassigned
92868,1799,unassigned
92869,1829,unassigned
92870,1799,unassigned
92871,1799,unassigned
92872,1799,unassigned
92873,1799,unassigned
92874,1799,unassigned
92875,1827,unassigned
92876,1799,unassigned
92877,1799,unassigned
92878,1799,unassigned
92879,1799,unassigned
92880,1799,unassigned
92881,1799,unassigned
92882,1799,unassigned
92883,1817,Astro-Epen
92884,1799,unassigned
92885,1799,unassigned
92886,1799,unassigned
92887,1799,unassigned
92888,1800,Immune
92889,1799,unassigned
92890,1799,unassigned
92891,1834,unassigned
92892,1834,unassigned
92893,1799,unassigned
92894,1799,unassigned
92895,1799,unassigned
92896,1843,unassigned
92897,1799,unassigned
92898,1821,Astro-Epen
92899,1799,unassigned
92900,1799,unassigned
92901,1799,unassigned
92902,1799,unassigned
92903,1799,unassigned
92904,1799,unassigned
92905,1799,unassigned
92906,1799,unassigned
92907,1834,unassigned
92908,1799,unassigned
92909,1799,unassigned
92910,1799,unassigned
92911,1801,Excitatory_Neuron
92912,1829,unassigned
92913,1799,unassigned
92914,1817,Astro-Epen
92915,1799,unassigned
92916,1799,unassigned
92917,1799,unassigned
92918,1799,unassigned
92919,1799,unassigned
92920,1799,unassigned
92921,1834,unassigned
92922,1799,unassigned
92923,1799,unassigned
92924,1799,unassigned
92925,1799,unassigned
92926,1799,unassigned
92927,1799,unassigned
92928,1799,unassigned
92929,1799,unassigned
92930,1799,unassigned
92931,1813,Excitatory_Neuron
92932,1799,unassigned
92933,1799,unassigned
92934,1799,unassigned
92935,1800,Immune
92936,1799,unassigned
92937,1819,Astro-Epen
92938,1842,unassigned
92939,1801,Excitatory_Neuron
92940,1799,unassigned
92941,1799,unassigned
92942,1799,unassigned
92943,1827,unassigned
92944,1830,unassigned
92945,1799,unassigned
92946,1799,unassigned
92947,1800,Immune
92948,1800,Immune
92949,1799,unassigned
92950,1834,unassigned
92951,1799,unassigned
92952,1799,unassigned
92953,1799,unassigned
92954,1799,unassigned
92955,1799,unassigned
92956,1799,unassigned
92957,1817,Astro-Epen
92958,1799,unassigned
92959,1799,unassigned
92960,1843,unassigned
92961,1799,unassigned
92962,1799,unassigned
92963,1799,unassigned
92964,1799,unassigned
92965,1799,unassigned
92966,1799,unassigned
92967,1799,unassigned
92968,1799,unassigned
92969,1799,unassigned
92970,1799,unassigned
92971,1799,unassigned
92972,1799,unassigned
92973,1799,unassigned
92974,1799,unassigned
92975,1817,Astro-Epen
92976,1799,unassigned
92977,1799,unassigned
92978,1815,Astro-Epen
92979,1838,unassigned
92980,1799,unassigned
92981,1799,unassigned
92982,1834,unassigned
92983,1799,unassigned
92984,1842,unassigned
92985,1799,unassigned
92986,1799,unassigned
92987,1799,unassigned
92988,1799,unassigned
92989,1799,unassigned
92990,1799,unassigned
92991,1799,unassigned
92992,1799,unassigned
92993,1799,unassigned
92994,1799,unassigned
92995,1799,unassigned
92996,1799,unassigned
92997,1799,unassigned
92998,1799,unassigned
92999,1799,unassigned
93000,1799,unassigned
93001,1830,unassigned
93002,1799,unassigned
93003,1799,unassigned
93004,1799,unassigned
93005,1799,unassigned
93006,1799,unassigned
93007,1799,unassigned
93008,1829,unassigned
93009,1799,unassigned
93010,1799,unassigned
93011,1799,unassigned
93012,1799,unassigned
93013,1799,unassigned
93014,1799,unassigned
93015,1799,unassigned
93016,1799,unassigned
93017,1799,unassigned
93018,1833,unassigned
93019,1799,unassigned
93020,1799,unassigned
93021,1799,unassigned
93022,1842,unassigned
93023,1799,unassigned
93024,1799,unassigned
93025,1817,Astro-Epen
93026,1799,unassigned
93027,1799,unassigned
93028,1799,unassigned
93029,1799,unassigned
93030,1799,unassigned
93031,1799,unassigned
93032,1799,unassigned
93033,1799,unassigned
93034,1799,unassigned
93035,1834,unassigned
93036,1799,unassigned
93037,1799,unassigned
93038,1799,unassigned
93039,1799,unassigned
93040,1799,unassigned
93041,1799,unassigned
93042,1799,unassigned
93043,1799,unassigned
93044,1799,unassigned
93045,1799,unassigned
93046,1799,unassigned
93047,1830,unassigned
93048,1838,unassigned
93049,1827,unassigned
93050,1815,Astro-Epen
93051,1799,unassigned
93052,1821,Astro-Epen
93053,1799,unassigned
93054,1800,Immune
93055,1799,unassigned
93056,1799,unassigned
93057,1799,unassigned
93058,1799,unassigned
93059,1799,unassigned
93060,1799,unassigned
93061,1799,unassigned
93062,1799,unassigned
93063,1799,unassigned
93064,1799,unassigned
93065,1799,unassigned
93066,1799,unassigned
93067,1799,unassigned
93068,1799,unassigned
93069,1799,unassigned
93070,1799,unassigned
93071,1799,unassigned
93072,1799,unassigned
93073,1799,unassigned
93074,1799,unassigned
93075,1799,unassigned
93076,1817,Astro-Epen
93077,1799,unassigned
93078,1799,unassigned
93079,1838,unassigned
93080,1799,unassigned
93081,1799,unassigned
93082,1800,Immune
93083,1819,Astro-Epen
93084,1799,unassigned
93085,1799,unassigned
93086,1799,unassigned
93087,1799,unassigned
93088,1799,unassigned
93089,1817,Astro-Epen
93090,1817,Astro-Epen
93091,1799,unassigned
93092,1799,unassigned
93093,1799,unassigned
93094,1799,unassigned
93095,1799,unassigned
93096,1815,Astro-Epen
93097,1799,unassigned
93098,1799,unassigned
93099,1799,unassigned
93100,1834,unassigned
93101,1799,unassigned
93102,1799,unassigned
93103,1799,unassigned
93104,1817,Astro-Epen
93105,1817,Astro-Epen
93106,1799,unassigned
93107,1799,unassigned
93108,1827,unassigned
93109,1799,unassigned
93110,1830,unassigned
93111,1799,unassigned
93112,1799,unassigned
93113,1799,unassigned
93114,1799,unassigned
93115,1799,unassigned
93116,1799,unassigned
93117,1799,unassigned
93118,1834,unassigned
93119,1799,unassigned
93120,1799,unassigned
93121,1799,unassigned
93122,1799,unassigned
93123,1799,unassigned
93124,1799,unassigned
93125,1799,unassigned
93126,1799,unassigned
93127,1799,unassigned
93128,1799,unassigned
93129,1799,unassigned
93130,1821,Astro-Epen
93131,1821,Astro-Epen
93132,1819,Astro-Epen
93133,1799,unassigned
93134,1799,unassigned
93135,1799,unassigned
93136,1799,unassigned
93137,1799,unassigned
93138,1799,unassigned
93139,1842,unassigned
93140,1799,unassigned
93141,1799,unassigned
93142,1799,unassigned
93143,1799,unassigned
93144,1799,unassigned
93145,1799,unassigned
93146,1799,unassigned
93147,1799,unassigned
93148,1830,unassigned
93149,1799,unassigned
93150,1800,Immune
93151,1799,unassigned
93152,1799,unassigned
93153,1799,unassigned
93154,1799,unassigned
93155,1829,unassigned
93156,1799,unassigned
93157,1799,unassigned
93158,1799,unassigned
93159,1799,unassigned
93160,1800,Immune
93161,1799,unassigned
93162,1799,unassigned
93163,1817,Astro-Epen
93164,1799,unassigned
93165,1799,unassigned
93166,1799,unassigned
93167,1799,unassigned
93168,1830,unassigned
93169,1830,unassigned
93170,1830,unassigned
93171,1799,unassigned
93172,1821,Astro-Epen
93173,1799,unassigned
93174,1799,unassigned
93175,1799,unassigned
93176,1799,unassigned
93177,1799,unassigned
93178,1799,unassigned
93179,1799,unassigned
93180,1799,unassigned
93181,1799,unassigned
93182,1799,unassigned
93183,1799,unassigned
93184,1799,unassigned
93185,1815,Astro-Epen
93186,1821,Astro-Epen
93187,1799,unassigned
93188,1799,unassigned
93189,1799,unassigned
93190,1799,unassigned
93191,1799,unassigned
93192,1799,unassigned
93193,1799,unassigned
93194,1840,unassigned
93195,1799,unassigned
93196,1799,unassigned
93197,1799,unassigned
93198,1799,unassigned
93199,1827,unassigned
93200,1799,unassigned
93201,1838,unassigned
93202,1815,Astro-Epen
93203,1815,Astro-Epen
93204,1799,unassigned
93205,1799,unassigned
93206,1799,unassigned
93207,1799,unassigned
93208,1799,unassigned
93209,1799,unassigned
93210,1799,unassigned
93211,1799,unassigned
93212,1799,unassigned
93213,1799,unassigned
93214,1799,unassigned
93215,1799,unassigned
93216,1799,unassigned
93217,1799,unassigned
93218,1799,unassigned
93219,1799,unassigned
93220,1799,unassigned
93221,1799,unassigned
93222,1799,unassigned
93223,1799,unassigned
93224,1799,unassigned
93225,1799,unassigned
93226,1799,unassigned
93227,1799,unassigned
93228,1799,unassigned
93229,1799,unassigned
93230,1799,unassigned
93231,1799,unassigned
93232,1799,unassigned
93233,1799,unassigned
93234,1799,unassigned
93235,1799,unassigned
93236,1799,unassigned
93237,1799,unassigned
93238,1799,unassigned
93239,1799,unassigned
93240,1834,unassigned
93241,1799,unassigned
93242,1799,unassigned
93243,1799,unassigned
93244,1799,unassigned
93245,1799,unassigned
93246,1799,unassigned
93247,1799,unassigned
93248,1821,Astro-Epen
93249,1799,unassigned
93250,1819,Astro-Epen
93251,1799,unassigned
93252,1799,unassigned
93253,1799,unassigned
93254,1799,unassigned
93255,1799,unassigned
93256,1799,unassigned
93257,1799,unassigned
93258,1799,unassigned
93259,1799,unassigned
93260,1799,unassigned
93261,1799,unassigned
93262,1799,unassigned
93263,1799,unassigned
93264,1799,unassigned
93265,1799,unassigned
93266,1799,unassigned
93267,1834,unassigned
93268,1799,unassigned
93269,1799,unassigned
93270,1799,unassigned
93271,1799,unassigned
93272,1799,unassigned
93273,1799,unassigned
93274,1799,unassigned
93275,1799,unassigned
93276,1799,unassigned
93277,1799,unassigned
93278,1799,unassigned
93279,1799,unassigned
93280,1815,Astro-Epen
93281,1799,unassigned
93282,1799,unassigned
93283,1799,unassigned
93284,1799,unassigned
93285,1799,unassigned
93286,1799,unassigned
93287,1799,unassigned
93288,1799,unassigned
93289,1799,unassigned
93290,1799,unassigned
93291,1799,unassigned
93292,1799,unassigned
93293,1799,unassigned
93294,1799,unassigned
93295,1799,unassigned
93296,1799,unassigned
93297,1838,unassigned
93298,1799,unassigned
93299,1800,Immune
93300,1799,unassigned
93301,1799,unassigned
93302,1799,unassigned
93303,1799,unassigned
93304,1799,unassigned
93305,1799,unassigned
93306,1799,unassigned
93307,1799,unassigned
93308,1799,unassigned
93309,1799,unassigned
93310,1799,unassigned
93311,1829,unassigned
93312,1799,unassigned
93313,1799,unassigned
93314,1799,unassigned
93315,1799,unassigned
93316,1799,unassigned
93317,1799,unassigned
93318,1799,unassigned
93319,1821,Astro-Epen
93320,1799,unassigned
93321,1799,unassigned
93322,1799,unassigned
93323,1799,unassigned
93324,1799,unassigned
93325,1829,unassigned
93326,1799,unassigned
93327,1799,unassigned
93328,1799,unassigned
93329,1799,unassigned
93330,1799,unassigned
93331,1799,unassigned
93332,1799,unassigned
93333,1838,unassigned
93334,1815,Astro-Epen
93335,1799,unassigned
93336,1799,unassigned
93337,1799,unassigned
93338,1799,unassigned
93339,1799,unassigned
93340,1799,unassigned
93341,1799,unassigned
93342,1799,unassigned
93343,1799,unassigned
93344,1799,unassigned
93345,1799,unassigned
93346,1799,unassigned
93347,1799,unassigned
93348,1799,unassigned
93349,1799,unassigned
93350,1799,unassigned
93351,1799,unassigned
93352,1799,unassigned
93353,1799,unassigned
93354,1799,unassigned
93355,1799,unassigned
93356,1799,unassigned
93357,1845,unassigned
93358,1817,Astro-Epen
93359,1799,unassigned
93360,1799,unassigned
93361,1799,unassigned
93362,1799,unassigned
93363,1799,unassigned
93364,1799,unassigned
93365,1799,unassigned
93366,1799,unassigned
93367,1799,unassigned
93368,1799,unassigned
93369,1799,unassigned
93370,1799,unassigned
93371,1799,unassigned
93372,1799,unassigned
93373,1799,unassigned
93374,1799,unassigned
93375,1799,unassigned
93376,1799,unassigned
93377,1799,unassigned
93378,1829,unassigned
93379,1799,unassigned
93380,1799,unassigned
93381,1817,Astro-Epen
93382,1799,unassigned
93383,1799,unassigned
93384,1799,unassigned
93385,1799,unassigned
93386,1799,unassigned
93387,1799,unassigned
93388,1799,unassigned
93389,1799,unassigned
93390,1799,unassigned
93391,1799,unassigned
93392,1799,unassigned
93393,1799,unassigned
93394,1799,unassigned
93395,1799,unassigned
93396,1817,Astro-Epen
93397,1799,unassigned
93398,1799,unassigned
93399,1821,Astro-Epen
93400,1799,unassigned
93401,1799,unassigned
93402,1799,unassigned
93403,1799,unassigned
93404,1799,unassigned
93405,1799,unassigned
93406,1799,unassigned
93407,1799,unassigned
93408,1817,Astro-Epen
93409,1799,unassigned
93410,1799,unassigned
93411,1799,unassigned
93412,1838,unassigned
93413,1830,unassigned
93414,1830,unassigned
93415,1799,unassigned
93416,1799,unassigned
93417,1799,unassigned
93418,1799,unassigned
93419,1799,unassigned
93420,1799,unassigned
93421,1799,unassigned
93422,1799,unassigned
93423,1799,unassigned
93424,1799,unassigned
93425,1799,unassigned
93426,1799,unassigned
93427,1799,unassigned
93428,1799,unassigned
93429,1799,unassigned
93430,1799,unassigned
93431,1799,unassigned
93432,1799,unassigned
93433,1799,unassigned
93434,1799,unassigned
93435,1838,unassigned
93436,1821,Astro-Epen
93437,1799,unassigned
93438,1799,unassigned
93439,1799,unassigned
93440,1799,unassigned
93441,1799,unassigned
93442,1799,unassigned
93443,1799,unassigned
93444,1829,unassigned
93445,1829,unassigned
93446,1799,unassigned
93447,1830,unassigned
93448,1830,unassigned
93449,1799,unassigned
93450,1799,unassigned
93451,1799,unassigned
93452,1800,Immune
93453,1799,unassigned
93454,1799,unassigned
93455,1799,unassigned
93456,1799,unassigned
93457,1799,unassigned
93458,1799,unassigned
93459,1799,unassigned
93460,1799,unassigned
93461,1799,unassigned
93462,1799,unassigned
93463,1799,unassigned
93464,1799,unassigned
93465,1799,unassigned
93466,1819,Astro-Epen
93467,1819,Astro-Epen
93468,1799,unassigned
93469,1799,unassigned
93470,1799,unassigned
93471,1799,unassigned
93472,1799,unassigned
93473,1799,unassigned
93474,1799,unassigned
93475,1799,unassigned
93476,1799,unassigned
93477,1799,unassigned
93478,1799,unassigned
93479,1799,unassigned
93480,1799,unassigned
93481,1799,unassigned
93482,1799,unassigned
93483,1799,unassigned
93484,1799,unassigned
93485,1799,unassigned
93486,1799,unassigned
93487,1799,unassigned
93488,1799,unassigned
93489,1799,unassigned
93490,1799,unassigned
93491,1799,unassigned
93492,1821,Astro-Epen
93493,1799,unassigned
93494,1799,unassigned
93495,1799,unassigned
93496,1799,unassigned
93497,1829,unassigned
93498,1799,unassigned
93499,1799,unassigned
93500,1799,unassigned
93501,1799,unassigned
93502,1799,unassigned
93503,1799,unassigned
93504,1799,unassigned
93505,1799,unassigned
93506,1817,Astro-Epen
93507,1799,unassigned
93508,1799,unassigned
93509,1799,unassigned
93510,1799,unassigned
93511,1799,unassigned
93512,1799,unassigned
93513,1799,unassigned
93514,1799,unassigned
93515,1799,unassigned
93516,1799,unassigned
93517,1799,unassigned
93518,1799,unassigned
93519,1799,unassigned
93520,1799,unassigned
93521,1799,unassigned
93522,1799,unassigned
93523,1799,unassigned
93524,1799,unassigned
93525,1799,unassigned
93526,1799,unassigned
93527,1799,unassigned
93528,1799,unassigned
93529,1799,unassigned
93530,1799,unassigned
93531,1799,unassigned
93532,1799,unassigned
93533,1799,unassigned
93534,1799,unassigned
93535,1799,unassigned
93536,1799,unassigned
93537,1799,unassigned
93538,1799,unassigned
93539,1799,unassigned
93540,1799,unassigned
93541,1799,unassigned
93542,1799,unassigned
93543,1799,unassigned
93544,1799,unassigned
93545,1799,unassigned
93546,1799,unassigned
93547,1799,unassigned
93548,1799,unassigned
93549,1799,unassigned
93550,1815,Astro-Epen
93551,1830,unassigned
93552,1830,unassigned
93553,1799,unassigned
93554,1799,unassigned
93555,1821,Astro-Epen
93556,1821,Astro-Epen
93557,1799,unassigned
93558,1799,unassigned
93559,1799,unassigned
93560,1819,Astro-Epen
93561,1799,unassigned
93562,1799,unassigned
93563,1799,unassigned
93564,1799,unassigned
93565,1799,unassigned
93566,1799,unassigned
93567,1799,unassigned
93568,1799,unassigned
93569,1799,unassigned
93570,1799,unassigned
93571,1799,unassigned
93572,1819,Astro-Epen
93573,1799,unassigned
93574,1799,unassigned
93575,1799,unassigned
93576,1799,unassigned
93577,1799,unassigned
93578,1834,unassigned
93579,1799,unassigned
93580,1799,unassigned
93581,1799,unassigned
93582,1799,unassigned
93583,1799,unassigned
93584,1833,unassigned
93585,1800,Immune
93586,1819,Astro-Epen
93587,1846,unassigned
93588,1847,Astro-Epen
93589,1846,unassigned
93590,1846,unassigned
93591,1846,unassigned
93592,1846,unassigned
93593,1846,unassigned
93594,1846,unassigned
93595,1846,unassigned
93596,1846,unassigned
93597,1846,unassigned
93598,1846,unassigned
93599,1846,unassigned
93600,1846,unassigned
93601,1846,unassigned
93602,1846,unassigned
93603,1846,unassigned
93604,1846,unassigned
93605,1846,unassigned
93606,1846,unassigned
93607,1846,unassigned
93608,1846,unassigned
93609,1846,unassigned
93610,1846,unassigned
93611,1846,unassigned
93612,1848,Astro-Epen
93613,1848,Astro-Epen
93614,1846,unassigned
93615,1846,unassigned
93616,1848,Astro-Epen
93617,1848,Astro-Epen
93618,1846,unassigned
93619,1848,Astro-Epen
93620,1848,Astro-Epen
93621,1848,Astro-Epen
93622,1848,Astro-Epen
93623,1847,Astro-Epen
93624,1848,Astro-Epen
93625,1847,Astro-Epen
93626,1847,Astro-Epen
93627,1848,Astro-Epen
93628,1846,unassigned
93629,1846,unassigned
93630,1847,Astro-Epen
93631,1847,Astro-Epen
93632,1847,Astro-Epen
93633,1847,Astro-Epen
93634,1848,Astro-Epen
93635,1846,unassigned
93636,1846,unassigned
93637,1846,unassigned
93638,1846,unassigned
93639,1846,unassigned
93640,1846,unassigned
93641,1846,unassigned
93642,1846,unassigned
93643,1846,unassigned
93644,1846,unassigned
93645,1846,unassigned
93646,1846,unassigned
93647,1846,unassigned
93648,1846,unassigned
93649,1849,Astro-Epen
93650,1846,unassigned
93651,1846,unassigned
93652,1850,unassigned
93653,1846,unassigned
93654,1846,unassigned
93655,1846,unassigned
93656,1846,unassigned
93657,1846,unassigned
93658,1846,unassigned
93659,1846,unassigned
93660,1846,unassigned
93661,1848,Astro-Epen
93662,1848,Astro-Epen
93663,1846,unassigned
93664,1846,unassigned
93665,1846,unassigned
93666,1846,unassigned
93667,1846,unassigned
93668,1846,unassigned
93669,1846,unassigned
93670,1851,Astro-Epen
93671,1846,unassigned
93672,1846,unassigned
93673,1846,unassigned
93674,1846,unassigned
93675,1852,Astro-Epen
93676,1846,unassigned
93677,1846,unassigned
93678,1846,unassigned
93679,1846,unassigned
93680,1846,unassigned
93681,1846,unassigned
93682,1846,unassigned
93683,1846,unassigned
93684,1846,unassigned
93685,1846,unassigned
93686,1846,unassigned
93687,1846,unassigned
93688,1846,unassigned
93689,1846,unassigned
93690,1846,unassigned
93691,1846,unassigned
93692,1846,unassigned
93693,1846,unassigned
93694,1846,unassigned
93695,1846,unassigned
93696,1846,unassigned
93697,1853,Astro-Epen
93698,1853,Astro-Epen
93699,1846,unassigned
93700,1853,Astro-Epen
93701,1846,unassigned
93702,1846,unassigned
93703,1846,unassigned
93704,1846,unassigned
93705,1846,unassigned
93706,1854,unassigned
93707,1851,Astro-Epen
93708,1846,unassigned
93709,1846,unassigned
93710,1846,unassigned
93711,1846,unassigned
93712,1846,unassigned
93713,1848,Astro-Epen
93714,1851,Astro-Epen
93715,1846,unassigned
93716,1846,unassigned
93717,1846,unassigned
93718,1846,unassigned
93719,1846,unassigned
93720,1846,unassigned
93721,1846,unassigned
93722,1846,unassigned
93723,1855,unassigned
93724,1846,unassigned
93725,1846,unassigned
93726,1846,unassigned
93727,1846,unassigned
93728,1846,unassigned
93729,1846,unassigned
93730,1846,unassigned
93731,1846,unassigned
93732,1846,unassigned
93733,1846,unassigned
93734,1846,unassigned
93735,1848,Astro-Epen
93736,1846,unassigned
93737,1846,unassigned
93738,1852,Astro-Epen
93739,1846,unassigned
93740,1846,unassigned
93741,1846,unassigned
93742,1846,unassigned
93743,1848,Astro-Epen
93744,1848,Astro-Epen
93745,1848,Astro-Epen
93746,1847,Astro-Epen
93747,1846,unassigned
93748,1846,unassigned
93749,1849,Astro-Epen
93750,1846,unassigned
93751,1846,unassigned
93752,1856,Astro-Epen
93753,1846,unassigned
93754,1846,unassigned
93755,1846,unassigned
93756,1846,unassigned
93757,1846,unassigned
93758,1846,unassigned
93759,1846,unassigned
93760,1848,Astro-Epen
93761,1848,Astro-Epen
93762,1846,unassigned
93763,1847,Astro-Epen
93764,1852,Astro-Epen
93765,1846,unassigned
93766,1857,Astro-Epen
93767,1846,unassigned
93768,1846,unassigned
93769,1846,unassigned
93770,1846,unassigned
93771,1846,unassigned
93772,1846,unassigned
93773,1853,Astro-Epen
93774,1846,unassigned
93775,1846,unassigned
93776,1846,unassigned
93777,1848,Astro-Epen
93778,1847,Astro-Epen
93779,1848,Astro-Epen
93780,1846,unassigned
93781,1846,unassigned
93782,1852,Astro-Epen
93783,1855,unassigned
93784,1846,unassigned
93785,1846,unassigned
93786,1846,unassigned
93787,1846,unassigned
93788,1846,unassigned
93789,1846,unassigned
93790,1846,unassigned
93791,1846,unassigned
93792,1853,Astro-Epen
93793,1853,Astro-Epen
93794,1846,unassigned
93795,1846,unassigned
93796,1846,unassigned
93797,1846,unassigned
93798,1851,Astro-Epen
93799,1848,Astro-Epen
93800,1848,Astro-Epen
93801,1846,unassigned
93802,1846,unassigned
93803,1846,unassigned
93804,1846,unassigned
93805,1846,unassigned
93806,1846,unassigned
93807,1846,unassigned
93808,1846,unassigned
93809,1846,unassigned
93810,1853,Astro-Epen
93811,1846,unassigned
93812,1846,unassigned
93813,1848,Astro-Epen
93814,1846,unassigned
93815,1846,unassigned
93816,1846,unassigned
93817,1846,unassigned
93818,1849,Astro-Epen
93819,1846,unassigned
93820,1846,unassigned
93821,1846,unassigned
93822,1853,Astro-Epen
93823,1846,unassigned
93824,1846,unassigned
93825,1851,Astro-Epen
93826,1846,unassigned
93827,1846,unassigned
93828,1846,unassigned
93829,1848,Astro-Epen
93830,1846,unassigned
93831,1847,Astro-Epen
93832,1846,unassigned
93833,1846,unassigned
93834,1846,unassigned
93835,1846,unassigned
93836,1846,unassigned
93837,1846,unassigned
93838,1846,unassigned
93839,1846,unassigned
93840,1849,Astro-Epen
93841,1846,unassigned
93842,1846,unassigned
93843,1846,unassigned
93844,1846,unassigned
93845,1846,unassigned
93846,1846,unassigned
93847,1846,unassigned
93848,1848,Astro-Epen
93849,1846,unassigned
93850,1846,unassigned
93851,1852,Astro-Epen
93852,1846,unassigned
93853,1846,unassigned
93854,1846,unassigned
93855,1846,unassigned
93856,1846,unassigned
93857,1846,unassigned
93858,1846,unassigned
93859,1850,unassigned
93860,1853,Astro-Epen
93861,1846,unassigned
93862,1854,unassigned
93863,1848,Astro-Epen
93864,1848,Astro-Epen
93865,1846,unassigned
93866,1852,Astro-Epen
93867,1857,Astro-Epen
93868,1846,unassigned
93869,1846,unassigned
93870,1846,unassigned
93871,1846,unassigned
93872,1856,Astro-Epen
93873,1846,unassigned
93874,1846,unassigned
93875,1846,unassigned
93876,1851,Astro-Epen
93877,1854,unassigned
93878,1846,unassigned
93879,1846,unassigned
93880,1846,unassigned
93881,1846,unassigned
93882,1848,Astro-Epen
93883,1846,unassigned
93884,1846,unassigned
93885,1846,unassigned
93886,1852,Astro-Epen
93887,1846,unassigned
93888,1846,unassigned
93889,1846,unassigned
93890,1846,unassigned
93891,1846,unassigned
93892,1849,Astro-Epen
93893,1846,unassigned
93894,1846,unassigned
93895,1846,unassigned
93896,1846,unassigned
93897,1846,unassigned
93898,1853,Astro-Epen
93899,1846,unassigned
93900,1846,unassigned
93901,1846,unassigned
93902,1846,unassigned
93903,1848,Astro-Epen
93904,1846,unassigned
93905,1846,unassigned
93906,1855,unassigned
93907,1846,unassigned
93908,1846,unassigned
93909,1846,unassigned
93910,1846,unassigned
93911,1846,unassigned
93912,1846,unassigned
93913,1846,unassigned
93914,1846,unassigned
93915,1846,unassigned
93916,1846,unassigned
93917,1846,unassigned
93918,1846,unassigned
93919,1846,unassigned
93920,1846,unassigned
93921,1846,unassigned
93922,1854,unassigned
93923,1846,unassigned
93924,1846,unassigned
93925,1846,unassigned
93926,1846,unassigned
93927,1848,Astro-Epen
93928,1846,unassigned
93929,1847,Astro-Epen
93930,1846,unassigned
93931,1846,unassigned
93932,1846,unassigned
93933,1848,Astro-Epen
93934,1846,unassigned
93935,1846,unassigned
93936,1846,unassigned
93937,1846,unassigned
93938,1849,Astro-Epen
93939,1846,unassigned
93940,1846,unassigned
93941,1846,unassigned
93942,1846,unassigned
93943,1846,unassigned
93944,1846,unassigned
93945,1846,unassigned
93946,1853,Astro-Epen
93947,1846,unassigned
93948,1846,unassigned
93949,1846,unassigned
93950,1851,Astro-Epen
93951,1846,unassigned
93952,1848,Astro-Epen
93953,1852,Astro-Epen
93954,1846,unassigned
93955,1846,unassigned
93956,1846,unassigned
93957,1850,unassigned
93958,1846,unassigned
93959,1846,unassigned
93960,1846,unassigned
93961,1846,unassigned
93962,1846,unassigned
93963,1851,Astro-Epen
93964,1847,Astro-Epen
93965,1846,unassigned
93966,1846,unassigned
93967,1852,Astro-Epen
93968,1846,unassigned
93969,1846,unassigned
93970,1846,unassigned
93971,1846,unassigned
93972,1846,unassigned
93973,1853,Astro-Epen
93974,1846,unassigned
93975,1854,unassigned
93976,1846,unassigned
93977,1854,unassigned
93978,1854,unassigned
93979,1846,unassigned
93980,1854,unassigned
93981,1846,unassigned
93982,1846,unassigned
93983,1846,unassigned
93984,1848,Astro-Epen
93985,1855,unassigned
93986,1849,Astro-Epen
93987,1850,unassigned
93988,1846,unassigned
93989,1846,unassigned
93990,1856,Astro-Epen
93991,1853,Astro-Epen
93992,1846,unassigned
93993,1854,unassigned
93994,1853,Astro-Epen
93995,1846,unassigned
93996,1854,unassigned
93997,1846,unassigned
93998,1846,unassigned
93999,1846,unassigned
94000,1846,unassigned
94001,1846,unassigned
94002,1846,unassigned
94003,1846,unassigned
94004,1850,unassigned
94005,1846,unassigned
94006,1846,unassigned
94007,1846,unassigned
94008,1851,Astro-Epen
94009,1846,unassigned
94010,1851,Astro-Epen
94011,1848,Astro-Epen
94012,1846,unassigned
94013,1848,Astro-Epen
94014,1846,unassigned
94015,1846,unassigned
94016,1846,unassigned
94017,1846,unassigned
94018,1846,unassigned
94019,1846,unassigned
94020,1846,unassigned
94021,1853,Astro-Epen
94022,1846,unassigned
94023,1846,unassigned
94024,1846,unassigned
94025,1846,unassigned
94026,1846,unassigned
94027,1846,unassigned
94028,1848,Astro-Epen
94029,1846,unassigned
94030,1846,unassigned
94031,1847,Astro-Epen
94032,1846,unassigned
94033,1846,unassigned
94034,1846,unassigned
94035,1846,unassigned
94036,1846,unassigned
94037,1846,unassigned
94038,1846,unassigned
94039,1846,unassigned
94040,1848,Astro-Epen
94041,1848,Astro-Epen
94042,1855,unassigned
94043,1846,unassigned
94044,1846,unassigned
94045,1846,unassigned
94046,1846,unassigned
94047,1846,unassigned
94048,1846,unassigned
94049,1846,unassigned
94050,1846,unassigned
94051,1846,unassigned
94052,1854,unassigned
94053,1851,Astro-Epen
94054,1851,Astro-Epen
94055,1848,Astro-Epen
94056,1847,Astro-Epen
94057,1847,Astro-Epen
94058,1848,Astro-Epen
94059,1847,Astro-Epen
94060,1846,unassigned
94061,1846,unassigned
94062,1846,unassigned
94063,1846,unassigned
94064,1856,Astro-Epen
94065,1846,unassigned
94066,1846,unassigned
94067,1856,Astro-Epen
94068,1853,Astro-Epen
94069,1858,unassigned
94070,1853,Astro-Epen
94071,1846,unassigned
94072,1846,unassigned
94073,1851,Astro-Epen
94074,1846,unassigned
94075,1846,unassigned
94076,1847,Astro-Epen
94077,1846,unassigned
94078,1846,unassigned
94079,1846,unassigned
94080,1846,unassigned
94081,1846,unassigned
94082,1846,unassigned
94083,1846,unassigned
94084,1846,unassigned
94085,1856,Astro-Epen
94086,1846,unassigned
94087,1846,unassigned
94088,1853,Astro-Epen
94089,1846,unassigned
94090,1851,Astro-Epen
94091,1851,Astro-Epen
94092,1848,Astro-Epen
94093,1846,unassigned
94094,1848,Astro-Epen
94095,1846,unassigned
94096,1846,unassigned
94097,1846,unassigned
94098,1857,Astro-Epen
94099,1846,unassigned
94100,1846,unassigned
94101,1846,unassigned
94102,1846,unassigned
94103,1846,unassigned
94104,1846,unassigned
94105,1846,unassigned
94106,1846,unassigned
94107,1846,unassigned
94108,1856,Astro-Epen
94109,1846,unassigned
94110,1858,unassigned
94111,1846,unassigned
94112,1846,unassigned
94113,1846,unassigned
94114,1848,Astro-Epen
94115,1846,unassigned
94116,1846,unassigned
94117,1846,unassigned
94118,1849,Astro-Epen
94119,1846,unassigned
94120,1846,unassigned
94121,1846,unassigned
94122,1850,unassigned
94123,1846,unassigned
94124,1846,unassigned
94125,1846,unassigned
94126,1853,Astro-Epen
94127,1853,Astro-Epen
94128,1846,unassigned
94129,1853,Astro-Epen
94130,1846,unassigned
94131,1846,unassigned
94132,1853,Astro-Epen
94133,1851,Astro-Epen
94134,1846,unassigned
94135,1846,unassigned
94136,1848,Astro-Epen
94137,1846,unassigned
94138,1846,unassigned
94139,1857,Astro-Epen
94140,1852,Astro-Epen
94141,1859,unassigned
94142,1849,Astro-Epen
94143,1846,unassigned
94144,1846,unassigned
94145,1846,unassigned
94146,1846,unassigned
94147,1846,unassigned
94148,1846,unassigned
94149,1846,unassigned
94150,1851,Astro-Epen
94151,1846,unassigned
94152,1848,Astro-Epen
94153,1846,unassigned
94154,1846,unassigned
94155,1846,unassigned
94156,1848,Astro-Epen
94157,1846,unassigned
94158,1846,unassigned
94159,1846,unassigned
94160,1846,unassigned
94161,1846,unassigned
94162,1846,unassigned
94163,1856,Astro-Epen
94164,1846,unassigned
94165,1846,unassigned
94166,1846,unassigned
94167,1846,unassigned
94168,1846,unassigned
94169,1848,Astro-Epen
94170,1848,Astro-Epen
94171,1846,unassigned
94172,1846,unassigned
94173,1846,unassigned
94174,1846,unassigned
94175,1846,unassigned
94176,1846,unassigned
94177,1846,unassigned
94178,1846,unassigned
94179,1846,unassigned
94180,1853,Astro-Epen
94181,1851,Astro-Epen
94182,1846,unassigned
94183,1848,Astro-Epen
94184,1852,Astro-Epen
94185,1852,Astro-Epen
94186,1846,unassigned
94187,1846,unassigned
94188,1846,unassigned
94189,1846,unassigned
94190,1849,Astro-Epen
94191,1846,unassigned
94192,1846,unassigned
94193,1853,Astro-Epen
94194,1853,Astro-Epen
94195,1851,Astro-Epen
94196,1848,Astro-Epen
94197,1846,unassigned
94198,1846,unassigned
94199,1848,Astro-Epen
94200,1846,unassigned
94201,1846,unassigned
94202,1847,Astro-Epen
94203,1847,Astro-Epen
94204,1846,unassigned
94205,1846,unassigned
94206,1846,unassigned
94207,1846,unassigned
94208,1846,unassigned
94209,1846,unassigned
94210,1851,Astro-Epen
94211,1846,unassigned
94212,1848,Astro-Epen
94213,1848,Astro-Epen
94214,1851,Astro-Epen
94215,1846,unassigned
94216,1857,Astro-Epen
94217,1846,unassigned
94218,1846,unassigned
94219,1846,unassigned
94220,1846,unassigned
94221,1846,unassigned
94222,1846,unassigned
94223,1846,unassigned
94224,1846,unassigned
94225,1846,unassigned
94226,1856,Astro-Epen
94227,1853,Astro-Epen
94228,1853,Astro-Epen
94229,1853,Astro-Epen
94230,1846,unassigned
94231,1846,unassigned
94232,1846,unassigned
94233,1846,unassigned
94234,1851,Astro-Epen
94235,1846,unassigned
94236,1847,Astro-Epen
94237,1849,Astro-Epen
94238,1846,unassigned
94239,1846,unassigned
94240,1846,unassigned
94241,1846,unassigned
94242,1846,unassigned
94243,1846,unassigned
94244,1846,unassigned
94245,1846,unassigned
94246,1846,unassigned
94247,1846,unassigned
94248,1846,unassigned
94249,1846,unassigned
94250,1851,Astro-Epen
94251,1846,unassigned
94252,1846,unassigned
94253,1857,Astro-Epen
94254,1846,unassigned
94255,1855,unassigned
94256,1846,unassigned
94257,1846,unassigned
94258,1846,unassigned
94259,1846,unassigned
94260,1846,unassigned
94261,1846,unassigned
94262,1856,Astro-Epen
94263,1853,Astro-Epen
94264,1846,unassigned
94265,1846,unassigned
94266,1846,unassigned
94267,1846,unassigned
94268,1851,Astro-Epen
94269,1846,unassigned
94270,1852,Astro-Epen
94271,1852,Astro-Epen
94272,1846,unassigned
94273,1846,unassigned
94274,1846,unassigned
94275,1846,unassigned
94276,1846,unassigned
94277,1846,unassigned
94278,1846,unassigned
94279,1846,unassigned
94280,1853,Astro-Epen
94281,1853,Astro-Epen
94282,1847,Astro-Epen
94283,1846,unassigned
94284,1846,unassigned
94285,1848,Astro-Epen
94286,1848,Astro-Epen
94287,1846,unassigned
94288,1852,Astro-Epen
94289,1846,unassigned
94290,1857,Astro-Epen
94291,1846,unassigned
94292,1846,unassigned
94293,1846,unassigned
94294,1856,Astro-Epen
94295,1846,unassigned
94296,1853,Astro-Epen
94297,1846,unassigned
94298,1846,unassigned
94299,1846,unassigned
94300,1846,unassigned
94301,1846,unassigned
94302,1848,Astro-Epen
94303,1846,unassigned
94304,1846,unassigned
94305,1846,unassigned
94306,1847,Astro-Epen
94307,1852,Astro-Epen
94308,1846,unassigned
94309,1847,Astro-Epen
94310,1846,unassigned
94311,1846,unassigned
94312,1846,unassigned
94313,1846,unassigned
94314,1860,unassigned
94315,1846,unassigned
94316,1848,Astro-Epen
94317,1848,Astro-Epen
94318,1846,unassigned
94319,1848,Astro-Epen
94320,1846,unassigned
94321,1852,Astro-Epen
94322,1846,unassigned
94323,1846,unassigned
94324,1846,unassigned
94325,1849,Astro-Epen
94326,1846,unassigned
94327,1846,unassigned
94328,1849,Astro-Epen
94329,1846,unassigned
94330,1846,unassigned
94331,1846,unassigned
94332,1846,unassigned
94333,1846,unassigned
94334,1853,Astro-Epen
94335,1846,unassigned
94336,1851,Astro-Epen
94337,1846,unassigned
94338,1848,Astro-Epen
94339,1848,Astro-Epen
94340,1846,unassigned
94341,1846,unassigned
94342,1846,unassigned
94343,1846,unassigned
94344,1846,unassigned
94345,1846,unassigned
94346,1846,unassigned
94347,1846,unassigned
94348,1846,unassigned
94349,1846,unassigned
94350,1853,Astro-Epen
94351,1846,unassigned
94352,1846,unassigned
94353,1846,unassigned
94354,1846,unassigned
94355,1846,unassigned
94356,1846,unassigned
94357,1846,unassigned
94358,1846,unassigned
94359,1856,Astro-Epen
94360,1846,unassigned
94361,1846,unassigned
94362,1846,unassigned
94363,1851,Astro-Epen
94364,1848,Astro-Epen
94365,1846,unassigned
94366,1857,Astro-Epen
94367,1857,Astro-Epen
94368,1846,unassigned
94369,1846,unassigned
94370,1846,unassigned
94371,1846,unassigned
94372,1846,unassigned
94373,1846,unassigned
94374,1853,Astro-Epen
94375,1853,Astro-Epen
94376,1846,unassigned
94377,1846,unassigned
94378,1848,Astro-Epen
94379,1848,Astro-Epen
94380,1847,Astro-Epen
94381,1857,Astro-Epen
94382,1846,unassigned
94383,1846,unassigned
94384,1846,unassigned
94385,1846,unassigned
94386,1846,unassigned
94387,1846,unassigned
94388,1849,Astro-Epen
94389,1846,unassigned
94390,1846,unassigned
94391,1846,unassigned
94392,1853,Astro-Epen
94393,1846,unassigned
94394,1853,Astro-Epen
94395,1846,unassigned
94396,1848,Astro-Epen
94397,1846,unassigned
94398,1848,Astro-Epen
94399,1846,unassigned
94400,1846,unassigned
94401,1846,unassigned
94402,1846,unassigned
94403,1846,unassigned
94404,1849,Astro-Epen
94405,1846,unassigned
94406,1846,unassigned
94407,1846,unassigned
94408,1846,unassigned
94409,1846,unassigned
94410,1846,unassigned
94411,1846,unassigned
94412,1856,Astro-Epen
94413,1846,unassigned
94414,1846,unassigned
94415,1846,unassigned
94416,1848,Astro-Epen
94417,1851,Astro-Epen
94418,1846,unassigned
94419,1851,Astro-Epen
94420,1848,Astro-Epen
94421,1846,unassigned
94422,1857,Astro-Epen
94423,1846,unassigned
94424,1846,unassigned
94425,1849,Astro-Epen
94426,1846,unassigned
94427,1861,unassigned
94428,1861,unassigned
94429,1846,unassigned
94430,1846,unassigned
94431,1846,unassigned
94432,1847,Astro-Epen
94433,1848,Astro-Epen
94434,1846,unassigned
94435,1846,unassigned
94436,1846,unassigned
94437,1846,unassigned
94438,1846,unassigned
94439,1846,unassigned
94440,1846,unassigned
94441,1846,unassigned
94442,1856,Astro-Epen
94443,1853,Astro-Epen
94444,1853,Astro-Epen
94445,1856,Astro-Epen
94446,1853,Astro-Epen
94447,1846,unassigned
94448,1846,unassigned
94449,1848,Astro-Epen
94450,1848,Astro-Epen
94451,1848,Astro-Epen
94452,1846,unassigned
94453,1846,unassigned
94454,1846,unassigned
94455,1846,unassigned
94456,1852,Astro-Epen
94457,1846,unassigned
94458,1849,Astro-Epen
94459,1846,unassigned
94460,1846,unassigned
94461,1849,Astro-Epen
94462,1850,unassigned
94463,1846,unassigned
94464,1846,unassigned
94465,1846,unassigned
94466,1846,unassigned
94467,1856,Astro-Epen
94468,1861,unassigned
94469,1846,unassigned
94470,1846,unassigned
94471,1846,unassigned
94472,1848,Astro-Epen
94473,1848,Astro-Epen
94474,1846,unassigned
94475,1846,unassigned
94476,1852,Astro-Epen
94477,1846,unassigned
94478,1846,unassigned
94479,1846,unassigned
94480,1846,unassigned
94481,1846,unassigned
94482,1846,unassigned
94483,1846,unassigned
94484,1846,unassigned
94485,1846,unassigned
94486,1853,Astro-Epen
94487,1846,unassigned
94488,1846,unassigned
94489,1846,unassigned
94490,1846,unassigned
94491,1846,unassigned
94492,1846,unassigned
94493,1855,unassigned
94494,1862,unassigned
94495,1849,Astro-Epen
94496,1849,Astro-Epen
94497,1846,unassigned
94498,1846,unassigned
94499,1846,unassigned
94500,1853,Astro-Epen
94501,1846,unassigned
94502,1846,unassigned
94503,1851,Astro-Epen
94504,1846,unassigned
94505,1846,unassigned
94506,1846,unassigned
94507,1846,unassigned
94508,1846,unassigned
94509,1846,unassigned
94510,1859,unassigned
94511,1846,unassigned
94512,1846,unassigned
94513,1846,unassigned
94514,1846,unassigned
94515,1846,unassigned
94516,1846,unassigned
94517,1846,unassigned
94518,1846,unassigned
94519,1853,Astro-Epen
94520,1846,unassigned
94521,1846,unassigned
94522,1846,unassigned
94523,1846,unassigned
94524,1847,Astro-Epen
94525,1846,unassigned
94526,1846,unassigned
94527,1846,unassigned
94528,1846,unassigned
94529,1846,unassigned
94530,1846,unassigned
94531,1846,unassigned
94532,1846,unassigned
94533,1846,unassigned
94534,1846,unassigned
94535,1846,unassigned
94536,1846,unassigned
94537,1853,Astro-Epen
94538,1846,unassigned
94539,1848,Astro-Epen
94540,1846,unassigned
94541,1846,unassigned
94542,1848,Astro-Epen
94543,1846,unassigned
94544,1846,unassigned
94545,1846,unassigned
94546,1859,unassigned
94547,1849,Astro-Epen
94548,1846,unassigned
94549,1846,unassigned
94550,1846,unassigned
94551,1846,unassigned
94552,1846,unassigned
94553,1846,unassigned
94554,1846,unassigned
94555,1846,unassigned
94556,1846,unassigned
94557,1846,unassigned
94558,1848,Astro-Epen
94559,1848,Astro-Epen
94560,1848,Astro-Epen
94561,1846,unassigned
94562,1846,unassigned
94563,1846,unassigned
94564,1849,Astro-Epen
94565,1846,unassigned
94566,1849,Astro-Epen
94567,1849,Astro-Epen
94568,1846,unassigned
94569,1856,Astro-Epen
94570,1846,unassigned
94571,1856,Astro-Epen
94572,1846,unassigned
94573,1853,Astro-Epen
94574,1853,Astro-Epen
94575,1848,Astro-Epen
94576,1846,unassigned
94577,1846,unassigned
94578,1852,Astro-Epen
94579,1846,unassigned
94580,1846,unassigned
94581,1849,Astro-Epen
94582,1846,unassigned
94583,1846,unassigned
94584,1846,unassigned
94585,1846,unassigned
94586,1846,unassigned
94587,1853,Astro-Epen
94588,1846,unassigned
94589,1846,unassigned
94590,1846,unassigned
94591,1848,Astro-Epen
94592,1846,unassigned
94593,1846,unassigned
94594,1846,unassigned
94595,1852,Astro-Epen
94596,1852,Astro-Epen
94597,1846,unassigned
94598,1846,unassigned
94599,1846,unassigned
94600,1846,unassigned
94601,1846,unassigned
94602,1846,unassigned
94603,1853,Astro-Epen
94604,1846,unassigned
94605,1851,Astro-Epen
94606,1846,unassigned
94607,1851,Astro-Epen
94608,1846,unassigned
94609,1848,Astro-Epen
94610,1847,Astro-Epen
94611,1846,unassigned
94612,1848,Astro-Epen
94613,1846,unassigned
94614,1846,unassigned
94615,1846,unassigned
94616,1846,unassigned
94617,1846,unassigned
94618,1846,unassigned
94619,1846,unassigned
94620,1846,unassigned
94621,1860,unassigned
94622,1846,unassigned
94623,1853,Astro-Epen
94624,1846,unassigned
94625,1846,unassigned
94626,1848,Astro-Epen
94627,1846,unassigned
94628,1848,Astro-Epen
94629,1846,unassigned
94630,1848,Astro-Epen
94631,1852,Astro-Epen
94632,1846,unassigned
94633,1846,unassigned
94634,1846,unassigned
94635,1846,unassigned
94636,1846,unassigned
94637,1846,unassigned
94638,1846,unassigned
94639,1846,unassigned
94640,1846,unassigned
94641,1846,unassigned
94642,1846,unassigned
94643,1853,Astro-Epen
94644,1851,Astro-Epen
94645,1851,Astro-Epen
94646,1851,Astro-Epen
94647,1846,unassigned
94648,1848,Astro-Epen
94649,1846,unassigned
94650,1848,Astro-Epen
94651,1846,unassigned
94652,1846,unassigned
94653,1846,unassigned
94654,1846,unassigned
94655,1846,unassigned
94656,1846,unassigned
94657,1846,unassigned
94658,1846,unassigned
94659,1856,Astro-Epen
94660,1846,unassigned
94661,1846,unassigned
94662,1851,Astro-Epen
94663,1846,unassigned
94664,1848,Astro-Epen
94665,1848,Astro-Epen
94666,1846,unassigned
94667,1846,unassigned
94668,1852,Astro-Epen
94669,1852,Astro-Epen
94670,1846,unassigned
94671,1846,unassigned
94672,1846,unassigned
94673,1859,unassigned
94674,1846,unassigned
94675,1846,unassigned
94676,1846,unassigned
94677,1853,Astro-Epen
94678,1853,Astro-Epen
94679,1853,Astro-Epen
94680,1848,Astro-Epen
94681,1846,unassigned
94682,1846,unassigned
94683,1846,unassigned
94684,1846,unassigned
94685,1846,unassigned
94686,1846,unassigned
94687,1846,unassigned
94688,1846,unassigned
94689,1846,unassigned
94690,1847,Astro-Epen
94691,1848,Astro-Epen
94692,1851,Astro-Epen
94693,1846,unassigned
94694,1847,Astro-Epen
94695,1848,Astro-Epen
94696,1846,unassigned
94697,1846,unassigned
94698,1846,unassigned
94699,1846,unassigned
94700,1846,unassigned
94701,1849,Astro-Epen
94702,1849,Astro-Epen
94703,1846,unassigned
94704,1846,unassigned
94705,1846,unassigned
94706,1846,unassigned
94707,1846,unassigned
94708,1853,Astro-Epen
94709,1846,unassigned
94710,1853,Astro-Epen
94711,1846,unassigned
94712,1846,unassigned
94713,1846,unassigned
94714,1848,Astro-Epen
94715,1846,unassigned
94716,1846,unassigned
94717,1852,Astro-Epen
94718,1846,unassigned
94719,1846,unassigned
94720,1846,unassigned
94721,1852,Astro-Epen
94722,1857,Astro-Epen
94723,1846,unassigned
94724,1846,unassigned
94725,1861,unassigned
94726,1853,Astro-Epen
94727,1846,unassigned
94728,1851,Astro-Epen
94729,1851,Astro-Epen
94730,1846,unassigned
94731,1851,Astro-Epen
94732,1846,unassigned
94733,1846,unassigned
94734,1846,unassigned
94735,1852,Astro-Epen
94736,1846,unassigned
94737,1852,Astro-Epen
94738,1846,unassigned
94739,1857,Astro-Epen
94740,1849,Astro-Epen
94741,1846,unassigned
94742,1846,unassigned
94743,1846,unassigned
94744,1860,unassigned
94745,1856,Astro-Epen
94746,1846,unassigned
94747,1853,Astro-Epen
94748,1846,unassigned
94749,1846,unassigned
94750,1851,Astro-Epen
94751,1846,unassigned
94752,1847,Astro-Epen
94753,1846,unassigned
94754,1846,unassigned
94755,1846,unassigned
94756,1846,unassigned
94757,1846,unassigned
94758,1846,unassigned
94759,1846,unassigned
94760,1846,unassigned
94761,1863,unassigned
94762,1853,Astro-Epen
94763,1846,unassigned
94764,1846,unassigned
94765,1851,Astro-Epen
94766,1851,Astro-Epen
94767,1846,unassigned
94768,1846,unassigned
94769,1847,Astro-Epen
94770,1846,unassigned
94771,1852,Astro-Epen
94772,1846,unassigned
94773,1846,unassigned
94774,1852,Astro-Epen
94775,1846,unassigned
94776,1846,unassigned
94777,1846,unassigned
94778,1846,unassigned
94779,1846,unassigned
94780,1846,unassigned
94781,1846,unassigned
94782,1853,Astro-Epen
94783,1846,unassigned
94784,1853,Astro-Epen
94785,1846,unassigned
94786,1853,Astro-Epen
94787,1846,unassigned
94788,1846,unassigned
94789,1851,Astro-Epen
94790,1851,Astro-Epen
94791,1846,unassigned
94792,1846,unassigned
94793,1848,Astro-Epen
94794,1846,unassigned
94795,1846,unassigned
94796,1846,unassigned
94797,1852,Astro-Epen
94798,1846,unassigned
94799,1846,unassigned
94800,1846,unassigned
94801,1846,unassigned
94802,1846,unassigned
94803,1846,unassigned
94804,1846,unassigned
94805,1851,Astro-Epen
94806,1846,unassigned
94807,1851,Astro-Epen
94808,1852,Astro-Epen
94809,1852,Astro-Epen
94810,1846,unassigned
94811,1846,unassigned
94812,1859,unassigned
94813,1846,unassigned
94814,1846,unassigned
94815,1846,unassigned
94816,1849,Astro-Epen
94817,1846,unassigned
94818,1846,unassigned
94819,1846,unassigned
94820,1846,unassigned
94821,1846,unassigned
94822,1846,unassigned
94823,1846,unassigned
94824,1846,unassigned
94825,1846,unassigned
94826,1851,Astro-Epen
94827,1846,unassigned
94828,1846,unassigned
94829,1846,unassigned
94830,1849,Astro-Epen
94831,1846,unassigned
94832,1846,unassigned
94833,1846,unassigned
94834,1861,unassigned
94835,1860,unassigned
94836,1861,unassigned
94837,1861,unassigned
94838,1846,unassigned
94839,1853,Astro-Epen
94840,1853,Astro-Epen
94841,1846,unassigned
94842,1848,Astro-Epen
94843,1846,unassigned
94844,1846,unassigned
94845,1846,unassigned
94846,1846,unassigned
94847,1846,unassigned
94848,1846,unassigned
94849,1846,unassigned
94850,1846,unassigned
94851,1846,unassigned
94852,1846,unassigned
94853,1846,unassigned
94854,1851,Astro-Epen
94855,1848,Astro-Epen
94856,1848,Astro-Epen
94857,1846,unassigned
94858,1846,unassigned
94859,1846,unassigned
94860,1857,Astro-Epen
94861,1846,unassigned
94862,1846,unassigned
94863,1846,unassigned
94864,1849,Astro-Epen
94865,1850,unassigned
94866,1846,unassigned
94867,1846,unassigned
94868,1846,unassigned
94869,1846,unassigned
94870,1846,unassigned
94871,1853,Astro-Epen
94872,1846,unassigned
94873,1846,unassigned
94874,1851,Astro-Epen
94875,1851,Astro-Epen
94876,1851,Astro-Epen
94877,1846,unassigned
94878,1846,unassigned
94879,1846,unassigned
94880,1846,unassigned
94881,1847,Astro-Epen
94882,1852,Astro-Epen
94883,1852,Astro-Epen
94884,1846,unassigned
94885,1859,unassigned
94886,1846,unassigned
94887,1864,unassigned
94888,1865,unassigned
94889,1846,unassigned
94890,1853,Astro-Epen
94891,1846,unassigned
94892,1853,Astro-Epen
94893,1848,Astro-Epen
94894,1851,Astro-Epen
94895,1848,Astro-Epen
94896,1846,unassigned
94897,1846,unassigned
94898,1846,unassigned
94899,1846,unassigned
94900,1859,unassigned
94901,1846,unassigned
94902,1846,unassigned
94903,1849,Astro-Epen
94904,1846,unassigned
94905,1849,Astro-Epen
94906,1846,unassigned
94907,1849,Astro-Epen
94908,1846,unassigned
94909,1856,Astro-Epen
94910,1853,Astro-Epen
94911,1846,unassigned
94912,1846,unassigned
94913,1846,unassigned
94914,1851,Astro-Epen
94915,1846,unassigned
94916,1846,unassigned
94917,1846,unassigned
94918,1846,unassigned
94919,1846,unassigned
94920,1846,unassigned
94921,1846,unassigned
94922,1846,unassigned
94923,1860,unassigned
94924,1853,Astro-Epen
94925,1853,Astro-Epen
94926,1846,unassigned
94927,1853,Astro-Epen
94928,1853,Astro-Epen
94929,1851,Astro-Epen
94930,1847,Astro-Epen
94931,1846,unassigned
94932,1848,Astro-Epen
94933,1848,Astro-Epen
94934,1846,unassigned
94935,1849,Astro-Epen
94936,1849,Astro-Epen
94937,1856,Astro-Epen
94938,1853,Astro-Epen
94939,1846,unassigned
94940,1846,unassigned
94941,1853,Astro-Epen
94942,1846,unassigned
94943,1848,Astro-Epen
94944,1846,unassigned
94945,1859,unassigned
94946,1846,unassigned
94947,1849,Astro-Epen
94948,1846,unassigned
94949,1846,unassigned
94950,1846,unassigned
94951,1846,unassigned
94952,1846,unassigned
94953,1846,unassigned
94954,1853,Astro-Epen
94955,1846,unassigned
94956,1851,Astro-Epen
94957,1846,unassigned
94958,1848,Astro-Epen
94959,1846,unassigned
94960,1848,Astro-Epen
94961,1846,unassigned
94962,1846,unassigned
94963,1846,unassigned
94964,1864,unassigned
94965,1846,unassigned
94966,1846,unassigned
94967,1846,unassigned
94968,1846,unassigned
94969,1853,Astro-Epen
94970,1866,Immune
94971,1846,unassigned
94972,1853,Astro-Epen
94973,1846,unassigned
94974,1851,Astro-Epen
94975,1846,unassigned
94976,1846,unassigned
94977,1857,Astro-Epen
94978,1846,unassigned
94979,1849,Astro-Epen
94980,1846,unassigned
94981,1846,unassigned
94982,1846,unassigned
94983,1853,Astro-Epen
94984,1846,unassigned
94985,1851,Astro-Epen
94986,1848,Astro-Epen
94987,1846,unassigned
94988,1846,unassigned
94989,1846,unassigned
94990,1846,unassigned
94991,1857,Astro-Epen
94992,1846,unassigned
94993,1846,unassigned
94994,1846,unassigned
94995,1846,unassigned
94996,1846,unassigned
94997,1846,unassigned
94998,1846,unassigned
94999,1846,unassigned
95000,1846,unassigned
95001,1846,unassigned
95002,1846,unassigned
95003,1846,unassigned
95004,1853,Astro-Epen
95005,1846,unassigned
95006,1846,unassigned
95007,1848,Astro-Epen
95008,1851,Astro-Epen
95009,1846,unassigned
95010,1859,unassigned
95011,1846,unassigned
95012,1849,Astro-Epen
95013,1846,unassigned
95014,1846,unassigned
95015,1846,unassigned
95016,1864,unassigned
95017,1846,unassigned
95018,1846,unassigned
95019,1856,Astro-Epen
95020,1846,unassigned
95021,1853,Astro-Epen
95022,1853,Astro-Epen
95023,1846,unassigned
95024,1848,Astro-Epen
95025,1847,Astro-Epen
95026,1847,Astro-Epen
95027,1846,unassigned
95028,1846,unassigned
95029,1857,Astro-Epen
95030,1849,Astro-Epen
95031,1846,unassigned
95032,1850,unassigned
95033,1850,unassigned
95034,1856,Astro-Epen
95035,1853,Astro-Epen
95036,1846,unassigned
95037,1848,Astro-Epen
95038,1846,unassigned
95039,1846,unassigned
95040,1846,unassigned
95041,1846,unassigned
95042,1846,unassigned
95043,1846,unassigned
95044,1849,Astro-Epen
95045,1846,unassigned
95046,1846,unassigned
95047,1846,unassigned
95048,1846,unassigned
95049,1846,unassigned
95050,1867,unassigned
95051,1846,unassigned
95052,1851,Astro-Epen
95053,1848,Astro-Epen
95054,1848,Astro-Epen
95055,1847,Astro-Epen
95056,1848,Astro-Epen
95057,1846,unassigned
95058,1848,Astro-Epen
95059,1846,unassigned
95060,1848,Astro-Epen
95061,1852,Astro-Epen
95062,1846,unassigned
95063,1846,unassigned
95064,1857,Astro-Epen
95065,1868,Astro-Epen
95066,1868,Astro-Epen
95067,1846,unassigned
95068,1849,Astro-Epen
95069,1849,Astro-Epen
95070,1849,Astro-Epen
95071,1849,Astro-Epen
95072,1846,unassigned
95073,1846,unassigned
95074,1846,unassigned
95075,1846,unassigned
95076,1846,unassigned
95077,1846,unassigned
95078,1853,Astro-Epen
95079,1851,Astro-Epen
95080,1851,Astro-Epen
95081,1851,Astro-Epen
95082,1847,Astro-Epen
95083,1846,unassigned
95084,1846,unassigned
95085,1846,unassigned
95086,1846,unassigned
95087,1846,unassigned
95088,1846,unassigned
95089,1846,unassigned
95090,1867,unassigned
95091,1846,unassigned
95092,1846,unassigned
95093,1846,unassigned
95094,1846,unassigned
95095,1857,Astro-Epen
95096,1852,Astro-Epen
95097,1849,Astro-Epen
95098,1846,unassigned
95099,1846,unassigned
95100,1846,unassigned
95101,1846,unassigned
95102,1846,unassigned
95103,1846,unassigned
95104,1853,Astro-Epen
95105,1846,unassigned
95106,1851,Astro-Epen
95107,1851,Astro-Epen
95108,1846,unassigned
95109,1848,Astro-Epen
95110,1847,Astro-Epen
95111,1847,Astro-Epen
95112,1852,Astro-Epen
95113,1846,unassigned
95114,1846,unassigned
95115,1849,Astro-Epen
95116,1846,unassigned
95117,1846,unassigned
95118,1867,unassigned
95119,1851,Astro-Epen
95120,1846,unassigned
95121,1848,Astro-Epen
95122,1857,Astro-Epen
95123,1849,Astro-Epen
95124,1846,unassigned
95125,1849,Astro-Epen
95126,1849,Astro-Epen
95127,1865,unassigned
95128,1846,unassigned
95129,1867,unassigned
95130,1846,unassigned
95131,1847,Astro-Epen
95132,1852,Astro-Epen
95133,1857,Astro-Epen
95134,1846,unassigned
95135,1846,unassigned
95136,1846,unassigned
95137,1849,Astro-Epen
95138,1846,unassigned
95139,1846,unassigned
95140,1856,Astro-Epen
95141,1846,unassigned
95142,1867,unassigned
95143,1846,unassigned
95144,1846,unassigned
95145,1848,Astro-Epen
95146,1848,Astro-Epen
95147,1848,Astro-Epen
95148,1852,Astro-Epen
95149,1846,unassigned
95150,1868,Astro-Epen
95151,1849,Astro-Epen
95152,1846,unassigned
95153,1846,unassigned
95154,1846,unassigned
95155,1861,unassigned
95156,1846,unassigned
95157,1860,unassigned
95158,1846,unassigned
95159,1846,unassigned
95160,1846,unassigned
95161,1846,unassigned
95162,1847,Astro-Epen
95163,1848,Astro-Epen
95164,1846,unassigned
95165,1846,unassigned
95166,1846,unassigned
95167,1846,unassigned
95168,1859,unassigned
95169,1846,unassigned
95170,1846,unassigned
95171,1863,unassigned
95172,1846,unassigned
95173,1846,unassigned
95174,1846,unassigned
95175,1846,unassigned
95176,1849,Astro-Epen
95177,1846,unassigned
95178,1860,unassigned
95179,1846,unassigned
95180,1856,Astro-Epen
95181,1856,Astro-Epen
95182,1846,unassigned
95183,1846,unassigned
95184,1846,unassigned
95185,1846,unassigned
95186,1846,unassigned
95187,1846,unassigned
95188,1852,Astro-Epen
95189,1857,Astro-Epen
95190,1852,Astro-Epen
95191,1846,unassigned
95192,1846,unassigned
95193,1846,unassigned
95194,1846,unassigned
95195,1846,unassigned
95196,1846,unassigned
95197,1846,unassigned
95198,1865,unassigned
95199,1846,unassigned
95200,1867,unassigned
95201,1867,unassigned
95202,1848,Astro-Epen
95203,1848,Astro-Epen
95204,1846,unassigned
95205,1846,unassigned
95206,1848,Astro-Epen
95207,1846,unassigned
95208,1857,Astro-Epen
95209,1846,unassigned
95210,1846,unassigned
95211,1846,unassigned
95212,1867,unassigned
95213,1869,Astro-Epen
95214,1848,Astro-Epen
95215,1848,Astro-Epen
95216,1848,Astro-Epen
95217,1846,unassigned
95218,1846,unassigned
95219,1846,unassigned
95220,1846,unassigned
95221,1846,unassigned
95222,1846,unassigned
95223,1866,Immune
95224,1846,unassigned
95225,1846,unassigned
95226,1848,Astro-Epen
95227,1846,unassigned
95228,1847,Astro-Epen
95229,1852,Astro-Epen
95230,1846,unassigned
95231,1857,Astro-Epen
95232,1846,unassigned
95233,1846,unassigned
95234,1849,Astro-Epen
95235,1870,unassigned
95236,1865,unassigned
95237,1853,Astro-Epen
95238,1846,unassigned
95239,1846,unassigned
95240,1847,Astro-Epen
95241,1847,Astro-Epen
95242,1847,Astro-Epen
95243,1847,Astro-Epen
95244,1846,unassigned
95245,1846,unassigned
95246,1857,Astro-Epen
95247,1846,unassigned
95248,1846,unassigned
95249,1857,Astro-Epen
95250,1857,Astro-Epen
95251,1846,unassigned
95252,1846,unassigned
95253,1846,unassigned
95254,1860,unassigned
95255,1846,unassigned
95256,1846,unassigned
95257,1846,unassigned
95258,1846,unassigned
95259,1853,Astro-Epen
95260,1846,unassigned
95261,1846,unassigned
95262,1846,unassigned
95263,1846,unassigned
95264,1847,Astro-Epen
95265,1846,unassigned
95266,1848,Astro-Epen
95267,1851,Astro-Epen
95268,1846,unassigned
95269,1857,Astro-Epen
95270,1846,unassigned
95271,1846,unassigned
95272,1846,unassigned
95273,1846,unassigned
95274,1863,unassigned
95275,1846,unassigned
95276,1848,Astro-Epen
95277,1848,Astro-Epen
95278,1846,unassigned
95279,1848,Astro-Epen
95280,1846,unassigned
95281,1846,unassigned
95282,1846,unassigned
95283,1846,unassigned
95284,1846,unassigned
95285,1846,unassigned
95286,1846,unassigned
95287,1846,unassigned
95288,1860,unassigned
95289,1846,unassigned
95290,1861,unassigned
95291,1846,unassigned
95292,1846,unassigned
95293,1851,Astro-Epen
95294,1846,unassigned
95295,1846,unassigned
95296,1846,unassigned
95297,1848,Astro-Epen
95298,1848,Astro-Epen
95299,1848,Astro-Epen
95300,1852,Astro-Epen
95301,1852,Astro-Epen
95302,1847,Astro-Epen
95303,1847,Astro-Epen
95304,1846,unassigned
95305,1846,unassigned
95306,1846,unassigned
95307,1846,unassigned
95308,1846,unassigned
95309,1846,unassigned
95310,1846,unassigned
95311,1846,unassigned
95312,1846,unassigned
95313,1856,Astro-Epen
95314,1856,Astro-Epen
95315,1851,Astro-Epen
95316,1846,unassigned
95317,1846,unassigned
95318,1846,unassigned
95319,1848,Astro-Epen
95320,1846,unassigned
95321,1846,unassigned
95322,1857,Astro-Epen
95323,1846,unassigned
95324,1846,unassigned
95325,1846,unassigned
95326,1846,unassigned
95327,1853,Astro-Epen
95328,1846,unassigned
95329,1846,unassigned
95330,1846,unassigned
95331,1846,unassigned
95332,1847,Astro-Epen
95333,1847,Astro-Epen
95334,1846,unassigned
95335,1846,unassigned
95336,1868,Astro-Epen
95337,1857,Astro-Epen
95338,1870,unassigned
95339,1846,unassigned
95340,1865,unassigned
95341,1846,unassigned
95342,1846,unassigned
95343,1846,unassigned
95344,1846,unassigned
95345,1846,unassigned
95346,1846,unassigned
95347,1848,Astro-Epen
95348,1846,unassigned
95349,1846,unassigned
95350,1847,Astro-Epen
95351,1846,unassigned
95352,1846,unassigned
95353,1846,unassigned
95354,1846,unassigned
95355,1846,unassigned
95356,1846,unassigned
95357,1846,unassigned
95358,1846,unassigned
95359,1846,unassigned
95360,1851,Astro-Epen
95361,1847,Astro-Epen
95362,1846,unassigned
95363,1846,unassigned
95364,1846,unassigned
95365,1846,unassigned
95366,1846,unassigned
95367,1846,unassigned
95368,1865,unassigned
95369,1846,unassigned
95370,1860,unassigned
95371,1846,unassigned
95372,1846,unassigned
95373,1846,unassigned
95374,1846,unassigned
95375,1851,Astro-Epen
95376,1848,Astro-Epen
95377,1848,Astro-Epen
95378,1847,Astro-Epen
95379,1846,unassigned
95380,1847,Astro-Epen
95381,1846,unassigned
95382,1871,unassigned
95383,1868,Astro-Epen
95384,1846,unassigned
95385,1846,unassigned
95386,1846,unassigned
95387,1846,unassigned
95388,1846,unassigned
95389,1846,unassigned
95390,1846,unassigned
95391,1846,unassigned
95392,1853,Astro-Epen
95393,1851,Astro-Epen
95394,1847,Astro-Epen
95395,1846,unassigned
95396,1846,unassigned
95397,1852,Astro-Epen
95398,1846,unassigned
95399,1871,unassigned
95400,1846,unassigned
95401,1846,unassigned
95402,1846,unassigned
95403,1846,unassigned
95404,1864,unassigned
95405,1853,Astro-Epen
95406,1846,unassigned
95407,1846,unassigned
95408,1853,Astro-Epen
95409,1846,unassigned
95410,1846,unassigned
95411,1851,Astro-Epen
95412,1848,Astro-Epen
95413,1846,unassigned
95414,1846,unassigned
95415,1847,Astro-Epen
95416,1859,unassigned
95417,1857,Astro-Epen
95418,1846,unassigned
95419,1846,unassigned
95420,1846,unassigned
95421,1846,unassigned
95422,1846,unassigned
95423,1846,unassigned
95424,1851,Astro-Epen
95425,1846,unassigned
95426,1848,Astro-Epen
95427,1848,Astro-Epen
95428,1846,unassigned
95429,1846,unassigned
95430,1847,Astro-Epen
95431,1847,Astro-Epen
95432,1846,unassigned
95433,1859,unassigned
95434,1846,unassigned
95435,1846,unassigned
95436,1856,Astro-Epen
95437,1846,unassigned
95438,1846,unassigned
95439,1846,unassigned
95440,1848,Astro-Epen
95441,1846,unassigned
95442,1846,unassigned
95443,1846,unassigned
95444,1871,unassigned
95445,1846,unassigned
95446,1849,Astro-Epen
95447,1846,unassigned
95448,1846,unassigned
95449,1846,unassigned
95450,1846,unassigned
95451,1846,unassigned
95452,1846,unassigned
95453,1846,unassigned
95454,1846,unassigned
95455,1865,unassigned
95456,1846,unassigned
95457,1846,unassigned
95458,1856,Astro-Epen
95459,1846,unassigned
95460,1846,unassigned
95461,1866,Immune
95462,1846,unassigned
95463,1846,unassigned
95464,1846,unassigned
95465,1846,unassigned
95466,1847,Astro-Epen
95467,1847,Astro-Epen
95468,1846,unassigned
95469,1846,unassigned
95470,1846,unassigned
95471,1857,Astro-Epen
95472,1859,unassigned
95473,1846,unassigned
95474,1846,unassigned
95475,1846,unassigned
95476,1870,unassigned
95477,1846,unassigned
95478,1856,Astro-Epen
95479,1846,unassigned
95480,1846,unassigned
95481,1851,Astro-Epen
95482,1846,unassigned
95483,1848,Astro-Epen
95484,1848,Astro-Epen
95485,1846,unassigned
95486,1846,unassigned
95487,1852,Astro-Epen
95488,1846,unassigned
95489,1868,Astro-Epen
95490,1846,unassigned
95491,1846,unassigned
95492,1846,unassigned
95493,1846,unassigned
95494,1846,unassigned
95495,1846,unassigned
95496,1846,unassigned
95497,1851,Astro-Epen
95498,1848,Astro-Epen
95499,1847,Astro-Epen
95500,1848,Astro-Epen
95501,1846,unassigned
95502,1846,unassigned
95503,1848,Astro-Epen
95504,1847,Astro-Epen
95505,1846,unassigned
95506,1846,unassigned
95507,1846,unassigned
95508,1846,unassigned
95509,1846,unassigned
95510,1849,Astro-Epen
95511,1846,unassigned
95512,1846,unassigned
95513,1846,unassigned
95514,1846,unassigned
95515,1870,unassigned
95516,1853,Astro-Epen
95517,1853,Astro-Epen
95518,1846,unassigned
95519,1846,unassigned
95520,1846,unassigned
95521,1851,Astro-Epen
95522,1847,Astro-Epen
95523,1847,Astro-Epen
95524,1848,Astro-Epen
95525,1846,unassigned
95526,1846,unassigned
95527,1846,unassigned
95528,1859,unassigned
95529,1846,unassigned
95530,1846,unassigned
95531,1846,unassigned
95532,1853,Astro-Epen
95533,1856,Astro-Epen
95534,1853,Astro-Epen
95535,1846,unassigned
95536,1848,Astro-Epen
95537,1848,Astro-Epen
95538,1846,unassigned
95539,1846,unassigned
95540,1846,unassigned
95541,1846,unassigned
95542,1864,unassigned
95543,1846,unassigned
95544,1856,Astro-Epen
95545,1846,unassigned
95546,1851,Astro-Epen
95547,1853,Astro-Epen
95548,1846,unassigned
95549,1846,unassigned
95550,1846,unassigned
95551,1846,unassigned
95552,1857,Astro-Epen
95553,1852,Astro-Epen
95554,1846,unassigned
95555,1846,unassigned
95556,1846,unassigned
95557,1846,unassigned
95558,1846,unassigned
95559,1861,unassigned
95560,1846,unassigned
95561,1846,unassigned
95562,1848,Astro-Epen
95563,1852,Astro-Epen
95564,1852,Astro-Epen
95565,1848,Astro-Epen
95566,1846,unassigned
95567,1846,unassigned
95568,1846,unassigned
95569,1846,unassigned
95570,1846,unassigned
95571,1864,unassigned
95572,1846,unassigned
95573,1846,unassigned
95574,1853,Astro-Epen
95575,1846,unassigned
95576,1866,Immune
95577,1846,unassigned
95578,1846,unassigned
95579,1846,unassigned
95580,1846,unassigned
95581,1857,Astro-Epen
95582,1846,unassigned
95583,1849,Astro-Epen
95584,1846,unassigned
95585,1846,unassigned
95586,1846,unassigned
95587,1846,unassigned
95588,1846,unassigned
95589,1846,unassigned
95590,1851,Astro-Epen
95591,1846,unassigned
95592,1846,unassigned
95593,1848,Astro-Epen
95594,1846,unassigned
95595,1848,Astro-Epen
95596,1871,unassigned
95597,1846,unassigned
95598,1846,unassigned
95599,1846,unassigned
95600,1849,Astro-Epen
95601,1846,unassigned
95602,1865,unassigned
95603,1846,unassigned
95604,1846,unassigned
95605,1846,unassigned
95606,1866,Immune
95607,1848,Astro-Epen
95608,1848,Astro-Epen
95609,1848,Astro-Epen
95610,1846,unassigned
95611,1846,unassigned
95612,1846,unassigned
95613,1848,Astro-Epen
95614,1852,Astro-Epen
95615,1846,unassigned
95616,1846,unassigned
95617,1846,unassigned
95618,1846,unassigned
95619,1846,unassigned
95620,1846,unassigned
95621,1849,Astro-Epen
95622,1846,unassigned
95623,1864,unassigned
95624,1846,unassigned
95625,1846,unassigned
95626,1846,unassigned
95627,1853,Astro-Epen
95628,1846,unassigned
95629,1848,Astro-Epen
95630,1848,Astro-Epen
95631,1848,Astro-Epen
95632,1846,unassigned
95633,1848,Astro-Epen
95634,1846,unassigned
95635,1859,unassigned
95636,1857,Astro-Epen
95637,1846,unassigned
95638,1846,unassigned
95639,1856,Astro-Epen
95640,1853,Astro-Epen
95641,1846,unassigned
95642,1846,unassigned
95643,1846,unassigned
95644,1851,Astro-Epen
95645,1848,Astro-Epen
95646,1847,Astro-Epen
95647,1846,unassigned
95648,1846,unassigned
95649,1846,unassigned
95650,1857,Astro-Epen
95651,1846,unassigned
95652,1846,unassigned
95653,1846,unassigned
95654,1864,unassigned
95655,1846,unassigned
95656,1846,unassigned
95657,1848,Astro-Epen
95658,1847,Astro-Epen
95659,1848,Astro-Epen
95660,1847,Astro-Epen
95661,1846,unassigned
95662,1846,unassigned
95663,1846,unassigned
95664,1846,unassigned
95665,1846,unassigned
95666,1846,unassigned
95667,1846,unassigned
95668,1846,unassigned
95669,1846,unassigned
95670,1853,Astro-Epen
95671,1869,Astro-Epen
95672,1847,Astro-Epen
95673,1848,Astro-Epen
95674,1846,unassigned
95675,1846,unassigned
95676,1847,Astro-Epen
95677,1847,Astro-Epen
95678,1857,Astro-Epen
95679,1857,Astro-Epen
95680,1846,unassigned
95681,1846,unassigned
95682,1853,Astro-Epen
95683,1869,Astro-Epen
95684,1846,unassigned
95685,1846,unassigned
95686,1846,unassigned
95687,1848,Astro-Epen
95688,1847,Astro-Epen
95689,1846,unassigned
95690,1847,Astro-Epen
95691,1848,Astro-Epen
95692,1852,Astro-Epen
95693,1852,Astro-Epen
95694,1846,unassigned
95695,1846,unassigned
95696,1846,unassigned
95697,1846,unassigned
95698,1846,unassigned
95699,1866,Immune
95700,1853,Astro-Epen
95701,1846,unassigned
95702,1846,unassigned
95703,1846,unassigned
95704,1848,Astro-Epen
95705,1846,unassigned
95706,1857,Astro-Epen
95707,1846,unassigned
95708,1846,unassigned
95709,1846,unassigned
95710,1846,unassigned
95711,1846,unassigned
95712,1864,unassigned
95713,1864,unassigned
95714,1856,Astro-Epen
95715,1853,Astro-Epen
95716,1846,unassigned
95717,1851,Astro-Epen
95718,1852,Astro-Epen
95719,1846,unassigned
95720,1857,Astro-Epen
95721,1846,unassigned
95722,1846,unassigned
95723,1846,unassigned
95724,1846,unassigned
95725,1856,Astro-Epen
95726,1853,Astro-Epen
95727,1846,unassigned
95728,1869,Astro-Epen
95729,1846,unassigned
95730,1846,unassigned
95731,1846,unassigned
95732,1851,Astro-Epen
95733,1848,Astro-Epen
95734,1848,Astro-Epen
95735,1846,unassigned
95736,1848,Astro-Epen
95737,1846,unassigned
95738,1846,unassigned
95739,1846,unassigned
95740,1846,unassigned
95741,1846,unassigned
95742,1846,unassigned
95743,1849,Astro-Epen
95744,1849,Astro-Epen
95745,1846,unassigned
95746,1856,Astro-Epen
95747,1853,Astro-Epen
95748,1863,unassigned
95749,1846,unassigned
95750,1866,Immune
95751,1846,unassigned
95752,1848,Astro-Epen
95753,1846,unassigned
95754,1848,Astro-Epen
95755,1848,Astro-Epen
95756,1846,unassigned
95757,1857,Astro-Epen
95758,1868,Astro-Epen
95759,1846,unassigned
95760,1846,unassigned
95761,1846,unassigned
95762,1846,unassigned
95763,1846,unassigned
95764,1846,unassigned
95765,1856,Astro-Epen
95766,1856,Astro-Epen
95767,1853,Astro-Epen
95768,1846,unassigned
95769,1853,Astro-Epen
95770,1846,unassigned
95771,1846,unassigned
95772,1848,Astro-Epen
95773,1846,unassigned
95774,1846,unassigned
95775,1847,Astro-Epen
95776,1846,unassigned
95777,1849,Astro-Epen
95778,1846,unassigned
95779,1846,unassigned
95780,1846,unassigned
95781,1846,unassigned
95782,1851,Astro-Epen
95783,1846,unassigned
95784,1846,unassigned
95785,1852,Astro-Epen
95786,1857,Astro-Epen
95787,1846,unassigned
95788,1856,Astro-Epen
95789,1856,Astro-Epen
95790,1846,unassigned
95791,1872,Astro-Epen
95792,1851,Astro-Epen
95793,1848,Astro-Epen
95794,1846,unassigned
95795,1848,Astro-Epen
95796,1852,Astro-Epen
95797,1846,unassigned
95798,1846,unassigned
95799,1859,unassigned
95800,1849,Astro-Epen
95801,1846,unassigned
95802,1846,unassigned
95803,1856,Astro-Epen
95804,1846,unassigned
95805,1846,unassigned
95806,1848,Astro-Epen
95807,1846,unassigned
95808,1848,Astro-Epen
95809,1848,Astro-Epen
95810,1847,Astro-Epen
95811,1857,Astro-Epen
95812,1846,unassigned
95813,1846,unassigned
95814,1846,unassigned
95815,1864,unassigned
95816,1873,Astro-Epen
95817,1846,unassigned
95818,1853,Astro-Epen
95819,1853,Astro-Epen
95820,1869,Astro-Epen
95821,1846,unassigned
95822,1846,unassigned
95823,1851,Astro-Epen
95824,1846,unassigned
95825,1847,Astro-Epen
95826,1851,Astro-Epen
95827,1847,Astro-Epen
95828,1848,Astro-Epen
95829,1852,Astro-Epen
95830,1852,Astro-Epen
95831,1846,unassigned
95832,1868,Astro-Epen
95833,1857,Astro-Epen
95834,1849,Astro-Epen
95835,1849,Astro-Epen
95836,1846,unassigned
95837,1846,unassigned
95838,1849,Astro-Epen
95839,1846,unassigned
95840,1846,unassigned
95841,1846,unassigned
95842,1846,unassigned
95843,1863,unassigned
95844,1856,Astro-Epen
95845,1866,Immune
95846,1846,unassigned
95847,1853,Astro-Epen
95848,1872,Astro-Epen
95849,1846,unassigned
95850,1846,unassigned
95851,1848,Astro-Epen
95852,1846,unassigned
95853,1857,Astro-Epen
95854,1846,unassigned
95855,1846,unassigned
95856,1846,unassigned
95857,1846,unassigned
95858,1846,unassigned
95859,1846,unassigned
95860,1846,unassigned
95861,1853,Astro-Epen
95862,1846,unassigned
95863,1846,unassigned
95864,1846,unassigned
95865,1872,Astro-Epen
95866,1872,Astro-Epen
95867,1847,Astro-Epen
95868,1846,unassigned
95869,1868,Astro-Epen
95870,1846,unassigned
95871,1846,unassigned
95872,1846,unassigned
95873,1846,unassigned
95874,1846,unassigned
95875,1846,unassigned
95876,1846,unassigned
95877,1846,unassigned
95878,1846,unassigned
95879,1863,unassigned
95880,1863,unassigned
95881,1856,Astro-Epen
95882,1846,unassigned
95883,1853,Astro-Epen
95884,1869,Astro-Epen
95885,1851,Astro-Epen
95886,1872,Astro-Epen
95887,1851,Astro-Epen
95888,1851,Astro-Epen
95889,1846,unassigned
95890,1846,unassigned
95891,1847,Astro-Epen
95892,1848,Astro-Epen
95893,1846,unassigned
95894,1846,unassigned
95895,1846,unassigned
95896,1846,unassigned
95897,1846,unassigned
95898,1846,unassigned
95899,1846,unassigned
95900,1846,unassigned
95901,1846,unassigned
95902,1846,unassigned
95903,1863,unassigned
95904,1846,unassigned
95905,1869,Astro-Epen
95906,1846,unassigned
95907,1866,Immune
95908,1872,Astro-Epen
95909,1847,Astro-Epen
95910,1851,Astro-Epen
95911,1847,Astro-Epen
95912,1847,Astro-Epen
95913,1852,Astro-Epen
95914,1846,unassigned
95915,1846,unassigned
95916,1846,unassigned
95917,1846,unassigned
95918,1846,unassigned
95919,1846,unassigned
95920,1853,Astro-Epen
95921,1846,unassigned
95922,1853,Astro-Epen
95923,1851,Astro-Epen
95924,1847,Astro-Epen
95925,1847,Astro-Epen
95926,1846,unassigned
95927,1852,Astro-Epen
95928,1857,Astro-Epen
95929,1868,Astro-Epen
95930,1846,unassigned
95931,1857,Astro-Epen
95932,1846,unassigned
95933,1846,unassigned
95934,1846,unassigned
95935,1846,unassigned
95936,1856,Astro-Epen
95937,1846,unassigned
95938,1848,Astro-Epen
95939,1846,unassigned
95940,1851,Astro-Epen
95941,1846,unassigned
95942,1847,Astro-Epen
95943,1848,Astro-Epen
95944,1848,Astro-Epen
95945,1848,Astro-Epen
95946,1846,unassigned
95947,1846,unassigned
95948,1846,unassigned
95949,1846,unassigned
95950,1846,unassigned
95951,1846,unassigned
95952,1846,unassigned
95953,1846,unassigned
95954,1846,unassigned
95955,1856,Astro-Epen
95956,1846,unassigned
95957,1846,unassigned
95958,1853,Astro-Epen
95959,1846,unassigned
95960,1847,Astro-Epen
95961,1846,unassigned
95962,1857,Astro-Epen
95963,1846,unassigned
95964,1846,unassigned
95965,1846,unassigned
95966,1849,Astro-Epen
95967,1846,unassigned
95968,1846,unassigned
95969,1846,unassigned
95970,1856,Astro-Epen
95971,1846,unassigned
95972,1846,unassigned
95973,1846,unassigned
95974,1846,unassigned
95975,1846,unassigned
95976,1848,Astro-Epen
95977,1848,Astro-Epen
95978,1852,Astro-Epen
95979,1846,unassigned
95980,1857,Astro-Epen
95981,1846,unassigned
95982,1846,unassigned
95983,1846,unassigned
95984,1846,unassigned
95985,1846,unassigned
95986,1846,unassigned
95987,1851,Astro-Epen
95988,1846,unassigned
95989,1846,unassigned
95990,1848,Astro-Epen
95991,1846,unassigned
95992,1848,Astro-Epen
95993,1859,unassigned
95994,1849,Astro-Epen
95995,1846,unassigned
95996,1846,unassigned
95997,1846,unassigned
95998,1864,unassigned
95999,1846,unassigned
96000,1846,unassigned
96001,1866,Immune
96002,1846,unassigned
96003,1866,Immune
96004,1846,unassigned
96005,1872,Astro-Epen
96006,1846,unassigned
96007,1851,Astro-Epen
96008,1846,unassigned
96009,1848,Astro-Epen
96010,1848,Astro-Epen
96011,1847,Astro-Epen
96012,1847,Astro-Epen
96013,1846,unassigned
96014,1848,Astro-Epen
96015,1868,Astro-Epen
96016,1846,unassigned
96017,1846,unassigned
96018,1849,Astro-Epen
96019,1846,unassigned
96020,1846,unassigned
96021,1846,unassigned
96022,1846,unassigned
96023,1846,unassigned
96024,1873,Astro-Epen
96025,1846,unassigned
96026,1846,unassigned
96027,1848,Astro-Epen
96028,1846,unassigned
96029,1848,Astro-Epen
96030,1848,Astro-Epen
96031,1848,Astro-Epen
96032,1846,unassigned
96033,1846,unassigned
96034,1852,Astro-Epen
96035,1846,unassigned
96036,1849,Astro-Epen
96037,1846,unassigned
96038,1846,unassigned
96039,1856,Astro-Epen
96040,1846,unassigned
96041,1846,unassigned
96042,1846,unassigned
96043,1869,Astro-Epen
96044,1846,unassigned
96045,1853,Astro-Epen
96046,1846,unassigned
96047,1846,unassigned
96048,1852,Astro-Epen
96049,1857,Astro-Epen
96050,1874,Immune
96051,1846,unassigned
96052,1846,unassigned
96053,1846,unassigned
96054,1846,unassigned
96055,1863,unassigned
96056,1851,Astro-Epen
96057,1848,Astro-Epen
96058,1872,Astro-Epen
96059,1848,Astro-Epen
96060,1846,unassigned
96061,1846,unassigned
96062,1846,unassigned
96063,1846,unassigned
96064,1846,unassigned
96065,1846,unassigned
96066,1846,unassigned
96067,1846,unassigned
96068,1846,unassigned
96069,1846,unassigned
96070,1869,Astro-Epen
96071,1846,unassigned
96072,1851,Astro-Epen
96073,1846,unassigned
96074,1846,unassigned
96075,1846,unassigned
96076,1874,Immune
96077,1874,Immune
96078,1846,unassigned
96079,1846,unassigned
96080,1846,unassigned
96081,1846,unassigned
96082,1846,unassigned
96083,1846,unassigned
96084,1851,Astro-Epen
96085,1846,unassigned
96086,1848,Astro-Epen
96087,1847,Astro-Epen
96088,1849,Astro-Epen
96089,1846,unassigned
96090,1846,unassigned
96091,1846,unassigned
96092,1846,unassigned
96093,1856,Astro-Epen
96094,1848,Astro-Epen
96095,1872,Astro-Epen
96096,1851,Astro-Epen
96097,1848,Astro-Epen
96098,1847,Astro-Epen
96099,1848,Astro-Epen
96100,1848,Astro-Epen
96101,1846,unassigned
96102,1846,unassigned
96103,1846,unassigned
96104,1846,unassigned
96105,1846,unassigned
96106,1846,unassigned
96107,1856,Astro-Epen
96108,1846,unassigned
96109,1846,unassigned
96110,1853,Astro-Epen
96111,1846,unassigned
96112,1846,unassigned
96113,1847,Astro-Epen
96114,1848,Astro-Epen
96115,1846,unassigned
96116,1871,unassigned
96117,1846,unassigned
96118,1846,unassigned
96119,1846,unassigned
96120,1846,unassigned
96121,1846,unassigned
96122,1846,unassigned
96123,1846,unassigned
96124,1847,Astro-Epen
96125,1857,Astro-Epen
96126,1846,unassigned
96127,1846,unassigned
96128,1846,unassigned
96129,1853,Astro-Epen
96130,1846,unassigned
96131,1869,Astro-Epen
96132,1851,Astro-Epen
96133,1846,unassigned
96134,1848,Astro-Epen
96135,1848,Astro-Epen
96136,1848,Astro-Epen
96137,1846,unassigned
96138,1846,unassigned
96139,1846,unassigned
96140,1846,unassigned
96141,1846,unassigned
96142,1846,unassigned
96143,1846,unassigned
96144,1875,Immune
96145,1846,unassigned
96146,1856,Astro-Epen
96147,1846,unassigned
96148,1846,unassigned
96149,1866,Immune
96150,1846,unassigned
96151,1851,Astro-Epen
96152,1872,Astro-Epen
96153,1848,Astro-Epen
96154,1847,Astro-Epen
96155,1852,Astro-Epen
96156,1846,unassigned
96157,1846,unassigned
96158,1864,unassigned
96159,1846,unassigned
96160,1846,unassigned
96161,1846,unassigned
96162,1866,Immune
96163,1846,unassigned
96164,1846,unassigned
96165,1846,unassigned
96166,1846,unassigned
96167,1874,Immune
96168,1846,unassigned
96169,1846,unassigned
96170,1846,unassigned
96171,1846,unassigned
96172,1847,Astro-Epen
96173,1851,Astro-Epen
96174,1846,unassigned
96175,1846,unassigned
96176,1847,Astro-Epen
96177,1846,unassigned
96178,1857,Astro-Epen
96179,1859,unassigned
96180,1846,unassigned
96181,1849,Astro-Epen
96182,1846,unassigned
96183,1849,Astro-Epen
96184,1846,unassigned
96185,1846,unassigned
96186,1846,unassigned
96187,1863,unassigned
96188,1873,Astro-Epen
96189,1872,Astro-Epen
96190,1846,unassigned
96191,1857,Astro-Epen
96192,1846,unassigned
96193,1846,unassigned
96194,1874,Immune
96195,1846,unassigned
96196,1846,unassigned
96197,1849,Astro-Epen
96198,1846,unassigned
96199,1846,unassigned
96200,1846,unassigned
96201,1846,unassigned
96202,1856,Astro-Epen
96203,1853,Astro-Epen
96204,1866,Immune
96205,1846,unassigned
96206,1846,unassigned
96207,1857,Astro-Epen
96208,1857,Astro-Epen
96209,1868,Astro-Epen
96210,1846,unassigned
96211,1846,unassigned
96212,1846,unassigned
96213,1846,unassigned
96214,1853,Astro-Epen
96215,1851,Astro-Epen
96216,1852,Astro-Epen
96217,1846,unassigned
96218,1846,unassigned
96219,1846,unassigned
96220,1875,Immune
96221,1876,unassigned
96222,1864,unassigned
96223,1846,unassigned
96224,1866,Immune
96225,1848,Astro-Epen
96226,1848,Astro-Epen
96227,1846,unassigned
96228,1852,Astro-Epen
96229,1857,Astro-Epen
96230,1857,Astro-Epen
96231,1846,unassigned
96232,1874,Immune
96233,1870,unassigned
96234,1846,unassigned
96235,1846,unassigned
96236,1856,Astro-Epen
96237,1863,unassigned
96238,1866,Immune
96239,1846,unassigned
96240,1846,unassigned
96241,1848,Astro-Epen
96242,1846,unassigned
96243,1851,Astro-Epen
96244,1846,unassigned
96245,1848,Astro-Epen
96246,1848,Astro-Epen
96247,1846,unassigned
96248,1846,unassigned
96249,1852,Astro-Epen
96250,1874,Immune
96251,1874,Immune
96252,1846,unassigned
96253,1846,unassigned
96254,1846,unassigned
96255,1846,unassigned
96256,1861,unassigned
96257,1846,unassigned
96258,1846,unassigned
96259,1848,Astro-Epen
96260,1848,Astro-Epen
96261,1846,unassigned
96262,1847,Astro-Epen
96263,1857,Astro-Epen
96264,1877,Immune
96265,1846,unassigned
96266,1846,unassigned
96267,1859,unassigned
96268,1846,unassigned
96269,1846,unassigned
96270,1874,Immune
96271,1846,unassigned
96272,1849,Astro-Epen
96273,1846,unassigned
96274,1846,unassigned
96275,1846,unassigned
96276,1846,unassigned
96277,1846,unassigned
96278,1872,Astro-Epen
96279,1851,Astro-Epen
96280,1846,unassigned
96281,1846,unassigned
96282,1846,unassigned
96283,1846,unassigned
96284,1847,Astro-Epen
96285,1846,unassigned
96286,1852,Astro-Epen
96287,1849,Astro-Epen
96288,1846,unassigned
96289,1849,Astro-Epen
96290,1846,unassigned
96291,1846,unassigned
96292,1856,Astro-Epen
96293,1853,Astro-Epen
96294,1853,Astro-Epen
96295,1866,Immune
96296,1846,unassigned
96297,1846,unassigned
96298,1848,Astro-Epen
96299,1868,Astro-Epen
96300,1846,unassigned
96301,1846,unassigned
96302,1846,unassigned
96303,1866,Immune
96304,1846,unassigned
96305,1869,Astro-Epen
96306,1846,unassigned
96307,1851,Astro-Epen
96308,1848,Astro-Epen
96309,1846,unassigned
96310,1848,Astro-Epen
96311,1851,Astro-Epen
96312,1847,Astro-Epen
96313,1871,unassigned
96314,1852,Astro-Epen
96315,1846,unassigned
96316,1874,Immune
96317,1846,unassigned
96318,1874,Immune
96319,1849,Astro-Epen
96320,1846,unassigned
96321,1846,unassigned
96322,1846,unassigned
96323,1846,unassigned
96324,1848,Astro-Epen
96325,1846,unassigned
96326,1852,Astro-Epen
96327,1848,Astro-Epen
96328,1846,unassigned
96329,1857,Astro-Epen
96330,1849,Astro-Epen
96331,1846,unassigned
96332,1874,Immune
96333,1846,unassigned
96334,1846,unassigned
96335,1846,unassigned
96336,1846,unassigned
96337,1846,unassigned
96338,1846,unassigned
96339,1853,Astro-Epen
96340,1852,Astro-Epen
96341,1846,unassigned
96342,1878,Astro-Epen
96343,1849,Astro-Epen
96344,1846,unassigned
96345,1874,Immune
96346,1846,unassigned
96347,1846,unassigned
96348,1846,unassigned
96349,1846,unassigned
96350,1846,unassigned
96351,1846,unassigned
96352,1846,unassigned
96353,1846,unassigned
96354,1847,Astro-Epen
96355,1846,unassigned
96356,1847,Astro-Epen
96357,1846,unassigned
96358,1846,unassigned
96359,1875,Immune
96360,1859,unassigned
96361,1846,unassigned
96362,1846,unassigned
96363,1846,unassigned
96364,1846,unassigned
96365,1846,unassigned
96366,1846,unassigned
96367,1872,Astro-Epen
96368,1847,Astro-Epen
96369,1846,unassigned
96370,1868,Astro-Epen
96371,1846,unassigned
96372,1857,Astro-Epen
96373,1846,unassigned
96374,1859,unassigned
96375,1849,Astro-Epen
96376,1846,unassigned
96377,1846,unassigned
96378,1846,unassigned
96379,1846,unassigned
96380,1846,unassigned
96381,1846,unassigned
96382,1846,unassigned
96383,1846,unassigned
96384,1869,Astro-Epen
96385,1846,unassigned
96386,1869,Astro-Epen
96387,1851,Astro-Epen
96388,1846,unassigned
96389,1846,unassigned
96390,1846,unassigned
96391,1852,Astro-Epen
96392,1857,Astro-Epen
96393,1846,unassigned
96394,1876,unassigned
96395,1846,unassigned
96396,1856,Astro-Epen
96397,1846,unassigned
96398,1856,Astro-Epen
96399,1856,Astro-Epen
96400,1846,unassigned
96401,1846,unassigned
96402,1869,Astro-Epen
96403,1846,unassigned
96404,1846,unassigned
96405,1846,unassigned
96406,1846,unassigned
96407,1846,unassigned
96408,1874,Immune
96409,1846,unassigned
96410,1859,unassigned
96411,1846,unassigned
96412,1846,unassigned
96413,1846,unassigned
96414,1846,unassigned
96415,1846,unassigned
96416,1846,unassigned
96417,1872,Astro-Epen
96418,1846,unassigned
96419,1847,Astro-Epen
96420,1846,unassigned
96421,1846,unassigned
96422,1848,Astro-Epen
96423,1846,unassigned
96424,1847,Astro-Epen
96425,1868,Astro-Epen
96426,1846,unassigned
96427,1857,Astro-Epen
96428,1846,unassigned
96429,1852,Astro-Epen
96430,1849,Astro-Epen
96431,1864,unassigned
96432,1869,Astro-Epen
96433,1846,unassigned
96434,1851,Astro-Epen
96435,1851,Astro-Epen
96436,1846,unassigned
96437,1846,unassigned
96438,1849,Astro-Epen
96439,1874,Immune
96440,1846,unassigned
96441,1846,unassigned
96442,1846,unassigned
96443,1873,Astro-Epen
96444,1846,unassigned
96445,1863,unassigned
96446,1856,Astro-Epen
96447,1851,Astro-Epen
96448,1848,Astro-Epen
96449,1848,Astro-Epen
96450,1846,unassigned
96451,1848,Astro-Epen
96452,1846,unassigned
96453,1846,unassigned
96454,1846,unassigned
96455,1846,unassigned
96456,1846,unassigned
96457,1873,Astro-Epen
96458,1846,unassigned
96459,1869,Astro-Epen
96460,1856,Astro-Epen
96461,1846,unassigned
96462,1846,unassigned
96463,1846,unassigned
96464,1846,unassigned
96465,1848,Astro-Epen
96466,1852,Astro-Epen
96467,1846,unassigned
96468,1846,unassigned
96469,1857,Astro-Epen
96470,1846,unassigned
96471,1846,unassigned
96472,1846,unassigned
96473,1863,unassigned
96474,1873,Astro-Epen
96475,1863,unassigned
96476,1869,Astro-Epen
96477,1866,Immune
96478,1869,Astro-Epen
96479,1853,Astro-Epen
96480,1853,Astro-Epen
96481,1846,unassigned
96482,1872,Astro-Epen
96483,1847,Astro-Epen
96484,1846,unassigned
96485,1847,Astro-Epen
96486,1846,unassigned
96487,1846,unassigned
96488,1846,unassigned
96489,1852,Astro-Epen
96490,1852,Astro-Epen
96491,1846,unassigned
96492,1846,unassigned
96493,1872,Astro-Epen
96494,1846,unassigned
96495,1857,Astro-Epen
96496,1846,unassigned
96497,1868,Astro-Epen
96498,1875,Immune
96499,1846,unassigned
96500,1846,unassigned
96501,1849,Astro-Epen
96502,1846,unassigned
96503,1879,unassigned
96504,1846,unassigned
96505,1846,unassigned
96506,1866,Immune
96507,1846,unassigned
96508,1846,unassigned
96509,1846,unassigned
96510,1847,Astro-Epen
96511,1846,unassigned
96512,1846,unassigned
96513,1846,unassigned
96514,1857,Astro-Epen
96515,1877,Immune
96516,1857,Astro-Epen
96517,1857,Astro-Epen
96518,1846,unassigned
96519,1874,Immune
96520,1857,Astro-Epen
96521,1846,unassigned
96522,1859,unassigned
96523,1846,unassigned
96524,1874,Immune
96525,1846,unassigned
96526,1846,unassigned
96527,1846,unassigned
96528,1846,unassigned
96529,1846,unassigned
96530,1846,unassigned
96531,1873,Astro-Epen
96532,1846,unassigned
96533,1873,Astro-Epen
96534,1863,unassigned
96535,1863,unassigned
96536,1873,Astro-Epen
96537,1863,unassigned
96538,1856,Astro-Epen
96539,1846,unassigned
96540,1846,unassigned
96541,1846,unassigned
96542,1846,unassigned
96543,1846,unassigned
96544,1846,unassigned
96545,1846,unassigned
96546,1846,unassigned
96547,1846,unassigned
96548,1857,Astro-Epen
96549,1877,Immune
96550,1849,Astro-Epen
96551,1874,Immune
96552,1846,unassigned
96553,1849,Astro-Epen
96554,1846,unassigned
96555,1846,unassigned
96556,1856,Astro-Epen
96557,1846,unassigned
96558,1846,unassigned
96559,1846,unassigned
96560,1846,unassigned
96561,1846,unassigned
96562,1872,Astro-Epen
96563,1848,Astro-Epen
96564,1846,unassigned
96565,1848,Astro-Epen
96566,1848,Astro-Epen
96567,1846,unassigned
96568,1871,unassigned
96569,1868,Astro-Epen
96570,1846,unassigned
96571,1874,Immune
96572,1849,Astro-Epen
96573,1846,unassigned
96574,1846,unassigned
96575,1846,unassigned
96576,1863,unassigned
96577,1856,Astro-Epen
96578,1846,unassigned
96579,1846,unassigned
96580,1847,Astro-Epen
96581,1846,unassigned
96582,1868,Astro-Epen
96583,1874,Immune
96584,1846,unassigned
96585,1846,unassigned
96586,1846,unassigned
96587,1846,unassigned
96588,1846,unassigned
96589,1873,Astro-Epen
96590,1856,Astro-Epen
96591,1846,unassigned
96592,1863,unassigned
96593,1846,unassigned
96594,1846,unassigned
96595,1846,unassigned
96596,1846,unassigned
96597,1851,Astro-Epen
96598,1846,unassigned
96599,1848,Astro-Epen
96600,1846,unassigned
96601,1848,Astro-Epen
96602,1848,Astro-Epen
96603,1846,unassigned
96604,1846,unassigned
96605,1878,Astro-Epen
96606,1846,unassigned
96607,1846,unassigned
96608,1846,unassigned
96609,1846,unassigned
96610,1846,unassigned
96611,1856,Astro-Epen
96612,1846,unassigned
96613,1846,unassigned
96614,1846,unassigned
96615,1846,unassigned
96616,1853,Astro-Epen
96617,1866,Immune
96618,1851,Astro-Epen
96619,1851,Astro-Epen
96620,1880,Astro-Epen
96621,1848,Astro-Epen
96622,1848,Astro-Epen
96623,1847,Astro-Epen
96624,1846,unassigned
96625,1846,unassigned
96626,1846,unassigned
96627,1846,unassigned
96628,1849,Astro-Epen
96629,1857,Astro-Epen
96630,1874,Immune
96631,1874,Immune
96632,1878,Astro-Epen
96633,1846,unassigned
96634,1846,unassigned
96635,1846,unassigned
96636,1863,unassigned
96637,1846,unassigned
96638,1846,unassigned
96639,1846,unassigned
96640,1846,unassigned
96641,1846,unassigned
96642,1847,Astro-Epen
96643,1846,unassigned
96644,1846,unassigned
96645,1846,unassigned
96646,1846,unassigned
96647,1846,unassigned
96648,1846,unassigned
96649,1852,Astro-Epen
96650,1857,Astro-Epen
96651,1847,Astro-Epen
96652,1846,unassigned
96653,1846,unassigned
96654,1846,unassigned
96655,1849,Astro-Epen
96656,1859,unassigned
96657,1875,Immune
96658,1846,unassigned
96659,1846,unassigned
96660,1846,unassigned
96661,1846,unassigned
96662,1846,unassigned
96663,1846,unassigned
96664,1846,unassigned
96665,1846,unassigned
96666,1872,Astro-Epen
96667,1846,unassigned
96668,1848,Astro-Epen
96669,1847,Astro-Epen
96670,1881,unassigned
96671,1846,unassigned
96672,1857,Astro-Epen
96673,1874,Immune
96674,1874,Immune
96675,1849,Astro-Epen
96676,1846,unassigned
96677,1846,unassigned
96678,1846,unassigned
96679,1846,unassigned
96680,1863,unassigned
96681,1846,unassigned
96682,1846,unassigned
96683,1853,Astro-Epen
96684,1846,unassigned
96685,1851,Astro-Epen
96686,1846,unassigned
96687,1846,unassigned
96688,1847,Astro-Epen
96689,1846,unassigned
96690,1848,Astro-Epen
96691,1880,Astro-Epen
96692,1847,Astro-Epen
96693,1847,Astro-Epen
96694,1846,unassigned
96695,1846,unassigned
96696,1848,Astro-Epen
96697,1857,Astro-Epen
96698,1846,unassigned
96699,1846,unassigned
96700,1846,unassigned
96701,1874,Immune
96702,1875,Immune
96703,1878,Astro-Epen
96704,1846,unassigned
96705,1846,unassigned
96706,1846,unassigned
96707,1863,unassigned
96708,1846,unassigned
96709,1846,unassigned
96710,1853,Astro-Epen
96711,1872,Astro-Epen
96712,1846,unassigned
96713,1846,unassigned
96714,1847,Astro-Epen
96715,1852,Astro-Epen
96716,1846,unassigned
96717,1846,unassigned
96718,1846,unassigned
96719,1853,Astro-Epen
96720,1846,unassigned
96721,1846,unassigned
96722,1846,unassigned
96723,1846,unassigned
96724,1846,unassigned
96725,1857,Astro-Epen
96726,1859,unassigned
96727,1849,Astro-Epen
96728,1846,unassigned
96729,1846,unassigned
96730,1856,Astro-Epen
96731,1856,Astro-Epen
96732,1846,unassigned
96733,1846,unassigned
96734,1846,unassigned
96735,1872,Astro-Epen
96736,1846,unassigned
96737,1852,Astro-Epen
96738,1846,unassigned
96739,1846,unassigned
96740,1846,unassigned
96741,1846,unassigned
96742,1856,Astro-Epen
96743,1872,Astro-Epen
96744,1872,Astro-Epen
96745,1846,unassigned
96746,1846,unassigned
96747,1852,Astro-Epen
96748,1846,unassigned
96749,1846,unassigned
96750,1874,Immune
96751,1878,Astro-Epen
96752,1846,unassigned
96753,1846,unassigned
96754,1846,unassigned
96755,1856,Astro-Epen
96756,1856,Astro-Epen
96757,1863,unassigned
96758,1869,Astro-Epen
96759,1846,unassigned
96760,1846,unassigned
96761,1848,Astro-Epen
96762,1848,Astro-Epen
96763,1847,Astro-Epen
96764,1846,unassigned
96765,1877,Immune
96766,1874,Immune
96767,1846,unassigned
96768,1846,unassigned
96769,1846,unassigned
96770,1846,unassigned
96771,1856,Astro-Epen
96772,1846,unassigned
96773,1853,Astro-Epen
96774,1872,Astro-Epen
96775,1848,Astro-Epen
96776,1847,Astro-Epen
96777,1847,Astro-Epen
96778,1846,unassigned
96779,1857,Astro-Epen
96780,1874,Immune
96781,1846,unassigned
96782,1846,unassigned
96783,1846,unassigned
96784,1863,unassigned
96785,1846,unassigned
96786,1846,unassigned
96787,1866,Immune
96788,1846,unassigned
96789,1846,unassigned
96790,1848,Astro-Epen
96791,1848,Astro-Epen
96792,1848,Astro-Epen
96793,1847,Astro-Epen
96794,1848,Astro-Epen
96795,1846,unassigned
96796,1846,unassigned
96797,1846,unassigned
96798,1882,unassigned
96799,1856,Astro-Epen
96800,1866,Immune
96801,1846,unassigned
96802,1846,unassigned
96803,1846,unassigned
96804,1846,unassigned
96805,1846,unassigned
96806,1848,Astro-Epen
96807,1848,Astro-Epen
96808,1848,Astro-Epen
96809,1868,Astro-Epen
96810,1877,Immune
96811,1859,unassigned
96812,1878,Astro-Epen
96813,1878,Astro-Epen
96814,1846,unassigned
96815,1846,unassigned
96816,1846,unassigned
96817,1846,unassigned
96818,1846,unassigned
96819,1846,unassigned
96820,1869,Astro-Epen
96821,1853,Astro-Epen
96822,1853,Astro-Epen
96823,1846,unassigned
96824,1872,Astro-Epen
96825,1846,unassigned
96826,1846,unassigned
96827,1848,Astro-Epen
96828,1846,unassigned
96829,1857,Astro-Epen
96830,1846,unassigned
96831,1846,unassigned
96832,1846,unassigned
96833,1846,unassigned
96834,1846,unassigned
96835,1848,Astro-Epen
96836,1880,Astro-Epen
96837,1848,Astro-Epen
96838,1847,Astro-Epen
96839,1846,unassigned
96840,1846,unassigned
96841,1857,Astro-Epen
96842,1846,unassigned
96843,1875,Immune
96844,1846,unassigned
96845,1870,unassigned
96846,1846,unassigned
96847,1846,unassigned
96848,1846,unassigned
96849,1846,unassigned
96850,1846,unassigned
96851,1869,Astro-Epen
96852,1868,Astro-Epen
96853,1846,unassigned
96854,1857,Astro-Epen
96855,1846,unassigned
96856,1857,Astro-Epen
96857,1846,unassigned
96858,1857,Astro-Epen
96859,1874,Immune
96860,1849,Astro-Epen
96861,1846,unassigned
96862,1846,unassigned
96863,1846,unassigned
96864,1846,unassigned
96865,1846,unassigned
96866,1846,unassigned
96867,1846,unassigned
96868,1848,Astro-Epen
96869,1847,Astro-Epen
96870,1846,unassigned
96871,1846,unassigned
96872,1857,Astro-Epen
96873,1846,unassigned
96874,1875,Immune
96875,1846,unassigned
96876,1849,Astro-Epen
96877,1846,unassigned
96878,1846,unassigned
96879,1863,unassigned
96880,1846,unassigned
96881,1848,Astro-Epen
96882,1848,Astro-Epen
96883,1846,unassigned
96884,1847,Astro-Epen
96885,1848,Astro-Epen
96886,1877,Immune
96887,1846,unassigned
96888,1859,unassigned
96889,1846,unassigned
96890,1846,unassigned
96891,1846,unassigned
96892,1846,unassigned
96893,1849,Astro-Epen
96894,1870,unassigned
96895,1846,unassigned
96896,1863,unassigned
96897,1846,unassigned
96898,1869,Astro-Epen
96899,1866,Immune
96900,1869,Astro-Epen
96901,1872,Astro-Epen
96902,1872,Astro-Epen
96903,1851,Astro-Epen
96904,1848,Astro-Epen
96905,1848,Astro-Epen
96906,1846,unassigned
96907,1877,Immune
96908,1846,unassigned
96909,1846,unassigned
96910,1846,unassigned
96911,1882,unassigned
96912,1863,unassigned
96913,1846,unassigned
96914,1846,unassigned
96915,1869,Astro-Epen
96916,1853,Astro-Epen
96917,1846,unassigned
96918,1866,Immune
96919,1846,unassigned
96920,1846,unassigned
96921,1872,Astro-Epen
96922,1851,Astro-Epen
96923,1847,Astro-Epen
96924,1868,Astro-Epen
96925,1868,Astro-Epen
96926,1874,Immune
96927,1849,Astro-Epen
96928,1846,unassigned
96929,1874,Immune
96930,1875,Immune
96931,1846,unassigned
96932,1846,unassigned
96933,1882,unassigned
96934,1856,Astro-Epen
96935,1869,Astro-Epen
96936,1846,unassigned
96937,1866,Immune
96938,1869,Astro-Epen
96939,1872,Astro-Epen
96940,1846,unassigned
96941,1848,Astro-Epen
96942,1877,Immune
96943,1874,Immune
96944,1874,Immune
96945,1846,unassigned
96946,1856,Astro-Epen
96947,1846,unassigned
96948,1856,Astro-Epen
96949,1846,unassigned
96950,1851,Astro-Epen
96951,1872,Astro-Epen
96952,1846,unassigned
96953,1848,Astro-Epen
96954,1846,unassigned
96955,1848,Astro-Epen
96956,1846,unassigned
96957,1846,unassigned
96958,1868,Astro-Epen
96959,1846,unassigned
96960,1849,Astro-Epen
96961,1873,Astro-Epen
96962,1873,Astro-Epen
96963,1866,Immune
96964,1869,Astro-Epen
96965,1846,unassigned
96966,1846,unassigned
96967,1872,Astro-Epen
96968,1846,unassigned
96969,1874,Immune
96970,1846,unassigned
96971,1846,unassigned
96972,1846,unassigned
96973,1846,unassigned
96974,1846,unassigned
96975,1846,unassigned
96976,1846,unassigned
96977,1846,unassigned
96978,1873,Astro-Epen
96979,1866,Immune
96980,1846,unassigned
96981,1846,unassigned
96982,1846,unassigned
96983,1846,unassigned
96984,1846,unassigned
96985,1851,Astro-Epen
96986,1847,Astro-Epen
96987,1848,Astro-Epen
96988,1846,unassigned
96989,1847,Astro-Epen
96990,1857,Astro-Epen
96991,1857,Astro-Epen
96992,1846,unassigned
96993,1868,Astro-Epen
96994,1877,Immune
96995,1874,Immune
96996,1846,unassigned
96997,1874,Immune
96998,1846,unassigned
96999,1878,Astro-Epen
97000,1878,Astro-Epen
97001,1846,unassigned
97002,1846,unassigned
97003,1846,unassigned
97004,1869,Astro-Epen
97005,1872,Astro-Epen
97006,1848,Astro-Epen
97007,1851,Astro-Epen
97008,1846,unassigned
97009,1874,Immune
97010,1846,unassigned
97011,1874,Immune
97012,1846,unassigned
97013,1846,unassigned
97014,1846,unassigned
97015,1846,unassigned
97016,1869,Astro-Epen
97017,1869,Astro-Epen
97018,1846,unassigned
97019,1846,unassigned
97020,1846,unassigned
97021,1847,Astro-Epen
97022,1846,unassigned
97023,1846,unassigned
97024,1877,Immune
97025,1846,unassigned
97026,1846,unassigned
97027,1846,unassigned
97028,1857,Astro-Epen
97029,1874,Immune
97030,1846,unassigned
97031,1876,unassigned
97032,1846,unassigned
97033,1876,unassigned
97034,1846,unassigned
97035,1846,unassigned
97036,1846,unassigned
97037,1846,unassigned
97038,1846,unassigned
97039,1869,Astro-Epen
97040,1846,unassigned
97041,1872,Astro-Epen
97042,1846,unassigned
97043,1846,unassigned
97044,1848,Astro-Epen
97045,1848,Astro-Epen
97046,1883,unassigned
97047,1846,unassigned
97048,1868,Astro-Epen
97049,1874,Immune
97050,1846,unassigned
97051,1846,unassigned
97052,1846,unassigned
97053,1846,unassigned
97054,1846,unassigned
97055,1846,unassigned
97056,1846,unassigned
97057,1847,Astro-Epen
97058,1848,Astro-Epen
97059,1846,unassigned
97060,1846,unassigned
97061,1857,Astro-Epen
97062,1846,unassigned
97063,1846,unassigned
97064,1846,unassigned
97065,1846,unassigned
97066,1846,unassigned
97067,1846,unassigned
97068,1873,Astro-Epen
97069,1872,Astro-Epen
97070,1848,Astro-Epen
97071,1847,Astro-Epen
97072,1846,unassigned
97073,1846,unassigned
97074,1857,Astro-Epen
97075,1857,Astro-Epen
97076,1846,unassigned
97077,1874,Immune
97078,1849,Astro-Epen
97079,1846,unassigned
97080,1875,Immune
97081,1876,unassigned
97082,1846,unassigned
97083,1846,unassigned
97084,1846,unassigned
97085,1846,unassigned
97086,1848,Astro-Epen
97087,1846,unassigned
97088,1846,unassigned
97089,1846,unassigned
97090,1863,unassigned
97091,1869,Astro-Epen
97092,1866,Immune
97093,1851,Astro-Epen
97094,1846,unassigned
97095,1846,unassigned
97096,1846,unassigned
97097,1849,Astro-Epen
97098,1846,unassigned
97099,1846,unassigned
97100,1846,unassigned
97101,1846,unassigned
97102,1846,unassigned
97103,1846,unassigned
97104,1848,Astro-Epen
97105,1848,Astro-Epen
97106,1847,Astro-Epen
97107,1846,unassigned
97108,1846,unassigned
97109,1846,unassigned
97110,1846,unassigned
97111,1846,unassigned
97112,1869,Astro-Epen
97113,1869,Astro-Epen
97114,1846,unassigned
97115,1866,Immune
97116,1846,unassigned
97117,1846,unassigned
97118,1848,Astro-Epen
97119,1857,Astro-Epen
97120,1857,Astro-Epen
97121,1868,Astro-Epen
97122,1874,Immune
97123,1846,unassigned
97124,1874,Immune
97125,1870,unassigned
97126,1846,unassigned
97127,1846,unassigned
97128,1846,unassigned
97129,1846,unassigned
97130,1847,Astro-Epen
97131,1846,unassigned
97132,1846,unassigned
97133,1846,unassigned
97134,1846,unassigned
97135,1874,Immune
97136,1846,unassigned
97137,1846,unassigned
97138,1859,unassigned
97139,1873,Astro-Epen
97140,1846,unassigned
97141,1846,unassigned
97142,1846,unassigned
97143,1869,Astro-Epen
97144,1846,unassigned
97145,1846,unassigned
97146,1846,unassigned
97147,1846,unassigned
97148,1846,unassigned
97149,1846,unassigned
97150,1846,unassigned
97151,1846,unassigned
97152,1846,unassigned
97153,1846,unassigned
97154,1846,unassigned
97155,1882,unassigned
97156,1846,unassigned
97157,1846,unassigned
97158,1846,unassigned
97159,1846,unassigned
97160,1846,unassigned
97161,1869,Astro-Epen
97162,1846,unassigned
97163,1851,Astro-Epen
97164,1872,Astro-Epen
97165,1846,unassigned
97166,1846,unassigned
97167,1847,Astro-Epen
97168,1846,unassigned
97169,1848,Astro-Epen
97170,1868,Astro-Epen
97171,1846,unassigned
97172,1846,unassigned
97173,1868,Astro-Epen
97174,1846,unassigned
97175,1846,unassigned
97176,1882,unassigned
97177,1846,unassigned
97178,1846,unassigned
97179,1853,Astro-Epen
97180,1872,Astro-Epen
97181,1846,unassigned
97182,1846,unassigned
97183,1857,Astro-Epen
97184,1874,Immune
97185,1874,Immune
97186,1846,unassigned
97187,1873,Astro-Epen
97188,1846,unassigned
97189,1846,unassigned
97190,1848,Astro-Epen
97191,1846,unassigned
97192,1848,Astro-Epen
97193,1846,unassigned
97194,1848,Astro-Epen
97195,1883,unassigned
97196,1877,Immune
97197,1878,Astro-Epen
97198,1846,unassigned
97199,1846,unassigned
97200,1846,unassigned
97201,1846,unassigned
97202,1846,unassigned
97203,1846,unassigned
97204,1846,unassigned
97205,1851,Astro-Epen
97206,1846,unassigned
97207,1846,unassigned
97208,1857,Astro-Epen
97209,1857,Astro-Epen
97210,1846,unassigned
97211,1846,unassigned
97212,1846,unassigned
97213,1863,unassigned
97214,1846,unassigned
97215,1846,unassigned
97216,1846,unassigned
97217,1846,unassigned
97218,1874,Immune
97219,1846,unassigned
97220,1846,unassigned
97221,1846,unassigned
97222,1846,unassigned
97223,1866,Immune
97224,1846,unassigned
97225,1846,unassigned
97226,1846,unassigned
97227,1846,unassigned
97228,1846,unassigned
97229,1872,Astro-Epen
97230,1851,Astro-Epen
97231,1880,Astro-Epen
97232,1848,Astro-Epen
97233,1848,Astro-Epen
97234,1846,unassigned
97235,1852,Astro-Epen
97236,1857,Astro-Epen
97237,1846,unassigned
97238,1859,unassigned
97239,1846,unassigned
97240,1846,unassigned
97241,1846,unassigned
97242,1866,Immune
97243,1866,Immune
97244,1851,Astro-Epen
97245,1846,unassigned
97246,1846,unassigned
97247,1848,Astro-Epen
97248,1847,Astro-Epen
97249,1847,Astro-Epen
97250,1846,unassigned
97251,1852,Astro-Epen
97252,1846,unassigned
97253,1846,unassigned
97254,1846,unassigned
97255,1849,Astro-Epen
97256,1846,unassigned
97257,1846,unassigned
97258,1846,unassigned
97259,1846,unassigned
97260,1846,unassigned
97261,1869,Astro-Epen
97262,1851,Astro-Epen
97263,1846,unassigned
97264,1846,unassigned
97265,1846,unassigned
97266,1849,Astro-Epen
97267,1846,unassigned
97268,1873,Astro-Epen
97269,1866,Immune
97270,1846,unassigned
97271,1866,Immune
97272,1846,unassigned
97273,1846,unassigned
97274,1846,unassigned
97275,1847,Astro-Epen
97276,1847,Astro-Epen
97277,1846,unassigned
97278,1846,unassigned
97279,1846,unassigned
97280,1846,unassigned
97281,1846,unassigned
97282,1846,unassigned
97283,1846,unassigned
97284,1846,unassigned
97285,1846,unassigned
97286,1873,Astro-Epen
97287,1873,Astro-Epen
97288,1846,unassigned
97289,1846,unassigned
97290,1846,unassigned
97291,1846,unassigned
97292,1846,unassigned
97293,1846,unassigned
97294,1846,unassigned
97295,1846,unassigned
97296,1846,unassigned
97297,1849,Astro-Epen
97298,1849,Astro-Epen
97299,1874,Immune
97300,1846,unassigned
97301,1846,unassigned
97302,1846,unassigned
97303,1863,unassigned
97304,1846,unassigned
97305,1872,Astro-Epen
97306,1880,Astro-Epen
97307,1846,unassigned
97308,1848,Astro-Epen
97309,1868,Astro-Epen
97310,1846,unassigned
97311,1857,Astro-Epen
97312,1846,unassigned
97313,1846,unassigned
97314,1846,unassigned
97315,1846,unassigned
97316,1882,unassigned
97317,1866,Immune
97318,1846,unassigned
97319,1848,Astro-Epen
97320,1880,Astro-Epen
97321,1868,Astro-Epen
97322,1846,unassigned
97323,1857,Astro-Epen
97324,1846,unassigned
97325,1846,unassigned
97326,1873,Astro-Epen
97327,1869,Astro-Epen
97328,1856,Astro-Epen
97329,1846,unassigned
97330,1846,unassigned
97331,1872,Astro-Epen
97332,1846,unassigned
97333,1846,unassigned
97334,1846,unassigned
97335,1848,Astro-Epen
97336,1846,unassigned
97337,1846,unassigned
97338,1846,unassigned
97339,1846,unassigned
97340,1856,Astro-Epen
97341,1846,unassigned
97342,1856,Astro-Epen
97343,1853,Astro-Epen
97344,1846,unassigned
97345,1846,unassigned
97346,1847,Astro-Epen
97347,1846,unassigned
97348,1846,unassigned
97349,1875,Immune
97350,1846,unassigned
97351,1846,unassigned
97352,1846,unassigned
97353,1846,unassigned
97354,1856,Astro-Epen
97355,1856,Astro-Epen
97356,1869,Astro-Epen
97357,1846,unassigned
97358,1869,Astro-Epen
97359,1846,unassigned
97360,1846,unassigned
97361,1846,unassigned
97362,1874,Immune
97363,1846,unassigned
97364,1846,unassigned
97365,1875,Immune
97366,1882,unassigned
97367,1873,Astro-Epen
97368,1880,Astro-Epen
97369,1880,Astro-Epen
97370,1846,unassigned
97371,1857,Astro-Epen
97372,1846,unassigned
97373,1874,Immune
97374,1846,unassigned
97375,1846,unassigned
97376,1875,Immune
97377,1846,unassigned
97378,1846,unassigned
97379,1863,unassigned
97380,1846,unassigned
97381,1863,unassigned
97382,1866,Immune
97383,1846,unassigned
97384,1848,Astro-Epen
97385,1846,unassigned
97386,1847,Astro-Epen
97387,1846,unassigned
97388,1849,Astro-Epen
97389,1849,Astro-Epen
97390,1849,Astro-Epen
97391,1846,unassigned
97392,1846,unassigned
97393,1846,unassigned
97394,1846,unassigned
97395,1846,unassigned
97396,1846,unassigned
97397,1846,unassigned
97398,1880,Astro-Epen
97399,1848,Astro-Epen
97400,1848,Astro-Epen
97401,1848,Astro-Epen
97402,1846,unassigned
97403,1846,unassigned
97404,1846,unassigned
97405,1846,unassigned
97406,1863,unassigned
97407,1873,Astro-Epen
97408,1846,unassigned
97409,1846,unassigned
97410,1846,unassigned
97411,1869,Astro-Epen
97412,1851,Astro-Epen
97413,1869,Astro-Epen
97414,1846,unassigned
97415,1846,unassigned
97416,1848,Astro-Epen
97417,1847,Astro-Epen
97418,1846,unassigned
97419,1846,unassigned
97420,1846,unassigned
97421,1849,Astro-Epen
97422,1846,unassigned
97423,1863,unassigned
97424,1846,unassigned
97425,1846,unassigned
97426,1866,Immune
97427,1880,Astro-Epen
97428,1848,Astro-Epen
97429,1848,Astro-Epen
97430,1846,unassigned
97431,1878,Astro-Epen
97432,1846,unassigned
97433,1846,unassigned
97434,1846,unassigned
97435,1846,unassigned
97436,1873,Astro-Epen
97437,1846,unassigned
97438,1846,unassigned
97439,1846,unassigned
97440,1847,Astro-Epen
97441,1852,Astro-Epen
97442,1846,unassigned
97443,1857,Astro-Epen
97444,1846,unassigned
97445,1846,unassigned
97446,1846,unassigned
97447,1846,unassigned
97448,1866,Immune
97449,1851,Astro-Epen
97450,1846,unassigned
97451,1846,unassigned
97452,1847,Astro-Epen
97453,1846,unassigned
97454,1868,Astro-Epen
97455,1857,Astro-Epen
97456,1846,unassigned
97457,1846,unassigned
97458,1846,unassigned
97459,1874,Immune
97460,1846,unassigned
97461,1846,unassigned
97462,1846,unassigned
97463,1846,unassigned
97464,1846,unassigned
97465,1866,Immune
97466,1846,unassigned
97467,1846,unassigned
97468,1846,unassigned
97469,1874,Immune
97470,1846,unassigned
97471,1846,unassigned
97472,1846,unassigned
97473,1873,Astro-Epen
97474,1846,unassigned
97475,1869,Astro-Epen
97476,1846,unassigned
97477,1872,Astro-Epen
97478,1846,unassigned
97479,1880,Astro-Epen
97480,1846,unassigned
97481,1847,Astro-Epen
97482,1846,unassigned
97483,1846,unassigned
97484,1852,Astro-Epen
97485,1846,unassigned
97486,1846,unassigned
97487,1874,Immune
97488,1846,unassigned
97489,1856,Astro-Epen
97490,1863,unassigned
97491,1846,unassigned
97492,1856,Astro-Epen
97493,1846,unassigned
97494,1846,unassigned
97495,1846,unassigned
97496,1846,unassigned
97497,1846,unassigned
97498,1857,Astro-Epen
97499,1846,unassigned
97500,1874,Immune
97501,1875,Immune
97502,1846,unassigned
97503,1846,unassigned
97504,1846,unassigned
97505,1846,unassigned
97506,1869,Astro-Epen
97507,1846,unassigned
97508,1848,Astro-Epen
97509,1846,unassigned
97510,1846,unassigned
97511,1846,unassigned
97512,1877,Immune
97513,1846,unassigned
97514,1874,Immune
97515,1846,unassigned
97516,1882,unassigned
97517,1856,Astro-Epen
97518,1846,unassigned
97519,1846,unassigned
97520,1846,unassigned
97521,1846,unassigned
97522,1846,unassigned
97523,1846,unassigned
97524,1846,unassigned
97525,1846,unassigned
97526,1852,Astro-Epen
97527,1846,unassigned
97528,1874,Immune
97529,1875,Immune
97530,1846,unassigned
97531,1846,unassigned
97532,1856,Astro-Epen
97533,1846,unassigned
97534,1846,unassigned
97535,1846,unassigned
97536,1846,unassigned
97537,1846,unassigned
97538,1857,Astro-Epen
97539,1846,unassigned
97540,1846,unassigned
97541,1846,unassigned
97542,1856,Astro-Epen
97543,1866,Immune
97544,1851,Astro-Epen
97545,1846,unassigned
97546,1848,Astro-Epen
97547,1846,unassigned
97548,1846,unassigned
97549,1884,unassigned
97550,1877,Immune
97551,1877,Immune
97552,1846,unassigned
97553,1846,unassigned
97554,1885,unassigned
97555,1846,unassigned
97556,1856,Astro-Epen
97557,1846,unassigned
97558,1846,unassigned
97559,1846,unassigned
97560,1847,Astro-Epen
97561,1846,unassigned
97562,1847,Astro-Epen
97563,1846,unassigned
97564,1846,unassigned
97565,1846,unassigned
97566,1868,Astro-Epen
97567,1868,Astro-Epen
97568,1846,unassigned
97569,1874,Immune
97570,1874,Immune
97571,1846,unassigned
97572,1846,unassigned
97573,1873,Astro-Epen
97574,1846,unassigned
97575,1846,unassigned
97576,1869,Astro-Epen
97577,1866,Immune
97578,1846,unassigned
97579,1848,Astro-Epen
97580,1880,Astro-Epen
97581,1846,unassigned
97582,1848,Astro-Epen
97583,1846,unassigned
97584,1846,unassigned
97585,1846,unassigned
97586,1846,unassigned
97587,1868,Astro-Epen
97588,1846,unassigned
97589,1846,unassigned
97590,1846,unassigned
97591,1846,unassigned
97592,1880,Astro-Epen
97593,1848,Astro-Epen
97594,1852,Astro-Epen
97595,1874,Immune
97596,1874,Immune
97597,1846,unassigned
97598,1846,unassigned
97599,1874,Immune
97600,1846,unassigned
97601,1846,unassigned
97602,1846,unassigned
97603,1846,unassigned
97604,1846,unassigned
97605,1880,Astro-Epen
97606,1848,Astro-Epen
97607,1878,Astro-Epen
97608,1875,Immune
97609,1846,unassigned
97610,1846,unassigned
97611,1846,unassigned
97612,1846,unassigned
97613,1846,unassigned
97614,1848,Astro-Epen
97615,1848,Astro-Epen
97616,1847,Astro-Epen
97617,1868,Astro-Epen
97618,1884,unassigned
97619,1868,Astro-Epen
97620,1868,Astro-Epen
97621,1857,Astro-Epen
97622,1846,unassigned
97623,1878,Astro-Epen
97624,1874,Immune
97625,1846,unassigned
97626,1846,unassigned
97627,1869,Astro-Epen
97628,1846,unassigned
97629,1846,unassigned
97630,1872,Astro-Epen
97631,1851,Astro-Epen
97632,1848,Astro-Epen
97633,1884,unassigned
97634,1846,unassigned
97635,1857,Astro-Epen
97636,1874,Immune
97637,1849,Astro-Epen
97638,1846,unassigned
97639,1846,unassigned
97640,1846,unassigned
97641,1886,unassigned
97642,1846,unassigned
97643,1846,unassigned
97644,1872,Astro-Epen
97645,1851,Astro-Epen
97646,1846,unassigned
97647,1848,Astro-Epen
97648,1846,unassigned
97649,1846,unassigned
97650,1846,unassigned
97651,1846,unassigned
97652,1846,unassigned
97653,1884,unassigned
97654,1857,Astro-Epen
97655,1846,unassigned
97656,1849,Astro-Epen
97657,1849,Astro-Epen
97658,1846,unassigned
97659,1875,Immune
97660,1846,unassigned
97661,1846,unassigned
97662,1846,unassigned
97663,1848,Astro-Epen
97664,1846,unassigned
97665,1880,Astro-Epen
97666,1877,Immune
97667,1868,Astro-Epen
97668,1846,unassigned
97669,1882,unassigned
97670,1846,unassigned
97671,1846,unassigned
97672,1846,unassigned
97673,1846,unassigned
97674,1846,unassigned
97675,1848,Astro-Epen
97676,1846,unassigned
97677,1847,Astro-Epen
97678,1877,Immune
97679,1857,Astro-Epen
97680,1846,unassigned
97681,1877,Immune
97682,1846,unassigned
97683,1874,Immune
97684,1846,unassigned
97685,1846,unassigned
97686,1846,unassigned
97687,1848,Astro-Epen
97688,1848,Astro-Epen
97689,1846,unassigned
97690,1880,Astro-Epen
97691,1848,Astro-Epen
97692,1847,Astro-Epen
97693,1846,unassigned
97694,1883,unassigned
97695,1846,unassigned
97696,1846,unassigned
97697,1846,unassigned
97698,1847,Astro-Epen
97699,1847,Astro-Epen
97700,1848,Astro-Epen
97701,1848,Astro-Epen
97702,1846,unassigned
97703,1877,Immune
97704,1857,Astro-Epen
97705,1846,unassigned
97706,1846,unassigned
97707,1846,unassigned
97708,1846,unassigned
97709,1846,unassigned
97710,1846,unassigned
97711,1846,unassigned
97712,1846,unassigned
97713,1846,unassigned
97714,1880,Astro-Epen
97715,1868,Astro-Epen
97716,1846,unassigned
97717,1877,Immune
97718,1868,Astro-Epen
97719,1875,Immune
97720,1846,unassigned
97721,1870,unassigned
97722,1856,Astro-Epen
97723,1846,unassigned
97724,1846,unassigned
97725,1846,unassigned
97726,1846,unassigned
97727,1847,Astro-Epen
97728,1846,unassigned
97729,1878,Astro-Epen
97730,1846,unassigned
97731,1846,unassigned
97732,1846,unassigned
97733,1846,unassigned
97734,1846,unassigned
97735,1846,unassigned
97736,1846,unassigned
97737,1846,unassigned
97738,1846,unassigned
97739,1880,Astro-Epen
97740,1847,Astro-Epen
97741,1880,Astro-Epen
97742,1848,Astro-Epen
97743,1848,Astro-Epen
97744,1868,Astro-Epen
97745,1846,unassigned
97746,1846,unassigned
97747,1846,unassigned
97748,1874,Immune
97749,1874,Immune
97750,1846,unassigned
97751,1846,unassigned
97752,1846,unassigned
97753,1866,Immune
97754,1846,unassigned
97755,1847,Astro-Epen
97756,1848,Astro-Epen
97757,1846,unassigned
97758,1846,unassigned
97759,1883,unassigned
97760,1877,Immune
97761,1846,unassigned
97762,1857,Astro-Epen
97763,1846,unassigned
97764,1875,Immune
97765,1846,unassigned
97766,1873,Astro-Epen
97767,1887,unassigned
97768,1846,unassigned
97769,1846,unassigned
97770,1846,unassigned
97771,1846,unassigned
97772,1880,Astro-Epen
97773,1846,unassigned
97774,1846,unassigned
97775,1846,unassigned
97776,1883,unassigned
97777,1846,unassigned
97778,1846,unassigned
97779,1874,Immune
97780,1846,unassigned
97781,1846,unassigned
97782,1882,unassigned
97783,1846,unassigned
97784,1846,unassigned
97785,1846,unassigned
97786,1847,Astro-Epen
97787,1846,unassigned
97788,1880,Astro-Epen
97789,1846,unassigned
97790,1880,Astro-Epen
97791,1848,Astro-Epen
97792,1846,unassigned
97793,1877,Immune
97794,1846,unassigned
97795,1857,Astro-Epen
97796,1874,Immune
97797,1874,Immune
97798,1875,Immune
97799,1846,unassigned
97800,1846,unassigned
97801,1846,unassigned
97802,1873,Astro-Epen
97803,1873,Astro-Epen
97804,1873,Astro-Epen
97805,1882,unassigned
97806,1846,unassigned
97807,1863,unassigned
97808,1846,unassigned
97809,1872,Astro-Epen
97810,1846,unassigned
97811,1846,unassigned
97812,1847,Astro-Epen
97813,1848,Astro-Epen
97814,1847,Astro-Epen
97815,1848,Astro-Epen
97816,1846,unassigned
97817,1878,Astro-Epen
97818,1846,unassigned
97819,1866,Immune
97820,1846,unassigned
97821,1846,unassigned
97822,1846,unassigned
97823,1846,unassigned
97824,1848,Astro-Epen
97825,1846,unassigned
97826,1846,unassigned
97827,1846,unassigned
97828,1884,unassigned
97829,1846,unassigned
97830,1846,unassigned
97831,1875,Immune
97832,1846,unassigned
97833,1846,unassigned
97834,1869,Astro-Epen
97835,1869,Astro-Epen
97836,1846,unassigned
97837,1846,unassigned
97838,1848,Astro-Epen
97839,1847,Astro-Epen
97840,1847,Astro-Epen
97841,1847,Astro-Epen
97842,1846,unassigned
97843,1877,Immune
97844,1857,Astro-Epen
97845,1846,unassigned
97846,1874,Immune
97847,1846,unassigned
97848,1846,unassigned
97849,1874,Immune
97850,1846,unassigned
97851,1846,unassigned
97852,1882,unassigned
97853,1856,Astro-Epen
97854,1846,unassigned
97855,1846,unassigned
97856,1846,unassigned
97857,1880,Astro-Epen
97858,1847,Astro-Epen
97859,1846,unassigned
97860,1848,Astro-Epen
97861,1846,unassigned
97862,1857,Astro-Epen
97863,1857,Astro-Epen
97864,1874,Immune
97865,1878,Astro-Epen
97866,1849,Astro-Epen
97867,1846,unassigned
97868,1846,unassigned
97869,1846,unassigned
97870,1846,unassigned
97871,1846,unassigned
97872,1846,unassigned
97873,1846,unassigned
97874,1846,unassigned
97875,1846,unassigned
97876,1846,unassigned
97877,1877,Immune
97878,1874,Immune
97879,1876,unassigned
97880,1846,unassigned
97881,1846,unassigned
97882,1856,Astro-Epen
97883,1869,Astro-Epen
97884,1846,unassigned
97885,1872,Astro-Epen
97886,1848,Astro-Epen
97887,1880,Astro-Epen
97888,1847,Astro-Epen
97889,1847,Astro-Epen
97890,1877,Immune
97891,1846,unassigned
97892,1846,unassigned
97893,1846,unassigned
97894,1846,unassigned
97895,1878,Astro-Epen
97896,1846,unassigned
97897,1873,Astro-Epen
97898,1856,Astro-Epen
97899,1856,Astro-Epen
97900,1846,unassigned
97901,1846,unassigned
97902,1872,Astro-Epen
97903,1847,Astro-Epen
97904,1847,Astro-Epen
97905,1847,Astro-Epen
97906,1848,Astro-Epen
97907,1848,Astro-Epen
97908,1848,Astro-Epen
97909,1877,Immune
97910,1877,Immune
97911,1846,unassigned
97912,1846,unassigned
97913,1846,unassigned
97914,1849,Astro-Epen
97915,1875,Immune
97916,1846,unassigned
97917,1846,unassigned
97918,1856,Astro-Epen
97919,1846,unassigned
97920,1846,unassigned
97921,1856,Astro-Epen
97922,1846,unassigned
97923,1846,unassigned
97924,1846,unassigned
97925,1846,unassigned
97926,1846,unassigned
97927,1846,unassigned
97928,1848,Astro-Epen
97929,1848,Astro-Epen
97930,1846,unassigned
97931,1846,unassigned
97932,1846,unassigned
97933,1877,Immune
97934,1857,Astro-Epen
97935,1857,Astro-Epen
97936,1846,unassigned
97937,1874,Immune
97938,1846,unassigned
97939,1846,unassigned
97940,1856,Astro-Epen
97941,1846,unassigned
97942,1846,unassigned
97943,1846,unassigned
97944,1846,unassigned
97945,1847,Astro-Epen
97946,1847,Astro-Epen
97947,1846,unassigned
97948,1847,Astro-Epen
97949,1846,unassigned
97950,1884,unassigned
97951,1846,unassigned
97952,1877,Immune
97953,1846,unassigned
97954,1849,Astro-Epen
97955,1875,Immune
97956,1849,Astro-Epen
97957,1846,unassigned
97958,1846,unassigned
97959,1846,unassigned
97960,1846,unassigned
97961,1846,unassigned
97962,1846,unassigned
97963,1846,unassigned
97964,1846,unassigned
97965,1847,Astro-Epen
97966,1847,Astro-Epen
97967,1846,unassigned
97968,1846,unassigned
97969,1846,unassigned
97970,1846,unassigned
97971,1849,Astro-Epen
97972,1846,unassigned
97973,1846,unassigned
97974,1846,unassigned
97975,1846,unassigned
97976,1846,unassigned
97977,1846,unassigned
97978,1848,Astro-Epen
97979,1846,unassigned
97980,1847,Astro-Epen
97981,1846,unassigned
97982,1884,unassigned
97983,1846,unassigned
97984,1846,unassigned
97985,1868,Astro-Epen
97986,1878,Astro-Epen
97987,1846,unassigned
97988,1846,unassigned
97989,1847,Astro-Epen
97990,1846,unassigned
97991,1846,unassigned
97992,1846,unassigned
97993,1846,unassigned
97994,1846,unassigned
97995,1846,unassigned
97996,1882,unassigned
97997,1873,Astro-Epen
97998,1846,unassigned
97999,1846,unassigned
98000,1869,Astro-Epen
98001,1846,unassigned
98002,1846,unassigned
98003,1847,Astro-Epen
98004,1846,unassigned
98005,1877,Immune
98006,1846,unassigned
98007,1846,unassigned
98008,1876,unassigned
98009,1856,Astro-Epen
98010,1873,Astro-Epen
98011,1846,unassigned
98012,1846,unassigned
98013,1846,unassigned
98014,1846,unassigned
98015,1851,Astro-Epen
98016,1846,unassigned
98017,1847,Astro-Epen
98018,1846,unassigned
98019,1846,unassigned
98020,1877,Immune
98021,1846,unassigned
98022,1874,Immune
98023,1875,Immune
98024,1846,unassigned
98025,1846,unassigned
98026,1846,unassigned
98027,1846,unassigned
98028,1846,unassigned
98029,1846,unassigned
98030,1848,Astro-Epen
98031,1846,unassigned
98032,1848,Astro-Epen
98033,1884,unassigned
98034,1877,Immune
98035,1846,unassigned
98036,1846,unassigned
98037,1873,Astro-Epen
98038,1882,unassigned
98039,1846,unassigned
98040,1848,Astro-Epen
98041,1846,unassigned
98042,1849,Astro-Epen
98043,1846,unassigned
98044,1875,Immune
98045,1846,unassigned
98046,1846,unassigned
98047,1846,unassigned
98048,1873,Astro-Epen
98049,1856,Astro-Epen
98050,1846,unassigned
98051,1866,Immune
98052,1846,unassigned
98053,1846,unassigned
98054,1846,unassigned
98055,1846,unassigned
98056,1846,unassigned
98057,1874,Immune
98058,1846,unassigned
98059,1846,unassigned
98060,1846,unassigned
98061,1869,Astro-Epen
98062,1846,unassigned
98063,1847,Astro-Epen
98064,1847,Astro-Epen
98065,1883,unassigned
98066,1877,Immune
98067,1877,Immune
98068,1846,unassigned
98069,1868,Astro-Epen
98070,1875,Immune
98071,1846,unassigned
98072,1875,Immune
98073,1849,Astro-Epen
98074,1846,unassigned
98075,1856,Astro-Epen
98076,1846,unassigned
98077,1846,unassigned
98078,1846,unassigned
98079,1846,unassigned
98080,1846,unassigned
98081,1846,unassigned
98082,1846,unassigned
98083,1878,Astro-Epen
98084,1846,unassigned
98085,1846,unassigned
98086,1849,Astro-Epen
98087,1846,unassigned
98088,1846,unassigned
98089,1846,unassigned
98090,1846,unassigned
98091,1846,unassigned
98092,1846,unassigned
98093,1846,unassigned
98094,1846,unassigned
98095,1848,Astro-Epen
98096,1848,Astro-Epen
98097,1877,Immune
98098,1868,Astro-Epen
98099,1874,Immune
98100,1846,unassigned
98101,1846,unassigned
98102,1846,unassigned
98103,1846,unassigned
98104,1882,unassigned
98105,1846,unassigned
98106,1846,unassigned
98107,1846,unassigned
98108,1846,unassigned
98109,1846,unassigned
98110,1846,unassigned
98111,1868,Astro-Epen
98112,1874,Immune
98113,1878,Astro-Epen
98114,1874,Immune
98115,1878,Astro-Epen
98116,1846,unassigned
98117,1870,unassigned
98118,1888,unassigned
98119,1889,unassigned
98120,1846,unassigned
98121,1846,unassigned
98122,1866,Immune
98123,1847,Astro-Epen
98124,1880,Astro-Epen
98125,1880,Astro-Epen
98126,1847,Astro-Epen
98127,1846,unassigned
98128,1846,unassigned
98129,1846,unassigned
98130,1846,unassigned
98131,1874,Immune
98132,1846,unassigned
98133,1846,unassigned
98134,1846,unassigned
98135,1873,Astro-Epen
98136,1856,Astro-Epen
98137,1846,unassigned
98138,1869,Astro-Epen
98139,1846,unassigned
98140,1846,unassigned
98141,1846,unassigned
98142,1846,unassigned
98143,1848,Astro-Epen
98144,1884,unassigned
98145,1846,unassigned
98146,1857,Astro-Epen
98147,1868,Astro-Epen
98148,1868,Astro-Epen
98149,1868,Astro-Epen
98150,1846,unassigned
98151,1874,Immune
98152,1846,unassigned
98153,1846,unassigned
98154,1846,unassigned
98155,1846,unassigned
98156,1869,Astro-Epen
98157,1846,unassigned
98158,1846,unassigned
98159,1846,unassigned
98160,1877,Immune
98161,1874,Immune
98162,1846,unassigned
98163,1886,unassigned
98164,1875,Immune
98165,1846,unassigned
98166,1846,unassigned
98167,1856,Astro-Epen
98168,1863,unassigned
98169,1846,unassigned
98170,1846,unassigned
98171,1846,unassigned
98172,1846,unassigned
98173,1846,unassigned
98174,1846,unassigned
98175,1847,Astro-Epen
98176,1868,Astro-Epen
98177,1846,unassigned
98178,1875,Immune
98179,1849,Astro-Epen
98180,1846,unassigned
98181,1890,Astro-Epen
98182,1869,Astro-Epen
98183,1846,unassigned
98184,1846,unassigned
98185,1866,Immune
98186,1866,Immune
98187,1846,unassigned
98188,1880,Astro-Epen
98189,1846,unassigned
98190,1884,unassigned
98191,1846,unassigned
98192,1846,unassigned
98193,1846,unassigned
98194,1873,Astro-Epen
98195,1856,Astro-Epen
98196,1856,Astro-Epen
98197,1863,unassigned
98198,1846,unassigned
98199,1846,unassigned
98200,1846,unassigned
98201,1851,Astro-Epen
98202,1848,Astro-Epen
98203,1847,Astro-Epen
98204,1846,unassigned
98205,1846,unassigned
98206,1846,unassigned
98207,1874,Immune
98208,1875,Immune
98209,1876,unassigned
98210,1890,Astro-Epen
98211,1846,unassigned
98212,1847,Astro-Epen
98213,1847,Astro-Epen
98214,1847,Astro-Epen
98215,1846,unassigned
98216,1849,Astro-Epen
98217,1846,unassigned
98218,1882,unassigned
98219,1856,Astro-Epen
98220,1888,unassigned
98221,1869,Astro-Epen
98222,1846,unassigned
98223,1872,Astro-Epen
98224,1880,Astro-Epen
98225,1846,unassigned
98226,1846,unassigned
98227,1846,unassigned
98228,1847,Astro-Epen
98229,1847,Astro-Epen
98230,1848,Astro-Epen
98231,1848,Astro-Epen
98232,1874,Immune
98233,1874,Immune
98234,1846,unassigned
98235,1846,unassigned
98236,1846,unassigned
98237,1846,unassigned
98238,1846,unassigned
98239,1847,Astro-Epen
98240,1848,Astro-Epen
98241,1848,Astro-Epen
98242,1846,unassigned
98243,1846,unassigned
98244,1846,unassigned
98245,1882,unassigned
98246,1846,unassigned
98247,1846,unassigned
98248,1846,unassigned
98249,1846,unassigned
98250,1880,Astro-Epen
98251,1848,Astro-Epen
98252,1846,unassigned
98253,1847,Astro-Epen
98254,1846,unassigned
98255,1875,Immune
98256,1846,unassigned
98257,1856,Astro-Epen
98258,1846,unassigned
98259,1869,Astro-Epen
98260,1869,Astro-Epen
98261,1872,Astro-Epen
98262,1846,unassigned
98263,1846,unassigned
98264,1847,Astro-Epen
98265,1846,unassigned
98266,1846,unassigned
98267,1846,unassigned
98268,1846,unassigned
98269,1846,unassigned
98270,1846,unassigned
98271,1846,unassigned
98272,1846,unassigned
98273,1846,unassigned
98274,1846,unassigned
98275,1846,unassigned
98276,1846,unassigned
98277,1846,unassigned
98278,1868,Astro-Epen
98279,1846,unassigned
98280,1874,Immune
98281,1846,unassigned
98282,1846,unassigned
98283,1846,unassigned
98284,1846,unassigned
98285,1846,unassigned
98286,1882,unassigned
98287,1846,unassigned
98288,1846,unassigned
98289,1846,unassigned
98290,1848,Astro-Epen
98291,1884,unassigned
98292,1846,unassigned
98293,1878,Astro-Epen
98294,1846,unassigned
98295,1875,Immune
98296,1846,unassigned
98297,1846,unassigned
98298,1846,unassigned
98299,1873,Astro-Epen
98300,1856,Astro-Epen
98301,1846,unassigned
98302,1846,unassigned
98303,1846,unassigned
98304,1846,unassigned
98305,1846,unassigned
98306,1874,Immune
98307,1849,Astro-Epen
98308,1846,unassigned
98309,1846,unassigned
98310,1846,unassigned
98311,1846,unassigned
98312,1846,unassigned
98313,1856,Astro-Epen
98314,1846,unassigned
98315,1846,unassigned
98316,1846,unassigned
98317,1846,unassigned
98318,1847,Astro-Epen
98319,1848,Astro-Epen
98320,1846,unassigned
98321,1857,Astro-Epen
98322,1857,Astro-Epen
98323,1846,unassigned
98324,1846,unassigned
98325,1846,unassigned
98326,1846,unassigned
98327,1869,Astro-Epen
98328,1846,unassigned
98329,1846,unassigned
98330,1846,unassigned
98331,1846,unassigned
98332,1880,Astro-Epen
98333,1880,Astro-Epen
98334,1846,unassigned
98335,1868,Astro-Epen
98336,1877,Immune
98337,1849,Astro-Epen
98338,1846,unassigned
98339,1846,unassigned
98340,1846,unassigned
98341,1882,unassigned
98342,1846,unassigned
98343,1846,unassigned
98344,1846,unassigned
98345,1846,unassigned
98346,1846,unassigned
98347,1874,Immune
98348,1849,Astro-Epen
98349,1846,unassigned
98350,1846,unassigned
98351,1846,unassigned
98352,1882,unassigned
98353,1846,unassigned
98354,1846,unassigned
98355,1872,Astro-Epen
98356,1846,unassigned
98357,1847,Astro-Epen
98358,1848,Astro-Epen
98359,1847,Astro-Epen
98360,1846,unassigned
98361,1846,unassigned
98362,1874,Immune
98363,1846,unassigned
98364,1857,Astro-Epen
98365,1846,unassigned
98366,1846,unassigned
98367,1846,unassigned
98368,1873,Astro-Epen
98369,1889,unassigned
98370,1846,unassigned
98371,1846,unassigned
98372,1846,unassigned
98373,1846,unassigned
98374,1846,unassigned
98375,1868,Astro-Epen
98376,1875,Immune
98377,1846,unassigned
98378,1846,unassigned
98379,1846,unassigned
98380,1870,unassigned
98381,1846,unassigned
98382,1846,unassigned
98383,1846,unassigned
98384,1846,unassigned
98385,1846,unassigned
98386,1847,Astro-Epen
98387,1846,unassigned
98388,1874,Immune
98389,1874,Immune
98390,1870,unassigned
98391,1846,unassigned
98392,1846,unassigned
98393,1846,unassigned
98394,1846,unassigned
98395,1868,Astro-Epen
98396,1875,Immune
98397,1849,Astro-Epen
98398,1846,unassigned
98399,1869,Astro-Epen
98400,1846,unassigned
98401,1846,unassigned
98402,1848,Astro-Epen
98403,1847,Astro-Epen
98404,1846,unassigned
98405,1857,Astro-Epen
98406,1846,unassigned
98407,1846,unassigned
98408,1846,unassigned
98409,1846,unassigned
98410,1846,unassigned
98411,1846,unassigned
98412,1848,Astro-Epen
98413,1846,unassigned
98414,1846,unassigned
98415,1874,Immune
98416,1857,Astro-Epen
98417,1856,Astro-Epen
98418,1846,unassigned
98419,1846,unassigned
98420,1847,Astro-Epen
98421,1847,Astro-Epen
98422,1846,unassigned
98423,1846,unassigned
98424,1846,unassigned
98425,1846,unassigned
98426,1875,Immune
98427,1846,unassigned
98428,1846,unassigned
98429,1846,unassigned
98430,1846,unassigned
98431,1848,Astro-Epen
98432,1846,unassigned
98433,1846,unassigned
98434,1846,unassigned
98435,1884,unassigned
98436,1846,unassigned
98437,1868,Astro-Epen
98438,1846,unassigned
98439,1846,unassigned
98440,1874,Immune
98441,1846,unassigned
98442,1870,unassigned
98443,1863,unassigned
98444,1846,unassigned
98445,1846,unassigned
98446,1874,Immune
98447,1874,Immune
98448,1846,unassigned
98449,1846,unassigned
98450,1846,unassigned
98451,1846,unassigned
98452,1880,Astro-Epen
98453,1846,unassigned
98454,1868,Astro-Epen
98455,1846,unassigned
98456,1846,unassigned
98457,1868,Astro-Epen
98458,1846,unassigned
98459,1846,unassigned
98460,1875,Immune
98461,1849,Astro-Epen
98462,1846,unassigned
98463,1846,unassigned
98464,1846,unassigned
98465,1846,unassigned
98466,1846,unassigned
98467,1846,unassigned
98468,1846,unassigned
98469,1846,unassigned
98470,1846,unassigned
98471,1846,unassigned
98472,1883,unassigned
98473,1846,unassigned
98474,1846,unassigned
98475,1868,Astro-Epen
98476,1877,Immune
98477,1846,unassigned
98478,1874,Immune
98479,1846,unassigned
98480,1878,Astro-Epen
98481,1874,Immune
98482,1878,Astro-Epen
98483,1846,unassigned
98484,1846,unassigned
98485,1846,unassigned
98486,1876,unassigned
98487,1846,unassigned
98488,1856,Astro-Epen
98489,1856,Astro-Epen
98490,1846,unassigned
98491,1846,unassigned
98492,1846,unassigned
98493,1846,unassigned
98494,1846,unassigned
98495,1846,unassigned
98496,1846,unassigned
98497,1846,unassigned
98498,1847,Astro-Epen
98499,1868,Astro-Epen
98500,1846,unassigned
98501,1857,Astro-Epen
98502,1874,Immune
98503,1866,Immune
98504,1846,unassigned
98505,1846,unassigned
98506,1847,Astro-Epen
98507,1846,unassigned
98508,1846,unassigned
98509,1846,unassigned
98510,1846,unassigned
98511,1857,Astro-Epen
98512,1846,unassigned
98513,1849,Astro-Epen
98514,1846,unassigned
98515,1846,unassigned
98516,1876,unassigned
98517,1882,unassigned
98518,1846,unassigned
98519,1846,unassigned
98520,1846,unassigned
98521,1846,unassigned
98522,1884,unassigned
98523,1884,unassigned
98524,1846,unassigned
98525,1857,Astro-Epen
98526,1874,Immune
98527,1874,Immune
98528,1875,Immune
98529,1874,Immune
98530,1878,Astro-Epen
98531,1889,unassigned
98532,1846,unassigned
98533,1846,unassigned
98534,1848,Astro-Epen
98535,1846,unassigned
98536,1846,unassigned
98537,1846,unassigned
98538,1846,unassigned
98539,1846,unassigned
98540,1846,unassigned
98541,1868,Astro-Epen
98542,1846,unassigned
98543,1846,unassigned
98544,1878,Astro-Epen
98545,1878,Astro-Epen
98546,1846,unassigned
98547,1846,unassigned
98548,1856,Astro-Epen
98549,1890,Astro-Epen
98550,1856,Astro-Epen
98551,1846,unassigned
98552,1866,Immune
98553,1846,unassigned
98554,1846,unassigned
98555,1880,Astro-Epen
98556,1880,Astro-Epen
98557,1868,Astro-Epen
98558,1846,unassigned
98559,1846,unassigned
98560,1874,Immune
98561,1874,Immune
98562,1846,unassigned
98563,1849,Astro-Epen
98564,1846,unassigned
98565,1875,Immune
98566,1875,Immune
98567,1846,unassigned
98568,1846,unassigned
98569,1846,unassigned
98570,1846,unassigned
98571,1846,unassigned
98572,1868,Astro-Epen
98573,1877,Immune
98574,1846,unassigned
98575,1846,unassigned
98576,1874,Immune
98577,1846,unassigned
98578,1846,unassigned
98579,1846,unassigned
98580,1846,unassigned
98581,1846,unassigned
98582,1846,unassigned
98583,1846,unassigned
98584,1846,unassigned
98585,1846,unassigned
98586,1846,unassigned
98587,1847,Astro-Epen
98588,1846,unassigned
98589,1884,unassigned
98590,1846,unassigned
98591,1846,unassigned
98592,1846,unassigned
98593,1849,Astro-Epen
98594,1870,unassigned
98595,1856,Astro-Epen
98596,1866,Immune
98597,1846,unassigned
98598,1846,unassigned
98599,1846,unassigned
98600,1846,unassigned
98601,1846,unassigned
98602,1846,unassigned
98603,1846,unassigned
98604,1874,Immune
98605,1878,Astro-Epen
98606,1846,unassigned
98607,1849,Astro-Epen
98608,1874,Immune
98609,1878,Astro-Epen
98610,1846,unassigned
98611,1846,unassigned
98612,1882,unassigned
98613,1846,unassigned
98614,1847,Astro-Epen
98615,1846,unassigned
98616,1846,unassigned
98617,1848,Astro-Epen
98618,1846,unassigned
98619,1846,unassigned
98620,1846,unassigned
98621,1846,unassigned
98622,1846,unassigned
98623,1846,unassigned
98624,1846,unassigned
98625,1846,unassigned
98626,1846,unassigned
98627,1868,Astro-Epen
98628,1878,Astro-Epen
98629,1878,Astro-Epen
98630,1846,unassigned
98631,1882,unassigned
98632,1856,Astro-Epen
98633,1846,unassigned
98634,1846,unassigned
98635,1846,unassigned
98636,1846,unassigned
98637,1846,unassigned
98638,1846,unassigned
98639,1846,unassigned
98640,1846,unassigned
98641,1846,unassigned
98642,1846,unassigned
98643,1846,unassigned
98644,1846,unassigned
98645,1846,unassigned
98646,1857,Astro-Epen
98647,1846,unassigned
98648,1846,unassigned
98649,1878,Astro-Epen
98650,1846,unassigned
98651,1846,unassigned
98652,1846,unassigned
98653,1846,unassigned
98654,1846,unassigned
98655,1846,unassigned
98656,1846,unassigned
98657,1846,unassigned
98658,1846,unassigned
98659,1889,unassigned
98660,1846,unassigned
98661,1868,Astro-Epen
98662,1868,Astro-Epen
98663,1874,Immune
98664,1846,unassigned
98665,1889,unassigned
98666,1846,unassigned
98667,1846,unassigned
98668,1846,unassigned
98669,1877,Immune
98670,1846,unassigned
98671,1874,Immune
98672,1875,Immune
98673,1846,unassigned
98674,1873,Astro-Epen
98675,1846,unassigned
98676,1846,unassigned
98677,1846,unassigned
98678,1846,unassigned
98679,1846,unassigned
98680,1880,Astro-Epen
98681,1846,unassigned
98682,1847,Astro-Epen
98683,1846,unassigned
98684,1846,unassigned
98685,1884,unassigned
98686,1874,Immune
98687,1875,Immune
98688,1846,unassigned
98689,1874,Immune
98690,1846,unassigned
98691,1848,Astro-Epen
98692,1846,unassigned
98693,1846,unassigned
98694,1877,Immune
98695,1877,Immune
98696,1877,Immune
98697,1868,Astro-Epen
98698,1846,unassigned
98699,1874,Immune
98700,1846,unassigned
98701,1846,unassigned
98702,1846,unassigned
98703,1846,unassigned
98704,1846,unassigned
98705,1846,unassigned
98706,1856,Astro-Epen
98707,1846,unassigned
98708,1846,unassigned
98709,1846,unassigned
98710,1880,Astro-Epen
98711,1880,Astro-Epen
98712,1880,Astro-Epen
98713,1846,unassigned
98714,1884,unassigned
98715,1846,unassigned
98716,1846,unassigned
98717,1846,unassigned
98718,1874,Immune
98719,1846,unassigned
98720,1846,unassigned
98721,1886,unassigned
98722,1846,unassigned
98723,1846,unassigned
98724,1846,unassigned
98725,1846,unassigned
98726,1880,Astro-Epen
98727,1846,unassigned
98728,1846,unassigned
98729,1846,unassigned
98730,1846,unassigned
98731,1846,unassigned
98732,1846,unassigned
98733,1884,unassigned
98734,1857,Astro-Epen
98735,1846,unassigned
98736,1875,Immune
98737,1846,unassigned
98738,1846,unassigned
98739,1856,Astro-Epen
98740,1846,unassigned
98741,1846,unassigned
98742,1846,unassigned
98743,1846,unassigned
98744,1880,Astro-Epen
98745,1847,Astro-Epen
98746,1884,unassigned
98747,1877,Immune
98748,1846,unassigned
98749,1857,Astro-Epen
98750,1846,unassigned
98751,1846,unassigned
98752,1878,Astro-Epen
98753,1846,unassigned
98754,1846,unassigned
98755,1846,unassigned
98756,1873,Astro-Epen
98757,1856,Astro-Epen
98758,1846,unassigned
98759,1880,Astro-Epen
98760,1868,Astro-Epen
98761,1874,Immune
98762,1857,Astro-Epen
98763,1846,unassigned
98764,1874,Immune
98765,1875,Immune
98766,1876,unassigned
98767,1846,unassigned
98768,1846,unassigned
98769,1880,Astro-Epen
98770,1846,unassigned
98771,1848,Astro-Epen
98772,1847,Astro-Epen
98773,1846,unassigned
98774,1877,Immune
98775,1875,Immune
98776,1846,unassigned
98777,1886,unassigned
98778,1846,unassigned
98779,1846,unassigned
98780,1846,unassigned
98781,1846,unassigned
98782,1848,Astro-Epen
98783,1846,unassigned
98784,1880,Astro-Epen
98785,1846,unassigned
98786,1847,Astro-Epen
98787,1846,unassigned
98788,1884,unassigned
98789,1857,Astro-Epen
98790,1846,unassigned
98791,1856,Astro-Epen
98792,1846,unassigned
98793,1846,unassigned
98794,1846,unassigned
98795,1869,Astro-Epen
98796,1846,unassigned
98797,1846,unassigned
98798,1846,unassigned
98799,1846,unassigned
98800,1846,unassigned
98801,1846,unassigned
98802,1857,Astro-Epen
98803,1846,unassigned
98804,1874,Immune
98805,1846,unassigned
98806,1874,Immune
98807,1846,unassigned
98808,1846,unassigned
98809,1846,unassigned
98810,1846,unassigned
98811,1846,unassigned
98812,1846,unassigned
98813,1846,unassigned
98814,1846,unassigned
98815,1874,Immune
98816,1846,unassigned
98817,1846,unassigned
98818,1856,Astro-Epen
98819,1846,unassigned
98820,1846,unassigned
98821,1846,unassigned
98822,1846,unassigned
98823,1877,Immune
98824,1846,unassigned
98825,1876,unassigned
98826,1846,unassigned
98827,1889,unassigned
98828,1846,unassigned
98829,1846,unassigned
98830,1846,unassigned
98831,1847,Astro-Epen
98832,1846,unassigned
98833,1884,unassigned
98834,1846,unassigned
98835,1846,unassigned
98836,1868,Astro-Epen
98837,1868,Astro-Epen
98838,1846,unassigned
98839,1874,Immune
98840,1849,Astro-Epen
98841,1870,unassigned
98842,1846,unassigned
98843,1856,Astro-Epen
98844,1846,unassigned
98845,1846,unassigned
98846,1847,Astro-Epen
98847,1857,Astro-Epen
98848,1846,unassigned
98849,1846,unassigned
98850,1846,unassigned
98851,1846,unassigned
98852,1846,unassigned
98853,1846,unassigned
98854,1868,Astro-Epen
98855,1877,Immune
98856,1877,Immune
98857,1877,Immune
98858,1875,Immune
98859,1846,unassigned
98860,1846,unassigned
98861,1846,unassigned
98862,1846,unassigned
98863,1884,unassigned
98864,1891,unassigned
98865,1846,unassigned
98866,1868,Astro-Epen
98867,1846,unassigned
98868,1846,unassigned
98869,1846,unassigned
98870,1846,unassigned
98871,1890,Astro-Epen
98872,1856,Astro-Epen
98873,1889,unassigned
98874,1848,Astro-Epen
98875,1846,unassigned
98876,1846,unassigned
98877,1846,unassigned
98878,1877,Immune
98879,1849,Astro-Epen
98880,1875,Immune
98881,1846,unassigned
98882,1846,unassigned
98883,1846,unassigned
98884,1846,unassigned
98885,1846,unassigned
98886,1846,unassigned
98887,1846,unassigned
98888,1846,unassigned
98889,1846,unassigned
98890,1846,unassigned
98891,1890,Astro-Epen
98892,1846,unassigned
98893,1846,unassigned
98894,1874,Immune
98895,1846,unassigned
98896,1886,unassigned
98897,1846,unassigned
98898,1873,Astro-Epen
98899,1846,unassigned
98900,1846,unassigned
98901,1869,Astro-Epen
98902,1846,unassigned
98903,1846,unassigned
98904,1848,Astro-Epen
98905,1847,Astro-Epen
98906,1846,unassigned
98907,1846,unassigned
98908,1884,unassigned
98909,1846,unassigned
98910,1874,Immune
98911,1846,unassigned
98912,1875,Immune
98913,1874,Immune
98914,1846,unassigned
98915,1846,unassigned
98916,1846,unassigned
98917,1846,unassigned
98918,1846,unassigned
98919,1846,unassigned
98920,1846,unassigned
98921,1857,Astro-Epen
98922,1846,unassigned
98923,1846,unassigned
98924,1846,unassigned
98925,1846,unassigned
98926,1846,unassigned
98927,1847,Astro-Epen
98928,1846,unassigned
98929,1846,unassigned
98930,1878,Astro-Epen
98931,1846,unassigned
98932,1846,unassigned
98933,1846,unassigned
98934,1889,unassigned
98935,1847,Astro-Epen
98936,1847,Astro-Epen
98937,1847,Astro-Epen
98938,1846,unassigned
98939,1846,unassigned
98940,1846,unassigned
98941,1857,Astro-Epen
98942,1846,unassigned
98943,1846,unassigned
98944,1846,unassigned
98945,1846,unassigned
98946,1846,unassigned
98947,1890,Astro-Epen
98948,1846,unassigned
98949,1892,unassigned
98950,1846,unassigned
98951,1846,unassigned
98952,1846,unassigned
98953,1868,Astro-Epen
98954,1846,unassigned
98955,1846,unassigned
98956,1846,unassigned
98957,1846,unassigned
98958,1846,unassigned
98959,1846,unassigned
98960,1846,unassigned
98961,1846,unassigned
98962,1888,unassigned
98963,1846,unassigned
98964,1846,unassigned
98965,1846,unassigned
98966,1846,unassigned
98967,1846,unassigned
98968,1846,unassigned
98969,1846,unassigned
98970,1846,unassigned
98971,1846,unassigned
98972,1846,unassigned
98973,1846,unassigned
98974,1880,Astro-Epen
98975,1846,unassigned
98976,1846,unassigned
98977,1868,Astro-Epen
98978,1846,unassigned
98979,1878,Astro-Epen
98980,1876,unassigned
98981,1846,unassigned
98982,1846,unassigned
98983,1893,unassigned
98984,1893,unassigned
98985,1846,unassigned
98986,1846,unassigned
98987,1846,unassigned
98988,1846,unassigned
98989,1870,unassigned
98990,1846,unassigned
98991,1846,unassigned
98992,1846,unassigned
98993,1846,unassigned
98994,1880,Astro-Epen
98995,1846,unassigned
98996,1846,unassigned
98997,1846,unassigned
98998,1846,unassigned
98999,1849,Astro-Epen
99000,1846,unassigned
99001,1846,unassigned
99002,1846,unassigned
99003,1846,unassigned
99004,1890,Astro-Epen
99005,1846,unassigned
99006,1893,unassigned
99007,1846,unassigned
99008,1846,unassigned
99009,1846,unassigned
99010,1846,unassigned
99011,1846,unassigned
99012,1874,Immune
99013,1846,unassigned
99014,1846,unassigned
99015,1846,unassigned
99016,1846,unassigned
99017,1882,unassigned
99018,1889,unassigned
99019,1846,unassigned
99020,1846,unassigned
99021,1846,unassigned
99022,1847,Astro-Epen
99023,1846,unassigned
99024,1846,unassigned
99025,1846,unassigned
99026,1846,unassigned
99027,1846,unassigned
99028,1893,unassigned
99029,1846,unassigned
99030,1846,unassigned
99031,1846,unassigned
99032,1846,unassigned
99033,1878,Astro-Epen
99034,1846,unassigned
99035,1846,unassigned
99036,1873,Astro-Epen
99037,1846,unassigned
99038,1846,unassigned
99039,1846,unassigned
99040,1846,unassigned
99041,1880,Astro-Epen
99042,1846,unassigned
99043,1846,unassigned
99044,1868,Astro-Epen
99045,1846,unassigned
99046,1886,unassigned
99047,1846,unassigned
99048,1846,unassigned
99049,1846,unassigned
99050,1846,unassigned
99051,1847,Astro-Epen
99052,1868,Astro-Epen
99053,1846,unassigned
99054,1878,Astro-Epen
99055,1856,Astro-Epen
99056,1846,unassigned
99057,1846,unassigned
99058,1846,unassigned
99059,1846,unassigned
99060,1848,Astro-Epen
99061,1846,unassigned
99062,1848,Astro-Epen
99063,1846,unassigned
99064,1846,unassigned
99065,1884,unassigned
99066,1846,unassigned
99067,1846,unassigned
99068,1846,unassigned
99069,1846,unassigned
99070,1846,unassigned
99071,1890,Astro-Epen
99072,1846,unassigned
99073,1846,unassigned
99074,1846,unassigned
99075,1846,unassigned
99076,1846,unassigned
99077,1846,unassigned
99078,1846,unassigned
99079,1846,unassigned
99080,1846,unassigned
99081,1846,unassigned
99082,1886,unassigned
99083,1846,unassigned
99084,1846,unassigned
99085,1846,unassigned
99086,1846,unassigned
99087,1846,unassigned
99088,1846,unassigned
99089,1846,unassigned
99090,1846,unassigned
99091,1846,unassigned
99092,1874,Immune
99093,1874,Immune
99094,1846,unassigned
99095,1856,Astro-Epen
99096,1846,unassigned
99097,1846,unassigned
99098,1846,unassigned
99099,1846,unassigned
99100,1846,unassigned
99101,1846,unassigned
99102,1846,unassigned
99103,1846,unassigned
99104,1846,unassigned
99105,1868,Astro-Epen
99106,1846,unassigned
99107,1846,unassigned
99108,1878,Astro-Epen
99109,1846,unassigned
99110,1875,Immune
99111,1874,Immune
99112,1849,Astro-Epen
99113,1875,Immune
99114,1870,unassigned
99115,1846,unassigned
99116,1846,unassigned
99117,1846,unassigned
99118,1846,unassigned
99119,1846,unassigned
99120,1846,unassigned
99121,1846,unassigned
99122,1884,unassigned
99123,1846,unassigned
99124,1846,unassigned
99125,1876,unassigned
99126,1846,unassigned
99127,1846,unassigned
99128,1889,unassigned
99129,1846,unassigned
99130,1846,unassigned
99131,1846,unassigned
99132,1846,unassigned
99133,1846,unassigned
99134,1846,unassigned
99135,1848,Astro-Epen
99136,1846,unassigned
99137,1846,unassigned
99138,1846,unassigned
99139,1849,Astro-Epen
99140,1846,unassigned
99141,1846,unassigned
99142,1846,unassigned
99143,1846,unassigned
99144,1846,unassigned
99145,1846,unassigned
99146,1846,unassigned
99147,1846,unassigned
99148,1846,unassigned
99149,1846,unassigned
99150,1846,unassigned
99151,1846,unassigned
99152,1846,unassigned
99153,1846,unassigned
99154,1868,Astro-Epen
99155,1846,unassigned
99156,1846,unassigned
99157,1846,unassigned
99158,1846,unassigned
99159,1869,Astro-Epen
99160,1846,unassigned
99161,1846,unassigned
99162,1846,unassigned
99163,1846,unassigned
99164,1846,unassigned
99165,1846,unassigned
99166,1846,unassigned
99167,1846,unassigned
99168,1875,Immune
99169,1878,Astro-Epen
99170,1874,Immune
99171,1846,unassigned
99172,1846,unassigned
99173,1873,Astro-Epen
99174,1873,Astro-Epen
99175,1856,Astro-Epen
99176,1856,Astro-Epen
99177,1846,unassigned
99178,1846,unassigned
99179,1856,Astro-Epen
99180,1846,unassigned
99181,1846,unassigned
99182,1846,unassigned
99183,1846,unassigned
99184,1846,unassigned
99185,1846,unassigned
99186,1846,unassigned
99187,1846,unassigned
99188,1884,unassigned
99189,1846,unassigned
99190,1846,unassigned
99191,1846,unassigned
99192,1846,unassigned
99193,1846,unassigned
99194,1846,unassigned
99195,1848,Astro-Epen
99196,1846,unassigned
99197,1846,unassigned
99198,1846,unassigned
99199,1846,unassigned
99200,1874,Immune
99201,1846,unassigned
99202,1846,unassigned
99203,1846,unassigned
99204,1873,Astro-Epen
99205,1846,unassigned
99206,1846,unassigned
99207,1846,unassigned
99208,1846,unassigned
99209,1846,unassigned
99210,1846,unassigned
99211,1880,Astro-Epen
99212,1846,unassigned
99213,1846,unassigned
99214,1846,unassigned
99215,1846,unassigned
99216,1856,Astro-Epen
99217,1846,unassigned
99218,1846,unassigned
99219,1846,unassigned
99220,1846,unassigned
99221,1846,unassigned
99222,1846,unassigned
99223,1846,unassigned
99224,1846,unassigned
99225,1846,unassigned
99226,1846,unassigned
99227,1846,unassigned
99228,1877,Immune
99229,1846,unassigned
99230,1846,unassigned
99231,1846,unassigned
99232,1846,unassigned
99233,1869,Astro-Epen
99234,1846,unassigned
99235,1846,unassigned
99236,1846,unassigned
99237,1848,Astro-Epen
99238,1846,unassigned
99239,1846,unassigned
99240,1846,unassigned
99241,1868,Astro-Epen
99242,1878,Astro-Epen
99243,1886,unassigned
99244,1846,unassigned
99245,1846,unassigned
99246,1889,unassigned
99247,1846,unassigned
99248,1846,unassigned
99249,1846,unassigned
99250,1846,unassigned
99251,1846,unassigned
99252,1846,unassigned
99253,1846,unassigned
99254,1846,unassigned
99255,1846,unassigned
99256,1846,unassigned
99257,1877,Immune
99258,1874,Immune
99259,1846,unassigned
99260,1846,unassigned
99261,1874,Immune
99262,1874,Immune
99263,1875,Immune
99264,1846,unassigned
99265,1846,unassigned
99266,1846,unassigned
99267,1846,unassigned
99268,1846,unassigned
99269,1891,unassigned
99270,1846,unassigned
99271,1846,unassigned
99272,1846,unassigned
99273,1846,unassigned
99274,1878,Astro-Epen
99275,1846,unassigned
99276,1846,unassigned
99277,1846,unassigned
99278,1846,unassigned
99279,1846,unassigned
99280,1846,unassigned
99281,1846,unassigned
99282,1846,unassigned
99283,1846,unassigned
99284,1846,unassigned
99285,1846,unassigned
99286,1877,Immune
99287,1846,unassigned
99288,1846,unassigned
99289,1846,unassigned
99290,1846,unassigned
99291,1846,unassigned
99292,1846,unassigned
99293,1846,unassigned
99294,1847,Astro-Epen
99295,1846,unassigned
99296,1846,unassigned
99297,1884,unassigned
99298,1846,unassigned
99299,1868,Astro-Epen
99300,1846,unassigned
99301,1846,unassigned
99302,1878,Astro-Epen
99303,1878,Astro-Epen
99304,1846,unassigned
99305,1878,Astro-Epen
99306,1878,Astro-Epen
99307,1846,unassigned
99308,1846,unassigned
99309,1846,unassigned
99310,1846,unassigned
99311,1846,unassigned
99312,1846,unassigned
99313,1868,Astro-Epen
99314,1846,unassigned
99315,1849,Astro-Epen
99316,1875,Immune
99317,1846,unassigned
99318,1846,unassigned
99319,1846,unassigned
99320,1846,unassigned
99321,1846,unassigned
99322,1846,unassigned
99323,1846,unassigned
99324,1846,unassigned
99325,1846,unassigned
99326,1846,unassigned
99327,1846,unassigned
99328,1846,unassigned
99329,1846,unassigned
99330,1846,unassigned
99331,1877,Immune
99332,1894,unassigned
99333,1846,unassigned
99334,1846,unassigned
99335,1846,unassigned
99336,1846,unassigned
99337,1846,unassigned
99338,1846,unassigned
99339,1846,unassigned
99340,1846,unassigned
99341,1846,unassigned
99342,1846,unassigned
99343,1846,unassigned
99344,1846,unassigned
99345,1846,unassigned
99346,1846,unassigned
99347,1846,unassigned
99348,1846,unassigned
99349,1846,unassigned
99350,1846,unassigned
99351,1846,unassigned
99352,1848,Astro-Epen
99353,1846,unassigned
99354,1846,unassigned
99355,1846,unassigned
99356,1891,unassigned
99357,1891,unassigned
99358,1868,Astro-Epen
99359,1846,unassigned
99360,1868,Astro-Epen
99361,1846,unassigned
99362,1874,Immune
99363,1846,unassigned
99364,1846,unassigned
99365,1895,unassigned
99366,1846,unassigned
99367,1846,unassigned
99368,1846,unassigned
99369,1846,unassigned
99370,1846,unassigned
99371,1846,unassigned
99372,1846,unassigned
99373,1848,Astro-Epen
99374,1846,unassigned
99375,1896,unassigned
99376,1891,unassigned
99377,1891,unassigned
99378,1846,unassigned
99379,1874,Immune
99380,1878,Astro-Epen
99381,1849,Astro-Epen
99382,1846,unassigned
99383,1846,unassigned
99384,1846,unassigned
99385,1846,unassigned
99386,1846,unassigned
99387,1846,unassigned
99388,1846,unassigned
99389,1846,unassigned
99390,1846,unassigned
99391,1846,unassigned
99392,1846,unassigned
99393,1846,unassigned
99394,1846,unassigned
99395,1880,Astro-Epen
99396,1846,unassigned
99397,1846,unassigned
99398,1846,unassigned
99399,1875,Immune
99400,1846,unassigned
99401,1889,unassigned
99402,1889,unassigned
99403,1846,unassigned
99404,1846,unassigned
99405,1846,unassigned
99406,1846,unassigned
99407,1846,unassigned
99408,1846,unassigned
99409,1846,unassigned
99410,1846,unassigned
99411,1846,unassigned
99412,1846,unassigned
99413,1880,Astro-Epen
99414,1880,Astro-Epen
99415,1847,Astro-Epen
99416,1891,unassigned
99417,1891,unassigned
99418,1846,unassigned
99419,1846,unassigned
99420,1846,unassigned
99421,1846,unassigned
99422,1846,unassigned
99423,1846,unassigned
99424,1846,unassigned
99425,1846,unassigned
99426,1846,unassigned
99427,1846,unassigned
99428,1846,unassigned
99429,1846,unassigned
99430,1846,unassigned
99431,1846,unassigned
99432,1896,unassigned
99433,1846,unassigned
99434,1846,unassigned
99435,1846,unassigned
99436,1846,unassigned
99437,1846,unassigned
99438,1846,unassigned
99439,1846,unassigned
99440,1846,unassigned
99441,1846,unassigned
99442,1846,unassigned
99443,1846,unassigned
99444,1846,unassigned
99445,1846,unassigned
99446,1846,unassigned
99447,1868,Astro-Epen
99448,1878,Astro-Epen
99449,1877,Immune
99450,1846,unassigned
99451,1846,unassigned
99452,1846,unassigned
99453,1846,unassigned
99454,1846,unassigned
99455,1846,unassigned
99456,1846,unassigned
99457,1846,unassigned
99458,1846,unassigned
99459,1846,unassigned
99460,1846,unassigned
99461,1846,unassigned
99462,1846,unassigned
99463,1846,unassigned
99464,1846,unassigned
99465,1874,Immune
99466,1846,unassigned
99467,1846,unassigned
99468,1846,unassigned
99469,1856,Astro-Epen
99470,1846,unassigned
99471,1846,unassigned
99472,1846,unassigned
99473,1846,unassigned
99474,1846,unassigned
99475,1846,unassigned
99476,1846,unassigned
99477,1857,Astro-Epen
99478,1846,unassigned
99479,1877,Immune
99480,1846,unassigned
99481,1874,Immune
99482,1875,Immune
99483,1846,unassigned
99484,1846,unassigned
99485,1846,unassigned
99486,1846,unassigned
99487,1846,unassigned
99488,1846,unassigned
99489,1846,unassigned
99490,1846,unassigned
99491,1846,unassigned
99492,1846,unassigned
99493,1846,unassigned
99494,1846,unassigned
99495,1846,unassigned
99496,1846,unassigned
99497,1846,unassigned
99498,1884,unassigned
99499,1846,unassigned
99500,1846,unassigned
99501,1877,Immune
99502,1846,unassigned
99503,1878,Astro-Epen
99504,1846,unassigned
99505,1846,unassigned
99506,1846,unassigned
99507,1846,unassigned
99508,1846,unassigned
99509,1846,unassigned
99510,1846,unassigned
99511,1846,unassigned
99512,1846,unassigned
99513,1846,unassigned
99514,1846,unassigned
99515,1846,unassigned
99516,1846,unassigned
99517,1846,unassigned
99518,1846,unassigned
99519,1868,Astro-Epen
99520,1878,Astro-Epen
99521,1874,Immune
99522,1846,unassigned
99523,1878,Astro-Epen
99524,1846,unassigned
99525,1846,unassigned
99526,1846,unassigned
99527,1846,unassigned
99528,1846,unassigned
99529,1846,unassigned
99530,1846,unassigned
99531,1846,unassigned
99532,1846,unassigned
99533,1846,unassigned
99534,1846,unassigned
99535,1846,unassigned
99536,1846,unassigned
99537,1846,unassigned
99538,1846,unassigned
99539,1846,unassigned
99540,1846,unassigned
99541,1846,unassigned
99542,1846,unassigned
99543,1868,Astro-Epen
99544,1846,unassigned
99545,1846,unassigned
99546,1846,unassigned
99547,1846,unassigned
99548,1846,unassigned
99549,1846,unassigned
99550,1846,unassigned
99551,1846,unassigned
99552,1846,unassigned
99553,1846,unassigned
99554,1884,unassigned
99555,1846,unassigned
99556,1846,unassigned
99557,1846,unassigned
99558,1874,Immune
99559,1846,unassigned
99560,1846,unassigned
99561,1846,unassigned
99562,1846,unassigned
99563,1846,unassigned
99564,1890,Astro-Epen
99565,1890,Astro-Epen
99566,1846,unassigned
99567,1846,unassigned
99568,1846,unassigned
99569,1846,unassigned
99570,1846,unassigned
99571,1846,unassigned
99572,1846,unassigned
99573,1846,unassigned
99574,1846,unassigned
99575,1846,unassigned
99576,1846,unassigned
99577,1846,unassigned
99578,1874,Immune
99579,1846,unassigned
99580,1846,unassigned
99581,1846,unassigned
99582,1846,unassigned
99583,1846,unassigned
99584,1846,unassigned
99585,1846,unassigned
99586,1846,unassigned
99587,1878,Astro-Epen
99588,1846,unassigned
99589,1846,unassigned
99590,1846,unassigned
99591,1878,Astro-Epen
99592,1846,unassigned
99593,1846,unassigned
99594,1846,unassigned
99595,1846,unassigned
99596,1846,unassigned
99597,1846,unassigned
99598,1846,unassigned
99599,1846,unassigned
99600,1846,unassigned
99601,1846,unassigned
99602,1847,Astro-Epen
99603,1846,unassigned
99604,1846,unassigned
99605,1884,unassigned
99606,1846,unassigned
99607,1846,unassigned
99608,1878,Astro-Epen
99609,1846,unassigned
99610,1846,unassigned
99611,1846,unassigned
99612,1846,unassigned
99613,1846,unassigned
99614,1846,unassigned
99615,1846,unassigned
99616,1846,unassigned
99617,1846,unassigned
99618,1847,Astro-Epen
99619,1846,unassigned
99620,1846,unassigned
99621,1846,unassigned
99622,1846,unassigned
99623,1846,unassigned
99624,1846,unassigned
99625,1846,unassigned
99626,1846,unassigned
99627,1846,unassigned
99628,1846,unassigned
99629,1846,unassigned
99630,1846,unassigned
99631,1896,unassigned
99632,1846,unassigned
99633,1868,Astro-Epen
99634,1846,unassigned
99635,1846,unassigned
99636,1874,Immune
99637,1846,unassigned
99638,1846,unassigned
99639,1846,unassigned
99640,1846,unassigned
99641,1846,unassigned
99642,1847,Astro-Epen
99643,1846,unassigned
99644,1846,unassigned
99645,1846,unassigned
99646,1896,unassigned
99647,1884,unassigned
99648,1846,unassigned
99649,1846,unassigned
99650,1846,unassigned
99651,1846,unassigned
99652,1846,unassigned
99653,1846,unassigned
99654,1846,unassigned
99655,1846,unassigned
99656,1846,unassigned
99657,1846,unassigned
99658,1846,unassigned
99659,1846,unassigned
99660,1846,unassigned
99661,1847,Astro-Epen
99662,1846,unassigned
99663,1846,unassigned
99664,1878,Astro-Epen
99665,1846,unassigned
99666,1846,unassigned
99667,1846,unassigned
99668,1846,unassigned
99669,1846,unassigned
99670,1846,unassigned
99671,1846,unassigned
99672,1846,unassigned
99673,1846,unassigned
99674,1846,unassigned
99675,1846,unassigned
99676,1846,unassigned
99677,1846,unassigned
99678,1846,unassigned
99679,1846,unassigned
99680,1846,unassigned
99681,1880,Astro-Epen
99682,1846,unassigned
99683,1847,Astro-Epen
99684,1846,unassigned
99685,1846,unassigned
99686,1846,unassigned
99687,1846,unassigned
99688,1846,unassigned
99689,1846,unassigned
99690,1846,unassigned
99691,1868,Astro-Epen
99692,1846,unassigned
99693,1846,unassigned
99694,1846,unassigned
99695,1846,unassigned
99696,1846,unassigned
99697,1878,Astro-Epen
99698,1874,Immune
99699,1878,Astro-Epen
99700,1430,unassigned
99701,1430,unassigned
99702,1430,unassigned
99703,1430,unassigned
99704,1430,unassigned
99705,1430,unassigned
99706,1430,unassigned
99707,1430,unassigned
99708,1429,Excitatory_Neuron
99709,1430,unassigned
99710,1430,unassigned
99711,1430,unassigned
99712,1430,unassigned
99713,1430,unassigned
99714,1429,Excitatory_Neuron
99715,1429,Excitatory_Neuron
99716,1430,unassigned
99717,1430,unassigned
99718,1430,unassigned
99719,1430,unassigned
99720,1436,unassigned
99721,1430,unassigned
99722,1430,unassigned
99723,1429,Excitatory_Neuron
99724,1430,unassigned
99725,1430,unassigned
99726,1897,unassigned
99727,1436,unassigned
99728,1430,unassigned
99729,1430,unassigned
99730,1436,unassigned
99731,1430,unassigned
99732,1430,unassigned
99733,1430,unassigned
99734,1430,unassigned
99735,1430,unassigned
99736,1430,unassigned
99737,1436,unassigned
99738,1429,Excitatory_Neuron
99739,1430,unassigned
99740,1430,unassigned
99741,1430,unassigned
99742,1430,unassigned
99743,1430,unassigned
99744,1430,unassigned
99745,1430,unassigned
99746,1430,unassigned
99747,1430,unassigned
99748,1430,unassigned
99749,1430,unassigned
99750,1430,unassigned
99751,1430,unassigned
99752,1897,unassigned
99753,1430,unassigned
99754,1430,unassigned
99755,1430,unassigned
99756,1430,unassigned
99757,1430,unassigned
99758,1430,unassigned
99759,1430,unassigned
99760,1430,unassigned
99761,1897,unassigned
99762,1436,unassigned
99763,1430,unassigned
99764,1430,unassigned
99765,1430,unassigned
99766,1430,unassigned
99767,1430,unassigned
99768,1430,unassigned
99769,1430,unassigned
99770,1430,unassigned
99771,1430,unassigned
99772,1430,unassigned
99773,1430,unassigned
99774,1430,unassigned
99775,1430,unassigned
99776,1430,unassigned
99777,1430,unassigned
99778,1430,unassigned
99779,1430,unassigned
99780,1430,unassigned
99781,1430,unassigned
99782,1430,unassigned
99783,1430,unassigned
99784,1430,unassigned
99785,1430,unassigned
99786,1430,unassigned
99787,1430,unassigned
99788,1430,unassigned
99789,1430,unassigned
99790,1430,unassigned
99791,1430,unassigned
99792,1430,unassigned
99793,1430,unassigned
99794,1430,unassigned
99795,1430,unassigned
99796,1430,unassigned
99797,1430,unassigned
99798,1430,unassigned
99799,1430,unassigned
99800,1430,unassigned
99801,1430,unassigned
99802,1430,unassigned
99803,1430,unassigned
99804,1429,Excitatory_Neuron
99805,1430,unassigned
99806,1430,unassigned
99807,1430,unassigned
99808,1430,unassigned
99809,1430,unassigned
99810,1430,unassigned
99811,1429,Excitatory_Neuron
99812,1430,unassigned
99813,1430,unassigned
99814,1430,unassigned
99815,1430,unassigned
99816,1430,unassigned
99817,1430,unassigned
99818,1430,unassigned
99819,1430,unassigned
99820,1430,unassigned
99821,1430,unassigned
99822,1430,unassigned
99823,1430,unassigned
99824,1430,unassigned
99825,1430,unassigned
99826,1430,unassigned
99827,1430,unassigned
99828,1436,unassigned
99829,1430,unassigned
99830,1430,unassigned
99831,1430,unassigned
99832,1430,unassigned
99833,1430,unassigned
99834,1430,unassigned
99835,1430,unassigned
99836,1430,unassigned
99837,1456,Excitatory_Neuron
99838,1430,unassigned
99839,1430,unassigned
99840,1430,unassigned
99841,1430,unassigned
99842,1430,unassigned
99843,1430,unassigned
99844,1430,unassigned
99845,1430,unassigned
99846,1430,unassigned
99847,1430,unassigned
99848,1430,unassigned
99849,1430,unassigned
99850,1430,unassigned
99851,1430,unassigned
99852,1430,unassigned
99853,1430,unassigned
99854,1430,unassigned
99855,1430,unassigned
99856,1430,unassigned
99857,1430,unassigned
99858,1430,unassigned
99859,1430,unassigned
99860,1430,unassigned
99861,1430,unassigned
99862,1430,unassigned
99863,1430,unassigned
99864,1430,unassigned
99865,1430,unassigned
99866,1430,unassigned
99867,1430,unassigned
99868,1430,unassigned
99869,1430,unassigned
99870,1430,unassigned
99871,1430,unassigned
99872,1430,unassigned
99873,1430,unassigned
99874,1430,unassigned
99875,1430,unassigned
99876,1430,unassigned
99877,1430,unassigned
99878,1430,unassigned
99879,1430,unassigned
99880,1430,unassigned
99881,1430,unassigned
99882,1430,unassigned
99883,1430,unassigned
99884,1430,unassigned
99885,1430,unassigned
99886,1430,unassigned
99887,1430,unassigned
99888,1430,unassigned
99889,1456,Excitatory_Neuron
99890,1430,unassigned
99891,1430,unassigned
99892,1430,unassigned
99893,1430,unassigned
99894,1430,unassigned
99895,1430,unassigned
99896,1430,unassigned
99897,1430,unassigned
99898,1429,Excitatory_Neuron
99899,1430,unassigned
99900,1430,unassigned
99901,1430,unassigned
99902,1430,unassigned
99903,1430,unassigned
99904,1430,unassigned
99905,1430,unassigned
99906,1430,unassigned
99907,1430,unassigned
99908,1430,unassigned
99909,1430,unassigned
99910,1430,unassigned
99911,1430,unassigned
99912,1430,unassigned
99913,1430,unassigned
99914,1430,unassigned
99915,1430,unassigned
99916,1430,unassigned
99917,1430,unassigned
99918,1430,unassigned
99919,1430,unassigned
99920,1430,unassigned
99921,1430,unassigned
99922,1430,unassigned
99923,1430,unassigned
99924,1430,unassigned
99925,1430,unassigned
99926,1430,unassigned
99927,1430,unassigned
99928,1430,unassigned
99929,1430,unassigned
99930,1430,unassigned
99931,1459,Excitatory_Neuron
99932,1430,unassigned
99933,1430,unassigned
99934,1430,unassigned
99935,1430,unassigned
99936,1430,unassigned
99937,1430,unassigned
99938,1430,unassigned
99939,1456,Excitatory_Neuron
99940,1430,unassigned
99941,1430,unassigned
99942,1430,unassigned
99943,1430,unassigned
99944,1430,unassigned
99945,1430,unassigned
99946,1430,unassigned
99947,1430,unassigned
99948,1459,Excitatory_Neuron
99949,1430,unassigned
99950,1430,unassigned
99951,1430,unassigned
99952,1430,unassigned
99953,1430,unassigned
99954,1430,unassigned
99955,1430,unassigned
99956,1430,unassigned
99957,1430,unassigned
99958,1430,unassigned
99959,1430,unassigned
99960,1430,unassigned
99961,1430,unassigned
99962,1430,unassigned
99963,1430,unassigned
99964,1430,unassigned
99965,1430,unassigned
99966,1430,unassigned
99967,1430,unassigned
99968,1430,unassigned
99969,1430,unassigned
99970,1430,unassigned
99971,1430,unassigned
99972,1430,unassigned
99973,1430,unassigned
99974,1430,unassigned
99975,1430,unassigned
99976,1430,unassigned
99977,1430,unassigned
99978,1430,unassigned
99979,1430,unassigned
99980,1430,unassigned
99981,1430,unassigned
99982,1459,Excitatory_Neuron
99983,1430,unassigned
99984,1430,unassigned
99985,1430,unassigned
99986,1430,unassigned
99987,1430,unassigned
99988,1430,unassigned
99989,1430,unassigned
99990,1430,unassigned
99991,1430,unassigned
99992,1430,unassigned
99993,1430,unassigned
99994,1430,unassigned
99995,1430,unassigned
99996,1430,unassigned
99997,1430,unassigned
99998,1430,unassigned
99999,1430,unassigned
100000,1430,unassigned
100001,1430,unassigned
100002,1430,unassigned
100003,1430,unassigned
100004,1430,unassigned
100005,1430,unassigned
100006,1430,unassigned
100007,1430,unassigned
100008,1430,unassigned
100009,1430,unassigned
100010,1430,unassigned
100011,1430,unassigned
100012,1430,unassigned
100013,1430,unassigned
100014,1430,unassigned
100015,1430,unassigned
100016,1430,unassigned
100017,1430,unassigned
100018,1430,unassigned
100019,1430,unassigned
100020,1430,unassigned
100021,1459,Excitatory_Neuron
100022,1430,unassigned
100023,1430,unassigned
100024,1430,unassigned
100025,1430,unassigned
100026,1430,unassigned
100027,1430,unassigned
100028,1430,unassigned
100029,1430,unassigned
100030,1430,unassigned
100031,1430,unassigned
100032,1430,unassigned
100033,1430,unassigned
100034,1430,unassigned
100035,1430,unassigned
100036,1430,unassigned
100037,1430,unassigned
100038,1430,unassigned
100039,1430,unassigned
100040,1430,unassigned
100041,1430,unassigned
100042,1430,unassigned
100043,1430,unassigned
100044,1430,unassigned
100045,1430,unassigned
100046,1898,unassigned
100047,1430,unassigned
100048,1430,unassigned
100049,1430,unassigned
100050,1430,unassigned
100051,1430,unassigned
100052,1430,unassigned
100053,1430,unassigned
100054,1430,unassigned
100055,1430,unassigned
100056,1430,unassigned
100057,1430,unassigned
100058,1430,unassigned
100059,1430,unassigned
100060,1430,unassigned
100061,1430,unassigned
100062,1430,unassigned
100063,1430,unassigned
100064,1430,unassigned
100065,1899,unassigned
100066,727,unassigned
100067,727,unassigned
100068,727,unassigned
100069,727,unassigned
100070,727,unassigned
100071,727,unassigned
100072,1900,Immune
100073,1900,Immune
100074,1901,unassigned
100075,727,unassigned
100076,1902,Excitatory_Neuron
100077,1902,Excitatory_Neuron
100078,727,unassigned
100079,1902,Excitatory_Neuron
100080,727,unassigned
100081,727,unassigned
100082,727,unassigned
100083,727,unassigned
100084,727,unassigned
100085,727,unassigned
100086,727,unassigned
100087,727,unassigned
100088,727,unassigned
100089,727,unassigned
100090,727,unassigned
100091,727,unassigned
100092,727,unassigned
100093,727,unassigned
100094,727,unassigned
100095,727,unassigned
100096,1899,unassigned
100097,1899,unassigned
100098,727,unassigned
100099,727,unassigned
100100,727,unassigned
100101,1900,Immune
100102,727,unassigned
100103,1903,Immune
100104,727,unassigned
100105,727,unassigned
100106,727,unassigned
100107,727,unassigned
100108,727,unassigned
100109,727,unassigned
100110,727,unassigned
100111,727,unassigned
100112,727,unassigned
100113,727,unassigned
100114,727,unassigned
100115,1904,unassigned
100116,727,unassigned
100117,727,unassigned
100118,727,unassigned
100119,1900,Immune
100120,1905,GABA_Neuron
100121,1900,Immune
100122,727,unassigned
100123,727,unassigned
100124,727,unassigned
100125,727,unassigned
100126,727,unassigned
100127,727,unassigned
100128,727,unassigned
100129,727,unassigned
100130,727,unassigned
100131,727,unassigned
100132,727,unassigned
100133,727,unassigned
100134,727,unassigned
100135,727,unassigned
100136,727,unassigned
100137,727,unassigned
100138,727,unassigned
100139,727,unassigned
100140,727,unassigned
100141,727,unassigned
100142,727,unassigned
100143,727,unassigned
100144,727,unassigned
100145,727,unassigned
100146,727,unassigned
100147,727,unassigned
100148,727,unassigned
100149,727,unassigned
100150,727,unassigned
100151,727,unassigned
100152,727,unassigned
100153,727,unassigned
100154,1904,unassigned
100155,1904,unassigned
100156,744,Astro-Epen
100157,727,unassigned
100158,727,unassigned
100159,727,unassigned
100160,1906,Astro-Epen
100161,727,unassigned
100162,727,unassigned
100163,727,unassigned
100164,727,unassigned
100165,727,unassigned
100166,727,unassigned
100167,727,unassigned
100168,727,unassigned
100169,1900,Immune
100170,1900,Immune
100171,727,unassigned
100172,727,unassigned
100173,727,unassigned
100174,727,unassigned
100175,727,unassigned
100176,727,unassigned
100177,727,unassigned
100178,727,unassigned
100179,727,unassigned
100180,727,unassigned
100181,727,unassigned
100182,1900,Immune
100183,727,unassigned
100184,727,unassigned
100185,727,unassigned
100186,727,unassigned
100187,727,unassigned
100188,727,unassigned
100189,727,unassigned
100190,727,unassigned
100191,727,unassigned
100192,727,unassigned
100193,1900,Immune
100194,1903,Immune
100195,727,unassigned
100196,727,unassigned
100197,1907,Immune
100198,727,unassigned
100199,727,unassigned
100200,727,unassigned
100201,727,unassigned
100202,727,unassigned
100203,727,unassigned
100204,727,unassigned
100205,727,unassigned
100206,727,unassigned
100207,727,unassigned
100208,1904,unassigned
100209,1906,Astro-Epen
100210,1900,Immune
100211,1900,Immune
100212,1905,GABA_Neuron
100213,1908,unassigned
100214,727,unassigned
100215,727,unassigned
100216,727,unassigned
100217,727,unassigned
100218,1909,unassigned
100219,727,unassigned
100220,727,unassigned
100221,727,unassigned
100222,727,unassigned
100223,727,unassigned
100224,1910,Excitatory_Neuron
100225,727,unassigned
100226,727,unassigned
100227,1911,unassigned
100228,727,unassigned
100229,727,unassigned
100230,727,unassigned
100231,1912,Excitatory_Neuron
100232,727,unassigned
100233,727,unassigned
100234,727,unassigned
100235,727,unassigned
100236,727,unassigned
100237,727,unassigned
100238,1900,Immune
100239,1903,Immune
100240,727,unassigned
100241,727,unassigned
100242,727,unassigned
100243,1904,unassigned
100244,1899,unassigned
100245,727,unassigned
100246,727,unassigned
100247,727,unassigned
100248,727,unassigned
100249,1910,Excitatory_Neuron
100250,727,unassigned
100251,1913,Excitatory_Neuron
100252,727,unassigned
100253,1914,Immune
100254,727,unassigned
100255,1905,GABA_Neuron
100256,727,unassigned
100257,727,unassigned
100258,727,unassigned
100259,727,unassigned
100260,727,unassigned
100261,727,unassigned
100262,727,unassigned
100263,727,unassigned
100264,727,unassigned
100265,727,unassigned
100266,727,unassigned
100267,727,unassigned
100268,727,unassigned
100269,727,unassigned
100270,727,unassigned
100271,727,unassigned
100272,727,unassigned
100273,727,unassigned
100274,727,unassigned
100275,727,unassigned
100276,1900,Immune
100277,727,unassigned
100278,727,unassigned
100279,727,unassigned
100280,727,unassigned
100281,727,unassigned
100282,727,unassigned
100283,727,unassigned
100284,727,unassigned
100285,1910,Excitatory_Neuron
100286,1910,Excitatory_Neuron
100287,727,unassigned
100288,727,unassigned
100289,727,unassigned
100290,1905,GABA_Neuron
100291,727,unassigned
100292,727,unassigned
100293,727,unassigned
100294,727,unassigned
100295,727,unassigned
100296,727,unassigned
100297,1913,Excitatory_Neuron
100298,727,unassigned
100299,727,unassigned
100300,727,unassigned
100301,727,unassigned
100302,727,unassigned
100303,727,unassigned
100304,727,unassigned
100305,727,unassigned
100306,727,unassigned
100307,727,unassigned
100308,727,unassigned
100309,727,unassigned
100310,727,unassigned
100311,727,unassigned
100312,727,unassigned
100313,727,unassigned
100314,727,unassigned
100315,727,unassigned
100316,727,unassigned
100317,727,unassigned
100318,727,unassigned
100319,727,unassigned
100320,727,unassigned
100321,727,unassigned
100322,1900,Immune
100323,727,unassigned
100324,727,unassigned
100325,727,unassigned
100326,1907,Immune
100327,727,unassigned
100328,1906,Astro-Epen
100329,744,Astro-Epen
100330,727,unassigned
100331,727,unassigned
100332,1902,Excitatory_Neuron
100333,727,unassigned
100334,1915,unassigned
100335,727,unassigned
100336,727,unassigned
100337,727,unassigned
100338,727,unassigned
100339,727,unassigned
100340,727,unassigned
100341,727,unassigned
100342,727,unassigned
100343,727,unassigned
100344,727,unassigned
100345,1900,Immune
100346,1905,GABA_Neuron
100347,727,unassigned
100348,727,unassigned
100349,727,unassigned
100350,727,unassigned
100351,727,unassigned
100352,727,unassigned
100353,727,unassigned
100354,727,unassigned
100355,1902,Excitatory_Neuron
100356,1905,GABA_Neuron
100357,727,unassigned
100358,727,unassigned
100359,727,unassigned
100360,727,unassigned
100361,727,unassigned
100362,727,unassigned
100363,727,unassigned
100364,727,unassigned
100365,727,unassigned
100366,1910,Excitatory_Neuron
100367,727,unassigned
100368,727,unassigned
100369,727,unassigned
100370,727,unassigned
100371,727,unassigned
100372,727,unassigned
100373,727,unassigned
100374,727,unassigned
100375,727,unassigned
100376,727,unassigned
100377,727,unassigned
100378,1915,unassigned
100379,727,unassigned
100380,727,unassigned
100381,727,unassigned
100382,727,unassigned
100383,727,unassigned
100384,727,unassigned
100385,727,unassigned
100386,1913,Excitatory_Neuron
100387,1914,Immune
100388,727,unassigned
100389,1900,Immune
100390,1900,Immune
100391,727,unassigned
100392,727,unassigned
100393,727,unassigned
100394,727,unassigned
100395,727,unassigned
100396,727,unassigned
100397,727,unassigned
100398,727,unassigned
100399,727,unassigned
100400,1899,unassigned
100401,1915,unassigned
100402,727,unassigned
100403,727,unassigned
100404,727,unassigned
100405,1908,unassigned
100406,727,unassigned
100407,727,unassigned
100408,1901,unassigned
100409,1905,GABA_Neuron
100410,727,unassigned
100411,727,unassigned
100412,727,unassigned
100413,727,unassigned
100414,727,unassigned
100415,1910,Excitatory_Neuron
100416,727,unassigned
100417,727,unassigned
100418,727,unassigned
100419,1906,Astro-Epen
100420,727,unassigned
100421,1900,Immune
100422,1905,GABA_Neuron
100423,727,unassigned
100424,727,unassigned
100425,727,unassigned
100426,727,unassigned
100427,727,unassigned
100428,727,unassigned
100429,727,unassigned
100430,1905,GABA_Neuron
100431,1915,unassigned
100432,727,unassigned
100433,727,unassigned
100434,727,unassigned
100435,1903,Immune
100436,727,unassigned
100437,727,unassigned
100438,727,unassigned
100439,727,unassigned
100440,727,unassigned
100441,727,unassigned
100442,727,unassigned
100443,727,unassigned
100444,727,unassigned
100445,1902,Excitatory_Neuron
100446,1915,unassigned
100447,727,unassigned
100448,727,unassigned
100449,727,unassigned
100450,727,unassigned
100451,727,unassigned
100452,1913,Excitatory_Neuron
100453,727,unassigned
100454,727,unassigned
100455,727,unassigned
100456,727,unassigned
100457,1900,Immune
100458,727,unassigned
100459,1905,GABA_Neuron
100460,727,unassigned
100461,1912,Excitatory_Neuron
100462,1912,Excitatory_Neuron
100463,727,unassigned
100464,727,unassigned
100465,727,unassigned
100466,727,unassigned
100467,727,unassigned
100468,1914,Immune
100469,1901,unassigned
100470,1900,Immune
100471,1915,unassigned
100472,1915,unassigned
100473,727,unassigned
100474,727,unassigned
100475,727,unassigned
100476,727,unassigned
100477,727,unassigned
100478,727,unassigned
100479,727,unassigned
100480,727,unassigned
100481,727,unassigned
100482,1902,Excitatory_Neuron
100483,727,unassigned
100484,1903,Immune
100485,1912,Excitatory_Neuron
100486,727,unassigned
100487,727,unassigned
100488,727,unassigned
100489,727,unassigned
100490,727,unassigned
100491,744,Astro-Epen
100492,1902,Excitatory_Neuron
100493,727,unassigned
100494,727,unassigned
100495,1910,Excitatory_Neuron
100496,727,unassigned
100497,727,unassigned
100498,727,unassigned
100499,1912,Excitatory_Neuron
100500,727,unassigned
100501,727,unassigned
100502,1905,GABA_Neuron
100503,1905,GABA_Neuron
100504,727,unassigned
100505,727,unassigned
100506,727,unassigned
100507,1910,Excitatory_Neuron
100508,727,unassigned
100509,727,unassigned
100510,727,unassigned
100511,727,unassigned
100512,727,unassigned
100513,727,unassigned
100514,727,unassigned
100515,1912,Excitatory_Neuron
100516,1908,unassigned
100517,727,unassigned
100518,727,unassigned
100519,1910,Excitatory_Neuron
100520,727,unassigned
100521,727,unassigned
100522,727,unassigned
100523,727,unassigned
100524,727,unassigned
100525,1914,Immune
100526,727,unassigned
100527,1905,GABA_Neuron
100528,727,unassigned
100529,727,unassigned
100530,727,unassigned
100531,727,unassigned
100532,727,unassigned
100533,727,unassigned
100534,727,unassigned
100535,727,unassigned
100536,1905,GABA_Neuron
100537,1905,GABA_Neuron
100538,727,unassigned
100539,727,unassigned
100540,1903,Immune
100541,727,unassigned
100542,727,unassigned
100543,727,unassigned
100544,727,unassigned
100545,1906,Astro-Epen
100546,727,unassigned
100547,727,unassigned
100548,1908,unassigned
100549,727,unassigned
100550,727,unassigned
100551,727,unassigned
100552,1913,Excitatory_Neuron
100553,727,unassigned
100554,727,unassigned
100555,1899,unassigned
100556,1905,GABA_Neuron
100557,1912,Excitatory_Neuron
100558,727,unassigned
100559,1908,unassigned
100560,727,unassigned
100561,727,unassigned
100562,727,unassigned
100563,1913,Excitatory_Neuron
100564,727,unassigned
100565,1914,Immune
100566,727,unassigned
100567,727,unassigned
100568,727,unassigned
100569,727,unassigned
100570,727,unassigned
100571,727,unassigned
100572,1912,Excitatory_Neuron
100573,1908,unassigned
100574,727,unassigned
100575,727,unassigned
100576,727,unassigned
100577,1910,Excitatory_Neuron
100578,727,unassigned
100579,727,unassigned
100580,1899,unassigned
100581,1914,Immune
100582,1900,Immune
100583,1900,Immune
100584,727,unassigned
100585,1902,Excitatory_Neuron
100586,727,unassigned
100587,1903,Immune
100588,1912,Excitatory_Neuron
100589,727,unassigned
100590,727,unassigned
100591,727,unassigned
100592,727,unassigned
100593,727,unassigned
100594,1913,Excitatory_Neuron
100595,727,unassigned
100596,1907,Immune
100597,1914,Immune
100598,727,unassigned
100599,744,Astro-Epen
100600,727,unassigned
100601,727,unassigned
100602,1912,Excitatory_Neuron
100603,727,unassigned
100604,727,unassigned
100605,1910,Excitatory_Neuron
100606,727,unassigned
100607,727,unassigned
100608,727,unassigned
100609,1913,Excitatory_Neuron
100610,727,unassigned
100611,1907,Immune
100612,727,unassigned
100613,1900,Immune
100614,727,unassigned
100615,727,unassigned
100616,727,unassigned
100617,727,unassigned
100618,727,unassigned
100619,727,unassigned
100620,1907,Immune
100621,727,unassigned
100622,727,unassigned
100623,1904,unassigned
100624,1914,Immune
100625,1905,GABA_Neuron
100626,1902,Excitatory_Neuron
100627,727,unassigned
100628,727,unassigned
100629,1912,Excitatory_Neuron
100630,727,unassigned
100631,727,unassigned
100632,727,unassigned
100633,727,unassigned
100634,727,unassigned
100635,1899,unassigned
100636,1899,unassigned
100637,727,unassigned
100638,727,unassigned
100639,727,unassigned
100640,1903,Immune
100641,1903,Immune
100642,727,unassigned
100643,727,unassigned
100644,727,unassigned
100645,727,unassigned
100646,727,unassigned
100647,1910,Excitatory_Neuron
100648,727,unassigned
100649,727,unassigned
100650,727,unassigned
100651,1905,GABA_Neuron
100652,727,unassigned
100653,727,unassigned
100654,727,unassigned
100655,727,unassigned
100656,727,unassigned
100657,727,unassigned
100658,727,unassigned
100659,727,unassigned
100660,727,unassigned
100661,1916,GABA_Neuron
100662,1906,Astro-Epen
100663,727,unassigned
100664,1900,Immune
100665,1902,Excitatory_Neuron
100666,727,unassigned
100667,727,unassigned
100668,727,unassigned
100669,727,unassigned
100670,727,unassigned
100671,1908,unassigned
100672,727,unassigned
100673,727,unassigned
100674,727,unassigned
100675,727,unassigned
100676,1916,GABA_Neuron
100677,1899,unassigned
100678,1900,Immune
100679,1905,GABA_Neuron
100680,727,unassigned
100681,727,unassigned
100682,727,unassigned
100683,727,unassigned
100684,727,unassigned
100685,727,unassigned
100686,727,unassigned
100687,727,unassigned
100688,727,unassigned
100689,727,unassigned
100690,727,unassigned
100691,744,Astro-Epen
100692,727,unassigned
100693,1900,Immune
100694,727,unassigned
100695,727,unassigned
100696,727,unassigned
100697,727,unassigned
100698,727,unassigned
100699,727,unassigned
100700,727,unassigned
100701,727,unassigned
100702,727,unassigned
100703,727,unassigned
100704,744,Astro-Epen
100705,1905,GABA_Neuron
100706,727,unassigned
100707,727,unassigned
100708,727,unassigned
100709,727,unassigned
100710,1913,Excitatory_Neuron
100711,727,unassigned
100712,727,unassigned
100713,727,unassigned
100714,727,unassigned
100715,727,unassigned
100716,727,unassigned
100717,727,unassigned
100718,727,unassigned
100719,727,unassigned
100720,727,unassigned
100721,727,unassigned
100722,727,unassigned
100723,727,unassigned
100724,727,unassigned
100725,1910,Excitatory_Neuron
100726,727,unassigned
100727,727,unassigned
100728,727,unassigned
100729,727,unassigned
100730,1907,Immune
100731,1916,GABA_Neuron
100732,727,unassigned
100733,727,unassigned
100734,1902,Excitatory_Neuron
100735,1902,Excitatory_Neuron
100736,1905,GABA_Neuron
100737,727,unassigned
100738,727,unassigned
100739,727,unassigned
100740,727,unassigned
100741,1913,Excitatory_Neuron
100742,727,unassigned
100743,727,unassigned
100744,727,unassigned
100745,727,unassigned
100746,1914,Immune
100747,1899,unassigned
100748,727,unassigned
100749,1900,Immune
100750,1900,Immune
100751,1902,Excitatory_Neuron
100752,1903,Immune
100753,727,unassigned
100754,727,unassigned
100755,727,unassigned
100756,727,unassigned
100757,1907,Immune
100758,727,unassigned
100759,1914,Immune
100760,744,Astro-Epen
100761,1902,Excitatory_Neuron
100762,1903,Immune
100763,1912,Excitatory_Neuron
100764,727,unassigned
100765,727,unassigned
100766,727,unassigned
100767,727,unassigned
100768,727,unassigned
100769,727,unassigned
100770,1914,Immune
100771,1905,GABA_Neuron
100772,727,unassigned
100773,727,unassigned
100774,727,unassigned
100775,727,unassigned
100776,727,unassigned
100777,727,unassigned
100778,727,unassigned
100779,727,unassigned
100780,727,unassigned
100781,727,unassigned
100782,727,unassigned
100783,727,unassigned
100784,1905,GABA_Neuron
100785,727,unassigned
100786,727,unassigned
100787,727,unassigned
100788,727,unassigned
100789,727,unassigned
100790,727,unassigned
100791,727,unassigned
100792,727,unassigned
100793,744,Astro-Epen
100794,727,unassigned
100795,1902,Excitatory_Neuron
100796,1917,Immune
100797,727,unassigned
100798,727,unassigned
100799,727,unassigned
100800,727,unassigned
100801,727,unassigned
100802,727,unassigned
100803,727,unassigned
100804,727,unassigned
100805,727,unassigned
100806,1905,GABA_Neuron
100807,727,unassigned
100808,727,unassigned
100809,727,unassigned
100810,727,unassigned
100811,1910,Excitatory_Neuron
100812,727,unassigned
100813,727,unassigned
100814,1916,GABA_Neuron
100815,1899,unassigned
100816,744,Astro-Epen
100817,727,unassigned
100818,1912,Excitatory_Neuron
100819,727,unassigned
100820,727,unassigned
100821,727,unassigned
100822,727,unassigned
100823,727,unassigned
100824,727,unassigned
100825,727,unassigned
100826,727,unassigned
100827,1916,GABA_Neuron
100828,727,unassigned
100829,727,unassigned
100830,727,unassigned
100831,727,unassigned
100832,1905,GABA_Neuron
100833,727,unassigned
100834,727,unassigned
100835,1912,Excitatory_Neuron
100836,727,unassigned
100837,727,unassigned
100838,727,unassigned
100839,727,unassigned
100840,1905,GABA_Neuron
100841,727,unassigned
100842,1903,Immune
100843,727,unassigned
100844,1912,Excitatory_Neuron
100845,727,unassigned
100846,727,unassigned
100847,727,unassigned
100848,727,unassigned
100849,727,unassigned
100850,727,unassigned
100851,727,unassigned
100852,727,unassigned
100853,727,unassigned
100854,727,unassigned
100855,1900,Immune
100856,1900,Immune
100857,1900,Immune
100858,1917,Immune
100859,727,unassigned
100860,727,unassigned
100861,727,unassigned
100862,727,unassigned
100863,727,unassigned
100864,1907,Immune
100865,727,unassigned
100866,1905,GABA_Neuron
100867,1902,Excitatory_Neuron
100868,727,unassigned
100869,727,unassigned
100870,727,unassigned
100871,1908,unassigned
100872,727,unassigned
100873,727,unassigned
100874,727,unassigned
100875,727,unassigned
100876,727,unassigned
100877,727,unassigned
100878,727,unassigned
100879,1913,Excitatory_Neuron
100880,1907,Immune
100881,1904,unassigned
100882,1914,Immune
100883,1906,Astro-Epen
100884,1900,Immune
100885,1902,Excitatory_Neuron
100886,1912,Excitatory_Neuron
100887,1912,Excitatory_Neuron
100888,727,unassigned
100889,1900,Immune
100890,727,unassigned
100891,727,unassigned
100892,727,unassigned
100893,727,unassigned
100894,1912,Excitatory_Neuron
100895,727,unassigned
100896,727,unassigned
100897,727,unassigned
100898,1910,Excitatory_Neuron
100899,727,unassigned
100900,727,unassigned
100901,1913,Excitatory_Neuron
100902,1916,GABA_Neuron
100903,727,unassigned
100904,1902,Excitatory_Neuron
100905,727,unassigned
100906,727,unassigned
100907,727,unassigned
100908,727,unassigned
100909,727,unassigned
100910,727,unassigned
100911,1916,GABA_Neuron
100912,727,unassigned
100913,727,unassigned
100914,1900,Immune
100915,727,unassigned
100916,727,unassigned
100917,727,unassigned
100918,1903,Immune
100919,727,unassigned
100920,727,unassigned
100921,727,unassigned
100922,727,unassigned
100923,727,unassigned
100924,727,unassigned
100925,727,unassigned
100926,1900,Immune
100927,1902,Excitatory_Neuron
100928,1905,GABA_Neuron
100929,1902,Excitatory_Neuron
100930,727,unassigned
100931,1912,Excitatory_Neuron
100932,1912,Excitatory_Neuron
100933,727,unassigned
100934,727,unassigned
100935,727,unassigned
100936,727,unassigned
100937,727,unassigned
100938,1910,Excitatory_Neuron
100939,727,unassigned
100940,1907,Immune
100941,727,unassigned
100942,727,unassigned
100943,1914,Immune
100944,744,Astro-Epen
100945,1912,Excitatory_Neuron
100946,727,unassigned
100947,727,unassigned
100948,727,unassigned
100949,727,unassigned
100950,727,unassigned
100951,727,unassigned
100952,727,unassigned
100953,727,unassigned
100954,1916,GABA_Neuron
100955,1906,Astro-Epen
100956,1905,GABA_Neuron
100957,1905,GABA_Neuron
100958,727,unassigned
100959,727,unassigned
100960,727,unassigned
100961,727,unassigned
100962,727,unassigned
100963,1913,Excitatory_Neuron
100964,727,unassigned
100965,1913,Excitatory_Neuron
100966,1914,Immune
100967,727,unassigned
100968,727,unassigned
100969,1903,Immune
100970,727,unassigned
100971,1912,Excitatory_Neuron
100972,727,unassigned
100973,727,unassigned
100974,1910,Excitatory_Neuron
100975,1907,Immune
100976,727,unassigned
100977,727,unassigned
100978,727,unassigned
100979,1914,Immune
100980,1914,Immune
100981,1900,Immune
100982,1905,GABA_Neuron
100983,727,unassigned
100984,727,unassigned
100985,727,unassigned
100986,727,unassigned
100987,727,unassigned
100988,1912,Excitatory_Neuron
100989,727,unassigned
100990,727,unassigned
100991,727,unassigned
100992,727,unassigned
100993,727,unassigned
100994,727,unassigned
100995,1907,Immune
100996,727,unassigned
100997,727,unassigned
100998,727,unassigned
100999,727,unassigned
101000,727,unassigned
101001,727,unassigned
101002,727,unassigned
101003,1916,GABA_Neuron
101004,1907,Immune
101005,727,unassigned
101006,727,unassigned
101007,727,unassigned
101008,1914,Immune
101009,727,unassigned
101010,1902,Excitatory_Neuron
101011,727,unassigned
101012,727,unassigned
101013,1903,Immune
101014,727,unassigned
101015,727,unassigned
101016,727,unassigned
101017,727,unassigned
101018,727,unassigned
101019,727,unassigned
101020,727,unassigned
101021,1913,Excitatory_Neuron
101022,727,unassigned
101023,727,unassigned
101024,1900,Immune
101025,1902,Excitatory_Neuron
101026,727,unassigned
101027,727,unassigned
101028,727,unassigned
101029,727,unassigned
101030,1907,Immune
101031,727,unassigned
101032,727,unassigned
101033,727,unassigned
101034,727,unassigned
101035,727,unassigned
101036,727,unassigned
101037,727,unassigned
101038,1912,Excitatory_Neuron
101039,1912,Excitatory_Neuron
101040,727,unassigned
101041,727,unassigned
101042,727,unassigned
101043,727,unassigned
101044,727,unassigned
101045,727,unassigned
101046,727,unassigned
101047,744,Astro-Epen
101048,727,unassigned
101049,1912,Excitatory_Neuron
101050,727,unassigned
101051,1912,Excitatory_Neuron
101052,1912,Excitatory_Neuron
101053,727,unassigned
101054,727,unassigned
101055,727,unassigned
101056,727,unassigned
101057,727,unassigned
101058,727,unassigned
101059,727,unassigned
101060,727,unassigned
101061,1907,Immune
101062,727,unassigned
101063,1900,Immune
101064,727,unassigned
101065,727,unassigned
101066,1912,Excitatory_Neuron
101067,727,unassigned
101068,727,unassigned
101069,727,unassigned
101070,727,unassigned
101071,727,unassigned
101072,1907,Immune
101073,727,unassigned
101074,1900,Immune
101075,727,unassigned
101076,727,unassigned
101077,727,unassigned
101078,1910,Excitatory_Neuron
101079,1910,Excitatory_Neuron
101080,727,unassigned
101081,727,unassigned
101082,727,unassigned
101083,727,unassigned
101084,1914,Immune
101085,1899,unassigned
101086,727,unassigned
101087,727,unassigned
101088,727,unassigned
101089,727,unassigned
101090,1910,Excitatory_Neuron
101091,1910,Excitatory_Neuron
101092,727,unassigned
101093,727,unassigned
101094,727,unassigned
101095,727,unassigned
101096,727,unassigned
101097,1905,GABA_Neuron
101098,727,unassigned
101099,727,unassigned
101100,727,unassigned
101101,727,unassigned
101102,727,unassigned
101103,727,unassigned
101104,727,unassigned
101105,727,unassigned
101106,727,unassigned
101107,727,unassigned
101108,1907,Immune
101109,727,unassigned
101110,727,unassigned
101111,727,unassigned
101112,727,unassigned
101113,727,unassigned
101114,727,unassigned
101115,727,unassigned
101116,1913,Excitatory_Neuron
101117,727,unassigned
101118,1902,Excitatory_Neuron
101119,727,unassigned
101120,1912,Excitatory_Neuron
101121,727,unassigned
101122,727,unassigned
101123,727,unassigned
101124,1906,Astro-Epen
101125,1902,Excitatory_Neuron
101126,727,unassigned
101127,1912,Excitatory_Neuron
101128,727,unassigned
101129,727,unassigned
101130,727,unassigned
101131,727,unassigned
101132,727,unassigned
101133,727,unassigned
101134,1907,Immune
101135,727,unassigned
101136,727,unassigned
101137,727,unassigned
101138,1900,Immune
101139,727,unassigned
101140,727,unassigned
101141,1912,Excitatory_Neuron
101142,727,unassigned
101143,727,unassigned
101144,727,unassigned
101145,727,unassigned
101146,727,unassigned
101147,1916,GABA_Neuron
101148,727,unassigned
101149,727,unassigned
101150,727,unassigned
101151,727,unassigned
101152,1900,Immune
101153,744,Astro-Epen
101154,727,unassigned
101155,1902,Excitatory_Neuron
101156,1905,GABA_Neuron
101157,727,unassigned
101158,727,unassigned
101159,727,unassigned
101160,727,unassigned
101161,727,unassigned
101162,727,unassigned
101163,1907,Immune
101164,727,unassigned
101165,727,unassigned
101166,727,unassigned
101167,1903,Immune
101168,727,unassigned
101169,727,unassigned
101170,727,unassigned
101171,727,unassigned
101172,727,unassigned
101173,727,unassigned
101174,727,unassigned
101175,727,unassigned
101176,727,unassigned
101177,727,unassigned
101178,727,unassigned
101179,1916,GABA_Neuron
101180,727,unassigned
101181,727,unassigned
101182,1904,unassigned
101183,1906,Astro-Epen
101184,1899,unassigned
101185,1906,Astro-Epen
101186,727,unassigned
101187,727,unassigned
101188,727,unassigned
101189,727,unassigned
101190,727,unassigned
101191,727,unassigned
101192,1910,Excitatory_Neuron
101193,727,unassigned
101194,727,unassigned
101195,1913,Excitatory_Neuron
101196,727,unassigned
101197,1914,Immune
101198,744,Astro-Epen
101199,727,unassigned
101200,727,unassigned
101201,727,unassigned
101202,727,unassigned
101203,727,unassigned
101204,1907,Immune
101205,727,unassigned
101206,1906,Astro-Epen
101207,744,Astro-Epen
101208,727,unassigned
101209,727,unassigned
101210,1912,Excitatory_Neuron
101211,727,unassigned
101212,727,unassigned
101213,727,unassigned
101214,727,unassigned
101215,727,unassigned
101216,1910,Excitatory_Neuron
101217,727,unassigned
101218,727,unassigned
101219,727,unassigned
101220,727,unassigned
101221,727,unassigned
101222,1899,unassigned
101223,1914,Immune
101224,727,unassigned
101225,727,unassigned
101226,744,Astro-Epen
101227,727,unassigned
101228,727,unassigned
101229,727,unassigned
101230,1912,Excitatory_Neuron
101231,1912,Excitatory_Neuron
101232,727,unassigned
101233,1912,Excitatory_Neuron
101234,727,unassigned
101235,727,unassigned
101236,727,unassigned
101237,727,unassigned
101238,727,unassigned
101239,727,unassigned
101240,1910,Excitatory_Neuron
101241,727,unassigned
101242,1906,Astro-Epen
101243,1917,Immune
101244,727,unassigned
101245,1912,Excitatory_Neuron
101246,712,Excitatory_Neuron
101247,727,unassigned
101248,727,unassigned
101249,727,unassigned
101250,1910,Excitatory_Neuron
101251,1910,Excitatory_Neuron
101252,727,unassigned
101253,1907,Immune
101254,1913,Excitatory_Neuron
101255,727,unassigned
101256,727,unassigned
101257,727,unassigned
101258,727,unassigned
101259,727,unassigned
101260,727,unassigned
101261,1902,Excitatory_Neuron
101262,727,unassigned
101263,727,unassigned
101264,727,unassigned
101265,1907,Immune
101266,1907,Immune
101267,727,unassigned
101268,1904,unassigned
101269,1906,Astro-Epen
101270,727,unassigned
101271,727,unassigned
101272,727,unassigned
101273,727,unassigned
101274,727,unassigned
101275,1907,Immune
101276,727,unassigned
101277,727,unassigned
101278,727,unassigned
101279,727,unassigned
101280,727,unassigned
101281,727,unassigned
101282,1912,Excitatory_Neuron
101283,1912,Excitatory_Neuron
101284,727,unassigned
101285,727,unassigned
101286,727,unassigned
101287,1910,Excitatory_Neuron
101288,727,unassigned
101289,1913,Excitatory_Neuron
101290,727,unassigned
101291,1913,Excitatory_Neuron
101292,1899,unassigned
101293,1912,Excitatory_Neuron
101294,1912,Excitatory_Neuron
101295,727,unassigned
101296,727,unassigned
101297,1910,Excitatory_Neuron
101298,1910,Excitatory_Neuron
101299,1910,Excitatory_Neuron
101300,727,unassigned
101301,744,Astro-Epen
101302,727,unassigned
101303,727,unassigned
101304,727,unassigned
101305,727,unassigned
101306,727,unassigned
101307,727,unassigned
101308,727,unassigned
101309,1910,Excitatory_Neuron
101310,727,unassigned
101311,727,unassigned
101312,1914,Immune
101313,727,unassigned
101314,727,unassigned
101315,1912,Excitatory_Neuron
101316,727,unassigned
101317,727,unassigned
101318,727,unassigned
101319,1904,unassigned
101320,1899,unassigned
101321,727,unassigned
101322,727,unassigned
101323,1902,Excitatory_Neuron
101324,727,unassigned
101325,727,unassigned
101326,727,unassigned
101327,727,unassigned
101328,727,unassigned
101329,1907,Immune
101330,1913,Excitatory_Neuron
101331,1916,GABA_Neuron
101332,744,Astro-Epen
101333,727,unassigned
101334,727,unassigned
101335,727,unassigned
101336,727,unassigned
101337,727,unassigned
101338,727,unassigned
101339,727,unassigned
101340,727,unassigned
101341,1910,Excitatory_Neuron
101342,1907,Immune
101343,727,unassigned
101344,727,unassigned
101345,727,unassigned
101346,727,unassigned
101347,1912,Excitatory_Neuron
101348,1918,Excitatory_Neuron
101349,727,unassigned
101350,727,unassigned
101351,727,unassigned
101352,1910,Excitatory_Neuron
101353,727,unassigned
101354,1904,unassigned
101355,1902,Excitatory_Neuron
101356,1912,Excitatory_Neuron
101357,727,unassigned
101358,727,unassigned
101359,727,unassigned
101360,727,unassigned
101361,727,unassigned
101362,727,unassigned
101363,727,unassigned
101364,727,unassigned
101365,727,unassigned
101366,727,unassigned
101367,1900,Immune
101368,1905,GABA_Neuron
101369,727,unassigned
101370,1919,unassigned
101371,727,unassigned
101372,727,unassigned
101373,727,unassigned
101374,1918,Excitatory_Neuron
101375,727,unassigned
101376,727,unassigned
101377,727,unassigned
101378,727,unassigned
101379,1906,Astro-Epen
101380,1905,GABA_Neuron
101381,727,unassigned
101382,727,unassigned
101383,727,unassigned
101384,1913,Excitatory_Neuron
101385,727,unassigned
101386,727,unassigned
101387,1914,Immune
101388,727,unassigned
101389,727,unassigned
101390,1902,Excitatory_Neuron
101391,1902,Excitatory_Neuron
101392,727,unassigned
101393,1912,Excitatory_Neuron
101394,727,unassigned
101395,727,unassigned
101396,727,unassigned
101397,727,unassigned
101398,727,unassigned
101399,727,unassigned
101400,727,unassigned
101401,727,unassigned
101402,727,unassigned
101403,727,unassigned
101404,727,unassigned
101405,1912,Excitatory_Neuron
101406,727,unassigned
101407,727,unassigned
101408,1912,Excitatory_Neuron
101409,727,unassigned
101410,1912,Excitatory_Neuron
101411,727,unassigned
101412,727,unassigned
101413,727,unassigned
101414,727,unassigned
101415,727,unassigned
101416,727,unassigned
101417,1900,Immune
101418,727,unassigned
101419,727,unassigned
101420,727,unassigned
101421,712,Excitatory_Neuron
101422,727,unassigned
101423,727,unassigned
101424,1910,Excitatory_Neuron
101425,1910,Excitatory_Neuron
101426,1913,Excitatory_Neuron
101427,1907,Immune
101428,1916,GABA_Neuron
101429,1904,unassigned
101430,1904,unassigned
101431,1906,Astro-Epen
101432,727,unassigned
101433,727,unassigned
101434,727,unassigned
101435,727,unassigned
101436,1910,Excitatory_Neuron
101437,727,unassigned
101438,727,unassigned
101439,1916,GABA_Neuron
101440,1907,Immune
101441,1902,Excitatory_Neuron
101442,727,unassigned
101443,727,unassigned
101444,1912,Excitatory_Neuron
101445,1912,Excitatory_Neuron
101446,727,unassigned
101447,727,unassigned
101448,1907,Immune
101449,727,unassigned
101450,1904,unassigned
101451,727,unassigned
101452,1906,Astro-Epen
101453,727,unassigned
101454,1903,Immune
101455,1912,Excitatory_Neuron
101456,727,unassigned
101457,727,unassigned
101458,727,unassigned
101459,727,unassigned
101460,727,unassigned
101461,727,unassigned
101462,727,unassigned
101463,727,unassigned
101464,727,unassigned
101465,727,unassigned
101466,1900,Immune
101467,1902,Excitatory_Neuron
101468,727,unassigned
101469,727,unassigned
101470,727,unassigned
101471,1912,Excitatory_Neuron
101472,727,unassigned
101473,727,unassigned
101474,727,unassigned
101475,727,unassigned
101476,727,unassigned
101477,727,unassigned
101478,1917,Immune
101479,1902,Excitatory_Neuron
101480,727,unassigned
101481,727,unassigned
101482,727,unassigned
101483,727,unassigned
101484,727,unassigned
101485,727,unassigned
101486,727,unassigned
101487,727,unassigned
101488,727,unassigned
101489,1907,Immune
101490,1916,GABA_Neuron
101491,727,unassigned
101492,727,unassigned
101493,727,unassigned
101494,1912,Excitatory_Neuron
101495,727,unassigned
101496,727,unassigned
101497,727,unassigned
101498,727,unassigned
101499,727,unassigned
101500,1916,GABA_Neuron
101501,727,unassigned
101502,1917,Immune
101503,727,unassigned
101504,727,unassigned
101505,727,unassigned
101506,727,unassigned
101507,727,unassigned
101508,1912,Excitatory_Neuron
101509,727,unassigned
101510,1916,GABA_Neuron
101511,727,unassigned
101512,1906,Astro-Epen
101513,727,unassigned
101514,1902,Excitatory_Neuron
101515,1902,Excitatory_Neuron
101516,727,unassigned
101517,727,unassigned
101518,727,unassigned
101519,1907,Immune
101520,727,unassigned
101521,1916,GABA_Neuron
101522,727,unassigned
101523,727,unassigned
101524,727,unassigned
101525,1920,unassigned
101526,727,unassigned
101527,727,unassigned
101528,727,unassigned
101529,727,unassigned
101530,1903,Immune
101531,1912,Excitatory_Neuron
101532,727,unassigned
101533,727,unassigned
101534,727,unassigned
101535,727,unassigned
101536,727,unassigned
101537,1916,GABA_Neuron
101538,1914,Immune
101539,727,unassigned
101540,727,unassigned
101541,727,unassigned
101542,727,unassigned
101543,727,unassigned
101544,727,unassigned
101545,727,unassigned
101546,727,unassigned
101547,1907,Immune
101548,727,unassigned
101549,1914,Immune
101550,727,unassigned
101551,727,unassigned
101552,727,unassigned
101553,727,unassigned
101554,1912,Excitatory_Neuron
101555,1912,Excitatory_Neuron
101556,727,unassigned
101557,727,unassigned
101558,727,unassigned
101559,727,unassigned
101560,727,unassigned
101561,727,unassigned
101562,727,unassigned
101563,727,unassigned
101564,727,unassigned
101565,1916,GABA_Neuron
101566,727,unassigned
101567,1904,unassigned
101568,1900,Immune
101569,727,unassigned
101570,1903,Immune
101571,1912,Excitatory_Neuron
101572,727,unassigned
101573,727,unassigned
101574,1907,Immune
101575,1907,Immune
101576,727,unassigned
101577,1900,Immune
101578,1910,Excitatory_Neuron
101579,727,unassigned
101580,1907,Immune
101581,1907,Immune
101582,727,unassigned
101583,1917,Immune
101584,1905,GABA_Neuron
101585,1903,Immune
101586,727,unassigned
101587,727,unassigned
101588,727,unassigned
101589,727,unassigned
101590,727,unassigned
101591,727,unassigned
101592,1907,Immune
101593,727,unassigned
101594,1916,GABA_Neuron
101595,1905,GABA_Neuron
101596,727,unassigned
101597,727,unassigned
101598,1907,Immune
101599,744,Astro-Epen
101600,727,unassigned
101601,1902,Excitatory_Neuron
101602,1902,Excitatory_Neuron
101603,727,unassigned
101604,1903,Immune
101605,727,unassigned
101606,1918,Excitatory_Neuron
101607,727,unassigned
101608,1910,Excitatory_Neuron
101609,1907,Immune
101610,727,unassigned
101611,727,unassigned
101612,727,unassigned
101613,1917,Immune
101614,727,unassigned
101615,1918,Excitatory_Neuron
101616,727,unassigned
101617,727,unassigned
101618,1910,Excitatory_Neuron
101619,1913,Excitatory_Neuron
101620,727,unassigned
101621,727,unassigned
101622,1917,Immune
101623,1912,Excitatory_Neuron
101624,727,unassigned
101625,727,unassigned
101626,727,unassigned
101627,727,unassigned
101628,727,unassigned
101629,727,unassigned
101630,1905,GABA_Neuron
101631,727,unassigned
101632,727,unassigned
101633,727,unassigned
101634,727,unassigned
101635,727,unassigned
101636,727,unassigned
101637,1917,Immune
101638,727,unassigned
101639,1903,Immune
101640,727,unassigned
101641,1912,Excitatory_Neuron
101642,1912,Excitatory_Neuron
101643,727,unassigned
101644,727,unassigned
101645,727,unassigned
101646,727,unassigned
101647,727,unassigned
101648,1913,Excitatory_Neuron
101649,1902,Excitatory_Neuron
101650,1902,Excitatory_Neuron
101651,727,unassigned
101652,1912,Excitatory_Neuron
101653,1912,Excitatory_Neuron
101654,1912,Excitatory_Neuron
101655,727,unassigned
101656,727,unassigned
101657,1907,Immune
101658,727,unassigned
101659,1916,GABA_Neuron
101660,744,Astro-Epen
101661,1902,Excitatory_Neuron
101662,727,unassigned
101663,712,Excitatory_Neuron
101664,727,unassigned
101665,727,unassigned
101666,1907,Immune
101667,727,unassigned
101668,1921,Excitatory_Neuron
101669,727,unassigned
101670,1899,unassigned
101671,727,unassigned
101672,727,unassigned
101673,1905,GABA_Neuron
101674,1902,Excitatory_Neuron
101675,1912,Excitatory_Neuron
101676,1912,Excitatory_Neuron
101677,727,unassigned
101678,727,unassigned
101679,727,unassigned
101680,727,unassigned
101681,727,unassigned
101682,1900,Immune
101683,744,Astro-Epen
101684,1902,Excitatory_Neuron
101685,1912,Excitatory_Neuron
101686,1918,Excitatory_Neuron
101687,727,unassigned
101688,1918,Excitatory_Neuron
101689,712,Excitatory_Neuron
101690,727,unassigned
101691,727,unassigned
101692,1907,Immune
101693,1907,Immune
101694,1906,Astro-Epen
101695,1900,Immune
101696,727,unassigned
101697,727,unassigned
101698,727,unassigned
101699,727,unassigned
101700,1903,Immune
101701,727,unassigned
101702,1912,Excitatory_Neuron
101703,727,unassigned
101704,727,unassigned
101705,727,unassigned
101706,1921,Excitatory_Neuron
101707,1907,Immune
101708,1907,Immune
101709,1914,Immune
101710,1900,Immune
101711,1900,Immune
101712,727,unassigned
101713,1903,Immune
101714,1918,Excitatory_Neuron
101715,727,unassigned
101716,727,unassigned
101717,727,unassigned
101718,727,unassigned
101719,1907,Immune
101720,727,unassigned
101721,727,unassigned
101722,1917,Immune
101723,727,unassigned
101724,1903,Immune
101725,727,unassigned
101726,727,unassigned
101727,727,unassigned
101728,727,unassigned
101729,1907,Immune
101730,1921,Excitatory_Neuron
101731,1900,Immune
101732,727,unassigned
101733,727,unassigned
101734,727,unassigned
101735,727,unassigned
101736,727,unassigned
101737,727,unassigned
101738,727,unassigned
101739,1907,Immune
101740,1916,GABA_Neuron
101741,727,unassigned
101742,727,unassigned
101743,727,unassigned
101744,744,Astro-Epen
101745,727,unassigned
101746,727,unassigned
101747,727,unassigned
101748,727,unassigned
101749,727,unassigned
101750,727,unassigned
101751,1907,Immune
101752,1906,Astro-Epen
101753,1917,Immune
101754,1917,Immune
101755,1903,Immune
101756,1903,Immune
101757,727,unassigned
101758,727,unassigned
101759,1907,Immune
101760,1907,Immune
101761,727,unassigned
101762,727,unassigned
101763,727,unassigned
101764,727,unassigned
101765,727,unassigned
101766,727,unassigned
101767,1912,Excitatory_Neuron
101768,727,unassigned
101769,727,unassigned
101770,727,unassigned
101771,727,unassigned
101772,727,unassigned
101773,1907,Immune
101774,1899,unassigned
101775,744,Astro-Epen
101776,1902,Excitatory_Neuron
101777,727,unassigned
101778,727,unassigned
101779,727,unassigned
101780,712,Excitatory_Neuron
101781,727,unassigned
101782,727,unassigned
101783,1921,Excitatory_Neuron
101784,727,unassigned
101785,1916,GABA_Neuron
101786,727,unassigned
101787,727,unassigned
101788,1899,unassigned
101789,727,unassigned
101790,727,unassigned
101791,727,unassigned
101792,1907,Immune
101793,1913,Excitatory_Neuron
101794,727,unassigned
101795,1907,Immune
101796,1916,GABA_Neuron
101797,727,unassigned
101798,1900,Immune
101799,1905,GABA_Neuron
101800,1912,Excitatory_Neuron
101801,1918,Excitatory_Neuron
101802,727,unassigned
101803,727,unassigned
101804,727,unassigned
101805,1916,GABA_Neuron
101806,727,unassigned
101807,1902,Excitatory_Neuron
101808,727,unassigned
101809,1912,Excitatory_Neuron
101810,1910,Excitatory_Neuron
101811,727,unassigned
101812,1907,Immune
101813,727,unassigned
101814,727,unassigned
101815,1914,Immune
101816,1906,Astro-Epen
101817,1900,Immune
101818,727,unassigned
101819,727,unassigned
101820,727,unassigned
101821,727,unassigned
101822,1910,Excitatory_Neuron
101823,727,unassigned
101824,1913,Excitatory_Neuron
101825,1916,GABA_Neuron
101826,727,unassigned
101827,1899,unassigned
101828,727,unassigned
101829,1902,Excitatory_Neuron
101830,727,unassigned
101831,727,unassigned
101832,727,unassigned
101833,1903,Immune
101834,727,unassigned
101835,727,unassigned
101836,727,unassigned
101837,727,unassigned
101838,727,unassigned
101839,1907,Immune
101840,1907,Immune
101841,727,unassigned
101842,727,unassigned
101843,727,unassigned
101844,744,Astro-Epen
101845,1902,Excitatory_Neuron
101846,727,unassigned
101847,1912,Excitatory_Neuron
101848,1903,Immune
101849,727,unassigned
101850,727,unassigned
101851,727,unassigned
101852,727,unassigned
101853,727,unassigned
101854,727,unassigned
101855,727,unassigned
101856,727,unassigned
101857,1907,Immune
101858,1913,Excitatory_Neuron
101859,1916,GABA_Neuron
101860,727,unassigned
101861,744,Astro-Epen
101862,1900,Immune
101863,727,unassigned
101864,1912,Excitatory_Neuron
101865,712,Excitatory_Neuron
101866,727,unassigned
101867,727,unassigned
101868,727,unassigned
101869,1910,Excitatory_Neuron
101870,1907,Immune
101871,1916,GABA_Neuron
101872,727,unassigned
101873,1899,unassigned
101874,727,unassigned
101875,727,unassigned
101876,1918,Excitatory_Neuron
101877,727,unassigned
101878,1910,Excitatory_Neuron
101879,727,unassigned
101880,727,unassigned
101881,727,unassigned
101882,1899,unassigned
101883,727,unassigned
101884,727,unassigned
101885,727,unassigned
101886,727,unassigned
101887,727,unassigned
101888,727,unassigned
101889,727,unassigned
101890,727,unassigned
101891,727,unassigned
101892,727,unassigned
101893,727,unassigned
101894,1907,Immune
101895,1916,GABA_Neuron
101896,1906,Astro-Epen
101897,727,unassigned
101898,1914,Immune
101899,1922,unassigned
101900,727,unassigned
101901,727,unassigned
101902,727,unassigned
101903,1919,unassigned
101904,727,unassigned
101905,727,unassigned
101906,727,unassigned
101907,727,unassigned
101908,1918,Excitatory_Neuron
101909,1912,Excitatory_Neuron
101910,727,unassigned
101911,1910,Excitatory_Neuron
101912,1907,Immune
101913,727,unassigned
101914,727,unassigned
101915,1913,Excitatory_Neuron
101916,1914,Immune
101917,1914,Immune
101918,727,unassigned
101919,727,unassigned
101920,727,unassigned
101921,727,unassigned
101922,727,unassigned
101923,1903,Immune
101924,1912,Excitatory_Neuron
101925,1912,Excitatory_Neuron
101926,727,unassigned
101927,1921,Excitatory_Neuron
101928,727,unassigned
101929,727,unassigned
101930,1913,Excitatory_Neuron
101931,727,unassigned
101932,1917,Immune
101933,1917,Immune
101934,727,unassigned
101935,1912,Excitatory_Neuron
101936,727,unassigned
101937,727,unassigned
101938,1907,Immune
101939,1907,Immune
101940,1907,Immune
101941,727,unassigned
101942,1907,Immune
101943,1906,Astro-Epen
101944,1900,Immune
101945,727,unassigned
101946,727,unassigned
101947,727,unassigned
101948,727,unassigned
101949,727,unassigned
101950,727,unassigned
101951,727,unassigned
101952,727,unassigned
101953,727,unassigned
101954,727,unassigned
101955,727,unassigned
101956,727,unassigned
101957,1900,Immune
101958,712,Excitatory_Neuron
101959,727,unassigned
101960,727,unassigned
101961,727,unassigned
101962,727,unassigned
101963,1916,GABA_Neuron
101964,1899,unassigned
101965,1900,Immune
101966,1902,Excitatory_Neuron
101967,1917,Immune
101968,727,unassigned
101969,727,unassigned
101970,1903,Immune
101971,1912,Excitatory_Neuron
101972,727,unassigned
101973,727,unassigned
101974,727,unassigned
101975,1907,Immune
101976,1907,Immune
101977,727,unassigned
101978,1907,Immune
101979,1907,Immune
101980,1916,GABA_Neuron
101981,1919,unassigned
101982,1912,Excitatory_Neuron
101983,1912,Excitatory_Neuron
101984,727,unassigned
101985,1921,Excitatory_Neuron
101986,727,unassigned
101987,727,unassigned
101988,1914,Immune
101989,727,unassigned
101990,1917,Immune
101991,727,unassigned
101992,727,unassigned
101993,1912,Excitatory_Neuron
101994,727,unassigned
101995,1912,Excitatory_Neuron
101996,727,unassigned
101997,727,unassigned
101998,727,unassigned
101999,727,unassigned
102000,727,unassigned
102001,1907,Immune
102002,1907,Immune
102003,727,unassigned
102004,1916,GABA_Neuron
102005,727,unassigned
102006,727,unassigned
102007,1906,Astro-Epen
102008,727,unassigned
102009,727,unassigned
102010,727,unassigned
102011,727,unassigned
102012,727,unassigned
102013,727,unassigned
102014,1912,Excitatory_Neuron
102015,1912,Excitatory_Neuron
102016,727,unassigned
102017,1912,Excitatory_Neuron
102018,1918,Excitatory_Neuron
102019,727,unassigned
102020,727,unassigned
102021,1914,Immune
102022,727,unassigned
102023,727,unassigned
102024,1902,Excitatory_Neuron
102025,727,unassigned
102026,727,unassigned
102027,1912,Excitatory_Neuron
102028,1912,Excitatory_Neuron
102029,727,unassigned
102030,727,unassigned
102031,727,unassigned
102032,1907,Immune
102033,727,unassigned
102034,1922,unassigned
102035,727,unassigned
102036,727,unassigned
102037,727,unassigned
102038,1917,Immune
102039,727,unassigned
102040,727,unassigned
102041,1912,Excitatory_Neuron
102042,727,unassigned
102043,727,unassigned
102044,727,unassigned
102045,727,unassigned
102046,727,unassigned
102047,1913,Excitatory_Neuron
102048,727,unassigned
102049,1913,Excitatory_Neuron
102050,1903,Immune
102051,1918,Excitatory_Neuron
102052,1910,Excitatory_Neuron
102053,727,unassigned
102054,1907,Immune
102055,727,unassigned
102056,727,unassigned
102057,744,Astro-Epen
102058,1905,GABA_Neuron
102059,727,unassigned
102060,727,unassigned
102061,727,unassigned
102062,1910,Excitatory_Neuron
102063,727,unassigned
102064,727,unassigned
102065,727,unassigned
102066,1921,Excitatory_Neuron
102067,727,unassigned
102068,1919,unassigned
102069,1917,Immune
102070,727,unassigned
102071,1910,Excitatory_Neuron
102072,727,unassigned
102073,727,unassigned
102074,1902,Excitatory_Neuron
102075,1918,Excitatory_Neuron
102076,727,unassigned
102077,1907,Immune
102078,727,unassigned
102079,1913,Excitatory_Neuron
102080,727,unassigned
102081,1912,Excitatory_Neuron
102082,1903,Immune
102083,1912,Excitatory_Neuron
102084,727,unassigned
102085,712,Excitatory_Neuron
102086,1910,Excitatory_Neuron
102087,727,unassigned
102088,1913,Excitatory_Neuron
102089,1913,Excitatory_Neuron
102090,1916,GABA_Neuron
102091,1917,Immune
102092,1917,Immune
102093,727,unassigned
102094,1903,Immune
102095,1903,Immune
102096,1912,Excitatory_Neuron
102097,727,unassigned
102098,712,Excitatory_Neuron
102099,1918,Excitatory_Neuron
102100,727,unassigned
102101,727,unassigned
102102,727,unassigned
102103,727,unassigned
102104,727,unassigned
102105,1922,unassigned
102106,727,unassigned
102107,1902,Excitatory_Neuron
102108,727,unassigned
102109,727,unassigned
102110,1918,Excitatory_Neuron
102111,1912,Excitatory_Neuron
102112,712,Excitatory_Neuron
102113,1907,Immune
102114,1921,Excitatory_Neuron
102115,1907,Immune
102116,727,unassigned
102117,727,unassigned
102118,1914,Immune
102119,727,unassigned
102120,1900,Immune
102121,727,unassigned
102122,727,unassigned
102123,727,unassigned
102124,727,unassigned
102125,727,unassigned
102126,727,unassigned
102127,1918,Excitatory_Neuron
102128,727,unassigned
102129,727,unassigned
102130,1907,Immune
102131,727,unassigned
102132,1902,Excitatory_Neuron
102133,727,unassigned
102134,727,unassigned
102135,1903,Immune
102136,1918,Excitatory_Neuron
102137,712,Excitatory_Neuron
102138,727,unassigned
102139,1913,Excitatory_Neuron
102140,727,unassigned
102141,727,unassigned
102142,727,unassigned
102143,1903,Immune
102144,1912,Excitatory_Neuron
102145,1912,Excitatory_Neuron
102146,727,unassigned
102147,1907,Immune
102148,1921,Excitatory_Neuron
102149,727,unassigned
102150,727,unassigned
102151,727,unassigned
102152,727,unassigned
102153,727,unassigned
102154,1912,Excitatory_Neuron
102155,727,unassigned
102156,727,unassigned
102157,727,unassigned
102158,1907,Immune
102159,727,unassigned
102160,727,unassigned
102161,727,unassigned
102162,727,unassigned
102163,727,unassigned
102164,727,unassigned
102165,1917,Immune
102166,727,unassigned
102167,1917,Immune
102168,1912,Excitatory_Neuron
102169,727,unassigned
102170,1912,Excitatory_Neuron
102171,727,unassigned
102172,727,unassigned
102173,1918,Excitatory_Neuron
102174,727,unassigned
102175,727,unassigned
102176,1910,Excitatory_Neuron
102177,727,unassigned
102178,727,unassigned
102179,727,unassigned
102180,1922,unassigned
102181,1900,Immune
102182,1917,Immune
102183,727,unassigned
102184,1912,Excitatory_Neuron
102185,1912,Excitatory_Neuron
102186,1918,Excitatory_Neuron
102187,727,unassigned
102188,1910,Excitatory_Neuron
102189,727,unassigned
102190,727,unassigned
102191,1921,Excitatory_Neuron
102192,727,unassigned
102193,1906,Astro-Epen
102194,1900,Immune
102195,727,unassigned
102196,1917,Immune
102197,727,unassigned
102198,727,unassigned
102199,1903,Immune
102200,727,unassigned
102201,727,unassigned
102202,727,unassigned
102203,727,unassigned
102204,727,unassigned
102205,1906,Astro-Epen
102206,1922,unassigned
102207,727,unassigned
102208,727,unassigned
102209,727,unassigned
102210,727,unassigned
102211,727,unassigned
102212,1912,Excitatory_Neuron
102213,727,unassigned
102214,727,unassigned
102215,1912,Excitatory_Neuron
102216,1912,Excitatory_Neuron
102217,712,Excitatory_Neuron
102218,727,unassigned
102219,727,unassigned
102220,727,unassigned
102221,1910,Excitatory_Neuron
102222,727,unassigned
102223,727,unassigned
102224,727,unassigned
102225,1914,Immune
102226,1900,Immune
102227,727,unassigned
102228,1917,Immune
102229,727,unassigned
102230,727,unassigned
102231,727,unassigned
102232,1912,Excitatory_Neuron
102233,1912,Excitatory_Neuron
102234,727,unassigned
102235,727,unassigned
102236,727,unassigned
102237,727,unassigned
102238,727,unassigned
102239,1900,Immune
102240,1917,Immune
102241,727,unassigned
102242,1917,Immune
102243,1917,Immune
102244,1917,Immune
102245,1912,Excitatory_Neuron
102246,1912,Excitatory_Neuron
102247,727,unassigned
102248,727,unassigned
102249,1912,Excitatory_Neuron
102250,727,unassigned
102251,727,unassigned
102252,727,unassigned
102253,1907,Immune
102254,727,unassigned
102255,1907,Immune
102256,727,unassigned
102257,1916,GABA_Neuron
102258,1899,unassigned
102259,727,unassigned
102260,1917,Immune
102261,1912,Excitatory_Neuron
102262,727,unassigned
102263,712,Excitatory_Neuron
102264,727,unassigned
102265,1921,Excitatory_Neuron
102266,727,unassigned
102267,727,unassigned
102268,1907,Immune
102269,727,unassigned
102270,1900,Immune
102271,1912,Excitatory_Neuron
102272,1912,Excitatory_Neuron
102273,1918,Excitatory_Neuron
102274,727,unassigned
102275,727,unassigned
102276,727,unassigned
102277,727,unassigned
102278,727,unassigned
102279,727,unassigned
102280,1907,Immune
102281,1921,Excitatory_Neuron
102282,1917,Immune
102283,727,unassigned
102284,1912,Excitatory_Neuron
102285,727,unassigned
102286,727,unassigned
102287,1907,Immune
102288,1910,Excitatory_Neuron
102289,744,Astro-Epen
102290,727,unassigned
102291,1917,Immune
102292,1912,Excitatory_Neuron
102293,727,unassigned
102294,727,unassigned
102295,727,unassigned
102296,727,unassigned
102297,727,unassigned
102298,1923,unassigned
102299,727,unassigned
102300,727,unassigned
102301,727,unassigned
102302,727,unassigned
102303,1913,Excitatory_Neuron
102304,727,unassigned
102305,727,unassigned
102306,727,unassigned
102307,1912,Excitatory_Neuron
102308,1918,Excitatory_Neuron
102309,1918,Excitatory_Neuron
102310,712,Excitatory_Neuron
102311,727,unassigned
102312,1916,GABA_Neuron
102313,727,unassigned
102314,727,unassigned
102315,727,unassigned
102316,727,unassigned
102317,1900,Immune
102318,1900,Immune
102319,1917,Immune
102320,727,unassigned
102321,1918,Excitatory_Neuron
102322,1912,Excitatory_Neuron
102323,727,unassigned
102324,727,unassigned
102325,727,unassigned
102326,727,unassigned
102327,1907,Immune
102328,1907,Immune
102329,1906,Astro-Epen
102330,727,unassigned
102331,1900,Immune
102332,727,unassigned
102333,1917,Immune
102334,727,unassigned
102335,1912,Excitatory_Neuron
102336,727,unassigned
102337,1918,Excitatory_Neuron
102338,712,Excitatory_Neuron
102339,727,unassigned
102340,727,unassigned
102341,727,unassigned
102342,727,unassigned
102343,727,unassigned
102344,1921,Excitatory_Neuron
102345,1907,Immune
102346,727,unassigned
102347,727,unassigned
102348,727,unassigned
102349,1916,GABA_Neuron
102350,727,unassigned
102351,727,unassigned
102352,1912,Excitatory_Neuron
102353,727,unassigned
102354,727,unassigned
102355,727,unassigned
102356,727,unassigned
102357,1907,Immune
102358,727,unassigned
102359,1902,Excitatory_Neuron
102360,727,unassigned
102361,1912,Excitatory_Neuron
102362,1912,Excitatory_Neuron
102363,1918,Excitatory_Neuron
102364,1912,Excitatory_Neuron
102365,727,unassigned
102366,1912,Excitatory_Neuron
102367,727,unassigned
102368,727,unassigned
102369,1921,Excitatory_Neuron
102370,1907,Immune
102371,1921,Excitatory_Neuron
102372,1921,Excitatory_Neuron
102373,1921,Excitatory_Neuron
102374,727,unassigned
102375,1906,Astro-Epen
102376,1917,Immune
102377,727,unassigned
102378,1912,Excitatory_Neuron
102379,1903,Immune
102380,1912,Excitatory_Neuron
102381,1912,Excitatory_Neuron
102382,712,Excitatory_Neuron
102383,727,unassigned
102384,727,unassigned
102385,1910,Excitatory_Neuron
102386,727,unassigned
102387,1921,Excitatory_Neuron
102388,1907,Immune
102389,727,unassigned
102390,727,unassigned
102391,1913,Excitatory_Neuron
102392,1907,Immune
102393,727,unassigned
102394,1902,Excitatory_Neuron
102395,1918,Excitatory_Neuron
102396,727,unassigned
102397,727,unassigned
102398,727,unassigned
102399,727,unassigned
102400,1907,Immune
102401,1907,Immune
102402,744,Astro-Epen
102403,727,unassigned
102404,1917,Immune
102405,727,unassigned
102406,727,unassigned
102407,1917,Immune
102408,727,unassigned
102409,1912,Excitatory_Neuron
102410,727,unassigned
102411,727,unassigned
102412,727,unassigned
102413,727,unassigned
102414,1907,Immune
102415,1907,Immune
102416,727,unassigned
102417,1916,GABA_Neuron
102418,1906,Astro-Epen
102419,727,unassigned
102420,1902,Excitatory_Neuron
102421,1910,Excitatory_Neuron
102422,727,unassigned
102423,1910,Excitatory_Neuron
102424,727,unassigned
102425,1921,Excitatory_Neuron
102426,1907,Immune
102427,1913,Excitatory_Neuron
102428,727,unassigned
102429,727,unassigned
102430,1918,Excitatory_Neuron
102431,727,unassigned
102432,727,unassigned
102433,727,unassigned
102434,727,unassigned
102435,1913,Excitatory_Neuron
102436,727,unassigned
102437,1922,unassigned
102438,727,unassigned
102439,727,unassigned
102440,1902,Excitatory_Neuron
102441,1912,Excitatory_Neuron
102442,727,unassigned
102443,727,unassigned
102444,1910,Excitatory_Neuron
102445,727,unassigned
102446,1907,Immune
102447,727,unassigned
102448,727,unassigned
102449,727,unassigned
102450,1900,Immune
102451,727,unassigned
102452,1912,Excitatory_Neuron
102453,1912,Excitatory_Neuron
102454,1912,Excitatory_Neuron
102455,727,unassigned
102456,727,unassigned
102457,1907,Immune
102458,1907,Immune
102459,1921,Excitatory_Neuron
102460,1913,Excitatory_Neuron
102461,1907,Immune
102462,1914,Immune
102463,744,Astro-Epen
102464,1917,Immune
102465,727,unassigned
102466,727,unassigned
102467,727,unassigned
102468,727,unassigned
102469,727,unassigned
102470,727,unassigned
102471,727,unassigned
102472,1907,Immune
102473,727,unassigned
102474,727,unassigned
102475,1912,Excitatory_Neuron
102476,1912,Excitatory_Neuron
102477,1912,Excitatory_Neuron
102478,727,unassigned
102479,727,unassigned
102480,727,unassigned
102481,727,unassigned
102482,727,unassigned
102483,727,unassigned
102484,1910,Excitatory_Neuron
102485,727,unassigned
102486,1921,Excitatory_Neuron
102487,727,unassigned
102488,727,unassigned
102489,1921,Excitatory_Neuron
102490,727,unassigned
102491,727,unassigned
102492,727,unassigned
102493,727,unassigned
102494,727,unassigned
102495,727,unassigned
102496,727,unassigned
102497,1903,Immune
102498,1903,Immune
102499,727,unassigned
102500,727,unassigned
102501,1910,Excitatory_Neuron
102502,1907,Immune
102503,727,unassigned
102504,727,unassigned
102505,727,unassigned
102506,1907,Immune
102507,727,unassigned
102508,727,unassigned
102509,727,unassigned
102510,727,unassigned
102511,1917,Immune
102512,727,unassigned
102513,727,unassigned
102514,727,unassigned
102515,727,unassigned
102516,727,unassigned
102517,1910,Excitatory_Neuron
102518,727,unassigned
102519,1907,Immune
102520,727,unassigned
102521,727,unassigned
102522,1916,GABA_Neuron
102523,727,unassigned
102524,1917,Immune
102525,727,unassigned
102526,727,unassigned
102527,727,unassigned
102528,727,unassigned
102529,727,unassigned
102530,727,unassigned
102531,727,unassigned
102532,727,unassigned
102533,1907,Immune
102534,727,unassigned
102535,1916,GABA_Neuron
102536,727,unassigned
102537,727,unassigned
102538,1917,Immune
102539,1912,Excitatory_Neuron
102540,1912,Excitatory_Neuron
102541,727,unassigned
102542,727,unassigned
102543,1918,Excitatory_Neuron
102544,1918,Excitatory_Neuron
102545,1907,Immune
102546,1921,Excitatory_Neuron
102547,1907,Immune
102548,1916,GABA_Neuron
102549,727,unassigned
102550,1917,Immune
102551,727,unassigned
102552,727,unassigned
102553,727,unassigned
102554,1912,Excitatory_Neuron
102555,1912,Excitatory_Neuron
102556,727,unassigned
102557,1910,Excitatory_Neuron
102558,1910,Excitatory_Neuron
102559,727,unassigned
102560,1907,Immune
102561,1907,Immune
102562,1922,unassigned
102563,1902,Excitatory_Neuron
102564,1917,Immune
102565,727,unassigned
102566,727,unassigned
102567,727,unassigned
102568,727,unassigned
102569,1913,Excitatory_Neuron
102570,727,unassigned
102571,1912,Excitatory_Neuron
102572,727,unassigned
102573,727,unassigned
102574,727,unassigned
102575,727,unassigned
102576,727,unassigned
102577,727,unassigned
102578,727,unassigned
102579,727,unassigned
102580,727,unassigned
102581,727,unassigned
102582,1913,Excitatory_Neuron
102583,727,unassigned
102584,727,unassigned
102585,727,unassigned
102586,727,unassigned
102587,727,unassigned
102588,1918,Excitatory_Neuron
102589,727,unassigned
102590,727,unassigned
102591,727,unassigned
102592,1921,Excitatory_Neuron
102593,727,unassigned
102594,727,unassigned
102595,727,unassigned
102596,727,unassigned
102597,1922,unassigned
102598,1900,Immune
102599,1917,Immune
102600,1917,Immune
102601,727,unassigned
102602,727,unassigned
102603,727,unassigned
102604,1912,Excitatory_Neuron
102605,727,unassigned
102606,727,unassigned
102607,727,unassigned
102608,1907,Immune
102609,727,unassigned
102610,727,unassigned
102611,727,unassigned
102612,1912,Excitatory_Neuron
102613,1912,Excitatory_Neuron
102614,1918,Excitatory_Neuron
102615,727,unassigned
102616,1918,Excitatory_Neuron
102617,727,unassigned
102618,727,unassigned
102619,727,unassigned
102620,727,unassigned
102621,727,unassigned
102622,1921,Excitatory_Neuron
102623,1921,Excitatory_Neuron
102624,1907,Immune
102625,727,unassigned
102626,727,unassigned
102627,727,unassigned
102628,727,unassigned
102629,1907,Immune
102630,727,unassigned
102631,727,unassigned
102632,1912,Excitatory_Neuron
102633,1912,Excitatory_Neuron
102634,712,Excitatory_Neuron
102635,727,unassigned
102636,1910,Excitatory_Neuron
102637,727,unassigned
102638,727,unassigned
102639,1907,Immune
102640,1907,Immune
102641,727,unassigned
102642,727,unassigned
102643,727,unassigned
102644,727,unassigned
102645,727,unassigned
102646,1912,Excitatory_Neuron
102647,727,unassigned
102648,1924,Excitatory_Neuron
102649,727,unassigned
102650,1907,Immune
102651,1921,Excitatory_Neuron
102652,1900,Immune
102653,727,unassigned
102654,1912,Excitatory_Neuron
102655,727,unassigned
102656,727,unassigned
102657,1910,Excitatory_Neuron
102658,727,unassigned
102659,727,unassigned
102660,727,unassigned
102661,727,unassigned
102662,727,unassigned
102663,727,unassigned
102664,727,unassigned
102665,727,unassigned
102666,727,unassigned
102667,1900,Immune
102668,727,unassigned
102669,1912,Excitatory_Neuron
102670,727,unassigned
102671,727,unassigned
102672,727,unassigned
102673,727,unassigned
102674,1907,Immune
102675,727,unassigned
102676,1900,Immune
102677,727,unassigned
102678,712,Excitatory_Neuron
102679,1910,Excitatory_Neuron
102680,727,unassigned
102681,727,unassigned
102682,727,unassigned
102683,1921,Excitatory_Neuron
102684,1917,Immune
102685,1917,Immune
102686,1903,Immune
102687,1903,Immune
102688,727,unassigned
102689,1912,Excitatory_Neuron
102690,727,unassigned
102691,727,unassigned
102692,727,unassigned
102693,1910,Excitatory_Neuron
102694,727,unassigned
102695,727,unassigned
102696,727,unassigned
102697,744,Astro-Epen
102698,727,unassigned
102699,1910,Excitatory_Neuron
102700,727,unassigned
102701,727,unassigned
102702,727,unassigned
102703,727,unassigned
102704,727,unassigned
102705,727,unassigned
102706,727,unassigned
102707,1917,Immune
102708,712,Excitatory_Neuron
102709,1918,Excitatory_Neuron
102710,727,unassigned
102711,727,unassigned
102712,1910,Excitatory_Neuron
102713,727,unassigned
102714,727,unassigned
102715,727,unassigned
102716,727,unassigned
102717,727,unassigned
102718,727,unassigned
102719,727,unassigned
102720,1912,Excitatory_Neuron
102721,1912,Excitatory_Neuron
102722,712,Excitatory_Neuron
102723,727,unassigned
102724,1924,Excitatory_Neuron
102725,727,unassigned
102726,727,unassigned
102727,1914,Immune
102728,744,Astro-Epen
102729,727,unassigned
102730,727,unassigned
102731,727,unassigned
102732,727,unassigned
102733,1903,Immune
102734,727,unassigned
102735,727,unassigned
102736,727,unassigned
102737,727,unassigned
102738,1918,Excitatory_Neuron
102739,1924,Excitatory_Neuron
102740,727,unassigned
102741,727,unassigned
102742,727,unassigned
102743,727,unassigned
102744,1912,Excitatory_Neuron
102745,727,unassigned
102746,727,unassigned
102747,727,unassigned
102748,1913,Excitatory_Neuron
102749,727,unassigned
102750,727,unassigned
102751,1902,Excitatory_Neuron
102752,1917,Immune
102753,727,unassigned
102754,1912,Excitatory_Neuron
102755,712,Excitatory_Neuron
102756,727,unassigned
102757,727,unassigned
102758,727,unassigned
102759,727,unassigned
102760,727,unassigned
102761,1921,Excitatory_Neuron
102762,1913,Excitatory_Neuron
102763,727,unassigned
102764,727,unassigned
102765,1914,Immune
102766,727,unassigned
102767,727,unassigned
102768,1912,Excitatory_Neuron
102769,1918,Excitatory_Neuron
102770,1918,Excitatory_Neuron
102771,727,unassigned
102772,727,unassigned
102773,1907,Immune
102774,1913,Excitatory_Neuron
102775,727,unassigned
102776,727,unassigned
102777,727,unassigned
102778,727,unassigned
102779,1918,Excitatory_Neuron
102780,727,unassigned
102781,727,unassigned
102782,1907,Immune
102783,727,unassigned
102784,1917,Immune
102785,727,unassigned
102786,727,unassigned
102787,727,unassigned
102788,727,unassigned
102789,727,unassigned
102790,727,unassigned
102791,727,unassigned
102792,727,unassigned
102793,727,unassigned
102794,1912,Excitatory_Neuron
102795,727,unassigned
102796,727,unassigned
102797,1921,Excitatory_Neuron
102798,1907,Immune
102799,1921,Excitatory_Neuron
102800,1913,Excitatory_Neuron
102801,1913,Excitatory_Neuron
102802,1906,Astro-Epen
102803,727,unassigned
102804,727,unassigned
102805,1917,Immune
102806,727,unassigned
102807,1912,Excitatory_Neuron
102808,727,unassigned
102809,727,unassigned
102810,1912,Excitatory_Neuron
102811,1912,Excitatory_Neuron
102812,727,unassigned
102813,727,unassigned
102814,1924,Excitatory_Neuron
102815,727,unassigned
102816,1907,Immune
102817,1913,Excitatory_Neuron
102818,1907,Immune
102819,1913,Excitatory_Neuron
102820,727,unassigned
102821,727,unassigned
102822,1917,Immune
102823,727,unassigned
102824,1903,Immune
102825,1912,Excitatory_Neuron
102826,727,unassigned
102827,1912,Excitatory_Neuron
102828,727,unassigned
102829,727,unassigned
102830,727,unassigned
102831,1918,Excitatory_Neuron
102832,727,unassigned
102833,1910,Excitatory_Neuron
102834,1913,Excitatory_Neuron
102835,727,unassigned
102836,1917,Immune
102837,727,unassigned
102838,727,unassigned
102839,727,unassigned
102840,1912,Excitatory_Neuron
102841,727,unassigned
102842,727,unassigned
102843,1921,Excitatory_Neuron
102844,1907,Immune
102845,1907,Immune
102846,1913,Excitatory_Neuron
102847,1907,Immune
102848,727,unassigned
102849,727,unassigned
102850,727,unassigned
102851,1907,Immune
102852,727,unassigned
102853,1912,Excitatory_Neuron
102854,727,unassigned
102855,727,unassigned
102856,727,unassigned
102857,727,unassigned
102858,727,unassigned
102859,1907,Immune
102860,1907,Immune
102861,1907,Immune
102862,727,unassigned
102863,727,unassigned
102864,727,unassigned
102865,727,unassigned
102866,727,unassigned
102867,727,unassigned
102868,727,unassigned
102869,727,unassigned
102870,727,unassigned
102871,727,unassigned
102872,1921,Excitatory_Neuron
102873,727,unassigned
102874,727,unassigned
102875,1921,Excitatory_Neuron
102876,1921,Excitatory_Neuron
102877,727,unassigned
102878,727,unassigned
102879,1912,Excitatory_Neuron
102880,1918,Excitatory_Neuron
102881,1918,Excitatory_Neuron
102882,727,unassigned
102883,1921,Excitatory_Neuron
102884,1907,Immune
102885,727,unassigned
102886,727,unassigned
102887,727,unassigned
102888,727,unassigned
102889,1917,Immune
102890,1917,Immune
102891,1912,Excitatory_Neuron
102892,1912,Excitatory_Neuron
102893,727,unassigned
102894,1910,Excitatory_Neuron
102895,727,unassigned
102896,727,unassigned
102897,1921,Excitatory_Neuron
102898,727,unassigned
102899,1916,GABA_Neuron
102900,1916,GABA_Neuron
102901,727,unassigned
102902,1914,Immune
102903,1922,unassigned
102904,727,unassigned
102905,727,unassigned
102906,727,unassigned
102907,1912,Excitatory_Neuron
102908,1912,Excitatory_Neuron
102909,1918,Excitatory_Neuron
102910,727,unassigned
102911,727,unassigned
102912,727,unassigned
102913,727,unassigned
102914,727,unassigned
102915,727,unassigned
102916,1921,Excitatory_Neuron
102917,727,unassigned
102918,727,unassigned
102919,727,unassigned
102920,1917,Immune
102921,727,unassigned
102922,727,unassigned
102923,727,unassigned
102924,1912,Excitatory_Neuron
102925,727,unassigned
102926,727,unassigned
102927,727,unassigned
102928,727,unassigned
102929,1924,Excitatory_Neuron
102930,727,unassigned
102931,727,unassigned
102932,1907,Immune
102933,727,unassigned
102934,727,unassigned
102935,727,unassigned
102936,727,unassigned
102937,727,unassigned
102938,727,unassigned
102939,727,unassigned
102940,1912,Excitatory_Neuron
102941,1912,Excitatory_Neuron
102942,1910,Excitatory_Neuron
102943,1921,Excitatory_Neuron
102944,1925,unassigned
102945,1907,Immune
102946,727,unassigned
102947,1921,Excitatory_Neuron
102948,727,unassigned
102949,727,unassigned
102950,727,unassigned
102951,727,unassigned
102952,1912,Excitatory_Neuron
102953,1912,Excitatory_Neuron
102954,1912,Excitatory_Neuron
102955,727,unassigned
102956,712,Excitatory_Neuron
102957,727,unassigned
102958,727,unassigned
102959,1916,GABA_Neuron
102960,1922,unassigned
102961,1917,Immune
102962,727,unassigned
102963,727,unassigned
102964,1912,Excitatory_Neuron
102965,727,unassigned
102966,727,unassigned
102967,727,unassigned
102968,727,unassigned
102969,727,unassigned
102970,1916,GABA_Neuron
102971,727,unassigned
102972,1917,Immune
102973,727,unassigned
102974,1912,Excitatory_Neuron
102975,1912,Excitatory_Neuron
102976,727,unassigned
102977,1910,Excitatory_Neuron
102978,727,unassigned
102979,727,unassigned
102980,727,unassigned
102981,727,unassigned
102982,727,unassigned
102983,1907,Immune
102984,727,unassigned
102985,1917,Immune
102986,1917,Immune
102987,727,unassigned
102988,1910,Excitatory_Neuron
102989,727,unassigned
102990,727,unassigned
102991,727,unassigned
102992,727,unassigned
102993,727,unassigned
102994,1916,GABA_Neuron
102995,1906,Astro-Epen
102996,727,unassigned
102997,727,unassigned
102998,727,unassigned
102999,727,unassigned
103000,727,unassigned
103001,727,unassigned
103002,727,unassigned
103003,727,unassigned
103004,1921,Excitatory_Neuron
103005,727,unassigned
103006,773,unassigned
103007,727,unassigned
103008,1906,Astro-Epen
103009,1917,Immune
103010,727,unassigned
103011,1912,Excitatory_Neuron
103012,1912,Excitatory_Neuron
103013,1912,Excitatory_Neuron
103014,727,unassigned
103015,712,Excitatory_Neuron
103016,1924,Excitatory_Neuron
103017,727,unassigned
103018,727,unassigned
103019,727,unassigned
103020,727,unassigned
103021,1907,Immune
103022,727,unassigned
103023,1917,Immune
103024,1917,Immune
103025,1917,Immune
103026,1912,Excitatory_Neuron
103027,727,unassigned
103028,727,unassigned
103029,1924,Excitatory_Neuron
103030,1906,Astro-Epen
103031,1906,Astro-Epen
103032,1922,unassigned
103033,727,unassigned
103034,727,unassigned
103035,727,unassigned
103036,727,unassigned
103037,727,unassigned
103038,1912,Excitatory_Neuron
103039,727,unassigned
103040,727,unassigned
103041,727,unassigned
103042,727,unassigned
103043,727,unassigned
103044,727,unassigned
103045,1924,Excitatory_Neuron
103046,727,unassigned
103047,1921,Excitatory_Neuron
103048,727,unassigned
103049,727,unassigned
103050,1921,Excitatory_Neuron
103051,727,unassigned
103052,727,unassigned
103053,727,unassigned
103054,727,unassigned
103055,727,unassigned
103056,727,unassigned
103057,727,unassigned
103058,727,unassigned
103059,1918,Excitatory_Neuron
103060,1924,Excitatory_Neuron
103061,727,unassigned
103062,727,unassigned
103063,1921,Excitatory_Neuron
103064,1907,Immune
103065,727,unassigned
103066,1916,GABA_Neuron
103067,727,unassigned
103068,1906,Astro-Epen
103069,1922,unassigned
103070,727,unassigned
103071,727,unassigned
103072,763,GABA_Neuron
103073,1912,Excitatory_Neuron
103074,727,unassigned
103075,1910,Excitatory_Neuron
103076,727,unassigned
103077,727,unassigned
103078,1907,Immune
103079,1907,Immune
103080,727,unassigned
103081,1914,Immune
103082,727,unassigned
103083,727,unassigned
103084,1917,Immune
103085,727,unassigned
103086,727,unassigned
103087,1912,Excitatory_Neuron
103088,1912,Excitatory_Neuron
103089,1918,Excitatory_Neuron
103090,1912,Excitatory_Neuron
103091,1912,Excitatory_Neuron
103092,727,unassigned
103093,727,unassigned
103094,727,unassigned
103095,1924,Excitatory_Neuron
103096,1907,Immune
103097,727,unassigned
103098,727,unassigned
103099,727,unassigned
103100,727,unassigned
103101,727,unassigned
103102,727,unassigned
103103,1912,Excitatory_Neuron
103104,1918,Excitatory_Neuron
103105,727,unassigned
103106,727,unassigned
103107,1918,Excitatory_Neuron
103108,1912,Excitatory_Neuron
103109,727,unassigned
103110,727,unassigned
103111,727,unassigned
103112,727,unassigned
103113,727,unassigned
103114,727,unassigned
103115,727,unassigned
103116,1907,Immune
103117,727,unassigned
103118,1916,GABA_Neuron
103119,727,unassigned
103120,727,unassigned
103121,727,unassigned
103122,1912,Excitatory_Neuron
103123,1918,Excitatory_Neuron
103124,727,unassigned
103125,727,unassigned
103126,727,unassigned
103127,727,unassigned
103128,727,unassigned
103129,1917,Immune
103130,727,unassigned
103131,727,unassigned
103132,727,unassigned
103133,1912,Excitatory_Neuron
103134,727,unassigned
103135,1912,Excitatory_Neuron
103136,712,Excitatory_Neuron
103137,727,unassigned
103138,727,unassigned
103139,1921,Excitatory_Neuron
103140,727,unassigned
103141,727,unassigned
103142,727,unassigned
103143,727,unassigned
103144,1912,Excitatory_Neuron
103145,1918,Excitatory_Neuron
103146,1918,Excitatory_Neuron
103147,727,unassigned
103148,727,unassigned
103149,727,unassigned
103150,727,unassigned
103151,1924,Excitatory_Neuron
103152,1907,Immune
103153,727,unassigned
103154,727,unassigned
103155,1917,Immune
103156,727,unassigned
103157,727,unassigned
103158,727,unassigned
103159,1912,Excitatory_Neuron
103160,1924,Excitatory_Neuron
103161,727,unassigned
103162,727,unassigned
103163,727,unassigned
103164,727,unassigned
103165,727,unassigned
103166,1912,Excitatory_Neuron
103167,727,unassigned
103168,1912,Excitatory_Neuron
103169,727,unassigned
103170,1918,Excitatory_Neuron
103171,1912,Excitatory_Neuron
103172,1910,Excitatory_Neuron
103173,727,unassigned
103174,727,unassigned
103175,1907,Immune
103176,1907,Immune
103177,727,unassigned
103178,1906,Astro-Epen
103179,727,unassigned
103180,727,unassigned
103181,727,unassigned
103182,1912,Excitatory_Neuron
103183,727,unassigned
103184,1912,Excitatory_Neuron
103185,712,Excitatory_Neuron
103186,1912,Excitatory_Neuron
103187,727,unassigned
103188,1907,Immune
103189,1907,Immune
103190,1921,Excitatory_Neuron
103191,1907,Immune
103192,727,unassigned
103193,727,unassigned
103194,727,unassigned
103195,1917,Immune
103196,727,unassigned
103197,1917,Immune
103198,727,unassigned
103199,727,unassigned
103200,1912,Excitatory_Neuron
103201,727,unassigned
103202,1921,Excitatory_Neuron
103203,727,unassigned
103204,1907,Immune
103205,727,unassigned
103206,727,unassigned
103207,727,unassigned
103208,727,unassigned
103209,1918,Excitatory_Neuron
103210,1912,Excitatory_Neuron
103211,727,unassigned
103212,727,unassigned
103213,727,unassigned
103214,727,unassigned
103215,727,unassigned
103216,727,unassigned
103217,727,unassigned
103218,1924,Excitatory_Neuron
103219,1907,Immune
103220,1907,Immune
103221,727,unassigned
103222,727,unassigned
103223,727,unassigned
103224,727,unassigned
103225,727,unassigned
103226,727,unassigned
103227,1917,Immune
103228,727,unassigned
103229,727,unassigned
103230,1910,Excitatory_Neuron
103231,727,unassigned
103232,727,unassigned
103233,727,unassigned
103234,1907,Immune
103235,727,unassigned
103236,727,unassigned
103237,1916,GABA_Neuron
103238,727,unassigned
103239,727,unassigned
103240,727,unassigned
103241,727,unassigned
103242,727,unassigned
103243,727,unassigned
103244,727,unassigned
103245,727,unassigned
103246,727,unassigned
103247,1907,Immune
103248,727,unassigned
103249,1907,Immune
103250,727,unassigned
103251,727,unassigned
103252,1918,Excitatory_Neuron
103253,1918,Excitatory_Neuron
103254,727,unassigned
103255,712,Excitatory_Neuron
103256,727,unassigned
103257,727,unassigned
103258,727,unassigned
103259,1907,Immune
103260,727,unassigned
103261,1914,Immune
103262,1912,Excitatory_Neuron
103263,727,unassigned
103264,727,unassigned
103265,727,unassigned
103266,1907,Immune
103267,1907,Immune
103268,1916,GABA_Neuron
103269,727,unassigned
103270,1906,Astro-Epen
103271,727,unassigned
103272,1917,Immune
103273,727,unassigned
103274,727,unassigned
103275,1912,Excitatory_Neuron
103276,1912,Excitatory_Neuron
103277,727,unassigned
103278,727,unassigned
103279,727,unassigned
103280,727,unassigned
103281,727,unassigned
103282,727,unassigned
103283,1917,Immune
103284,727,unassigned
103285,727,unassigned
103286,727,unassigned
103287,727,unassigned
103288,727,unassigned
103289,727,unassigned
103290,1907,Immune
103291,1907,Immune
103292,727,unassigned
103293,773,unassigned
103294,1917,Immune
103295,727,unassigned
103296,1912,Excitatory_Neuron
103297,1912,Excitatory_Neuron
103298,727,unassigned
103299,1924,Excitatory_Neuron
103300,727,unassigned
103301,1924,Excitatory_Neuron
103302,727,unassigned
103303,1921,Excitatory_Neuron
103304,1921,Excitatory_Neuron
103305,727,unassigned
103306,1907,Immune
103307,727,unassigned
103308,727,unassigned
103309,1916,GABA_Neuron
103310,1922,unassigned
103311,727,unassigned
103312,727,unassigned
103313,727,unassigned
103314,727,unassigned
103315,727,unassigned
103316,727,unassigned
103317,1922,unassigned
103318,727,unassigned
103319,727,unassigned
103320,727,unassigned
103321,1912,Excitatory_Neuron
103322,727,unassigned
103323,727,unassigned
103324,727,unassigned
103325,727,unassigned
103326,727,unassigned
103327,1924,Excitatory_Neuron
103328,727,unassigned
103329,727,unassigned
103330,727,unassigned
103331,727,unassigned
103332,727,unassigned
103333,727,unassigned
103334,727,unassigned
103335,727,unassigned
103336,727,unassigned
103337,1910,Excitatory_Neuron
103338,727,unassigned
103339,727,unassigned
103340,1907,Immune
103341,727,unassigned
103342,727,unassigned
103343,727,unassigned
103344,744,Astro-Epen
103345,727,unassigned
103346,744,Astro-Epen
103347,727,unassigned
103348,727,unassigned
103349,727,unassigned
103350,1917,Immune
103351,727,unassigned
103352,1917,Immune
103353,1912,Excitatory_Neuron
103354,1918,Excitatory_Neuron
103355,727,unassigned
103356,727,unassigned
103357,727,unassigned
103358,727,unassigned
103359,727,unassigned
103360,1921,Excitatory_Neuron
103361,1907,Immune
103362,727,unassigned
103363,727,unassigned
103364,727,unassigned
103365,727,unassigned
103366,727,unassigned
103367,727,unassigned
103368,727,unassigned
103369,727,unassigned
103370,727,unassigned
103371,727,unassigned
103372,727,unassigned
103373,727,unassigned
103374,727,unassigned
103375,1924,Excitatory_Neuron
103376,727,unassigned
103377,1907,Immune
103378,727,unassigned
103379,727,unassigned
103380,727,unassigned
103381,727,unassigned
103382,727,unassigned
103383,727,unassigned
103384,727,unassigned
103385,727,unassigned
103386,1907,Immune
103387,727,unassigned
103388,727,unassigned
103389,727,unassigned
103390,1916,GABA_Neuron
103391,1906,Astro-Epen
103392,744,Astro-Epen
103393,727,unassigned
103394,1917,Immune
103395,727,unassigned
103396,727,unassigned
103397,727,unassigned
103398,727,unassigned
103399,727,unassigned
103400,727,unassigned
103401,712,Excitatory_Neuron
103402,1918,Excitatory_Neuron
103403,1912,Excitatory_Neuron
103404,727,unassigned
103405,727,unassigned
103406,727,unassigned
103407,1917,Immune
103408,727,unassigned
103409,1918,Excitatory_Neuron
103410,727,unassigned
103411,727,unassigned
103412,727,unassigned
103413,727,unassigned
103414,1921,Excitatory_Neuron
103415,1907,Immune
103416,1907,Immune
103417,727,unassigned
103418,727,unassigned
103419,727,unassigned
103420,1922,unassigned
103421,744,Astro-Epen
103422,727,unassigned
103423,1917,Immune
103424,1912,Excitatory_Neuron
103425,727,unassigned
103426,727,unassigned
103427,727,unassigned
103428,727,unassigned
103429,727,unassigned
103430,1921,Excitatory_Neuron
103431,727,unassigned
103432,1907,Immune
103433,1916,GABA_Neuron
103434,727,unassigned
103435,727,unassigned
103436,727,unassigned
103437,727,unassigned
103438,1912,Excitatory_Neuron
103439,727,unassigned
103440,727,unassigned
103441,727,unassigned
103442,1924,Excitatory_Neuron
103443,1924,Excitatory_Neuron
103444,727,unassigned
103445,727,unassigned
103446,1907,Immune
103447,727,unassigned
103448,727,unassigned
103449,727,unassigned
103450,727,unassigned
103451,727,unassigned
103452,727,unassigned
103453,727,unassigned
103454,727,unassigned
103455,727,unassigned
103456,1921,Excitatory_Neuron
103457,1907,Immune
103458,727,unassigned
103459,727,unassigned
103460,1907,Immune
103461,727,unassigned
103462,1907,Immune
103463,727,unassigned
103464,727,unassigned
103465,1922,unassigned
103466,727,unassigned
103467,727,unassigned
103468,727,unassigned
103469,1917,Immune
103470,727,unassigned
103471,1918,Excitatory_Neuron
103472,727,unassigned
103473,727,unassigned
103474,1910,Excitatory_Neuron
103475,727,unassigned
103476,727,unassigned
103477,727,unassigned
103478,727,unassigned
103479,727,unassigned
103480,727,unassigned
103481,1912,Excitatory_Neuron
103482,727,unassigned
103483,1912,Excitatory_Neuron
103484,727,unassigned
103485,727,unassigned
103486,1918,Excitatory_Neuron
103487,1912,Excitatory_Neuron
103488,727,unassigned
103489,1924,Excitatory_Neuron
103490,1921,Excitatory_Neuron
103491,1907,Immune
103492,1921,Excitatory_Neuron
103493,1907,Immune
103494,727,unassigned
103495,727,unassigned
103496,727,unassigned
103497,727,unassigned
103498,727,unassigned
103499,727,unassigned
103500,727,unassigned
103501,1918,Excitatory_Neuron
103502,727,unassigned
103503,727,unassigned
103504,1924,Excitatory_Neuron
103505,1907,Immune
103506,727,unassigned
103507,727,unassigned
103508,727,unassigned
103509,1922,unassigned
103510,727,unassigned
103511,727,unassigned
103512,727,unassigned
103513,727,unassigned
103514,1912,Excitatory_Neuron
103515,1912,Excitatory_Neuron
103516,727,unassigned
103517,727,unassigned
103518,1921,Excitatory_Neuron
103519,1907,Immune
103520,727,unassigned
103521,727,unassigned
103522,727,unassigned
103523,727,unassigned
103524,727,unassigned
103525,727,unassigned
103526,727,unassigned
103527,1912,Excitatory_Neuron
103528,1912,Excitatory_Neuron
103529,727,unassigned
103530,727,unassigned
103531,727,unassigned
103532,727,unassigned
103533,727,unassigned
103534,727,unassigned
103535,1910,Excitatory_Neuron
103536,727,unassigned
103537,1910,Excitatory_Neuron
103538,1907,Immune
103539,1907,Immune
103540,1907,Immune
103541,727,unassigned
103542,727,unassigned
103543,727,unassigned
103544,727,unassigned
103545,727,unassigned
103546,727,unassigned
103547,727,unassigned
103548,727,unassigned
103549,727,unassigned
103550,1926,unassigned
103551,727,unassigned
103552,727,unassigned
103553,1910,Excitatory_Neuron
103554,1907,Immune
103555,727,unassigned
103556,727,unassigned
103557,727,unassigned
103558,727,unassigned
103559,727,unassigned
103560,753,Excitatory_Neuron
103561,1912,Excitatory_Neuron
103562,1912,Excitatory_Neuron
103563,727,unassigned
103564,1918,Excitatory_Neuron
103565,727,unassigned
103566,1910,Excitatory_Neuron
103567,1924,Excitatory_Neuron
103568,1907,Immune
103569,1921,Excitatory_Neuron
103570,727,unassigned
103571,727,unassigned
103572,727,unassigned
103573,727,unassigned
103574,1912,Excitatory_Neuron
103575,727,unassigned
103576,727,unassigned
103577,1910,Excitatory_Neuron
103578,727,unassigned
103579,1921,Excitatory_Neuron
103580,727,unassigned
103581,727,unassigned
103582,727,unassigned
103583,727,unassigned
103584,727,unassigned
103585,727,unassigned
103586,727,unassigned
103587,1918,Excitatory_Neuron
103588,727,unassigned
103589,727,unassigned
103590,1921,Excitatory_Neuron
103591,1917,Immune
103592,727,unassigned
103593,763,GABA_Neuron
103594,1912,Excitatory_Neuron
103595,712,Excitatory_Neuron
103596,727,unassigned
103597,727,unassigned
103598,727,unassigned
103599,1907,Immune
103600,727,unassigned
103601,727,unassigned
103602,727,unassigned
103603,727,unassigned
103604,727,unassigned
103605,727,unassigned
103606,727,unassigned
103607,727,unassigned
103608,727,unassigned
103609,727,unassigned
103610,727,unassigned
103611,1910,Excitatory_Neuron
103612,727,unassigned
103613,727,unassigned
103614,1907,Immune
103615,1907,Immune
103616,727,unassigned
103617,727,unassigned
103618,732,Excitatory_Neuron
103619,727,unassigned
103620,727,unassigned
103621,1912,Excitatory_Neuron
103622,727,unassigned
103623,727,unassigned
103624,727,unassigned
103625,727,unassigned
103626,727,unassigned
103627,727,unassigned
103628,1917,Immune
103629,727,unassigned
103630,727,unassigned
103631,727,unassigned
103632,1918,Excitatory_Neuron
103633,727,unassigned
103634,727,unassigned
103635,727,unassigned
103636,727,unassigned
103637,727,unassigned
103638,727,unassigned
103639,727,unassigned
103640,1907,Immune
103641,727,unassigned
103642,727,unassigned
103643,727,unassigned
103644,727,unassigned
103645,727,unassigned
103646,727,unassigned
103647,727,unassigned
103648,727,unassigned
103649,727,unassigned
103650,727,unassigned
103651,727,unassigned
103652,727,unassigned
103653,1910,Excitatory_Neuron
103654,1924,Excitatory_Neuron
103655,1921,Excitatory_Neuron
103656,727,unassigned
103657,727,unassigned
103658,1922,unassigned
103659,732,Excitatory_Neuron
103660,727,unassigned
103661,727,unassigned
103662,727,unassigned
103663,727,unassigned
103664,727,unassigned
103665,1918,Excitatory_Neuron
103666,727,unassigned
103667,727,unassigned
103668,1924,Excitatory_Neuron
103669,1924,Excitatory_Neuron
103670,727,unassigned
103671,727,unassigned
103672,1907,Immune
103673,1917,Immune
103674,727,unassigned
103675,1912,Excitatory_Neuron
103676,1918,Excitatory_Neuron
103677,727,unassigned
103678,727,unassigned
103679,727,unassigned
103680,727,unassigned
103681,727,unassigned
103682,1907,Immune
103683,727,unassigned
103684,1912,Excitatory_Neuron
103685,727,unassigned
103686,727,unassigned
103687,727,unassigned
103688,1907,Immune
103689,1907,Immune
103690,1907,Immune
103691,1907,Immune
103692,727,unassigned
103693,1922,unassigned
103694,1922,unassigned
103695,727,unassigned
103696,727,unassigned
103697,727,unassigned
103698,1912,Excitatory_Neuron
103699,727,unassigned
103700,1918,Excitatory_Neuron
103701,1912,Excitatory_Neuron
103702,1912,Excitatory_Neuron
103703,1924,Excitatory_Neuron
103704,1921,Excitatory_Neuron
103705,727,unassigned
103706,1922,unassigned
103707,727,unassigned
103708,727,unassigned
103709,727,unassigned
103710,727,unassigned
103711,727,unassigned
103712,727,unassigned
103713,1918,Excitatory_Neuron
103714,1918,Excitatory_Neuron
103715,1910,Excitatory_Neuron
103716,727,unassigned
103717,727,unassigned
103718,727,unassigned
103719,727,unassigned
103720,1906,Astro-Epen
103721,727,unassigned
103722,727,unassigned
103723,727,unassigned
103724,727,unassigned
103725,727,unassigned
103726,1912,Excitatory_Neuron
103727,1918,Excitatory_Neuron
103728,727,unassigned
103729,727,unassigned
103730,1917,Immune
103731,727,unassigned
103732,727,unassigned
103733,727,unassigned
103734,1912,Excitatory_Neuron
103735,727,unassigned
103736,727,unassigned
103737,1924,Excitatory_Neuron
103738,1924,Excitatory_Neuron
103739,727,unassigned
103740,1907,Immune
103741,1907,Immune
103742,727,unassigned
103743,727,unassigned
103744,727,unassigned
103745,727,unassigned
103746,1912,Excitatory_Neuron
103747,727,unassigned
103748,727,unassigned
103749,727,unassigned
103750,727,unassigned
103751,1907,Immune
103752,1921,Excitatory_Neuron
103753,1907,Immune
103754,727,unassigned
103755,727,unassigned
103756,727,unassigned
103757,727,unassigned
103758,727,unassigned
103759,1917,Immune
103760,727,unassigned
103761,727,unassigned
103762,727,unassigned
103763,1912,Excitatory_Neuron
103764,727,unassigned
103765,727,unassigned
103766,727,unassigned
103767,1927,unassigned
103768,727,unassigned
103769,727,unassigned
103770,1907,Immune
103771,727,unassigned
103772,727,unassigned
103773,1922,unassigned
103774,727,unassigned
103775,1917,Immune
103776,727,unassigned
103777,727,unassigned
103778,727,unassigned
103779,727,unassigned
103780,1924,Excitatory_Neuron
103781,1907,Immune
103782,1907,Immune
103783,727,unassigned
103784,727,unassigned
103785,727,unassigned
103786,727,unassigned
103787,727,unassigned
103788,727,unassigned
103789,727,unassigned
103790,1912,Excitatory_Neuron
103791,727,unassigned
103792,727,unassigned
103793,727,unassigned
103794,727,unassigned
103795,727,unassigned
103796,727,unassigned
103797,727,unassigned
103798,727,unassigned
103799,1921,Excitatory_Neuron
103800,727,unassigned
103801,1907,Immune
103802,1907,Immune
103803,727,unassigned
103804,727,unassigned
103805,727,unassigned
103806,727,unassigned
103807,1906,Astro-Epen
103808,727,unassigned
103809,727,unassigned
103810,1912,Excitatory_Neuron
103811,727,unassigned
103812,727,unassigned
103813,1926,unassigned
103814,727,unassigned
103815,1924,Excitatory_Neuron
103816,1907,Immune
103817,727,unassigned
103818,727,unassigned
103819,1922,unassigned
103820,727,unassigned
103821,1917,Immune
103822,727,unassigned
103823,1912,Excitatory_Neuron
103824,1926,unassigned
103825,1910,Excitatory_Neuron
103826,1921,Excitatory_Neuron
103827,727,unassigned
103828,727,unassigned
103829,731,Excitatory_Neuron
103830,731,Excitatory_Neuron
103831,727,unassigned
103832,727,unassigned
103833,727,unassigned
103834,727,unassigned
103835,727,unassigned
103836,727,unassigned
103837,727,unassigned
103838,727,unassigned
103839,727,unassigned
103840,1921,Excitatory_Neuron
103841,727,unassigned
103842,727,unassigned
103843,727,unassigned
103844,1926,unassigned
103845,1926,unassigned
103846,727,unassigned
103847,727,unassigned
103848,1907,Immune
103849,1907,Immune
103850,727,unassigned
103851,727,unassigned
103852,727,unassigned
103853,727,unassigned
103854,727,unassigned
103855,727,unassigned
103856,727,unassigned
103857,1912,Excitatory_Neuron
103858,727,unassigned
103859,727,unassigned
103860,727,unassigned
103861,727,unassigned
103862,727,unassigned
103863,727,unassigned
103864,727,unassigned
103865,1921,Excitatory_Neuron
103866,727,unassigned
103867,727,unassigned
103868,727,unassigned
103869,727,unassigned
103870,727,unassigned
103871,727,unassigned
103872,727,unassigned
103873,727,unassigned
103874,727,unassigned
103875,727,unassigned
103876,727,unassigned
103877,727,unassigned
103878,1912,Excitatory_Neuron
103879,1912,Excitatory_Neuron
103880,727,unassigned
103881,727,unassigned
103882,727,unassigned
103883,727,unassigned
103884,727,unassigned
103885,727,unassigned
103886,727,unassigned
103887,727,unassigned
103888,727,unassigned
103889,727,unassigned
103890,727,unassigned
103891,727,unassigned
103892,1927,unassigned
103893,1924,Excitatory_Neuron
103894,1924,Excitatory_Neuron
103895,1921,Excitatory_Neuron
103896,727,unassigned
103897,727,unassigned
103898,1922,unassigned
103899,727,unassigned
103900,727,unassigned
103901,727,unassigned
103902,1912,Excitatory_Neuron
103903,1912,Excitatory_Neuron
103904,727,unassigned
103905,1926,unassigned
103906,727,unassigned
103907,1924,Excitatory_Neuron
103908,727,unassigned
103909,727,unassigned
103910,1924,Excitatory_Neuron
103911,727,unassigned
103912,727,unassigned
103913,727,unassigned
103914,727,unassigned
103915,727,unassigned
103916,727,unassigned
103917,727,unassigned
103918,727,unassigned
103919,1926,unassigned
103920,1921,Excitatory_Neuron
103921,727,unassigned
103922,1907,Immune
103923,727,unassigned
103924,727,unassigned
103925,727,unassigned
103926,1912,Excitatory_Neuron
103927,1924,Excitatory_Neuron
103928,727,unassigned
103929,727,unassigned
103930,727,unassigned
103931,1921,Excitatory_Neuron
103932,727,unassigned
103933,1917,Immune
103934,727,unassigned
103935,1927,unassigned
103936,727,unassigned
103937,1924,Excitatory_Neuron
103938,727,unassigned
103939,727,unassigned
103940,727,unassigned
103941,727,unassigned
103942,731,Excitatory_Neuron
103943,727,unassigned
103944,727,unassigned
103945,727,unassigned
103946,727,unassigned
103947,727,unassigned
103948,727,unassigned
103949,727,unassigned
103950,727,unassigned
103951,727,unassigned
103952,1921,Excitatory_Neuron
103953,727,unassigned
103954,727,unassigned
103955,727,unassigned
103956,727,unassigned
103957,727,unassigned
103958,727,unassigned
103959,727,unassigned
103960,727,unassigned
103961,727,unassigned
103962,1912,Excitatory_Neuron
103963,727,unassigned
103964,727,unassigned
103965,1924,Excitatory_Neuron
103966,727,unassigned
103967,727,unassigned
103968,727,unassigned
103969,727,unassigned
103970,727,unassigned
103971,727,unassigned
103972,727,unassigned
103973,727,unassigned
103974,727,unassigned
103975,1918,Excitatory_Neuron
103976,727,unassigned
103977,727,unassigned
103978,727,unassigned
103979,727,unassigned
103980,727,unassigned
103981,1912,Excitatory_Neuron
103982,727,unassigned
103983,727,unassigned
103984,727,unassigned
103985,727,unassigned
103986,727,unassigned
103987,727,unassigned
103988,1917,Immune
103989,727,unassigned
103990,727,unassigned
103991,727,unassigned
103992,727,unassigned
103993,727,unassigned
103994,727,unassigned
103995,727,unassigned
103996,727,unassigned
103997,727,unassigned
103998,727,unassigned
103999,1907,Immune
104000,727,unassigned
104001,727,unassigned
104002,727,unassigned
104003,727,unassigned
104004,727,unassigned
104005,727,unassigned
104006,1921,Excitatory_Neuron
104007,727,unassigned
104008,727,unassigned
104009,727,unassigned
104010,1922,unassigned
104011,727,unassigned
104012,727,unassigned
104013,727,unassigned
104014,727,unassigned
104015,727,unassigned
104016,727,unassigned
104017,727,unassigned
104018,727,unassigned
104019,727,unassigned
104020,1924,Excitatory_Neuron
104021,727,unassigned
104022,1907,Immune
104023,727,unassigned
104024,727,unassigned
104025,727,unassigned
104026,727,unassigned
104027,727,unassigned
104028,727,unassigned
104029,1907,Immune
104030,727,unassigned
104031,727,unassigned
104032,727,unassigned
104033,727,unassigned
104034,727,unassigned
104035,727,unassigned
104036,727,unassigned
104037,727,unassigned
104038,727,unassigned
104039,727,unassigned
104040,1924,Excitatory_Neuron
104041,727,unassigned
104042,727,unassigned
104043,727,unassigned
104044,1907,Immune
104045,727,unassigned
104046,1907,Immune
104047,727,unassigned
104048,727,unassigned
104049,727,unassigned
104050,727,unassigned
104051,727,unassigned
104052,727,unassigned
104053,727,unassigned
104054,1926,unassigned
104055,1910,Excitatory_Neuron
104056,727,unassigned
104057,727,unassigned
104058,727,unassigned
104059,727,unassigned
104060,727,unassigned
104061,727,unassigned
104062,1917,Immune
104063,1912,Excitatory_Neuron
104064,727,unassigned
104065,727,unassigned
104066,712,Excitatory_Neuron
104067,727,unassigned
104068,727,unassigned
104069,1924,Excitatory_Neuron
104070,1924,Excitatory_Neuron
104071,727,unassigned
104072,727,unassigned
104073,727,unassigned
104074,727,unassigned
104075,727,unassigned
104076,1917,Immune
104077,1917,Immune
104078,1917,Immune
104079,727,unassigned
104080,727,unassigned
104081,727,unassigned
104082,727,unassigned
104083,1924,Excitatory_Neuron
104084,1924,Excitatory_Neuron
104085,727,unassigned
104086,727,unassigned
104087,1907,Immune
104088,727,unassigned
104089,727,unassigned
104090,1917,Immune
104091,727,unassigned
104092,727,unassigned
104093,1924,Excitatory_Neuron
104094,727,unassigned
104095,727,unassigned
104096,727,unassigned
104097,727,unassigned
104098,727,unassigned
104099,1922,unassigned
104100,727,unassigned
104101,727,unassigned
104102,727,unassigned
104103,727,unassigned
104104,1928,unassigned
104105,1912,Excitatory_Neuron
104106,1912,Excitatory_Neuron
104107,727,unassigned
104108,727,unassigned
104109,727,unassigned
104110,1921,Excitatory_Neuron
104111,727,unassigned
104112,727,unassigned
104113,1907,Immune
104114,1921,Excitatory_Neuron
104115,727,unassigned
104116,727,unassigned
104117,727,unassigned
104118,727,unassigned
104119,727,unassigned
104120,727,unassigned
104121,727,unassigned
104122,727,unassigned
104123,727,unassigned
104124,1917,Immune
104125,727,unassigned
104126,1912,Excitatory_Neuron
104127,727,unassigned
104128,727,unassigned
104129,727,unassigned
104130,727,unassigned
104131,727,unassigned
104132,727,unassigned
104133,727,unassigned
104134,727,unassigned
104135,727,unassigned
104136,727,unassigned
104137,1917,Immune
104138,727,unassigned
104139,727,unassigned
104140,727,unassigned
104141,727,unassigned
104142,727,unassigned
104143,727,unassigned
104144,727,unassigned
104145,1928,unassigned
104146,727,unassigned
104147,727,unassigned
104148,727,unassigned
104149,727,unassigned
104150,727,unassigned
104151,727,unassigned
104152,727,unassigned
104153,727,unassigned
104154,727,unassigned
104155,727,unassigned
104156,1921,Excitatory_Neuron
104157,1907,Immune
104158,727,unassigned
104159,727,unassigned
104160,727,unassigned
104161,1907,Immune
104162,727,unassigned
104163,1917,Immune
104164,727,unassigned
104165,727,unassigned
104166,727,unassigned
104167,727,unassigned
104168,727,unassigned
104169,1924,Excitatory_Neuron
104170,727,unassigned
104171,727,unassigned
104172,727,unassigned
104173,727,unassigned
104174,1922,unassigned
104175,727,unassigned
104176,1917,Immune
104177,727,unassigned
104178,727,unassigned
104179,727,unassigned
104180,1912,Excitatory_Neuron
104181,727,unassigned
104182,727,unassigned
104183,727,unassigned
104184,727,unassigned
104185,727,unassigned
104186,727,unassigned
104187,727,unassigned
104188,727,unassigned
104189,727,unassigned
104190,727,unassigned
104191,727,unassigned
104192,1917,Immune
104193,727,unassigned
104194,727,unassigned
104195,727,unassigned
104196,1912,Excitatory_Neuron
104197,1912,Excitatory_Neuron
104198,727,unassigned
104199,727,unassigned
104200,727,unassigned
104201,1907,Immune
104202,1907,Immune
104203,1921,Excitatory_Neuron
104204,727,unassigned
104205,727,unassigned
104206,727,unassigned
104207,727,unassigned
104208,727,unassigned
104209,727,unassigned
104210,727,unassigned
104211,727,unassigned
104212,727,unassigned
104213,727,unassigned
104214,727,unassigned
104215,727,unassigned
104216,727,unassigned
104217,727,unassigned
104218,727,unassigned
104219,727,unassigned
104220,727,unassigned
104221,727,unassigned
104222,1917,Immune
104223,727,unassigned
104224,727,unassigned
104225,727,unassigned
104226,727,unassigned
104227,727,unassigned
104228,727,unassigned
104229,727,unassigned
104230,727,unassigned
104231,727,unassigned
104232,727,unassigned
104233,1917,Immune
104234,727,unassigned
104235,727,unassigned
104236,727,unassigned
104237,727,unassigned
104238,727,unassigned
104239,1926,unassigned
104240,1926,unassigned
104241,1924,Excitatory_Neuron
104242,727,unassigned
104243,727,unassigned
104244,727,unassigned
104245,727,unassigned
104246,727,unassigned
104247,727,unassigned
104248,727,unassigned
104249,727,unassigned
104250,727,unassigned
104251,1912,Excitatory_Neuron
104252,727,unassigned
104253,727,unassigned
104254,727,unassigned
104255,1907,Immune
104256,727,unassigned
104257,727,unassigned
104258,731,Excitatory_Neuron
104259,727,unassigned
104260,727,unassigned
104261,1917,Immune
104262,1917,Immune
104263,727,unassigned
104264,727,unassigned
104265,727,unassigned
104266,727,unassigned
104267,727,unassigned
104268,1924,Excitatory_Neuron
104269,727,unassigned
104270,727,unassigned
104271,1921,Excitatory_Neuron
104272,727,unassigned
104273,727,unassigned
104274,727,unassigned
104275,1917,Immune
104276,727,unassigned
104277,727,unassigned
104278,727,unassigned
104279,727,unassigned
104280,727,unassigned
104281,727,unassigned
104282,727,unassigned
104283,1921,Excitatory_Neuron
104284,727,unassigned
104285,727,unassigned
104286,727,unassigned
104287,727,unassigned
104288,727,unassigned
104289,1917,Immune
104290,727,unassigned
104291,727,unassigned
104292,727,unassigned
104293,727,unassigned
104294,727,unassigned
104295,727,unassigned
104296,727,unassigned
104297,727,unassigned
104298,727,unassigned
104299,727,unassigned
104300,727,unassigned
104301,727,unassigned
104302,727,unassigned
104303,727,unassigned
104304,727,unassigned
104305,1917,Immune
104306,1912,Excitatory_Neuron
104307,727,unassigned
104308,727,unassigned
104309,727,unassigned
104310,727,unassigned
104311,727,unassigned
104312,727,unassigned
104313,727,unassigned
104314,727,unassigned
104315,727,unassigned
104316,727,unassigned
104317,727,unassigned
104318,727,unassigned
104319,727,unassigned
104320,727,unassigned
104321,1912,Excitatory_Neuron
104322,727,unassigned
104323,727,unassigned
104324,727,unassigned
104325,727,unassigned
104326,727,unassigned
104327,1917,Immune
104328,727,unassigned
104329,727,unassigned
104330,727,unassigned
104331,727,unassigned
104332,727,unassigned
104333,727,unassigned
104334,727,unassigned
104335,727,unassigned
104336,727,unassigned
104337,727,unassigned
104338,727,unassigned
104339,727,unassigned
104340,727,unassigned
104341,727,unassigned
104342,727,unassigned
104343,1927,unassigned
104344,727,unassigned
104345,727,unassigned
104346,727,unassigned
104347,727,unassigned
104348,1924,Excitatory_Neuron
104349,727,unassigned
104350,727,unassigned
104351,1922,unassigned
104352,1917,Immune
104353,727,unassigned
104354,727,unassigned
104355,727,unassigned
104356,727,unassigned
104357,1924,Excitatory_Neuron
104358,1907,Immune
104359,727,unassigned
104360,1921,Excitatory_Neuron
104361,1921,Excitatory_Neuron
104362,727,unassigned
104363,727,unassigned
104364,727,unassigned
104365,727,unassigned
104366,727,unassigned
104367,1922,unassigned
104368,727,unassigned
104369,727,unassigned
104370,727,unassigned
104371,727,unassigned
104372,727,unassigned
104373,727,unassigned
104374,1922,unassigned
104375,727,unassigned
104376,727,unassigned
104377,727,unassigned
104378,1921,Excitatory_Neuron
104379,727,unassigned
104380,727,unassigned
104381,727,unassigned
104382,727,unassigned
104383,727,unassigned
104384,1912,Excitatory_Neuron
104385,1912,Excitatory_Neuron
104386,727,unassigned
104387,727,unassigned
104388,727,unassigned
104389,727,unassigned
104390,727,unassigned
104391,727,unassigned
104392,727,unassigned
104393,727,unassigned
104394,727,unassigned
104395,1921,Excitatory_Neuron
104396,727,unassigned
104397,727,unassigned
104398,1907,Immune
104399,727,unassigned
104400,727,unassigned
104401,727,unassigned
104402,727,unassigned
104403,727,unassigned
104404,727,unassigned
104405,1924,Excitatory_Neuron
104406,727,unassigned
104407,727,unassigned
104408,1922,unassigned
104409,1922,unassigned
104410,727,unassigned
104411,727,unassigned
104412,727,unassigned
104413,1912,Excitatory_Neuron
104414,727,unassigned
104415,727,unassigned
104416,727,unassigned
104417,727,unassigned
104418,727,unassigned
104419,727,unassigned
104420,727,unassigned
104421,727,unassigned
104422,727,unassigned
104423,727,unassigned
104424,727,unassigned
104425,727,unassigned
104426,727,unassigned
104427,727,unassigned
104428,727,unassigned
104429,1921,Excitatory_Neuron
104430,727,unassigned
104431,1907,Immune
104432,727,unassigned
104433,727,unassigned
104434,727,unassigned
104435,727,unassigned
104436,727,unassigned
104437,727,unassigned
104438,1912,Excitatory_Neuron
104439,727,unassigned
104440,727,unassigned
104441,727,unassigned
104442,727,unassigned
104443,727,unassigned
104444,727,unassigned
104445,727,unassigned
104446,727,unassigned
104447,727,unassigned
104448,727,unassigned
104449,1927,unassigned
104450,727,unassigned
104451,727,unassigned
104452,727,unassigned
104453,727,unassigned
104454,727,unassigned
104455,727,unassigned
104456,727,unassigned
104457,727,unassigned
104458,727,unassigned
104459,727,unassigned
104460,727,unassigned
104461,727,unassigned
104462,727,unassigned
104463,727,unassigned
104464,727,unassigned
104465,727,unassigned
104466,727,unassigned
104467,727,unassigned
104468,727,unassigned
104469,727,unassigned
104470,1912,Excitatory_Neuron
104471,727,unassigned
104472,727,unassigned
104473,727,unassigned
104474,727,unassigned
104475,727,unassigned
104476,727,unassigned
104477,1921,Excitatory_Neuron
104478,727,unassigned
104479,727,unassigned
104480,727,unassigned
104481,727,unassigned
104482,727,unassigned
104483,727,unassigned
104484,1912,Excitatory_Neuron
104485,1921,Excitatory_Neuron
104486,727,unassigned
104487,1907,Immune
104488,727,unassigned
104489,727,unassigned
104490,727,unassigned
104491,727,unassigned
104492,727,unassigned
104493,727,unassigned
104494,727,unassigned
104495,727,unassigned
104496,727,unassigned
104497,727,unassigned
104498,727,unassigned
104499,1924,Excitatory_Neuron
104500,727,unassigned
104501,1921,Excitatory_Neuron
104502,1922,unassigned
104503,727,unassigned
104504,727,unassigned
104505,727,unassigned
104506,727,unassigned
104507,727,unassigned
104508,727,unassigned
104509,727,unassigned
104510,727,unassigned
104511,727,unassigned
104512,727,unassigned
104513,727,unassigned
104514,727,unassigned
104515,727,unassigned
104516,1907,Immune
104517,1907,Immune
104518,727,unassigned
104519,727,unassigned
104520,727,unassigned
104521,727,unassigned
104522,727,unassigned
104523,727,unassigned
104524,727,unassigned
104525,1912,Excitatory_Neuron
104526,727,unassigned
104527,1912,Excitatory_Neuron
104528,727,unassigned
104529,1912,Excitatory_Neuron
104530,727,unassigned
104531,1912,Excitatory_Neuron
104532,727,unassigned
104533,727,unassigned
104534,727,unassigned
104535,1921,Excitatory_Neuron
104536,1907,Immune
104537,727,unassigned
104538,1907,Immune
104539,727,unassigned
104540,727,unassigned
104541,727,unassigned
104542,727,unassigned
104543,727,unassigned
104544,1912,Excitatory_Neuron
104545,1927,unassigned
104546,727,unassigned
104547,727,unassigned
104548,727,unassigned
104549,1921,Excitatory_Neuron
104550,727,unassigned
104551,727,unassigned
104552,727,unassigned
104553,727,unassigned
104554,727,unassigned
104555,727,unassigned
104556,1912,Excitatory_Neuron
104557,727,unassigned
104558,727,unassigned
104559,727,unassigned
104560,727,unassigned
104561,727,unassigned
104562,727,unassigned
104563,727,unassigned
104564,1912,Excitatory_Neuron
104565,727,unassigned
104566,727,unassigned
104567,727,unassigned
104568,727,unassigned
104569,727,unassigned
104570,1924,Excitatory_Neuron
104571,727,unassigned
104572,727,unassigned
104573,1921,Excitatory_Neuron
104574,727,unassigned
104575,727,unassigned
104576,727,unassigned
104577,727,unassigned
104578,727,unassigned
104579,727,unassigned
104580,727,unassigned
104581,727,unassigned
104582,727,unassigned
104583,1912,Excitatory_Neuron
104584,727,unassigned
104585,727,unassigned
104586,727,unassigned
104587,727,unassigned
104588,1924,Excitatory_Neuron
104589,727,unassigned
104590,727,unassigned
104591,727,unassigned
104592,1921,Excitatory_Neuron
104593,727,unassigned
104594,727,unassigned
104595,727,unassigned
104596,727,unassigned
104597,1917,Immune
104598,727,unassigned
104599,1912,Excitatory_Neuron
104600,727,unassigned
104601,1912,Excitatory_Neuron
104602,727,unassigned
104603,727,unassigned
104604,727,unassigned
104605,727,unassigned
104606,1924,Excitatory_Neuron
104607,727,unassigned
104608,727,unassigned
104609,727,unassigned
104610,1917,Immune
104611,1917,Immune
104612,1912,Excitatory_Neuron
104613,1912,Excitatory_Neuron
104614,1912,Excitatory_Neuron
104615,727,unassigned
104616,727,unassigned
104617,727,unassigned
104618,727,unassigned
104619,727,unassigned
104620,727,unassigned
104621,727,unassigned
104622,727,unassigned
104623,1928,unassigned
104624,727,unassigned
104625,727,unassigned
104626,727,unassigned
104627,727,unassigned
104628,1912,Excitatory_Neuron
104629,727,unassigned
104630,727,unassigned
104631,727,unassigned
104632,727,unassigned
104633,727,unassigned
104634,727,unassigned
104635,727,unassigned
104636,727,unassigned
104637,727,unassigned
104638,727,unassigned
104639,727,unassigned
104640,727,unassigned
104641,727,unassigned
104642,727,unassigned
104643,727,unassigned
104644,1921,Excitatory_Neuron
104645,727,unassigned
104646,727,unassigned
104647,1922,unassigned
104648,727,unassigned
104649,1912,Excitatory_Neuron
104650,727,unassigned
104651,727,unassigned
104652,727,unassigned
104653,727,unassigned
104654,727,unassigned
104655,727,unassigned
104656,727,unassigned
104657,727,unassigned
104658,727,unassigned
104659,727,unassigned
104660,1921,Excitatory_Neuron
104661,727,unassigned
104662,727,unassigned
104663,727,unassigned
104664,727,unassigned
104665,727,unassigned
104666,727,unassigned
104667,727,unassigned
104668,727,unassigned
104669,727,unassigned
104670,727,unassigned
104671,727,unassigned
104672,727,unassigned
104673,1924,Excitatory_Neuron
104674,727,unassigned
104675,1907,Immune
104676,727,unassigned
104677,1922,unassigned
104678,727,unassigned
104679,727,unassigned
104680,1912,Excitatory_Neuron
104681,727,unassigned
104682,727,unassigned
104683,1921,Excitatory_Neuron
104684,727,unassigned
104685,727,unassigned
104686,727,unassigned
104687,727,unassigned
104688,727,unassigned
104689,727,unassigned
104690,727,unassigned
104691,727,unassigned
104692,727,unassigned
104693,727,unassigned
104694,727,unassigned
104695,1924,Excitatory_Neuron
104696,727,unassigned
104697,727,unassigned
104698,727,unassigned
104699,727,unassigned
104700,1922,unassigned
104701,727,unassigned
104702,727,unassigned
104703,727,unassigned
104704,727,unassigned
104705,727,unassigned
104706,1912,Excitatory_Neuron
104707,727,unassigned
104708,727,unassigned
104709,727,unassigned
104710,727,unassigned
104711,727,unassigned
104712,727,unassigned
104713,727,unassigned
104714,1917,Immune
104715,727,unassigned
104716,727,unassigned
104717,727,unassigned
104718,727,unassigned
104719,727,unassigned
104720,727,unassigned
104721,727,unassigned
104722,1921,Excitatory_Neuron
104723,727,unassigned
104724,727,unassigned
104725,727,unassigned
104726,727,unassigned
104727,727,unassigned
104728,727,unassigned
104729,727,unassigned
104730,727,unassigned
104731,727,unassigned
104732,727,unassigned
104733,727,unassigned
104734,1907,Immune
104735,727,unassigned
104736,727,unassigned
104737,727,unassigned
104738,727,unassigned
104739,727,unassigned
104740,727,unassigned
104741,1921,Excitatory_Neuron
104742,727,unassigned
104743,727,unassigned
104744,1922,unassigned
104745,727,unassigned
104746,1922,unassigned
104747,727,unassigned
104748,727,unassigned
104749,727,unassigned
104750,727,unassigned
104751,727,unassigned
104752,727,unassigned
104753,727,unassigned
104754,727,unassigned
104755,727,unassigned
104756,1928,unassigned
104757,1928,unassigned
104758,727,unassigned
104759,727,unassigned
104760,727,unassigned
104761,727,unassigned
104762,727,unassigned
104763,727,unassigned
104764,727,unassigned
104765,727,unassigned
104766,727,unassigned
104767,727,unassigned
104768,727,unassigned
104769,727,unassigned
104770,727,unassigned
104771,727,unassigned
104772,727,unassigned
104773,727,unassigned
104774,1924,Excitatory_Neuron
104775,727,unassigned
104776,1924,Excitatory_Neuron
104777,1924,Excitatory_Neuron
104778,727,unassigned
104779,727,unassigned
104780,727,unassigned
104781,727,unassigned
104782,727,unassigned
104783,727,unassigned
104784,727,unassigned
104785,727,unassigned
104786,727,unassigned
104787,1924,Excitatory_Neuron
104788,727,unassigned
104789,727,unassigned
104790,727,unassigned
104791,727,unassigned
104792,727,unassigned
104793,727,unassigned
104794,727,unassigned
104795,727,unassigned
104796,1928,unassigned
104797,727,unassigned
104798,727,unassigned
104799,727,unassigned
104800,727,unassigned
104801,727,unassigned
104802,727,unassigned
104803,727,unassigned
104804,727,unassigned
104805,727,unassigned
104806,727,unassigned
104807,727,unassigned
104808,727,unassigned
104809,727,unassigned
104810,727,unassigned
104811,727,unassigned
104812,727,unassigned
104813,1912,Excitatory_Neuron
104814,1912,Excitatory_Neuron
104815,1912,Excitatory_Neuron
104816,1912,Excitatory_Neuron
104817,727,unassigned
104818,727,unassigned
104819,727,unassigned
104820,727,unassigned
104821,727,unassigned
104822,727,unassigned
104823,1921,Excitatory_Neuron
104824,1921,Excitatory_Neuron
104825,1907,Immune
104826,1921,Excitatory_Neuron
104827,727,unassigned
104828,727,unassigned
104829,727,unassigned
104830,727,unassigned
104831,727,unassigned
104832,727,unassigned
104833,1917,Immune
104834,1917,Immune
104835,727,unassigned
104836,1912,Excitatory_Neuron
104837,727,unassigned
104838,727,unassigned
104839,727,unassigned
104840,727,unassigned
104841,727,unassigned
104842,727,unassigned
104843,1921,Excitatory_Neuron
104844,727,unassigned
104845,727,unassigned
104846,727,unassigned
104847,727,unassigned
104848,727,unassigned
104849,727,unassigned
104850,727,unassigned
104851,727,unassigned
104852,727,unassigned
104853,727,unassigned
104854,727,unassigned
104855,727,unassigned
104856,727,unassigned
104857,1924,Excitatory_Neuron
104858,1929,unassigned
104859,1929,unassigned
104860,1929,unassigned
104861,1930,Vascular
104862,1929,unassigned
104863,1929,unassigned
104864,1930,Vascular
104865,1930,Vascular
104866,1930,Vascular
104867,1929,unassigned
104868,1930,Vascular
104869,1930,Vascular
104870,1929,unassigned
104871,1930,Vascular
104872,1930,Vascular
104873,1930,Vascular
104874,1929,unassigned
104875,1930,Vascular
104876,1930,Vascular
104877,1930,Vascular
104878,1929,unassigned
104879,1929,unassigned
104880,1930,Vascular
104881,1930,Vascular
104882,1930,Vascular
104883,1931,unassigned
104884,1931,unassigned
104885,1931,unassigned
104886,1931,unassigned
104887,1931,unassigned
104888,1931,unassigned
104889,1931,unassigned
104890,1931,unassigned
104891,1931,unassigned
104892,1931,unassigned
104893,1931,unassigned
104894,1931,unassigned
104895,1931,unassigned
104896,1931,unassigned
104897,1931,unassigned
104898,1931,unassigned
104899,1931,unassigned
104900,1931,unassigned
104901,1931,unassigned
104902,1931,unassigned
104903,1932,Excitatory_Neuron
104904,1931,unassigned
104905,1932,Excitatory_Neuron
104906,1933,Astro-Epen
104907,1931,unassigned
104908,1931,unassigned
104909,1934,Astro-Epen
104910,1931,unassigned
104911,1931,unassigned
104912,1931,unassigned
104913,1931,unassigned
104914,1931,unassigned
104915,1931,unassigned
104916,1931,unassigned
104917,1931,unassigned
104918,1931,unassigned
104919,1931,unassigned
104920,1931,unassigned
104921,1935,Immune
104922,1931,unassigned
104923,1935,Immune
104924,1931,unassigned
104925,1935,Immune
104926,1935,Immune
104927,1931,unassigned
104928,1936,Immune
104929,1931,unassigned
104930,1935,Immune
104931,1935,Immune
104932,1937,unassigned
104933,1931,unassigned
104934,1931,unassigned
104935,1931,unassigned
104936,1931,unassigned
104937,1931,unassigned
104938,1938,Astro-Epen
104939,1939,Immune
104940,1940,unassigned
104941,1931,unassigned
104942,1933,Astro-Epen
104943,1931,unassigned
104944,1939,Immune
104945,1937,unassigned
104946,1939,Immune
104947,1931,unassigned
104948,1931,unassigned
104949,1931,unassigned
104950,1931,unassigned
104951,1931,unassigned
104952,1941,Astro-Epen
104953,1931,unassigned
104954,1941,Astro-Epen
104955,1931,unassigned
104956,1931,unassigned
104957,1931,unassigned
104958,1931,unassigned
104959,1931,unassigned
104960,1931,unassigned
104961,1931,unassigned
104962,1931,unassigned
104963,1931,unassigned
104964,1931,unassigned
104965,1942,unassigned
104966,1943,Excitatory_Neuron
104967,1943,Excitatory_Neuron
104968,1931,unassigned
104969,1931,unassigned
104970,1931,unassigned
104971,1931,unassigned
104972,1931,unassigned
104973,1931,unassigned
104974,1931,unassigned
104975,1931,unassigned
104976,1931,unassigned
104977,1931,unassigned
104978,1931,unassigned
104979,1931,unassigned
104980,1941,Astro-Epen
104981,1931,unassigned
104982,1931,unassigned
104983,1931,unassigned
104984,1931,unassigned
104985,1941,Astro-Epen
104986,1931,unassigned
104987,1931,unassigned
104988,1931,unassigned
104989,1931,unassigned
104990,1931,unassigned
104991,1931,unassigned
104992,1931,unassigned
104993,1931,unassigned
104994,1931,unassigned
104995,1931,unassigned
104996,1931,unassigned
104997,1931,unassigned
104998,1944,Immune
104999,1931,unassigned
105000,1944,Immune
105001,1944,Immune
105002,1931,unassigned
105003,1931,unassigned
105004,1931,unassigned
105005,1931,unassigned
105006,1931,unassigned
105007,1931,unassigned
105008,1933,Astro-Epen
105009,1933,Astro-Epen
105010,1931,unassigned
105011,1935,Immune
105012,1937,unassigned
105013,1931,unassigned
105014,1931,unassigned
105015,1931,unassigned
105016,1931,unassigned
105017,1931,unassigned
105018,1931,unassigned
105019,1945,Excitatory_Neuron
105020,1931,unassigned
105021,1935,Immune
105022,1931,unassigned
105023,1931,unassigned
105024,1931,unassigned
105025,1939,Immune
105026,1931,unassigned
105027,1931,unassigned
105028,1931,unassigned
105029,1931,unassigned
105030,1931,unassigned
105031,1931,unassigned
105032,1931,unassigned
105033,1931,unassigned
105034,1931,unassigned
105035,1931,unassigned
105036,1933,Astro-Epen
105037,1945,Excitatory_Neuron
105038,1931,unassigned
105039,1931,unassigned
105040,1931,unassigned
105041,1931,unassigned
105042,1931,unassigned
105043,1931,unassigned
105044,1931,unassigned
105045,1931,unassigned
105046,1933,Astro-Epen
105047,1933,Astro-Epen
105048,1931,unassigned
105049,1934,Astro-Epen
105050,1931,unassigned
105051,1935,Immune
105052,1931,unassigned
105053,1931,unassigned
105054,1939,Immune
105055,1940,unassigned
105056,1931,unassigned
105057,1943,Excitatory_Neuron
105058,1931,unassigned
105059,1931,unassigned
105060,1931,unassigned
105061,1931,unassigned
105062,1931,unassigned
105063,1931,unassigned
105064,1931,unassigned
105065,1931,unassigned
105066,1933,Astro-Epen
105067,1933,Astro-Epen
105068,1931,unassigned
105069,1931,unassigned
105070,1931,unassigned
105071,1935,Immune
105072,1939,Immune
105073,1931,unassigned
105074,1931,unassigned
105075,1931,unassigned
105076,1931,unassigned
105077,1932,Excitatory_Neuron
105078,1931,unassigned
105079,1931,unassigned
105080,1931,unassigned
105081,1946,Excitatory_Neuron
105082,1931,unassigned
105083,1931,unassigned
105084,1939,Immune
105085,1931,unassigned
105086,1931,unassigned
105087,1931,unassigned
105088,1931,unassigned
105089,1931,unassigned
105090,1931,unassigned
105091,1931,unassigned
105092,1935,Immune
105093,1935,Immune
105094,1931,unassigned
105095,1931,unassigned
105096,1947,unassigned
105097,1931,unassigned
105098,1931,unassigned
105099,1931,unassigned
105100,1931,unassigned
105101,1931,unassigned
105102,1931,unassigned
105103,1931,unassigned
105104,1931,unassigned
105105,1931,unassigned
105106,1944,Immune
105107,1944,Immune
105108,1935,Immune
105109,1931,unassigned
105110,1931,unassigned
105111,1931,unassigned
105112,1931,unassigned
105113,1931,unassigned
105114,1931,unassigned
105115,1931,unassigned
105116,1947,unassigned
105117,1947,unassigned
105118,1931,unassigned
105119,1931,unassigned
105120,1931,unassigned
105121,1931,unassigned
105122,1931,unassigned
105123,1931,unassigned
105124,1931,unassigned
105125,1948,unassigned
105126,1934,Astro-Epen
105127,1931,unassigned
105128,1931,unassigned
105129,1935,Immune
105130,1931,unassigned
105131,1931,unassigned
105132,1935,Immune
105133,1931,unassigned
105134,1943,Excitatory_Neuron
105135,1931,unassigned
105136,1931,unassigned
105137,1941,Astro-Epen
105138,1931,unassigned
105139,1932,Excitatory_Neuron
105140,1931,unassigned
105141,1931,unassigned
105142,1945,Excitatory_Neuron
105143,1931,unassigned
105144,1931,unassigned
105145,1935,Immune
105146,1931,unassigned
105147,1931,unassigned
105148,1931,unassigned
105149,1931,unassigned
105150,1931,unassigned
105151,1931,unassigned
105152,1931,unassigned
105153,1931,unassigned
105154,1931,unassigned
105155,1931,unassigned
105156,1931,unassigned
105157,1933,Astro-Epen
105158,1931,unassigned
105159,1949,unassigned
105160,1931,unassigned
105161,1931,unassigned
105162,1936,Immune
105163,1931,unassigned
105164,1939,Immune
105165,1931,unassigned
105166,1931,unassigned
105167,1931,unassigned
105168,1932,Excitatory_Neuron
105169,1931,unassigned
105170,1934,Astro-Epen
105171,1931,unassigned
105172,1935,Immune
105173,1946,Excitatory_Neuron
105174,1937,unassigned
105175,1931,unassigned
105176,1931,unassigned
105177,1931,unassigned
105178,1931,unassigned
105179,1931,unassigned
105180,1931,unassigned
105181,1933,Astro-Epen
105182,1944,Immune
105183,1931,unassigned
105184,1931,unassigned
105185,1931,unassigned
105186,1935,Immune
105187,1935,Immune
105188,1931,unassigned
105189,1931,unassigned
105190,1931,unassigned
105191,1931,unassigned
105192,1931,unassigned
105193,1931,unassigned
105194,1931,unassigned
105195,1931,unassigned
105196,1931,unassigned
105197,1931,unassigned
105198,1931,unassigned
105199,1931,unassigned
105200,1934,Astro-Epen
105201,1931,unassigned
105202,1935,Immune
105203,1931,unassigned
105204,1939,Immune
105205,1931,unassigned
105206,1931,unassigned
105207,1931,unassigned
105208,1931,unassigned
105209,1931,unassigned
105210,1932,Excitatory_Neuron
105211,1931,unassigned
105212,1933,Astro-Epen
105213,1945,Excitatory_Neuron
105214,1931,unassigned
105215,1949,unassigned
105216,1950,Immune
105217,1931,unassigned
105218,1931,unassigned
105219,1931,unassigned
105220,1931,unassigned
105221,1932,Excitatory_Neuron
105222,1931,unassigned
105223,1931,unassigned
105224,1935,Immune
105225,1935,Immune
105226,1931,unassigned
105227,1931,unassigned
105228,1940,unassigned
105229,1931,unassigned
105230,1931,unassigned
105231,1947,unassigned
105232,1931,unassigned
105233,1931,unassigned
105234,1931,unassigned
105235,1931,unassigned
105236,1931,unassigned
105237,1941,Astro-Epen
105238,1931,unassigned
105239,1931,unassigned
105240,1931,unassigned
105241,1931,unassigned
105242,1934,Astro-Epen
105243,1931,unassigned
105244,1931,unassigned
105245,1931,unassigned
105246,1935,Immune
105247,1931,unassigned
105248,1931,unassigned
105249,1939,Immune
105250,1931,unassigned
105251,1940,unassigned
105252,1931,unassigned
105253,1931,unassigned
105254,1931,unassigned
105255,1931,unassigned
105256,1931,unassigned
105257,1931,unassigned
105258,1931,unassigned
105259,1931,unassigned
105260,1944,Immune
105261,1931,unassigned
105262,1931,unassigned
105263,1931,unassigned
105264,1931,unassigned
105265,1937,unassigned
105266,1931,unassigned
105267,1931,unassigned
105268,1947,unassigned
105269,1931,unassigned
105270,1931,unassigned
105271,1931,unassigned
105272,1931,unassigned
105273,1941,Astro-Epen
105274,1941,Astro-Epen
105275,1931,unassigned
105276,1931,unassigned
105277,1931,unassigned
105278,1934,Astro-Epen
105279,1931,unassigned
105280,1931,unassigned
105281,1935,Immune
105282,1931,unassigned
105283,1931,unassigned
105284,1931,unassigned
105285,1931,unassigned
105286,1939,Immune
105287,1931,unassigned
105288,1931,unassigned
105289,1947,unassigned
105290,1931,unassigned
105291,1931,unassigned
105292,1931,unassigned
105293,1931,unassigned
105294,1931,unassigned
105295,1931,unassigned
105296,1931,unassigned
105297,1931,unassigned
105298,1931,unassigned
105299,1943,Excitatory_Neuron
105300,1931,unassigned
105301,1947,unassigned
105302,1931,unassigned
105303,1931,unassigned
105304,1931,unassigned
105305,1931,unassigned
105306,1931,unassigned
105307,1931,unassigned
105308,1931,unassigned
105309,1931,unassigned
105310,1931,unassigned
105311,1931,unassigned
105312,1931,unassigned
105313,1931,unassigned
105314,1946,Excitatory_Neuron
105315,1931,unassigned
105316,1931,unassigned
105317,1941,Astro-Epen
105318,1931,unassigned
105319,1932,Excitatory_Neuron
105320,1951,unassigned
105321,1931,unassigned
105322,1931,unassigned
105323,1931,unassigned
105324,1931,unassigned
105325,1931,unassigned
105326,1931,unassigned
105327,1931,unassigned
105328,1931,unassigned
105329,1931,unassigned
105330,1931,unassigned
105331,1931,unassigned
105332,1931,unassigned
105333,1931,unassigned
105334,1931,unassigned
105335,1931,unassigned
105336,1942,unassigned
105337,1931,unassigned
105338,1931,unassigned
105339,1931,unassigned
105340,1934,Astro-Epen
105341,1931,unassigned
105342,1931,unassigned
105343,1931,unassigned
105344,1939,Immune
105345,1939,Immune
105346,1931,unassigned
105347,1931,unassigned
105348,1931,unassigned
105349,1931,unassigned
105350,1931,unassigned
105351,1931,unassigned
105352,1931,unassigned
105353,1931,unassigned
105354,1932,Excitatory_Neuron
105355,1932,Excitatory_Neuron
105356,1945,Excitatory_Neuron
105357,1952,unassigned
105358,1931,unassigned
105359,1946,Excitatory_Neuron
105360,1936,Immune
105361,1931,unassigned
105362,1931,unassigned
105363,1931,unassigned
105364,1943,Excitatory_Neuron
105365,1947,unassigned
105366,1931,unassigned
105367,1931,unassigned
105368,1931,unassigned
105369,1941,Astro-Epen
105370,1931,unassigned
105371,1931,unassigned
105372,1931,unassigned
105373,1931,unassigned
105374,1931,unassigned
105375,1931,unassigned
105376,1931,unassigned
105377,1948,unassigned
105378,1931,unassigned
105379,1931,unassigned
105380,1931,unassigned
105381,1931,unassigned
105382,1931,unassigned
105383,1931,unassigned
105384,1931,unassigned
105385,1931,unassigned
105386,1941,Astro-Epen
105387,1931,unassigned
105388,1931,unassigned
105389,1935,Immune
105390,1953,unassigned
105391,1931,unassigned
105392,1931,unassigned
105393,1939,Immune
105394,1931,unassigned
105395,1942,unassigned
105396,1931,unassigned
105397,1947,unassigned
105398,1941,Astro-Epen
105399,1931,unassigned
105400,1931,unassigned
105401,1931,unassigned
105402,1931,unassigned
105403,1933,Astro-Epen
105404,1931,unassigned
105405,1931,unassigned
105406,1931,unassigned
105407,1931,unassigned
105408,1941,Astro-Epen
105409,1931,unassigned
105410,1931,unassigned
105411,1931,unassigned
105412,1935,Immune
105413,1936,Immune
105414,1931,unassigned
105415,1937,unassigned
105416,1931,unassigned
105417,1940,unassigned
105418,1942,unassigned
105419,1947,unassigned
105420,1931,unassigned
105421,1931,unassigned
105422,1931,unassigned
105423,1931,unassigned
105424,1935,Immune
105425,1931,unassigned
105426,1943,Excitatory_Neuron
105427,1931,unassigned
105428,1931,unassigned
105429,1941,Astro-Epen
105430,1931,unassigned
105431,1941,Astro-Epen
105432,1931,unassigned
105433,1931,unassigned
105434,1931,unassigned
105435,1931,unassigned
105436,1932,Excitatory_Neuron
105437,1933,Astro-Epen
105438,1931,unassigned
105439,1931,unassigned
105440,1931,unassigned
105441,1931,unassigned
105442,1947,unassigned
105443,1941,Astro-Epen
105444,1941,Astro-Epen
105445,1954,Immune
105446,1931,unassigned
105447,1931,unassigned
105448,1931,unassigned
105449,1931,unassigned
105450,1931,unassigned
105451,1931,unassigned
105452,1931,unassigned
105453,1935,Immune
105454,1936,Immune
105455,1947,unassigned
105456,1931,unassigned
105457,1931,unassigned
105458,1931,unassigned
105459,1932,Excitatory_Neuron
105460,1931,unassigned
105461,1951,unassigned
105462,1931,unassigned
105463,1931,unassigned
105464,1931,unassigned
105465,1931,unassigned
105466,1935,Immune
105467,1937,unassigned
105468,1946,Excitatory_Neuron
105469,1931,unassigned
105470,1942,unassigned
105471,1931,unassigned
105472,1931,unassigned
105473,1931,unassigned
105474,1931,unassigned
105475,1931,unassigned
105476,1931,unassigned
105477,1931,unassigned
105478,1931,unassigned
105479,1932,Excitatory_Neuron
105480,1931,unassigned
105481,1932,Excitatory_Neuron
105482,1931,unassigned
105483,1931,unassigned
105484,1931,unassigned
105485,1945,Excitatory_Neuron
105486,1931,unassigned
105487,1955,unassigned
105488,1931,unassigned
105489,1931,unassigned
105490,1939,Immune
105491,1931,unassigned
105492,1947,unassigned
105493,1931,unassigned
105494,1931,unassigned
105495,1931,unassigned
105496,1931,unassigned
105497,1945,Excitatory_Neuron
105498,1949,unassigned
105499,1931,unassigned
105500,1946,Excitatory_Neuron
105501,1935,Immune
105502,1931,unassigned
105503,1931,unassigned
105504,1931,unassigned
105505,1931,unassigned
105506,1931,unassigned
105507,1931,unassigned
105508,1944,Immune
105509,1945,Excitatory_Neuron
105510,1949,unassigned
105511,1931,unassigned
105512,1931,unassigned
105513,1939,Immune
105514,1931,unassigned
105515,1931,unassigned
105516,1940,unassigned
105517,1931,unassigned
105518,1931,unassigned
105519,1931,unassigned
105520,1931,unassigned
105521,1931,unassigned
105522,1931,unassigned
105523,1931,unassigned
105524,1931,unassigned
105525,1931,unassigned
105526,1931,unassigned
105527,1942,unassigned
105528,1942,unassigned
105529,1931,unassigned
105530,1931,unassigned
105531,1931,unassigned
105532,1931,unassigned
105533,1944,Immune
105534,1931,unassigned
105535,1931,unassigned
105536,1951,unassigned
105537,1948,unassigned
105538,1948,unassigned
105539,1931,unassigned
105540,1946,Excitatory_Neuron
105541,1931,unassigned
105542,1946,Excitatory_Neuron
105543,1931,unassigned
105544,1931,unassigned
105545,1931,unassigned
105546,1943,Excitatory_Neuron
105547,1931,unassigned
105548,1931,unassigned
105549,1931,unassigned
105550,1931,unassigned
105551,1931,unassigned
105552,1931,unassigned
105553,1934,Astro-Epen
105554,1931,unassigned
105555,1931,unassigned
105556,1946,Excitatory_Neuron
105557,1931,unassigned
105558,1931,unassigned
105559,1931,unassigned
105560,1931,unassigned
105561,1931,unassigned
105562,1931,unassigned
105563,1941,Astro-Epen
105564,1931,unassigned
105565,1931,unassigned
105566,1931,unassigned
105567,1931,unassigned
105568,1931,unassigned
105569,1948,unassigned
105570,1934,Astro-Epen
105571,1931,unassigned
105572,1931,unassigned
105573,1943,Excitatory_Neuron
105574,1943,Excitatory_Neuron
105575,1931,unassigned
105576,1931,unassigned
105577,1931,unassigned
105578,1931,unassigned
105579,1931,unassigned
105580,1931,unassigned
105581,1931,unassigned
105582,1931,unassigned
105583,1931,unassigned
105584,1931,unassigned
105585,1932,Excitatory_Neuron
105586,1931,unassigned
105587,1931,unassigned
105588,1931,unassigned
105589,1945,Excitatory_Neuron
105590,1946,Excitatory_Neuron
105591,1935,Immune
105592,1931,unassigned
105593,1931,unassigned
105594,1931,unassigned
105595,1931,unassigned
105596,1940,unassigned
105597,1931,unassigned
105598,1931,unassigned
105599,1931,unassigned
105600,1931,unassigned
105601,1931,unassigned
105602,1931,unassigned
105603,1931,unassigned
105604,1944,Immune
105605,1931,unassigned
105606,1931,unassigned
105607,1931,unassigned
105608,1948,unassigned
105609,1931,unassigned
105610,1931,unassigned
105611,1931,unassigned
105612,1939,Immune
105613,1931,unassigned
105614,1931,unassigned
105615,1931,unassigned
105616,1931,unassigned
105617,1931,unassigned
105618,1931,unassigned
105619,1931,unassigned
105620,1931,unassigned
105621,1931,unassigned
105622,1931,unassigned
105623,1931,unassigned
105624,1945,Excitatory_Neuron
105625,1948,unassigned
105626,1931,unassigned
105627,1948,unassigned
105628,1931,unassigned
105629,1931,unassigned
105630,1931,unassigned
105631,1931,unassigned
105632,1931,unassigned
105633,1931,unassigned
105634,1931,unassigned
105635,1931,unassigned
105636,1931,unassigned
105637,1931,unassigned
105638,1931,unassigned
105639,1931,unassigned
105640,1945,Excitatory_Neuron
105641,1931,unassigned
105642,1931,unassigned
105643,1934,Astro-Epen
105644,1937,unassigned
105645,1939,Immune
105646,1931,unassigned
105647,1931,unassigned
105648,1940,unassigned
105649,1931,unassigned
105650,1931,unassigned
105651,1931,unassigned
105652,1931,unassigned
105653,1931,unassigned
105654,1931,unassigned
105655,1931,unassigned
105656,1931,unassigned
105657,1931,unassigned
105658,1931,unassigned
105659,1931,unassigned
105660,1931,unassigned
105661,1931,unassigned
105662,1931,unassigned
105663,1934,Astro-Epen
105664,1931,unassigned
105665,1931,unassigned
105666,1939,Immune
105667,1931,unassigned
105668,1947,unassigned
105669,1931,unassigned
105670,1931,unassigned
105671,1931,unassigned
105672,1931,unassigned
105673,1931,unassigned
105674,1954,Immune
105675,1931,unassigned
105676,1931,unassigned
105677,1931,unassigned
105678,1934,Astro-Epen
105679,1955,unassigned
105680,1931,unassigned
105681,1931,unassigned
105682,1931,unassigned
105683,1931,unassigned
105684,1931,unassigned
105685,1931,unassigned
105686,1931,unassigned
105687,1931,unassigned
105688,1931,unassigned
105689,1941,Astro-Epen
105690,1931,unassigned
105691,1931,unassigned
105692,1931,unassigned
105693,1931,unassigned
105694,1931,unassigned
105695,1931,unassigned
105696,1935,Immune
105697,1931,unassigned
105698,1931,unassigned
105699,1931,unassigned
105700,1947,unassigned
105701,1931,unassigned
105702,1931,unassigned
105703,1931,unassigned
105704,1941,Astro-Epen
105705,1931,unassigned
105706,1931,unassigned
105707,1931,unassigned
105708,1932,Excitatory_Neuron
105709,1932,Excitatory_Neuron
105710,1931,unassigned
105711,1931,unassigned
105712,1931,unassigned
105713,1931,unassigned
105714,1944,Immune
105715,1944,Immune
105716,1931,unassigned
105717,1931,unassigned
105718,1931,unassigned
105719,1931,unassigned
105720,1931,unassigned
105721,1931,unassigned
105722,1939,Immune
105723,1931,unassigned
105724,1931,unassigned
105725,1931,unassigned
105726,1943,Excitatory_Neuron
105727,1947,unassigned
105728,1931,unassigned
105729,1931,unassigned
105730,1945,Excitatory_Neuron
105731,1933,Astro-Epen
105732,1934,Astro-Epen
105733,1931,unassigned
105734,1931,unassigned
105735,1931,unassigned
105736,1931,unassigned
105737,1931,unassigned
105738,1931,unassigned
105739,1931,unassigned
105740,1931,unassigned
105741,1941,Astro-Epen
105742,1931,unassigned
105743,1931,unassigned
105744,1931,unassigned
105745,1931,unassigned
105746,1935,Immune
105747,1939,Immune
105748,1931,unassigned
105749,1931,unassigned
105750,1947,unassigned
105751,1931,unassigned
105752,1931,unassigned
105753,1931,unassigned
105754,1932,Excitatory_Neuron
105755,1931,unassigned
105756,1931,unassigned
105757,1931,unassigned
105758,1931,unassigned
105759,1931,unassigned
105760,1931,unassigned
105761,1934,Astro-Epen
105762,1931,unassigned
105763,1949,unassigned
105764,1946,Excitatory_Neuron
105765,1939,Immune
105766,1937,unassigned
105767,1931,unassigned
105768,1931,unassigned
105769,1931,unassigned
105770,1931,unassigned
105771,1931,unassigned
105772,1931,unassigned
105773,1944,Immune
105774,1945,Excitatory_Neuron
105775,1944,Immune
105776,1948,unassigned
105777,1934,Astro-Epen
105778,1935,Immune
105779,1950,Immune
105780,1939,Immune
105781,1931,unassigned
105782,1939,Immune
105783,1931,unassigned
105784,1931,unassigned
105785,1931,unassigned
105786,1931,unassigned
105787,1931,unassigned
105788,1931,unassigned
105789,1931,unassigned
105790,1931,unassigned
105791,1940,unassigned
105792,1943,Excitatory_Neuron
105793,1931,unassigned
105794,1941,Astro-Epen
105795,1931,unassigned
105796,1931,unassigned
105797,1932,Excitatory_Neuron
105798,1932,Excitatory_Neuron
105799,1931,unassigned
105800,1945,Excitatory_Neuron
105801,1934,Astro-Epen
105802,1934,Astro-Epen
105803,1948,unassigned
105804,1953,unassigned
105805,1935,Immune
105806,1931,unassigned
105807,1931,unassigned
105808,1931,unassigned
105809,1954,Immune
105810,1931,unassigned
105811,1931,unassigned
105812,1931,unassigned
105813,1931,unassigned
105814,1931,unassigned
105815,1931,unassigned
105816,1934,Astro-Epen
105817,1931,unassigned
105818,1931,unassigned
105819,1931,unassigned
105820,1931,unassigned
105821,1931,unassigned
105822,1931,unassigned
105823,1931,unassigned
105824,1931,unassigned
105825,1931,unassigned
105826,1931,unassigned
105827,1931,unassigned
105828,1931,unassigned
105829,1932,Excitatory_Neuron
105830,1934,Astro-Epen
105831,1953,unassigned
105832,1931,unassigned
105833,1931,unassigned
105834,1938,Astro-Epen
105835,1931,unassigned
105836,1931,unassigned
105837,1931,unassigned
105838,1931,unassigned
105839,1931,unassigned
105840,1947,unassigned
105841,1931,unassigned
105842,1931,unassigned
105843,1931,unassigned
105844,1954,Immune
105845,1931,unassigned
105846,1931,unassigned
105847,1931,unassigned
105848,1931,unassigned
105849,1934,Astro-Epen
105850,1933,Astro-Epen
105851,1931,unassigned
105852,1945,Excitatory_Neuron
105853,1953,unassigned
105854,1949,unassigned
105855,1935,Immune
105856,1931,unassigned
105857,1931,unassigned
105858,1931,unassigned
105859,1931,unassigned
105860,1931,unassigned
105861,1934,Astro-Epen
105862,1931,unassigned
105863,1935,Immune
105864,1946,Excitatory_Neuron
105865,1931,unassigned
105866,1931,unassigned
105867,1931,unassigned
105868,1931,unassigned
105869,1931,unassigned
105870,1943,Excitatory_Neuron
105871,1943,Excitatory_Neuron
105872,1931,unassigned
105873,1931,unassigned
105874,1932,Excitatory_Neuron
105875,1931,unassigned
105876,1931,unassigned
105877,1931,unassigned
105878,1943,Excitatory_Neuron
105879,1931,unassigned
105880,1931,unassigned
105881,1931,unassigned
105882,1931,unassigned
105883,1941,Astro-Epen
105884,1954,Immune
105885,1933,Astro-Epen
105886,1931,unassigned
105887,1934,Astro-Epen
105888,1946,Excitatory_Neuron
105889,1931,unassigned
105890,1931,unassigned
105891,1931,unassigned
105892,1931,unassigned
105893,1931,unassigned
105894,1931,unassigned
105895,1931,unassigned
105896,1941,Astro-Epen
105897,1931,unassigned
105898,1931,unassigned
105899,1931,unassigned
105900,1931,unassigned
105901,1931,unassigned
105902,1931,unassigned
105903,1948,unassigned
105904,1931,unassigned
105905,1934,Astro-Epen
105906,1946,Excitatory_Neuron
105907,1946,Excitatory_Neuron
105908,1931,unassigned
105909,1950,Immune
105910,1938,Astro-Epen
105911,1931,unassigned
105912,1931,unassigned
105913,1931,unassigned
105914,1931,unassigned
105915,1931,unassigned
105916,1931,unassigned
105917,1931,unassigned
105918,1945,Excitatory_Neuron
105919,1931,unassigned
105920,1945,Excitatory_Neuron
105921,1931,unassigned
105922,1931,unassigned
105923,1939,Immune
105924,1943,Excitatory_Neuron
105925,1931,unassigned
105926,1931,unassigned
105927,1931,unassigned
105928,1931,unassigned
105929,1931,unassigned
105930,1931,unassigned
105931,1931,unassigned
105932,1931,unassigned
105933,1931,unassigned
105934,1931,unassigned
105935,1931,unassigned
105936,1931,unassigned
105937,1931,unassigned
105938,1931,unassigned
105939,1931,unassigned
105940,1931,unassigned
105941,1931,unassigned
105942,1931,unassigned
105943,1931,unassigned
105944,1931,unassigned
105945,1931,unassigned
105946,1931,unassigned
105947,1931,unassigned
105948,1932,Excitatory_Neuron
105949,1931,unassigned
105950,1945,Excitatory_Neuron
105951,1934,Astro-Epen
105952,1945,Excitatory_Neuron
105953,1931,unassigned
105954,1931,unassigned
105955,1931,unassigned
105956,1953,unassigned
105957,1950,Immune
105958,1931,unassigned
105959,1931,unassigned
105960,1931,unassigned
105961,1931,unassigned
105962,1931,unassigned
105963,1941,Astro-Epen
105964,1931,unassigned
105965,1931,unassigned
105966,1931,unassigned
105967,1931,unassigned
105968,1931,unassigned
105969,1931,unassigned
105970,1953,unassigned
105971,1956,unassigned
105972,1943,Excitatory_Neuron
105973,1931,unassigned
105974,1931,unassigned
105975,1931,unassigned
105976,1931,unassigned
105977,1931,unassigned
105978,1954,Immune
105979,1954,Immune
105980,1931,unassigned
105981,1931,unassigned
105982,1945,Excitatory_Neuron
105983,1948,unassigned
105984,1931,unassigned
105985,1949,unassigned
105986,1931,unassigned
105987,1931,unassigned
105988,1939,Immune
105989,1931,unassigned
105990,1931,unassigned
105991,1931,unassigned
105992,1931,unassigned
105993,1931,unassigned
105994,1931,unassigned
105995,1933,Astro-Epen
105996,1931,unassigned
105997,1946,Excitatory_Neuron
105998,1935,Immune
105999,1953,unassigned
106000,1931,unassigned
106001,1931,unassigned
106002,1931,unassigned
106003,1931,unassigned
106004,1931,unassigned
106005,1931,unassigned
106006,1931,unassigned
106007,1954,Immune
106008,1954,Immune
106009,1931,unassigned
106010,1931,unassigned
106011,1931,unassigned
106012,1931,unassigned
106013,1945,Excitatory_Neuron
106014,1944,Immune
106015,1935,Immune
106016,1931,unassigned
106017,1931,unassigned
106018,1946,Excitatory_Neuron
106019,1931,unassigned
106020,1931,unassigned
106021,1932,Excitatory_Neuron
106022,1931,unassigned
106023,1945,Excitatory_Neuron
106024,1931,unassigned
106025,1931,unassigned
106026,1931,unassigned
106027,1945,Excitatory_Neuron
106028,1931,unassigned
106029,1946,Excitatory_Neuron
106030,1931,unassigned
106031,1931,unassigned
106032,1931,unassigned
106033,1931,unassigned
106034,1931,unassigned
106035,1931,unassigned
106036,1954,Immune
106037,1931,unassigned
106038,1931,unassigned
106039,1945,Excitatory_Neuron
106040,1949,unassigned
106041,1946,Excitatory_Neuron
106042,1946,Excitatory_Neuron
106043,1943,Excitatory_Neuron
106044,1943,Excitatory_Neuron
106045,1931,unassigned
106046,1931,unassigned
106047,1931,unassigned
106048,1931,unassigned
106049,1931,unassigned
106050,1931,unassigned
106051,1944,Immune
106052,1931,unassigned
106053,1934,Astro-Epen
106054,1936,Immune
106055,1936,Immune
106056,1931,unassigned
106057,1939,Immune
106058,1931,unassigned
106059,1931,unassigned
106060,1947,unassigned
106061,1931,unassigned
106062,1931,unassigned
106063,1954,Immune
106064,1931,unassigned
106065,1931,unassigned
106066,1931,unassigned
106067,1951,unassigned
106068,1931,unassigned
106069,1953,unassigned
106070,1947,unassigned
106071,1947,unassigned
106072,1931,unassigned
106073,1931,unassigned
106074,1931,unassigned
106075,1954,Immune
106076,1931,unassigned
106077,1931,unassigned
106078,1949,unassigned
106079,1935,Immune
106080,1931,unassigned
106081,1931,unassigned
106082,1931,unassigned
106083,1931,unassigned
106084,1931,unassigned
106085,1943,Excitatory_Neuron
106086,1931,unassigned
106087,1931,unassigned
106088,1947,unassigned
106089,1931,unassigned
106090,1931,unassigned
106091,1931,unassigned
106092,1931,unassigned
106093,1931,unassigned
106094,1931,unassigned
106095,1931,unassigned
106096,1931,unassigned
106097,1934,Astro-Epen
106098,1931,unassigned
106099,1931,unassigned
106100,1957,Excitatory_Neuron
106101,1941,Astro-Epen
106102,1931,unassigned
106103,1931,unassigned
106104,1931,unassigned
106105,1934,Astro-Epen
106106,1934,Astro-Epen
106107,1931,unassigned
106108,1948,unassigned
106109,1945,Excitatory_Neuron
106110,1931,unassigned
106111,1949,unassigned
106112,1953,unassigned
106113,1950,Immune
106114,1931,unassigned
106115,1939,Immune
106116,1958,unassigned
106117,1939,Immune
106118,1931,unassigned
106119,1931,unassigned
106120,1931,unassigned
106121,1954,Immune
106122,1954,Immune
106123,1931,unassigned
106124,1931,unassigned
106125,1931,unassigned
106126,1953,unassigned
106127,1950,Immune
106128,1931,unassigned
106129,1931,unassigned
106130,1931,unassigned
106131,1931,unassigned
106132,1931,unassigned
106133,1941,Astro-Epen
106134,1932,Excitatory_Neuron
106135,1948,unassigned
106136,1931,unassigned
106137,1934,Astro-Epen
106138,1931,unassigned
106139,1949,unassigned
106140,1949,unassigned
106141,1950,Immune
106142,1959,unassigned
106143,1931,unassigned
106144,1931,unassigned
106145,1931,unassigned
106146,1931,unassigned
106147,1931,unassigned
106148,1931,unassigned
106149,1931,unassigned
106150,1931,unassigned
106151,1931,unassigned
106152,1941,Astro-Epen
106153,1931,unassigned
106154,1944,Immune
106155,1944,Immune
106156,1934,Astro-Epen
106157,1935,Immune
106158,1935,Immune
106159,1935,Immune
106160,1950,Immune
106161,1931,unassigned
106162,1959,unassigned
106163,1931,unassigned
106164,1931,unassigned
106165,1931,unassigned
106166,1931,unassigned
106167,1945,Excitatory_Neuron
106168,1945,Excitatory_Neuron
106169,1949,unassigned
106170,1936,Immune
106171,1931,unassigned
106172,1931,unassigned
106173,1931,unassigned
106174,1931,unassigned
106175,1931,unassigned
106176,1931,unassigned
106177,1931,unassigned
106178,1931,unassigned
106179,1931,unassigned
106180,1931,unassigned
106181,1931,unassigned
106182,1931,unassigned
106183,1933,Astro-Epen
106184,1931,unassigned
106185,1934,Astro-Epen
106186,1935,Immune
106187,1939,Immune
106188,1931,unassigned
106189,1931,unassigned
106190,1943,Excitatory_Neuron
106191,1931,unassigned
106192,1931,unassigned
106193,1931,unassigned
106194,1931,unassigned
106195,1941,Astro-Epen
106196,1954,Immune
106197,1931,unassigned
106198,1931,unassigned
106199,1931,unassigned
106200,1931,unassigned
106201,1945,Excitatory_Neuron
106202,1931,unassigned
106203,1934,Astro-Epen
106204,1931,unassigned
106205,1934,Astro-Epen
106206,1949,unassigned
106207,1931,unassigned
106208,1931,unassigned
106209,1950,Immune
106210,1943,Excitatory_Neuron
106211,1943,Excitatory_Neuron
106212,1931,unassigned
106213,1931,unassigned
106214,1931,unassigned
106215,1931,unassigned
106216,1931,unassigned
106217,1931,unassigned
106218,1931,unassigned
106219,1933,Astro-Epen
106220,1954,Immune
106221,1954,Immune
106222,1931,unassigned
106223,1931,unassigned
106224,1931,unassigned
106225,1931,unassigned
106226,1946,Excitatory_Neuron
106227,1943,Excitatory_Neuron
106228,1947,unassigned
106229,1947,unassigned
106230,1931,unassigned
106231,1931,unassigned
106232,1941,Astro-Epen
106233,1931,unassigned
106234,1931,unassigned
106235,1931,unassigned
106236,1954,Immune
106237,1933,Astro-Epen
106238,1931,unassigned
106239,1945,Excitatory_Neuron
106240,1934,Astro-Epen
106241,1935,Immune
106242,1949,unassigned
106243,1931,unassigned
106244,1931,unassigned
106245,1946,Excitatory_Neuron
106246,1931,unassigned
106247,1931,unassigned
106248,1931,unassigned
106249,1931,unassigned
106250,1931,unassigned
106251,1931,unassigned
106252,1931,unassigned
106253,1931,unassigned
106254,1931,unassigned
106255,1931,unassigned
106256,1934,Astro-Epen
106257,1946,Excitatory_Neuron
106258,1931,unassigned
106259,1950,Immune
106260,1931,unassigned
106261,1931,unassigned
106262,1931,unassigned
106263,1943,Excitatory_Neuron
106264,1931,unassigned
106265,1943,Excitatory_Neuron
106266,1931,unassigned
106267,1931,unassigned
106268,1931,unassigned
106269,1944,Immune
106270,1934,Astro-Epen
106271,1935,Immune
106272,1931,unassigned
106273,1946,Excitatory_Neuron
106274,1931,unassigned
106275,1931,unassigned
106276,1931,unassigned
106277,1931,unassigned
106278,1931,unassigned
106279,1947,unassigned
106280,1941,Astro-Epen
106281,1954,Immune
106282,1954,Immune
106283,1949,unassigned
106284,1931,unassigned
106285,1931,unassigned
106286,1931,unassigned
106287,1931,unassigned
106288,1943,Excitatory_Neuron
106289,1931,unassigned
106290,1931,unassigned
106291,1931,unassigned
106292,1954,Immune
106293,1954,Immune
106294,1931,unassigned
106295,1932,Excitatory_Neuron
106296,1931,unassigned
106297,1945,Excitatory_Neuron
106298,1934,Astro-Epen
106299,1933,Astro-Epen
106300,1931,unassigned
106301,1956,unassigned
106302,1931,unassigned
106303,1931,unassigned
106304,1943,Excitatory_Neuron
106305,1931,unassigned
106306,1931,unassigned
106307,1931,unassigned
106308,1941,Astro-Epen
106309,1954,Immune
106310,1931,unassigned
106311,1931,unassigned
106312,1931,unassigned
106313,1931,unassigned
106314,1931,unassigned
106315,1931,unassigned
106316,1931,unassigned
106317,1934,Astro-Epen
106318,1933,Astro-Epen
106319,1935,Immune
106320,1931,unassigned
106321,1931,unassigned
106322,1938,Astro-Epen
106323,1931,unassigned
106324,1931,unassigned
106325,1931,unassigned
106326,1931,unassigned
106327,1931,unassigned
106328,1931,unassigned
106329,1941,Astro-Epen
106330,1931,unassigned
106331,1931,unassigned
106332,1931,unassigned
106333,1931,unassigned
106334,1931,unassigned
106335,1943,Excitatory_Neuron
106336,1947,unassigned
106337,1931,unassigned
106338,1931,unassigned
106339,1931,unassigned
106340,1931,unassigned
106341,1931,unassigned
106342,1931,unassigned
106343,1931,unassigned
106344,1931,unassigned
106345,1931,unassigned
106346,1954,Immune
106347,1932,Excitatory_Neuron
106348,1931,unassigned
106349,1944,Immune
106350,1934,Astro-Epen
106351,1931,unassigned
106352,1931,unassigned
106353,1931,unassigned
106354,1931,unassigned
106355,1959,unassigned
106356,1943,Excitatory_Neuron
106357,1931,unassigned
106358,1931,unassigned
106359,1931,unassigned
106360,1931,unassigned
106361,1931,unassigned
106362,1931,unassigned
106363,1931,unassigned
106364,1954,Immune
106365,1931,unassigned
106366,1931,unassigned
106367,1932,Excitatory_Neuron
106368,1945,Excitatory_Neuron
106369,1946,Excitatory_Neuron
106370,1931,unassigned
106371,1939,Immune
106372,1939,Immune
106373,1943,Excitatory_Neuron
106374,1931,unassigned
106375,1943,Excitatory_Neuron
106376,1931,unassigned
106377,1931,unassigned
106378,1931,unassigned
106379,1931,unassigned
106380,1931,unassigned
106381,1954,Immune
106382,1931,unassigned
106383,1931,unassigned
106384,1931,unassigned
106385,1931,unassigned
106386,1933,Astro-Epen
106387,1954,Immune
106388,1944,Immune
106389,1931,unassigned
106390,1931,unassigned
106391,1934,Astro-Epen
106392,1950,Immune
106393,1946,Excitatory_Neuron
106394,1946,Excitatory_Neuron
106395,1946,Excitatory_Neuron
106396,1939,Immune
106397,1931,unassigned
106398,1931,unassigned
106399,1943,Excitatory_Neuron
106400,1931,unassigned
106401,1931,unassigned
106402,1931,unassigned
106403,1931,unassigned
106404,1931,unassigned
106405,1954,Immune
106406,1931,unassigned
106407,1954,Immune
106408,1931,unassigned
106409,1931,unassigned
106410,1931,unassigned
106411,1944,Immune
106412,1934,Astro-Epen
106413,1934,Astro-Epen
106414,1931,unassigned
106415,1943,Excitatory_Neuron
106416,1931,unassigned
106417,1931,unassigned
106418,1954,Immune
106419,1931,unassigned
106420,1931,unassigned
106421,1931,unassigned
106422,1934,Astro-Epen
106423,1934,Astro-Epen
106424,1931,unassigned
106425,1949,unassigned
106426,1946,Excitatory_Neuron
106427,1931,unassigned
106428,1931,unassigned
106429,1931,unassigned
106430,1931,unassigned
106431,1931,unassigned
106432,1954,Immune
106433,1931,unassigned
106434,1931,unassigned
106435,1935,Immune
106436,1934,Astro-Epen
106437,1949,unassigned
106438,1935,Immune
106439,1935,Immune
106440,1936,Immune
106441,1931,unassigned
106442,1939,Immune
106443,1931,unassigned
106444,1960,Astro-Epen
106445,1931,unassigned
106446,1957,Excitatory_Neuron
106447,1931,unassigned
106448,1931,unassigned
106449,1931,unassigned
106450,1931,unassigned
106451,1931,unassigned
106452,1931,unassigned
106453,1945,Excitatory_Neuron
106454,1934,Astro-Epen
106455,1931,unassigned
106456,1946,Excitatory_Neuron
106457,1936,Immune
106458,1939,Immune
106459,1943,Excitatory_Neuron
106460,1943,Excitatory_Neuron
106461,1931,unassigned
106462,1931,unassigned
106463,1931,unassigned
106464,1947,unassigned
106465,1931,unassigned
106466,1931,unassigned
106467,1931,unassigned
106468,1931,unassigned
106469,1931,unassigned
106470,1931,unassigned
106471,1931,unassigned
106472,1931,unassigned
106473,1948,unassigned
106474,1931,unassigned
106475,1949,unassigned
106476,1953,unassigned
106477,1931,unassigned
106478,1939,Immune
106479,1931,unassigned
106480,1931,unassigned
106481,1931,unassigned
106482,1954,Immune
106483,1931,unassigned
106484,1933,Astro-Epen
106485,1935,Immune
106486,1931,unassigned
106487,1931,unassigned
106488,1931,unassigned
106489,1959,unassigned
106490,1931,unassigned
106491,1943,Excitatory_Neuron
106492,1931,unassigned
106493,1931,unassigned
106494,1931,unassigned
106495,1931,unassigned
106496,1931,unassigned
106497,1931,unassigned
106498,1936,Immune
106499,1946,Excitatory_Neuron
106500,1939,Immune
106501,1939,Immune
106502,1931,unassigned
106503,1938,Astro-Epen
106504,1931,unassigned
106505,1931,unassigned
106506,1961,unassigned
106507,1931,unassigned
106508,1962,unassigned
106509,1941,Astro-Epen
106510,1931,unassigned
106511,1931,unassigned
106512,1931,unassigned
106513,1931,unassigned
106514,1954,Immune
106515,1931,unassigned
106516,1931,unassigned
106517,1931,unassigned
106518,1954,Immune
106519,1934,Astro-Epen
106520,1945,Excitatory_Neuron
106521,1931,unassigned
106522,1931,unassigned
106523,1953,unassigned
106524,1931,unassigned
106525,1950,Immune
106526,1931,unassigned
106527,1936,Immune
106528,1931,unassigned
106529,1931,unassigned
106530,1931,unassigned
106531,1931,unassigned
106532,1931,unassigned
106533,1931,unassigned
106534,1931,unassigned
106535,1931,unassigned
106536,1944,Immune
106537,1945,Excitatory_Neuron
106538,1931,unassigned
106539,1931,unassigned
106540,1931,unassigned
106541,1939,Immune
106542,1931,unassigned
106543,1931,unassigned
106544,1931,unassigned
106545,1931,unassigned
106546,1931,unassigned
106547,1931,unassigned
106548,1931,unassigned
106549,1931,unassigned
106550,1944,Immune
106551,1931,unassigned
106552,1931,unassigned
106553,1950,Immune
106554,1935,Immune
106555,1931,unassigned
106556,1931,unassigned
106557,1931,unassigned
106558,1960,Astro-Epen
106559,1957,Excitatory_Neuron
106560,1931,unassigned
106561,1931,unassigned
106562,1931,unassigned
106563,1941,Astro-Epen
106564,1931,unassigned
106565,1931,unassigned
106566,1954,Immune
106567,1934,Astro-Epen
106568,1931,unassigned
106569,1931,unassigned
106570,1945,Excitatory_Neuron
106571,1931,unassigned
106572,1934,Astro-Epen
106573,1950,Immune
106574,1950,Immune
106575,1949,unassigned
106576,1950,Immune
106577,1931,unassigned
106578,1931,unassigned
106579,1931,unassigned
106580,1931,unassigned
106581,1931,unassigned
106582,1931,unassigned
106583,1941,Astro-Epen
106584,1931,unassigned
106585,1931,unassigned
106586,1931,unassigned
106587,1934,Astro-Epen
106588,1931,unassigned
106589,1950,Immune
106590,1936,Immune
106591,1946,Excitatory_Neuron
106592,1931,unassigned
106593,1931,unassigned
106594,1931,unassigned
106595,1943,Excitatory_Neuron
106596,1943,Excitatory_Neuron
106597,1947,unassigned
106598,1931,unassigned
106599,1931,unassigned
106600,1931,unassigned
106601,1931,unassigned
106602,1954,Immune
106603,1948,unassigned
106604,1945,Excitatory_Neuron
106605,1948,unassigned
106606,1931,unassigned
106607,1931,unassigned
106608,1931,unassigned
106609,1931,unassigned
106610,1931,unassigned
106611,1931,unassigned
106612,1931,unassigned
106613,1931,unassigned
106614,1954,Immune
106615,1931,unassigned
106616,1931,unassigned
106617,1944,Immune
106618,1934,Astro-Epen
106619,1931,unassigned
106620,1948,unassigned
106621,1931,unassigned
106622,1931,unassigned
106623,1946,Excitatory_Neuron
106624,1931,unassigned
106625,1950,Immune
106626,1950,Immune
106627,1931,unassigned
106628,1943,Excitatory_Neuron
106629,1957,Excitatory_Neuron
106630,1931,unassigned
106631,1931,unassigned
106632,1931,unassigned
106633,1931,unassigned
106634,1931,unassigned
106635,1945,Excitatory_Neuron
106636,1931,unassigned
106637,1948,unassigned
106638,1953,unassigned
106639,1931,unassigned
106640,1946,Excitatory_Neuron
106641,1936,Immune
106642,1963,unassigned
106643,1939,Immune
106644,1959,unassigned
106645,1931,unassigned
106646,1931,unassigned
106647,1957,Excitatory_Neuron
106648,1954,Immune
106649,1931,unassigned
106650,1931,unassigned
106651,1931,unassigned
106652,1931,unassigned
106653,1931,unassigned
106654,1931,unassigned
106655,1951,unassigned
106656,1934,Astro-Epen
106657,1946,Excitatory_Neuron
106658,1964,Immune
106659,1939,Immune
106660,1931,unassigned
106661,1931,unassigned
106662,1931,unassigned
106663,1931,unassigned
106664,1933,Astro-Epen
106665,1931,unassigned
106666,1944,Immune
106667,1931,unassigned
106668,1931,unassigned
106669,1936,Immune
106670,1963,unassigned
106671,1946,Excitatory_Neuron
106672,1931,unassigned
106673,1931,unassigned
106674,1931,unassigned
106675,1931,unassigned
106676,1931,unassigned
106677,1931,unassigned
106678,1931,unassigned
106679,1931,unassigned
106680,1933,Astro-Epen
106681,1948,unassigned
106682,1931,unassigned
106683,1946,Excitatory_Neuron
106684,1935,Immune
106685,1950,Immune
106686,1931,unassigned
106687,1931,unassigned
106688,1931,unassigned
106689,1931,unassigned
106690,1931,unassigned
106691,1931,unassigned
106692,1931,unassigned
106693,1931,unassigned
106694,1934,Astro-Epen
106695,1934,Astro-Epen
106696,1965,unassigned
106697,1931,unassigned
106698,1931,unassigned
106699,1950,Immune
106700,1931,unassigned
106701,1931,unassigned
106702,1931,unassigned
106703,1931,unassigned
106704,1931,unassigned
106705,1931,unassigned
106706,1931,unassigned
106707,1931,unassigned
106708,1931,unassigned
106709,1931,unassigned
106710,1933,Astro-Epen
106711,1931,unassigned
106712,1945,Excitatory_Neuron
106713,1931,unassigned
106714,1945,Excitatory_Neuron
106715,1934,Astro-Epen
106716,1931,unassigned
106717,1965,unassigned
106718,1946,Excitatory_Neuron
106719,1931,unassigned
106720,1931,unassigned
106721,1931,unassigned
106722,1941,Astro-Epen
106723,1941,Astro-Epen
106724,1931,unassigned
106725,1931,unassigned
106726,1931,unassigned
106727,1932,Excitatory_Neuron
106728,1932,Excitatory_Neuron
106729,1931,unassigned
106730,1951,unassigned
106731,1934,Astro-Epen
106732,1948,unassigned
106733,1948,unassigned
106734,1949,unassigned
106735,1931,unassigned
106736,1946,Excitatory_Neuron
106737,1931,unassigned
106738,1936,Immune
106739,1939,Immune
106740,1939,Immune
106741,1931,unassigned
106742,1931,unassigned
106743,1931,unassigned
106744,1931,unassigned
106745,1931,unassigned
106746,1931,unassigned
106747,1961,unassigned
106748,1941,Astro-Epen
106749,1941,Astro-Epen
106750,1931,unassigned
106751,1931,unassigned
106752,1945,Excitatory_Neuron
106753,1931,unassigned
106754,1934,Astro-Epen
106755,1934,Astro-Epen
106756,1948,unassigned
106757,1934,Astro-Epen
106758,1931,unassigned
106759,1931,unassigned
106760,1931,unassigned
106761,1931,unassigned
106762,1931,unassigned
106763,1931,unassigned
106764,1931,unassigned
106765,1943,Excitatory_Neuron
106766,1931,unassigned
106767,1931,unassigned
106768,1931,unassigned
106769,1931,unassigned
106770,1941,Astro-Epen
106771,1931,unassigned
106772,1931,unassigned
106773,1931,unassigned
106774,1932,Excitatory_Neuron
106775,1954,Immune
106776,1931,unassigned
106777,1951,unassigned
106778,1934,Astro-Epen
106779,1931,unassigned
106780,1931,unassigned
106781,1931,unassigned
106782,1931,unassigned
106783,1931,unassigned
106784,1941,Astro-Epen
106785,1931,unassigned
106786,1931,unassigned
106787,1931,unassigned
106788,1931,unassigned
106789,1931,unassigned
106790,1933,Astro-Epen
106791,1931,unassigned
106792,1931,unassigned
106793,1932,Excitatory_Neuron
106794,1931,unassigned
106795,1931,unassigned
106796,1931,unassigned
106797,1946,Excitatory_Neuron
106798,1935,Immune
106799,1931,unassigned
106800,1931,unassigned
106801,1931,unassigned
106802,1931,unassigned
106803,1931,unassigned
106804,1931,unassigned
106805,1932,Excitatory_Neuron
106806,1945,Excitatory_Neuron
106807,1950,Immune
106808,1931,unassigned
106809,1950,Immune
106810,1931,unassigned
106811,1931,unassigned
106812,1931,unassigned
106813,1931,unassigned
106814,1961,unassigned
106815,1931,unassigned
106816,1931,unassigned
106817,1931,unassigned
106818,1931,unassigned
106819,1941,Astro-Epen
106820,1931,unassigned
106821,1931,unassigned
106822,1932,Excitatory_Neuron
106823,1931,unassigned
106824,1934,Astro-Epen
106825,1931,unassigned
106826,1931,unassigned
106827,1939,Immune
106828,1931,unassigned
106829,1931,unassigned
106830,1931,unassigned
106831,1931,unassigned
106832,1931,unassigned
106833,1931,unassigned
106834,1931,unassigned
106835,1931,unassigned
106836,1931,unassigned
106837,1950,Immune
106838,1931,unassigned
106839,1931,unassigned
106840,1931,unassigned
106841,1957,Excitatory_Neuron
106842,1957,Excitatory_Neuron
106843,1931,unassigned
106844,1931,unassigned
106845,1931,unassigned
106846,1931,unassigned
106847,1931,unassigned
106848,1954,Immune
106849,1931,unassigned
106850,1931,unassigned
106851,1931,unassigned
106852,1945,Excitatory_Neuron
106853,1931,unassigned
106854,1944,Immune
106855,1934,Astro-Epen
106856,1934,Astro-Epen
106857,1945,Excitatory_Neuron
106858,1931,unassigned
106859,1965,unassigned
106860,1931,unassigned
106861,1931,unassigned
106862,1946,Excitatory_Neuron
106863,1931,unassigned
106864,1931,unassigned
106865,1931,unassigned
106866,1931,unassigned
106867,1931,unassigned
106868,1931,unassigned
106869,1931,unassigned
106870,1931,unassigned
106871,1931,unassigned
106872,1941,Astro-Epen
106873,1931,unassigned
106874,1931,unassigned
106875,1954,Immune
106876,1931,unassigned
106877,1932,Excitatory_Neuron
106878,1931,unassigned
106879,1944,Immune
106880,1931,unassigned
106881,1931,unassigned
106882,1931,unassigned
106883,1931,unassigned
106884,1931,unassigned
106885,1935,Immune
106886,1964,Immune
106887,1931,unassigned
106888,1931,unassigned
106889,1931,unassigned
106890,1931,unassigned
106891,1931,unassigned
106892,1961,unassigned
106893,1941,Astro-Epen
106894,1931,unassigned
106895,1931,unassigned
106896,1931,unassigned
106897,1941,Astro-Epen
106898,1931,unassigned
106899,1931,unassigned
106900,1945,Excitatory_Neuron
106901,1945,Excitatory_Neuron
106902,1945,Excitatory_Neuron
106903,1946,Excitatory_Neuron
106904,1946,Excitatory_Neuron
106905,1931,unassigned
106906,1931,unassigned
106907,1931,unassigned
106908,1957,Excitatory_Neuron
106909,1931,unassigned
106910,1931,unassigned
106911,1931,unassigned
106912,1931,unassigned
106913,1932,Excitatory_Neuron
106914,1931,unassigned
106915,1931,unassigned
106916,1931,unassigned
106917,1945,Excitatory_Neuron
106918,1945,Excitatory_Neuron
106919,1945,Excitatory_Neuron
106920,1944,Immune
106921,1931,unassigned
106922,1965,unassigned
106923,1946,Excitatory_Neuron
106924,1931,unassigned
106925,1931,unassigned
106926,1931,unassigned
106927,1931,unassigned
106928,1931,unassigned
106929,1931,unassigned
106930,1957,Excitatory_Neuron
106931,1931,unassigned
106932,1931,unassigned
106933,1931,unassigned
106934,1941,Astro-Epen
106935,1931,unassigned
106936,1941,Astro-Epen
106937,1931,unassigned
106938,1931,unassigned
106939,1931,unassigned
106940,1931,unassigned
106941,1934,Astro-Epen
106942,1951,unassigned
106943,1931,unassigned
106944,1931,unassigned
106945,1935,Immune
106946,1946,Excitatory_Neuron
106947,1939,Immune
106948,1931,unassigned
106949,1931,unassigned
106950,1931,unassigned
106951,1941,Astro-Epen
106952,1941,Astro-Epen
106953,1931,unassigned
106954,1931,unassigned
106955,1931,unassigned
106956,1945,Excitatory_Neuron
106957,1944,Immune
106958,1931,unassigned
106959,1931,unassigned
106960,1931,unassigned
106961,1945,Excitatory_Neuron
106962,1945,Excitatory_Neuron
106963,1934,Astro-Epen
106964,1934,Astro-Epen
106965,1931,unassigned
106966,1931,unassigned
106967,1931,unassigned
106968,1939,Immune
106969,1931,unassigned
106970,1941,Astro-Epen
106971,1931,unassigned
106972,1931,unassigned
106973,1931,unassigned
106974,1966,unassigned
106975,1962,unassigned
106976,1931,unassigned
106977,1931,unassigned
106978,1944,Immune
106979,1944,Immune
106980,1931,unassigned
106981,1945,Excitatory_Neuron
106982,1945,Excitatory_Neuron
106983,1945,Excitatory_Neuron
106984,1944,Immune
106985,1931,unassigned
106986,1931,unassigned
106987,1949,unassigned
106988,1935,Immune
106989,1931,unassigned
106990,1931,unassigned
106991,1931,unassigned
106992,1943,Excitatory_Neuron
106993,1931,unassigned
106994,1931,unassigned
106995,1931,unassigned
106996,1931,unassigned
106997,1931,unassigned
106998,1931,unassigned
106999,1931,unassigned
107000,1931,unassigned
107001,1931,unassigned
107002,1931,unassigned
107003,1931,unassigned
107004,1933,Astro-Epen
107005,1931,unassigned
107006,1931,unassigned
107007,1931,unassigned
107008,1935,Immune
107009,1946,Excitatory_Neuron
107010,1935,Immune
107011,1935,Immune
107012,1931,unassigned
107013,1931,unassigned
107014,1931,unassigned
107015,1931,unassigned
107016,1941,Astro-Epen
107017,1941,Astro-Epen
107018,1931,unassigned
107019,1931,unassigned
107020,1931,unassigned
107021,1931,unassigned
107022,1931,unassigned
107023,1932,Excitatory_Neuron
107024,1945,Excitatory_Neuron
107025,1931,unassigned
107026,1931,unassigned
107027,1931,unassigned
107028,1931,unassigned
107029,1946,Excitatory_Neuron
107030,1931,unassigned
107031,1931,unassigned
107032,1935,Immune
107033,1936,Immune
107034,1960,Astro-Epen
107035,1931,unassigned
107036,1931,unassigned
107037,1957,Excitatory_Neuron
107038,1957,Excitatory_Neuron
107039,1931,unassigned
107040,1931,unassigned
107041,1941,Astro-Epen
107042,1931,unassigned
107043,1931,unassigned
107044,1931,unassigned
107045,1931,unassigned
107046,1931,unassigned
107047,1946,Excitatory_Neuron
107048,1931,unassigned
107049,1931,unassigned
107050,1931,unassigned
107051,1931,unassigned
107052,1931,unassigned
107053,1941,Astro-Epen
107054,1931,unassigned
107055,1931,unassigned
107056,1931,unassigned
107057,1931,unassigned
107058,1934,Astro-Epen
107059,1931,unassigned
107060,1931,unassigned
107061,1931,unassigned
107062,1931,unassigned
107063,1931,unassigned
107064,1931,unassigned
107065,1938,Astro-Epen
107066,1931,unassigned
107067,1931,unassigned
107068,1931,unassigned
107069,1931,unassigned
107070,1967,unassigned
107071,1931,unassigned
107072,1931,unassigned
107073,1941,Astro-Epen
107074,1931,unassigned
107075,1931,unassigned
107076,1931,unassigned
107077,1931,unassigned
107078,1931,unassigned
107079,1935,Immune
107080,1931,unassigned
107081,1931,unassigned
107082,1931,unassigned
107083,1931,unassigned
107084,1931,unassigned
107085,1931,unassigned
107086,1931,unassigned
107087,1941,Astro-Epen
107088,1962,unassigned
107089,1931,unassigned
107090,1931,unassigned
107091,1932,Excitatory_Neuron
107092,1945,Excitatory_Neuron
107093,1948,unassigned
107094,1931,unassigned
107095,1935,Immune
107096,1931,unassigned
107097,1931,unassigned
107098,1936,Immune
107099,1936,Immune
107100,1957,Excitatory_Neuron
107101,1931,unassigned
107102,1931,unassigned
107103,1941,Astro-Epen
107104,1931,unassigned
107105,1954,Immune
107106,1931,unassigned
107107,1931,unassigned
107108,1954,Immune
107109,1934,Astro-Epen
107110,1931,unassigned
107111,1931,unassigned
107112,1936,Immune
107113,1931,unassigned
107114,1931,unassigned
107115,1957,Excitatory_Neuron
107116,1931,unassigned
107117,1947,unassigned
107118,1931,unassigned
107119,1968,GABA_Neuron
107120,1931,unassigned
107121,1931,unassigned
107122,1941,Astro-Epen
107123,1941,Astro-Epen
107124,1931,unassigned
107125,1931,unassigned
107126,1944,Immune
107127,1945,Excitatory_Neuron
107128,1934,Astro-Epen
107129,1934,Astro-Epen
107130,1931,unassigned
107131,1953,unassigned
107132,1931,unassigned
107133,1931,unassigned
107134,1964,Immune
107135,1931,unassigned
107136,1931,unassigned
107137,1931,unassigned
107138,1931,unassigned
107139,1931,unassigned
107140,1931,unassigned
107141,1941,Astro-Epen
107142,1931,unassigned
107143,1951,unassigned
107144,1931,unassigned
107145,1931,unassigned
107146,1950,Immune
107147,1950,Immune
107148,1931,unassigned
107149,1959,unassigned
107150,1931,unassigned
107151,1957,Excitatory_Neuron
107152,1931,unassigned
107153,1931,unassigned
107154,1945,Excitatory_Neuron
107155,1945,Excitatory_Neuron
107156,1945,Excitatory_Neuron
107157,1933,Astro-Epen
107158,1945,Excitatory_Neuron
107159,1931,unassigned
107160,1931,unassigned
107161,1939,Immune
107162,1939,Immune
107163,1939,Immune
107164,1931,unassigned
107165,1931,unassigned
107166,1931,unassigned
107167,1931,unassigned
107168,1931,unassigned
107169,1966,unassigned
107170,1931,unassigned
107171,1941,Astro-Epen
107172,1931,unassigned
107173,1931,unassigned
107174,1944,Immune
107175,1931,unassigned
107176,1946,Excitatory_Neuron
107177,1939,Immune
107178,1931,unassigned
107179,1931,unassigned
107180,1931,unassigned
107181,1931,unassigned
107182,1931,unassigned
107183,1931,unassigned
107184,1931,unassigned
107185,1933,Astro-Epen
107186,1931,unassigned
107187,1931,unassigned
107188,1949,unassigned
107189,1931,unassigned
107190,1931,unassigned
107191,1931,unassigned
107192,1931,unassigned
107193,1931,unassigned
107194,1931,unassigned
107195,1931,unassigned
107196,1931,unassigned
107197,1931,unassigned
107198,1931,unassigned
107199,1931,unassigned
107200,1931,unassigned
107201,1941,Astro-Epen
107202,1931,unassigned
107203,1931,unassigned
107204,1931,unassigned
107205,1954,Immune
107206,1931,unassigned
107207,1933,Astro-Epen
107208,1934,Astro-Epen
107209,1931,unassigned
107210,1934,Astro-Epen
107211,1931,unassigned
107212,1931,unassigned
107213,1931,unassigned
107214,1943,Excitatory_Neuron
107215,1931,unassigned
107216,1931,unassigned
107217,1931,unassigned
107218,1947,unassigned
107219,1957,Excitatory_Neuron
107220,1931,unassigned
107221,1961,unassigned
107222,1931,unassigned
107223,1931,unassigned
107224,1941,Astro-Epen
107225,1931,unassigned
107226,1931,unassigned
107227,1931,unassigned
107228,1931,unassigned
107229,1932,Excitatory_Neuron
107230,1945,Excitatory_Neuron
107231,1946,Excitatory_Neuron
107232,1931,unassigned
107233,1931,unassigned
107234,1931,unassigned
107235,1938,Astro-Epen
107236,1931,unassigned
107237,1931,unassigned
107238,1931,unassigned
107239,1931,unassigned
107240,1931,unassigned
107241,1941,Astro-Epen
107242,1941,Astro-Epen
107243,1931,unassigned
107244,1931,unassigned
107245,1934,Astro-Epen
107246,1934,Astro-Epen
107247,1934,Astro-Epen
107248,1948,unassigned
107249,1931,unassigned
107250,1931,unassigned
107251,1936,Immune
107252,1946,Excitatory_Neuron
107253,1943,Excitatory_Neuron
107254,1957,Excitatory_Neuron
107255,1931,unassigned
107256,1931,unassigned
107257,1931,unassigned
107258,1968,GABA_Neuron
107259,1931,unassigned
107260,1931,unassigned
107261,1931,unassigned
107262,1931,unassigned
107263,1931,unassigned
107264,1931,unassigned
107265,1941,Astro-Epen
107266,1941,Astro-Epen
107267,1931,unassigned
107268,1931,unassigned
107269,1954,Immune
107270,1931,unassigned
107271,1931,unassigned
107272,1931,unassigned
107273,1944,Immune
107274,1948,unassigned
107275,1931,unassigned
107276,1946,Excitatory_Neuron
107277,1969,Immune
107278,1931,unassigned
107279,1931,unassigned
107280,1935,Immune
107281,1931,unassigned
107282,1931,unassigned
107283,1931,unassigned
107284,1931,unassigned
107285,1931,unassigned
107286,1931,unassigned
107287,1931,unassigned
107288,1941,Astro-Epen
107289,1931,unassigned
107290,1948,unassigned
107291,1931,unassigned
107292,1931,unassigned
107293,1935,Immune
107294,1950,Immune
107295,1931,unassigned
107296,1939,Immune
107297,1931,unassigned
107298,1931,unassigned
107299,1931,unassigned
107300,1968,GABA_Neuron
107301,1941,Astro-Epen
107302,1941,Astro-Epen
107303,1931,unassigned
107304,1931,unassigned
107305,1954,Immune
107306,1931,unassigned
107307,1931,unassigned
107308,1948,unassigned
107309,1935,Immune
107310,1970,unassigned
107311,1931,unassigned
107312,1957,Excitatory_Neuron
107313,1957,Excitatory_Neuron
107314,1957,Excitatory_Neuron
107315,1931,unassigned
107316,1931,unassigned
107317,1931,unassigned
107318,1931,unassigned
107319,1931,unassigned
107320,1931,unassigned
107321,1931,unassigned
107322,1934,Astro-Epen
107323,1948,unassigned
107324,1931,unassigned
107325,1934,Astro-Epen
107326,1934,Astro-Epen
107327,1931,unassigned
107328,1931,unassigned
107329,1950,Immune
107330,1931,unassigned
107331,1947,unassigned
107332,1931,unassigned
107333,1931,unassigned
107334,1931,unassigned
107335,1931,unassigned
107336,1931,unassigned
107337,1968,GABA_Neuron
107338,1931,unassigned
107339,1931,unassigned
107340,1954,Immune
107341,1931,unassigned
107342,1934,Astro-Epen
107343,1934,Astro-Epen
107344,1934,Astro-Epen
107345,1934,Astro-Epen
107346,1931,unassigned
107347,1934,Astro-Epen
107348,1948,unassigned
107349,1948,unassigned
107350,1953,unassigned
107351,1935,Immune
107352,1931,unassigned
107353,1950,Immune
107354,1939,Immune
107355,1938,Astro-Epen
107356,1943,Excitatory_Neuron
107357,1957,Excitatory_Neuron
107358,1931,unassigned
107359,1931,unassigned
107360,1931,unassigned
107361,1954,Immune
107362,1931,unassigned
107363,1934,Astro-Epen
107364,1931,unassigned
107365,1931,unassigned
107366,1931,unassigned
107367,1939,Immune
107368,1931,unassigned
107369,1947,unassigned
107370,1941,Astro-Epen
107371,1962,unassigned
107372,1931,unassigned
107373,1941,Astro-Epen
107374,1932,Excitatory_Neuron
107375,1954,Immune
107376,1931,unassigned
107377,1931,unassigned
107378,1931,unassigned
107379,1935,Immune
107380,1935,Immune
107381,1969,Immune
107382,1931,unassigned
107383,1935,Immune
107384,1931,unassigned
107385,1936,Immune
107386,1938,Astro-Epen
107387,1939,Immune
107388,1947,unassigned
107389,1931,unassigned
107390,1931,unassigned
107391,1931,unassigned
107392,1931,unassigned
107393,1941,Astro-Epen
107394,1931,unassigned
107395,1931,unassigned
107396,1954,Immune
107397,1931,unassigned
107398,1931,unassigned
107399,1935,Immune
107400,1969,Immune
107401,1935,Immune
107402,1931,unassigned
107403,1946,Excitatory_Neuron
107404,1931,unassigned
107405,1931,unassigned
107406,1931,unassigned
107407,1947,unassigned
107408,1941,Astro-Epen
107409,1931,unassigned
107410,1941,Astro-Epen
107411,1931,unassigned
107412,1931,unassigned
107413,1931,unassigned
107414,1931,unassigned
107415,1934,Astro-Epen
107416,1935,Immune
107417,1964,Immune
107418,1946,Excitatory_Neuron
107419,1931,unassigned
107420,1931,unassigned
107421,1938,Astro-Epen
107422,1931,unassigned
107423,1931,unassigned
107424,1941,Astro-Epen
107425,1941,Astro-Epen
107426,1941,Astro-Epen
107427,1954,Immune
107428,1932,Excitatory_Neuron
107429,1934,Astro-Epen
107430,1931,unassigned
107431,1931,unassigned
107432,1948,unassigned
107433,1946,Excitatory_Neuron
107434,1931,unassigned
107435,1943,Excitatory_Neuron
107436,1931,unassigned
107437,1971,unassigned
107438,1931,unassigned
107439,1931,unassigned
107440,1931,unassigned
107441,1931,unassigned
107442,1931,unassigned
107443,1941,Astro-Epen
107444,1931,unassigned
107445,1931,unassigned
107446,1931,unassigned
107447,1931,unassigned
107448,1931,unassigned
107449,1944,Immune
107450,1931,unassigned
107451,1945,Excitatory_Neuron
107452,1931,unassigned
107453,1948,unassigned
107454,1931,unassigned
107455,1931,unassigned
107456,1931,unassigned
107457,1960,Astro-Epen
107458,1931,unassigned
107459,1957,Excitatory_Neuron
107460,1931,unassigned
107461,1941,Astro-Epen
107462,1941,Astro-Epen
107463,1931,unassigned
107464,1931,unassigned
107465,1931,unassigned
107466,1931,unassigned
107467,1931,unassigned
107468,1931,unassigned
107469,1934,Astro-Epen
107470,1931,unassigned
107471,1931,unassigned
107472,1935,Immune
107473,1931,unassigned
107474,1935,Immune
107475,1939,Immune
107476,1931,unassigned
107477,1947,unassigned
107478,1931,unassigned
107479,1947,unassigned
107480,1931,unassigned
107481,1941,Astro-Epen
107482,1931,unassigned
107483,1931,unassigned
107484,1931,unassigned
107485,1931,unassigned
107486,1931,unassigned
107487,1935,Immune
107488,1931,unassigned
107489,1935,Immune
107490,1939,Immune
107491,1931,unassigned
107492,1931,unassigned
107493,1931,unassigned
107494,1931,unassigned
107495,1954,Immune
107496,1931,unassigned
107497,1934,Astro-Epen
107498,1934,Astro-Epen
107499,1931,unassigned
107500,1969,Immune
107501,1949,unassigned
107502,1935,Immune
107503,1931,unassigned
107504,1931,unassigned
107505,1968,GABA_Neuron
107506,1931,unassigned
107507,1941,Astro-Epen
107508,1954,Immune
107509,1931,unassigned
107510,1931,unassigned
107511,1932,Excitatory_Neuron
107512,1932,Excitatory_Neuron
107513,1931,unassigned
107514,1934,Astro-Epen
107515,1931,unassigned
107516,1934,Astro-Epen
107517,1931,unassigned
107518,1935,Immune
107519,1950,Immune
107520,1939,Immune
107521,1931,unassigned
107522,1931,unassigned
107523,1931,unassigned
107524,1931,unassigned
107525,1931,unassigned
107526,1931,unassigned
107527,1931,unassigned
107528,1931,unassigned
107529,1935,Immune
107530,1950,Immune
107531,1931,unassigned
107532,1931,unassigned
107533,1931,unassigned
107534,1931,unassigned
107535,1931,unassigned
107536,1931,unassigned
107537,1941,Astro-Epen
107538,1931,unassigned
107539,1931,unassigned
107540,1932,Excitatory_Neuron
107541,1945,Excitatory_Neuron
107542,1953,unassigned
107543,1935,Immune
107544,1931,unassigned
107545,1931,unassigned
107546,1936,Immune
107547,1939,Immune
107548,1931,unassigned
107549,1971,unassigned
107550,1931,unassigned
107551,1931,unassigned
107552,1941,Astro-Epen
107553,1931,unassigned
107554,1931,unassigned
107555,1931,unassigned
107556,1934,Astro-Epen
107557,1931,unassigned
107558,1931,unassigned
107559,1934,Astro-Epen
107560,1935,Immune
107561,1931,unassigned
107562,1949,unassigned
107563,1931,unassigned
107564,1931,unassigned
107565,1931,unassigned
107566,1931,unassigned
107567,1931,unassigned
107568,1931,unassigned
107569,1931,unassigned
107570,1931,unassigned
107571,1944,Immune
107572,1931,unassigned
107573,1931,unassigned
107574,1931,unassigned
107575,1931,unassigned
107576,1931,unassigned
107577,1931,unassigned
107578,1935,Immune
107579,1939,Immune
107580,1931,unassigned
107581,1931,unassigned
107582,1931,unassigned
107583,1941,Astro-Epen
107584,1931,unassigned
107585,1931,unassigned
107586,1941,Astro-Epen
107587,1931,unassigned
107588,1931,unassigned
107589,1931,unassigned
107590,1948,unassigned
107591,1935,Immune
107592,1931,unassigned
107593,1964,Immune
107594,1931,unassigned
107595,1931,unassigned
107596,1931,unassigned
107597,1931,unassigned
107598,1931,unassigned
107599,1931,unassigned
107600,1941,Astro-Epen
107601,1933,Astro-Epen
107602,1934,Astro-Epen
107603,1950,Immune
107604,1931,unassigned
107605,1960,Astro-Epen
107606,1960,Astro-Epen
107607,1957,Excitatory_Neuron
107608,1931,unassigned
107609,1931,unassigned
107610,1954,Immune
107611,1931,unassigned
107612,1931,unassigned
107613,1954,Immune
107614,1931,unassigned
107615,1934,Astro-Epen
107616,1933,Astro-Epen
107617,1931,unassigned
107618,1948,unassigned
107619,1946,Excitatory_Neuron
107620,1939,Immune
107621,1959,unassigned
107622,1931,unassigned
107623,1931,unassigned
107624,1943,Excitatory_Neuron
107625,1931,unassigned
107626,1931,unassigned
107627,1931,unassigned
107628,1931,unassigned
107629,1931,unassigned
107630,1954,Immune
107631,1931,unassigned
107632,1931,unassigned
107633,1931,unassigned
107634,1934,Astro-Epen
107635,1934,Astro-Epen
107636,1931,unassigned
107637,1935,Immune
107638,1935,Immune
107639,1936,Immune
107640,1931,unassigned
107641,1931,unassigned
107642,1957,Excitatory_Neuron
107643,1931,unassigned
107644,1931,unassigned
107645,1931,unassigned
107646,1941,Astro-Epen
107647,1931,unassigned
107648,1931,unassigned
107649,1931,unassigned
107650,1934,Astro-Epen
107651,1931,unassigned
107652,1931,unassigned
107653,1946,Excitatory_Neuron
107654,1931,unassigned
107655,1950,Immune
107656,1931,unassigned
107657,1936,Immune
107658,1935,Immune
107659,1931,unassigned
107660,1939,Immune
107661,1931,unassigned
107662,1931,unassigned
107663,1931,unassigned
107664,1931,unassigned
107665,1931,unassigned
107666,1931,unassigned
107667,1931,unassigned
107668,1931,unassigned
107669,1931,unassigned
107670,1934,Astro-Epen
107671,1931,unassigned
107672,1939,Immune
107673,1938,Astro-Epen
107674,1931,unassigned
107675,1931,unassigned
107676,1931,unassigned
107677,1931,unassigned
107678,1931,unassigned
107679,1931,unassigned
107680,1931,unassigned
107681,1931,unassigned
107682,1931,unassigned
107683,1931,unassigned
107684,1931,unassigned
107685,1951,unassigned
107686,1931,unassigned
107687,1945,Excitatory_Neuron
107688,1931,unassigned
107689,1931,unassigned
107690,1935,Immune
107691,1931,unassigned
107692,1931,unassigned
107693,1946,Excitatory_Neuron
107694,1931,unassigned
107695,1950,Immune
107696,1931,unassigned
107697,1931,unassigned
107698,1960,Astro-Epen
107699,1957,Excitatory_Neuron
107700,1931,unassigned
107701,1957,Excitatory_Neuron
107702,1931,unassigned
107703,1931,unassigned
107704,1954,Immune
107705,1931,unassigned
107706,1934,Astro-Epen
107707,1935,Immune
107708,1936,Immune
107709,1939,Immune
107710,1960,Astro-Epen
107711,1931,unassigned
107712,1931,unassigned
107713,1931,unassigned
107714,1931,unassigned
107715,1941,Astro-Epen
107716,1931,unassigned
107717,1931,unassigned
107718,1931,unassigned
107719,1931,unassigned
107720,1931,unassigned
107721,1934,Astro-Epen
107722,1944,Immune
107723,1931,unassigned
107724,1934,Astro-Epen
107725,1931,unassigned
107726,1931,unassigned
107727,1931,unassigned
107728,1931,unassigned
107729,1961,unassigned
107730,1941,Astro-Epen
107731,1968,GABA_Neuron
107732,1931,unassigned
107733,1931,unassigned
107734,1931,unassigned
107735,1931,unassigned
107736,1934,Astro-Epen
107737,1931,unassigned
107738,1931,unassigned
107739,1935,Immune
107740,1936,Immune
107741,1950,Immune
107742,1931,unassigned
107743,1931,unassigned
107744,1931,unassigned
107745,1931,unassigned
107746,1960,Astro-Epen
107747,1931,unassigned
107748,1941,Astro-Epen
107749,1931,unassigned
107750,1931,unassigned
107751,1933,Astro-Epen
107752,1945,Excitatory_Neuron
107753,1934,Astro-Epen
107754,1935,Immune
107755,1935,Immune
107756,1946,Excitatory_Neuron
107757,1959,unassigned
107758,1931,unassigned
107759,1960,Astro-Epen
107760,1931,unassigned
107761,1931,unassigned
107762,1931,unassigned
107763,1931,unassigned
107764,1931,unassigned
107765,1941,Astro-Epen
107766,1931,unassigned
107767,1931,unassigned
107768,1954,Immune
107769,1931,unassigned
107770,1931,unassigned
107771,1933,Astro-Epen
107772,1944,Immune
107773,1934,Astro-Epen
107774,1933,Astro-Epen
107775,1931,unassigned
107776,1935,Immune
107777,1931,unassigned
107778,1931,unassigned
107779,1931,unassigned
107780,1931,unassigned
107781,1931,unassigned
107782,1931,unassigned
107783,1931,unassigned
107784,1954,Immune
107785,1941,Astro-Epen
107786,1931,unassigned
107787,1934,Astro-Epen
107788,1931,unassigned
107789,1931,unassigned
107790,1957,Excitatory_Neuron
107791,1957,Excitatory_Neuron
107792,1931,unassigned
107793,1931,unassigned
107794,1931,unassigned
107795,1931,unassigned
107796,1931,unassigned
107797,1944,Immune
107798,1933,Astro-Epen
107799,1931,unassigned
107800,1931,unassigned
107801,1935,Immune
107802,1969,Immune
107803,1936,Immune
107804,1931,unassigned
107805,1938,Astro-Epen
107806,1943,Excitatory_Neuron
107807,1931,unassigned
107808,1945,Excitatory_Neuron
107809,1934,Astro-Epen
107810,1931,unassigned
107811,1948,unassigned
107812,1931,unassigned
107813,1946,Excitatory_Neuron
107814,1931,unassigned
107815,1939,Immune
107816,1959,unassigned
107817,1931,unassigned
107818,1960,Astro-Epen
107819,1960,Astro-Epen
107820,1931,unassigned
107821,1931,unassigned
107822,1931,unassigned
107823,1931,unassigned
107824,1954,Immune
107825,1931,unassigned
107826,1954,Immune
107827,1972,unassigned
107828,1945,Excitatory_Neuron
107829,1934,Astro-Epen
107830,1931,unassigned
107831,1935,Immune
107832,1950,Immune
107833,1939,Immune
107834,1931,unassigned
107835,1931,unassigned
107836,1931,unassigned
107837,1960,Astro-Epen
107838,1931,unassigned
107839,1931,unassigned
107840,1931,unassigned
107841,1931,unassigned
107842,1931,unassigned
107843,1931,unassigned
107844,1941,Astro-Epen
107845,1954,Immune
107846,1932,Excitatory_Neuron
107847,1931,unassigned
107848,1931,unassigned
107849,1931,unassigned
107850,1934,Astro-Epen
107851,1945,Excitatory_Neuron
107852,1931,unassigned
107853,1931,unassigned
107854,1931,unassigned
107855,1950,Immune
107856,1931,unassigned
107857,1931,unassigned
107858,1931,unassigned
107859,1931,unassigned
107860,1931,unassigned
107861,1931,unassigned
107862,1931,unassigned
107863,1931,unassigned
107864,1931,unassigned
107865,1931,unassigned
107866,1934,Astro-Epen
107867,1935,Immune
107868,1931,unassigned
107869,1931,unassigned
107870,1931,unassigned
107871,1931,unassigned
107872,1931,unassigned
107873,1957,Excitatory_Neuron
107874,1957,Excitatory_Neuron
107875,1931,unassigned
107876,1931,unassigned
107877,1941,Astro-Epen
107878,1931,unassigned
107879,1931,unassigned
107880,1934,Astro-Epen
107881,1945,Excitatory_Neuron
107882,1931,unassigned
107883,1931,unassigned
107884,1936,Immune
107885,1931,unassigned
107886,1931,unassigned
107887,1931,unassigned
107888,1957,Excitatory_Neuron
107889,1941,Astro-Epen
107890,1931,unassigned
107891,1941,Astro-Epen
107892,1931,unassigned
107893,1931,unassigned
107894,1934,Astro-Epen
107895,1931,unassigned
107896,1931,unassigned
107897,1935,Immune
107898,1946,Excitatory_Neuron
107899,1943,Excitatory_Neuron
107900,1961,unassigned
107901,1931,unassigned
107902,1931,unassigned
107903,1931,unassigned
107904,1931,unassigned
107905,1933,Astro-Epen
107906,1931,unassigned
107907,1935,Immune
107908,1950,Immune
107909,1946,Excitatory_Neuron
107910,1938,Astro-Epen
107911,1931,unassigned
107912,1957,Excitatory_Neuron
107913,1931,unassigned
107914,1931,unassigned
107915,1931,unassigned
107916,1931,unassigned
107917,1931,unassigned
107918,1954,Immune
107919,1931,unassigned
107920,1932,Excitatory_Neuron
107921,1931,unassigned
107922,1931,unassigned
107923,1934,Astro-Epen
107924,1934,Astro-Epen
107925,1931,unassigned
107926,1969,Immune
107927,1931,unassigned
107928,1946,Excitatory_Neuron
107929,1946,Excitatory_Neuron
107930,1939,Immune
107931,1957,Excitatory_Neuron
107932,1931,unassigned
107933,1957,Excitatory_Neuron
107934,1931,unassigned
107935,1934,Astro-Epen
107936,1945,Excitatory_Neuron
107937,1934,Astro-Epen
107938,1934,Astro-Epen
107939,1931,unassigned
107940,1946,Excitatory_Neuron
107941,1931,unassigned
107942,1935,Immune
107943,1943,Excitatory_Neuron
107944,1931,unassigned
107945,1960,Astro-Epen
107946,1931,unassigned
107947,1931,unassigned
107948,1961,unassigned
107949,1931,unassigned
107950,1931,unassigned
107951,1931,unassigned
107952,1941,Astro-Epen
107953,1954,Immune
107954,1934,Astro-Epen
107955,1934,Astro-Epen
107956,1931,unassigned
107957,1931,unassigned
107958,1939,Immune
107959,1939,Immune
107960,1931,unassigned
107961,1931,unassigned
107962,1931,unassigned
107963,1931,unassigned
107964,1931,unassigned
107965,1954,Immune
107966,1931,unassigned
107967,1931,unassigned
107968,1931,unassigned
107969,1931,unassigned
107970,1935,Immune
107971,1931,unassigned
107972,1931,unassigned
107973,1931,unassigned
107974,1931,unassigned
107975,1935,Immune
107976,1946,Excitatory_Neuron
107977,1931,unassigned
107978,1946,Excitatory_Neuron
107979,1931,unassigned
107980,1931,unassigned
107981,1931,unassigned
107982,1931,unassigned
107983,1931,unassigned
107984,1933,Astro-Epen
107985,1945,Excitatory_Neuron
107986,1934,Astro-Epen
107987,1934,Astro-Epen
107988,1934,Astro-Epen
107989,1934,Astro-Epen
107990,1969,Immune
107991,1964,Immune
107992,1935,Immune
107993,1931,unassigned
107994,1959,unassigned
107995,1931,unassigned
107996,1960,Astro-Epen
107997,1957,Excitatory_Neuron
107998,1957,Excitatory_Neuron
107999,1931,unassigned
108000,1931,unassigned
108001,1931,unassigned
108002,1931,unassigned
108003,1941,Astro-Epen
108004,1968,GABA_Neuron
108005,1931,unassigned
108006,1931,unassigned
108007,1931,unassigned
108008,1931,unassigned
108009,1931,unassigned
108010,1945,Excitatory_Neuron
108011,1931,unassigned
108012,1934,Astro-Epen
108013,1931,unassigned
108014,1931,unassigned
108015,1935,Immune
108016,1931,unassigned
108017,1946,Excitatory_Neuron
108018,1946,Excitatory_Neuron
108019,1950,Immune
108020,1931,unassigned
108021,1939,Immune
108022,1964,Immune
108023,1931,unassigned
108024,1931,unassigned
108025,1931,unassigned
108026,1931,unassigned
108027,1931,unassigned
108028,1968,GABA_Neuron
108029,1961,unassigned
108030,1931,unassigned
108031,1931,unassigned
108032,1933,Astro-Epen
108033,1931,unassigned
108034,1945,Excitatory_Neuron
108035,1934,Astro-Epen
108036,1931,unassigned
108037,1934,Astro-Epen
108038,1969,Immune
108039,1960,Astro-Epen
108040,1960,Astro-Epen
108041,1960,Astro-Epen
108042,1931,unassigned
108043,1931,unassigned
108044,1931,unassigned
108045,1941,Astro-Epen
108046,1945,Excitatory_Neuron
108047,1931,unassigned
108048,1934,Astro-Epen
108049,1931,unassigned
108050,1950,Immune
108051,1931,unassigned
108052,1969,Immune
108053,1939,Immune
108054,1938,Astro-Epen
108055,1957,Excitatory_Neuron
108056,1931,unassigned
108057,1968,GABA_Neuron
108058,1961,unassigned
108059,1931,unassigned
108060,1941,Astro-Epen
108061,1931,unassigned
108062,1931,unassigned
108063,1935,Immune
108064,1931,unassigned
108065,1960,Astro-Epen
108066,1931,unassigned
108067,1931,unassigned
108068,1954,Immune
108069,1944,Immune
108070,1934,Astro-Epen
108071,1944,Immune
108072,1934,Astro-Epen
108073,1969,Immune
108074,1931,unassigned
108075,1931,unassigned
108076,1939,Immune
108077,1938,Astro-Epen
108078,1938,Astro-Epen
108079,1960,Astro-Epen
108080,1968,GABA_Neuron
108081,1931,unassigned
108082,1931,unassigned
108083,1931,unassigned
108084,1931,unassigned
108085,1931,unassigned
108086,1931,unassigned
108087,1934,Astro-Epen
108088,1931,unassigned
108089,1931,unassigned
108090,1931,unassigned
108091,1935,Immune
108092,1931,unassigned
108093,1931,unassigned
108094,1931,unassigned
108095,1931,unassigned
108096,1969,Immune
108097,1950,Immune
108098,1931,unassigned
108099,1931,unassigned
108100,1931,unassigned
108101,1931,unassigned
108102,1960,Astro-Epen
108103,1957,Excitatory_Neuron
108104,1957,Excitatory_Neuron
108105,1931,unassigned
108106,1931,unassigned
108107,1931,unassigned
108108,1931,unassigned
108109,1933,Astro-Epen
108110,1931,unassigned
108111,1933,Astro-Epen
108112,1934,Astro-Epen
108113,1931,unassigned
108114,1969,Immune
108115,1950,Immune
108116,1969,Immune
108117,1964,Immune
108118,1939,Immune
108119,1931,unassigned
108120,1938,Astro-Epen
108121,1931,unassigned
108122,1938,Astro-Epen
108123,1931,unassigned
108124,1931,unassigned
108125,1931,unassigned
108126,1973,unassigned
108127,1941,Astro-Epen
108128,1931,unassigned
108129,1931,unassigned
108130,1931,unassigned
108131,1934,Astro-Epen
108132,1931,unassigned
108133,1931,unassigned
108134,1931,unassigned
108135,1960,Astro-Epen
108136,1931,unassigned
108137,1931,unassigned
108138,1931,unassigned
108139,1968,GABA_Neuron
108140,1941,Astro-Epen
108141,1931,unassigned
108142,1931,unassigned
108143,1931,unassigned
108144,1931,unassigned
108145,1941,Astro-Epen
108146,1931,unassigned
108147,1931,unassigned
108148,1931,unassigned
108149,1931,unassigned
108150,1934,Astro-Epen
108151,1931,unassigned
108152,1931,unassigned
108153,1946,Excitatory_Neuron
108154,1931,unassigned
108155,1969,Immune
108156,1936,Immune
108157,1964,Immune
108158,1931,unassigned
108159,1957,Excitatory_Neuron
108160,1931,unassigned
108161,1941,Astro-Epen
108162,1931,unassigned
108163,1931,unassigned
108164,1931,unassigned
108165,1931,unassigned
108166,1931,unassigned
108167,1931,unassigned
108168,1945,Excitatory_Neuron
108169,1934,Astro-Epen
108170,1931,unassigned
108171,1931,unassigned
108172,1931,unassigned
108173,1964,Immune
108174,1931,unassigned
108175,1957,Excitatory_Neuron
108176,1931,unassigned
108177,1941,Astro-Epen
108178,1931,unassigned
108179,1931,unassigned
108180,1934,Astro-Epen
108181,1931,unassigned
108182,1951,unassigned
108183,1931,unassigned
108184,1931,unassigned
108185,1946,Excitatory_Neuron
108186,1931,unassigned
108187,1969,Immune
108188,1946,Excitatory_Neuron
108189,1936,Immune
108190,1935,Immune
108191,1931,unassigned
108192,1943,Excitatory_Neuron
108193,1931,unassigned
108194,1960,Astro-Epen
108195,1931,unassigned
108196,1931,unassigned
108197,1968,GABA_Neuron
108198,1931,unassigned
108199,1931,unassigned
108200,1931,unassigned
108201,1931,unassigned
108202,1954,Immune
108203,1931,unassigned
108204,1931,unassigned
108205,1934,Astro-Epen
108206,1948,unassigned
108207,1935,Immune
108208,1934,Astro-Epen
108209,1931,unassigned
108210,1950,Immune
108211,1931,unassigned
108212,1931,unassigned
108213,1960,Astro-Epen
108214,1931,unassigned
108215,1931,unassigned
108216,1931,unassigned
108217,1931,unassigned
108218,1931,unassigned
108219,1931,unassigned
108220,1931,unassigned
108221,1954,Immune
108222,1931,unassigned
108223,1931,unassigned
108224,1931,unassigned
108225,1934,Astro-Epen
108226,1969,Immune
108227,1969,Immune
108228,1931,unassigned
108229,1931,unassigned
108230,1931,unassigned
108231,1931,unassigned
108232,1960,Astro-Epen
108233,1931,unassigned
108234,1931,unassigned
108235,1941,Astro-Epen
108236,1931,unassigned
108237,1941,Astro-Epen
108238,1954,Immune
108239,1931,unassigned
108240,1954,Immune
108241,1951,unassigned
108242,1931,unassigned
108243,1934,Astro-Epen
108244,1934,Astro-Epen
108245,1950,Immune
108246,1969,Immune
108247,1936,Immune
108248,1946,Excitatory_Neuron
108249,1939,Immune
108250,1931,unassigned
108251,1931,unassigned
108252,1931,unassigned
108253,1931,unassigned
108254,1934,Astro-Epen
108255,1934,Astro-Epen
108256,1951,unassigned
108257,1934,Astro-Epen
108258,1931,unassigned
108259,1934,Astro-Epen
108260,1969,Immune
108261,1931,unassigned
108262,1931,unassigned
108263,1931,unassigned
108264,1931,unassigned
108265,1960,Astro-Epen
108266,1931,unassigned
108267,1931,unassigned
108268,1931,unassigned
108269,1954,Immune
108270,1931,unassigned
108271,1941,Astro-Epen
108272,1931,unassigned
108273,1931,unassigned
108274,1951,unassigned
108275,1951,unassigned
108276,1934,Astro-Epen
108277,1931,unassigned
108278,1974,unassigned
108279,1931,unassigned
108280,1950,Immune
108281,1931,unassigned
108282,1931,unassigned
108283,1931,unassigned
108284,1931,unassigned
108285,1960,Astro-Epen
108286,1931,unassigned
108287,1957,Excitatory_Neuron
108288,1957,Excitatory_Neuron
108289,1941,Astro-Epen
108290,1968,GABA_Neuron
108291,1931,unassigned
108292,1941,Astro-Epen
108293,1931,unassigned
108294,1954,Immune
108295,1931,unassigned
108296,1931,unassigned
108297,1945,Excitatory_Neuron
108298,1934,Astro-Epen
108299,1931,unassigned
108300,1931,unassigned
108301,1960,Astro-Epen
108302,1931,unassigned
108303,1957,Excitatory_Neuron
108304,1931,unassigned
108305,1975,unassigned
108306,1931,unassigned
108307,1954,Immune
108308,1931,unassigned
108309,1931,unassigned
108310,1934,Astro-Epen
108311,1931,unassigned
108312,1976,unassigned
108313,1931,unassigned
108314,1964,Immune
108315,1936,Immune
108316,1931,unassigned
108317,1936,Immune
108318,1931,unassigned
108319,1931,unassigned
108320,1931,unassigned
108321,1957,Excitatory_Neuron
108322,1957,Excitatory_Neuron
108323,1931,unassigned
108324,1931,unassigned
108325,1931,unassigned
108326,1931,unassigned
108327,1961,unassigned
108328,1931,unassigned
108329,1941,Astro-Epen
108330,1931,unassigned
108331,1945,Excitatory_Neuron
108332,1934,Astro-Epen
108333,1936,Immune
108334,1931,unassigned
108335,1939,Immune
108336,1931,unassigned
108337,1931,unassigned
108338,1960,Astro-Epen
108339,1931,unassigned
108340,1931,unassigned
108341,1931,unassigned
108342,1931,unassigned
108343,1954,Immune
108344,1954,Immune
108345,1931,unassigned
108346,1934,Astro-Epen
108347,1969,Immune
108348,1935,Immune
108349,1936,Immune
108350,1936,Immune
108351,1931,unassigned
108352,1938,Astro-Epen
108353,1931,unassigned
108354,1931,unassigned
108355,1931,unassigned
108356,1973,unassigned
108357,1973,unassigned
108358,1931,unassigned
108359,1931,unassigned
108360,1931,unassigned
108361,1931,unassigned
108362,1931,unassigned
108363,1931,unassigned
108364,1945,Excitatory_Neuron
108365,1931,unassigned
108366,1934,Astro-Epen
108367,1969,Immune
108368,1969,Immune
108369,1969,Immune
108370,1969,Immune
108371,1964,Immune
108372,1931,unassigned
108373,1931,unassigned
108374,1931,unassigned
108375,1941,Astro-Epen
108376,1931,unassigned
108377,1941,Astro-Epen
108378,1931,unassigned
108379,1931,unassigned
108380,1931,unassigned
108381,1954,Immune
108382,1931,unassigned
108383,1931,unassigned
108384,1931,unassigned
108385,1931,unassigned
108386,1945,Excitatory_Neuron
108387,1931,unassigned
108388,1931,unassigned
108389,1931,unassigned
108390,1931,unassigned
108391,1931,unassigned
108392,1931,unassigned
108393,1931,unassigned
108394,1931,unassigned
108395,1931,unassigned
108396,1931,unassigned
108397,1954,Immune
108398,1931,unassigned
108399,1945,Excitatory_Neuron
108400,1945,Excitatory_Neuron
108401,1934,Astro-Epen
108402,1976,unassigned
108403,1976,unassigned
108404,1936,Immune
108405,1931,unassigned
108406,1931,unassigned
108407,1931,unassigned
108408,1931,unassigned
108409,1931,unassigned
108410,1968,GABA_Neuron
108411,1931,unassigned
108412,1941,Astro-Epen
108413,1931,unassigned
108414,1931,unassigned
108415,1954,Immune
108416,1931,unassigned
108417,1931,unassigned
108418,1972,unassigned
108419,1945,Excitatory_Neuron
108420,1951,unassigned
108421,1931,unassigned
108422,1931,unassigned
108423,1931,unassigned
108424,1931,unassigned
108425,1946,Excitatory_Neuron
108426,1946,Excitatory_Neuron
108427,1931,unassigned
108428,1931,unassigned
108429,1938,Astro-Epen
108430,1960,Astro-Epen
108431,1957,Excitatory_Neuron
108432,1931,unassigned
108433,1973,unassigned
108434,1931,unassigned
108435,1931,unassigned
108436,1941,Astro-Epen
108437,1931,unassigned
108438,1931,unassigned
108439,1931,unassigned
108440,1964,Immune
108441,1936,Immune
108442,1938,Astro-Epen
108443,1931,unassigned
108444,1957,Excitatory_Neuron
108445,1931,unassigned
108446,1931,unassigned
108447,1931,unassigned
108448,1931,unassigned
108449,1931,unassigned
108450,1973,unassigned
108451,1931,unassigned
108452,1931,unassigned
108453,1931,unassigned
108454,1931,unassigned
108455,1931,unassigned
108456,1954,Immune
108457,1931,unassigned
108458,1933,Astro-Epen
108459,1931,unassigned
108460,1931,unassigned
108461,1945,Excitatory_Neuron
108462,1946,Excitatory_Neuron
108463,1931,unassigned
108464,1931,unassigned
108465,1931,unassigned
108466,1957,Excitatory_Neuron
108467,1957,Excitatory_Neuron
108468,1957,Excitatory_Neuron
108469,1931,unassigned
108470,1931,unassigned
108471,1961,unassigned
108472,1931,unassigned
108473,1931,unassigned
108474,1941,Astro-Epen
108475,1931,unassigned
108476,1941,Astro-Epen
108477,1931,unassigned
108478,1934,Astro-Epen
108479,1976,unassigned
108480,1935,Immune
108481,1931,unassigned
108482,1931,unassigned
108483,1931,unassigned
108484,1931,unassigned
108485,1931,unassigned
108486,1931,unassigned
108487,1972,unassigned
108488,1931,unassigned
108489,1934,Astro-Epen
108490,1931,unassigned
108491,1931,unassigned
108492,1969,Immune
108493,1931,unassigned
108494,1931,unassigned
108495,1931,unassigned
108496,1931,unassigned
108497,1931,unassigned
108498,1936,Immune
108499,1931,unassigned
108500,1931,unassigned
108501,1931,unassigned
108502,1931,unassigned
108503,1941,Astro-Epen
108504,1931,unassigned
108505,1931,unassigned
108506,1931,unassigned
108507,1931,unassigned
108508,1931,unassigned
108509,1931,unassigned
108510,1931,unassigned
108511,1934,Astro-Epen
108512,1931,unassigned
108513,1934,Astro-Epen
108514,1935,Immune
108515,1950,Immune
108516,1931,unassigned
108517,1931,unassigned
108518,1938,Astro-Epen
108519,1957,Excitatory_Neuron
108520,1957,Excitatory_Neuron
108521,1931,unassigned
108522,1931,unassigned
108523,1931,unassigned
108524,1931,unassigned
108525,1941,Astro-Epen
108526,1931,unassigned
108527,1954,Immune
108528,1941,Astro-Epen
108529,1931,unassigned
108530,1931,unassigned
108531,1972,unassigned
108532,1931,unassigned
108533,1931,unassigned
108534,1934,Astro-Epen
108535,1931,unassigned
108536,1976,unassigned
108537,1931,unassigned
108538,1964,Immune
108539,1931,unassigned
108540,1931,unassigned
108541,1931,unassigned
108542,1960,Astro-Epen
108543,1960,Astro-Epen
108544,1931,unassigned
108545,1931,unassigned
108546,1931,unassigned
108547,1931,unassigned
108548,1931,unassigned
108549,1941,Astro-Epen
108550,1931,unassigned
108551,1931,unassigned
108552,1931,unassigned
108553,1931,unassigned
108554,1931,unassigned
108555,1931,unassigned
108556,1931,unassigned
108557,1945,Excitatory_Neuron
108558,1934,Astro-Epen
108559,1931,unassigned
108560,1931,unassigned
108561,1934,Astro-Epen
108562,1946,Excitatory_Neuron
108563,1931,unassigned
108564,1974,unassigned
108565,1964,Immune
108566,1936,Immune
108567,1936,Immune
108568,1931,unassigned
108569,1931,unassigned
108570,1931,unassigned
108571,1931,unassigned
108572,1931,unassigned
108573,1931,unassigned
108574,1946,Excitatory_Neuron
108575,1936,Immune
108576,1931,unassigned
108577,1931,unassigned
108578,1939,Immune
108579,1931,unassigned
108580,1931,unassigned
108581,1931,unassigned
108582,1957,Excitatory_Neuron
108583,1931,unassigned
108584,1931,unassigned
108585,1941,Astro-Epen
108586,1954,Immune
108587,1931,unassigned
108588,1931,unassigned
108589,1931,unassigned
108590,1931,unassigned
108591,1954,Immune
108592,1931,unassigned
108593,1972,unassigned
108594,1934,Astro-Epen
108595,1946,Excitatory_Neuron
108596,1931,unassigned
108597,1931,unassigned
108598,1931,unassigned
108599,1931,unassigned
108600,1931,unassigned
108601,1931,unassigned
108602,1960,Astro-Epen
108603,1960,Astro-Epen
108604,1931,unassigned
108605,1957,Excitatory_Neuron
108606,1931,unassigned
108607,1954,Immune
108608,1931,unassigned
108609,1931,unassigned
108610,1931,unassigned
108611,1934,Astro-Epen
108612,1934,Astro-Epen
108613,1934,Astro-Epen
108614,1931,unassigned
108615,1931,unassigned
108616,1969,Immune
108617,1931,unassigned
108618,1931,unassigned
108619,1969,Immune
108620,1931,unassigned
108621,1931,unassigned
108622,1931,unassigned
108623,1943,Excitatory_Neuron
108624,1931,unassigned
108625,1977,unassigned
108626,1931,unassigned
108627,1931,unassigned
108628,1931,unassigned
108629,1931,unassigned
108630,1931,unassigned
108631,1931,unassigned
108632,1931,unassigned
108633,1931,unassigned
108634,1931,unassigned
108635,1931,unassigned
108636,1931,unassigned
108637,1934,Astro-Epen
108638,1969,Immune
108639,1976,unassigned
108640,1946,Excitatory_Neuron
108641,1935,Immune
108642,1931,unassigned
108643,1946,Excitatory_Neuron
108644,1931,unassigned
108645,1946,Excitatory_Neuron
108646,1931,unassigned
108647,1938,Astro-Epen
108648,1931,unassigned
108649,1931,unassigned
108650,1954,Immune
108651,1931,unassigned
108652,1931,unassigned
108653,1931,unassigned
108654,1945,Excitatory_Neuron
108655,1969,Immune
108656,1969,Immune
108657,1931,unassigned
108658,1976,unassigned
108659,1931,unassigned
108660,1931,unassigned
108661,1931,unassigned
108662,1957,Excitatory_Neuron
108663,1931,unassigned
108664,1954,Immune
108665,1934,Astro-Epen
108666,1931,unassigned
108667,1931,unassigned
108668,1931,unassigned
108669,1946,Excitatory_Neuron
108670,1935,Immune
108671,1931,unassigned
108672,1931,unassigned
108673,1931,unassigned
108674,1931,unassigned
108675,1941,Astro-Epen
108676,1954,Immune
108677,1931,unassigned
108678,1931,unassigned
108679,1931,unassigned
108680,1945,Excitatory_Neuron
108681,1931,unassigned
108682,1934,Astro-Epen
108683,1931,unassigned
108684,1935,Immune
108685,1964,Immune
108686,1931,unassigned
108687,1960,Astro-Epen
108688,1931,unassigned
108689,1931,unassigned
108690,1941,Astro-Epen
108691,1931,unassigned
108692,1931,unassigned
108693,1931,unassigned
108694,1931,unassigned
108695,1934,Astro-Epen
108696,1931,unassigned
108697,1931,unassigned
108698,1971,unassigned
108699,1931,unassigned
108700,1931,unassigned
108701,1931,unassigned
108702,1931,unassigned
108703,1969,Immune
108704,1969,Immune
108705,1931,unassigned
108706,1931,unassigned
108707,1978,unassigned
108708,1931,unassigned
108709,1957,Excitatory_Neuron
108710,1957,Excitatory_Neuron
108711,1931,unassigned
108712,1931,unassigned
108713,1931,unassigned
108714,1931,unassigned
108715,1972,unassigned
108716,1954,Immune
108717,1969,Immune
108718,1934,Astro-Epen
108719,1931,unassigned
108720,1935,Immune
108721,1934,Astro-Epen
108722,1969,Immune
108723,1950,Immune
108724,1931,unassigned
108725,1938,Astro-Epen
108726,1931,unassigned
108727,1931,unassigned
108728,1931,unassigned
108729,1931,unassigned
108730,1931,unassigned
108731,1931,unassigned
108732,1934,Astro-Epen
108733,1946,Excitatory_Neuron
108734,1931,unassigned
108735,1935,Immune
108736,1931,unassigned
108737,1960,Astro-Epen
108738,1960,Astro-Epen
108739,1931,unassigned
108740,1957,Excitatory_Neuron
108741,1931,unassigned
108742,1931,unassigned
108743,1961,unassigned
108744,1961,unassigned
108745,1954,Immune
108746,1931,unassigned
108747,1931,unassigned
108748,1934,Astro-Epen
108749,1934,Astro-Epen
108750,1931,unassigned
108751,1931,unassigned
108752,1931,unassigned
108753,1974,unassigned
108754,1946,Excitatory_Neuron
108755,1931,unassigned
108756,1931,unassigned
108757,1931,unassigned
108758,1938,Astro-Epen
108759,1931,unassigned
108760,1931,unassigned
108761,1931,unassigned
108762,1931,unassigned
108763,1931,unassigned
108764,1973,unassigned
108765,1941,Astro-Epen
108766,1931,unassigned
108767,1951,unassigned
108768,1934,Astro-Epen
108769,1934,Astro-Epen
108770,1934,Astro-Epen
108771,1931,unassigned
108772,1969,Immune
108773,1934,Astro-Epen
108774,1946,Excitatory_Neuron
108775,1969,Immune
108776,1931,unassigned
108777,1931,unassigned
108778,1960,Astro-Epen
108779,1931,unassigned
108780,1931,unassigned
108781,1931,unassigned
108782,1931,unassigned
108783,1931,unassigned
108784,1973,unassigned
108785,1973,unassigned
108786,1941,Astro-Epen
108787,1941,Astro-Epen
108788,1931,unassigned
108789,1931,unassigned
108790,1931,unassigned
108791,1931,unassigned
108792,1931,unassigned
108793,1931,unassigned
108794,1964,Immune
108795,1939,Immune
108796,1960,Astro-Epen
108797,1931,unassigned
108798,1931,unassigned
108799,1954,Immune
108800,1931,unassigned
108801,1931,unassigned
108802,1931,unassigned
108803,1969,Immune
108804,1934,Astro-Epen
108805,1969,Immune
108806,1935,Immune
108807,1931,unassigned
108808,1969,Immune
108809,1931,unassigned
108810,1931,unassigned
108811,1931,unassigned
108812,1931,unassigned
108813,1931,unassigned
108814,1957,Excitatory_Neuron
108815,1931,unassigned
108816,1957,Excitatory_Neuron
108817,1931,unassigned
108818,1968,GABA_Neuron
108819,1954,Immune
108820,1931,unassigned
108821,1979,unassigned
108822,1931,unassigned
108823,1931,unassigned
108824,1945,Excitatory_Neuron
108825,1931,unassigned
108826,1935,Immune
108827,1931,unassigned
108828,1935,Immune
108829,1931,unassigned
108830,1938,Astro-Epen
108831,1931,unassigned
108832,1931,unassigned
108833,1931,unassigned
108834,1931,unassigned
108835,1931,unassigned
108836,1931,unassigned
108837,1954,Immune
108838,1931,unassigned
108839,1931,unassigned
108840,1931,unassigned
108841,1934,Astro-Epen
108842,1969,Immune
108843,1946,Excitatory_Neuron
108844,1931,unassigned
108845,1931,unassigned
108846,1957,Excitatory_Neuron
108847,1931,unassigned
108848,1931,unassigned
108849,1931,unassigned
108850,1931,unassigned
108851,1931,unassigned
108852,1931,unassigned
108853,1954,Immune
108854,1931,unassigned
108855,1931,unassigned
108856,1931,unassigned
108857,1980,unassigned
108858,1931,unassigned
108859,1931,unassigned
108860,1969,Immune
108861,1931,unassigned
108862,1931,unassigned
108863,1931,unassigned
108864,1964,Immune
108865,1938,Astro-Epen
108866,1931,unassigned
108867,1931,unassigned
108868,1977,unassigned
108869,1931,unassigned
108870,1931,unassigned
108871,1931,unassigned
108872,1931,unassigned
108873,1973,unassigned
108874,1931,unassigned
108875,1954,Immune
108876,1931,unassigned
108877,1931,unassigned
108878,1933,Astro-Epen
108879,1979,unassigned
108880,1964,Immune
108881,1931,unassigned
108882,1931,unassigned
108883,1931,unassigned
108884,1957,Excitatory_Neuron
108885,1957,Excitatory_Neuron
108886,1931,unassigned
108887,1931,unassigned
108888,1931,unassigned
108889,1981,Vascular
108890,1931,unassigned
108891,1941,Astro-Epen
108892,1954,Immune
108893,1954,Immune
108894,1951,unassigned
108895,1931,unassigned
108896,1931,unassigned
108897,1977,unassigned
108898,1977,unassigned
108899,1957,Excitatory_Neuron
108900,1931,unassigned
108901,1931,unassigned
108902,1968,GABA_Neuron
108903,1941,Astro-Epen
108904,1941,Astro-Epen
108905,1941,Astro-Epen
108906,1954,Immune
108907,1931,unassigned
108908,1931,unassigned
108909,1980,unassigned
108910,1951,unassigned
108911,1945,Excitatory_Neuron
108912,1934,Astro-Epen
108913,1950,Immune
108914,1931,unassigned
108915,1931,unassigned
108916,1938,Astro-Epen
108917,1938,Astro-Epen
108918,1931,unassigned
108919,1931,unassigned
108920,1931,unassigned
108921,1931,unassigned
108922,1931,unassigned
108923,1941,Astro-Epen
108924,1941,Astro-Epen
108925,1954,Immune
108926,1931,unassigned
108927,1931,unassigned
108928,1931,unassigned
108929,1934,Astro-Epen
108930,1931,unassigned
108931,1969,Immune
108932,1931,unassigned
108933,1931,unassigned
108934,1960,Astro-Epen
108935,1960,Astro-Epen
108936,1960,Astro-Epen
108937,1931,unassigned
108938,1957,Excitatory_Neuron
108939,1931,unassigned
108940,1931,unassigned
108941,1931,unassigned
108942,1941,Astro-Epen
108943,1968,GABA_Neuron
108944,1968,GABA_Neuron
108945,1954,Immune
108946,1931,unassigned
108947,1931,unassigned
108948,1979,unassigned
108949,1934,Astro-Epen
108950,1931,unassigned
108951,1945,Excitatory_Neuron
108952,1945,Excitatory_Neuron
108953,1934,Astro-Epen
108954,1976,unassigned
108955,1974,unassigned
108956,1931,unassigned
108957,1938,Astro-Epen
108958,1931,unassigned
108959,1931,unassigned
108960,1931,unassigned
108961,1931,unassigned
108962,1941,Astro-Epen
108963,1931,unassigned
108964,1931,unassigned
108965,1931,unassigned
108966,1931,unassigned
108967,1933,Astro-Epen
108968,1945,Excitatory_Neuron
108969,1933,Astro-Epen
108970,1931,unassigned
108971,1936,Immune
108972,1931,unassigned
108973,1931,unassigned
108974,1931,unassigned
108975,1931,unassigned
108976,1931,unassigned
108977,1941,Astro-Epen
108978,1931,unassigned
108979,1933,Astro-Epen
108980,1980,unassigned
108981,1931,unassigned
108982,1931,unassigned
108983,1976,unassigned
108984,1931,unassigned
108985,1931,unassigned
108986,1931,unassigned
108987,1960,Astro-Epen
108988,1957,Excitatory_Neuron
108989,1973,unassigned
108990,1931,unassigned
108991,1931,unassigned
108992,1931,unassigned
108993,1931,unassigned
108994,1931,unassigned
108995,1933,Astro-Epen
108996,1933,Astro-Epen
108997,1945,Excitatory_Neuron
108998,1931,unassigned
108999,1976,unassigned
109000,1931,unassigned
109001,1960,Astro-Epen
109002,1931,unassigned
109003,1957,Excitatory_Neuron
109004,1931,unassigned
109005,1931,unassigned
109006,1931,unassigned
109007,1931,unassigned
109008,1954,Immune
109009,1931,unassigned
109010,1931,unassigned
109011,1931,unassigned
109012,1935,Immune
109013,1931,unassigned
109014,1931,unassigned
109015,1931,unassigned
109016,1931,unassigned
109017,1938,Astro-Epen
109018,1960,Astro-Epen
109019,1931,unassigned
109020,1973,unassigned
109021,1981,Vascular
109022,1981,Vascular
109023,1931,unassigned
109024,1973,unassigned
109025,1931,unassigned
109026,1931,unassigned
109027,1954,Immune
109028,1931,unassigned
109029,1931,unassigned
109030,1931,unassigned
109031,1954,Immune
109032,1934,Astro-Epen
109033,1931,unassigned
109034,1964,Immune
109035,1931,unassigned
109036,1960,Astro-Epen
109037,1931,unassigned
109038,1931,unassigned
109039,1931,unassigned
109040,1931,unassigned
109041,1931,unassigned
109042,1941,Astro-Epen
109043,1972,unassigned
109044,1931,unassigned
109045,1931,unassigned
109046,1934,Astro-Epen
109047,1931,unassigned
109048,1931,unassigned
109049,1931,unassigned
109050,1934,Astro-Epen
109051,1931,unassigned
109052,1935,Immune
109053,1976,unassigned
109054,1964,Immune
109055,1931,unassigned
109056,1964,Immune
109057,1931,unassigned
109058,1957,Excitatory_Neuron
109059,1931,unassigned
109060,1957,Excitatory_Neuron
109061,1931,unassigned
109062,1931,unassigned
109063,1931,unassigned
109064,1941,Astro-Epen
109065,1968,GABA_Neuron
109066,1931,unassigned
109067,1954,Immune
109068,1954,Immune
109069,1931,unassigned
109070,1954,Immune
109071,1931,unassigned
109072,1954,Immune
109073,1979,unassigned
109074,1933,Astro-Epen
109075,1931,unassigned
109076,1945,Excitatory_Neuron
109077,1931,unassigned
109078,1934,Astro-Epen
109079,1950,Immune
109080,1931,unassigned
109081,1931,unassigned
109082,1939,Immune
109083,1931,unassigned
109084,1931,unassigned
109085,1931,unassigned
109086,1931,unassigned
109087,1960,Astro-Epen
109088,1960,Astro-Epen
109089,1931,unassigned
109090,1931,unassigned
109091,1941,Astro-Epen
109092,1931,unassigned
109093,1980,unassigned
109094,1931,unassigned
109095,1934,Astro-Epen
109096,1931,unassigned
109097,1931,unassigned
109098,1931,unassigned
109099,1931,unassigned
109100,1931,unassigned
109101,1931,unassigned
109102,1957,Excitatory_Neuron
109103,1931,unassigned
109104,1931,unassigned
109105,1931,unassigned
109106,1931,unassigned
109107,1941,Astro-Epen
109108,1941,Astro-Epen
109109,1931,unassigned
109110,1931,unassigned
109111,1934,Astro-Epen
109112,1931,unassigned
109113,1931,unassigned
109114,1931,unassigned
109115,1969,Immune
109116,1935,Immune
109117,1931,unassigned
109118,1931,unassigned
109119,1978,unassigned
109120,1931,unassigned
109121,1931,unassigned
109122,1931,unassigned
109123,1945,Excitatory_Neuron
109124,1931,unassigned
109125,1931,unassigned
109126,1931,unassigned
109127,1934,Astro-Epen
109128,1969,Immune
109129,1969,Immune
109130,1931,unassigned
109131,1931,unassigned
109132,1931,unassigned
109133,1931,unassigned
109134,1931,unassigned
109135,1931,unassigned
109136,1931,unassigned
109137,1957,Excitatory_Neuron
109138,1931,unassigned
109139,1973,unassigned
109140,1973,unassigned
109141,1931,unassigned
109142,1931,unassigned
109143,1931,unassigned
109144,1931,unassigned
109145,1931,unassigned
109146,1972,unassigned
109147,1982,unassigned
109148,1934,Astro-Epen
109149,1934,Astro-Epen
109150,1969,Immune
109151,1931,unassigned
109152,1931,unassigned
109153,1957,Excitatory_Neuron
109154,1931,unassigned
109155,1931,unassigned
109156,1973,unassigned
109157,1981,Vascular
109158,1941,Astro-Epen
109159,1941,Astro-Epen
109160,1941,Astro-Epen
109161,1931,unassigned
109162,1934,Astro-Epen
109163,1982,unassigned
109164,1931,unassigned
109165,1964,Immune
109166,1931,unassigned
109167,1931,unassigned
109168,1931,unassigned
109169,1931,unassigned
109170,1960,Astro-Epen
109171,1957,Excitatory_Neuron
109172,1931,unassigned
109173,1931,unassigned
109174,1968,GABA_Neuron
109175,1931,unassigned
109176,1981,Vascular
109177,1941,Astro-Epen
109178,1931,unassigned
109179,1941,Astro-Epen
109180,1945,Excitatory_Neuron
109181,1980,unassigned
109182,1931,unassigned
109183,1945,Excitatory_Neuron
109184,1976,unassigned
109185,1964,Immune
109186,1931,unassigned
109187,1931,unassigned
109188,1931,unassigned
109189,1931,unassigned
109190,1931,unassigned
109191,1960,Astro-Epen
109192,1960,Astro-Epen
109193,1977,unassigned
109194,1931,unassigned
109195,1968,GABA_Neuron
109196,1931,unassigned
109197,1931,unassigned
109198,1931,unassigned
109199,1980,unassigned
109200,1931,unassigned
109201,1969,Immune
109202,1934,Astro-Epen
109203,1931,unassigned
109204,1931,unassigned
109205,1931,unassigned
109206,1971,unassigned
109207,1931,unassigned
109208,1931,unassigned
109209,1973,unassigned
109210,1931,unassigned
109211,1954,Immune
109212,1933,Astro-Epen
109213,1934,Astro-Epen
109214,1931,unassigned
109215,1931,unassigned
109216,1931,unassigned
109217,1976,unassigned
109218,1931,unassigned
109219,1969,Immune
109220,1931,unassigned
109221,1931,unassigned
109222,1931,unassigned
109223,1931,unassigned
109224,1960,Astro-Epen
109225,1960,Astro-Epen
109226,1931,unassigned
109227,1957,Excitatory_Neuron
109228,1957,Excitatory_Neuron
109229,1931,unassigned
109230,1931,unassigned
109231,1931,unassigned
109232,1954,Immune
109233,1931,unassigned
109234,1931,unassigned
109235,1969,Immune
109236,1946,Excitatory_Neuron
109237,1964,Immune
109238,1946,Excitatory_Neuron
109239,1960,Astro-Epen
109240,1960,Astro-Epen
109241,1960,Astro-Epen
109242,1931,unassigned
109243,1968,GABA_Neuron
109244,1931,unassigned
109245,1931,unassigned
109246,1931,unassigned
109247,1931,unassigned
109248,1931,unassigned
109249,1979,unassigned
109250,1934,Astro-Epen
109251,1931,unassigned
109252,1969,Immune
109253,1946,Excitatory_Neuron
109254,1931,unassigned
109255,1931,unassigned
109256,1931,unassigned
109257,1971,unassigned
109258,1931,unassigned
109259,1931,unassigned
109260,1931,unassigned
109261,1931,unassigned
109262,1981,Vascular
109263,1931,unassigned
109264,1941,Astro-Epen
109265,1931,unassigned
109266,1931,unassigned
109267,1931,unassigned
109268,1931,unassigned
109269,1931,unassigned
109270,1954,Immune
109271,1954,Immune
109272,1931,unassigned
109273,1945,Excitatory_Neuron
109274,1934,Astro-Epen
109275,1934,Astro-Epen
109276,1931,unassigned
109277,1931,unassigned
109278,1946,Excitatory_Neuron
109279,1964,Immune
109280,1931,unassigned
109281,1960,Astro-Epen
109282,1971,unassigned
109283,1931,unassigned
109284,1968,GABA_Neuron
109285,1931,unassigned
109286,1981,Vascular
109287,1981,Vascular
109288,1981,Vascular
109289,1931,unassigned
109290,1931,unassigned
109291,1933,Astro-Epen
109292,1931,unassigned
109293,1979,unassigned
109294,1931,unassigned
109295,1931,unassigned
109296,1931,unassigned
109297,1931,unassigned
109298,1969,Immune
109299,1946,Excitatory_Neuron
109300,1931,unassigned
109301,1946,Excitatory_Neuron
109302,1931,unassigned
109303,1931,unassigned
109304,1957,Excitatory_Neuron
109305,1931,unassigned
109306,1931,unassigned
109307,1934,Astro-Epen
109308,1931,unassigned
109309,1934,Astro-Epen
109310,1976,unassigned
109311,1931,unassigned
109312,1960,Astro-Epen
109313,1957,Excitatory_Neuron
109314,1957,Excitatory_Neuron
109315,1931,unassigned
109316,1931,unassigned
109317,1931,unassigned
109318,1931,unassigned
109319,1931,unassigned
109320,1931,unassigned
109321,1934,Astro-Epen
109322,1969,Immune
109323,1934,Astro-Epen
109324,1931,unassigned
109325,1931,unassigned
109326,1931,unassigned
109327,1960,Astro-Epen
109328,1931,unassigned
109329,1957,Excitatory_Neuron
109330,1931,unassigned
109331,1931,unassigned
109332,1954,Immune
109333,1954,Immune
109334,1941,Astro-Epen
109335,1931,unassigned
109336,1954,Immune
109337,1954,Immune
109338,1931,unassigned
109339,1931,unassigned
109340,1980,unassigned
109341,1934,Astro-Epen
109342,1931,unassigned
109343,1931,unassigned
109344,1969,Immune
109345,1931,unassigned
109346,1946,Excitatory_Neuron
109347,1931,unassigned
109348,1931,unassigned
109349,1931,unassigned
109350,1931,unassigned
109351,1957,Excitatory_Neuron
109352,1981,Vascular
109353,1931,unassigned
109354,1931,unassigned
109355,1931,unassigned
109356,1945,Excitatory_Neuron
109357,1931,unassigned
109358,1969,Immune
109359,1969,Immune
109360,1957,Excitatory_Neuron
109361,1931,unassigned
109362,1973,unassigned
109363,1931,unassigned
109364,1931,unassigned
109365,1954,Immune
109366,1931,unassigned
109367,1931,unassigned
109368,1931,unassigned
109369,1972,unassigned
109370,1931,unassigned
109371,1934,Astro-Epen
109372,1931,unassigned
109373,1931,unassigned
109374,1934,Astro-Epen
109375,1931,unassigned
109376,1969,Immune
109377,1931,unassigned
109378,1946,Excitatory_Neuron
109379,1946,Excitatory_Neuron
109380,1931,unassigned
109381,1931,unassigned
109382,1968,GABA_Neuron
109383,1931,unassigned
109384,1931,unassigned
109385,1931,unassigned
109386,1972,unassigned
109387,1934,Astro-Epen
109388,1945,Excitatory_Neuron
109389,1934,Astro-Epen
109390,1931,unassigned
109391,1934,Astro-Epen
109392,1931,unassigned
109393,1976,unassigned
109394,1931,unassigned
109395,1931,unassigned
109396,1931,unassigned
109397,1931,unassigned
109398,1931,unassigned
109399,1931,unassigned
109400,1957,Excitatory_Neuron
109401,1931,unassigned
109402,1941,Astro-Epen
109403,1931,unassigned
109404,1931,unassigned
109405,1934,Astro-Epen
109406,1945,Excitatory_Neuron
109407,1931,unassigned
109408,1931,unassigned
109409,1982,unassigned
109410,1934,Astro-Epen
109411,1969,Immune
109412,1931,unassigned
109413,1976,unassigned
109414,1964,Immune
109415,1946,Excitatory_Neuron
109416,1931,unassigned
109417,1931,unassigned
109418,1931,unassigned
109419,1931,unassigned
109420,1938,Astro-Epen
109421,1931,unassigned
109422,1931,unassigned
109423,1931,unassigned
109424,1954,Immune
109425,1979,unassigned
109426,1980,unassigned
109427,1934,Astro-Epen
109428,1945,Excitatory_Neuron
109429,1980,unassigned
109430,1931,unassigned
109431,1945,Excitatory_Neuron
109432,1945,Excitatory_Neuron
109433,1934,Astro-Epen
109434,1934,Astro-Epen
109435,1945,Excitatory_Neuron
109436,1969,Immune
109437,1931,unassigned
109438,1976,unassigned
109439,1964,Immune
109440,1931,unassigned
109441,1938,Astro-Epen
109442,1931,unassigned
109443,1931,unassigned
109444,1957,Excitatory_Neuron
109445,1931,unassigned
109446,1931,unassigned
109447,1931,unassigned
109448,1931,unassigned
109449,1931,unassigned
109450,1954,Immune
109451,1931,unassigned
109452,1972,unassigned
109453,1945,Excitatory_Neuron
109454,1945,Excitatory_Neuron
109455,1931,unassigned
109456,1934,Astro-Epen
109457,1946,Excitatory_Neuron
109458,1931,unassigned
109459,1931,unassigned
109460,1931,unassigned
109461,1931,unassigned
109462,1938,Astro-Epen
109463,1931,unassigned
109464,1931,unassigned
109465,1931,unassigned
109466,1931,unassigned
109467,1931,unassigned
109468,1931,unassigned
109469,1931,unassigned
109470,1931,unassigned
109471,1981,Vascular
109472,1954,Immune
109473,1931,unassigned
109474,1954,Immune
109475,1983,unassigned
109476,1931,unassigned
109477,1934,Astro-Epen
109478,1934,Astro-Epen
109479,1934,Astro-Epen
109480,1946,Excitatory_Neuron
109481,1931,unassigned
109482,1931,unassigned
109483,1931,unassigned
109484,1931,unassigned
109485,1960,Astro-Epen
109486,1960,Astro-Epen
109487,1931,unassigned
109488,1931,unassigned
109489,1931,unassigned
109490,1931,unassigned
109491,1931,unassigned
109492,1945,Excitatory_Neuron
109493,1945,Excitatory_Neuron
109494,1931,unassigned
109495,1982,unassigned
109496,1969,Immune
109497,1934,Astro-Epen
109498,1969,Immune
109499,1931,unassigned
109500,1931,unassigned
109501,1931,unassigned
109502,1931,unassigned
109503,1964,Immune
109504,1931,unassigned
109505,1931,unassigned
109506,1938,Astro-Epen
109507,1931,unassigned
109508,1931,unassigned
109509,1960,Astro-Epen
109510,1931,unassigned
109511,1931,unassigned
109512,1931,unassigned
109513,1931,unassigned
109514,1931,unassigned
109515,1931,unassigned
109516,1931,unassigned
109517,1931,unassigned
109518,1931,unassigned
109519,1931,unassigned
109520,1931,unassigned
109521,1934,Astro-Epen
109522,1931,unassigned
109523,1931,unassigned
109524,1931,unassigned
109525,1931,unassigned
109526,1946,Excitatory_Neuron
109527,1946,Excitatory_Neuron
109528,1931,unassigned
109529,1946,Excitatory_Neuron
109530,1964,Immune
109531,1931,unassigned
109532,1938,Astro-Epen
109533,1931,unassigned
109534,1931,unassigned
109535,1931,unassigned
109536,1960,Astro-Epen
109537,1931,unassigned
109538,1960,Astro-Epen
109539,1957,Excitatory_Neuron
109540,1931,unassigned
109541,1931,unassigned
109542,1931,unassigned
109543,1931,unassigned
109544,1972,unassigned
109545,1931,unassigned
109546,1983,unassigned
109547,1931,unassigned
109548,1931,unassigned
109549,1931,unassigned
109550,1934,Astro-Epen
109551,1931,unassigned
109552,1931,unassigned
109553,1931,unassigned
109554,1931,unassigned
109555,1931,unassigned
109556,1957,Excitatory_Neuron
109557,1957,Excitatory_Neuron
109558,1931,unassigned
109559,1931,unassigned
109560,1931,unassigned
109561,1954,Immune
109562,1931,unassigned
109563,1931,unassigned
109564,1954,Immune
109565,1931,unassigned
109566,1934,Astro-Epen
109567,1931,unassigned
109568,1931,unassigned
109569,1931,unassigned
109570,1934,Astro-Epen
109571,1931,unassigned
109572,1946,Excitatory_Neuron
109573,1931,unassigned
109574,1931,unassigned
109575,1964,Immune
109576,1931,unassigned
109577,1931,unassigned
109578,1977,unassigned
109579,1968,GABA_Neuron
109580,1981,Vascular
109581,1973,unassigned
109582,1968,GABA_Neuron
109583,1931,unassigned
109584,1941,Astro-Epen
109585,1931,unassigned
109586,1931,unassigned
109587,1931,unassigned
109588,1934,Astro-Epen
109589,1945,Excitatory_Neuron
109590,1931,unassigned
109591,1931,unassigned
109592,1969,Immune
109593,1969,Immune
109594,1931,unassigned
109595,1974,unassigned
109596,1931,unassigned
109597,1984,unassigned
109598,1931,unassigned
109599,1931,unassigned
109600,1931,unassigned
109601,1931,unassigned
109602,1957,Excitatory_Neuron
109603,1957,Excitatory_Neuron
109604,1968,GABA_Neuron
109605,1931,unassigned
109606,1954,Immune
109607,1931,unassigned
109608,1931,unassigned
109609,1931,unassigned
109610,1931,unassigned
109611,1934,Astro-Epen
109612,1945,Excitatory_Neuron
109613,1931,unassigned
109614,1934,Astro-Epen
109615,1969,Immune
109616,1931,unassigned
109617,1931,unassigned
109618,1931,unassigned
109619,1931,unassigned
109620,1931,unassigned
109621,1931,unassigned
109622,1977,unassigned
109623,1931,unassigned
109624,1931,unassigned
109625,1931,unassigned
109626,1973,unassigned
109627,1968,GABA_Neuron
109628,1941,Astro-Epen
109629,1931,unassigned
109630,1954,Immune
109631,1931,unassigned
109632,1931,unassigned
109633,1945,Excitatory_Neuron
109634,1979,unassigned
109635,1945,Excitatory_Neuron
109636,1931,unassigned
109637,1931,unassigned
109638,1934,Astro-Epen
109639,1931,unassigned
109640,1969,Immune
109641,1935,Immune
109642,1931,unassigned
109643,1931,unassigned
109644,1931,unassigned
109645,1931,unassigned
109646,1931,unassigned
109647,1960,Astro-Epen
109648,1931,unassigned
109649,1957,Excitatory_Neuron
109650,1957,Excitatory_Neuron
109651,1931,unassigned
109652,1931,unassigned
109653,1931,unassigned
109654,1931,unassigned
109655,1945,Excitatory_Neuron
109656,1931,unassigned
109657,1934,Astro-Epen
109658,1945,Excitatory_Neuron
109659,1969,Immune
109660,1931,unassigned
109661,1931,unassigned
109662,1935,Immune
109663,1938,Astro-Epen
109664,1931,unassigned
109665,1931,unassigned
109666,1960,Astro-Epen
109667,1931,unassigned
109668,1931,unassigned
109669,1981,Vascular
109670,1931,unassigned
109671,1981,Vascular
109672,1931,unassigned
109673,1931,unassigned
109674,1941,Astro-Epen
109675,1973,unassigned
109676,1941,Astro-Epen
109677,1931,unassigned
109678,1945,Excitatory_Neuron
109679,1980,unassigned
109680,1979,unassigned
109681,1976,unassigned
109682,1931,unassigned
109683,1931,unassigned
109684,1931,unassigned
109685,1978,unassigned
109686,1931,unassigned
109687,1931,unassigned
109688,1957,Excitatory_Neuron
109689,1931,unassigned
109690,1941,Astro-Epen
109691,1941,Astro-Epen
109692,1954,Immune
109693,1931,unassigned
109694,1979,unassigned
109695,1972,unassigned
109696,1945,Excitatory_Neuron
109697,1982,unassigned
109698,1934,Astro-Epen
109699,1974,unassigned
109700,1931,unassigned
109701,1931,unassigned
109702,1957,Excitatory_Neuron
109703,1931,unassigned
109704,1931,unassigned
109705,1931,unassigned
109706,1968,GABA_Neuron
109707,1931,unassigned
109708,1985,unassigned
109709,1954,Immune
109710,1931,unassigned
109711,1972,unassigned
109712,1972,unassigned
109713,1972,unassigned
109714,1931,unassigned
109715,1931,unassigned
109716,1969,Immune
109717,1931,unassigned
109718,1935,Immune
109719,1931,unassigned
109720,1931,unassigned
109721,1931,unassigned
109722,1938,Astro-Epen
109723,1931,unassigned
109724,1931,unassigned
109725,1931,unassigned
109726,1931,unassigned
109727,1931,unassigned
109728,1931,unassigned
109729,1931,unassigned
109730,1981,Vascular
109731,1931,unassigned
109732,1931,unassigned
109733,1973,unassigned
109734,1931,unassigned
109735,1931,unassigned
109736,1931,unassigned
109737,1931,unassigned
109738,1931,unassigned
109739,1931,unassigned
109740,1945,Excitatory_Neuron
109741,1945,Excitatory_Neuron
109742,1931,unassigned
109743,1931,unassigned
109744,1931,unassigned
109745,1931,unassigned
109746,1960,Astro-Epen
109747,1960,Astro-Epen
109748,1931,unassigned
109749,1931,unassigned
109750,1931,unassigned
109751,1973,unassigned
109752,1931,unassigned
109753,1973,unassigned
109754,1931,unassigned
109755,1931,unassigned
109756,1979,unassigned
109757,1931,unassigned
109758,1934,Astro-Epen
109759,1931,unassigned
109760,1931,unassigned
109761,1931,unassigned
109762,1938,Astro-Epen
109763,1931,unassigned
109764,1931,unassigned
109765,1931,unassigned
109766,1931,unassigned
109767,1941,Astro-Epen
109768,1931,unassigned
109769,1931,unassigned
109770,1931,unassigned
109771,1931,unassigned
109772,1982,unassigned
109773,1945,Excitatory_Neuron
109774,1974,unassigned
109775,1969,Immune
109776,1976,unassigned
109777,1931,unassigned
109778,1931,unassigned
109779,1986,unassigned
109780,1931,unassigned
109781,1931,unassigned
109782,1931,unassigned
109783,1931,unassigned
109784,1979,unassigned
109785,1934,Astro-Epen
109786,1931,unassigned
109787,1931,unassigned
109788,1931,unassigned
109789,1931,unassigned
109790,1934,Astro-Epen
109791,1934,Astro-Epen
109792,1931,unassigned
109793,1931,unassigned
109794,1946,Excitatory_Neuron
109795,1931,unassigned
109796,1931,unassigned
109797,1964,Immune
109798,1931,unassigned
109799,1931,unassigned
109800,1931,unassigned
109801,1960,Astro-Epen
109802,1960,Astro-Epen
109803,1931,unassigned
109804,1981,Vascular
109805,1973,unassigned
109806,1954,Immune
109807,1931,unassigned
109808,1931,unassigned
109809,1933,Astro-Epen
109810,1934,Astro-Epen
109811,1931,unassigned
109812,1934,Astro-Epen
109813,1969,Immune
109814,1931,unassigned
109815,1931,unassigned
109816,1946,Excitatory_Neuron
109817,1976,unassigned
109818,1946,Excitatory_Neuron
109819,1931,unassigned
109820,1931,unassigned
109821,1960,Astro-Epen
109822,1931,unassigned
109823,1931,unassigned
109824,1931,unassigned
109825,1931,unassigned
109826,1981,Vascular
109827,1931,unassigned
109828,1941,Astro-Epen
109829,1931,unassigned
109830,1931,unassigned
109831,1934,Astro-Epen
109832,1931,unassigned
109833,1945,Excitatory_Neuron
109834,1931,unassigned
109835,1931,unassigned
109836,1935,Immune
109837,1931,unassigned
109838,1931,unassigned
109839,1931,unassigned
109840,1931,unassigned
109841,1957,Excitatory_Neuron
109842,1931,unassigned
109843,1957,Excitatory_Neuron
109844,1941,Astro-Epen
109845,1931,unassigned
109846,1931,unassigned
109847,1931,unassigned
109848,1931,unassigned
109849,1933,Astro-Epen
109850,1934,Astro-Epen
109851,1934,Astro-Epen
109852,1931,unassigned
109853,1969,Immune
109854,1931,unassigned
109855,1969,Immune
109856,1931,unassigned
109857,1935,Immune
109858,1931,unassigned
109859,1946,Excitatory_Neuron
109860,1964,Immune
109861,1931,unassigned
109862,1931,unassigned
109863,1931,unassigned
109864,1931,unassigned
109865,1931,unassigned
109866,1960,Astro-Epen
109867,1931,unassigned
109868,1981,Vascular
109869,1931,unassigned
109870,1941,Astro-Epen
109871,1931,unassigned
109872,1934,Astro-Epen
109873,1964,Immune
109874,1931,unassigned
109875,1938,Astro-Epen
109876,1960,Astro-Epen
109877,1957,Excitatory_Neuron
109878,1931,unassigned
109879,1931,unassigned
109880,1931,unassigned
109881,1954,Immune
109882,1931,unassigned
109883,1931,unassigned
109884,1931,unassigned
109885,1931,unassigned
109886,1931,unassigned
109887,1931,unassigned
109888,1978,unassigned
109889,1931,unassigned
109890,1941,Astro-Epen
109891,1931,unassigned
109892,1931,unassigned
109893,1931,unassigned
109894,1972,unassigned
109895,1972,unassigned
109896,1931,unassigned
109897,1945,Excitatory_Neuron
109898,1931,unassigned
109899,1945,Excitatory_Neuron
109900,1969,Immune
109901,1931,unassigned
109902,1969,Immune
109903,1931,unassigned
109904,1931,unassigned
109905,1931,unassigned
109906,1931,unassigned
109907,1938,Astro-Epen
109908,1957,Excitatory_Neuron
109909,1931,unassigned
109910,1931,unassigned
109911,1931,unassigned
109912,1981,Vascular
109913,1941,Astro-Epen
109914,1931,unassigned
109915,1931,unassigned
109916,1931,unassigned
109917,1979,unassigned
109918,1931,unassigned
109919,1946,Excitatory_Neuron
109920,1938,Astro-Epen
109921,1931,unassigned
109922,1931,unassigned
109923,1931,unassigned
109924,1954,Immune
109925,1931,unassigned
109926,1934,Astro-Epen
109927,1931,unassigned
109928,1931,unassigned
109929,1946,Excitatory_Neuron
109930,1931,unassigned
109931,1931,unassigned
109932,1931,unassigned
109933,1941,Astro-Epen
109934,1931,unassigned
109935,1931,unassigned
109936,1931,unassigned
109937,1931,unassigned
109938,1931,unassigned
109939,1987,unassigned
109940,1931,unassigned
109941,1983,unassigned
109942,1931,unassigned
109943,1931,unassigned
109944,1934,Astro-Epen
109945,1931,unassigned
109946,1931,unassigned
109947,1986,unassigned
109948,1931,unassigned
109949,1931,unassigned
109950,1968,GABA_Neuron
109951,1931,unassigned
109952,1931,unassigned
109953,1931,unassigned
109954,1931,unassigned
109955,1979,unassigned
109956,1979,unassigned
109957,1931,unassigned
109958,1931,unassigned
109959,1934,Astro-Epen
109960,1934,Astro-Epen
109961,1931,unassigned
109962,1935,Immune
109963,1969,Immune
109964,1931,unassigned
109965,1931,unassigned
109966,1931,unassigned
109967,1931,unassigned
109968,1957,Excitatory_Neuron
109969,1968,GABA_Neuron
109970,1931,unassigned
109971,1981,Vascular
109972,1931,unassigned
109973,1941,Astro-Epen
109974,1931,unassigned
109975,1931,unassigned
109976,1983,unassigned
109977,1945,Excitatory_Neuron
109978,1945,Excitatory_Neuron
109979,1931,unassigned
109980,1931,unassigned
109981,1931,unassigned
109982,1969,Immune
109983,1964,Immune
109984,1931,unassigned
109985,1931,unassigned
109986,1960,Astro-Epen
109987,1931,unassigned
109988,1931,unassigned
109989,1941,Astro-Epen
109990,1931,unassigned
109991,1931,unassigned
109992,1931,unassigned
109993,1931,unassigned
109994,1931,unassigned
109995,1931,unassigned
109996,1931,unassigned
109997,1934,Astro-Epen
109998,1931,unassigned
109999,1931,unassigned
110000,1976,unassigned
110001,1974,unassigned
110002,1931,unassigned
110003,1931,unassigned
110004,1935,Immune
110005,1931,unassigned
110006,1931,unassigned
110007,1931,unassigned
110008,1931,unassigned
110009,1960,Astro-Epen
110010,1931,unassigned
110011,1931,unassigned
110012,1957,Excitatory_Neuron
110013,1931,unassigned
110014,1931,unassigned
110015,1973,unassigned
110016,1973,unassigned
110017,1931,unassigned
110018,1931,unassigned
110019,1931,unassigned
110020,1931,unassigned
110021,1931,unassigned
110022,1931,unassigned
110023,1931,unassigned
110024,1931,unassigned
110025,1987,unassigned
110026,1934,Astro-Epen
110027,1931,unassigned
110028,1969,Immune
110029,1931,unassigned
110030,1931,unassigned
110031,1931,unassigned
110032,1931,unassigned
110033,1931,unassigned
110034,1931,unassigned
110035,1931,unassigned
110036,1931,unassigned
110037,1981,Vascular
110038,1931,unassigned
110039,1931,unassigned
110040,1931,unassigned
110041,1931,unassigned
110042,1931,unassigned
110043,1934,Astro-Epen
110044,1931,unassigned
110045,1931,unassigned
110046,1931,unassigned
110047,1938,Astro-Epen
110048,1960,Astro-Epen
110049,1957,Excitatory_Neuron
110050,1931,unassigned
110051,1931,unassigned
110052,1931,unassigned
110053,1931,unassigned
110054,1968,GABA_Neuron
110055,1931,unassigned
110056,1972,unassigned
110057,1972,unassigned
110058,1931,unassigned
110059,1979,unassigned
110060,1933,Astro-Epen
110061,1980,unassigned
110062,1931,unassigned
110063,1931,unassigned
110064,1964,Immune
110065,1960,Astro-Epen
110066,1960,Astro-Epen
110067,1957,Excitatory_Neuron
110068,1931,unassigned
110069,1931,unassigned
110070,1931,unassigned
110071,1931,unassigned
110072,1941,Astro-Epen
110073,1931,unassigned
110074,1931,unassigned
110075,1931,unassigned
110076,1931,unassigned
110077,1931,unassigned
110078,1931,unassigned
110079,1934,Astro-Epen
110080,1931,unassigned
110081,1931,unassigned
110082,1931,unassigned
110083,1931,unassigned
110084,1931,unassigned
110085,1931,unassigned
110086,1931,unassigned
110087,1931,unassigned
110088,1931,unassigned
110089,1931,unassigned
110090,1931,unassigned
110091,1957,Excitatory_Neuron
110092,1931,unassigned
110093,1957,Excitatory_Neuron
110094,1957,Excitatory_Neuron
110095,1931,unassigned
110096,1931,unassigned
110097,1931,unassigned
110098,1931,unassigned
110099,1934,Astro-Epen
110100,1931,unassigned
110101,1931,unassigned
110102,1931,unassigned
110103,1931,unassigned
110104,1931,unassigned
110105,1957,Excitatory_Neuron
110106,1957,Excitatory_Neuron
110107,1931,unassigned
110108,1931,unassigned
110109,1931,unassigned
110110,1981,Vascular
110111,1931,unassigned
110112,1968,GABA_Neuron
110113,1931,unassigned
110114,1931,unassigned
110115,1931,unassigned
110116,1931,unassigned
110117,1931,unassigned
110118,1931,unassigned
110119,1931,unassigned
110120,1931,unassigned
110121,1931,unassigned
110122,1957,Excitatory_Neuron
110123,1931,unassigned
110124,1931,unassigned
110125,1931,unassigned
110126,1931,unassigned
110127,1941,Astro-Epen
110128,1931,unassigned
110129,1931,unassigned
110130,1954,Immune
110131,1931,unassigned
110132,1931,unassigned
110133,1931,unassigned
110134,1931,unassigned
110135,1980,unassigned
110136,1931,unassigned
110137,1931,unassigned
110138,1931,unassigned
110139,1960,Astro-Epen
110140,1960,Astro-Epen
110141,1957,Excitatory_Neuron
110142,1931,unassigned
110143,1931,unassigned
110144,1931,unassigned
110145,1931,unassigned
110146,1931,unassigned
110147,1931,unassigned
110148,1931,unassigned
110149,1931,unassigned
110150,1931,unassigned
110151,1931,unassigned
110152,1931,unassigned
110153,1969,Immune
110154,1931,unassigned
110155,1946,Excitatory_Neuron
110156,1964,Immune
110157,1931,unassigned
110158,1931,unassigned
110159,1931,unassigned
110160,1931,unassigned
110161,1931,unassigned
110162,1973,unassigned
110163,1931,unassigned
110164,1931,unassigned
110165,1931,unassigned
110166,1931,unassigned
110167,1931,unassigned
110168,1931,unassigned
110169,1931,unassigned
110170,1931,unassigned
110171,1977,unassigned
110172,1931,unassigned
110173,1931,unassigned
110174,1931,unassigned
110175,1931,unassigned
110176,1931,unassigned
110177,1931,unassigned
110178,1931,unassigned
110179,1931,unassigned
110180,1968,GABA_Neuron
110181,1931,unassigned
110182,1931,unassigned
110183,1931,unassigned
110184,1933,Astro-Epen
110185,1931,unassigned
110186,1969,Immune
110187,1969,Immune
110188,1931,unassigned
110189,1931,unassigned
110190,1935,Immune
110191,1931,unassigned
110192,1946,Excitatory_Neuron
110193,1931,unassigned
110194,1931,unassigned
110195,1931,unassigned
110196,1931,unassigned
110197,1981,Vascular
110198,1941,Astro-Epen
110199,1931,unassigned
110200,1931,unassigned
110201,1931,unassigned
110202,1931,unassigned
110203,1931,unassigned
110204,1931,unassigned
110205,1931,unassigned
110206,1931,unassigned
110207,1931,unassigned
110208,1983,unassigned
110209,1931,unassigned
110210,1976,unassigned
110211,1931,unassigned
110212,1946,Excitatory_Neuron
110213,1946,Excitatory_Neuron
110214,1931,unassigned
110215,1931,unassigned
110216,1931,unassigned
110217,1931,unassigned
110218,1931,unassigned
110219,1973,unassigned
110220,1941,Astro-Epen
110221,1931,unassigned
110222,1972,unassigned
110223,1931,unassigned
110224,1945,Excitatory_Neuron
110225,1931,unassigned
110226,1969,Immune
110227,1969,Immune
110228,1931,unassigned
110229,1931,unassigned
110230,1931,unassigned
110231,1946,Excitatory_Neuron
110232,1931,unassigned
110233,1931,unassigned
110234,1931,unassigned
110235,1931,unassigned
110236,1931,unassigned
110237,1931,unassigned
110238,1931,unassigned
110239,1981,Vascular
110240,1931,unassigned
110241,1941,Astro-Epen
110242,1931,unassigned
110243,1969,Immune
110244,1969,Immune
110245,1931,unassigned
110246,1976,unassigned
110247,1946,Excitatory_Neuron
110248,1931,unassigned
110249,1931,unassigned
110250,1931,unassigned
110251,1931,unassigned
110252,1931,unassigned
110253,1981,Vascular
110254,1931,unassigned
110255,1931,unassigned
110256,1945,Excitatory_Neuron
110257,1934,Astro-Epen
110258,1934,Astro-Epen
110259,1969,Immune
110260,1931,unassigned
110261,1931,unassigned
110262,1931,unassigned
110263,1931,unassigned
110264,1931,unassigned
110265,1978,unassigned
110266,1931,unassigned
110267,1931,unassigned
110268,1931,unassigned
110269,1973,unassigned
110270,1954,Immune
110271,1931,unassigned
110272,1934,Astro-Epen
110273,1945,Excitatory_Neuron
110274,1931,unassigned
110275,1964,Immune
110276,1931,unassigned
110277,1931,unassigned
110278,1931,unassigned
110279,1931,unassigned
110280,1931,unassigned
110281,1931,unassigned
110282,1931,unassigned
110283,1980,unassigned
110284,1945,Excitatory_Neuron
110285,1969,Immune
110286,1931,unassigned
110287,1931,unassigned
110288,1931,unassigned
110289,1931,unassigned
110290,1931,unassigned
110291,1931,unassigned
110292,1957,Excitatory_Neuron
110293,1931,unassigned
110294,1931,unassigned
110295,1931,unassigned
110296,1968,GABA_Neuron
110297,1931,unassigned
110298,1941,Astro-Epen
110299,1931,unassigned
110300,1931,unassigned
110301,1934,Astro-Epen
110302,1980,unassigned
110303,1979,unassigned
110304,1934,Astro-Epen
110305,1931,unassigned
110306,1931,unassigned
110307,1931,unassigned
110308,1931,unassigned
110309,1931,unassigned
110310,1931,unassigned
110311,1931,unassigned
110312,1931,unassigned
110313,1931,unassigned
110314,1931,unassigned
110315,1981,Vascular
110316,1931,unassigned
110317,1931,unassigned
110318,1931,unassigned
110319,1931,unassigned
110320,1931,unassigned
110321,1931,unassigned
110322,1980,unassigned
110323,1931,unassigned
110324,1934,Astro-Epen
110325,1934,Astro-Epen
110326,1934,Astro-Epen
110327,1969,Immune
110328,1964,Immune
110329,1977,unassigned
110330,1960,Astro-Epen
110331,1931,unassigned
110332,1931,unassigned
110333,1931,unassigned
110334,1931,unassigned
110335,1931,unassigned
110336,1934,Astro-Epen
110337,1931,unassigned
110338,1931,unassigned
110339,1964,Immune
110340,1931,unassigned
110341,1931,unassigned
110342,1931,unassigned
110343,1931,unassigned
110344,1931,unassigned
110345,1957,Excitatory_Neuron
110346,1931,unassigned
110347,1931,unassigned
110348,1931,unassigned
110349,1931,unassigned
110350,1931,unassigned
110351,1931,unassigned
110352,1931,unassigned
110353,1972,unassigned
110354,1931,unassigned
110355,1979,unassigned
110356,1980,unassigned
110357,1931,unassigned
110358,1931,unassigned
110359,1931,unassigned
110360,1969,Immune
110361,1934,Astro-Epen
110362,1969,Immune
110363,1931,unassigned
110364,1969,Immune
110365,1931,unassigned
110366,1964,Immune
110367,1960,Astro-Epen
110368,1957,Excitatory_Neuron
110369,1931,unassigned
110370,1957,Excitatory_Neuron
110371,1931,unassigned
110372,1931,unassigned
110373,1968,GABA_Neuron
110374,1931,unassigned
110375,1931,unassigned
110376,1931,unassigned
110377,1980,unassigned
110378,1931,unassigned
110379,1976,unassigned
110380,1931,unassigned
110381,1931,unassigned
110382,1969,Immune
110383,1931,unassigned
110384,1931,unassigned
110385,1931,unassigned
110386,1931,unassigned
110387,1931,unassigned
110388,1977,unassigned
110389,1931,unassigned
110390,1931,unassigned
110391,1931,unassigned
110392,1931,unassigned
110393,1954,Immune
110394,1954,Immune
110395,1931,unassigned
110396,1931,unassigned
110397,1931,unassigned
110398,1972,unassigned
110399,1931,unassigned
110400,1976,unassigned
110401,1931,unassigned
110402,1946,Excitatory_Neuron
110403,1931,unassigned
110404,1931,unassigned
110405,1931,unassigned
110406,1931,unassigned
110407,1931,unassigned
110408,1931,unassigned
110409,1931,unassigned
110410,1954,Immune
110411,1982,unassigned
110412,1931,unassigned
110413,1969,Immune
110414,1938,Astro-Epen
110415,1931,unassigned
110416,1931,unassigned
110417,1957,Excitatory_Neuron
110418,1931,unassigned
110419,1968,GABA_Neuron
110420,1931,unassigned
110421,1931,unassigned
110422,1941,Astro-Epen
110423,1931,unassigned
110424,1954,Immune
110425,1931,unassigned
110426,1931,unassigned
110427,1931,unassigned
110428,1934,Astro-Epen
110429,1945,Excitatory_Neuron
110430,1969,Immune
110431,1931,unassigned
110432,1931,unassigned
110433,1931,unassigned
110434,1931,unassigned
110435,1931,unassigned
110436,1946,Excitatory_Neuron
110437,1931,unassigned
110438,1931,unassigned
110439,1931,unassigned
110440,1931,unassigned
110441,1931,unassigned
110442,1931,unassigned
110443,1968,GABA_Neuron
110444,1931,unassigned
110445,1941,Astro-Epen
110446,1931,unassigned
110447,1931,unassigned
110448,1931,unassigned
110449,1980,unassigned
110450,1931,unassigned
110451,1934,Astro-Epen
110452,1969,Immune
110453,1931,unassigned
110454,1931,unassigned
110455,1931,unassigned
110456,1931,unassigned
110457,1931,unassigned
110458,1931,unassigned
110459,1931,unassigned
110460,1964,Immune
110461,1931,unassigned
110462,1954,Immune
110463,1954,Immune
110464,1931,unassigned
110465,1934,Astro-Epen
110466,1931,unassigned
110467,1931,unassigned
110468,1931,unassigned
110469,1945,Excitatory_Neuron
110470,1931,unassigned
110471,1969,Immune
110472,1931,unassigned
110473,1969,Immune
110474,1931,unassigned
110475,1931,unassigned
110476,1931,unassigned
110477,1931,unassigned
110478,1931,unassigned
110479,1931,unassigned
110480,1931,unassigned
110481,1931,unassigned
110482,1931,unassigned
110483,1960,Astro-Epen
110484,1931,unassigned
110485,1973,unassigned
110486,1931,unassigned
110487,1931,unassigned
110488,1931,unassigned
110489,1934,Astro-Epen
110490,1931,unassigned
110491,1931,unassigned
110492,1931,unassigned
110493,1931,unassigned
110494,1931,unassigned
110495,1931,unassigned
110496,1941,Astro-Epen
110497,1931,unassigned
110498,1931,unassigned
110499,1931,unassigned
110500,1931,unassigned
110501,1931,unassigned
110502,1931,unassigned
110503,1931,unassigned
110504,1931,unassigned
110505,1931,unassigned
110506,1964,Immune
110507,1931,unassigned
110508,1938,Astro-Epen
110509,1931,unassigned
110510,1931,unassigned
110511,1960,Astro-Epen
110512,1931,unassigned
110513,1931,unassigned
110514,1981,Vascular
110515,1931,unassigned
110516,1931,unassigned
110517,1931,unassigned
110518,1931,unassigned
110519,1976,unassigned
110520,1931,unassigned
110521,1931,unassigned
110522,1931,unassigned
110523,1977,unassigned
110524,1977,unassigned
110525,1931,unassigned
110526,1957,Excitatory_Neuron
110527,1973,unassigned
110528,1954,Immune
110529,1931,unassigned
110530,1931,unassigned
110531,1931,unassigned
110532,1954,Immune
110533,1931,unassigned
110534,1931,unassigned
110535,1972,unassigned
110536,1934,Astro-Epen
110537,1931,unassigned
110538,1934,Astro-Epen
110539,1931,unassigned
110540,1976,unassigned
110541,1976,unassigned
110542,1931,unassigned
110543,1931,unassigned
110544,1931,unassigned
110545,1931,unassigned
110546,1931,unassigned
110547,1931,unassigned
110548,1931,unassigned
110549,1931,unassigned
110550,1981,Vascular
110551,1968,GABA_Neuron
110552,1931,unassigned
110553,1931,unassigned
110554,1931,unassigned
110555,1980,unassigned
110556,1983,unassigned
110557,1934,Astro-Epen
110558,1931,unassigned
110559,1931,unassigned
110560,1976,unassigned
110561,1931,unassigned
110562,1931,unassigned
110563,1946,Excitatory_Neuron
110564,1931,unassigned
110565,1946,Excitatory_Neuron
110566,1931,unassigned
110567,1938,Astro-Epen
110568,1964,Immune
110569,1931,unassigned
110570,1931,unassigned
110571,1957,Excitatory_Neuron
110572,1957,Excitatory_Neuron
110573,1957,Excitatory_Neuron
110574,1941,Astro-Epen
110575,1941,Astro-Epen
110576,1931,unassigned
110577,1987,unassigned
110578,1931,unassigned
110579,1945,Excitatory_Neuron
110580,1931,unassigned
110581,1931,unassigned
110582,1931,unassigned
110583,1931,unassigned
110584,1938,Astro-Epen
110585,1931,unassigned
110586,1931,unassigned
110587,1931,unassigned
110588,1931,unassigned
110589,1957,Excitatory_Neuron
110590,1931,unassigned
110591,1931,unassigned
110592,1931,unassigned
110593,1931,unassigned
110594,1931,unassigned
110595,1931,unassigned
110596,1983,unassigned
110597,1945,Excitatory_Neuron
110598,1931,unassigned
110599,1931,unassigned
110600,1976,unassigned
110601,1931,unassigned
110602,1931,unassigned
110603,1931,unassigned
110604,1931,unassigned
110605,1960,Astro-Epen
110606,1957,Excitatory_Neuron
110607,1931,unassigned
110608,1981,Vascular
110609,1941,Astro-Epen
110610,1941,Astro-Epen
110611,1931,unassigned
110612,1941,Astro-Epen
110613,1954,Immune
110614,1931,unassigned
110615,1931,unassigned
110616,1931,unassigned
110617,1931,unassigned
110618,1931,unassigned
110619,1931,unassigned
110620,1964,Immune
110621,1931,unassigned
110622,1931,unassigned
110623,1931,unassigned
110624,1938,Astro-Epen
110625,1931,unassigned
110626,1957,Excitatory_Neuron
110627,1931,unassigned
110628,1931,unassigned
110629,1931,unassigned
110630,1979,unassigned
110631,1979,unassigned
110632,1931,unassigned
110633,1979,unassigned
110634,1972,unassigned
110635,1931,unassigned
110636,1934,Astro-Epen
110637,1931,unassigned
110638,1931,unassigned
110639,1931,unassigned
110640,1931,unassigned
110641,1931,unassigned
110642,1960,Astro-Epen
110643,1977,unassigned
110644,1931,unassigned
110645,1931,unassigned
110646,1973,unassigned
110647,1931,unassigned
110648,1931,unassigned
110649,1931,unassigned
110650,1931,unassigned
110651,1931,unassigned
110652,1931,unassigned
110653,1931,unassigned
110654,1983,unassigned
110655,1934,Astro-Epen
110656,1931,unassigned
110657,1931,unassigned
110658,1934,Astro-Epen
110659,1931,unassigned
110660,1964,Immune
110661,1946,Excitatory_Neuron
110662,1931,unassigned
110663,1931,unassigned
110664,1931,unassigned
110665,1931,unassigned
110666,1931,unassigned
110667,1931,unassigned
110668,1931,unassigned
110669,1931,unassigned
110670,1931,unassigned
110671,1973,unassigned
110672,1981,Vascular
110673,1931,unassigned
110674,1931,unassigned
110675,1931,unassigned
110676,1934,Astro-Epen
110677,1931,unassigned
110678,1931,unassigned
110679,1931,unassigned
110680,1931,unassigned
110681,1938,Astro-Epen
110682,1960,Astro-Epen
110683,1957,Excitatory_Neuron
110684,1931,unassigned
110685,1931,unassigned
110686,1979,unassigned
110687,1987,unassigned
110688,1931,unassigned
110689,1931,unassigned
110690,1976,unassigned
110691,1931,unassigned
110692,1938,Astro-Epen
110693,1931,unassigned
110694,1931,unassigned
110695,1977,unassigned
110696,1931,unassigned
110697,1973,unassigned
110698,1931,unassigned
110699,1931,unassigned
110700,1931,unassigned
110701,1931,unassigned
110702,1931,unassigned
110703,1931,unassigned
110704,1931,unassigned
110705,1931,unassigned
110706,1931,unassigned
110707,1938,Astro-Epen
110708,1931,unassigned
110709,1960,Astro-Epen
110710,1960,Astro-Epen
110711,1968,GABA_Neuron
110712,1931,unassigned
110713,1941,Astro-Epen
110714,1934,Astro-Epen
110715,1934,Astro-Epen
110716,1934,Astro-Epen
110717,1931,unassigned
110718,1931,unassigned
110719,1931,unassigned
110720,1976,unassigned
110721,1969,Immune
110722,1938,Astro-Epen
110723,1931,unassigned
110724,1931,unassigned
110725,1931,unassigned
110726,1941,Astro-Epen
110727,1931,unassigned
110728,1931,unassigned
110729,1979,unassigned
110730,1931,unassigned
110731,1934,Astro-Epen
110732,1934,Astro-Epen
110733,1931,unassigned
110734,1931,unassigned
110735,1931,unassigned
110736,1931,unassigned
110737,1934,Astro-Epen
110738,1969,Immune
110739,1931,unassigned
110740,1931,unassigned
110741,1931,unassigned
110742,1931,unassigned
110743,1931,unassigned
110744,1931,unassigned
110745,1931,unassigned
110746,1931,unassigned
110747,1931,unassigned
110748,1979,unassigned
110749,1983,unassigned
110750,1931,unassigned
110751,1931,unassigned
110752,1931,unassigned
110753,1969,Immune
110754,1931,unassigned
110755,1931,unassigned
110756,1960,Astro-Epen
110757,1931,unassigned
110758,1968,GABA_Neuron
110759,1931,unassigned
110760,1931,unassigned
110761,1931,unassigned
110762,1931,unassigned
110763,1931,unassigned
110764,1980,unassigned
110765,1931,unassigned
110766,1934,Astro-Epen
110767,1934,Astro-Epen
110768,1931,unassigned
110769,1934,Astro-Epen
110770,1969,Immune
110771,1931,unassigned
110772,1931,unassigned
110773,1964,Immune
110774,1931,unassigned
110775,1931,unassigned
110776,1931,unassigned
110777,1931,unassigned
110778,1931,unassigned
110779,1931,unassigned
110780,1931,unassigned
110781,1931,unassigned
110782,1979,unassigned
110783,1931,unassigned
110784,1931,unassigned
110785,1931,unassigned
110786,1931,unassigned
110787,1931,unassigned
110788,1931,unassigned
110789,1931,unassigned
110790,1964,Immune
110791,1931,unassigned
110792,1931,unassigned
110793,1931,unassigned
110794,1968,GABA_Neuron
110795,1931,unassigned
110796,1954,Immune
110797,1931,unassigned
110798,1954,Immune
110799,1931,unassigned
110800,1931,unassigned
110801,1979,unassigned
110802,1931,unassigned
110803,1931,unassigned
110804,1983,unassigned
110805,1980,unassigned
110806,1931,unassigned
110807,1931,unassigned
110808,1976,unassigned
110809,1931,unassigned
110810,1931,unassigned
110811,1986,unassigned
110812,1931,unassigned
110813,1957,Excitatory_Neuron
110814,1931,unassigned
110815,1968,GABA_Neuron
110816,1931,unassigned
110817,1987,unassigned
110818,1980,unassigned
110819,1945,Excitatory_Neuron
110820,1931,unassigned
110821,1931,unassigned
110822,1931,unassigned
110823,1931,unassigned
110824,1931,unassigned
110825,1931,unassigned
110826,1957,Excitatory_Neuron
110827,1931,unassigned
110828,1931,unassigned
110829,1931,unassigned
110830,1931,unassigned
110831,1979,unassigned
110832,1987,unassigned
110833,1931,unassigned
110834,1931,unassigned
110835,1931,unassigned
110836,1938,Astro-Epen
110837,1931,unassigned
110838,1988,unassigned
110839,1968,GABA_Neuron
110840,1931,unassigned
110841,1931,unassigned
110842,1931,unassigned
110843,1945,Excitatory_Neuron
110844,1931,unassigned
110845,1931,unassigned
110846,1931,unassigned
110847,1931,unassigned
110848,1931,unassigned
110849,1931,unassigned
110850,1931,unassigned
110851,1931,unassigned
110852,1931,unassigned
110853,1954,Immune
110854,1931,unassigned
110855,1954,Immune
110856,1987,unassigned
110857,1980,unassigned
110858,1979,unassigned
110859,1931,unassigned
110860,1931,unassigned
110861,1931,unassigned
110862,1931,unassigned
110863,1931,unassigned
110864,1931,unassigned
110865,1931,unassigned
110866,1964,Immune
110867,1931,unassigned
110868,1938,Astro-Epen
110869,1931,unassigned
110870,1931,unassigned
110871,1931,unassigned
110872,1931,unassigned
110873,1931,unassigned
110874,1931,unassigned
110875,1931,unassigned
110876,1934,Astro-Epen
110877,1931,unassigned
110878,1945,Excitatory_Neuron
110879,1931,unassigned
110880,1931,unassigned
110881,1931,unassigned
110882,1931,unassigned
110883,1931,unassigned
110884,1931,unassigned
110885,1931,unassigned
110886,1931,unassigned
110887,1931,unassigned
110888,1931,unassigned
110889,1931,unassigned
110890,1954,Immune
110891,1931,unassigned
110892,1931,unassigned
110893,1931,unassigned
110894,1931,unassigned
110895,1934,Astro-Epen
110896,1987,unassigned
110897,1931,unassigned
110898,1931,unassigned
110899,1934,Astro-Epen
110900,1931,unassigned
110901,1931,unassigned
110902,1931,unassigned
110903,1986,unassigned
110904,1977,unassigned
110905,1931,unassigned
110906,1931,unassigned
110907,1931,unassigned
110908,1931,unassigned
110909,1987,unassigned
110910,1945,Excitatory_Neuron
110911,1931,unassigned
110912,1964,Immune
110913,1931,unassigned
110914,1931,unassigned
110915,1938,Astro-Epen
110916,1986,unassigned
110917,1931,unassigned
110918,1960,Astro-Epen
110919,1931,unassigned
110920,1931,unassigned
110921,1931,unassigned
110922,1931,unassigned
110923,1931,unassigned
110924,1931,unassigned
110925,1931,unassigned
110926,1931,unassigned
110927,1931,unassigned
110928,1931,unassigned
110929,1957,Excitatory_Neuron
110930,1981,Vascular
110931,1931,unassigned
110932,1931,unassigned
110933,1931,unassigned
110934,1934,Astro-Epen
110935,1934,Astro-Epen
110936,1969,Immune
110937,1931,unassigned
110938,1931,unassigned
110939,1931,unassigned
110940,1931,unassigned
110941,1931,unassigned
110942,1938,Astro-Epen
110943,1986,unassigned
110944,1931,unassigned
110945,1977,unassigned
110946,1931,unassigned
110947,1968,GABA_Neuron
110948,1968,GABA_Neuron
110949,1954,Immune
110950,1931,unassigned
110951,1931,unassigned
110952,1931,unassigned
110953,1931,unassigned
110954,1931,unassigned
110955,1931,unassigned
110956,1931,unassigned
110957,1931,unassigned
110958,1931,unassigned
110959,1931,unassigned
110960,1931,unassigned
110961,1931,unassigned
110962,1969,Immune
110963,1931,unassigned
110964,1931,unassigned
110965,1931,unassigned
110966,1938,Astro-Epen
110967,1931,unassigned
110968,1931,unassigned
110969,1931,unassigned
110970,1931,unassigned
110971,1931,unassigned
110972,1931,unassigned
110973,1931,unassigned
110974,1931,unassigned
110975,1931,unassigned
110976,1931,unassigned
110977,1931,unassigned
110978,1931,unassigned
110979,1931,unassigned
110980,1964,Immune
110981,1931,unassigned
110982,1931,unassigned
110983,1931,unassigned
110984,1931,unassigned
110985,1957,Excitatory_Neuron
110986,1931,unassigned
110987,1931,unassigned
110988,1931,unassigned
110989,1931,unassigned
110990,1931,unassigned
110991,1931,unassigned
110992,1931,unassigned
110993,1931,unassigned
110994,1931,unassigned
110995,1931,unassigned
110996,1931,unassigned
110997,1931,unassigned
110998,1931,unassigned
110999,1931,unassigned
111000,1934,Astro-Epen
111001,1931,unassigned
111002,1931,unassigned
111003,1931,unassigned
111004,1931,unassigned
111005,1931,unassigned
111006,1931,unassigned
111007,1931,unassigned
111008,1931,unassigned
111009,1981,Vascular
111010,1981,Vascular
111011,1931,unassigned
111012,1931,unassigned
111013,1931,unassigned
111014,1931,unassigned
111015,1931,unassigned
111016,1931,unassigned
111017,1945,Excitatory_Neuron
111018,1934,Astro-Epen
111019,1931,unassigned
111020,1931,unassigned
111021,1931,unassigned
111022,1931,unassigned
111023,1931,unassigned
111024,1931,unassigned
111025,1931,unassigned
111026,1931,unassigned
111027,1931,unassigned
111028,1981,Vascular
111029,1931,unassigned
111030,1931,unassigned
111031,1931,unassigned
111032,1931,unassigned
111033,1931,unassigned
111034,1931,unassigned
111035,1931,unassigned
111036,1931,unassigned
111037,1931,unassigned
111038,1931,unassigned
111039,1931,unassigned
111040,1931,unassigned
111041,1931,unassigned
111042,1931,unassigned
111043,1960,Astro-Epen
111044,1931,unassigned
111045,1931,unassigned
111046,1931,unassigned
111047,1931,unassigned
111048,1931,unassigned
111049,1931,unassigned
111050,1931,unassigned
111051,1931,unassigned
111052,1931,unassigned
111053,1931,unassigned
111054,1931,unassigned
111055,1931,unassigned
111056,1931,unassigned
111057,1945,Excitatory_Neuron
111058,1931,unassigned
111059,1931,unassigned
111060,1931,unassigned
111061,1931,unassigned
111062,1986,unassigned
111063,1931,unassigned
111064,1931,unassigned
111065,1931,unassigned
111066,1931,unassigned
111067,1954,Immune
111068,1969,Immune
111069,1931,unassigned
111070,1931,unassigned
111071,1931,unassigned
111072,1931,unassigned
111073,1931,unassigned
111074,1931,unassigned
111075,1931,unassigned
111076,1931,unassigned
111077,1957,Excitatory_Neuron
111078,1931,unassigned
111079,1931,unassigned
111080,1981,Vascular
111081,1954,Immune
111082,1969,Immune
111083,1931,unassigned
111084,1931,unassigned
111085,1986,unassigned
111086,1931,unassigned
111087,1931,unassigned
111088,1931,unassigned
111089,1931,unassigned
111090,1931,unassigned
111091,1931,unassigned
111092,1931,unassigned
111093,1931,unassigned
111094,1931,unassigned
111095,1931,unassigned
111096,1931,unassigned
111097,1931,unassigned
111098,1931,unassigned
111099,1931,unassigned
111100,1931,unassigned
111101,1931,unassigned
111102,1931,unassigned
111103,1931,unassigned
111104,1931,unassigned
111105,1931,unassigned
111106,1981,Vascular
111107,1931,unassigned
111108,1931,unassigned
111109,1954,Immune
111110,1931,unassigned
111111,1931,unassigned
111112,1931,unassigned
111113,1934,Astro-Epen
111114,1931,unassigned
111115,1989,unassigned
111116,1976,unassigned
111117,1931,unassigned
111118,1931,unassigned
111119,1931,unassigned
111120,1931,unassigned
111121,1964,Immune
111122,1931,unassigned
111123,1931,unassigned
111124,1960,Astro-Epen
111125,1931,unassigned
111126,1931,unassigned
111127,1931,unassigned
111128,1931,unassigned
111129,1931,unassigned
111130,1931,unassigned
111131,1979,unassigned
111132,1980,unassigned
111133,1979,unassigned
111134,1931,unassigned
111135,1931,unassigned
111136,1976,unassigned
111137,1931,unassigned
111138,1931,unassigned
111139,1931,unassigned
111140,1931,unassigned
111141,1931,unassigned
111142,1931,unassigned
111143,1977,unassigned
111144,1981,Vascular
111145,1981,Vascular
111146,1931,unassigned
111147,1931,unassigned
111148,1931,unassigned
111149,1931,unassigned
111150,1931,unassigned
111151,1931,unassigned
111152,1931,unassigned
111153,1931,unassigned
111154,1931,unassigned
111155,1986,unassigned
111156,1931,unassigned
111157,1931,unassigned
111158,1981,Vascular
111159,1973,unassigned
111160,1931,unassigned
111161,1954,Immune
111162,1931,unassigned
111163,1931,unassigned
111164,1945,Excitatory_Neuron
111165,1931,unassigned
111166,1976,unassigned
111167,1969,Immune
111168,1931,unassigned
111169,1931,unassigned
111170,1931,unassigned
111171,1931,unassigned
111172,1957,Excitatory_Neuron
111173,1931,unassigned
111174,1973,unassigned
111175,1931,unassigned
111176,1931,unassigned
111177,1931,unassigned
111178,1931,unassigned
111179,1934,Astro-Epen
111180,1931,unassigned
111181,1931,unassigned
111182,1931,unassigned
111183,1931,unassigned
111184,1960,Astro-Epen
111185,1957,Excitatory_Neuron
111186,1931,unassigned
111187,1931,unassigned
111188,1931,unassigned
111189,1931,unassigned
111190,1931,unassigned
111191,1931,unassigned
111192,1931,unassigned
111193,1979,unassigned
111194,1931,unassigned
111195,1976,unassigned
111196,1931,unassigned
111197,1931,unassigned
111198,1969,Immune
111199,1931,unassigned
111200,1931,unassigned
111201,1938,Astro-Epen
111202,1990,unassigned
111203,1986,unassigned
111204,1931,unassigned
111205,1977,unassigned
111206,1957,Excitatory_Neuron
111207,1973,unassigned
111208,1931,unassigned
111209,1931,unassigned
111210,1931,unassigned
111211,1931,unassigned
111212,1931,unassigned
111213,1976,unassigned
111214,1931,unassigned
111215,1931,unassigned
111216,1931,unassigned
111217,1964,Immune
111218,1931,unassigned
111219,1938,Astro-Epen
111220,1931,unassigned
111221,1957,Excitatory_Neuron
111222,1931,unassigned
111223,1981,Vascular
111224,1954,Immune
111225,1931,unassigned
111226,1931,unassigned
111227,1931,unassigned
111228,1931,unassigned
111229,1931,unassigned
111230,1931,unassigned
111231,1931,unassigned
111232,1931,unassigned
111233,1931,unassigned
111234,1981,Vascular
111235,1931,unassigned
111236,1931,unassigned
111237,1931,unassigned
111238,1979,unassigned
111239,1954,Immune
111240,1931,unassigned
111241,1931,unassigned
111242,1931,unassigned
111243,1931,unassigned
111244,1931,unassigned
111245,1931,unassigned
111246,1931,unassigned
111247,1931,unassigned
111248,1931,unassigned
111249,1931,unassigned
111250,1931,unassigned
111251,1931,unassigned
111252,1931,unassigned
111253,1931,unassigned
111254,1954,Immune
111255,1979,unassigned
111256,1931,unassigned
111257,1931,unassigned
111258,1931,unassigned
111259,1931,unassigned
111260,1931,unassigned
111261,1931,unassigned
111262,1960,Astro-Epen
111263,1931,unassigned
111264,1931,unassigned
111265,1931,unassigned
111266,1954,Immune
111267,1987,unassigned
111268,1931,unassigned
111269,1931,unassigned
111270,1931,unassigned
111271,1931,unassigned
111272,1931,unassigned
111273,1931,unassigned
111274,1931,unassigned
111275,1931,unassigned
111276,1954,Immune
111277,1931,unassigned
111278,1979,unassigned
111279,1954,Immune
111280,1931,unassigned
111281,1931,unassigned
111282,1931,unassigned
111283,1931,unassigned
111284,1931,unassigned
111285,1931,unassigned
111286,1931,unassigned
111287,1931,unassigned
111288,1931,unassigned
111289,1931,unassigned
111290,1931,unassigned
111291,1931,unassigned
111292,1931,unassigned
111293,1931,unassigned
111294,1931,unassigned
111295,1931,unassigned
111296,1931,unassigned
111297,1931,unassigned
111298,1931,unassigned
111299,1964,Immune
111300,1931,unassigned
111301,1931,unassigned
111302,1931,unassigned
111303,1931,unassigned
111304,1931,unassigned
111305,1931,unassigned
111306,1931,unassigned
111307,1931,unassigned
111308,1931,unassigned
111309,1931,unassigned
111310,1968,GABA_Neuron
111311,1931,unassigned
111312,1931,unassigned
111313,1964,Immune
111314,1931,unassigned
111315,1931,unassigned
111316,1957,Excitatory_Neuron
111317,1968,GABA_Neuron
111318,1931,unassigned
111319,1987,unassigned
111320,1934,Astro-Epen
111321,1931,unassigned
111322,1931,unassigned
111323,1931,unassigned
111324,1969,Immune
111325,1931,unassigned
111326,1931,unassigned
111327,1931,unassigned
111328,1931,unassigned
111329,1931,unassigned
111330,1931,unassigned
111331,1991,unassigned
111332,1968,GABA_Neuron
111333,1931,unassigned
111334,1931,unassigned
111335,1931,unassigned
111336,1931,unassigned
111337,1931,unassigned
111338,1931,unassigned
111339,1931,unassigned
111340,1931,unassigned
111341,1931,unassigned
111342,1931,unassigned
111343,1983,unassigned
111344,1983,unassigned
111345,1931,unassigned
111346,1931,unassigned
111347,1931,unassigned
111348,1934,Astro-Epen
111349,1931,unassigned
111350,1934,Astro-Epen
111351,1934,Astro-Epen
111352,1931,unassigned
111353,1931,unassigned
111354,1931,unassigned
111355,1931,unassigned
111356,1931,unassigned
111357,1931,unassigned
111358,1931,unassigned
111359,1931,unassigned
111360,1931,unassigned
111361,1931,unassigned
111362,1931,unassigned
111363,1931,unassigned
111364,1931,unassigned
111365,1931,unassigned
111366,1931,unassigned
111367,1931,unassigned
111368,1931,unassigned
111369,1931,unassigned
111370,1931,unassigned
111371,1931,unassigned
111372,1931,unassigned
111373,1931,unassigned
111374,1931,unassigned
111375,1931,unassigned
111376,1931,unassigned
111377,1931,unassigned
111378,1931,unassigned
111379,1964,Immune
111380,1931,unassigned
111381,1931,unassigned
111382,1931,unassigned
111383,1931,unassigned
111384,1931,unassigned
111385,1931,unassigned
111386,1979,unassigned
111387,1980,unassigned
111388,1983,unassigned
111389,1931,unassigned
111390,1931,unassigned
111391,1931,unassigned
111392,1931,unassigned
111393,1931,unassigned
111394,1931,unassigned
111395,1960,Astro-Epen
111396,1931,unassigned
111397,1931,unassigned
111398,1931,unassigned
111399,1931,unassigned
111400,1957,Excitatory_Neuron
111401,1931,unassigned
111402,1981,Vascular
111403,1991,unassigned
111404,1991,unassigned
111405,1931,unassigned
111406,1941,Astro-Epen
111407,1954,Immune
111408,1931,unassigned
111409,1931,unassigned
111410,1931,unassigned
111411,1931,unassigned
111412,1954,Immune
111413,1931,unassigned
111414,1931,unassigned
111415,1931,unassigned
111416,1931,unassigned
111417,1931,unassigned
111418,1931,unassigned
111419,1960,Astro-Epen
111420,1957,Excitatory_Neuron
111421,1931,unassigned
111422,1957,Excitatory_Neuron
111423,1931,unassigned
111424,1931,unassigned
111425,1931,unassigned
111426,1931,unassigned
111427,1931,unassigned
111428,1931,unassigned
111429,1931,unassigned
111430,1931,unassigned
111431,1931,unassigned
111432,1931,unassigned
111433,1931,unassigned
111434,1931,unassigned
111435,1977,unassigned
111436,1931,unassigned
111437,1931,unassigned
111438,1931,unassigned
111439,1931,unassigned
111440,1931,unassigned
111441,1986,unassigned
111442,1986,unassigned
111443,1931,unassigned
111444,1525,unassigned
111445,1525,unassigned
111446,1525,unassigned
111447,1525,unassigned
111448,1525,unassigned
111449,1525,unassigned
111450,1525,unassigned
111451,1525,unassigned
111452,1525,unassigned
111453,1525,unassigned
111454,1525,unassigned
111455,1525,unassigned
111456,1525,unassigned
111457,1525,unassigned
111458,1525,unassigned
111459,1525,unassigned
111460,1525,unassigned
111461,1525,unassigned
111462,1525,unassigned
111463,1525,unassigned
111464,1525,unassigned
111465,1525,unassigned
111466,1525,unassigned
111467,1525,unassigned
111468,1525,unassigned
111469,1525,unassigned
111470,1525,unassigned
111471,1525,unassigned
111472,1525,unassigned
111473,1525,unassigned
111474,1525,unassigned
111475,1525,unassigned
111476,1525,unassigned
111477,1525,unassigned
111478,1525,unassigned
111479,1525,unassigned
111480,1525,unassigned
111481,1525,unassigned
111482,1525,unassigned
111483,1525,unassigned
111484,1525,unassigned
111485,1525,unassigned
111486,1525,unassigned
111487,1525,unassigned
111488,1525,unassigned
111489,1525,unassigned
111490,1525,unassigned
111491,1525,unassigned
111492,1525,unassigned
111493,1525,unassigned
111494,1525,unassigned
111495,1525,unassigned
111496,1525,unassigned
111497,1525,unassigned
111498,1525,unassigned
111499,1525,unassigned
111500,1525,unassigned
111501,1525,unassigned
111502,1525,unassigned
111503,1525,unassigned
111504,1525,unassigned
111505,1525,unassigned
111506,1525,unassigned
111507,1525,unassigned
111508,1554,unassigned
111509,1525,unassigned
111510,1992,unassigned
111511,1525,unassigned
111512,1525,unassigned
111513,1525,unassigned
111514,1525,unassigned
111515,1525,unassigned
111516,1525,unassigned
111517,1525,unassigned
111518,1525,unassigned
111519,1525,unassigned
111520,1525,unassigned
111521,1525,unassigned
111522,1525,unassigned
111523,1525,unassigned
111524,1525,unassigned
111525,1525,unassigned
111526,1525,unassigned
111527,1525,unassigned
111528,1525,unassigned
111529,1525,unassigned
111530,1525,unassigned
111531,1525,unassigned
111532,1525,unassigned
111533,1525,unassigned
111534,1525,unassigned
111535,1525,unassigned
111536,1525,unassigned
111537,1525,unassigned
111538,1525,unassigned
111539,1525,unassigned
111540,1525,unassigned
111541,1525,unassigned
111542,1525,unassigned
111543,1525,unassigned
111544,1525,unassigned
111545,1525,unassigned
111546,1554,unassigned
111547,1525,unassigned
111548,1525,unassigned
111549,1525,unassigned
111550,1525,unassigned
111551,1525,unassigned
111552,1525,unassigned
111553,1525,unassigned
111554,1525,unassigned
111555,1525,unassigned
111556,1525,unassigned
111557,1525,unassigned
111558,1525,unassigned
111559,1525,unassigned
111560,1525,unassigned
111561,1525,unassigned
111562,1525,unassigned
111563,1525,unassigned
111564,1525,unassigned
111565,1525,unassigned
111566,1525,unassigned
111567,1525,unassigned
111568,1525,unassigned
111569,1525,unassigned
111570,1525,unassigned
111571,1525,unassigned
111572,1525,unassigned
111573,1525,unassigned
111574,1525,unassigned
111575,1525,unassigned
111576,1525,unassigned
111577,1525,unassigned
111578,1525,unassigned
111579,1525,unassigned
111580,1525,unassigned
111581,1525,unassigned
111582,1525,unassigned
111583,1525,unassigned
111584,1525,unassigned
111585,1525,unassigned
111586,1525,unassigned
111587,1525,unassigned
111588,1992,unassigned
111589,1525,unassigned
111590,1525,unassigned
111591,1525,unassigned
111592,1525,unassigned
111593,1525,unassigned
111594,1525,unassigned
111595,1525,unassigned
111596,1525,unassigned
111597,1525,unassigned
111598,1525,unassigned
111599,1525,unassigned
111600,1525,unassigned
111601,1525,unassigned
111602,1525,unassigned
111603,1525,unassigned
111604,1992,unassigned
111605,1525,unassigned
111606,1525,unassigned
111607,1525,unassigned
111608,1525,unassigned
111609,1525,unassigned
111610,1525,unassigned
111611,1525,unassigned
111612,1525,unassigned
111613,1525,unassigned
111614,1525,unassigned
111615,1525,unassigned
111616,1525,unassigned
111617,1525,unassigned
111618,1525,unassigned
111619,1525,unassigned
111620,1525,unassigned
111621,1525,unassigned
111622,1525,unassigned
111623,1525,unassigned
111624,1525,unassigned
111625,1525,unassigned
111626,1525,unassigned
111627,1525,unassigned
111628,1525,unassigned
111629,1525,unassigned
111630,1992,unassigned
111631,1525,unassigned
111632,1525,unassigned
111633,1553,Excitatory_Neuron
111634,1525,unassigned
111635,1525,unassigned
111636,1525,unassigned
111637,1525,unassigned
111638,1525,unassigned
111639,1525,unassigned
111640,1554,unassigned
111641,1554,unassigned
111642,1525,unassigned
111643,1525,unassigned
111644,1525,unassigned
111645,1525,unassigned
111646,1525,unassigned
111647,1525,unassigned
111648,1525,unassigned
111649,1525,unassigned
111650,1525,unassigned
111651,1525,unassigned
111652,1525,unassigned
111653,1525,unassigned
111654,1525,unassigned
111655,1525,unassigned
111656,1525,unassigned
111657,1525,unassigned
111658,1525,unassigned
111659,1525,unassigned
111660,1525,unassigned
111661,1525,unassigned
111662,1525,unassigned
111663,1525,unassigned
111664,1525,unassigned
111665,1525,unassigned
111666,1525,unassigned
111667,1525,unassigned
111668,1992,unassigned
111669,1525,unassigned
111670,1525,unassigned
111671,1525,unassigned
111672,1525,unassigned
111673,1525,unassigned
111674,1525,unassigned
111675,1525,unassigned
111676,1553,Excitatory_Neuron
111677,1525,unassigned
111678,1531,Excitatory_Neuron
111679,1525,unassigned
111680,1525,unassigned
111681,1525,unassigned
111682,1525,unassigned
111683,1525,unassigned
111684,1525,unassigned
111685,1525,unassigned
111686,1525,unassigned
111687,1525,unassigned
111688,1525,unassigned
111689,1554,unassigned
111690,1525,unassigned
111691,1525,unassigned
111692,1525,unassigned
111693,1554,unassigned
111694,1525,unassigned
111695,1525,unassigned
111696,1525,unassigned
111697,1554,unassigned
111698,1525,unassigned
111699,1525,unassigned
111700,1525,unassigned
111701,1525,unassigned
111702,1525,unassigned
111703,1525,unassigned
111704,1525,unassigned
111705,1525,unassigned
111706,1525,unassigned
111707,1525,unassigned
111708,1531,Excitatory_Neuron
111709,1525,unassigned
111710,1525,unassigned
111711,1525,unassigned
111712,1525,unassigned
111713,1554,unassigned
111714,1525,unassigned
111715,1525,unassigned
111716,1525,unassigned
111717,1525,unassigned
111718,1525,unassigned
111719,1525,unassigned
111720,1525,unassigned
111721,1525,unassigned
111722,1525,unassigned
111723,1525,unassigned
111724,1525,unassigned
111725,1525,unassigned
111726,1525,unassigned
111727,1525,unassigned
111728,1525,unassigned
111729,1525,unassigned
111730,1525,unassigned
111731,1531,Excitatory_Neuron
111732,1554,unassigned
111733,1525,unassigned
111734,1525,unassigned
111735,1993,Excitatory_Neuron
111736,1525,unassigned
111737,1525,unassigned
111738,1525,unassigned
111739,1525,unassigned
111740,1525,unassigned
111741,1525,unassigned
111742,1525,unassigned
111743,1525,unassigned
111744,1525,unassigned
111745,1525,unassigned
111746,1525,unassigned
111747,1525,unassigned
111748,1525,unassigned
111749,1525,unassigned
111750,1525,unassigned
111751,1525,unassigned
111752,1525,unassigned
111753,1525,unassigned
111754,1525,unassigned
111755,1525,unassigned
111756,1525,unassigned
111757,1525,unassigned
111758,1525,unassigned
111759,1553,Excitatory_Neuron
111760,1554,unassigned
111761,1525,unassigned
111762,1525,unassigned
111763,1525,unassigned
111764,1525,unassigned
111765,1525,unassigned
111766,1525,unassigned
111767,1525,unassigned
111768,1525,unassigned
111769,1525,unassigned
111770,1993,Excitatory_Neuron
111771,1525,unassigned
111772,1525,unassigned
111773,1525,unassigned
111774,1525,unassigned
111775,1525,unassigned
111776,1525,unassigned
111777,1525,unassigned
111778,1525,unassigned
111779,1525,unassigned
111780,1525,unassigned
111781,1554,unassigned
111782,1525,unassigned
111783,1525,unassigned
111784,1525,unassigned
111785,1525,unassigned
111786,1525,unassigned
111787,1525,unassigned
111788,1525,unassigned
111789,1525,unassigned
111790,1525,unassigned
111791,1525,unassigned
111792,1525,unassigned
111793,1525,unassigned
111794,1525,unassigned
111795,1525,unassigned
111796,1525,unassigned
111797,1992,unassigned
111798,1993,Excitatory_Neuron
111799,1525,unassigned
111800,1525,unassigned
111801,1525,unassigned
111802,1525,unassigned
111803,1525,unassigned
111804,1525,unassigned
111805,1525,unassigned
111806,1993,Excitatory_Neuron
111807,1525,unassigned
111808,1525,unassigned
111809,1525,unassigned
111810,1993,Excitatory_Neuron
111811,1525,unassigned
111812,1525,unassigned
111813,1525,unassigned
111814,1525,unassigned
111815,1525,unassigned
111816,1525,unassigned
111817,1525,unassigned
111818,1525,unassigned
111819,1525,unassigned
111820,1993,Excitatory_Neuron
111821,1525,unassigned
111822,1525,unassigned
111823,1993,Excitatory_Neuron
111824,1525,unassigned
111825,1525,unassigned
111826,1525,unassigned
111827,1525,unassigned
111828,1525,unassigned
111829,1525,unassigned
111830,1525,unassigned
111831,1525,unassigned
111832,1525,unassigned
111833,1525,unassigned
111834,1525,unassigned
111835,1525,unassigned
111836,1525,unassigned
111837,1525,unassigned
111838,1994,unassigned
111839,1525,unassigned
111840,1525,unassigned
111841,1525,unassigned
111842,1525,unassigned
111843,1525,unassigned
111844,1525,unassigned
111845,1525,unassigned
111846,1525,unassigned
111847,1994,unassigned
111848,1994,unassigned
111849,1525,unassigned
111850,1525,unassigned
111851,1525,unassigned
111852,1531,Excitatory_Neuron
111853,1525,unassigned
111854,1995,unassigned
111855,1525,unassigned
111856,1525,unassigned
111857,1525,unassigned
111858,1525,unassigned
111859,1525,unassigned
111860,1525,unassigned
111861,1993,Excitatory_Neuron
111862,1525,unassigned
111863,1525,unassigned
111864,1525,unassigned
111865,1525,unassigned
111866,1525,unassigned
111867,1993,Excitatory_Neuron
111868,1525,unassigned
111869,1525,unassigned
111870,1525,unassigned
111871,1525,unassigned
111872,1525,unassigned
111873,1525,unassigned
111874,1525,unassigned
111875,1525,unassigned
111876,1525,unassigned
111877,1525,unassigned
111878,1525,unassigned
111879,1525,unassigned
111880,1525,unassigned
111881,1993,Excitatory_Neuron
111882,1525,unassigned
111883,1525,unassigned
111884,1525,unassigned
111885,1525,unassigned
111886,1525,unassigned
111887,1525,unassigned
111888,1525,unassigned
111889,1525,unassigned
111890,1525,unassigned
111891,1525,unassigned
111892,1525,unassigned
111893,1525,unassigned
111894,1525,unassigned
111895,1554,unassigned
111896,1525,unassigned
111897,1525,unassigned
111898,1525,unassigned
111899,1525,unassigned
111900,1553,Excitatory_Neuron
111901,1994,unassigned
111902,1525,unassigned
111903,1525,unassigned
111904,1525,unassigned
111905,1993,Excitatory_Neuron
111906,1525,unassigned
111907,1525,unassigned
111908,1525,unassigned
111909,1525,unassigned
111910,1525,unassigned
111911,1525,unassigned
111912,1525,unassigned
111913,1525,unassigned
111914,1525,unassigned
111915,1525,unassigned
111916,1525,unassigned
111917,1525,unassigned
111918,1525,unassigned
111919,1525,unassigned
111920,1525,unassigned
111921,1525,unassigned
111922,1525,unassigned
111923,1525,unassigned
111924,1531,Excitatory_Neuron
111925,1525,unassigned
111926,1525,unassigned
111927,1525,unassigned
111928,1525,unassigned
111929,1525,unassigned
111930,1525,unassigned
111931,1525,unassigned
111932,1525,unassigned
111933,1525,unassigned
111934,1994,unassigned
111935,1525,unassigned
111936,1525,unassigned
111937,1525,unassigned
111938,1525,unassigned
111939,1525,unassigned
111940,1525,unassigned
111941,1525,unassigned
111942,1525,unassigned
111943,1525,unassigned
111944,1525,unassigned
111945,1525,unassigned
111946,1525,unassigned
111947,1525,unassigned
111948,1525,unassigned
111949,1525,unassigned
111950,1525,unassigned
111951,1525,unassigned
111952,1525,unassigned
111953,1525,unassigned
111954,1525,unassigned
111955,1525,unassigned
111956,1525,unassigned
111957,1554,unassigned
111958,1525,unassigned
111959,1525,unassigned
111960,1525,unassigned
111961,1525,unassigned
111962,1525,unassigned
111963,1554,unassigned
111964,1554,unassigned
111965,1525,unassigned
111966,1525,unassigned
111967,1525,unassigned
111968,1993,Excitatory_Neuron
111969,1525,unassigned
111970,1525,unassigned
111971,1525,unassigned
111972,1525,unassigned
111973,1554,unassigned
111974,1525,unassigned
111975,1525,unassigned
111976,1996,unassigned
111977,1525,unassigned
111978,1525,unassigned
111979,1993,Excitatory_Neuron
111980,1531,Excitatory_Neuron
111981,1525,unassigned
111982,1993,Excitatory_Neuron
111983,1525,unassigned
111984,1525,unassigned
111985,1525,unassigned
111986,1525,unassigned
111987,1525,unassigned
111988,1525,unassigned
111989,1525,unassigned
111990,1525,unassigned
111991,1994,unassigned
111992,1525,unassigned
111993,1525,unassigned
111994,1525,unassigned
111995,1525,unassigned
111996,1525,unassigned
111997,1525,unassigned
111998,1525,unassigned
111999,1525,unassigned
112000,1525,unassigned
112001,1525,unassigned
112002,1525,unassigned
112003,1554,unassigned
112004,1525,unassigned
112005,1525,unassigned
112006,1525,unassigned
112007,1525,unassigned
112008,1525,unassigned
112009,1993,Excitatory_Neuron
112010,1525,unassigned
112011,1525,unassigned
112012,1525,unassigned
112013,1525,unassigned
112014,1993,Excitatory_Neuron
112015,1525,unassigned
112016,1525,unassigned
112017,1994,unassigned
112018,1525,unassigned
112019,1525,unassigned
112020,1525,unassigned
112021,1525,unassigned
112022,1993,Excitatory_Neuron
112023,1553,Excitatory_Neuron
112024,1997,unassigned
112025,1525,unassigned
112026,1525,unassigned
112027,1525,unassigned
112028,1525,unassigned
112029,1525,unassigned
112030,1525,unassigned
112031,1525,unassigned
112032,1525,unassigned
112033,1525,unassigned
112034,1553,Excitatory_Neuron
112035,1525,unassigned
112036,1525,unassigned
112037,1525,unassigned
112038,1525,unassigned
112039,1536,Excitatory_Neuron
112040,1525,unassigned
112041,1994,unassigned
112042,1525,unassigned
112043,1993,Excitatory_Neuron
112044,1525,unassigned
112045,1525,unassigned
112046,1525,unassigned
112047,1536,Excitatory_Neuron
112048,1993,Excitatory_Neuron
112049,1553,Excitatory_Neuron
112050,1525,unassigned
112051,1525,unassigned
112052,1525,unassigned
112053,1525,unassigned
112054,1525,unassigned
112055,1994,unassigned
112056,1525,unassigned
112057,1525,unassigned
112058,1996,unassigned
112059,1525,unassigned
112060,1993,Excitatory_Neuron
112061,1525,unassigned
112062,1525,unassigned
112063,1525,unassigned
112064,1525,unassigned
112065,1994,unassigned
112066,1525,unassigned
112067,1997,unassigned
112068,1998,unassigned
112069,1525,unassigned
112070,1525,unassigned
112071,1525,unassigned
112072,1525,unassigned
112073,1525,unassigned
112074,1525,unassigned
112075,1553,Excitatory_Neuron
112076,1525,unassigned
112077,1993,Excitatory_Neuron
112078,1525,unassigned
112079,1525,unassigned
112080,1525,unassigned
112081,1998,unassigned
112082,1525,unassigned
112083,1554,unassigned
112084,1525,unassigned
112085,1525,unassigned
112086,1525,unassigned
112087,1525,unassigned
112088,1525,unassigned
112089,1553,Excitatory_Neuron
112090,1553,Excitatory_Neuron
112091,1525,unassigned
112092,1525,unassigned
112093,1525,unassigned
112094,1525,unassigned
112095,1553,Excitatory_Neuron
112096,1525,unassigned
112097,1525,unassigned
112098,1525,unassigned
112099,1999,Excitatory_Neuron
112100,1525,unassigned
112101,1525,unassigned
112102,1525,unassigned
112103,1525,unassigned
112104,1525,unassigned
112105,1536,Excitatory_Neuron
112106,1525,unassigned
112107,1525,unassigned
112108,1525,unassigned
112109,1525,unassigned
112110,1525,unassigned
112111,1525,unassigned
112112,1993,Excitatory_Neuron
112113,1525,unassigned
112114,1536,Excitatory_Neuron
112115,1525,unassigned
112116,1553,Excitatory_Neuron
112117,1525,unassigned
112118,1525,unassigned
112119,1525,unassigned
112120,1525,unassigned
112121,1525,unassigned
112122,1525,unassigned
112123,1996,unassigned
112124,1525,unassigned
112125,1525,unassigned
112126,1525,unassigned
112127,1525,unassigned
112128,1525,unassigned
112129,1993,Excitatory_Neuron
112130,1525,unassigned
112131,1525,unassigned
112132,1525,unassigned
112133,1525,unassigned
112134,1525,unassigned
112135,1993,Excitatory_Neuron
112136,1525,unassigned
112137,1525,unassigned
112138,1525,unassigned
112139,1525,unassigned
112140,1525,unassigned
112141,1525,unassigned
112142,1525,unassigned
112143,1525,unassigned
112144,1525,unassigned
112145,1525,unassigned
112146,1525,unassigned
112147,1525,unassigned
112148,1525,unassigned
112149,1525,unassigned
112150,1525,unassigned
112151,1525,unassigned
112152,1525,unassigned
112153,1525,unassigned
112154,1525,unassigned
112155,1999,Excitatory_Neuron
112156,1525,unassigned
112157,1525,unassigned
112158,1525,unassigned
112159,1525,unassigned
112160,1525,unassigned
112161,1525,unassigned
112162,1525,unassigned
112163,1999,Excitatory_Neuron
112164,1999,Excitatory_Neuron
112165,1996,unassigned
112166,1525,unassigned
112167,1525,unassigned
112168,1525,unassigned
112169,1525,unassigned
112170,1525,unassigned
112171,1525,unassigned
112172,1525,unassigned
112173,1525,unassigned
112174,1531,Excitatory_Neuron
112175,1993,Excitatory_Neuron
112176,1525,unassigned
112177,1525,unassigned
112178,1993,Excitatory_Neuron
112179,1525,unassigned
112180,1525,unassigned
112181,1525,unassigned
112182,1525,unassigned
112183,1525,unassigned
112184,1525,unassigned
112185,1525,unassigned
112186,1999,Excitatory_Neuron
112187,1525,unassigned
112188,1525,unassigned
112189,1994,unassigned
112190,1525,unassigned
112191,1525,unassigned
112192,1525,unassigned
112193,1993,Excitatory_Neuron
112194,1999,Excitatory_Neuron
112195,1525,unassigned
112196,1525,unassigned
112197,1525,unassigned
112198,1999,Excitatory_Neuron
112199,1525,unassigned
112200,1525,unassigned
112201,1994,unassigned
112202,1525,unassigned
112203,1525,unassigned
112204,1525,unassigned
112205,1525,unassigned
112206,1525,unassigned
112207,1525,unassigned
112208,1525,unassigned
112209,1554,unassigned
112210,1525,unassigned
112211,1525,unassigned
112212,1525,unassigned
112213,1525,unassigned
112214,1993,Excitatory_Neuron
112215,1525,unassigned
112216,1525,unassigned
112217,1997,unassigned
112218,1525,unassigned
112219,1525,unassigned
112220,1525,unassigned
112221,1525,unassigned
112222,1999,Excitatory_Neuron
112223,1999,Excitatory_Neuron
112224,1525,unassigned
112225,1525,unassigned
112226,1525,unassigned
112227,1525,unassigned
112228,1525,unassigned
112229,1999,Excitatory_Neuron
112230,1525,unassigned
112231,1525,unassigned
112232,1994,unassigned
112233,1525,unassigned
112234,1525,unassigned
112235,1525,unassigned
112236,1553,Excitatory_Neuron
112237,1525,unassigned
112238,1525,unassigned
112239,1993,Excitatory_Neuron
112240,1993,Excitatory_Neuron
112241,1525,unassigned
112242,1525,unassigned
112243,1525,unassigned
112244,1525,unassigned
112245,1531,Excitatory_Neuron
112246,1996,unassigned
112247,1525,unassigned
112248,1525,unassigned
112249,1525,unassigned
112250,1525,unassigned
112251,1525,unassigned
112252,1993,Excitatory_Neuron
112253,1525,unassigned
112254,1525,unassigned
112255,1525,unassigned
112256,1993,Excitatory_Neuron
112257,1993,Excitatory_Neuron
112258,1993,Excitatory_Neuron
112259,1525,unassigned
112260,1525,unassigned
112261,1993,Excitatory_Neuron
112262,1525,unassigned
112263,1525,unassigned
112264,1525,unassigned
112265,1993,Excitatory_Neuron
112266,1531,Excitatory_Neuron
112267,1525,unassigned
112268,1525,unassigned
112269,1525,unassigned
112270,1525,unassigned
112271,1525,unassigned
112272,1525,unassigned
112273,1525,unassigned
112274,1525,unassigned
112275,1525,unassigned
112276,1525,unassigned
112277,1997,unassigned
112278,1999,Excitatory_Neuron
112279,1525,unassigned
112280,1997,unassigned
112281,1525,unassigned
112282,1525,unassigned
112283,1525,unassigned
112284,1525,unassigned
112285,1525,unassigned
112286,1531,Excitatory_Neuron
112287,1993,Excitatory_Neuron
112288,1993,Excitatory_Neuron
112289,1525,unassigned
112290,1525,unassigned
112291,1525,unassigned
112292,1993,Excitatory_Neuron
112293,1993,Excitatory_Neuron
112294,1525,unassigned
112295,1993,Excitatory_Neuron
112296,1999,Excitatory_Neuron
112297,1525,unassigned
112298,1525,unassigned
112299,1531,Excitatory_Neuron
112300,1525,unassigned
112301,1525,unassigned
112302,1553,Excitatory_Neuron
112303,1997,unassigned
112304,1525,unassigned
112305,1525,unassigned
112306,1525,unassigned
112307,1525,unassigned
112308,1525,unassigned
112309,1531,Excitatory_Neuron
112310,1999,Excitatory_Neuron
112311,1525,unassigned
112312,1525,unassigned
112313,1997,unassigned
112314,1525,unassigned
112315,1525,unassigned
112316,1525,unassigned
112317,1553,Excitatory_Neuron
112318,1997,unassigned
112319,1525,unassigned
112320,1993,Excitatory_Neuron
112321,1996,unassigned
112322,1525,unassigned
112323,1553,Excitatory_Neuron
112324,1554,unassigned
112325,1525,unassigned
112326,1525,unassigned
112327,1525,unassigned
112328,1525,unassigned
112329,1993,Excitatory_Neuron
112330,1999,Excitatory_Neuron
112331,1525,unassigned
112332,1525,unassigned
112333,1531,Excitatory_Neuron
112334,1525,unassigned
112335,1994,unassigned
112336,1525,unassigned
112337,1525,unassigned
112338,1993,Excitatory_Neuron
112339,1525,unassigned
112340,1525,unassigned
112341,1525,unassigned
112342,1525,unassigned
112343,1525,unassigned
112344,1999,Excitatory_Neuron
112345,1996,unassigned
112346,1525,unassigned
112347,1525,unassigned
112348,1525,unassigned
112349,1525,unassigned
112350,1525,unassigned
112351,1525,unassigned
112352,1531,Excitatory_Neuron
112353,1525,unassigned
112354,1525,unassigned
112355,1993,Excitatory_Neuron
112356,1993,Excitatory_Neuron
112357,1993,Excitatory_Neuron
112358,1525,unassigned
112359,1525,unassigned
112360,1525,unassigned
112361,1996,unassigned
112362,1525,unassigned
112363,1525,unassigned
112364,1525,unassigned
112365,1525,unassigned
112366,1525,unassigned
112367,1525,unassigned
112368,1525,unassigned
112369,1553,Excitatory_Neuron
112370,1525,unassigned
112371,1993,Excitatory_Neuron
112372,1993,Excitatory_Neuron
112373,1996,unassigned
112374,1996,unassigned
112375,1525,unassigned
112376,1525,unassigned
112377,1525,unassigned
112378,1525,unassigned
112379,1993,Excitatory_Neuron
112380,1525,unassigned
112381,1525,unassigned
112382,1525,unassigned
112383,1531,Excitatory_Neuron
112384,1993,Excitatory_Neuron
112385,1525,unassigned
112386,1525,unassigned
112387,1536,Excitatory_Neuron
112388,1525,unassigned
112389,1525,unassigned
112390,1525,unassigned
112391,1993,Excitatory_Neuron
112392,1525,unassigned
112393,1999,Excitatory_Neuron
112394,1996,unassigned
112395,1994,unassigned
112396,1525,unassigned
112397,1525,unassigned
112398,1525,unassigned
112399,1993,Excitatory_Neuron
112400,1993,Excitatory_Neuron
112401,1525,unassigned
112402,1525,unassigned
112403,1993,Excitatory_Neuron
112404,1536,Excitatory_Neuron
112405,1525,unassigned
112406,1525,unassigned
112407,1525,unassigned
112408,1993,Excitatory_Neuron
112409,1993,Excitatory_Neuron
112410,1536,Excitatory_Neuron
112411,1525,unassigned
112412,1525,unassigned
112413,1993,Excitatory_Neuron
112414,1525,unassigned
112415,1996,unassigned
112416,1525,unassigned
112417,1525,unassigned
112418,1993,Excitatory_Neuron
112419,1525,unassigned
112420,1999,Excitatory_Neuron
112421,1525,unassigned
112422,1525,unassigned
112423,1525,unassigned
112424,1993,Excitatory_Neuron
112425,1525,unassigned
112426,1525,unassigned
112427,1525,unassigned
112428,1525,unassigned
112429,1997,unassigned
112430,1536,Excitatory_Neuron
112431,1525,unassigned
112432,1525,unassigned
112433,1993,Excitatory_Neuron
112434,1525,unassigned
112435,1525,unassigned
112436,1525,unassigned
112437,1525,unassigned
112438,1525,unassigned
112439,1531,Excitatory_Neuron
112440,1996,unassigned
112441,1525,unassigned
112442,1525,unassigned
112443,1999,Excitatory_Neuron
112444,1525,unassigned
112445,1994,unassigned
112446,1525,unassigned
112447,1525,unassigned
112448,1993,Excitatory_Neuron
112449,1525,unassigned
112450,1531,Excitatory_Neuron
112451,1993,Excitatory_Neuron
112452,1525,unassigned
112453,1525,unassigned
112454,1999,Excitatory_Neuron
112455,1525,unassigned
112456,1525,unassigned
112457,1525,unassigned
112458,1525,unassigned
112459,1525,unassigned
112460,1993,Excitatory_Neuron
112461,1993,Excitatory_Neuron
112462,1525,unassigned
112463,1525,unassigned
112464,1999,Excitatory_Neuron
112465,1525,unassigned
112466,1525,unassigned
112467,1525,unassigned
112468,1525,unassigned
112469,1525,unassigned
112470,1525,unassigned
112471,1525,unassigned
112472,1525,unassigned
112473,1993,Excitatory_Neuron
112474,1525,unassigned
112475,1999,Excitatory_Neuron
112476,1525,unassigned
112477,1997,unassigned
112478,1525,unassigned
112479,1525,unassigned
112480,1525,unassigned
112481,1525,unassigned
112482,1525,unassigned
112483,1525,unassigned
112484,1525,unassigned
112485,1525,unassigned
112486,1525,unassigned
112487,1994,unassigned
112488,1525,unassigned
112489,1525,unassigned
112490,1525,unassigned
112491,1536,Excitatory_Neuron
112492,1525,unassigned
112493,1525,unassigned
112494,1525,unassigned
112495,1993,Excitatory_Neuron
112496,1999,Excitatory_Neuron
112497,1525,unassigned
112498,1525,unassigned
112499,1525,unassigned
112500,1993,Excitatory_Neuron
112501,1996,unassigned
112502,1999,Excitatory_Neuron
112503,1525,unassigned
112504,1525,unassigned
112505,1525,unassigned
112506,1525,unassigned
112507,1531,Excitatory_Neuron
112508,1525,unassigned
112509,1999,Excitatory_Neuron
112510,1525,unassigned
112511,1525,unassigned
112512,1525,unassigned
112513,1525,unassigned
112514,1525,unassigned
112515,1996,unassigned
112516,1525,unassigned
112517,1525,unassigned
112518,1525,unassigned
112519,1996,unassigned
112520,1525,unassigned
112521,1525,unassigned
112522,1525,unassigned
112523,1525,unassigned
112524,1525,unassigned
112525,1525,unassigned
112526,1993,Excitatory_Neuron
112527,1525,unassigned
112528,1525,unassigned
112529,1525,unassigned
112530,1525,unassigned
112531,1999,Excitatory_Neuron
112532,1999,Excitatory_Neuron
112533,1525,unassigned
112534,1525,unassigned
112535,1525,unassigned
112536,1525,unassigned
112537,1993,Excitatory_Neuron
112538,1993,Excitatory_Neuron
112539,1525,unassigned
112540,1525,unassigned
112541,1525,unassigned
112542,1525,unassigned
112543,1525,unassigned
112544,1525,unassigned
112545,1525,unassigned
112546,1996,unassigned
112547,1525,unassigned
112548,1993,Excitatory_Neuron
112549,1525,unassigned
112550,1525,unassigned
112551,1525,unassigned
112552,1994,unassigned
112553,1525,unassigned
112554,1525,unassigned
112555,1525,unassigned
112556,1999,Excitatory_Neuron
112557,1525,unassigned
112558,1525,unassigned
112559,1525,unassigned
112560,1525,unassigned
112561,1993,Excitatory_Neuron
112562,1525,unassigned
112563,1999,Excitatory_Neuron
112564,1996,unassigned
112565,1525,unassigned
112566,1525,unassigned
112567,1525,unassigned
112568,1525,unassigned
112569,1994,unassigned
112570,1525,unassigned
112571,1525,unassigned
112572,1525,unassigned
112573,1525,unassigned
112574,1525,unassigned
112575,1999,Excitatory_Neuron
112576,1525,unassigned
112577,1525,unassigned
112578,1525,unassigned
112579,1525,unassigned
112580,1999,Excitatory_Neuron
112581,1999,Excitatory_Neuron
112582,1996,unassigned
112583,1525,unassigned
112584,1525,unassigned
112585,1525,unassigned
112586,1525,unassigned
112587,1999,Excitatory_Neuron
112588,1525,unassigned
112589,1525,unassigned
112590,1993,Excitatory_Neuron
112591,1525,unassigned
112592,1525,unassigned
112593,1525,unassigned
112594,1999,Excitatory_Neuron
112595,1996,unassigned
112596,1525,unassigned
112597,1993,Excitatory_Neuron
112598,1993,Excitatory_Neuron
112599,1525,unassigned
112600,1525,unassigned
112601,1525,unassigned
112602,1525,unassigned
112603,1525,unassigned
112604,1525,unassigned
112605,1525,unassigned
112606,1525,unassigned
112607,1993,Excitatory_Neuron
112608,1525,unassigned
112609,1999,Excitatory_Neuron
112610,1525,unassigned
112611,1525,unassigned
112612,1999,Excitatory_Neuron
112613,1525,unassigned
112614,1525,unassigned
112615,1525,unassigned
112616,1525,unassigned
112617,1525,unassigned
112618,1996,unassigned
112619,1999,Excitatory_Neuron
112620,1525,unassigned
112621,1525,unassigned
112622,1525,unassigned
112623,1525,unassigned
112624,1993,Excitatory_Neuron
112625,1525,unassigned
112626,1525,unassigned
112627,1994,unassigned
112628,1525,unassigned
112629,1525,unassigned
112630,1525,unassigned
112631,1531,Excitatory_Neuron
112632,1999,Excitatory_Neuron
112633,1999,Excitatory_Neuron
112634,1525,unassigned
112635,1999,Excitatory_Neuron
112636,1525,unassigned
112637,1525,unassigned
112638,1525,unassigned
112639,1525,unassigned
112640,1993,Excitatory_Neuron
112641,1525,unassigned
112642,1525,unassigned
112643,1525,unassigned
112644,1525,unassigned
112645,1525,unassigned
112646,1525,unassigned
112647,1525,unassigned
112648,1525,unassigned
112649,1999,Excitatory_Neuron
112650,1553,Excitatory_Neuron
112651,1525,unassigned
112652,1525,unassigned
112653,1993,Excitatory_Neuron
112654,1993,Excitatory_Neuron
112655,1525,unassigned
112656,1525,unassigned
112657,1996,unassigned
112658,1525,unassigned
112659,1525,unassigned
112660,1525,unassigned
112661,1525,unassigned
112662,1525,unassigned
112663,1525,unassigned
112664,1525,unassigned
112665,1525,unassigned
112666,1525,unassigned
112667,1525,unassigned
112668,1525,unassigned
112669,1525,unassigned
112670,1525,unassigned
112671,1525,unassigned
112672,1553,Excitatory_Neuron
112673,1525,unassigned
112674,1525,unassigned
112675,1525,unassigned
112676,1525,unassigned
112677,1999,Excitatory_Neuron
112678,1999,Excitatory_Neuron
112679,1525,unassigned
112680,1525,unassigned
112681,1531,Excitatory_Neuron
112682,1525,unassigned
112683,1525,unassigned
112684,1525,unassigned
112685,1525,unassigned
112686,1525,unassigned
112687,1525,unassigned
112688,1525,unassigned
112689,1525,unassigned
112690,1525,unassigned
112691,1525,unassigned
112692,1525,unassigned
112693,1525,unassigned
112694,1525,unassigned
112695,1525,unassigned
112696,1525,unassigned
112697,1525,unassigned
112698,1525,unassigned
112699,1525,unassigned
112700,1525,unassigned
112701,1525,unassigned
112702,1525,unassigned
112703,1525,unassigned
112704,1525,unassigned
112705,1525,unassigned
112706,1993,Excitatory_Neuron
112707,1993,Excitatory_Neuron
112708,1994,unassigned
112709,1525,unassigned
112710,1525,unassigned
112711,1525,unassigned
112712,1525,unassigned
112713,1531,Excitatory_Neuron
112714,1999,Excitatory_Neuron
112715,1531,Excitatory_Neuron
112716,1999,Excitatory_Neuron
112717,1525,unassigned
112718,1994,unassigned
112719,1997,unassigned
112720,1525,unassigned
112721,1999,Excitatory_Neuron
112722,1999,Excitatory_Neuron
112723,1525,unassigned
112724,1525,unassigned
112725,1999,Excitatory_Neuron
112726,1525,unassigned
112727,1525,unassigned
112728,1525,unassigned
112729,1993,Excitatory_Neuron
112730,1993,Excitatory_Neuron
112731,1525,unassigned
112732,1525,unassigned
112733,1999,Excitatory_Neuron
112734,1999,Excitatory_Neuron
112735,1525,unassigned
112736,1993,Excitatory_Neuron
112737,1993,Excitatory_Neuron
112738,1525,unassigned
112739,1525,unassigned
112740,1997,unassigned
112741,1525,unassigned
112742,1525,unassigned
112743,1525,unassigned
112744,1999,Excitatory_Neuron
112745,1993,Excitatory_Neuron
112746,1525,unassigned
112747,1525,unassigned
112748,1525,unassigned
112749,1525,unassigned
112750,1525,unassigned
112751,1525,unassigned
112752,1525,unassigned
112753,1531,Excitatory_Neuron
112754,1525,unassigned
112755,1525,unassigned
112756,1525,unassigned
112757,1993,Excitatory_Neuron
112758,1531,Excitatory_Neuron
112759,1525,unassigned
112760,1525,unassigned
112761,1525,unassigned
112762,1994,unassigned
112763,1525,unassigned
112764,1525,unassigned
112765,1525,unassigned
112766,1999,Excitatory_Neuron
112767,1525,unassigned
112768,1525,unassigned
112769,1999,Excitatory_Neuron
112770,1525,unassigned
112771,1525,unassigned
112772,1525,unassigned
112773,1993,Excitatory_Neuron
112774,1531,Excitatory_Neuron
112775,1531,Excitatory_Neuron
112776,1525,unassigned
112777,1525,unassigned
112778,1525,unassigned
112779,1525,unassigned
112780,1525,unassigned
112781,1525,unassigned
112782,1525,unassigned
112783,1525,unassigned
112784,1525,unassigned
112785,1525,unassigned
112786,1531,Excitatory_Neuron
112787,1999,Excitatory_Neuron
112788,1525,unassigned
112789,1525,unassigned
112790,1525,unassigned
112791,1525,unassigned
112792,1999,Excitatory_Neuron
112793,1525,unassigned
112794,1525,unassigned
112795,1525,unassigned
112796,1525,unassigned
112797,1525,unassigned
112798,1999,Excitatory_Neuron
112799,1525,unassigned
112800,1525,unassigned
112801,1525,unassigned
112802,1525,unassigned
112803,1525,unassigned
112804,1531,Excitatory_Neuron
112805,1525,unassigned
112806,1525,unassigned
112807,1525,unassigned
112808,1525,unassigned
112809,1525,unassigned
112810,1525,unassigned
112811,1525,unassigned
112812,1997,unassigned
112813,1525,unassigned
112814,1525,unassigned
112815,1525,unassigned
112816,1525,unassigned
112817,1525,unassigned
112818,1525,unassigned
112819,1999,Excitatory_Neuron
112820,1525,unassigned
112821,1525,unassigned
112822,1525,unassigned
112823,1525,unassigned
112824,1999,Excitatory_Neuron
112825,1525,unassigned
112826,1525,unassigned
112827,1525,unassigned
112828,1525,unassigned
112829,1525,unassigned
112830,1536,Excitatory_Neuron
112831,1525,unassigned
112832,1525,unassigned
112833,1525,unassigned
112834,1525,unassigned
112835,1525,unassigned
112836,1525,unassigned
112837,1553,Excitatory_Neuron
112838,1525,unassigned
112839,1525,unassigned
112840,1525,unassigned
112841,1525,unassigned
112842,1525,unassigned
112843,1525,unassigned
112844,1525,unassigned
112845,1993,Excitatory_Neuron
112846,1525,unassigned
112847,1993,Excitatory_Neuron
112848,1536,Excitatory_Neuron
112849,1999,Excitatory_Neuron
112850,1525,unassigned
112851,1525,unassigned
112852,1525,unassigned
112853,1525,unassigned
112854,1525,unassigned
112855,1525,unassigned
112856,1525,unassigned
112857,1525,unassigned
112858,1999,Excitatory_Neuron
112859,1553,Excitatory_Neuron
112860,1525,unassigned
112861,1525,unassigned
112862,1525,unassigned
112863,1525,unassigned
112864,1525,unassigned
112865,1525,unassigned
112866,1531,Excitatory_Neuron
112867,1993,Excitatory_Neuron
112868,1525,unassigned
112869,1525,unassigned
112870,1525,unassigned
112871,1525,unassigned
112872,1993,Excitatory_Neuron
112873,1525,unassigned
112874,1536,Excitatory_Neuron
112875,1525,unassigned
112876,1525,unassigned
112877,1553,Excitatory_Neuron
112878,1525,unassigned
112879,1525,unassigned
112880,1525,unassigned
112881,1993,Excitatory_Neuron
112882,1999,Excitatory_Neuron
112883,1525,unassigned
112884,1999,Excitatory_Neuron
112885,1525,unassigned
112886,1525,unassigned
112887,1525,unassigned
112888,1525,unassigned
112889,1525,unassigned
112890,1993,Excitatory_Neuron
112891,1525,unassigned
112892,1999,Excitatory_Neuron
112893,1525,unassigned
112894,1525,unassigned
112895,1525,unassigned
112896,1993,Excitatory_Neuron
112897,1999,Excitatory_Neuron
112898,1525,unassigned
112899,1994,unassigned
112900,1525,unassigned
112901,1999,Excitatory_Neuron
112902,1525,unassigned
112903,1525,unassigned
112904,1525,unassigned
112905,1525,unassigned
112906,1999,Excitatory_Neuron
112907,1525,unassigned
112908,1525,unassigned
112909,1994,unassigned
112910,1525,unassigned
112911,1525,unassigned
112912,1531,Excitatory_Neuron
112913,1993,Excitatory_Neuron
112914,1525,unassigned
112915,1999,Excitatory_Neuron
112916,1999,Excitatory_Neuron
112917,1525,unassigned
112918,1525,unassigned
112919,1525,unassigned
112920,1525,unassigned
112921,1525,unassigned
112922,1993,Excitatory_Neuron
112923,1525,unassigned
112924,1525,unassigned
112925,1525,unassigned
112926,1525,unassigned
112927,1525,unassigned
112928,1525,unassigned
112929,1999,Excitatory_Neuron
112930,1525,unassigned
112931,1525,unassigned
112932,1525,unassigned
112933,2000,unassigned
112934,1525,unassigned
112935,1525,unassigned
112936,1993,Excitatory_Neuron
112937,1525,unassigned
112938,1525,unassigned
112939,1553,Excitatory_Neuron
112940,1525,unassigned
112941,1525,unassigned
112942,1525,unassigned
112943,1525,unassigned
112944,1525,unassigned
112945,1999,Excitatory_Neuron
112946,1999,Excitatory_Neuron
112947,1525,unassigned
112948,1994,unassigned
112949,1525,unassigned
112950,1525,unassigned
112951,1525,unassigned
112952,1993,Excitatory_Neuron
112953,1525,unassigned
112954,1999,Excitatory_Neuron
112955,2000,unassigned
112956,1525,unassigned
112957,1993,Excitatory_Neuron
112958,1525,unassigned
112959,1525,unassigned
112960,1993,Excitatory_Neuron
112961,1525,unassigned
112962,1525,unassigned
112963,1994,unassigned
112964,1525,unassigned
112965,1993,Excitatory_Neuron
112966,1999,Excitatory_Neuron
112967,1525,unassigned
112968,1525,unassigned
112969,1525,unassigned
112970,1525,unassigned
112971,1525,unassigned
112972,1624,unassigned
112973,1525,unassigned
112974,1525,unassigned
112975,1525,unassigned
112976,1525,unassigned
112977,1993,Excitatory_Neuron
112978,1999,Excitatory_Neuron
112979,2000,unassigned
112980,1525,unassigned
112981,1525,unassigned
112982,1993,Excitatory_Neuron
112983,1531,Excitatory_Neuron
112984,1525,unassigned
112985,1999,Excitatory_Neuron
112986,1525,unassigned
112987,1525,unassigned
112988,1525,unassigned
112989,1993,Excitatory_Neuron
112990,1997,unassigned
112991,1525,unassigned
112992,1525,unassigned
112993,1525,unassigned
112994,1525,unassigned
112995,1525,unassigned
112996,1525,unassigned
112997,1525,unassigned
112998,1525,unassigned
112999,1525,unassigned
113000,1525,unassigned
113001,1525,unassigned
113002,1525,unassigned
113003,1525,unassigned
113004,1525,unassigned
113005,1525,unassigned
113006,1525,unassigned
113007,1525,unassigned
113008,1525,unassigned
113009,1525,unassigned
113010,1525,unassigned
113011,1531,Excitatory_Neuron
113012,1531,Excitatory_Neuron
113013,1999,Excitatory_Neuron
113014,1525,unassigned
113015,1997,unassigned
113016,1525,unassigned
113017,1525,unassigned
113018,1525,unassigned
113019,1525,unassigned
113020,1525,unassigned
113021,1525,unassigned
113022,1993,Excitatory_Neuron
113023,1999,Excitatory_Neuron
113024,1525,unassigned
113025,1525,unassigned
113026,1525,unassigned
113027,1525,unassigned
113028,1525,unassigned
113029,2000,unassigned
113030,1525,unassigned
113031,1993,Excitatory_Neuron
113032,1525,unassigned
113033,1525,unassigned
113034,1525,unassigned
113035,1999,Excitatory_Neuron
113036,1525,unassigned
113037,1525,unassigned
113038,1525,unassigned
113039,1525,unassigned
113040,1525,unassigned
113041,1525,unassigned
113042,1525,unassigned
113043,2001,unassigned
113044,1525,unassigned
113045,1525,unassigned
113046,1525,unassigned
113047,1525,unassigned
113048,1525,unassigned
113049,1999,Excitatory_Neuron
113050,1525,unassigned
113051,1525,unassigned
113052,1525,unassigned
113053,1525,unassigned
113054,1525,unassigned
113055,1531,Excitatory_Neuron
113056,1993,Excitatory_Neuron
113057,1999,Excitatory_Neuron
113058,1525,unassigned
113059,1525,unassigned
113060,1525,unassigned
113061,1525,unassigned
113062,1525,unassigned
113063,1525,unassigned
113064,1993,Excitatory_Neuron
113065,1553,Excitatory_Neuron
113066,1525,unassigned
113067,1525,unassigned
113068,1999,Excitatory_Neuron
113069,1525,unassigned
113070,1525,unassigned
113071,1525,unassigned
113072,1525,unassigned
113073,1525,unassigned
113074,1525,unassigned
113075,1525,unassigned
113076,1525,unassigned
113077,1525,unassigned
113078,1525,unassigned
113079,1525,unassigned
113080,1525,unassigned
113081,1525,unassigned
113082,1525,unassigned
113083,1525,unassigned
113084,1525,unassigned
113085,1525,unassigned
113086,1525,unassigned
113087,1525,unassigned
113088,1525,unassigned
113089,1993,Excitatory_Neuron
113090,1993,Excitatory_Neuron
113091,1615,unassigned
113092,1525,unassigned
113093,1525,unassigned
113094,1525,unassigned
113095,1525,unassigned
113096,1525,unassigned
113097,1525,unassigned
113098,1525,unassigned
113099,1525,unassigned
113100,1525,unassigned
113101,1993,Excitatory_Neuron
113102,1531,Excitatory_Neuron
113103,1525,unassigned
113104,1525,unassigned
113105,1525,unassigned
113106,1525,unassigned
113107,1525,unassigned
113108,1525,unassigned
113109,1525,unassigned
113110,1525,unassigned
113111,1525,unassigned
113112,1525,unassigned
113113,1525,unassigned
113114,1525,unassigned
113115,1525,unassigned
113116,1525,unassigned
113117,1525,unassigned
113118,1525,unassigned
113119,1997,unassigned
113120,1525,unassigned
113121,1525,unassigned
113122,1525,unassigned
113123,1525,unassigned
113124,1525,unassigned
113125,1525,unassigned
113126,1993,Excitatory_Neuron
113127,1525,unassigned
113128,1525,unassigned
113129,1525,unassigned
113130,1525,unassigned
113131,1525,unassigned
113132,1525,unassigned
113133,1525,unassigned
113134,1525,unassigned
113135,1525,unassigned
113136,1525,unassigned
113137,1525,unassigned
113138,1525,unassigned
113139,1525,unassigned
113140,1525,unassigned
113141,1525,unassigned
113142,1997,unassigned
113143,2001,unassigned
113144,1999,Excitatory_Neuron
113145,1525,unassigned
113146,1525,unassigned
113147,1525,unassigned
113148,1525,unassigned
113149,1525,unassigned
113150,1525,unassigned
113151,1525,unassigned
113152,1525,unassigned
113153,1525,unassigned
113154,1525,unassigned
113155,1525,unassigned
113156,1525,unassigned
113157,1525,unassigned
113158,1525,unassigned
113159,1525,unassigned
113160,1525,unassigned
113161,1525,unassigned
113162,1525,unassigned
113163,1525,unassigned
113164,1525,unassigned
113165,1525,unassigned
113166,1525,unassigned
113167,1525,unassigned
113168,1525,unassigned
113169,1525,unassigned
113170,1525,unassigned
113171,1525,unassigned
113172,1525,unassigned
113173,1525,unassigned
113174,1525,unassigned
113175,1525,unassigned
113176,1525,unassigned
113177,1525,unassigned
113178,1525,unassigned
113179,1525,unassigned
113180,1525,unassigned
113181,1525,unassigned
113182,1525,unassigned
113183,1525,unassigned
113184,1525,unassigned
113185,1525,unassigned
113186,1525,unassigned
113187,1525,unassigned
113188,1999,Excitatory_Neuron
113189,1525,unassigned
113190,1525,unassigned
113191,1525,unassigned
113192,1525,unassigned
113193,1525,unassigned
113194,1525,unassigned
113195,1525,unassigned
113196,1999,Excitatory_Neuron
113197,1525,unassigned
113198,1525,unassigned
113199,1525,unassigned
113200,1525,unassigned
113201,2001,unassigned
113202,1525,unassigned
113203,1531,Excitatory_Neuron
113204,1525,unassigned
113205,1525,unassigned
113206,1999,Excitatory_Neuron
113207,1525,unassigned
113208,1525,unassigned
113209,1525,unassigned
113210,1525,unassigned
113211,1525,unassigned
113212,1525,unassigned
113213,1525,unassigned
113214,1525,unassigned
113215,1525,unassigned
113216,1525,unassigned
113217,1525,unassigned
113218,1525,unassigned
113219,1525,unassigned
113220,2001,unassigned
113221,1525,unassigned
113222,1525,unassigned
113223,1525,unassigned
113224,1525,unassigned
113225,1525,unassigned
113226,1993,Excitatory_Neuron
113227,1993,Excitatory_Neuron
113228,1525,unassigned
113229,1525,unassigned
113230,1525,unassigned
113231,1993,Excitatory_Neuron
113232,1525,unassigned
113233,1525,unassigned
113234,1525,unassigned
113235,1999,Excitatory_Neuron
113236,1999,Excitatory_Neuron
113237,1525,unassigned
113238,1525,unassigned
113239,1525,unassigned
113240,2001,unassigned
113241,1525,unassigned
113242,1525,unassigned
113243,1525,unassigned
113244,1525,unassigned
113245,1525,unassigned
113246,1525,unassigned
113247,1525,unassigned
113248,1525,unassigned
113249,1525,unassigned
113250,1525,unassigned
113251,1525,unassigned
113252,1525,unassigned
113253,1525,unassigned
113254,1525,unassigned
113255,1525,unassigned
113256,1525,unassigned
113257,1993,Excitatory_Neuron
113258,1525,unassigned
113259,1525,unassigned
113260,1525,unassigned
113261,1525,unassigned
113262,1525,unassigned
113263,1525,unassigned
113264,2001,unassigned
113265,1525,unassigned
113266,1525,unassigned
113267,1525,unassigned
113268,1525,unassigned
113269,1525,unassigned
113270,1525,unassigned
113271,1525,unassigned
113272,1525,unassigned
113273,1525,unassigned
113274,1525,unassigned
113275,1525,unassigned
113276,1525,unassigned
113277,1525,unassigned
113278,1525,unassigned
113279,1525,unassigned
113280,1525,unassigned
113281,1525,unassigned
113282,1525,unassigned
113283,1999,Excitatory_Neuron
113284,1525,unassigned
113285,1525,unassigned
113286,1525,unassigned
113287,1525,unassigned
113288,1525,unassigned
113289,1525,unassigned
113290,1615,unassigned
113291,1525,unassigned
113292,1999,Excitatory_Neuron
113293,1525,unassigned
113294,1525,unassigned
113295,2001,unassigned
113296,1525,unassigned
113297,1525,unassigned
113298,1525,unassigned
113299,1525,unassigned
113300,1525,unassigned
113301,1525,unassigned
113302,1525,unassigned
113303,1993,Excitatory_Neuron
113304,1525,unassigned
113305,1525,unassigned
113306,1525,unassigned
113307,1525,unassigned
113308,1525,unassigned
113309,1525,unassigned
113310,1525,unassigned
113311,1525,unassigned
113312,1525,unassigned
113313,1525,unassigned
113314,1525,unassigned
113315,1525,unassigned
113316,1525,unassigned
113317,1525,unassigned
113318,1525,unassigned
113319,1525,unassigned
113320,1525,unassigned
113321,1525,unassigned
113322,1525,unassigned
113323,1525,unassigned
113324,1525,unassigned
113325,1525,unassigned
113326,1525,unassigned
113327,1525,unassigned
113328,1525,unassigned
113329,1525,unassigned
113330,1525,unassigned
113331,1525,unassigned
113332,1525,unassigned
113333,1525,unassigned
113334,1525,unassigned
113335,1525,unassigned
113336,1525,unassigned
113337,1525,unassigned
113338,1525,unassigned
113339,1525,unassigned
113340,1525,unassigned
113341,1525,unassigned
113342,1525,unassigned
113343,1525,unassigned
113344,1525,unassigned
113345,1525,unassigned
113346,1525,unassigned
113347,1997,unassigned
113348,1525,unassigned
113349,1525,unassigned
113350,1525,unassigned
113351,1525,unassigned
113352,1525,unassigned
113353,1525,unassigned
113354,1999,Excitatory_Neuron
113355,1525,unassigned
113356,1525,unassigned
113357,1525,unassigned
113358,1525,unassigned
113359,1525,unassigned
113360,1525,unassigned
113361,1525,unassigned
113362,1993,Excitatory_Neuron
113363,1525,unassigned
113364,1525,unassigned
113365,1525,unassigned
113366,1525,unassigned
113367,1525,unassigned
113368,1525,unassigned
113369,1525,unassigned
113370,2001,unassigned
113371,1999,Excitatory_Neuron
113372,1525,unassigned
113373,1525,unassigned
113374,1525,unassigned
113375,1525,unassigned
113376,1999,Excitatory_Neuron
113377,1525,unassigned
113378,2001,unassigned
113379,1525,unassigned
113380,1525,unassigned
113381,1525,unassigned
113382,1525,unassigned
113383,1525,unassigned
113384,1525,unassigned
113385,1525,unassigned
113386,1525,unassigned
113387,1525,unassigned
113388,1525,unassigned
113389,1525,unassigned
113390,1525,unassigned
113391,1525,unassigned
113392,1525,unassigned
113393,1525,unassigned
113394,1525,unassigned
113395,1525,unassigned
113396,1525,unassigned
113397,1999,Excitatory_Neuron
113398,1525,unassigned
113399,1999,Excitatory_Neuron
113400,1525,unassigned
113401,1525,unassigned
113402,1525,unassigned
113403,2001,unassigned
113404,1525,unassigned
113405,1525,unassigned
113406,1525,unassigned
113407,1525,unassigned
113408,1525,unassigned
113409,1525,unassigned
113410,1525,unassigned
113411,1525,unassigned
113412,1525,unassigned
113413,1525,unassigned
113414,1525,unassigned
113415,1525,unassigned
113416,1525,unassigned
113417,2001,unassigned
113418,1525,unassigned
113419,1525,unassigned
113420,1525,unassigned
113421,1525,unassigned
113422,1525,unassigned
113423,1525,unassigned
113424,1525,unassigned
113425,1525,unassigned
113426,1525,unassigned
113427,1525,unassigned
113428,1525,unassigned
113429,1525,unassigned
113430,1525,unassigned
113431,1525,unassigned
113432,1525,unassigned
113433,1525,unassigned
113434,1525,unassigned
113435,1525,unassigned
113436,1525,unassigned
113437,1525,unassigned
113438,1525,unassigned
113439,1525,unassigned
113440,1525,unassigned
113441,1525,unassigned
113442,1999,Excitatory_Neuron
113443,1525,unassigned
113444,1525,unassigned
113445,1525,unassigned
113446,1525,unassigned
113447,1525,unassigned
113448,1525,unassigned
113449,1525,unassigned
113450,1525,unassigned
113451,1525,unassigned
113452,1525,unassigned
113453,1525,unassigned
113454,1525,unassigned
113455,2001,unassigned
113456,1525,unassigned
113457,1525,unassigned
113458,1525,unassigned
113459,1525,unassigned
113460,1525,unassigned
113461,1525,unassigned
113462,1525,unassigned
113463,1525,unassigned
113464,1525,unassigned
113465,1525,unassigned
113466,1525,unassigned
113467,1525,unassigned
113468,1525,unassigned
113469,1525,unassigned
113470,1525,unassigned
113471,1525,unassigned
113472,1525,unassigned
113473,1525,unassigned
113474,1525,unassigned
113475,1525,unassigned
113476,1525,unassigned
113477,1999,Excitatory_Neuron
113478,1525,unassigned
113479,1525,unassigned
113480,1525,unassigned
113481,1525,unassigned
113482,1525,unassigned
113483,1999,Excitatory_Neuron
113484,1525,unassigned
113485,1525,unassigned
113486,1999,Excitatory_Neuron
113487,1525,unassigned
113488,1999,Excitatory_Neuron
113489,1525,unassigned
113490,1525,unassigned
113491,1999,Excitatory_Neuron
113492,1525,unassigned
113493,1525,unassigned
113494,1525,unassigned
113495,1525,unassigned
113496,1525,unassigned
113497,1525,unassigned
113498,1525,unassigned
113499,1525,unassigned
113500,1525,unassigned
113501,1525,unassigned
113502,1525,unassigned
113503,1525,unassigned
113504,1525,unassigned
113505,2002,unassigned
113506,2002,unassigned
113507,2002,unassigned
113508,2002,unassigned
113509,2002,unassigned
113510,2002,unassigned
113511,2002,unassigned
113512,2002,unassigned
113513,2002,unassigned
113514,2002,unassigned
113515,2002,unassigned
113516,2002,unassigned
113517,2002,unassigned
113518,2003,Astro-Epen
113519,2002,unassigned
113520,2002,unassigned
113521,2002,unassigned
113522,2002,unassigned
113523,2002,unassigned
113524,2002,unassigned
113525,2003,Astro-Epen
113526,2002,unassigned
113527,2002,unassigned
113528,2002,unassigned
113529,2002,unassigned
113530,2002,unassigned
113531,2002,unassigned
113532,2003,Astro-Epen
113533,2002,unassigned
113534,2002,unassigned
113535,2002,unassigned
113536,2002,unassigned
113537,2002,unassigned
113538,2002,unassigned
113539,2002,unassigned
113540,2002,unassigned
113541,2002,unassigned
113542,2003,Astro-Epen
113543,2002,unassigned
113544,2002,unassigned
113545,2002,unassigned
113546,2002,unassigned
113547,2002,unassigned
113548,2002,unassigned
113549,2002,unassigned
113550,2004,unassigned
113551,2004,unassigned
113552,2002,unassigned
113553,2002,unassigned
113554,2002,unassigned
113555,2002,unassigned
113556,2002,unassigned
113557,2005,GABA_Neuron
113558,2006,Vascular
113559,2002,unassigned
113560,2002,unassigned
113561,2007,GABA_Neuron
113562,2003,Astro-Epen
113563,2002,unassigned
113564,2004,unassigned
113565,2002,unassigned
113566,2002,unassigned
113567,2002,unassigned
113568,2002,unassigned
113569,2002,unassigned
113570,2002,unassigned
113571,2002,unassigned
113572,2002,unassigned
113573,2002,unassigned
113574,2002,unassigned
113575,2002,unassigned
113576,2002,unassigned
113577,2002,unassigned
113578,2005,GABA_Neuron
113579,2002,unassigned
113580,2002,unassigned
113581,2002,unassigned
113582,2002,unassigned
113583,2002,unassigned
113584,2002,unassigned
113585,2008,unassigned
113586,2002,unassigned
113587,2002,unassigned
113588,2002,unassigned
113589,2002,unassigned
113590,2009,Immune
113591,2009,Immune
113592,2009,Immune
113593,2002,unassigned
113594,2002,unassigned
113595,2002,unassigned
113596,2002,unassigned
113597,2002,unassigned
113598,2002,unassigned
113599,2010,unassigned
113600,2002,unassigned
113601,2002,unassigned
113602,2002,unassigned
113603,2002,unassigned
113604,2002,unassigned
113605,2002,unassigned
113606,2002,unassigned
113607,2002,unassigned
113608,2002,unassigned
113609,2002,unassigned
113610,2002,unassigned
113611,2002,unassigned
113612,2002,unassigned
113613,2002,unassigned
113614,2002,unassigned
113615,2011,Astro-Epen
113616,2002,unassigned
113617,2002,unassigned
113618,2002,unassigned
113619,2012,unassigned
113620,2002,unassigned
113621,2002,unassigned
113622,2002,unassigned
113623,2002,unassigned
113624,2002,unassigned
113625,2002,unassigned
113626,2002,unassigned
113627,2002,unassigned
113628,2002,unassigned
113629,2002,unassigned
113630,2002,unassigned
113631,2002,unassigned
113632,2002,unassigned
113633,2002,unassigned
113634,2002,unassigned
113635,2002,unassigned
113636,2002,unassigned
113637,2002,unassigned
113638,2002,unassigned
113639,2002,unassigned
113640,2002,unassigned
113641,2002,unassigned
113642,2002,unassigned
113643,2002,unassigned
113644,2002,unassigned
113645,2002,unassigned
113646,2002,unassigned
113647,2002,unassigned
113648,2002,unassigned
113649,2002,unassigned
113650,2002,unassigned
113651,2002,unassigned
113652,2002,unassigned
113653,2002,unassigned
113654,2002,unassigned
113655,2013,Immune
113656,2002,unassigned
113657,2002,unassigned
113658,2005,GABA_Neuron
113659,2002,unassigned
113660,2002,unassigned
113661,2008,unassigned
113662,2008,unassigned
113663,2002,unassigned
113664,2006,Vascular
113665,2002,unassigned
113666,2002,unassigned
113667,2002,unassigned
113668,2003,Astro-Epen
113669,2007,GABA_Neuron
113670,2003,Astro-Epen
113671,2002,unassigned
113672,2007,GABA_Neuron
113673,2002,unassigned
113674,2002,unassigned
113675,2004,unassigned
113676,2003,Astro-Epen
113677,2002,unassigned
113678,2002,unassigned
113679,2002,unassigned
113680,2002,unassigned
113681,2002,unassigned
113682,2002,unassigned
113683,2002,unassigned
113684,2002,unassigned
113685,2002,unassigned
113686,2002,unassigned
113687,2002,unassigned
113688,2002,unassigned
113689,2002,unassigned
113690,2003,Astro-Epen
113691,2003,Astro-Epen
113692,2002,unassigned
113693,2003,Astro-Epen
113694,2004,unassigned
113695,2002,unassigned
113696,2002,unassigned
113697,2002,unassigned
113698,2002,unassigned
113699,2002,unassigned
113700,2002,unassigned
113701,2002,unassigned
113702,2002,unassigned
113703,2002,unassigned
113704,2002,unassigned
113705,2002,unassigned
113706,2002,unassigned
113707,2002,unassigned
113708,2002,unassigned
113709,2002,unassigned
113710,2002,unassigned
113711,2002,unassigned
113712,2002,unassigned
113713,2002,unassigned
113714,2002,unassigned
113715,2002,unassigned
113716,2002,unassigned
113717,2002,unassigned
113718,2009,Immune
113719,2002,unassigned
113720,2002,unassigned
113721,2002,unassigned
113722,2002,unassigned
113723,2002,unassigned
113724,2002,unassigned
113725,2002,unassigned
113726,2013,Immune
113727,2004,unassigned
113728,2002,unassigned
113729,2002,unassigned
113730,2002,unassigned
113731,2002,unassigned
113732,2002,unassigned
113733,2002,unassigned
113734,2002,unassigned
113735,2002,unassigned
113736,2002,unassigned
113737,2002,unassigned
113738,2002,unassigned
113739,2002,unassigned
113740,2002,unassigned
113741,2002,unassigned
113742,2011,Astro-Epen
113743,2002,unassigned
113744,2002,unassigned
113745,2002,unassigned
113746,2002,unassigned
113747,2002,unassigned
113748,2002,unassigned
113749,2002,unassigned
113750,2013,Immune
113751,2002,unassigned
113752,2002,unassigned
113753,2002,unassigned
113754,2002,unassigned
113755,2002,unassigned
113756,2002,unassigned
113757,2002,unassigned
113758,2008,unassigned
113759,2009,Immune
113760,2014,unassigned
113761,2014,unassigned
113762,2002,unassigned
113763,2002,unassigned
113764,2002,unassigned
113765,2002,unassigned
113766,2002,unassigned
113767,2013,Immune
113768,2002,unassigned
113769,2002,unassigned
113770,2002,unassigned
113771,2002,unassigned
113772,2002,unassigned
113773,2002,unassigned
113774,2002,unassigned
113775,2002,unassigned
113776,2002,unassigned
113777,2002,unassigned
113778,2002,unassigned
113779,2002,unassigned
113780,2002,unassigned
113781,2002,unassigned
113782,2002,unassigned
113783,2002,unassigned
113784,2002,unassigned
113785,2002,unassigned
113786,2002,unassigned
113787,2002,unassigned
113788,2002,unassigned
113789,2002,unassigned
113790,2002,unassigned
113791,2002,unassigned
113792,2002,unassigned
113793,2002,unassigned
113794,2002,unassigned
113795,2002,unassigned
113796,2015,unassigned
113797,2002,unassigned
113798,2002,unassigned
113799,2002,unassigned
113800,2002,unassigned
113801,2002,unassigned
113802,2003,Astro-Epen
113803,2013,Immune
113804,2002,unassigned
113805,2002,unassigned
113806,2002,unassigned
113807,2002,unassigned
113808,2002,unassigned
113809,2002,unassigned
113810,2010,unassigned
113811,2010,unassigned
113812,2002,unassigned
113813,2002,unassigned
113814,2009,Immune
113815,2002,unassigned
113816,2002,unassigned
113817,2016,unassigned
113818,2002,unassigned
113819,2002,unassigned
113820,2002,unassigned
113821,2002,unassigned
113822,2002,unassigned
113823,2013,Immune
113824,2002,unassigned
113825,2002,unassigned
113826,2010,unassigned
113827,2002,unassigned
113828,2002,unassigned
113829,2008,unassigned
113830,2002,unassigned
113831,2002,unassigned
113832,2002,unassigned
113833,2002,unassigned
113834,2003,Astro-Epen
113835,2003,Astro-Epen
113836,2002,unassigned
113837,2002,unassigned
113838,2002,unassigned
113839,2002,unassigned
113840,2002,unassigned
113841,2002,unassigned
113842,2002,unassigned
113843,2002,unassigned
113844,2002,unassigned
113845,2006,Vascular
113846,2002,unassigned
113847,2008,unassigned
113848,2002,unassigned
113849,2002,unassigned
113850,2002,unassigned
113851,2013,Immune
113852,2004,unassigned
113853,2002,unassigned
113854,2002,unassigned
113855,2002,unassigned
113856,2017,unassigned
113857,2002,unassigned
113858,2002,unassigned
113859,2002,unassigned
113860,2002,unassigned
113861,2002,unassigned
113862,2002,unassigned
113863,2003,Astro-Epen
113864,2002,unassigned
113865,2002,unassigned
113866,2002,unassigned
113867,2002,unassigned
113868,2002,unassigned
113869,2002,unassigned
113870,2002,unassigned
113871,2002,unassigned
113872,2002,unassigned
113873,2002,unassigned
113874,2002,unassigned
113875,2009,Immune
113876,2002,unassigned
113877,2002,unassigned
113878,2003,Astro-Epen
113879,2003,Astro-Epen
113880,2002,unassigned
113881,2002,unassigned
113882,2013,Immune
113883,2002,unassigned
113884,2002,unassigned
113885,2002,unassigned
113886,2005,GABA_Neuron
113887,2002,unassigned
113888,2002,unassigned
113889,2002,unassigned
113890,2002,unassigned
113891,2002,unassigned
113892,2002,unassigned
113893,2018,Immune
113894,2009,Immune
113895,2002,unassigned
113896,2002,unassigned
113897,2002,unassigned
113898,2002,unassigned
113899,2002,unassigned
113900,2002,unassigned
113901,2002,unassigned
113902,2002,unassigned
113903,2002,unassigned
113904,2002,unassigned
113905,2002,unassigned
113906,2009,Immune
113907,2002,unassigned
113908,2002,unassigned
113909,2018,Immune
113910,2018,Immune
113911,2002,unassigned
113912,2002,unassigned
113913,2002,unassigned
113914,2003,Astro-Epen
113915,2002,unassigned
113916,2002,unassigned
113917,2003,Astro-Epen
113918,2003,Astro-Epen
113919,2016,unassigned
113920,2019,Immune
113921,2002,unassigned
113922,2002,unassigned
113923,2006,Vascular
113924,2002,unassigned
113925,2003,Astro-Epen
113926,2002,unassigned
113927,2002,unassigned
113928,2002,unassigned
113929,2002,unassigned
113930,2002,unassigned
113931,2002,unassigned
113932,2005,GABA_Neuron
113933,2002,unassigned
113934,2002,unassigned
113935,2002,unassigned
113936,2002,unassigned
113937,2002,unassigned
113938,2002,unassigned
113939,2002,unassigned
113940,2003,Astro-Epen
113941,2002,unassigned
113942,2002,unassigned
113943,2002,unassigned
113944,2002,unassigned
113945,2002,unassigned
113946,2002,unassigned
113947,2002,unassigned
113948,2002,unassigned
113949,2010,unassigned
113950,2002,unassigned
113951,2002,unassigned
113952,2002,unassigned
113953,2008,unassigned
113954,2006,Vascular
113955,2009,Immune
113956,2009,Immune
113957,2002,unassigned
113958,2003,Astro-Epen
113959,2002,unassigned
113960,2002,unassigned
113961,2003,Astro-Epen
113962,2003,Astro-Epen
113963,2002,unassigned
113964,2002,unassigned
113965,2002,unassigned
113966,2002,unassigned
113967,2010,unassigned
113968,2020,unassigned
113969,2002,unassigned
113970,2002,unassigned
113971,2002,unassigned
113972,2002,unassigned
113973,2002,unassigned
113974,2002,unassigned
113975,2002,unassigned
113976,2002,unassigned
113977,2002,unassigned
113978,2007,GABA_Neuron
113979,2002,unassigned
113980,2002,unassigned
113981,2002,unassigned
113982,2003,Astro-Epen
113983,2002,unassigned
113984,2002,unassigned
113985,2002,unassigned
113986,2002,unassigned
113987,2002,unassigned
113988,2002,unassigned
113989,2002,unassigned
113990,2002,unassigned
113991,2002,unassigned
113992,2002,unassigned
113993,2002,unassigned
113994,2002,unassigned
113995,2009,Immune
113996,2002,unassigned
113997,2002,unassigned
113998,2002,unassigned
113999,2009,Immune
114000,2011,Astro-Epen
114001,2011,Astro-Epen
114002,2009,Immune
114003,2002,unassigned
114004,2003,Astro-Epen
114005,2002,unassigned
114006,2003,Astro-Epen
114007,2003,Astro-Epen
114008,2013,Immune
114009,2002,unassigned
114010,2002,unassigned
114011,2002,unassigned
114012,2002,unassigned
114013,2002,unassigned
114014,2002,unassigned
114015,2002,unassigned
114016,2002,unassigned
114017,2002,unassigned
114018,2002,unassigned
114019,2011,Astro-Epen
114020,2002,unassigned
114021,2002,unassigned
114022,2002,unassigned
114023,2002,unassigned
114024,2002,unassigned
114025,2002,unassigned
114026,2002,unassigned
114027,2002,unassigned
114028,2002,unassigned
114029,2002,unassigned
114030,2005,GABA_Neuron
114031,2002,unassigned
114032,2002,unassigned
114033,2002,unassigned
114034,2002,unassigned
114035,2002,unassigned
114036,2002,unassigned
114037,2002,unassigned
114038,2002,unassigned
114039,2002,unassigned
114040,2002,unassigned
114041,2002,unassigned
114042,2016,unassigned
114043,2002,unassigned
114044,2002,unassigned
114045,2002,unassigned
114046,2002,unassigned
114047,2010,unassigned
114048,2005,GABA_Neuron
114049,2002,unassigned
114050,2011,Astro-Epen
114051,2002,unassigned
114052,2002,unassigned
114053,2002,unassigned
114054,2002,unassigned
114055,2002,unassigned
114056,2003,Astro-Epen
114057,2002,unassigned
114058,2021,unassigned
114059,2002,unassigned
114060,2002,unassigned
114061,2002,unassigned
114062,2002,unassigned
114063,2002,unassigned
114064,2020,unassigned
114065,2002,unassigned
114066,2005,GABA_Neuron
114067,2002,unassigned
114068,2002,unassigned
114069,2002,unassigned
114070,2002,unassigned
114071,2002,unassigned
114072,2002,unassigned
114073,2002,unassigned
114074,2002,unassigned
114075,2002,unassigned
114076,2003,Astro-Epen
114077,2002,unassigned
114078,2004,unassigned
114079,2002,unassigned
114080,2002,unassigned
114081,2002,unassigned
114082,2002,unassigned
114083,2005,GABA_Neuron
114084,2005,GABA_Neuron
114085,2002,unassigned
114086,2011,Astro-Epen
114087,2011,Astro-Epen
114088,2018,Immune
114089,2002,unassigned
114090,2002,unassigned
114091,2002,unassigned
114092,2003,Astro-Epen
114093,2002,unassigned
114094,2002,unassigned
114095,2002,unassigned
114096,2004,unassigned
114097,2002,unassigned
114098,2002,unassigned
114099,2002,unassigned
114100,2002,unassigned
114101,2005,GABA_Neuron
114102,2002,unassigned
114103,2002,unassigned
114104,2002,unassigned
114105,2002,unassigned
114106,2002,unassigned
114107,2002,unassigned
114108,2002,unassigned
114109,2011,Astro-Epen
114110,2002,unassigned
114111,2002,unassigned
114112,2002,unassigned
114113,2016,unassigned
114114,2002,unassigned
114115,2002,unassigned
114116,2004,unassigned
114117,2002,unassigned
114118,2002,unassigned
114119,2002,unassigned
114120,2019,Immune
114121,2002,unassigned
114122,2002,unassigned
114123,2002,unassigned
114124,2020,unassigned
114125,2005,GABA_Neuron
114126,2005,GABA_Neuron
114127,2005,GABA_Neuron
114128,2002,unassigned
114129,2002,unassigned
114130,2002,unassigned
114131,2002,unassigned
114132,2002,unassigned
114133,2011,Astro-Epen
114134,2002,unassigned
114135,2002,unassigned
114136,2011,Astro-Epen
114137,2002,unassigned
114138,2002,unassigned
114139,2002,unassigned
114140,2003,Astro-Epen
114141,2004,unassigned
114142,2013,Immune
114143,2016,unassigned
114144,2002,unassigned
114145,2004,unassigned
114146,2002,unassigned
114147,2002,unassigned
114148,2016,unassigned
114149,2002,unassigned
114150,2002,unassigned
114151,2022,unassigned
114152,2002,unassigned
114153,2005,GABA_Neuron
114154,2002,unassigned
114155,2002,unassigned
114156,2023,Astro-Epen
114157,2002,unassigned
114158,2009,Immune
114159,2011,Astro-Epen
114160,2011,Astro-Epen
114161,2003,Astro-Epen
114162,2002,unassigned
114163,2002,unassigned
114164,2002,unassigned
114165,2004,unassigned
114166,2002,unassigned
114167,2002,unassigned
114168,2020,unassigned
114169,2002,unassigned
114170,2008,unassigned
114171,2008,unassigned
114172,2002,unassigned
114173,2002,unassigned
114174,2002,unassigned
114175,2002,unassigned
114176,2018,Immune
114177,2002,unassigned
114178,2016,unassigned
114179,2002,unassigned
114180,2013,Immune
114181,2002,unassigned
114182,2002,unassigned
114183,2002,unassigned
114184,2002,unassigned
114185,2020,unassigned
114186,2002,unassigned
114187,2002,unassigned
114188,2002,unassigned
114189,2002,unassigned
114190,2002,unassigned
114191,2002,unassigned
114192,2002,unassigned
114193,2002,unassigned
114194,2024,unassigned
114195,2007,GABA_Neuron
114196,2002,unassigned
114197,2002,unassigned
114198,2002,unassigned
114199,2002,unassigned
114200,2002,unassigned
114201,2005,GABA_Neuron
114202,2020,unassigned
114203,2002,unassigned
114204,2002,unassigned
114205,2011,Astro-Epen
114206,2003,Astro-Epen
114207,2002,unassigned
114208,2002,unassigned
114209,2002,unassigned
114210,2002,unassigned
114211,2002,unassigned
114212,2002,unassigned
114213,2002,unassigned
114214,2002,unassigned
114215,2002,unassigned
114216,2002,unassigned
114217,2002,unassigned
114218,2011,Astro-Epen
114219,2002,unassigned
114220,2011,Astro-Epen
114221,2002,unassigned
114222,2009,Immune
114223,2002,unassigned
114224,2002,unassigned
114225,2003,Astro-Epen
114226,2003,Astro-Epen
114227,2002,unassigned
114228,2004,unassigned
114229,2003,Astro-Epen
114230,2002,unassigned
114231,2002,unassigned
114232,2002,unassigned
114233,2002,unassigned
114234,2002,unassigned
114235,2008,unassigned
114236,2002,unassigned
114237,2006,Vascular
114238,2002,unassigned
114239,2002,unassigned
114240,2011,Astro-Epen
114241,2002,unassigned
114242,2003,Astro-Epen
114243,2002,unassigned
114244,2002,unassigned
114245,2002,unassigned
114246,2002,unassigned
114247,2002,unassigned
114248,2002,unassigned
114249,2002,unassigned
114250,2010,unassigned
114251,2002,unassigned
114252,2020,unassigned
114253,2020,unassigned
114254,2002,unassigned
114255,2002,unassigned
114256,2002,unassigned
114257,2002,unassigned
114258,2002,unassigned
114259,2002,unassigned
114260,2002,unassigned
114261,2002,unassigned
114262,2002,unassigned
114263,2002,unassigned
114264,2013,Immune
114265,2002,unassigned
114266,2002,unassigned
114267,2002,unassigned
114268,2002,unassigned
114269,2005,GABA_Neuron
114270,2005,GABA_Neuron
114271,2002,unassigned
114272,2005,GABA_Neuron
114273,2009,Immune
114274,2011,Astro-Epen
114275,2002,unassigned
114276,2002,unassigned
114277,2003,Astro-Epen
114278,2003,Astro-Epen
114279,2007,GABA_Neuron
114280,2003,Astro-Epen
114281,2002,unassigned
114282,2002,unassigned
114283,2002,unassigned
114284,2016,unassigned
114285,2002,unassigned
114286,2002,unassigned
114287,2010,unassigned
114288,2002,unassigned
114289,2002,unassigned
114290,2002,unassigned
114291,2002,unassigned
114292,2002,unassigned
114293,2002,unassigned
114294,2007,GABA_Neuron
114295,2013,Immune
114296,2002,unassigned
114297,2002,unassigned
114298,2002,unassigned
114299,2019,Immune
114300,2010,unassigned
114301,2005,GABA_Neuron
114302,2005,GABA_Neuron
114303,2020,unassigned
114304,2002,unassigned
114305,2005,GABA_Neuron
114306,2002,unassigned
114307,2008,unassigned
114308,2002,unassigned
114309,2002,unassigned
114310,2002,unassigned
114311,2002,unassigned
114312,2009,Immune
114313,2011,Astro-Epen
114314,2002,unassigned
114315,2002,unassigned
114316,2004,unassigned
114317,2002,unassigned
114318,2002,unassigned
114319,2013,Immune
114320,2002,unassigned
114321,2002,unassigned
114322,2010,unassigned
114323,2005,GABA_Neuron
114324,2005,GABA_Neuron
114325,2002,unassigned
114326,2002,unassigned
114327,2002,unassigned
114328,2002,unassigned
114329,2002,unassigned
114330,2003,Astro-Epen
114331,2003,Astro-Epen
114332,2024,unassigned
114333,2002,unassigned
114334,2007,GABA_Neuron
114335,2002,unassigned
114336,2002,unassigned
114337,2002,unassigned
114338,2019,Immune
114339,2002,unassigned
114340,2025,unassigned
114341,2002,unassigned
114342,2005,GABA_Neuron
114343,2005,GABA_Neuron
114344,2002,unassigned
114345,2002,unassigned
114346,2002,unassigned
114347,2006,Vascular
114348,2002,unassigned
114349,2009,Immune
114350,2009,Immune
114351,2002,unassigned
114352,2002,unassigned
114353,2002,unassigned
114354,2003,Astro-Epen
114355,2002,unassigned
114356,2002,unassigned
114357,2002,unassigned
114358,2002,unassigned
114359,2019,Immune
114360,2002,unassigned
114361,2010,unassigned
114362,2010,unassigned
114363,2020,unassigned
114364,2020,unassigned
114365,2002,unassigned
114366,2002,unassigned
114367,2002,unassigned
114368,2002,unassigned
114369,2002,unassigned
114370,2009,Immune
114371,2002,unassigned
114372,2002,unassigned
114373,2002,unassigned
114374,2002,unassigned
114375,2019,Immune
114376,2002,unassigned
114377,2002,unassigned
114378,2005,GABA_Neuron
114379,2002,unassigned
114380,2002,unassigned
114381,2002,unassigned
114382,2008,unassigned
114383,2008,unassigned
114384,2002,unassigned
114385,2002,unassigned
114386,2009,Immune
114387,2009,Immune
114388,2021,unassigned
114389,2002,unassigned
114390,2013,Immune
114391,2004,unassigned
114392,2002,unassigned
114393,2002,unassigned
114394,2002,unassigned
114395,2002,unassigned
114396,2002,unassigned
114397,2005,GABA_Neuron
114398,2002,unassigned
114399,2002,unassigned
114400,2002,unassigned
114401,2008,unassigned
114402,2002,unassigned
114403,2006,Vascular
114404,2002,unassigned
114405,2002,unassigned
114406,2009,Immune
114407,2009,Immune
114408,2002,unassigned
114409,2002,unassigned
114410,2002,unassigned
114411,2002,unassigned
114412,2003,Astro-Epen
114413,2003,Astro-Epen
114414,2003,Astro-Epen
114415,2016,unassigned
114416,2002,unassigned
114417,2002,unassigned
114418,2002,unassigned
114419,2002,unassigned
114420,2002,unassigned
114421,2019,Immune
114422,2020,unassigned
114423,2005,GABA_Neuron
114424,2002,unassigned
114425,2002,unassigned
114426,2002,unassigned
114427,2002,unassigned
114428,2002,unassigned
114429,2002,unassigned
114430,2009,Immune
114431,2018,Immune
114432,2002,unassigned
114433,2002,unassigned
114434,2002,unassigned
114435,2002,unassigned
114436,2002,unassigned
114437,2016,unassigned
114438,2013,Immune
114439,2002,unassigned
114440,2002,unassigned
114441,2002,unassigned
114442,2005,GABA_Neuron
114443,2002,unassigned
114444,2002,unassigned
114445,2002,unassigned
114446,2002,unassigned
114447,2002,unassigned
114448,2002,unassigned
114449,2002,unassigned
114450,2002,unassigned
114451,2002,unassigned
114452,2002,unassigned
114453,2002,unassigned
114454,2002,unassigned
114455,2003,Astro-Epen
114456,2016,unassigned
114457,2002,unassigned
114458,2013,Immune
114459,2010,unassigned
114460,2002,unassigned
114461,2005,GABA_Neuron
114462,2002,unassigned
114463,2002,unassigned
114464,2002,unassigned
114465,2002,unassigned
114466,2002,unassigned
114467,2002,unassigned
114468,2009,Immune
114469,2002,unassigned
114470,2021,unassigned
114471,2002,unassigned
114472,2013,Immune
114473,2002,unassigned
114474,2002,unassigned
114475,2013,Immune
114476,2002,unassigned
114477,2002,unassigned
114478,2002,unassigned
114479,2020,unassigned
114480,2002,unassigned
114481,2002,unassigned
114482,2002,unassigned
114483,2002,unassigned
114484,2002,unassigned
114485,2003,Astro-Epen
114486,2007,GABA_Neuron
114487,2002,unassigned
114488,2002,unassigned
114489,2002,unassigned
114490,2002,unassigned
114491,2016,unassigned
114492,2002,unassigned
114493,2002,unassigned
114494,2002,unassigned
114495,2002,unassigned
114496,2002,unassigned
114497,2022,unassigned
114498,2002,unassigned
114499,2005,GABA_Neuron
114500,2020,unassigned
114501,2002,unassigned
114502,2002,unassigned
114503,2002,unassigned
114504,2006,Vascular
114505,2002,unassigned
114506,2006,Vascular
114507,2002,unassigned
114508,2003,Astro-Epen
114509,2002,unassigned
114510,2007,GABA_Neuron
114511,2002,unassigned
114512,2002,unassigned
114513,2019,Immune
114514,2002,unassigned
114515,2002,unassigned
114516,2002,unassigned
114517,2020,unassigned
114518,2005,GABA_Neuron
114519,2005,GABA_Neuron
114520,2002,unassigned
114521,2002,unassigned
114522,2002,unassigned
114523,2002,unassigned
114524,2002,unassigned
114525,2009,Immune
114526,2009,Immune
114527,2002,unassigned
114528,2002,unassigned
114529,2002,unassigned
114530,2002,unassigned
114531,2002,unassigned
114532,2002,unassigned
114533,2002,unassigned
114534,2002,unassigned
114535,2003,Astro-Epen
114536,2002,unassigned
114537,2013,Immune
114538,2019,Immune
114539,2002,unassigned
114540,2026,unassigned
114541,2002,unassigned
114542,2002,unassigned
114543,2010,unassigned
114544,2005,GABA_Neuron
114545,2002,unassigned
114546,2002,unassigned
114547,2002,unassigned
114548,2006,Vascular
114549,2002,unassigned
114550,2002,unassigned
114551,2002,unassigned
114552,2011,Astro-Epen
114553,2009,Immune
114554,2002,unassigned
114555,2013,Immune
114556,2016,unassigned
114557,2002,unassigned
114558,2002,unassigned
114559,2019,Immune
114560,2002,unassigned
114561,2027,unassigned
114562,2010,unassigned
114563,2002,unassigned
114564,2002,unassigned
114565,2020,unassigned
114566,2002,unassigned
114567,2002,unassigned
114568,2002,unassigned
114569,2002,unassigned
114570,2002,unassigned
114571,2009,Immune
114572,2009,Immune
114573,2002,unassigned
114574,2002,unassigned
114575,2002,unassigned
114576,2002,unassigned
114577,2002,unassigned
114578,2003,Astro-Epen
114579,2002,unassigned
114580,2002,unassigned
114581,2002,unassigned
114582,2002,unassigned
114583,2002,unassigned
114584,2002,unassigned
114585,2005,GABA_Neuron
114586,2002,unassigned
114587,2005,GABA_Neuron
114588,2002,unassigned
114589,2002,unassigned
114590,2002,unassigned
114591,2002,unassigned
114592,2009,Immune
114593,2002,unassigned
114594,2009,Immune
114595,2002,unassigned
114596,2002,unassigned
114597,2003,Astro-Epen
114598,2002,unassigned
114599,2002,unassigned
114600,2002,unassigned
114601,2026,unassigned
114602,2002,unassigned
114603,2005,GABA_Neuron
114604,2002,unassigned
114605,2002,unassigned
114606,2002,unassigned
114607,2002,unassigned
114608,2002,unassigned
114609,2009,Immune
114610,2003,Astro-Epen
114611,2003,Astro-Epen
114612,2002,unassigned
114613,2002,unassigned
114614,2002,unassigned
114615,2004,unassigned
114616,2016,unassigned
114617,2002,unassigned
114618,2003,Astro-Epen
114619,2013,Immune
114620,2013,Immune
114621,2016,unassigned
114622,2002,unassigned
114623,2002,unassigned
114624,2002,unassigned
114625,2005,GABA_Neuron
114626,2002,unassigned
114627,2008,unassigned
114628,2002,unassigned
114629,2002,unassigned
114630,2002,unassigned
114631,2002,unassigned
114632,2002,unassigned
114633,2002,unassigned
114634,2002,unassigned
114635,2002,unassigned
114636,2002,unassigned
114637,2007,GABA_Neuron
114638,2002,unassigned
114639,2013,Immune
114640,2019,Immune
114641,2002,unassigned
114642,2002,unassigned
114643,2002,unassigned
114644,2002,unassigned
114645,2005,GABA_Neuron
114646,2002,unassigned
114647,2005,GABA_Neuron
114648,2002,unassigned
114649,2002,unassigned
114650,2002,unassigned
114651,2011,Astro-Epen
114652,2002,unassigned
114653,2009,Immune
114654,2002,unassigned
114655,2002,unassigned
114656,2024,unassigned
114657,2024,unassigned
114658,2002,unassigned
114659,2002,unassigned
114660,2002,unassigned
114661,2002,unassigned
114662,2013,Immune
114663,2013,Immune
114664,2013,Immune
114665,2019,Immune
114666,2002,unassigned
114667,2002,unassigned
114668,2002,unassigned
114669,2028,unassigned
114670,2002,unassigned
114671,2002,unassigned
114672,2002,unassigned
114673,2002,unassigned
114674,2002,unassigned
114675,2016,unassigned
114676,2002,unassigned
114677,2002,unassigned
114678,2002,unassigned
114679,2002,unassigned
114680,2005,GABA_Neuron
114681,2005,GABA_Neuron
114682,2002,unassigned
114683,2002,unassigned
114684,2009,Immune
114685,2002,unassigned
114686,2002,unassigned
114687,2002,unassigned
114688,2002,unassigned
114689,2002,unassigned
114690,2002,unassigned
114691,2016,unassigned
114692,2002,unassigned
114693,2003,Astro-Epen
114694,2002,unassigned
114695,2002,unassigned
114696,2013,Immune
114697,2002,unassigned
114698,2005,GABA_Neuron
114699,2002,unassigned
114700,2005,GABA_Neuron
114701,2002,unassigned
114702,2002,unassigned
114703,2002,unassigned
114704,2024,unassigned
114705,2021,unassigned
114706,2003,Astro-Epen
114707,2002,unassigned
114708,2002,unassigned
114709,2002,unassigned
114710,2002,unassigned
114711,2002,unassigned
114712,2002,unassigned
114713,2019,Immune
114714,2002,unassigned
114715,2002,unassigned
114716,2002,unassigned
114717,2020,unassigned
114718,2002,unassigned
114719,2009,Immune
114720,2011,Astro-Epen
114721,2002,unassigned
114722,2002,unassigned
114723,2011,Astro-Epen
114724,2009,Immune
114725,2002,unassigned
114726,2002,unassigned
114727,2002,unassigned
114728,2002,unassigned
114729,2002,unassigned
114730,2002,unassigned
114731,2007,GABA_Neuron
114732,2002,unassigned
114733,2004,unassigned
114734,2002,unassigned
114735,2002,unassigned
114736,2002,unassigned
114737,2003,Astro-Epen
114738,2002,unassigned
114739,2019,Immune
114740,2002,unassigned
114741,2002,unassigned
114742,2002,unassigned
114743,2002,unassigned
114744,2002,unassigned
114745,2002,unassigned
114746,2002,unassigned
114747,2002,unassigned
114748,2002,unassigned
114749,2002,unassigned
114750,2002,unassigned
114751,2002,unassigned
114752,2009,Immune
114753,2002,unassigned
114754,2002,unassigned
114755,2002,unassigned
114756,2002,unassigned
114757,2002,unassigned
114758,2019,Immune
114759,2002,unassigned
114760,2002,unassigned
114761,2002,unassigned
114762,2002,unassigned
114763,2002,unassigned
114764,2002,unassigned
114765,2002,unassigned
114766,2002,unassigned
114767,2009,Immune
114768,2002,unassigned
114769,2002,unassigned
114770,2002,unassigned
114771,2024,unassigned
114772,2002,unassigned
114773,2002,unassigned
114774,2007,GABA_Neuron
114775,2002,unassigned
114776,2002,unassigned
114777,2002,unassigned
114778,2002,unassigned
114779,2013,Immune
114780,2002,unassigned
114781,2002,unassigned
114782,2002,unassigned
114783,2002,unassigned
114784,2002,unassigned
114785,2002,unassigned
114786,2002,unassigned
114787,2002,unassigned
114788,2003,Astro-Epen
114789,2002,unassigned
114790,2003,Astro-Epen
114791,2002,unassigned
114792,2002,unassigned
114793,2002,unassigned
114794,2019,Immune
114795,2026,unassigned
114796,2002,unassigned
114797,2002,unassigned
114798,2002,unassigned
114799,2029,unassigned
114800,2002,unassigned
114801,2002,unassigned
114802,2010,unassigned
114803,2002,unassigned
114804,2005,GABA_Neuron
114805,2002,unassigned
114806,2002,unassigned
114807,2002,unassigned
114808,2002,unassigned
114809,2002,unassigned
114810,2009,Immune
114811,2002,unassigned
114812,2002,unassigned
114813,2002,unassigned
114814,2002,unassigned
114815,2002,unassigned
114816,2002,unassigned
114817,2004,unassigned
114818,2016,unassigned
114819,2002,unassigned
114820,2002,unassigned
114821,2005,GABA_Neuron
114822,2030,unassigned
114823,2030,unassigned
114824,2005,GABA_Neuron
114825,2002,unassigned
114826,2002,unassigned
114827,2002,unassigned
114828,2002,unassigned
114829,2003,Astro-Epen
114830,2002,unassigned
114831,2002,unassigned
114832,2003,Astro-Epen
114833,2002,unassigned
114834,2002,unassigned
114835,2003,Astro-Epen
114836,2002,unassigned
114837,2013,Immune
114838,2002,unassigned
114839,2019,Immune
114840,2002,unassigned
114841,2005,GABA_Neuron
114842,2002,unassigned
114843,2002,unassigned
114844,2002,unassigned
114845,2002,unassigned
114846,2002,unassigned
114847,2006,Vascular
114848,2011,Astro-Epen
114849,2002,unassigned
114850,2007,GABA_Neuron
114851,2002,unassigned
114852,2002,unassigned
114853,2002,unassigned
114854,2005,GABA_Neuron
114855,2002,unassigned
114856,2002,unassigned
114857,2011,Astro-Epen
114858,2002,unassigned
114859,2002,unassigned
114860,2011,Astro-Epen
114861,2002,unassigned
114862,2002,unassigned
114863,2002,unassigned
114864,2002,unassigned
114865,2002,unassigned
114866,2002,unassigned
114867,2002,unassigned
114868,2002,unassigned
114869,2002,unassigned
114870,2002,unassigned
114871,2002,unassigned
114872,2002,unassigned
114873,2002,unassigned
114874,2011,Astro-Epen
114875,2002,unassigned
114876,2002,unassigned
114877,2002,unassigned
114878,2003,Astro-Epen
114879,2002,unassigned
114880,2002,unassigned
114881,2002,unassigned
114882,2002,unassigned
114883,2026,unassigned
114884,2002,unassigned
114885,2002,unassigned
114886,2002,unassigned
114887,2005,GABA_Neuron
114888,2005,GABA_Neuron
114889,2002,unassigned
114890,2005,GABA_Neuron
114891,2002,unassigned
114892,2002,unassigned
114893,2002,unassigned
114894,2002,unassigned
114895,2002,unassigned
114896,2002,unassigned
114897,2002,unassigned
114898,2002,unassigned
114899,2003,Astro-Epen
114900,2002,unassigned
114901,2002,unassigned
114902,2002,unassigned
114903,2007,GABA_Neuron
114904,2013,Immune
114905,2003,Astro-Epen
114906,2016,unassigned
114907,2013,Immune
114908,2013,Immune
114909,2019,Immune
114910,2002,unassigned
114911,2002,unassigned
114912,2002,unassigned
114913,2002,unassigned
114914,2002,unassigned
114915,2006,Vascular
114916,2009,Immune
114917,2002,unassigned
114918,2002,unassigned
114919,2002,unassigned
114920,2002,unassigned
114921,2024,unassigned
114922,2007,GABA_Neuron
114923,2002,unassigned
114924,2002,unassigned
114925,2002,unassigned
114926,2019,Immune
114927,2002,unassigned
114928,2019,Immune
114929,2005,GABA_Neuron
114930,2002,unassigned
114931,2002,unassigned
114932,2002,unassigned
114933,2002,unassigned
114934,2002,unassigned
114935,2002,unassigned
114936,2011,Astro-Epen
114937,2009,Immune
114938,2002,unassigned
114939,2009,Immune
114940,2002,unassigned
114941,2009,Immune
114942,2002,unassigned
114943,2002,unassigned
114944,2002,unassigned
114945,2002,unassigned
114946,2003,Astro-Epen
114947,2013,Immune
114948,2016,unassigned
114949,2003,Astro-Epen
114950,2002,unassigned
114951,2002,unassigned
114952,2002,unassigned
114953,2002,unassigned
114954,2002,unassigned
114955,2002,unassigned
114956,2002,unassigned
114957,2011,Astro-Epen
114958,2002,unassigned
114959,2002,unassigned
114960,2002,unassigned
114961,2002,unassigned
114962,2002,unassigned
114963,2013,Immune
114964,2002,unassigned
114965,2026,unassigned
114966,2002,unassigned
114967,2002,unassigned
114968,2002,unassigned
114969,2006,Vascular
114970,2002,unassigned
114971,2003,Astro-Epen
114972,2003,Astro-Epen
114973,2002,unassigned
114974,2002,unassigned
114975,2002,unassigned
114976,2013,Immune
114977,2002,unassigned
114978,2002,unassigned
114979,2005,GABA_Neuron
114980,2017,unassigned
114981,2002,unassigned
114982,2005,GABA_Neuron
114983,2011,Astro-Epen
114984,2002,unassigned
114985,2011,Astro-Epen
114986,2002,unassigned
114987,2002,unassigned
114988,2002,unassigned
114989,2002,unassigned
114990,2002,unassigned
114991,2002,unassigned
114992,2002,unassigned
114993,2002,unassigned
114994,2002,unassigned
114995,2003,Astro-Epen
114996,2002,unassigned
114997,2026,unassigned
114998,2019,Immune
114999,2005,GABA_Neuron
115000,2020,unassigned
115001,2002,unassigned
115002,2006,Vascular
115003,2009,Immune
115004,2002,unassigned
115005,2002,unassigned
115006,2002,unassigned
115007,2003,Astro-Epen
115008,2007,GABA_Neuron
115009,2002,unassigned
115010,2019,Immune
115011,2002,unassigned
115012,2002,unassigned
115013,2002,unassigned
115014,2002,unassigned
115015,2005,GABA_Neuron
115016,2002,unassigned
115017,2002,unassigned
115018,2002,unassigned
115019,2002,unassigned
115020,2009,Immune
115021,2002,unassigned
115022,2002,unassigned
115023,2018,Immune
115024,2002,unassigned
115025,2026,unassigned
115026,2002,unassigned
115027,2002,unassigned
115028,2020,unassigned
115029,2002,unassigned
115030,2002,unassigned
115031,2006,Vascular
115032,2023,Astro-Epen
115033,2011,Astro-Epen
115034,2009,Immune
115035,2009,Immune
115036,2009,Immune
115037,2009,Immune
115038,2003,Astro-Epen
115039,2002,unassigned
115040,2002,unassigned
115041,2002,unassigned
115042,2007,GABA_Neuron
115043,2007,GABA_Neuron
115044,2002,unassigned
115045,2002,unassigned
115046,2016,unassigned
115047,2003,Astro-Epen
115048,2002,unassigned
115049,2002,unassigned
115050,2022,unassigned
115051,2002,unassigned
115052,2002,unassigned
115053,2002,unassigned
115054,2002,unassigned
115055,2006,Vascular
115056,2009,Immune
115057,2009,Immune
115058,2002,unassigned
115059,2002,unassigned
115060,2003,Astro-Epen
115061,2002,unassigned
115062,2002,unassigned
115063,2013,Immune
115064,2019,Immune
115065,2019,Immune
115066,2002,unassigned
115067,2031,Astro-Epen
115068,2002,unassigned
115069,2002,unassigned
115070,2002,unassigned
115071,2002,unassigned
115072,2002,unassigned
115073,2002,unassigned
115074,2002,unassigned
115075,2011,Astro-Epen
115076,2002,unassigned
115077,2002,unassigned
115078,2002,unassigned
115079,2003,Astro-Epen
115080,2002,unassigned
115081,2002,unassigned
115082,2002,unassigned
115083,2002,unassigned
115084,2002,unassigned
115085,2002,unassigned
115086,2002,unassigned
115087,2002,unassigned
115088,2002,unassigned
115089,2032,unassigned
115090,2002,unassigned
115091,2006,Vascular
115092,2002,unassigned
115093,2002,unassigned
115094,2002,unassigned
115095,2002,unassigned
115096,2003,Astro-Epen
115097,2003,Astro-Epen
115098,2002,unassigned
115099,2002,unassigned
115100,2019,Immune
115101,2002,unassigned
115102,2022,unassigned
115103,2002,unassigned
115104,2002,unassigned
115105,2002,unassigned
115106,2002,unassigned
115107,2002,unassigned
115108,2002,unassigned
115109,2011,Astro-Epen
115110,2002,unassigned
115111,2003,Astro-Epen
115112,2002,unassigned
115113,2003,Astro-Epen
115114,2002,unassigned
115115,2002,unassigned
115116,2019,Immune
115117,2002,unassigned
115118,2002,unassigned
115119,2002,unassigned
115120,2002,unassigned
115121,2002,unassigned
115122,2002,unassigned
115123,2009,Immune
115124,2011,Astro-Epen
115125,2002,unassigned
115126,2003,Astro-Epen
115127,2002,unassigned
115128,2002,unassigned
115129,2013,Immune
115130,2002,unassigned
115131,2002,unassigned
115132,2002,unassigned
115133,2002,unassigned
115134,2002,unassigned
115135,2002,unassigned
115136,2009,Immune
115137,2002,unassigned
115138,2009,Immune
115139,2009,Immune
115140,2009,Immune
115141,2002,unassigned
115142,2002,unassigned
115143,2002,unassigned
115144,2009,Immune
115145,2002,unassigned
115146,2033,unassigned
115147,2004,unassigned
115148,2002,unassigned
115149,2002,unassigned
115150,2003,Astro-Epen
115151,2026,unassigned
115152,2002,unassigned
115153,2002,unassigned
115154,2002,unassigned
115155,2017,unassigned
115156,2002,unassigned
115157,2030,unassigned
115158,2002,unassigned
115159,2002,unassigned
115160,2002,unassigned
115161,2002,unassigned
115162,2002,unassigned
115163,2003,Astro-Epen
115164,2021,unassigned
115165,2002,unassigned
115166,2002,unassigned
115167,2002,unassigned
115168,2002,unassigned
115169,2003,Astro-Epen
115170,2002,unassigned
115171,2002,unassigned
115172,2002,unassigned
115173,2002,unassigned
115174,2009,Immune
115175,2002,unassigned
115176,2003,Astro-Epen
115177,2016,unassigned
115178,2002,unassigned
115179,2002,unassigned
115180,2019,Immune
115181,2002,unassigned
115182,2002,unassigned
115183,2002,unassigned
115184,2002,unassigned
115185,2005,GABA_Neuron
115186,2005,GABA_Neuron
115187,2002,unassigned
115188,2002,unassigned
115189,2002,unassigned
115190,2030,unassigned
115191,2006,Vascular
115192,2009,Immune
115193,2009,Immune
115194,2011,Astro-Epen
115195,2002,unassigned
115196,2009,Immune
115197,2002,unassigned
115198,2002,unassigned
115199,2002,unassigned
115200,2016,unassigned
115201,2002,unassigned
115202,2002,unassigned
115203,2019,Immune
115204,2031,Astro-Epen
115205,2002,unassigned
115206,2002,unassigned
115207,2005,GABA_Neuron
115208,2005,GABA_Neuron
115209,2002,unassigned
115210,2002,unassigned
115211,2002,unassigned
115212,2011,Astro-Epen
115213,2002,unassigned
115214,2002,unassigned
115215,2002,unassigned
115216,2002,unassigned
115217,2002,unassigned
115218,2002,unassigned
115219,2002,unassigned
115220,2002,unassigned
115221,2002,unassigned
115222,2009,Immune
115223,2002,unassigned
115224,2009,Immune
115225,2011,Astro-Epen
115226,2009,Immune
115227,2009,Immune
115228,2002,unassigned
115229,2002,unassigned
115230,2002,unassigned
115231,2002,unassigned
115232,2002,unassigned
115233,2019,Immune
115234,2019,Immune
115235,2002,unassigned
115236,2020,unassigned
115237,2002,unassigned
115238,2002,unassigned
115239,2002,unassigned
115240,2002,unassigned
115241,2011,Astro-Epen
115242,2002,unassigned
115243,2002,unassigned
115244,2003,Astro-Epen
115245,2002,unassigned
115246,2016,unassigned
115247,2002,unassigned
115248,2019,Immune
115249,2002,unassigned
115250,2002,unassigned
115251,2002,unassigned
115252,2031,Astro-Epen
115253,2031,Astro-Epen
115254,2002,unassigned
115255,2002,unassigned
115256,2002,unassigned
115257,2011,Astro-Epen
115258,2006,Vascular
115259,2002,unassigned
115260,2011,Astro-Epen
115261,2011,Astro-Epen
115262,2002,unassigned
115263,2011,Astro-Epen
115264,2002,unassigned
115265,2002,unassigned
115266,2021,unassigned
115267,2002,unassigned
115268,2002,unassigned
115269,2002,unassigned
115270,2009,Immune
115271,2002,unassigned
115272,2003,Astro-Epen
115273,2003,Astro-Epen
115274,2013,Immune
115275,2002,unassigned
115276,2002,unassigned
115277,2002,unassigned
115278,2002,unassigned
115279,2002,unassigned
115280,2002,unassigned
115281,2002,unassigned
115282,2002,unassigned
115283,2002,unassigned
115284,2030,unassigned
115285,2002,unassigned
115286,2002,unassigned
115287,2002,unassigned
115288,2009,Immune
115289,2011,Astro-Epen
115290,2002,unassigned
115291,2002,unassigned
115292,2011,Astro-Epen
115293,2034,unassigned
115294,2002,unassigned
115295,2021,unassigned
115296,2002,unassigned
115297,2002,unassigned
115298,2002,unassigned
115299,2007,GABA_Neuron
115300,2002,unassigned
115301,2003,Astro-Epen
115302,2003,Astro-Epen
115303,2002,unassigned
115304,2002,unassigned
115305,2002,unassigned
115306,2002,unassigned
115307,2002,unassigned
115308,2005,GABA_Neuron
115309,2030,unassigned
115310,2002,unassigned
115311,2002,unassigned
115312,2003,Astro-Epen
115313,2007,GABA_Neuron
115314,2007,GABA_Neuron
115315,2002,unassigned
115316,2002,unassigned
115317,2016,unassigned
115318,2003,Astro-Epen
115319,2002,unassigned
115320,2002,unassigned
115321,2002,unassigned
115322,2002,unassigned
115323,2002,unassigned
115324,2002,unassigned
115325,2002,unassigned
115326,2002,unassigned
115327,2002,unassigned
115328,2002,unassigned
115329,2002,unassigned
115330,2018,Immune
115331,2034,unassigned
115332,2002,unassigned
115333,2002,unassigned
115334,2003,Astro-Epen
115335,2007,GABA_Neuron
115336,2007,GABA_Neuron
115337,2002,unassigned
115338,2003,Astro-Epen
115339,2002,unassigned
115340,2019,Immune
115341,2002,unassigned
115342,2002,unassigned
115343,2009,Immune
115344,2003,Astro-Epen
115345,2002,unassigned
115346,2003,Astro-Epen
115347,2007,GABA_Neuron
115348,2003,Astro-Epen
115349,2002,unassigned
115350,2029,unassigned
115351,2002,unassigned
115352,2002,unassigned
115353,2011,Astro-Epen
115354,2009,Immune
115355,2002,unassigned
115356,2003,Astro-Epen
115357,2003,Astro-Epen
115358,2033,unassigned
115359,2003,Astro-Epen
115360,2002,unassigned
115361,2002,unassigned
115362,2002,unassigned
115363,2005,GABA_Neuron
115364,2005,GABA_Neuron
115365,2005,GABA_Neuron
115366,2002,unassigned
115367,2002,unassigned
115368,2002,unassigned
115369,2009,Immune
115370,2009,Immune
115371,2002,unassigned
115372,2002,unassigned
115373,2002,unassigned
115374,2009,Immune
115375,2011,Astro-Epen
115376,2002,unassigned
115377,2002,unassigned
115378,2002,unassigned
115379,2002,unassigned
115380,2002,unassigned
115381,2002,unassigned
115382,2002,unassigned
115383,2002,unassigned
115384,2002,unassigned
115385,2002,unassigned
115386,2002,unassigned
115387,2006,Vascular
115388,2002,unassigned
115389,2009,Immune
115390,2002,unassigned
115391,2003,Astro-Epen
115392,2003,Astro-Epen
115393,2002,unassigned
115394,2003,Astro-Epen
115395,2003,Astro-Epen
115396,2003,Astro-Epen
115397,2002,unassigned
115398,2002,unassigned
115399,2013,Immune
115400,2016,unassigned
115401,2002,unassigned
115402,2002,unassigned
115403,2002,unassigned
115404,2029,unassigned
115405,2002,unassigned
115406,2005,GABA_Neuron
115407,2002,unassigned
115408,2002,unassigned
115409,2011,Astro-Epen
115410,2002,unassigned
115411,2002,unassigned
115412,2002,unassigned
115413,2002,unassigned
115414,2013,Immune
115415,2002,unassigned
115416,2003,Astro-Epen
115417,2002,unassigned
115418,2002,unassigned
115419,2019,Immune
115420,2002,unassigned
115421,2020,unassigned
115422,2005,GABA_Neuron
115423,2005,GABA_Neuron
115424,2035,Astro-Epen
115425,2002,unassigned
115426,2002,unassigned
115427,2002,unassigned
115428,2011,Astro-Epen
115429,2018,Immune
115430,2002,unassigned
115431,2002,unassigned
115432,2002,unassigned
115433,2003,Astro-Epen
115434,2002,unassigned
115435,2002,unassigned
115436,2016,unassigned
115437,2002,unassigned
115438,2002,unassigned
115439,2009,Immune
115440,2009,Immune
115441,2002,unassigned
115442,2011,Astro-Epen
115443,2002,unassigned
115444,2003,Astro-Epen
115445,2007,GABA_Neuron
115446,2002,unassigned
115447,2002,unassigned
115448,2002,unassigned
115449,2002,unassigned
115450,2002,unassigned
115451,2002,unassigned
115452,2002,unassigned
115453,2018,Immune
115454,2018,Immune
115455,2002,unassigned
115456,2002,unassigned
115457,2002,unassigned
115458,2002,unassigned
115459,2002,unassigned
115460,2002,unassigned
115461,2002,unassigned
115462,2002,unassigned
115463,2002,unassigned
115464,2002,unassigned
115465,2029,unassigned
115466,2002,unassigned
115467,2002,unassigned
115468,2002,unassigned
115469,2035,Astro-Epen
115470,2002,unassigned
115471,2002,unassigned
115472,2002,unassigned
115473,2002,unassigned
115474,2002,unassigned
115475,2003,Astro-Epen
115476,2003,Astro-Epen
115477,2002,unassigned
115478,2002,unassigned
115479,2002,unassigned
115480,2002,unassigned
115481,2026,unassigned
115482,2002,unassigned
115483,2002,unassigned
115484,2002,unassigned
115485,2002,unassigned
115486,2002,unassigned
115487,2005,GABA_Neuron
115488,2005,GABA_Neuron
115489,2005,GABA_Neuron
115490,2035,Astro-Epen
115491,2006,Vascular
115492,2002,unassigned
115493,2006,Vascular
115494,2002,unassigned
115495,2002,unassigned
115496,2002,unassigned
115497,2021,unassigned
115498,2003,Astro-Epen
115499,2002,unassigned
115500,2003,Astro-Epen
115501,2002,unassigned
115502,2002,unassigned
115503,2002,unassigned
115504,2031,Astro-Epen
115505,2031,Astro-Epen
115506,2002,unassigned
115507,2005,GABA_Neuron
115508,2002,unassigned
115509,2011,Astro-Epen
115510,2011,Astro-Epen
115511,2018,Immune
115512,2002,unassigned
115513,2003,Astro-Epen
115514,2033,unassigned
115515,2002,unassigned
115516,2002,unassigned
115517,2002,unassigned
115518,2002,unassigned
115519,2005,GABA_Neuron
115520,2005,GABA_Neuron
115521,2002,unassigned
115522,2002,unassigned
115523,2002,unassigned
115524,2002,unassigned
115525,2002,unassigned
115526,2011,Astro-Epen
115527,2002,unassigned
115528,2009,Immune
115529,2009,Immune
115530,2002,unassigned
115531,2003,Astro-Epen
115532,2002,unassigned
115533,2003,Astro-Epen
115534,2007,GABA_Neuron
115535,2003,Astro-Epen
115536,2003,Astro-Epen
115537,2033,unassigned
115538,2002,unassigned
115539,2002,unassigned
115540,2005,GABA_Neuron
115541,2005,GABA_Neuron
115542,2002,unassigned
115543,2002,unassigned
115544,2009,Immune
115545,2009,Immune
115546,2002,unassigned
115547,2009,Immune
115548,2002,unassigned
115549,2002,unassigned
115550,2002,unassigned
115551,2002,unassigned
115552,2002,unassigned
115553,2002,unassigned
115554,2002,unassigned
115555,2002,unassigned
115556,2002,unassigned
115557,2002,unassigned
115558,2002,unassigned
115559,2002,unassigned
115560,2002,unassigned
115561,2002,unassigned
115562,2002,unassigned
115563,2023,Astro-Epen
115564,2002,unassigned
115565,2002,unassigned
115566,2002,unassigned
115567,2007,GABA_Neuron
115568,2007,GABA_Neuron
115569,2002,unassigned
115570,2013,Immune
115571,2002,unassigned
115572,2002,unassigned
115573,2019,Immune
115574,2019,Immune
115575,2002,unassigned
115576,2002,unassigned
115577,2009,Immune
115578,2009,Immune
115579,2002,unassigned
115580,2002,unassigned
115581,2003,Astro-Epen
115582,2002,unassigned
115583,2007,GABA_Neuron
115584,2036,unassigned
115585,2002,unassigned
115586,2002,unassigned
115587,2002,unassigned
115588,2013,Immune
115589,2002,unassigned
115590,2002,unassigned
115591,2002,unassigned
115592,2002,unassigned
115593,2011,Astro-Epen
115594,2002,unassigned
115595,2002,unassigned
115596,2002,unassigned
115597,2003,Astro-Epen
115598,2002,unassigned
115599,2002,unassigned
115600,2002,unassigned
115601,2002,unassigned
115602,2003,Astro-Epen
115603,2019,Immune
115604,2002,unassigned
115605,2002,unassigned
115606,2002,unassigned
115607,2002,unassigned
115608,2002,unassigned
115609,2002,unassigned
115610,2009,Immune
115611,2002,unassigned
115612,2003,Astro-Epen
115613,2021,unassigned
115614,2002,unassigned
115615,2016,unassigned
115616,2002,unassigned
115617,2002,unassigned
115618,2002,unassigned
115619,2002,unassigned
115620,2002,unassigned
115621,2005,GABA_Neuron
115622,2002,unassigned
115623,2035,Astro-Epen
115624,2002,unassigned
115625,2011,Astro-Epen
115626,2011,Astro-Epen
115627,2018,Immune
115628,2002,unassigned
115629,2002,unassigned
115630,2003,Astro-Epen
115631,2002,unassigned
115632,2007,GABA_Neuron
115633,2003,Astro-Epen
115634,2002,unassigned
115635,2013,Immune
115636,2002,unassigned
115637,2002,unassigned
115638,2031,Astro-Epen
115639,2031,Astro-Epen
115640,2002,unassigned
115641,2002,unassigned
115642,2002,unassigned
115643,2002,unassigned
115644,2002,unassigned
115645,2002,unassigned
115646,2006,Vascular
115647,2002,unassigned
115648,2011,Astro-Epen
115649,2009,Immune
115650,2002,unassigned
115651,2018,Immune
115652,2002,unassigned
115653,2003,Astro-Epen
115654,2002,unassigned
115655,2002,unassigned
115656,2016,unassigned
115657,2002,unassigned
115658,2002,unassigned
115659,2002,unassigned
115660,2023,Astro-Epen
115661,2011,Astro-Epen
115662,2011,Astro-Epen
115663,2009,Immune
115664,2002,unassigned
115665,2003,Astro-Epen
115666,2002,unassigned
115667,2002,unassigned
115668,2033,unassigned
115669,2002,unassigned
115670,2016,unassigned
115671,2019,Immune
115672,2002,unassigned
115673,2002,unassigned
115674,2002,unassigned
115675,2002,unassigned
115676,2005,GABA_Neuron
115677,2002,unassigned
115678,2002,unassigned
115679,2002,unassigned
115680,2002,unassigned
115681,2011,Astro-Epen
115682,2009,Immune
115683,2011,Astro-Epen
115684,2003,Astro-Epen
115685,2002,unassigned
115686,2019,Immune
115687,2019,Immune
115688,2002,unassigned
115689,2002,unassigned
115690,2002,unassigned
115691,2002,unassigned
115692,2002,unassigned
115693,2002,unassigned
115694,2002,unassigned
115695,2002,unassigned
115696,2002,unassigned
115697,2030,unassigned
115698,2002,unassigned
115699,2002,unassigned
115700,2002,unassigned
115701,2002,unassigned
115702,2002,unassigned
115703,2002,unassigned
115704,2002,unassigned
115705,2002,unassigned
115706,2009,Immune
115707,2002,unassigned
115708,2002,unassigned
115709,2002,unassigned
115710,2002,unassigned
115711,2002,unassigned
115712,2002,unassigned
115713,2002,unassigned
115714,2026,unassigned
115715,2002,unassigned
115716,2002,unassigned
115717,2002,unassigned
115718,2002,unassigned
115719,2002,unassigned
115720,2006,Vascular
115721,2002,unassigned
115722,2023,Astro-Epen
115723,2002,unassigned
115724,2009,Immune
115725,2002,unassigned
115726,2011,Astro-Epen
115727,2003,Astro-Epen
115728,2003,Astro-Epen
115729,2002,unassigned
115730,2002,unassigned
115731,2002,unassigned
115732,2002,unassigned
115733,2002,unassigned
115734,2002,unassigned
115735,2002,unassigned
115736,2002,unassigned
115737,2005,GABA_Neuron
115738,2002,unassigned
115739,2002,unassigned
115740,2002,unassigned
115741,2003,Astro-Epen
115742,2002,unassigned
115743,2003,Astro-Epen
115744,2007,GABA_Neuron
115745,2002,unassigned
115746,2002,unassigned
115747,2002,unassigned
115748,2002,unassigned
115749,2002,unassigned
115750,2002,unassigned
115751,2002,unassigned
115752,2013,Immune
115753,2002,unassigned
115754,2005,GABA_Neuron
115755,2023,Astro-Epen
115756,2009,Immune
115757,2009,Immune
115758,2002,unassigned
115759,2002,unassigned
115760,2002,unassigned
115761,2009,Immune
115762,2011,Astro-Epen
115763,2011,Astro-Epen
115764,2009,Immune
115765,2002,unassigned
115766,2002,unassigned
115767,2003,Astro-Epen
115768,2002,unassigned
115769,2002,unassigned
115770,2003,Astro-Epen
115771,2019,Immune
115772,2002,unassigned
115773,2002,unassigned
115774,2002,unassigned
115775,2005,GABA_Neuron
115776,2002,unassigned
115777,2002,unassigned
115778,2002,unassigned
115779,2011,Astro-Epen
115780,2002,unassigned
115781,2011,Astro-Epen
115782,2011,Astro-Epen
115783,2002,unassigned
115784,2002,unassigned
115785,2002,unassigned
115786,2002,unassigned
115787,2002,unassigned
115788,2002,unassigned
115789,2002,unassigned
115790,2002,unassigned
115791,2026,unassigned
115792,2002,unassigned
115793,2002,unassigned
115794,2002,unassigned
115795,2002,unassigned
115796,2002,unassigned
115797,2002,unassigned
115798,2002,unassigned
115799,2005,GABA_Neuron
115800,2002,unassigned
115801,2002,unassigned
115802,2002,unassigned
115803,2006,Vascular
115804,2002,unassigned
115805,2009,Immune
115806,2011,Astro-Epen
115807,2003,Astro-Epen
115808,2002,unassigned
115809,2002,unassigned
115810,2002,unassigned
115811,2003,Astro-Epen
115812,2002,unassigned
115813,2002,unassigned
115814,2002,unassigned
115815,2019,Immune
115816,2019,Immune
115817,2002,unassigned
115818,2002,unassigned
115819,2002,unassigned
115820,2005,GABA_Neuron
115821,2002,unassigned
115822,2002,unassigned
115823,2002,unassigned
115824,2002,unassigned
115825,2002,unassigned
115826,2006,Vascular
115827,2002,unassigned
115828,2002,unassigned
115829,2002,unassigned
115830,2003,Astro-Epen
115831,2002,unassigned
115832,2002,unassigned
115833,2002,unassigned
115834,2002,unassigned
115835,2002,unassigned
115836,2002,unassigned
115837,2006,Vascular
115838,2023,Astro-Epen
115839,2002,unassigned
115840,2003,Astro-Epen
115841,2002,unassigned
115842,2002,unassigned
115843,2019,Immune
115844,2019,Immune
115845,2006,Vascular
115846,2002,unassigned
115847,2002,unassigned
115848,2002,unassigned
115849,2006,Vascular
115850,2006,Vascular
115851,2023,Astro-Epen
115852,2011,Astro-Epen
115853,2011,Astro-Epen
115854,2011,Astro-Epen
115855,2002,unassigned
115856,2002,unassigned
115857,2003,Astro-Epen
115858,2002,unassigned
115859,2002,unassigned
115860,2002,unassigned
115861,2002,unassigned
115862,2002,unassigned
115863,2019,Immune
115864,2002,unassigned
115865,2002,unassigned
115866,2002,unassigned
115867,2002,unassigned
115868,2002,unassigned
115869,2002,unassigned
115870,2002,unassigned
115871,2002,unassigned
115872,2002,unassigned
115873,2002,unassigned
115874,2009,Immune
115875,2009,Immune
115876,2003,Astro-Epen
115877,2002,unassigned
115878,2003,Astro-Epen
115879,2036,unassigned
115880,2002,unassigned
115881,2003,Astro-Epen
115882,2019,Immune
115883,2002,unassigned
115884,2002,unassigned
115885,2002,unassigned
115886,2002,unassigned
115887,2002,unassigned
115888,2002,unassigned
115889,2002,unassigned
115890,2005,GABA_Neuron
115891,2002,unassigned
115892,2005,GABA_Neuron
115893,2002,unassigned
115894,2006,Vascular
115895,2002,unassigned
115896,2002,unassigned
115897,2002,unassigned
115898,2006,Vascular
115899,2011,Astro-Epen
115900,2002,unassigned
115901,2002,unassigned
115902,2009,Immune
115903,2018,Immune
115904,2009,Immune
115905,2009,Immune
115906,2002,unassigned
115907,2002,unassigned
115908,2003,Astro-Epen
115909,2002,unassigned
115910,2021,unassigned
115911,2003,Astro-Epen
115912,2002,unassigned
115913,2002,unassigned
115914,2002,unassigned
115915,2003,Astro-Epen
115916,2002,unassigned
115917,2002,unassigned
115918,2002,unassigned
115919,2002,unassigned
115920,2011,Astro-Epen
115921,2002,unassigned
115922,2002,unassigned
115923,2002,unassigned
115924,2002,unassigned
115925,2002,unassigned
115926,2002,unassigned
115927,2003,Astro-Epen
115928,2002,unassigned
115929,2002,unassigned
115930,2003,Astro-Epen
115931,2002,unassigned
115932,2002,unassigned
115933,2011,Astro-Epen
115934,2002,unassigned
115935,2011,Astro-Epen
115936,2003,Astro-Epen
115937,2002,unassigned
115938,2007,GABA_Neuron
115939,2002,unassigned
115940,2002,unassigned
115941,2036,unassigned
115942,2002,unassigned
115943,2002,unassigned
115944,2013,Immune
115945,2002,unassigned
115946,2002,unassigned
115947,2002,unassigned
115948,2002,unassigned
115949,2002,unassigned
115950,2026,unassigned
115951,2019,Immune
115952,2002,unassigned
115953,2011,Astro-Epen
115954,2009,Immune
115955,2002,unassigned
115956,2002,unassigned
115957,2009,Immune
115958,2018,Immune
115959,2021,unassigned
115960,2002,unassigned
115961,2007,GABA_Neuron
115962,2002,unassigned
115963,2003,Astro-Epen
115964,2002,unassigned
115965,2002,unassigned
115966,2013,Immune
115967,2013,Immune
115968,2019,Immune
115969,2026,unassigned
115970,2002,unassigned
115971,2002,unassigned
115972,2002,unassigned
115973,2002,unassigned
115974,2002,unassigned
115975,2002,unassigned
115976,2002,unassigned
115977,2011,Astro-Epen
115978,2002,unassigned
115979,2002,unassigned
115980,2002,unassigned
115981,2002,unassigned
115982,2002,unassigned
115983,2003,Astro-Epen
115984,2002,unassigned
115985,2016,unassigned
115986,2002,unassigned
115987,2002,unassigned
115988,2006,Vascular
115989,2002,unassigned
115990,2002,unassigned
115991,2002,unassigned
115992,2003,Astro-Epen
115993,2036,unassigned
115994,2003,Astro-Epen
115995,2002,unassigned
115996,2002,unassigned
115997,2002,unassigned
115998,2002,unassigned
115999,2002,unassigned
116000,2031,Astro-Epen
116001,2002,unassigned
116002,2002,unassigned
116003,2002,unassigned
116004,2002,unassigned
116005,2006,Vascular
116006,2011,Astro-Epen
116007,2006,Vascular
116008,2006,Vascular
116009,2002,unassigned
116010,2011,Astro-Epen
116011,2003,Astro-Epen
116012,2002,unassigned
116013,2003,Astro-Epen
116014,2003,Astro-Epen
116015,2021,unassigned
116016,2007,GABA_Neuron
116017,2002,unassigned
116018,2002,unassigned
116019,2002,unassigned
116020,2002,unassigned
116021,2002,unassigned
116022,2035,Astro-Epen
116023,2005,GABA_Neuron
116024,2002,unassigned
116025,2002,unassigned
116026,2002,unassigned
116027,2009,Immune
116028,2011,Astro-Epen
116029,2011,Astro-Epen
116030,2003,Astro-Epen
116031,2003,Astro-Epen
116032,2002,unassigned
116033,2021,unassigned
116034,2002,unassigned
116035,2007,GABA_Neuron
116036,2002,unassigned
116037,2002,unassigned
116038,2013,Immune
116039,2002,unassigned
116040,2002,unassigned
116041,2002,unassigned
116042,2005,GABA_Neuron
116043,2005,GABA_Neuron
116044,2002,unassigned
116045,2011,Astro-Epen
116046,2002,unassigned
116047,2009,Immune
116048,2003,Astro-Epen
116049,2002,unassigned
116050,2021,unassigned
116051,2002,unassigned
116052,2003,Astro-Epen
116053,2002,unassigned
116054,2019,Immune
116055,2002,unassigned
116056,2005,GABA_Neuron
116057,2005,GABA_Neuron
116058,2002,unassigned
116059,2035,Astro-Epen
116060,2002,unassigned
116061,2002,unassigned
116062,2002,unassigned
116063,2002,unassigned
116064,2002,unassigned
116065,2009,Immune
116066,2011,Astro-Epen
116067,2002,unassigned
116068,2002,unassigned
116069,2003,Astro-Epen
116070,2002,unassigned
116071,2002,unassigned
116072,2002,unassigned
116073,2002,unassigned
116074,2007,GABA_Neuron
116075,2016,unassigned
116076,2003,Astro-Epen
116077,2002,unassigned
116078,2026,unassigned
116079,2002,unassigned
116080,2031,Astro-Epen
116081,2002,unassigned
116082,2005,GABA_Neuron
116083,2005,GABA_Neuron
116084,2002,unassigned
116085,2002,unassigned
116086,2030,unassigned
116087,2006,Vascular
116088,2011,Astro-Epen
116089,2002,unassigned
116090,2002,unassigned
116091,2002,unassigned
116092,2002,unassigned
116093,2006,Vascular
116094,2002,unassigned
116095,2009,Immune
116096,2002,unassigned
116097,2002,unassigned
116098,2002,unassigned
116099,2011,Astro-Epen
116100,2002,unassigned
116101,2002,unassigned
116102,2002,unassigned
116103,2003,Astro-Epen
116104,2033,unassigned
116105,2002,unassigned
116106,2013,Immune
116107,2002,unassigned
116108,2023,Astro-Epen
116109,2011,Astro-Epen
116110,2009,Immune
116111,2011,Astro-Epen
116112,2002,unassigned
116113,2011,Astro-Epen
116114,2002,unassigned
116115,2003,Astro-Epen
116116,2002,unassigned
116117,2037,unassigned
116118,2002,unassigned
116119,2036,unassigned
116120,2002,unassigned
116121,2002,unassigned
116122,2002,unassigned
116123,2002,unassigned
116124,2019,Immune
116125,2002,unassigned
116126,2002,unassigned
116127,2002,unassigned
116128,2002,unassigned
116129,2005,GABA_Neuron
116130,2002,unassigned
116131,2006,Vascular
116132,2006,Vascular
116133,2003,Astro-Epen
116134,2011,Astro-Epen
116135,2002,unassigned
116136,2002,unassigned
116137,2003,Astro-Epen
116138,2002,unassigned
116139,2002,unassigned
116140,2003,Astro-Epen
116141,2003,Astro-Epen
116142,2002,unassigned
116143,2002,unassigned
116144,2002,unassigned
116145,2002,unassigned
116146,2002,unassigned
116147,2002,unassigned
116148,2005,GABA_Neuron
116149,2030,unassigned
116150,2002,unassigned
116151,2002,unassigned
116152,2002,unassigned
116153,2002,unassigned
116154,2002,unassigned
116155,2003,Astro-Epen
116156,2021,unassigned
116157,2003,Astro-Epen
116158,2002,unassigned
116159,2002,unassigned
116160,2002,unassigned
116161,2002,unassigned
116162,2002,unassigned
116163,2002,unassigned
116164,2002,unassigned
116165,2002,unassigned
116166,2002,unassigned
116167,2023,Astro-Epen
116168,2002,unassigned
116169,2002,unassigned
116170,2002,unassigned
116171,2002,unassigned
116172,2011,Astro-Epen
116173,2002,unassigned
116174,2002,unassigned
116175,2003,Astro-Epen
116176,2002,unassigned
116177,2002,unassigned
116178,2003,Astro-Epen
116179,2003,Astro-Epen
116180,2002,unassigned
116181,2013,Immune
116182,2019,Immune
116183,2002,unassigned
116184,2002,unassigned
116185,2002,unassigned
116186,2002,unassigned
116187,2002,unassigned
116188,2002,unassigned
116189,2030,unassigned
116190,2011,Astro-Epen
116191,2002,unassigned
116192,2003,Astro-Epen
116193,2002,unassigned
116194,2002,unassigned
116195,2002,unassigned
116196,2016,unassigned
116197,2002,unassigned
116198,2002,unassigned
116199,2002,unassigned
116200,2006,Vascular
116201,2023,Astro-Epen
116202,2002,unassigned
116203,2002,unassigned
116204,2002,unassigned
116205,2002,unassigned
116206,2002,unassigned
116207,2002,unassigned
116208,2013,Immune
116209,2016,unassigned
116210,2002,unassigned
116211,2002,unassigned
116212,2002,unassigned
116213,2019,Immune
116214,2013,Immune
116215,2002,unassigned
116216,2002,unassigned
116217,2002,unassigned
116218,2002,unassigned
116219,2002,unassigned
116220,2002,unassigned
116221,2002,unassigned
116222,2002,unassigned
116223,2007,GABA_Neuron
116224,2021,unassigned
116225,2002,unassigned
116226,2003,Astro-Epen
116227,2002,unassigned
116228,2002,unassigned
116229,2002,unassigned
116230,2002,unassigned
116231,2019,Immune
116232,2002,unassigned
116233,2031,Astro-Epen
116234,2031,Astro-Epen
116235,2002,unassigned
116236,2038,unassigned
116237,2002,unassigned
116238,2002,unassigned
116239,2002,unassigned
116240,2002,unassigned
116241,2009,Immune
116242,2009,Immune
116243,2009,Immune
116244,2002,unassigned
116245,2021,unassigned
116246,2002,unassigned
116247,2003,Astro-Epen
116248,2039,Immune
116249,2003,Astro-Epen
116250,2002,unassigned
116251,2002,unassigned
116252,2002,unassigned
116253,2002,unassigned
116254,2002,unassigned
116255,2005,GABA_Neuron
116256,2002,unassigned
116257,2011,Astro-Epen
116258,2002,unassigned
116259,2018,Immune
116260,2003,Astro-Epen
116261,2037,unassigned
116262,2002,unassigned
116263,2002,unassigned
116264,2002,unassigned
116265,2002,unassigned
116266,2002,unassigned
116267,2002,unassigned
116268,2002,unassigned
116269,2002,unassigned
116270,2002,unassigned
116271,2002,unassigned
116272,2002,unassigned
116273,2027,unassigned
116274,2038,unassigned
116275,2002,unassigned
116276,2030,unassigned
116277,2002,unassigned
116278,2002,unassigned
116279,2011,Astro-Epen
116280,2011,Astro-Epen
116281,2009,Immune
116282,2002,unassigned
116283,2009,Immune
116284,2011,Astro-Epen
116285,2009,Immune
116286,2003,Astro-Epen
116287,2002,unassigned
116288,2002,unassigned
116289,2002,unassigned
116290,2037,unassigned
116291,2002,unassigned
116292,2002,unassigned
116293,2002,unassigned
116294,2002,unassigned
116295,2002,unassigned
116296,2005,GABA_Neuron
116297,2005,GABA_Neuron
116298,2002,unassigned
116299,2002,unassigned
116300,2002,unassigned
116301,2009,Immune
116302,2002,unassigned
116303,2003,Astro-Epen
116304,2002,unassigned
116305,2002,unassigned
116306,2002,unassigned
116307,2019,Immune
116308,2019,Immune
116309,2002,unassigned
116310,2031,Astro-Epen
116311,2002,unassigned
116312,2002,unassigned
116313,2002,unassigned
116314,2005,GABA_Neuron
116315,2038,unassigned
116316,2002,unassigned
116317,2002,unassigned
116318,2040,Astro-Epen
116319,2002,unassigned
116320,2009,Immune
116321,2009,Immune
116322,2003,Astro-Epen
116323,2002,unassigned
116324,2002,unassigned
116325,2002,unassigned
116326,2002,unassigned
116327,2002,unassigned
116328,2019,Immune
116329,2002,unassigned
116330,2027,unassigned
116331,2041,Immune
116332,2002,unassigned
116333,2030,unassigned
116334,2011,Astro-Epen
116335,2009,Immune
116336,2002,unassigned
116337,2018,Immune
116338,2018,Immune
116339,2002,unassigned
116340,2002,unassigned
116341,2039,Immune
116342,2002,unassigned
116343,2002,unassigned
116344,2003,Astro-Epen
116345,2002,unassigned
116346,2005,GABA_Neuron
116347,2040,Astro-Epen
116348,2035,Astro-Epen
116349,2002,unassigned
116350,2006,Vascular
116351,2009,Immune
116352,2009,Immune
116353,2011,Astro-Epen
116354,2011,Astro-Epen
116355,2009,Immune
116356,2002,unassigned
116357,2011,Astro-Epen
116358,2002,unassigned
116359,2011,Astro-Epen
116360,2003,Astro-Epen
116361,2002,unassigned
116362,2002,unassigned
116363,2003,Astro-Epen
116364,2002,unassigned
116365,2013,Immune
116366,2002,unassigned
116367,2002,unassigned
116368,2019,Immune
116369,2002,unassigned
116370,2019,Immune
116371,2002,unassigned
116372,2002,unassigned
116373,2031,Astro-Epen
116374,2005,GABA_Neuron
116375,2002,unassigned
116376,2002,unassigned
116377,2002,unassigned
116378,2002,unassigned
116379,2011,Astro-Epen
116380,2003,Astro-Epen
116381,2002,unassigned
116382,2002,unassigned
116383,2002,unassigned
116384,2002,unassigned
116385,2002,unassigned
116386,2002,unassigned
116387,2036,unassigned
116388,2003,Astro-Epen
116389,2002,unassigned
116390,2002,unassigned
116391,2002,unassigned
116392,2002,unassigned
116393,2019,Immune
116394,2002,unassigned
116395,2002,unassigned
116396,2031,Astro-Epen
116397,2005,GABA_Neuron
116398,2005,GABA_Neuron
116399,2040,Astro-Epen
116400,2002,unassigned
116401,2030,unassigned
116402,2002,unassigned
116403,2009,Immune
116404,2009,Immune
116405,2009,Immune
116406,2002,unassigned
116407,2002,unassigned
116408,2002,unassigned
116409,2002,unassigned
116410,2007,GABA_Neuron
116411,2002,unassigned
116412,2002,unassigned
116413,2019,Immune
116414,2002,unassigned
116415,2002,unassigned
116416,2005,GABA_Neuron
116417,2002,unassigned
116418,2041,Immune
116419,2002,unassigned
116420,2002,unassigned
116421,2006,Vascular
116422,2009,Immune
116423,2039,Immune
116424,2002,unassigned
116425,2002,unassigned
116426,2039,Immune
116427,2003,Astro-Epen
116428,2003,Astro-Epen
116429,2013,Immune
116430,2002,unassigned
116431,2002,unassigned
116432,2019,Immune
116433,2002,unassigned
116434,2002,unassigned
116435,2002,unassigned
116436,2002,unassigned
116437,2002,unassigned
116438,2030,unassigned
116439,2006,Vascular
116440,2006,Vascular
116441,2002,unassigned
116442,2002,unassigned
116443,2009,Immune
116444,2002,unassigned
116445,2002,unassigned
116446,2002,unassigned
116447,2002,unassigned
116448,2002,unassigned
116449,2031,Astro-Epen
116450,2005,GABA_Neuron
116451,2020,unassigned
116452,2041,Immune
116453,2011,Astro-Epen
116454,2011,Astro-Epen
116455,2002,unassigned
116456,2003,Astro-Epen
116457,2002,unassigned
116458,2002,unassigned
116459,2002,unassigned
116460,2003,Astro-Epen
116461,2002,unassigned
116462,2002,unassigned
116463,2002,unassigned
116464,2019,Immune
116465,2019,Immune
116466,2013,Immune
116467,2002,unassigned
116468,2019,Immune
116469,2002,unassigned
116470,2005,GABA_Neuron
116471,2005,GABA_Neuron
116472,2038,unassigned
116473,2005,GABA_Neuron
116474,2005,GABA_Neuron
116475,2038,unassigned
116476,2002,unassigned
116477,2002,unassigned
116478,2002,unassigned
116479,2002,unassigned
116480,2011,Astro-Epen
116481,2003,Astro-Epen
116482,2002,unassigned
116483,2002,unassigned
116484,2002,unassigned
116485,2002,unassigned
116486,2002,unassigned
116487,2019,Immune
116488,2002,unassigned
116489,2002,unassigned
116490,2002,unassigned
116491,2002,unassigned
116492,2005,GABA_Neuron
116493,2006,Vascular
116494,2002,unassigned
116495,2002,unassigned
116496,2009,Immune
116497,2009,Immune
116498,2009,Immune
116499,2009,Immune
116500,2002,unassigned
116501,2002,unassigned
116502,2002,unassigned
116503,2003,Astro-Epen
116504,2019,Immune
116505,2013,Immune
116506,2002,unassigned
116507,2019,Immune
116508,2002,unassigned
116509,2005,GABA_Neuron
116510,2040,Astro-Epen
116511,2009,Immune
116512,2009,Immune
116513,2002,unassigned
116514,2037,unassigned
116515,2002,unassigned
116516,2002,unassigned
116517,2002,unassigned
116518,2002,unassigned
116519,2002,unassigned
116520,2002,unassigned
116521,2002,unassigned
116522,2002,unassigned
116523,2035,Astro-Epen
116524,2002,unassigned
116525,2009,Immune
116526,2011,Astro-Epen
116527,2011,Astro-Epen
116528,2011,Astro-Epen
116529,2018,Immune
116530,2009,Immune
116531,2002,unassigned
116532,2002,unassigned
116533,2002,unassigned
116534,2003,Astro-Epen
116535,2002,unassigned
116536,2003,Astro-Epen
116537,2003,Astro-Epen
116538,2002,unassigned
116539,2019,Immune
116540,2019,Immune
116541,2002,unassigned
116542,2002,unassigned
116543,2002,unassigned
116544,2005,GABA_Neuron
116545,2009,Immune
116546,2018,Immune
116547,2003,Astro-Epen
116548,2002,unassigned
116549,2009,Immune
116550,2002,unassigned
116551,2003,Astro-Epen
116552,2002,unassigned
116553,2002,unassigned
116554,2002,unassigned
116555,2002,unassigned
116556,2019,Immune
116557,2002,unassigned
116558,2002,unassigned
116559,2002,unassigned
116560,2005,GABA_Neuron
116561,2005,GABA_Neuron
116562,2002,unassigned
116563,2009,Immune
116564,2009,Immune
116565,2011,Astro-Epen
116566,2002,unassigned
116567,2003,Astro-Epen
116568,2037,unassigned
116569,2002,unassigned
116570,2003,Astro-Epen
116571,2002,unassigned
116572,2019,Immune
116573,2002,unassigned
116574,2002,unassigned
116575,2040,Astro-Epen
116576,2030,unassigned
116577,2002,unassigned
116578,2023,Astro-Epen
116579,2002,unassigned
116580,2002,unassigned
116581,2002,unassigned
116582,2002,unassigned
116583,2002,unassigned
116584,2002,unassigned
116585,2036,unassigned
116586,2002,unassigned
116587,2013,Immune
116588,2019,Immune
116589,2002,unassigned
116590,2019,Immune
116591,2013,Immune
116592,2031,Astro-Epen
116593,2002,unassigned
116594,2041,Immune
116595,2011,Astro-Epen
116596,2009,Immune
116597,2009,Immune
116598,2039,Immune
116599,2002,unassigned
116600,2002,unassigned
116601,2002,unassigned
116602,2003,Astro-Epen
116603,2003,Astro-Epen
116604,2002,unassigned
116605,2002,unassigned
116606,2002,unassigned
116607,2002,unassigned
116608,2002,unassigned
116609,2002,unassigned
116610,2002,unassigned
116611,2005,GABA_Neuron
116612,2040,Astro-Epen
116613,2035,Astro-Epen
116614,2002,unassigned
116615,2018,Immune
116616,2011,Astro-Epen
116617,2009,Immune
116618,2002,unassigned
116619,2002,unassigned
116620,2002,unassigned
116621,2003,Astro-Epen
116622,2003,Astro-Epen
116623,2037,unassigned
116624,2002,unassigned
116625,2007,GABA_Neuron
116626,2002,unassigned
116627,2002,unassigned
116628,2019,Immune
116629,2002,unassigned
116630,2005,GABA_Neuron
116631,2035,Astro-Epen
116632,2030,unassigned
116633,2006,Vascular
116634,2002,unassigned
116635,2009,Immune
116636,2002,unassigned
116637,2002,unassigned
116638,2036,unassigned
116639,2002,unassigned
116640,2002,unassigned
116641,2042,unassigned
116642,2002,unassigned
116643,2002,unassigned
116644,2043,unassigned
116645,2002,unassigned
116646,2002,unassigned
116647,2002,unassigned
116648,2002,unassigned
116649,2002,unassigned
116650,2002,unassigned
116651,2002,unassigned
116652,2002,unassigned
116653,2019,Immune
116654,2002,unassigned
116655,2002,unassigned
116656,2002,unassigned
116657,2002,unassigned
116658,2002,unassigned
116659,2038,unassigned
116660,2006,Vascular
116661,2009,Immune
116662,2009,Immune
116663,2009,Immune
116664,2011,Astro-Epen
116665,2011,Astro-Epen
116666,2011,Astro-Epen
116667,2002,unassigned
116668,2039,Immune
116669,2002,unassigned
116670,2013,Immune
116671,2003,Astro-Epen
116672,2013,Immune
116673,2013,Immune
116674,2019,Immune
116675,2002,unassigned
116676,2002,unassigned
116677,2002,unassigned
116678,2040,Astro-Epen
116679,2002,unassigned
116680,2009,Immune
116681,2002,unassigned
116682,2009,Immune
116683,2002,unassigned
116684,2002,unassigned
116685,2002,unassigned
116686,2019,Immune
116687,2002,unassigned
116688,2002,unassigned
116689,2002,unassigned
116690,2009,Immune
116691,2002,unassigned
116692,2009,Immune
116693,2002,unassigned
116694,2018,Immune
116695,2002,unassigned
116696,2002,unassigned
116697,2002,unassigned
116698,2002,unassigned
116699,2002,unassigned
116700,2002,unassigned
116701,2031,Astro-Epen
116702,2002,unassigned
116703,2002,unassigned
116704,2002,unassigned
116705,2030,unassigned
116706,2009,Immune
116707,2009,Immune
116708,2002,unassigned
116709,2011,Astro-Epen
116710,2002,unassigned
116711,2037,unassigned
116712,2002,unassigned
116713,2002,unassigned
116714,2002,unassigned
116715,2002,unassigned
116716,2019,Immune
116717,2002,unassigned
116718,2002,unassigned
116719,2005,GABA_Neuron
116720,2023,Astro-Epen
116721,2006,Vascular
116722,2009,Immune
116723,2003,Astro-Epen
116724,2002,unassigned
116725,2003,Astro-Epen
116726,2002,unassigned
116727,2002,unassigned
116728,2002,unassigned
116729,2005,GABA_Neuron
116730,2002,unassigned
116731,2035,Astro-Epen
116732,2002,unassigned
116733,2023,Astro-Epen
116734,2002,unassigned
116735,2002,unassigned
116736,2002,unassigned
116737,2002,unassigned
116738,2002,unassigned
116739,2003,Astro-Epen
116740,2002,unassigned
116741,2031,Astro-Epen
116742,2002,unassigned
116743,2038,unassigned
116744,2002,unassigned
116745,2002,unassigned
116746,2018,Immune
116747,2043,unassigned
116748,2002,unassigned
116749,2036,unassigned
116750,2002,unassigned
116751,2002,unassigned
116752,2005,GABA_Neuron
116753,2005,GABA_Neuron
116754,2035,Astro-Epen
116755,2005,GABA_Neuron
116756,2023,Astro-Epen
116757,2030,unassigned
116758,2011,Astro-Epen
116759,2002,unassigned
116760,2002,unassigned
116761,2009,Immune
116762,2003,Astro-Epen
116763,2003,Astro-Epen
116764,2002,unassigned
116765,2013,Immune
116766,2002,unassigned
116767,2036,unassigned
116768,2002,unassigned
116769,2013,Immune
116770,2019,Immune
116771,2002,unassigned
116772,2005,GABA_Neuron
116773,2002,unassigned
116774,2006,Vascular
116775,2002,unassigned
116776,2009,Immune
116777,2002,unassigned
116778,2002,unassigned
116779,2002,unassigned
116780,2009,Immune
116781,2002,unassigned
116782,2002,unassigned
116783,2002,unassigned
116784,2002,unassigned
116785,2002,unassigned
116786,2002,unassigned
116787,2002,unassigned
116788,2002,unassigned
116789,2002,unassigned
116790,2006,Vascular
116791,2023,Astro-Epen
116792,2002,unassigned
116793,2002,unassigned
116794,2002,unassigned
116795,2002,unassigned
116796,2009,Immune
116797,2018,Immune
116798,2002,unassigned
116799,2021,unassigned
116800,2003,Astro-Epen
116801,2002,unassigned
116802,2002,unassigned
116803,2007,GABA_Neuron
116804,2002,unassigned
116805,2019,Immune
116806,2019,Immune
116807,2002,unassigned
116808,2011,Astro-Epen
116809,2002,unassigned
116810,2002,unassigned
116811,2002,unassigned
116812,2002,unassigned
116813,2003,Astro-Epen
116814,2003,Astro-Epen
116815,2002,unassigned
116816,2002,unassigned
116817,2002,unassigned
116818,2002,unassigned
116819,2002,unassigned
116820,2002,unassigned
116821,2019,Immune
116822,2002,unassigned
116823,2002,unassigned
116824,2002,unassigned
116825,2005,GABA_Neuron
116826,2002,unassigned
116827,2038,unassigned
116828,2002,unassigned
116829,2011,Astro-Epen
116830,2023,Astro-Epen
116831,2011,Astro-Epen
116832,2009,Immune
116833,2009,Immune
116834,2002,unassigned
116835,2002,unassigned
116836,2002,unassigned
116837,2003,Astro-Epen
116838,2013,Immune
116839,2002,unassigned
116840,2038,unassigned
116841,2002,unassigned
116842,2044,unassigned
116843,2002,unassigned
116844,2030,unassigned
116845,2011,Astro-Epen
116846,2002,unassigned
116847,2011,Astro-Epen
116848,2011,Astro-Epen
116849,2002,unassigned
116850,2002,unassigned
116851,2003,Astro-Epen
116852,2002,unassigned
116853,2003,Astro-Epen
116854,2037,unassigned
116855,2003,Astro-Epen
116856,2003,Astro-Epen
116857,2002,unassigned
116858,2002,unassigned
116859,2002,unassigned
116860,2002,unassigned
116861,2002,unassigned
116862,2002,unassigned
116863,2002,unassigned
116864,2006,Vascular
116865,2009,Immune
116866,2002,unassigned
116867,2039,Immune
116868,2002,unassigned
116869,2002,unassigned
116870,2002,unassigned
116871,2007,GABA_Neuron
116872,2002,unassigned
116873,2003,Astro-Epen
116874,2003,Astro-Epen
116875,2002,unassigned
116876,2036,unassigned
116877,2031,Astro-Epen
116878,2002,unassigned
116879,2002,unassigned
116880,2040,Astro-Epen
116881,2044,unassigned
116882,2040,Astro-Epen
116883,2030,unassigned
116884,2002,unassigned
116885,2023,Astro-Epen
116886,2002,unassigned
116887,2009,Immune
116888,2011,Astro-Epen
116889,2002,unassigned
116890,2002,unassigned
116891,2002,unassigned
116892,2002,unassigned
116893,2009,Immune
116894,2009,Immune
116895,2002,unassigned
116896,2003,Astro-Epen
116897,2002,unassigned
116898,2003,Astro-Epen
116899,2019,Immune
116900,2002,unassigned
116901,2002,unassigned
116902,2002,unassigned
116903,2002,unassigned
116904,2002,unassigned
116905,2002,unassigned
116906,2030,unassigned
116907,2002,unassigned
116908,2030,unassigned
116909,2002,unassigned
116910,2009,Immune
116911,2039,Immune
116912,2002,unassigned
116913,2002,unassigned
116914,2002,unassigned
116915,2002,unassigned
116916,2013,Immune
116917,2003,Astro-Epen
116918,2002,unassigned
116919,2013,Immune
116920,2002,unassigned
116921,2003,Astro-Epen
116922,2002,unassigned
116923,2002,unassigned
116924,2019,Immune
116925,2002,unassigned
116926,2009,Immune
116927,2023,Astro-Epen
116928,2002,unassigned
116929,2002,unassigned
116930,2002,unassigned
116931,2002,unassigned
116932,2002,unassigned
116933,2013,Immune
116934,2002,unassigned
116935,2002,unassigned
116936,2027,unassigned
116937,2002,unassigned
116938,2040,Astro-Epen
116939,2011,Astro-Epen
116940,2002,unassigned
116941,2011,Astro-Epen
116942,2039,Immune
116943,2037,unassigned
116944,2003,Astro-Epen
116945,2003,Astro-Epen
116946,2003,Astro-Epen
116947,2002,unassigned
116948,2019,Immune
116949,2002,unassigned
116950,2002,unassigned
116951,2035,Astro-Epen
116952,2002,unassigned
116953,2002,unassigned
116954,2002,unassigned
116955,2023,Astro-Epen
116956,2011,Astro-Epen
116957,2011,Astro-Epen
116958,2023,Astro-Epen
116959,2009,Immune
116960,2009,Immune
116961,2003,Astro-Epen
116962,2002,unassigned
116963,2002,unassigned
116964,2013,Immune
116965,2003,Astro-Epen
116966,2002,unassigned
116967,2013,Immune
116968,2002,unassigned
116969,2019,Immune
116970,2002,unassigned
116971,2002,unassigned
116972,2031,Astro-Epen
116973,2031,Astro-Epen
116974,2027,unassigned
116975,2002,unassigned
116976,2002,unassigned
116977,2002,unassigned
116978,2002,unassigned
116979,2030,unassigned
116980,2002,unassigned
116981,2011,Astro-Epen
116982,2009,Immune
116983,2002,unassigned
116984,2003,Astro-Epen
116985,2003,Astro-Epen
116986,2002,unassigned
116987,2002,unassigned
116988,2002,unassigned
116989,2003,Astro-Epen
116990,2003,Astro-Epen
116991,2036,unassigned
116992,2002,unassigned
116993,2013,Immune
116994,2002,unassigned
116995,2005,GABA_Neuron
116996,2030,unassigned
116997,2002,unassigned
116998,2002,unassigned
116999,2005,GABA_Neuron
117000,2002,unassigned
117001,2011,Astro-Epen
117002,2002,unassigned
117003,2009,Immune
117004,2003,Astro-Epen
117005,2002,unassigned
117006,2002,unassigned
117007,2035,Astro-Epen
117008,2002,unassigned
117009,2002,unassigned
117010,2002,unassigned
117011,2009,Immune
117012,2002,unassigned
117013,2002,unassigned
117014,2003,Astro-Epen
117015,2039,Immune
117016,2002,unassigned
117017,2002,unassigned
117018,2002,unassigned
117019,2013,Immune
117020,2013,Immune
117021,2002,unassigned
117022,2002,unassigned
117023,2019,Immune
117024,2002,unassigned
117025,2002,unassigned
117026,2002,unassigned
117027,2002,unassigned
117028,2003,Astro-Epen
117029,2002,unassigned
117030,2002,unassigned
117031,2003,Astro-Epen
117032,2002,unassigned
117033,2002,unassigned
117034,2002,unassigned
117035,2002,unassigned
117036,2002,unassigned
117037,2031,Astro-Epen
117038,2002,unassigned
117039,2041,Immune
117040,2002,unassigned
117041,2002,unassigned
117042,2002,unassigned
117043,2002,unassigned
117044,2009,Immune
117045,2011,Astro-Epen
117046,2002,unassigned
117047,2002,unassigned
117048,2003,Astro-Epen
117049,2002,unassigned
117050,2002,unassigned
117051,2037,unassigned
117052,2002,unassigned
117053,2013,Immune
117054,2003,Astro-Epen
117055,2002,unassigned
117056,2002,unassigned
117057,2002,unassigned
117058,2002,unassigned
117059,2005,GABA_Neuron
117060,2002,unassigned
117061,2011,Astro-Epen
117062,2002,unassigned
117063,2002,unassigned
117064,2002,unassigned
117065,2002,unassigned
117066,2002,unassigned
117067,2002,unassigned
117068,2037,unassigned
117069,2003,Astro-Epen
117070,2002,unassigned
117071,2002,unassigned
117072,2003,Astro-Epen
117073,2019,Immune
117074,2002,unassigned
117075,2019,Immune
117076,2002,unassigned
117077,2002,unassigned
117078,2002,unassigned
117079,2002,unassigned
117080,2002,unassigned
117081,2023,Astro-Epen
117082,2002,unassigned
117083,2002,unassigned
117084,2002,unassigned
117085,2003,Astro-Epen
117086,2002,unassigned
117087,2002,unassigned
117088,2002,unassigned
117089,2002,unassigned
117090,2002,unassigned
117091,2002,unassigned
117092,2005,GABA_Neuron
117093,2038,unassigned
117094,2005,GABA_Neuron
117095,2040,Astro-Epen
117096,2002,unassigned
117097,2002,unassigned
117098,2002,unassigned
117099,2006,Vascular
117100,2011,Astro-Epen
117101,2009,Immune
117102,2002,unassigned
117103,2002,unassigned
117104,2002,unassigned
117105,2013,Immune
117106,2013,Immune
117107,2019,Immune
117108,2002,unassigned
117109,2002,unassigned
117110,2019,Immune
117111,2002,unassigned
117112,2002,unassigned
117113,2002,unassigned
117114,2005,GABA_Neuron
117115,2041,Immune
117116,2030,unassigned
117117,2035,Astro-Epen
117118,2040,Astro-Epen
117119,2002,unassigned
117120,2023,Astro-Epen
117121,2002,unassigned
117122,2002,unassigned
117123,2009,Immune
117124,2039,Immune
117125,2003,Astro-Epen
117126,2013,Immune
117127,2013,Immune
117128,2002,unassigned
117129,2002,unassigned
117130,2002,unassigned
117131,2002,unassigned
117132,2002,unassigned
117133,2002,unassigned
117134,2002,unassigned
117135,2002,unassigned
117136,2011,Astro-Epen
117137,2023,Astro-Epen
117138,2002,unassigned
117139,2002,unassigned
117140,2003,Astro-Epen
117141,2002,unassigned
117142,2037,unassigned
117143,2003,Astro-Epen
117144,2002,unassigned
117145,2002,unassigned
117146,2002,unassigned
117147,2002,unassigned
117148,2019,Immune
117149,2002,unassigned
117150,2002,unassigned
117151,2002,unassigned
117152,2030,unassigned
117153,2011,Astro-Epen
117154,2009,Immune
117155,2002,unassigned
117156,2009,Immune
117157,2003,Astro-Epen
117158,2002,unassigned
117159,2003,Astro-Epen
117160,2002,unassigned
117161,2013,Immune
117162,2002,unassigned
117163,2003,Astro-Epen
117164,2013,Immune
117165,2019,Immune
117166,2026,unassigned
117167,2002,unassigned
117168,2002,unassigned
117169,2031,Astro-Epen
117170,2040,Astro-Epen
117171,2002,unassigned
117172,2002,unassigned
117173,2006,Vascular
117174,2009,Immune
117175,2018,Immune
117176,2011,Astro-Epen
117177,2003,Astro-Epen
117178,2002,unassigned
117179,2002,unassigned
117180,2002,unassigned
117181,2002,unassigned
117182,2003,Astro-Epen
117183,2002,unassigned
117184,2019,Immune
117185,2019,Immune
117186,2002,unassigned
117187,2011,Astro-Epen
117188,2002,unassigned
117189,2002,unassigned
117190,2009,Immune
117191,2009,Immune
117192,2002,unassigned
117193,2002,unassigned
117194,2002,unassigned
117195,2002,unassigned
117196,2002,unassigned
117197,2002,unassigned
117198,2002,unassigned
117199,2013,Immune
117200,2002,unassigned
117201,2002,unassigned
117202,2023,Astro-Epen
117203,2002,unassigned
117204,2002,unassigned
117205,2002,unassigned
117206,2013,Immune
117207,2002,unassigned
117208,2041,Immune
117209,2041,Immune
117210,2038,unassigned
117211,2035,Astro-Epen
117212,2035,Astro-Epen
117213,2002,unassigned
117214,2002,unassigned
117215,2002,unassigned
117216,2002,unassigned
117217,2002,unassigned
117218,2002,unassigned
117219,2009,Immune
117220,2011,Astro-Epen
117221,2002,unassigned
117222,2002,unassigned
117223,2002,unassigned
117224,2018,Immune
117225,2003,Astro-Epen
117226,2002,unassigned
117227,2002,unassigned
117228,2002,unassigned
117229,2002,unassigned
117230,2002,unassigned
117231,2013,Immune
117232,2002,unassigned
117233,2019,Immune
117234,2002,unassigned
117235,2002,unassigned
117236,2040,Astro-Epen
117237,2002,unassigned
117238,2023,Astro-Epen
117239,2011,Astro-Epen
117240,2045,Excitatory_Neuron
117241,2009,Immune
117242,2002,unassigned
117243,2002,unassigned
117244,2002,unassigned
117245,2003,Astro-Epen
117246,2002,unassigned
117247,2002,unassigned
117248,2042,unassigned
117249,2005,GABA_Neuron
117250,2030,unassigned
117251,2002,unassigned
117252,2023,Astro-Epen
117253,2011,Astro-Epen
117254,2002,unassigned
117255,2009,Immune
117256,2018,Immune
117257,2009,Immune
117258,2009,Immune
117259,2039,Immune
117260,2002,unassigned
117261,2039,Immune
117262,2003,Astro-Epen
117263,2002,unassigned
117264,2002,unassigned
117265,2002,unassigned
117266,2002,unassigned
117267,2002,unassigned
117268,2031,Astro-Epen
117269,2002,unassigned
117270,2041,Immune
117271,2002,unassigned
117272,2040,Astro-Epen
117273,2002,unassigned
117274,2002,unassigned
117275,2009,Immune
117276,2011,Astro-Epen
117277,2002,unassigned
117278,2002,unassigned
117279,2002,unassigned
117280,2003,Astro-Epen
117281,2002,unassigned
117282,2036,unassigned
117283,2002,unassigned
117284,2013,Immune
117285,2003,Astro-Epen
117286,2002,unassigned
117287,2002,unassigned
117288,2002,unassigned
117289,2005,GABA_Neuron
117290,2038,unassigned
117291,2038,unassigned
117292,2040,Astro-Epen
117293,2040,Astro-Epen
117294,2040,Astro-Epen
117295,2002,unassigned
117296,2002,unassigned
117297,2011,Astro-Epen
117298,2018,Immune
117299,2011,Astro-Epen
117300,2002,unassigned
117301,2002,unassigned
117302,2003,Astro-Epen
117303,2003,Astro-Epen
117304,2002,unassigned
117305,2002,unassigned
117306,2002,unassigned
117307,2002,unassigned
117308,2002,unassigned
117309,2005,GABA_Neuron
117310,2002,unassigned
117311,2002,unassigned
117312,2002,unassigned
117313,2003,Astro-Epen
117314,2002,unassigned
117315,2002,unassigned
117316,2003,Astro-Epen
117317,2013,Immune
117318,2019,Immune
117319,2002,unassigned
117320,2031,Astro-Epen
117321,2002,unassigned
117322,2027,unassigned
117323,2041,Immune
117324,2002,unassigned
117325,2002,unassigned
117326,2009,Immune
117327,2011,Astro-Epen
117328,2003,Astro-Epen
117329,2003,Astro-Epen
117330,2002,unassigned
117331,2002,unassigned
117332,2002,unassigned
117333,2019,Immune
117334,2002,unassigned
117335,2002,unassigned
117336,2005,GABA_Neuron
117337,2002,unassigned
117338,2035,Astro-Epen
117339,2002,unassigned
117340,2011,Astro-Epen
117341,2002,unassigned
117342,2039,Immune
117343,2002,unassigned
117344,2002,unassigned
117345,2013,Immune
117346,2019,Immune
117347,2019,Immune
117348,2002,unassigned
117349,2005,GABA_Neuron
117350,2002,unassigned
117351,2002,unassigned
117352,2002,unassigned
117353,2006,Vascular
117354,2011,Astro-Epen
117355,2011,Astro-Epen
117356,2011,Astro-Epen
117357,2002,unassigned
117358,2003,Astro-Epen
117359,2003,Astro-Epen
117360,2002,unassigned
117361,2003,Astro-Epen
117362,2039,Immune
117363,2013,Immune
117364,2002,unassigned
117365,2019,Immune
117366,2019,Immune
117367,2019,Immune
117368,2002,unassigned
117369,2002,unassigned
117370,2046,unassigned
117371,2002,unassigned
117372,2002,unassigned
117373,2002,unassigned
117374,2018,Immune
117375,2009,Immune
117376,2011,Astro-Epen
117377,2002,unassigned
117378,2002,unassigned
117379,2002,unassigned
117380,2003,Astro-Epen
117381,2003,Astro-Epen
117382,2002,unassigned
117383,2002,unassigned
117384,2002,unassigned
117385,2003,Astro-Epen
117386,2013,Immune
117387,2019,Immune
117388,2002,unassigned
117389,2027,unassigned
117390,2002,unassigned
117391,2002,unassigned
117392,2002,unassigned
117393,2002,unassigned
117394,2002,unassigned
117395,2002,unassigned
117396,2009,Immune
117397,2003,Astro-Epen
117398,2002,unassigned
117399,2003,Astro-Epen
117400,2002,unassigned
117401,2036,unassigned
117402,2002,unassigned
117403,2002,unassigned
117404,2002,unassigned
117405,2002,unassigned
117406,2013,Immune
117407,2019,Immune
117408,2019,Immune
117409,2002,unassigned
117410,2002,unassigned
117411,2002,unassigned
117412,2002,unassigned
117413,2031,Astro-Epen
117414,2002,unassigned
117415,2005,GABA_Neuron
117416,2005,GABA_Neuron
117417,2005,GABA_Neuron
117418,2040,Astro-Epen
117419,2009,Immune
117420,2011,Astro-Epen
117421,2023,Astro-Epen
117422,2002,unassigned
117423,2045,Excitatory_Neuron
117424,2009,Immune
117425,2003,Astro-Epen
117426,2002,unassigned
117427,2003,Astro-Epen
117428,2037,unassigned
117429,2002,unassigned
117430,2019,Immune
117431,2002,unassigned
117432,2027,unassigned
117433,2035,Astro-Epen
117434,2002,unassigned
117435,2002,unassigned
117436,2002,unassigned
117437,2002,unassigned
117438,2002,unassigned
117439,2011,Astro-Epen
117440,2002,unassigned
117441,2002,unassigned
117442,2002,unassigned
117443,2039,Immune
117444,2003,Astro-Epen
117445,2002,unassigned
117446,2002,unassigned
117447,2002,unassigned
117448,2002,unassigned
117449,2002,unassigned
117450,2002,unassigned
117451,2031,Astro-Epen
117452,2002,unassigned
117453,2005,GABA_Neuron
117454,2002,unassigned
117455,2002,unassigned
117456,2002,unassigned
117457,2009,Immune
117458,2002,unassigned
117459,2011,Astro-Epen
117460,2003,Astro-Epen
117461,2039,Immune
117462,2002,unassigned
117463,2002,unassigned
117464,2002,unassigned
117465,2002,unassigned
117466,2019,Immune
117467,2002,unassigned
117468,2002,unassigned
117469,2002,unassigned
117470,2005,GABA_Neuron
117471,2005,GABA_Neuron
117472,2002,unassigned
117473,2002,unassigned
117474,2002,unassigned
117475,2006,Vascular
117476,2045,Excitatory_Neuron
117477,2002,unassigned
117478,2011,Astro-Epen
117479,2002,unassigned
117480,2002,unassigned
117481,2002,unassigned
117482,2003,Astro-Epen
117483,2002,unassigned
117484,2002,unassigned
117485,2002,unassigned
117486,2002,unassigned
117487,2013,Immune
117488,2013,Immune
117489,2013,Immune
117490,2019,Immune
117491,2019,Immune
117492,2002,unassigned
117493,2002,unassigned
117494,2031,Astro-Epen
117495,2031,Astro-Epen
117496,2035,Astro-Epen
117497,2040,Astro-Epen
117498,2002,unassigned
117499,2023,Astro-Epen
117500,2023,Astro-Epen
117501,2009,Immune
117502,2002,unassigned
117503,2011,Astro-Epen
117504,2003,Astro-Epen
117505,2009,Immune
117506,2002,unassigned
117507,2002,unassigned
117508,2002,unassigned
117509,2019,Immune
117510,2002,unassigned
117511,2002,unassigned
117512,2002,unassigned
117513,2030,unassigned
117514,2002,unassigned
117515,2009,Immune
117516,2009,Immune
117517,2003,Astro-Epen
117518,2002,unassigned
117519,2002,unassigned
117520,2002,unassigned
117521,2013,Immune
117522,2002,unassigned
117523,2005,GABA_Neuron
117524,2002,unassigned
117525,2011,Astro-Epen
117526,2009,Immune
117527,2011,Astro-Epen
117528,2002,unassigned
117529,2009,Immune
117530,2009,Immune
117531,2002,unassigned
117532,2002,unassigned
117533,2002,unassigned
117534,2037,unassigned
117535,2002,unassigned
117536,2039,Immune
117537,2002,unassigned
117538,2019,Immune
117539,2019,Immune
117540,2019,Immune
117541,2027,unassigned
117542,2005,GABA_Neuron
117543,2002,unassigned
117544,2023,Astro-Epen
117545,2011,Astro-Epen
117546,2009,Immune
117547,2002,unassigned
117548,2011,Astro-Epen
117549,2009,Immune
117550,2002,unassigned
117551,2003,Astro-Epen
117552,2002,unassigned
117553,2003,Astro-Epen
117554,2013,Immune
117555,2003,Astro-Epen
117556,2013,Immune
117557,2002,unassigned
117558,2013,Immune
117559,2002,unassigned
117560,2027,unassigned
117561,2035,Astro-Epen
117562,2002,unassigned
117563,2005,GABA_Neuron
117564,2002,unassigned
117565,2002,unassigned
117566,2002,unassigned
117567,2040,Astro-Epen
117568,2040,Astro-Epen
117569,2047,unassigned
117570,2009,Immune
117571,2009,Immune
117572,2002,unassigned
117573,2003,Astro-Epen
117574,2002,unassigned
117575,2019,Immune
117576,2002,unassigned
117577,2002,unassigned
117578,2002,unassigned
117579,2002,unassigned
117580,2002,unassigned
117581,2002,unassigned
117582,2002,unassigned
117583,2006,Vascular
117584,2011,Astro-Epen
117585,2011,Astro-Epen
117586,2018,Immune
117587,2002,unassigned
117588,2002,unassigned
117589,2013,Immune
117590,2002,unassigned
117591,2002,unassigned
117592,2002,unassigned
117593,2002,unassigned
117594,2002,unassigned
117595,2003,Astro-Epen
117596,2019,Immune
117597,2002,unassigned
117598,2019,Immune
117599,2002,unassigned
117600,2027,unassigned
117601,2040,Astro-Epen
117602,2002,unassigned
117603,2030,unassigned
117604,2009,Immune
117605,2002,unassigned
117606,2011,Astro-Epen
117607,2011,Astro-Epen
117608,2002,unassigned
117609,2002,unassigned
117610,2002,unassigned
117611,2002,unassigned
117612,2003,Astro-Epen
117613,2002,unassigned
117614,2002,unassigned
117615,2002,unassigned
117616,2002,unassigned
117617,2031,Astro-Epen
117618,2031,Astro-Epen
117619,2005,GABA_Neuron
117620,2048,unassigned
117621,2027,unassigned
117622,2038,unassigned
117623,2002,unassigned
117624,2002,unassigned
117625,2002,unassigned
117626,2009,Immune
117627,2002,unassigned
117628,2002,unassigned
117629,2002,unassigned
117630,2039,Immune
117631,2003,Astro-Epen
117632,2002,unassigned
117633,2003,Astro-Epen
117634,2002,unassigned
117635,2002,unassigned
117636,2002,unassigned
117637,2002,unassigned
117638,2002,unassigned
117639,2019,Immune
117640,2002,unassigned
117641,2005,GABA_Neuron
117642,2040,Astro-Epen
117643,2002,unassigned
117644,2002,unassigned
117645,2009,Immune
117646,2011,Astro-Epen
117647,2009,Immune
117648,2039,Immune
117649,2003,Astro-Epen
117650,2002,unassigned
117651,2002,unassigned
117652,2019,Immune
117653,2002,unassigned
117654,2002,unassigned
117655,2031,Astro-Epen
117656,2005,GABA_Neuron
117657,2002,unassigned
117658,2002,unassigned
117659,2002,unassigned
117660,2023,Astro-Epen
117661,2009,Immune
117662,2011,Astro-Epen
117663,2003,Astro-Epen
117664,2002,unassigned
117665,2003,Astro-Epen
117666,2002,unassigned
117667,2002,unassigned
117668,2003,Astro-Epen
117669,2019,Immune
117670,2002,unassigned
117671,2002,unassigned
117672,2027,unassigned
117673,2002,unassigned
117674,2011,Astro-Epen
117675,2002,unassigned
117676,2019,Immune
117677,2013,Immune
117678,2013,Immune
117679,2019,Immune
117680,2002,unassigned
117681,2027,unassigned
117682,2002,unassigned
117683,2002,unassigned
117684,2035,Astro-Epen
117685,2002,unassigned
117686,2002,unassigned
117687,2006,Vascular
117688,2002,unassigned
117689,2023,Astro-Epen
117690,2009,Immune
117691,2018,Immune
117692,2002,unassigned
117693,2002,unassigned
117694,2003,Astro-Epen
117695,2002,unassigned
117696,2003,Astro-Epen
117697,2002,unassigned
117698,2002,unassigned
117699,2002,unassigned
117700,2002,unassigned
117701,2002,unassigned
117702,2002,unassigned
117703,2002,unassigned
117704,2040,Astro-Epen
117705,2030,unassigned
117706,2002,unassigned
117707,2002,unassigned
117708,2023,Astro-Epen
117709,2011,Astro-Epen
117710,2003,Astro-Epen
117711,2003,Astro-Epen
117712,2002,unassigned
117713,2002,unassigned
117714,2002,unassigned
117715,2003,Astro-Epen
117716,2002,unassigned
117717,2003,Astro-Epen
117718,2013,Immune
117719,2002,unassigned
117720,2002,unassigned
117721,2002,unassigned
117722,2035,Astro-Epen
117723,2002,unassigned
117724,2023,Astro-Epen
117725,2023,Astro-Epen
117726,2009,Immune
117727,2002,unassigned
117728,2002,unassigned
117729,2002,unassigned
117730,2003,Astro-Epen
117731,2013,Immune
117732,2003,Astro-Epen
117733,2003,Astro-Epen
117734,2002,unassigned
117735,2002,unassigned
117736,2002,unassigned
117737,2002,unassigned
117738,2002,unassigned
117739,2002,unassigned
117740,2002,unassigned
117741,2002,unassigned
117742,2002,unassigned
117743,2002,unassigned
117744,2002,unassigned
117745,2002,unassigned
117746,2002,unassigned
117747,2002,unassigned
117748,2002,unassigned
117749,2002,unassigned
117750,2003,Astro-Epen
117751,2039,Immune
117752,2002,unassigned
117753,2013,Immune
117754,2003,Astro-Epen
117755,2002,unassigned
117756,2002,unassigned
117757,2002,unassigned
117758,2002,unassigned
117759,2027,unassigned
117760,2027,unassigned
117761,2038,unassigned
117762,2002,unassigned
117763,2002,unassigned
117764,2002,unassigned
117765,2002,unassigned
117766,2002,unassigned
117767,2023,Astro-Epen
117768,2002,unassigned
117769,2011,Astro-Epen
117770,2002,unassigned
117771,2002,unassigned
117772,2039,Immune
117773,2002,unassigned
117774,2002,unassigned
117775,2002,unassigned
117776,2002,unassigned
117777,2002,unassigned
117778,2019,Immune
117779,2002,unassigned
117780,2002,unassigned
117781,2002,unassigned
117782,2027,unassigned
117783,2035,Astro-Epen
117784,2002,unassigned
117785,2002,unassigned
117786,2002,unassigned
117787,2011,Astro-Epen
117788,2002,unassigned
117789,2009,Immune
117790,2002,unassigned
117791,2003,Astro-Epen
117792,2002,unassigned
117793,2002,unassigned
117794,2035,Astro-Epen
117795,2041,Immune
117796,2002,unassigned
117797,2002,unassigned
117798,2002,unassigned
117799,2009,Immune
117800,2023,Astro-Epen
117801,2011,Astro-Epen
117802,2009,Immune
117803,2002,unassigned
117804,2009,Immune
117805,2003,Astro-Epen
117806,2002,unassigned
117807,2002,unassigned
117808,2002,unassigned
117809,2049,Immune
117810,2002,unassigned
117811,2002,unassigned
117812,2002,unassigned
117813,2031,Astro-Epen
117814,2031,Astro-Epen
117815,2035,Astro-Epen
117816,2035,Astro-Epen
117817,2002,unassigned
117818,2002,unassigned
117819,2002,unassigned
117820,2023,Astro-Epen
117821,2011,Astro-Epen
117822,2009,Immune
117823,2023,Astro-Epen
117824,2002,unassigned
117825,2023,Astro-Epen
117826,2002,unassigned
117827,2002,unassigned
117828,2002,unassigned
117829,2002,unassigned
117830,2013,Immune
117831,2019,Immune
117832,2002,unassigned
117833,2002,unassigned
117834,2002,unassigned
117835,2002,unassigned
117836,2005,GABA_Neuron
117837,2002,unassigned
117838,2002,unassigned
117839,2023,Astro-Epen
117840,2023,Astro-Epen
117841,2011,Astro-Epen
117842,2002,unassigned
117843,2045,Excitatory_Neuron
117844,2002,unassigned
117845,2002,unassigned
117846,2009,Immune
117847,2009,Immune
117848,2003,Astro-Epen
117849,2002,unassigned
117850,2002,unassigned
117851,2037,unassigned
117852,2003,Astro-Epen
117853,2002,unassigned
117854,2037,unassigned
117855,2002,unassigned
117856,2003,Astro-Epen
117857,2002,unassigned
117858,2002,unassigned
117859,2002,unassigned
117860,2002,unassigned
117861,2002,unassigned
117862,2002,unassigned
117863,2027,unassigned
117864,2041,Immune
117865,2002,unassigned
117866,2002,unassigned
117867,2009,Immune
117868,2011,Astro-Epen
117869,2018,Immune
117870,2018,Immune
117871,2002,unassigned
117872,2009,Immune
117873,2009,Immune
117874,2003,Astro-Epen
117875,2002,unassigned
117876,2002,unassigned
117877,2013,Immune
117878,2002,unassigned
117879,2002,unassigned
117880,2040,Astro-Epen
117881,2002,unassigned
117882,2023,Astro-Epen
117883,2023,Astro-Epen
117884,2011,Astro-Epen
117885,2002,unassigned
117886,2002,unassigned
117887,2003,Astro-Epen
117888,2002,unassigned
117889,2002,unassigned
117890,2050,Immune
117891,2002,unassigned
117892,2002,unassigned
117893,2002,unassigned
117894,2002,unassigned
117895,2002,unassigned
117896,2042,unassigned
117897,2005,GABA_Neuron
117898,2038,unassigned
117899,2040,Astro-Epen
117900,2011,Astro-Epen
117901,2023,Astro-Epen
117902,2011,Astro-Epen
117903,2002,unassigned
117904,2009,Immune
117905,2003,Astro-Epen
117906,2002,unassigned
117907,2002,unassigned
117908,2002,unassigned
117909,2019,Immune
117910,2027,unassigned
117911,2040,Astro-Epen
117912,2040,Astro-Epen
117913,2005,GABA_Neuron
117914,2002,unassigned
117915,2002,unassigned
117916,2045,Excitatory_Neuron
117917,2002,unassigned
117918,2002,unassigned
117919,2002,unassigned
117920,2002,unassigned
117921,2003,Astro-Epen
117922,2002,unassigned
117923,2002,unassigned
117924,2002,unassigned
117925,2002,unassigned
117926,2002,unassigned
117927,2002,unassigned
117928,2002,unassigned
117929,2002,unassigned
117930,2027,unassigned
117931,2002,unassigned
117932,2002,unassigned
117933,2002,unassigned
117934,2009,Immune
117935,2002,unassigned
117936,2011,Astro-Epen
117937,2002,unassigned
117938,2009,Immune
117939,2002,unassigned
117940,2002,unassigned
117941,2002,unassigned
117942,2003,Astro-Epen
117943,2003,Astro-Epen
117944,2003,Astro-Epen
117945,2002,unassigned
117946,2049,Immune
117947,2002,unassigned
117948,2002,unassigned
117949,2002,unassigned
117950,2002,unassigned
117951,2002,unassigned
117952,2041,Immune
117953,2038,unassigned
117954,2002,unassigned
117955,2002,unassigned
117956,2002,unassigned
117957,2023,Astro-Epen
117958,2009,Immune
117959,2002,unassigned
117960,2009,Immune
117961,2045,Excitatory_Neuron
117962,2009,Immune
117963,2002,unassigned
117964,2002,unassigned
117965,2003,Astro-Epen
117966,2002,unassigned
117967,2002,unassigned
117968,2002,unassigned
117969,2002,unassigned
117970,2041,Immune
117971,2035,Astro-Epen
117972,2040,Astro-Epen
117973,2002,unassigned
117974,2002,unassigned
117975,2011,Astro-Epen
117976,2047,unassigned
117977,2011,Astro-Epen
117978,2023,Astro-Epen
117979,2009,Immune
117980,2002,unassigned
117981,2009,Immune
117982,2002,unassigned
117983,2039,Immune
117984,2003,Astro-Epen
117985,2002,unassigned
117986,2013,Immune
117987,2019,Immune
117988,2002,unassigned
117989,2002,unassigned
117990,2023,Astro-Epen
117991,2002,unassigned
117992,2009,Immune
117993,2003,Astro-Epen
117994,2003,Astro-Epen
117995,2002,unassigned
117996,2002,unassigned
117997,2019,Immune
117998,2019,Immune
117999,2002,unassigned
118000,2040,Astro-Epen
118001,2002,unassigned
118002,2002,unassigned
118003,2002,unassigned
118004,2002,unassigned
118005,2009,Immune
118006,2045,Excitatory_Neuron
118007,2002,unassigned
118008,2009,Immune
118009,2003,Astro-Epen
118010,2003,Astro-Epen
118011,2002,unassigned
118012,2002,unassigned
118013,2002,unassigned
118014,2002,unassigned
118015,2002,unassigned
118016,2002,unassigned
118017,2002,unassigned
118018,2002,unassigned
118019,2023,Astro-Epen
118020,2002,unassigned
118021,2003,Astro-Epen
118022,2002,unassigned
118023,2002,unassigned
118024,2002,unassigned
118025,2002,unassigned
118026,2019,Immune
118027,2002,unassigned
118028,2051,unassigned
118029,2031,Astro-Epen
118030,2027,unassigned
118031,2038,unassigned
118032,2002,unassigned
118033,2006,Vascular
118034,2047,unassigned
118035,2002,unassigned
118036,2011,Astro-Epen
118037,2009,Immune
118038,2003,Astro-Epen
118039,2002,unassigned
118040,2002,unassigned
118041,2002,unassigned
118042,2002,unassigned
118043,2002,unassigned
118044,2019,Immune
118045,2002,unassigned
118046,2002,unassigned
118047,2005,GABA_Neuron
118048,2041,Immune
118049,2035,Astro-Epen
118050,2002,unassigned
118051,2003,Astro-Epen
118052,2002,unassigned
118053,2002,unassigned
118054,2019,Immune
118055,2019,Immune
118056,2031,Astro-Epen
118057,2002,unassigned
118058,2002,unassigned
118059,2002,unassigned
118060,2002,unassigned
118061,2009,Immune
118062,2002,unassigned
118063,2002,unassigned
118064,2003,Astro-Epen
118065,2002,unassigned
118066,2002,unassigned
118067,2002,unassigned
118068,2003,Astro-Epen
118069,2002,unassigned
118070,2003,Astro-Epen
118071,2052,unassigned
118072,2002,unassigned
118073,2002,unassigned
118074,2002,unassigned
118075,2002,unassigned
118076,2038,unassigned
118077,2040,Astro-Epen
118078,2002,unassigned
118079,2002,unassigned
118080,2023,Astro-Epen
118081,2002,unassigned
118082,2009,Immune
118083,2011,Astro-Epen
118084,2002,unassigned
118085,2002,unassigned
118086,2002,unassigned
118087,2002,unassigned
118088,2002,unassigned
118089,2002,unassigned
118090,2019,Immune
118091,2002,unassigned
118092,2002,unassigned
118093,2002,unassigned
118094,2031,Astro-Epen
118095,2027,unassigned
118096,2002,unassigned
118097,2002,unassigned
118098,2002,unassigned
118099,2003,Astro-Epen
118100,2003,Astro-Epen
118101,2002,unassigned
118102,2002,unassigned
118103,2002,unassigned
118104,2002,unassigned
118105,2002,unassigned
118106,2005,GABA_Neuron
118107,2035,Astro-Epen
118108,2002,unassigned
118109,2002,unassigned
118110,2002,unassigned
118111,2002,unassigned
118112,2002,unassigned
118113,2002,unassigned
118114,2002,unassigned
118115,2045,Excitatory_Neuron
118116,2002,unassigned
118117,2002,unassigned
118118,2039,Immune
118119,2002,unassigned
118120,2002,unassigned
118121,2036,unassigned
118122,2002,unassigned
118123,2002,unassigned
118124,2002,unassigned
118125,2041,Immune
118126,2002,unassigned
118127,2005,GABA_Neuron
118128,2002,unassigned
118129,2002,unassigned
118130,2002,unassigned
118131,2023,Astro-Epen
118132,2053,unassigned
118133,2002,unassigned
118134,2050,Immune
118135,2049,Immune
118136,2003,Astro-Epen
118137,2003,Astro-Epen
118138,2003,Astro-Epen
118139,2002,unassigned
118140,2002,unassigned
118141,2002,unassigned
118142,2002,unassigned
118143,2002,unassigned
118144,2005,GABA_Neuron
118145,2002,unassigned
118146,2041,Immune
118147,2002,unassigned
118148,2002,unassigned
118149,2002,unassigned
118150,2009,Immune
118151,2009,Immune
118152,2002,unassigned
118153,2003,Astro-Epen
118154,2002,unassigned
118155,2019,Immune
118156,2002,unassigned
118157,2019,Immune
118158,2035,Astro-Epen
118159,2035,Astro-Epen
118160,2035,Astro-Epen
118161,2002,unassigned
118162,2002,unassigned
118163,2009,Immune
118164,2002,unassigned
118165,2009,Immune
118166,2002,unassigned
118167,2002,unassigned
118168,2002,unassigned
118169,2054,unassigned
118170,2003,Astro-Epen
118171,2052,unassigned
118172,2002,unassigned
118173,2019,Immune
118174,2002,unassigned
118175,2002,unassigned
118176,2002,unassigned
118177,2035,Astro-Epen
118178,2002,unassigned
118179,2023,Astro-Epen
118180,2002,unassigned
118181,2023,Astro-Epen
118182,2002,unassigned
118183,2009,Immune
118184,2009,Immune
118185,2011,Astro-Epen
118186,2002,unassigned
118187,2039,Immune
118188,2003,Astro-Epen
118189,2003,Astro-Epen
118190,2002,unassigned
118191,2002,unassigned
118192,2003,Astro-Epen
118193,2002,unassigned
118194,2013,Immune
118195,2002,unassigned
118196,2051,unassigned
118197,2002,unassigned
118198,2002,unassigned
118199,2035,Astro-Epen
118200,2002,unassigned
118201,2023,Astro-Epen
118202,2002,unassigned
118203,2002,unassigned
118204,2002,unassigned
118205,2003,Astro-Epen
118206,2039,Immune
118207,2002,unassigned
118208,2002,unassigned
118209,2002,unassigned
118210,2002,unassigned
118211,2019,Immune
118212,2042,unassigned
118213,2002,unassigned
118214,2002,unassigned
118215,2023,Astro-Epen
118216,2023,Astro-Epen
118217,2047,unassigned
118218,2045,Excitatory_Neuron
118219,2002,unassigned
118220,2003,Astro-Epen
118221,2002,unassigned
118222,2036,unassigned
118223,2002,unassigned
118224,2002,unassigned
118225,2002,unassigned
118226,2002,unassigned
118227,2027,unassigned
118228,2040,Astro-Epen
118229,2002,unassigned
118230,2009,Immune
118231,2002,unassigned
118232,2009,Immune
118233,2002,unassigned
118234,2003,Astro-Epen
118235,2002,unassigned
118236,2002,unassigned
118237,2050,Immune
118238,2036,unassigned
118239,2002,unassigned
118240,2002,unassigned
118241,2002,unassigned
118242,2002,unassigned
118243,2002,unassigned
118244,2041,Immune
118245,2002,unassigned
118246,2040,Astro-Epen
118247,2002,unassigned
118248,2047,unassigned
118249,2002,unassigned
118250,2023,Astro-Epen
118251,2011,Astro-Epen
118252,2039,Immune
118253,2002,unassigned
118254,2003,Astro-Epen
118255,2019,Immune
118256,2019,Immune
118257,2002,unassigned
118258,2002,unassigned
118259,2002,unassigned
118260,2005,GABA_Neuron
118261,2040,Astro-Epen
118262,2002,unassigned
118263,2002,unassigned
118264,2002,unassigned
118265,2002,unassigned
118266,2002,unassigned
118267,2047,unassigned
118268,2009,Immune
118269,2011,Astro-Epen
118270,2009,Immune
118271,2002,unassigned
118272,2053,unassigned
118273,2003,Astro-Epen
118274,2002,unassigned
118275,2049,Immune
118276,2002,unassigned
118277,2003,Astro-Epen
118278,2002,unassigned
118279,2042,unassigned
118280,2002,unassigned
118281,2002,unassigned
118282,2002,unassigned
118283,2002,unassigned
118284,2002,unassigned
118285,2002,unassigned
118286,2023,Astro-Epen
118287,2002,unassigned
118288,2002,unassigned
118289,2003,Astro-Epen
118290,2019,Immune
118291,2002,unassigned
118292,2002,unassigned
118293,2002,unassigned
118294,2002,unassigned
118295,2040,Astro-Epen
118296,2002,unassigned
118297,2011,Astro-Epen
118298,2002,unassigned
118299,2018,Immune
118300,2003,Astro-Epen
118301,2002,unassigned
118302,2003,Astro-Epen
118303,2002,unassigned
118304,2002,unassigned
118305,2002,unassigned
118306,2019,Immune
118307,2002,unassigned
118308,2002,unassigned
118309,2002,unassigned
118310,2031,Astro-Epen
118311,2002,unassigned
118312,2005,GABA_Neuron
118313,2002,unassigned
118314,2040,Astro-Epen
118315,2002,unassigned
118316,2023,Astro-Epen
118317,2009,Immune
118318,2011,Astro-Epen
118319,2002,unassigned
118320,2055,unassigned
118321,2003,Astro-Epen
118322,2002,unassigned
118323,2002,unassigned
118324,2002,unassigned
118325,2002,unassigned
118326,2050,Immune
118327,2003,Astro-Epen
118328,2052,unassigned
118329,2035,Astro-Epen
118330,2040,Astro-Epen
118331,2023,Astro-Epen
118332,2023,Astro-Epen
118333,2002,unassigned
118334,2002,unassigned
118335,2002,unassigned
118336,2002,unassigned
118337,2002,unassigned
118338,2055,unassigned
118339,2002,unassigned
118340,2050,Immune
118341,2002,unassigned
118342,2003,Astro-Epen
118343,2002,unassigned
118344,2002,unassigned
118345,2002,unassigned
118346,2002,unassigned
118347,2002,unassigned
118348,2040,Astro-Epen
118349,2002,unassigned
118350,2023,Astro-Epen
118351,2023,Astro-Epen
118352,2002,unassigned
118353,2002,unassigned
118354,2047,unassigned
118355,2009,Immune
118356,2002,unassigned
118357,2018,Immune
118358,2002,unassigned
118359,2002,unassigned
118360,2002,unassigned
118361,2002,unassigned
118362,2003,Astro-Epen
118363,2039,Immune
118364,2002,unassigned
118365,2002,unassigned
118366,2039,Immune
118367,2049,Immune
118368,2002,unassigned
118369,2002,unassigned
118370,2003,Astro-Epen
118371,2002,unassigned
118372,2002,unassigned
118373,2002,unassigned
118374,2002,unassigned
118375,2038,unassigned
118376,2038,unassigned
118377,2040,Astro-Epen
118378,2002,unassigned
118379,2047,unassigned
118380,2023,Astro-Epen
118381,2045,Excitatory_Neuron
118382,2002,unassigned
118383,2011,Astro-Epen
118384,2002,unassigned
118385,2002,unassigned
118386,2002,unassigned
118387,2003,Astro-Epen
118388,2002,unassigned
118389,2002,unassigned
118390,2002,unassigned
118391,2049,Immune
118392,2002,unassigned
118393,2002,unassigned
118394,2049,Immune
118395,2003,Astro-Epen
118396,2003,Astro-Epen
118397,2003,Astro-Epen
118398,2003,Astro-Epen
118399,2019,Immune
118400,2002,unassigned
118401,2002,unassigned
118402,2005,GABA_Neuron
118403,2002,unassigned
118404,2002,unassigned
118405,2005,GABA_Neuron
118406,2048,unassigned
118407,2038,unassigned
118408,2002,unassigned
118409,2040,Astro-Epen
118410,2002,unassigned
118411,2002,unassigned
118412,2011,Astro-Epen
118413,2045,Excitatory_Neuron
118414,2009,Immune
118415,2003,Astro-Epen
118416,2002,unassigned
118417,2039,Immune
118418,2002,unassigned
118419,2050,Immune
118420,2036,unassigned
118421,2002,unassigned
118422,2002,unassigned
118423,2048,unassigned
118424,2005,GABA_Neuron
118425,2002,unassigned
118426,2047,unassigned
118427,2002,unassigned
118428,2011,Astro-Epen
118429,2009,Immune
118430,2002,unassigned
118431,2002,unassigned
118432,2009,Immune
118433,2011,Astro-Epen
118434,2011,Astro-Epen
118435,2003,Astro-Epen
118436,2009,Immune
118437,2056,unassigned
118438,2003,Astro-Epen
118439,2039,Immune
118440,2002,unassigned
118441,2002,unassigned
118442,2002,unassigned
118443,2002,unassigned
118444,2002,unassigned
118445,2002,unassigned
118446,2011,Astro-Epen
118447,2009,Immune
118448,2018,Immune
118449,2009,Immune
118450,2045,Excitatory_Neuron
118451,2002,unassigned
118452,2002,unassigned
118453,2036,unassigned
118454,2050,Immune
118455,2002,unassigned
118456,2002,unassigned
118457,2002,unassigned
118458,2002,unassigned
118459,2002,unassigned
118460,2002,unassigned
118461,2023,Astro-Epen
118462,2002,unassigned
118463,2011,Astro-Epen
118464,2002,unassigned
118465,2002,unassigned
118466,2003,Astro-Epen
118467,2050,Immune
118468,2036,unassigned
118469,2013,Immune
118470,2002,unassigned
118471,2002,unassigned
118472,2002,unassigned
118473,2002,unassigned
118474,2002,unassigned
118475,2002,unassigned
118476,2002,unassigned
118477,2002,unassigned
118478,2005,GABA_Neuron
118479,2002,unassigned
118480,2023,Astro-Epen
118481,2002,unassigned
118482,2002,unassigned
118483,2002,unassigned
118484,2002,unassigned
118485,2002,unassigned
118486,2011,Astro-Epen
118487,2011,Astro-Epen
118488,2003,Astro-Epen
118489,2002,unassigned
118490,2005,GABA_Neuron
118491,2002,unassigned
118492,2005,GABA_Neuron
118493,2002,unassigned
118494,2002,unassigned
118495,2002,unassigned
118496,2002,unassigned
118497,2002,unassigned
118498,2009,Immune
118499,2002,unassigned
118500,2002,unassigned
118501,2002,unassigned
118502,2009,Immune
118503,2036,unassigned
118504,2002,unassigned
118505,2002,unassigned
118506,2002,unassigned
118507,2002,unassigned
118508,2002,unassigned
118509,2041,Immune
118510,2035,Astro-Epen
118511,2035,Astro-Epen
118512,2002,unassigned
118513,2002,unassigned
118514,2035,Astro-Epen
118515,2002,unassigned
118516,2047,unassigned
118517,2047,unassigned
118518,2011,Astro-Epen
118519,2011,Astro-Epen
118520,2011,Astro-Epen
118521,2009,Immune
118522,2055,unassigned
118523,2039,Immune
118524,2002,unassigned
118525,2013,Immune
118526,2002,unassigned
118527,2036,unassigned
118528,2002,unassigned
118529,2002,unassigned
118530,2002,unassigned
118531,2002,unassigned
118532,2002,unassigned
118533,2023,Astro-Epen
118534,2002,unassigned
118535,2009,Immune
118536,2011,Astro-Epen
118537,2018,Immune
118538,2003,Astro-Epen
118539,2049,Immune
118540,2054,unassigned
118541,2049,Immune
118542,2002,unassigned
118543,2002,unassigned
118544,2002,unassigned
118545,2019,Immune
118546,2031,Astro-Epen
118547,2005,GABA_Neuron
118548,2002,unassigned
118549,2047,unassigned
118550,2011,Astro-Epen
118551,2011,Astro-Epen
118552,2011,Astro-Epen
118553,2056,unassigned
118554,2039,Immune
118555,2002,unassigned
118556,2002,unassigned
118557,2002,unassigned
118558,2003,Astro-Epen
118559,2002,unassigned
118560,2002,unassigned
118561,2049,Immune
118562,2002,unassigned
118563,2003,Astro-Epen
118564,2019,Immune
118565,2002,unassigned
118566,2002,unassigned
118567,2002,unassigned
118568,2031,Astro-Epen
118569,2002,unassigned
118570,2005,GABA_Neuron
118571,2002,unassigned
118572,2002,unassigned
118573,2009,Immune
118574,2045,Excitatory_Neuron
118575,2002,unassigned
118576,2002,unassigned
118577,2002,unassigned
118578,2002,unassigned
118579,2045,Excitatory_Neuron
118580,2018,Immune
118581,2039,Immune
118582,2003,Astro-Epen
118583,2003,Astro-Epen
118584,2052,unassigned
118585,2003,Astro-Epen
118586,2002,unassigned
118587,2002,unassigned
118588,2002,unassigned
118589,2005,GABA_Neuron
118590,2035,Astro-Epen
118591,2002,unassigned
118592,2002,unassigned
118593,2023,Astro-Epen
118594,2023,Astro-Epen
118595,2002,unassigned
118596,2023,Astro-Epen
118597,2002,unassigned
118598,2003,Astro-Epen
118599,2003,Astro-Epen
118600,2003,Astro-Epen
118601,2002,unassigned
118602,2019,Immune
118603,2002,unassigned
118604,2002,unassigned
118605,2002,unassigned
118606,2002,unassigned
118607,2023,Astro-Epen
118608,2002,unassigned
118609,2011,Astro-Epen
118610,2045,Excitatory_Neuron
118611,2011,Astro-Epen
118612,2002,unassigned
118613,2002,unassigned
118614,2003,Astro-Epen
118615,2002,unassigned
118616,2048,unassigned
118617,2041,Immune
118618,2002,unassigned
118619,2002,unassigned
118620,2011,Astro-Epen
118621,2003,Astro-Epen
118622,2003,Astro-Epen
118623,2002,unassigned
118624,2002,unassigned
118625,2013,Immune
118626,2002,unassigned
118627,2002,unassigned
118628,2002,unassigned
118629,2048,unassigned
118630,2005,GABA_Neuron
118631,2005,GABA_Neuron
118632,2002,unassigned
118633,2005,GABA_Neuron
118634,2002,unassigned
118635,2002,unassigned
118636,2002,unassigned
118637,2002,unassigned
118638,2009,Immune
118639,2002,unassigned
118640,2045,Excitatory_Neuron
118641,2002,unassigned
118642,2002,unassigned
118643,2003,Astro-Epen
118644,2013,Immune
118645,2013,Immune
118646,2002,unassigned
118647,2002,unassigned
118648,2002,unassigned
118649,2019,Immune
118650,2002,unassigned
118651,2031,Astro-Epen
118652,2027,unassigned
118653,2002,unassigned
118654,2035,Astro-Epen
118655,2002,unassigned
118656,2002,unassigned
118657,2047,unassigned
118658,2003,Astro-Epen
118659,2056,unassigned
118660,2002,unassigned
118661,2003,Astro-Epen
118662,2003,Astro-Epen
118663,2054,unassigned
118664,2050,Immune
118665,2002,unassigned
118666,2003,Astro-Epen
118667,2019,Immune
118668,2002,unassigned
118669,2002,unassigned
118670,2002,unassigned
118671,2002,unassigned
118672,2002,unassigned
118673,2002,unassigned
118674,2023,Astro-Epen
118675,2002,unassigned
118676,2009,Immune
118677,2045,Excitatory_Neuron
118678,2003,Astro-Epen
118679,2002,unassigned
118680,2049,Immune
118681,2002,unassigned
118682,2002,unassigned
118683,2002,unassigned
118684,2019,Immune
118685,2031,Astro-Epen
118686,2002,unassigned
118687,2002,unassigned
118688,2045,Excitatory_Neuron
118689,2056,unassigned
118690,2002,unassigned
118691,2049,Immune
118692,2049,Immune
118693,2002,unassigned
118694,2003,Astro-Epen
118695,2003,Astro-Epen
118696,2002,unassigned
118697,2002,unassigned
118698,2002,unassigned
118699,2002,unassigned
118700,2002,unassigned
118701,2002,unassigned
118702,2042,unassigned
118703,2002,unassigned
118704,2035,Astro-Epen
118705,2048,unassigned
118706,2002,unassigned
118707,2002,unassigned
118708,2002,unassigned
118709,2045,Excitatory_Neuron
118710,2002,unassigned
118711,2050,Immune
118712,2003,Astro-Epen
118713,2002,unassigned
118714,2003,Astro-Epen
118715,2002,unassigned
118716,2002,unassigned
118717,2002,unassigned
118718,2018,Immune
118719,2002,unassigned
118720,2003,Astro-Epen
118721,2002,unassigned
118722,2054,unassigned
118723,2050,Immune
118724,2013,Immune
118725,2019,Immune
118726,2002,unassigned
118727,2002,unassigned
118728,2002,unassigned
118729,2042,unassigned
118730,2005,GABA_Neuron
118731,2002,unassigned
118732,2011,Astro-Epen
118733,2023,Astro-Epen
118734,2009,Immune
118735,2002,unassigned
118736,2002,unassigned
118737,2003,Astro-Epen
118738,2003,Astro-Epen
118739,2002,unassigned
118740,2019,Immune
118741,2002,unassigned
118742,2002,unassigned
118743,2041,Immune
118744,2002,unassigned
118745,2002,unassigned
118746,2002,unassigned
118747,2002,unassigned
118748,2005,GABA_Neuron
118749,2002,unassigned
118750,2035,Astro-Epen
118751,2040,Astro-Epen
118752,2002,unassigned
118753,2023,Astro-Epen
118754,2023,Astro-Epen
118755,2002,unassigned
118756,2002,unassigned
118757,2011,Astro-Epen
118758,2045,Excitatory_Neuron
118759,2002,unassigned
118760,2056,unassigned
118761,2055,unassigned
118762,2002,unassigned
118763,2002,unassigned
118764,2002,unassigned
118765,2003,Astro-Epen
118766,2002,unassigned
118767,2002,unassigned
118768,2002,unassigned
118769,2002,unassigned
118770,2002,unassigned
118771,2042,unassigned
118772,2002,unassigned
118773,2002,unassigned
118774,2002,unassigned
118775,2002,unassigned
118776,2023,Astro-Epen
118777,2009,Immune
118778,2045,Excitatory_Neuron
118779,2045,Excitatory_Neuron
118780,2003,Astro-Epen
118781,2002,unassigned
118782,2002,unassigned
118783,2003,Astro-Epen
118784,2003,Astro-Epen
118785,2003,Astro-Epen
118786,2036,unassigned
118787,2002,unassigned
118788,2002,unassigned
118789,2002,unassigned
118790,2002,unassigned
118791,2002,unassigned
118792,2023,Astro-Epen
118793,2002,unassigned
118794,2002,unassigned
118795,2002,unassigned
118796,2002,unassigned
118797,2002,unassigned
118798,2023,Astro-Epen
118799,2002,unassigned
118800,2011,Astro-Epen
118801,2009,Immune
118802,2002,unassigned
118803,2018,Immune
118804,2003,Astro-Epen
118805,2003,Astro-Epen
118806,2002,unassigned
118807,2002,unassigned
118808,2002,unassigned
118809,2002,unassigned
118810,2002,unassigned
118811,2041,Immune
118812,2002,unassigned
118813,2002,unassigned
118814,2011,Astro-Epen
118815,2009,Immune
118816,2023,Astro-Epen
118817,2002,unassigned
118818,2045,Excitatory_Neuron
118819,2009,Immune
118820,2003,Astro-Epen
118821,2003,Astro-Epen
118822,2052,unassigned
118823,2002,unassigned
118824,2002,unassigned
118825,2002,unassigned
118826,2002,unassigned
118827,2002,unassigned
118828,2038,unassigned
118829,2002,unassigned
118830,2023,Astro-Epen
118831,2023,Astro-Epen
118832,2002,unassigned
118833,2002,unassigned
118834,2045,Excitatory_Neuron
118835,2045,Excitatory_Neuron
118836,2056,unassigned
118837,2055,unassigned
118838,2002,unassigned
118839,2049,Immune
118840,2002,unassigned
118841,2002,unassigned
118842,2002,unassigned
118843,2002,unassigned
118844,2002,unassigned
118845,2002,unassigned
118846,2031,Astro-Epen
118847,2002,unassigned
118848,2002,unassigned
118849,2002,unassigned
118850,2041,Immune
118851,2002,unassigned
118852,2002,unassigned
118853,2002,unassigned
118854,2035,Astro-Epen
118855,2002,unassigned
118856,2002,unassigned
118857,2023,Astro-Epen
118858,2002,unassigned
118859,2009,Immune
118860,2009,Immune
118861,2009,Immune
118862,2002,unassigned
118863,2011,Astro-Epen
118864,2002,unassigned
118865,2003,Astro-Epen
118866,2003,Astro-Epen
118867,2002,unassigned
118868,2039,Immune
118869,2002,unassigned
118870,2002,unassigned
118871,2002,unassigned
118872,2031,Astro-Epen
118873,2002,unassigned
118874,2005,GABA_Neuron
118875,2002,unassigned
118876,2035,Astro-Epen
118877,2002,unassigned
118878,2002,unassigned
118879,2009,Immune
118880,2045,Excitatory_Neuron
118881,2002,unassigned
118882,2002,unassigned
118883,2002,unassigned
118884,2055,unassigned
118885,2002,unassigned
118886,2003,Astro-Epen
118887,2049,Immune
118888,2050,Immune
118889,2002,unassigned
118890,2002,unassigned
118891,2002,unassigned
118892,2002,unassigned
118893,2002,unassigned
118894,2042,unassigned
118895,2002,unassigned
118896,2002,unassigned
118897,2002,unassigned
118898,2002,unassigned
118899,2023,Astro-Epen
118900,2002,unassigned
118901,2002,unassigned
118902,2011,Astro-Epen
118903,2056,unassigned
118904,2039,Immune
118905,2002,unassigned
118906,2002,unassigned
118907,2003,Astro-Epen
118908,2053,unassigned
118909,2002,unassigned
118910,2002,unassigned
118911,2036,unassigned
118912,2019,Immune
118913,2019,Immune
118914,2002,unassigned
118915,2002,unassigned
118916,2031,Astro-Epen
118917,2002,unassigned
118918,2031,Astro-Epen
118919,2005,GABA_Neuron
118920,2041,Immune
118921,2041,Immune
118922,2002,unassigned
118923,2011,Astro-Epen
118924,2009,Immune
118925,2002,unassigned
118926,2055,unassigned
118927,2002,unassigned
118928,2002,unassigned
118929,2003,Astro-Epen
118930,2002,unassigned
118931,2002,unassigned
118932,2002,unassigned
118933,2002,unassigned
118934,2002,unassigned
118935,2041,Immune
118936,2002,unassigned
118937,2002,unassigned
118938,2023,Astro-Epen
118939,2002,unassigned
118940,2002,unassigned
118941,2011,Astro-Epen
118942,2002,unassigned
118943,2002,unassigned
118944,2003,Astro-Epen
118945,2049,Immune
118946,2002,unassigned
118947,2002,unassigned
118948,2002,unassigned
118949,2019,Immune
118950,2002,unassigned
118951,2002,unassigned
118952,2002,unassigned
118953,2002,unassigned
118954,2002,unassigned
118955,2002,unassigned
118956,2005,GABA_Neuron
118957,2002,unassigned
118958,2040,Astro-Epen
118959,2057,unassigned
118960,2002,unassigned
118961,2045,Excitatory_Neuron
118962,2009,Immune
118963,2003,Astro-Epen
118964,2002,unassigned
118965,2002,unassigned
118966,2049,Immune
118967,2002,unassigned
118968,2002,unassigned
118969,2019,Immune
118970,2002,unassigned
118971,2002,unassigned
118972,2002,unassigned
118973,2002,unassigned
118974,2035,Astro-Epen
118975,2002,unassigned
118976,2035,Astro-Epen
118977,2005,GABA_Neuron
118978,2023,Astro-Epen
118979,2047,unassigned
118980,2002,unassigned
118981,2009,Immune
118982,2045,Excitatory_Neuron
118983,2009,Immune
118984,2002,unassigned
118985,2002,unassigned
118986,2039,Immune
118987,2055,unassigned
118988,2002,unassigned
118989,2002,unassigned
118990,2002,unassigned
118991,2002,unassigned
118992,2002,unassigned
118993,2042,unassigned
118994,2002,unassigned
118995,2041,Immune
118996,2041,Immune
118997,2002,unassigned
118998,2011,Astro-Epen
118999,2002,unassigned
119000,2009,Immune
119001,2003,Astro-Epen
119002,2002,unassigned
119003,2003,Astro-Epen
119004,2003,Astro-Epen
119005,2002,unassigned
119006,2050,Immune
119007,2002,unassigned
119008,2050,Immune
119009,2019,Immune
119010,2002,unassigned
119011,2002,unassigned
119012,2058,unassigned
119013,2042,unassigned
119014,2035,Astro-Epen
119015,2035,Astro-Epen
119016,2002,unassigned
119017,2023,Astro-Epen
119018,2002,unassigned
119019,2002,unassigned
119020,2002,unassigned
119021,2045,Excitatory_Neuron
119022,2002,unassigned
119023,2003,Astro-Epen
119024,2002,unassigned
119025,2039,Immune
119026,2039,Immune
119027,2002,unassigned
119028,2002,unassigned
119029,2002,unassigned
119030,2042,unassigned
119031,2042,unassigned
119032,2002,unassigned
119033,2002,unassigned
119034,2023,Astro-Epen
119035,2057,unassigned
119036,2023,Astro-Epen
119037,2009,Immune
119038,2056,unassigned
119039,2053,unassigned
119040,2049,Immune
119041,2049,Immune
119042,2002,unassigned
119043,2050,Immune
119044,2013,Immune
119045,2002,unassigned
119046,2002,unassigned
119047,2002,unassigned
119048,2002,unassigned
119049,2002,unassigned
119050,2035,Astro-Epen
119051,2030,unassigned
119052,2023,Astro-Epen
119053,2045,Excitatory_Neuron
119054,2018,Immune
119055,2003,Astro-Epen
119056,2002,unassigned
119057,2002,unassigned
119058,2049,Immune
119059,2002,unassigned
119060,2002,unassigned
119061,2002,unassigned
119062,2005,GABA_Neuron
119063,2002,unassigned
119064,2005,GABA_Neuron
119065,2057,unassigned
119066,2002,unassigned
119067,2002,unassigned
119068,2047,unassigned
119069,2002,unassigned
119070,2045,Excitatory_Neuron
119071,2002,unassigned
119072,2002,unassigned
119073,2002,unassigned
119074,2003,Astro-Epen
119075,2002,unassigned
119076,2002,unassigned
119077,2002,unassigned
119078,2042,unassigned
119079,2002,unassigned
119080,2002,unassigned
119081,2011,Astro-Epen
119082,2002,unassigned
119083,2002,unassigned
119084,2002,unassigned
119085,2003,Astro-Epen
119086,2039,Immune
119087,2003,Astro-Epen
119088,2002,unassigned
119089,2002,unassigned
119090,2052,unassigned
119091,2002,unassigned
119092,2002,unassigned
119093,2002,unassigned
119094,2058,unassigned
119095,2002,unassigned
119096,2002,unassigned
119097,2002,unassigned
119098,2023,Astro-Epen
119099,2002,unassigned
119100,2002,unassigned
119101,2056,unassigned
119102,2011,Astro-Epen
119103,2056,unassigned
119104,2056,unassigned
119105,2002,unassigned
119106,2039,Immune
119107,2002,unassigned
119108,2002,unassigned
119109,2002,unassigned
119110,2002,unassigned
119111,2002,unassigned
119112,2041,Immune
119113,2002,unassigned
119114,2002,unassigned
119115,2045,Excitatory_Neuron
119116,2002,unassigned
119117,2003,Astro-Epen
119118,2002,unassigned
119119,2002,unassigned
119120,2002,unassigned
119121,2002,unassigned
119122,2002,unassigned
119123,2042,unassigned
119124,2002,unassigned
119125,2002,unassigned
119126,2005,GABA_Neuron
119127,2040,Astro-Epen
119128,2002,unassigned
119129,2002,unassigned
119130,2002,unassigned
119131,2002,unassigned
119132,2002,unassigned
119133,2002,unassigned
119134,2002,unassigned
119135,2002,unassigned
119136,2058,unassigned
119137,2002,unassigned
119138,2057,unassigned
119139,2002,unassigned
119140,2002,unassigned
119141,2002,unassigned
119142,2002,unassigned
119143,2002,unassigned
119144,2003,Astro-Epen
119145,2002,unassigned
119146,2019,Immune
119147,2019,Immune
119148,2002,unassigned
119149,2002,unassigned
119150,2002,unassigned
119151,2002,unassigned
119152,2002,unassigned
119153,2023,Astro-Epen
119154,2011,Astro-Epen
119155,2009,Immune
119156,2002,unassigned
119157,2039,Immune
119158,2002,unassigned
119159,2002,unassigned
119160,2019,Immune
119161,2058,unassigned
119162,2048,unassigned
119163,2048,unassigned
119164,2002,unassigned
119165,2002,unassigned
119166,2002,unassigned
119167,2023,Astro-Epen
119168,2002,unassigned
119169,2045,Excitatory_Neuron
119170,2002,unassigned
119171,2002,unassigned
119172,2003,Astro-Epen
119173,2002,unassigned
119174,2039,Immune
119175,2050,Immune
119176,2054,unassigned
119177,2002,unassigned
119178,2019,Immune
119179,2013,Immune
119180,2002,unassigned
119181,2027,unassigned
119182,2005,GABA_Neuron
119183,2002,unassigned
119184,2002,unassigned
119185,2002,unassigned
119186,2039,Immune
119187,2039,Immune
119188,2002,unassigned
119189,2002,unassigned
119190,2002,unassigned
119191,2002,unassigned
119192,2041,Immune
119193,2002,unassigned
119194,2002,unassigned
119195,2035,Astro-Epen
119196,2057,unassigned
119197,2002,unassigned
119198,2002,unassigned
119199,2023,Astro-Epen
119200,2002,unassigned
119201,2011,Astro-Epen
119202,2018,Immune
119203,2003,Astro-Epen
119204,2002,unassigned
119205,2002,unassigned
119206,2002,unassigned
119207,2002,unassigned
119208,2002,unassigned
119209,2002,unassigned
119210,2003,Astro-Epen
119211,2002,unassigned
119212,2003,Astro-Epen
119213,2002,unassigned
119214,2003,Astro-Epen
119215,2002,unassigned
119216,2002,unassigned
119217,2005,GABA_Neuron
119218,2023,Astro-Epen
119219,2057,unassigned
119220,2002,unassigned
119221,2002,unassigned
119222,2002,unassigned
119223,2002,unassigned
119224,2047,unassigned
119225,2002,unassigned
119226,2009,Immune
119227,2002,unassigned
119228,2003,Astro-Epen
119229,2002,unassigned
119230,2003,Astro-Epen
119231,2003,Astro-Epen
119232,2052,unassigned
119233,2002,unassigned
119234,2002,unassigned
119235,2002,unassigned
119236,2002,unassigned
119237,2042,unassigned
119238,2041,Immune
119239,2002,unassigned
119240,2030,unassigned
119241,2023,Astro-Epen
119242,2023,Astro-Epen
119243,2009,Immune
119244,2011,Astro-Epen
119245,2003,Astro-Epen
119246,2002,unassigned
119247,2002,unassigned
119248,2019,Immune
119249,2002,unassigned
119250,2002,unassigned
119251,2023,Astro-Epen
119252,2002,unassigned
119253,2002,unassigned
119254,2003,Astro-Epen
119255,2002,unassigned
119256,2002,unassigned
119257,2002,unassigned
119258,2019,Immune
119259,2027,unassigned
119260,2048,unassigned
119261,2002,unassigned
119262,2002,unassigned
119263,2002,unassigned
119264,2005,GABA_Neuron
119265,2005,GABA_Neuron
119266,2002,unassigned
119267,2002,unassigned
119268,2023,Astro-Epen
119269,2002,unassigned
119270,2002,unassigned
119271,2002,unassigned
119272,2002,unassigned
119273,2053,unassigned
119274,2039,Immune
119275,2049,Immune
119276,2002,unassigned
119277,2050,Immune
119278,2003,Astro-Epen
119279,2002,unassigned
119280,2002,unassigned
119281,2031,Astro-Epen
119282,2005,GABA_Neuron
119283,2005,GABA_Neuron
119284,2002,unassigned
119285,2002,unassigned
119286,2057,unassigned
119287,2023,Astro-Epen
119288,2002,unassigned
119289,2002,unassigned
119290,2002,unassigned
119291,2009,Immune
119292,2002,unassigned
119293,2002,unassigned
119294,2055,unassigned
119295,2049,Immune
119296,2049,Immune
119297,2003,Astro-Epen
119298,2003,Astro-Epen
119299,2036,unassigned
119300,2002,unassigned
119301,2002,unassigned
119302,2042,unassigned
119303,2002,unassigned
119304,2002,unassigned
119305,2002,unassigned
119306,2002,unassigned
119307,2002,unassigned
119308,2002,unassigned
119309,2045,Excitatory_Neuron
119310,2011,Astro-Epen
119311,2002,unassigned
119312,2002,unassigned
119313,2002,unassigned
119314,2039,Immune
119315,2002,unassigned
119316,2002,unassigned
119317,2049,Immune
119318,2049,Immune
119319,2003,Astro-Epen
119320,2050,Immune
119321,2002,unassigned
119322,2002,unassigned
119323,2011,Astro-Epen
119324,2002,unassigned
119325,2002,unassigned
119326,2003,Astro-Epen
119327,2002,unassigned
119328,2003,Astro-Epen
119329,2002,unassigned
119330,2002,unassigned
119331,2002,unassigned
119332,2019,Immune
119333,2002,unassigned
119334,2002,unassigned
119335,2002,unassigned
119336,2041,Immune
119337,2002,unassigned
119338,2002,unassigned
119339,2023,Astro-Epen
119340,2023,Astro-Epen
119341,2023,Astro-Epen
119342,2023,Astro-Epen
119343,2002,unassigned
119344,2045,Excitatory_Neuron
119345,2003,Astro-Epen
119346,2003,Astro-Epen
119347,2039,Immune
119348,2039,Immune
119349,2003,Astro-Epen
119350,2002,unassigned
119351,2019,Immune
119352,2002,unassigned
119353,2002,unassigned
119354,2002,unassigned
119355,2002,unassigned
119356,2005,GABA_Neuron
119357,2002,unassigned
119358,2023,Astro-Epen
119359,2011,Astro-Epen
119360,2009,Immune
119361,2018,Immune
119362,2002,unassigned
119363,2002,unassigned
119364,2053,unassigned
119365,2055,unassigned
119366,2053,unassigned
119367,2003,Astro-Epen
119368,2003,Astro-Epen
119369,2049,Immune
119370,2003,Astro-Epen
119371,2002,unassigned
119372,2002,unassigned
119373,2019,Immune
119374,2002,unassigned
119375,2002,unassigned
119376,2002,unassigned
119377,2002,unassigned
119378,2057,unassigned
119379,2002,unassigned
119380,2002,unassigned
119381,2002,unassigned
119382,2023,Astro-Epen
119383,2002,unassigned
119384,2002,unassigned
119385,2002,unassigned
119386,2002,unassigned
119387,2002,unassigned
119388,2053,unassigned
119389,2003,Astro-Epen
119390,2003,Astro-Epen
119391,2049,Immune
119392,2019,Immune
119393,2002,unassigned
119394,2002,unassigned
119395,2002,unassigned
119396,2002,unassigned
119397,2002,unassigned
119398,2023,Astro-Epen
119399,2045,Excitatory_Neuron
119400,2002,unassigned
119401,2002,unassigned
119402,2002,unassigned
119403,2052,unassigned
119404,2002,unassigned
119405,2041,Immune
119406,2002,unassigned
119407,2023,Astro-Epen
119408,2023,Astro-Epen
119409,2023,Astro-Epen
119410,2002,unassigned
119411,2011,Astro-Epen
119412,2023,Astro-Epen
119413,2002,unassigned
119414,2009,Immune
119415,2002,unassigned
119416,2002,unassigned
119417,2003,Astro-Epen
119418,2002,unassigned
119419,2002,unassigned
119420,2002,unassigned
119421,2002,unassigned
119422,2002,unassigned
119423,2027,unassigned
119424,2041,Immune
119425,2002,unassigned
119426,2002,unassigned
119427,2057,unassigned
119428,2002,unassigned
119429,2057,unassigned
119430,2023,Astro-Epen
119431,2011,Astro-Epen
119432,2002,unassigned
119433,2003,Astro-Epen
119434,2002,unassigned
119435,2039,Immune
119436,2053,unassigned
119437,2002,unassigned
119438,2002,unassigned
119439,2019,Immune
119440,2019,Immune
119441,2002,unassigned
119442,2002,unassigned
119443,2002,unassigned
119444,2035,Astro-Epen
119445,2002,unassigned
119446,2002,unassigned
119447,2002,unassigned
119448,2002,unassigned
119449,2045,Excitatory_Neuron
119450,2045,Excitatory_Neuron
119451,2002,unassigned
119452,2002,unassigned
119453,2002,unassigned
119454,2039,Immune
119455,2019,Immune
119456,2002,unassigned
119457,2002,unassigned
119458,2002,unassigned
119459,2002,unassigned
119460,2002,unassigned
119461,2002,unassigned
119462,2002,unassigned
119463,2023,Astro-Epen
119464,2002,unassigned
119465,2003,Astro-Epen
119466,2009,Immune
119467,2002,unassigned
119468,2002,unassigned
119469,2049,Immune
119470,2049,Immune
119471,2002,unassigned
119472,2052,unassigned
119473,2002,unassigned
119474,2002,unassigned
119475,2002,unassigned
119476,2002,unassigned
119477,2002,unassigned
119478,2002,unassigned
119479,2002,unassigned
119480,2023,Astro-Epen
119481,2023,Astro-Epen
119482,2011,Astro-Epen
119483,2023,Astro-Epen
119484,2002,unassigned
119485,2003,Astro-Epen
119486,2002,unassigned
119487,2049,Immune
119488,2002,unassigned
119489,2002,unassigned
119490,2019,Immune
119491,2002,unassigned
119492,2002,unassigned
119493,2042,unassigned
119494,2002,unassigned
119495,2002,unassigned
119496,2002,unassigned
119497,2002,unassigned
119498,2023,Astro-Epen
119499,2002,unassigned
119500,2002,unassigned
119501,2002,unassigned
119502,2002,unassigned
119503,2009,Immune
119504,2002,unassigned
119505,2049,Immune
119506,2054,unassigned
119507,2002,unassigned
119508,2002,unassigned
119509,2002,unassigned
119510,2019,Immune
119511,2002,unassigned
119512,2005,GABA_Neuron
119513,2002,unassigned
119514,2002,unassigned
119515,2002,unassigned
119516,2002,unassigned
119517,2039,Immune
119518,2003,Astro-Epen
119519,2049,Immune
119520,2050,Immune
119521,2002,unassigned
119522,2002,unassigned
119523,2019,Immune
119524,2002,unassigned
119525,2048,unassigned
119526,2002,unassigned
119527,2057,unassigned
119528,2002,unassigned
119529,2023,Astro-Epen
119530,2002,unassigned
119531,2002,unassigned
119532,2009,Immune
119533,2002,unassigned
119534,2002,unassigned
119535,2002,unassigned
119536,2002,unassigned
119537,2003,Astro-Epen
119538,2002,unassigned
119539,2002,unassigned
119540,2019,Immune
119541,2042,unassigned
119542,2002,unassigned
119543,2042,unassigned
119544,2002,unassigned
119545,2002,unassigned
119546,2057,unassigned
119547,2023,Astro-Epen
119548,2002,unassigned
119549,2002,unassigned
119550,2002,unassigned
119551,2002,unassigned
119552,2002,unassigned
119553,2002,unassigned
119554,2002,unassigned
119555,2002,unassigned
119556,2041,Immune
119557,2035,Astro-Epen
119558,2002,unassigned
119559,2002,unassigned
119560,2002,unassigned
119561,2002,unassigned
119562,2023,Astro-Epen
119563,2009,Immune
119564,2002,unassigned
119565,2002,unassigned
119566,2002,unassigned
119567,2002,unassigned
119568,2013,Immune
119569,2002,unassigned
119570,2019,Immune
119571,2041,Immune
119572,2002,unassigned
119573,2002,unassigned
119574,2002,unassigned
119575,2002,unassigned
119576,2002,unassigned
119577,2002,unassigned
119578,2002,unassigned
119579,2023,Astro-Epen
119580,2009,Immune
119581,2002,unassigned
119582,2002,unassigned
119583,2002,unassigned
119584,2039,Immune
119585,2002,unassigned
119586,2055,unassigned
119587,2002,unassigned
119588,2002,unassigned
119589,2053,unassigned
119590,2049,Immune
119591,2054,unassigned
119592,2003,Astro-Epen
119593,2002,unassigned
119594,2002,unassigned
119595,2019,Immune
119596,2002,unassigned
119597,2011,Astro-Epen
119598,2039,Immune
119599,2003,Astro-Epen
119600,2050,Immune
119601,2002,unassigned
119602,2002,unassigned
119603,2042,unassigned
119604,2048,unassigned
119605,2002,unassigned
119606,2002,unassigned
119607,2002,unassigned
119608,2002,unassigned
119609,2049,Immune
119610,2036,unassigned
119611,2002,unassigned
119612,2050,Immune
119613,2002,unassigned
119614,2002,unassigned
119615,2041,Immune
119616,2035,Astro-Epen
119617,2002,unassigned
119618,2002,unassigned
119619,2002,unassigned
119620,2035,Astro-Epen
119621,2002,unassigned
119622,2002,unassigned
119623,2002,unassigned
119624,2045,Excitatory_Neuron
119625,2023,Astro-Epen
119626,2002,unassigned
119627,2002,unassigned
119628,2009,Immune
119629,2002,unassigned
119630,2053,unassigned
119631,2049,Immune
119632,2003,Astro-Epen
119633,2049,Immune
119634,2002,unassigned
119635,2002,unassigned
119636,2019,Immune
119637,2002,unassigned
119638,2002,unassigned
119639,2041,Immune
119640,2002,unassigned
119641,2002,unassigned
119642,2002,unassigned
119643,2057,unassigned
119644,2002,unassigned
119645,2023,Astro-Epen
119646,2002,unassigned
119647,2002,unassigned
119648,2023,Astro-Epen
119649,2009,Immune
119650,2002,unassigned
119651,2002,unassigned
119652,2003,Astro-Epen
119653,2050,Immune
119654,2019,Immune
119655,2002,unassigned
119656,2002,unassigned
119657,2041,Immune
119658,2002,unassigned
119659,2002,unassigned
119660,2002,unassigned
119661,2035,Astro-Epen
119662,2002,unassigned
119663,2057,unassigned
119664,2035,Astro-Epen
119665,2002,unassigned
119666,2002,unassigned
119667,2023,Astro-Epen
119668,2002,unassigned
119669,2002,unassigned
119670,2002,unassigned
119671,2002,unassigned
119672,2002,unassigned
119673,2050,Immune
119674,2054,unassigned
119675,2019,Immune
119676,2002,unassigned
119677,2002,unassigned
119678,2002,unassigned
119679,2035,Astro-Epen
119680,2002,unassigned
119681,2002,unassigned
119682,2002,unassigned
119683,2023,Astro-Epen
119684,2023,Astro-Epen
119685,2023,Astro-Epen
119686,2002,unassigned
119687,2023,Astro-Epen
119688,2045,Excitatory_Neuron
119689,2002,unassigned
119690,2002,unassigned
119691,2002,unassigned
119692,2050,Immune
119693,2002,unassigned
119694,2002,unassigned
119695,2002,unassigned
119696,2002,unassigned
119697,2002,unassigned
119698,2002,unassigned
119699,2002,unassigned
119700,2002,unassigned
119701,2002,unassigned
119702,2002,unassigned
119703,2002,unassigned
119704,2002,unassigned
119705,2002,unassigned
119706,2023,Astro-Epen
119707,2023,Astro-Epen
119708,2009,Immune
119709,2002,unassigned
119710,2002,unassigned
119711,2002,unassigned
119712,2003,Astro-Epen
119713,2003,Astro-Epen
119714,2002,unassigned
119715,2002,unassigned
119716,2002,unassigned
119717,2035,Astro-Epen
119718,2002,unassigned
119719,2002,unassigned
119720,2035,Astro-Epen
119721,2002,unassigned
119722,2002,unassigned
119723,2002,unassigned
119724,2023,Astro-Epen
119725,2023,Astro-Epen
119726,2002,unassigned
119727,2050,Immune
119728,2003,Astro-Epen
119729,2002,unassigned
119730,2002,unassigned
119731,2059,unassigned
119732,2002,unassigned
119733,2002,unassigned
119734,2002,unassigned
119735,2002,unassigned
119736,2041,Immune
119737,2057,unassigned
119738,2002,unassigned
119739,2023,Astro-Epen
119740,2002,unassigned
119741,2045,Excitatory_Neuron
119742,2002,unassigned
119743,2002,unassigned
119744,2002,unassigned
119745,2009,Immune
119746,2003,Astro-Epen
119747,2002,unassigned
119748,2049,Immune
119749,2052,unassigned
119750,2002,unassigned
119751,2002,unassigned
119752,2002,unassigned
119753,2002,unassigned
119754,2002,unassigned
119755,2002,unassigned
119756,2002,unassigned
119757,2002,unassigned
119758,2023,Astro-Epen
119759,2002,unassigned
119760,2002,unassigned
119761,2002,unassigned
119762,2023,Astro-Epen
119763,2002,unassigned
119764,2002,unassigned
119765,2019,Immune
119766,2002,unassigned
119767,2002,unassigned
119768,2002,unassigned
119769,2002,unassigned
119770,2002,unassigned
119771,2023,Astro-Epen
119772,2011,Astro-Epen
119773,2056,unassigned
119774,2039,Immune
119775,2002,unassigned
119776,2003,Astro-Epen
119777,2054,unassigned
119778,2002,unassigned
119779,2002,unassigned
119780,2003,Astro-Epen
119781,2002,unassigned
119782,2002,unassigned
119783,2002,unassigned
119784,2002,unassigned
119785,2002,unassigned
119786,2041,Immune
119787,2002,unassigned
119788,2035,Astro-Epen
119789,2002,unassigned
119790,2023,Astro-Epen
119791,2002,unassigned
119792,2002,unassigned
119793,2002,unassigned
119794,2009,Immune
119795,2002,unassigned
119796,2018,Immune
119797,2002,unassigned
119798,2003,Astro-Epen
119799,2002,unassigned
119800,2002,unassigned
119801,2002,unassigned
119802,2050,Immune
119803,2060,unassigned
119804,2050,Immune
119805,2002,unassigned
119806,2019,Immune
119807,2002,unassigned
119808,2042,unassigned
119809,2002,unassigned
119810,2023,Astro-Epen
119811,2002,unassigned
119812,2023,Astro-Epen
119813,2002,unassigned
119814,2002,unassigned
119815,2002,unassigned
119816,2003,Astro-Epen
119817,2053,unassigned
119818,2002,unassigned
119819,2054,unassigned
119820,2002,unassigned
119821,2002,unassigned
119822,2002,unassigned
119823,2002,unassigned
119824,2057,unassigned
119825,2002,unassigned
119826,2023,Astro-Epen
119827,2002,unassigned
119828,2045,Excitatory_Neuron
119829,2002,unassigned
119830,2002,unassigned
119831,2002,unassigned
119832,2002,unassigned
119833,2002,unassigned
119834,2052,unassigned
119835,2003,Astro-Epen
119836,2002,unassigned
119837,2002,unassigned
119838,2002,unassigned
119839,2041,Immune
119840,2023,Astro-Epen
119841,2002,unassigned
119842,2023,Astro-Epen
119843,2002,unassigned
119844,2002,unassigned
119845,2002,unassigned
119846,2002,unassigned
119847,2002,unassigned
119848,2003,Astro-Epen
119849,2002,unassigned
119850,2002,unassigned
119851,2050,Immune
119852,2050,Immune
119853,2002,unassigned
119854,2002,unassigned
119855,2019,Immune
119856,2002,unassigned
119857,2035,Astro-Epen
119858,2041,Immune
119859,2002,unassigned
119860,2057,unassigned
119861,2023,Astro-Epen
119862,2002,unassigned
119863,2002,unassigned
119864,2002,unassigned
119865,2023,Astro-Epen
119866,2002,unassigned
119867,2002,unassigned
119868,2039,Immune
119869,2002,unassigned
119870,2003,Astro-Epen
119871,2003,Astro-Epen
119872,2054,unassigned
119873,2002,unassigned
119874,2002,unassigned
119875,2002,unassigned
119876,2002,unassigned
119877,2002,unassigned
119878,2005,GABA_Neuron
119879,2002,unassigned
119880,2002,unassigned
119881,2002,unassigned
119882,2002,unassigned
119883,2023,Astro-Epen
119884,2011,Astro-Epen
119885,2009,Immune
119886,2053,unassigned
119887,2052,unassigned
119888,2002,unassigned
119889,2019,Immune
119890,2002,unassigned
119891,2002,unassigned
119892,2035,Astro-Epen
119893,2002,unassigned
119894,2041,Immune
119895,2002,unassigned
119896,2002,unassigned
119897,2002,unassigned
119898,2002,unassigned
119899,2009,Immune
119900,2002,unassigned
119901,2009,Immune
119902,2002,unassigned
119903,2002,unassigned
119904,2002,unassigned
119905,2003,Astro-Epen
119906,2002,unassigned
119907,2002,unassigned
119908,2002,unassigned
119909,2002,unassigned
119910,2002,unassigned
119911,2002,unassigned
119912,2002,unassigned
119913,2002,unassigned
119914,2002,unassigned
119915,2002,unassigned
119916,2002,unassigned
119917,2002,unassigned
119918,2002,unassigned
119919,2002,unassigned
119920,2053,unassigned
119921,2054,unassigned
119922,2054,unassigned
119923,2002,unassigned
119924,2002,unassigned
119925,2002,unassigned
119926,2002,unassigned
119927,2002,unassigned
119928,2002,unassigned
119929,2002,unassigned
119930,2002,unassigned
119931,2002,unassigned
119932,2002,unassigned
119933,2057,unassigned
119934,2023,Astro-Epen
119935,2057,unassigned
119936,2002,unassigned
119937,2002,unassigned
119938,2002,unassigned
119939,2002,unassigned
119940,2002,unassigned
119941,2011,Astro-Epen
119942,2023,Astro-Epen
119943,2002,unassigned
119944,2002,unassigned
119945,2002,unassigned
119946,2002,unassigned
119947,2002,unassigned
119948,2050,Immune
119949,2002,unassigned
119950,2002,unassigned
119951,2002,unassigned
119952,2005,GABA_Neuron
119953,2002,unassigned
119954,2002,unassigned
119955,2002,unassigned
119956,2002,unassigned
119957,2002,unassigned
119958,2002,unassigned
119959,2002,unassigned
119960,2023,Astro-Epen
119961,2045,Excitatory_Neuron
119962,2002,unassigned
119963,2002,unassigned
119964,2011,Astro-Epen
119965,2056,unassigned
119966,2002,unassigned
119967,2002,unassigned
119968,2002,unassigned
119969,2003,Astro-Epen
119970,2049,Immune
119971,2002,unassigned
119972,2060,unassigned
119973,2003,Astro-Epen
119974,2042,unassigned
119975,2002,unassigned
119976,2002,unassigned
119977,2002,unassigned
119978,2002,unassigned
119979,2002,unassigned
119980,2023,Astro-Epen
119981,2023,Astro-Epen
119982,2002,unassigned
119983,2002,unassigned
119984,2002,unassigned
119985,2053,unassigned
119986,2003,Astro-Epen
119987,2002,unassigned
119988,2050,Immune
119989,2002,unassigned
119990,2002,unassigned
119991,2002,unassigned
119992,2002,unassigned
119993,2002,unassigned
119994,2035,Astro-Epen
119995,2002,unassigned
119996,2002,unassigned
119997,2023,Astro-Epen
119998,2002,unassigned
119999,2023,Astro-Epen
120000,2045,Excitatory_Neuron
120001,2045,Excitatory_Neuron
120002,2002,unassigned
120003,2039,Immune
120004,2003,Astro-Epen
120005,2002,unassigned
120006,2002,unassigned
120007,2002,unassigned
120008,2019,Immune
120009,2041,Immune
120010,2005,GABA_Neuron
120011,2005,GABA_Neuron
120012,2041,Immune
120013,2002,unassigned
120014,2002,unassigned
120015,2002,unassigned
120016,2002,unassigned
120017,2002,unassigned
120018,2023,Astro-Epen
120019,2023,Astro-Epen
120020,2045,Excitatory_Neuron
120021,2045,Excitatory_Neuron
120022,2045,Excitatory_Neuron
120023,2009,Immune
120024,2039,Immune
120025,2002,unassigned
120026,2055,unassigned
120027,2053,unassigned
120028,2002,unassigned
120029,2003,Astro-Epen
120030,2002,unassigned
120031,2002,unassigned
120032,2002,unassigned
120033,2002,unassigned
120034,2019,Immune
120035,2019,Immune
120036,2002,unassigned
120037,2002,unassigned
120038,2042,unassigned
120039,2041,Immune
120040,2035,Astro-Epen
120041,2041,Immune
120042,2002,unassigned
120043,2002,unassigned
120044,2002,unassigned
120045,2002,unassigned
120046,2002,unassigned
120047,2002,unassigned
120048,2045,Excitatory_Neuron
120049,2002,unassigned
120050,2002,unassigned
120051,2002,unassigned
120052,2002,unassigned
120053,2002,unassigned
120054,2002,unassigned
120055,2002,unassigned
120056,2002,unassigned
120057,2002,unassigned
120058,2002,unassigned
120059,2003,Astro-Epen
120060,2003,Astro-Epen
120061,2060,unassigned
120062,2002,unassigned
120063,2003,Astro-Epen
120064,2002,unassigned
120065,2002,unassigned
120066,2002,unassigned
120067,2019,Immune
120068,2002,unassigned
120069,2035,Astro-Epen
120070,2002,unassigned
120071,2002,unassigned
120072,2002,unassigned
120073,2002,unassigned
120074,2002,unassigned
120075,2002,unassigned
120076,2023,Astro-Epen
120077,2023,Astro-Epen
120078,2023,Astro-Epen
120079,2002,unassigned
120080,2002,unassigned
120081,2003,Astro-Epen
120082,2002,unassigned
120083,2053,unassigned
120084,2053,unassigned
120085,2036,unassigned
120086,2049,Immune
120087,2002,unassigned
120088,2002,unassigned
120089,2002,unassigned
120090,2002,unassigned
120091,2042,unassigned
120092,2041,Immune
120093,2002,unassigned
120094,2002,unassigned
120095,2002,unassigned
120096,2002,unassigned
120097,2009,Immune
120098,2002,unassigned
120099,2003,Astro-Epen
120100,2002,unassigned
120101,2003,Astro-Epen
120102,2002,unassigned
120103,2003,Astro-Epen
120104,2060,unassigned
120105,2003,Astro-Epen
120106,2002,unassigned
120107,2002,unassigned
120108,2002,unassigned
120109,2002,unassigned
120110,2002,unassigned
120111,2002,unassigned
120112,2002,unassigned
120113,2002,unassigned
120114,2002,unassigned
120115,2002,unassigned
120116,2002,unassigned
120117,2002,unassigned
120118,2002,unassigned
120119,2002,unassigned
120120,2002,unassigned
120121,2002,unassigned
120122,2002,unassigned
120123,2002,unassigned
120124,2009,Immune
120125,2002,unassigned
120126,2003,Astro-Epen
120127,2002,unassigned
120128,2035,Astro-Epen
120129,2002,unassigned
120130,2057,unassigned
120131,2023,Astro-Epen
120132,2056,unassigned
120133,2002,unassigned
120134,2002,unassigned
120135,2002,unassigned
120136,2002,unassigned
120137,2002,unassigned
120138,2002,unassigned
120139,2002,unassigned
120140,2002,unassigned
120141,2002,unassigned
120142,2002,unassigned
120143,2002,unassigned
120144,2018,Immune
120145,2039,Immune
120146,2002,unassigned
120147,2003,Astro-Epen
120148,2036,unassigned
120149,2003,Astro-Epen
120150,2050,Immune
120151,2002,unassigned
120152,2002,unassigned
120153,2002,unassigned
120154,2035,Astro-Epen
120155,2041,Immune
120156,2002,unassigned
120157,2002,unassigned
120158,2002,unassigned
120159,2002,unassigned
120160,2023,Astro-Epen
120161,2002,unassigned
120162,2009,Immune
120163,2002,unassigned
120164,2002,unassigned
120165,2002,unassigned
120166,2002,unassigned
120167,2002,unassigned
120168,2003,Astro-Epen
120169,2002,unassigned
120170,2002,unassigned
120171,2002,unassigned
120172,2002,unassigned
120173,2002,unassigned
120174,2002,unassigned
120175,2002,unassigned
120176,2002,unassigned
120177,2009,Immune
120178,2002,unassigned
120179,2045,Excitatory_Neuron
120180,2045,Excitatory_Neuron
120181,2003,Astro-Epen
120182,2003,Astro-Epen
120183,2003,Astro-Epen
120184,2002,unassigned
120185,2003,Astro-Epen
120186,2002,unassigned
120187,2003,Astro-Epen
120188,2002,unassigned
120189,2002,unassigned
120190,2002,unassigned
120191,2002,unassigned
120192,2002,unassigned
120193,2002,unassigned
120194,2041,Immune
120195,2041,Immune
120196,2041,Immune
120197,2002,unassigned
120198,2002,unassigned
120199,2057,unassigned
120200,2002,unassigned
120201,2002,unassigned
120202,2002,unassigned
120203,2002,unassigned
120204,2002,unassigned
120205,2002,unassigned
120206,2023,Astro-Epen
120207,2002,unassigned
120208,2009,Immune
120209,2009,Immune
120210,2018,Immune
120211,2002,unassigned
120212,2053,unassigned
120213,2003,Astro-Epen
120214,2002,unassigned
120215,2002,unassigned
120216,2002,unassigned
120217,2002,unassigned
120218,2002,unassigned
120219,2002,unassigned
120220,2002,unassigned
120221,2002,unassigned
120222,2002,unassigned
120223,2009,Immune
120224,2002,unassigned
120225,2002,unassigned
120226,2039,Immune
120227,2053,unassigned
120228,2060,unassigned
120229,2002,unassigned
120230,2002,unassigned
120231,2054,unassigned
120232,2002,unassigned
120233,2002,unassigned
120234,2019,Immune
120235,2002,unassigned
120236,2002,unassigned
120237,2002,unassigned
120238,2002,unassigned
120239,2042,unassigned
120240,2041,Immune
120241,2002,unassigned
120242,2002,unassigned
120243,2002,unassigned
120244,2002,unassigned
120245,2002,unassigned
120246,2002,unassigned
120247,2002,unassigned
120248,2002,unassigned
120249,2023,Astro-Epen
120250,2002,unassigned
120251,2002,unassigned
120252,2045,Excitatory_Neuron
120253,2002,unassigned
120254,2045,Excitatory_Neuron
120255,2045,Excitatory_Neuron
120256,2009,Immune
120257,2018,Immune
120258,2050,Immune
120259,2002,unassigned
120260,2003,Astro-Epen
120261,2002,unassigned
120262,2002,unassigned
120263,2002,unassigned
120264,2002,unassigned
120265,2041,Immune
120266,2002,unassigned
120267,2023,Astro-Epen
120268,2023,Astro-Epen
120269,2023,Astro-Epen
120270,2002,unassigned
120271,2002,unassigned
120272,2055,unassigned
120273,2060,unassigned
120274,2050,Immune
120275,2002,unassigned
120276,2041,Immune
120277,2002,unassigned
120278,2002,unassigned
120279,2002,unassigned
120280,2002,unassigned
120281,2023,Astro-Epen
120282,2018,Immune
120283,2002,unassigned
120284,2002,unassigned
120285,2003,Astro-Epen
120286,2002,unassigned
120287,2002,unassigned
120288,2002,unassigned
120289,2002,unassigned
120290,2005,GABA_Neuron
120291,2002,unassigned
120292,2002,unassigned
120293,2002,unassigned
120294,2002,unassigned
120295,2002,unassigned
120296,2002,unassigned
120297,2002,unassigned
120298,2053,unassigned
120299,2049,Immune
120300,2052,unassigned
120301,2002,unassigned
120302,2002,unassigned
120303,2023,Astro-Epen
120304,2002,unassigned
120305,2002,unassigned
120306,2061,unassigned
120307,2045,Excitatory_Neuron
120308,2018,Immune
120309,2002,unassigned
120310,2053,unassigned
120311,2003,Astro-Epen
120312,2002,unassigned
120313,2050,Immune
120314,2002,unassigned
120315,2050,Immune
120316,2002,unassigned
120317,2002,unassigned
120318,2002,unassigned
120319,2002,unassigned
120320,2002,unassigned
120321,2002,unassigned
120322,2023,Astro-Epen
120323,2009,Immune
120324,2002,unassigned
120325,2002,unassigned
120326,2018,Immune
120327,2003,Astro-Epen
120328,2002,unassigned
120329,2055,unassigned
120330,2003,Astro-Epen
120331,2003,Astro-Epen
120332,2003,Astro-Epen
120333,2003,Astro-Epen
120334,2050,Immune
120335,2003,Astro-Epen
120336,2002,unassigned
120337,2002,unassigned
120338,2002,unassigned
120339,2002,unassigned
120340,2019,Immune
120341,2002,unassigned
120342,2002,unassigned
120343,2019,Immune
120344,2002,unassigned
120345,2002,unassigned
120346,2045,Excitatory_Neuron
120347,2002,unassigned
120348,2002,unassigned
120349,2002,unassigned
120350,2002,unassigned
120351,2002,unassigned
120352,2002,unassigned
120353,2002,unassigned
120354,2019,Immune
120355,2002,unassigned
120356,2019,Immune
120357,2041,Immune
120358,2002,unassigned
120359,2002,unassigned
120360,2002,unassigned
120361,2023,Astro-Epen
120362,2002,unassigned
120363,2002,unassigned
120364,2002,unassigned
120365,2002,unassigned
120366,2045,Excitatory_Neuron
120367,2023,Astro-Epen
120368,2045,Excitatory_Neuron
120369,2045,Excitatory_Neuron
120370,2002,unassigned
120371,2003,Astro-Epen
120372,2060,unassigned
120373,2003,Astro-Epen
120374,2002,unassigned
120375,2052,unassigned
120376,2002,unassigned
120377,2002,unassigned
120378,2002,unassigned
120379,2002,unassigned
120380,2019,Immune
120381,2002,unassigned
120382,2002,unassigned
120383,2041,Immune
120384,2002,unassigned
120385,2057,unassigned
120386,2057,unassigned
120387,2002,unassigned
120388,2002,unassigned
120389,2002,unassigned
120390,2045,Excitatory_Neuron
120391,2045,Excitatory_Neuron
120392,2045,Excitatory_Neuron
120393,2002,unassigned
120394,2002,unassigned
120395,2003,Astro-Epen
120396,2049,Immune
120397,2002,unassigned
120398,2002,unassigned
120399,2050,Immune
120400,2002,unassigned
120401,2002,unassigned
120402,2041,Immune
120403,2023,Astro-Epen
120404,2061,unassigned
120405,2002,unassigned
120406,2002,unassigned
120407,2045,Excitatory_Neuron
120408,2002,unassigned
120409,2002,unassigned
120410,2003,Astro-Epen
120411,2053,unassigned
120412,2002,unassigned
120413,2050,Immune
120414,2050,Immune
120415,2003,Astro-Epen
120416,2054,unassigned
120417,2054,unassigned
120418,2002,unassigned
120419,2005,GABA_Neuron
120420,2002,unassigned
120421,2023,Astro-Epen
120422,2003,Astro-Epen
120423,2002,unassigned
120424,2060,unassigned
120425,2002,unassigned
120426,2002,unassigned
120427,2002,unassigned
120428,2002,unassigned
120429,2002,unassigned
120430,2002,unassigned
120431,2002,unassigned
120432,2003,Astro-Epen
120433,2002,unassigned
120434,2002,unassigned
120435,2002,unassigned
120436,2002,unassigned
120437,2002,unassigned
120438,2002,unassigned
120439,2002,unassigned
120440,2002,unassigned
120441,2002,unassigned
120442,2018,Immune
120443,2002,unassigned
120444,2053,unassigned
120445,2003,Astro-Epen
120446,2002,unassigned
120447,2002,unassigned
120448,2002,unassigned
120449,2002,unassigned
120450,2048,unassigned
120451,2002,unassigned
120452,2002,unassigned
120453,2002,unassigned
120454,2002,unassigned
120455,2002,unassigned
120456,2002,unassigned
120457,2002,unassigned
120458,2002,unassigned
120459,2002,unassigned
120460,2002,unassigned
120461,2019,Immune
120462,2002,unassigned
120463,2002,unassigned
120464,2002,unassigned
120465,2002,unassigned
120466,2002,unassigned
120467,2023,Astro-Epen
120468,2045,Excitatory_Neuron
120469,2002,unassigned
120470,2003,Astro-Epen
120471,2003,Astro-Epen
120472,2002,unassigned
120473,2003,Astro-Epen
120474,2003,Astro-Epen
120475,2050,Immune
120476,2002,unassigned
120477,2002,unassigned
120478,2002,unassigned
120479,2002,unassigned
120480,2002,unassigned
120481,2002,unassigned
120482,2002,unassigned
120483,2002,unassigned
120484,2002,unassigned
120485,2002,unassigned
120486,2002,unassigned
120487,2002,unassigned
120488,2041,Immune
120489,2041,Immune
120490,2041,Immune
120491,2035,Astro-Epen
120492,2002,unassigned
120493,2002,unassigned
120494,2057,unassigned
120495,2057,unassigned
120496,2023,Astro-Epen
120497,2002,unassigned
120498,2023,Astro-Epen
120499,2002,unassigned
120500,2023,Astro-Epen
120501,2002,unassigned
120502,2023,Astro-Epen
120503,2023,Astro-Epen
120504,2023,Astro-Epen
120505,2002,unassigned
120506,2009,Immune
120507,2002,unassigned
120508,2009,Immune
120509,2009,Immune
120510,2002,unassigned
120511,2002,unassigned
120512,2002,unassigned
120513,2002,unassigned
120514,2003,Astro-Epen
120515,2002,unassigned
120516,2019,Immune
120517,2002,unassigned
120518,2002,unassigned
120519,2002,unassigned
120520,2035,Astro-Epen
120521,2002,unassigned
120522,2002,unassigned
120523,2002,unassigned
120524,2002,unassigned
120525,2002,unassigned
120526,2002,unassigned
120527,2038,unassigned
120528,2002,unassigned
120529,2002,unassigned
120530,2002,unassigned
120531,2002,unassigned
120532,2002,unassigned
120533,2002,unassigned
120534,2002,unassigned
120535,2002,unassigned
120536,2002,unassigned
120537,2023,Astro-Epen
120538,2002,unassigned
120539,2002,unassigned
120540,2002,unassigned
120541,2009,Immune
120542,2002,unassigned
120543,2002,unassigned
120544,2002,unassigned
120545,2002,unassigned
120546,2002,unassigned
120547,2002,unassigned
120548,2002,unassigned
120549,2002,unassigned
120550,2002,unassigned
120551,2055,unassigned
120552,2002,unassigned
120553,2002,unassigned
120554,2003,Astro-Epen
120555,2053,unassigned
120556,2050,Immune
120557,2002,unassigned
120558,2050,Immune
120559,2002,unassigned
120560,2002,unassigned
120561,2002,unassigned
120562,2002,unassigned
120563,2002,unassigned
120564,2002,unassigned
120565,2002,unassigned
120566,2002,unassigned
120567,2002,unassigned
120568,2002,unassigned
120569,2002,unassigned
120570,2002,unassigned
120571,2053,unassigned
120572,2003,Astro-Epen
120573,2045,Excitatory_Neuron
120574,2002,unassigned
120575,2002,unassigned
120576,2002,unassigned
120577,2002,unassigned
120578,2002,unassigned
120579,2041,Immune
120580,2002,unassigned
120581,2002,unassigned
120582,2023,Astro-Epen
120583,2002,unassigned
120584,2009,Immune
120585,2018,Immune
120586,2018,Immune
120587,2039,Immune
120588,2003,Astro-Epen
120589,2003,Astro-Epen
120590,2003,Astro-Epen
120591,2002,unassigned
120592,2002,unassigned
120593,2002,unassigned
120594,2002,unassigned
120595,2002,unassigned
120596,2054,unassigned
120597,2002,unassigned
120598,2052,unassigned
120599,2002,unassigned
120600,2002,unassigned
120601,2002,unassigned
120602,2002,unassigned
120603,2002,unassigned
120604,2002,unassigned
120605,2019,Immune
120606,2002,unassigned
120607,2002,unassigned
120608,2019,Immune
120609,2002,unassigned
120610,2002,unassigned
120611,2002,unassigned
120612,2002,unassigned
120613,2002,unassigned
120614,2002,unassigned
120615,2023,Astro-Epen
120616,2018,Immune
120617,2002,unassigned
120618,2019,Immune
120619,2002,unassigned
120620,2002,unassigned
120621,2002,unassigned
120622,2002,unassigned
120623,2002,unassigned
120624,2002,unassigned
120625,2002,unassigned
120626,2002,unassigned
120627,2035,Astro-Epen
120628,2002,unassigned
120629,2002,unassigned
120630,2002,unassigned
120631,2002,unassigned
120632,2002,unassigned
120633,2002,unassigned
120634,2023,Astro-Epen
120635,2002,unassigned
120636,2002,unassigned
120637,2023,Astro-Epen
120638,2023,Astro-Epen
120639,2002,unassigned
120640,2023,Astro-Epen
120641,2002,unassigned
120642,2002,unassigned
120643,2002,unassigned
120644,2023,Astro-Epen
120645,2002,unassigned
120646,2009,Immune
120647,2002,unassigned
120648,2002,unassigned
120649,2002,unassigned
120650,2045,Excitatory_Neuron
120651,2002,unassigned
120652,2002,unassigned
120653,2002,unassigned
120654,2002,unassigned
120655,2002,unassigned
120656,2002,unassigned
120657,2002,unassigned
120658,2002,unassigned
120659,2002,unassigned
120660,2002,unassigned
120661,2002,unassigned
120662,2062,unassigned
120663,2062,unassigned
120664,2062,unassigned
120665,2062,unassigned
120666,2062,unassigned
120667,2062,unassigned
120668,2062,unassigned
120669,2062,unassigned
120670,2062,unassigned
120671,2062,unassigned
120672,2062,unassigned
120673,2062,unassigned
120674,2062,unassigned
120675,2062,unassigned
120676,2062,unassigned
120677,2062,unassigned
120678,2062,unassigned
120679,2062,unassigned
120680,2062,unassigned
120681,2062,unassigned
120682,2063,Immune
120683,2062,unassigned
120684,2062,unassigned
120685,2062,unassigned
120686,2062,unassigned
120687,2062,unassigned
120688,2062,unassigned
120689,2062,unassigned
120690,2062,unassigned
120691,2062,unassigned
120692,2062,unassigned
120693,2062,unassigned
120694,2062,unassigned
120695,2062,unassigned
120696,2062,unassigned
120697,2062,unassigned
120698,2062,unassigned
120699,2062,unassigned
120700,2062,unassigned
120701,2062,unassigned
120702,2062,unassigned
120703,2062,unassigned
120704,2062,unassigned
120705,2062,unassigned
120706,2062,unassigned
120707,2062,unassigned
120708,2064,unassigned
120709,2065,Immune
120710,2062,unassigned
120711,2062,unassigned
120712,2063,Immune
120713,2062,unassigned
120714,2062,unassigned
120715,2062,unassigned
120716,2062,unassigned
120717,2062,unassigned
120718,2062,unassigned
120719,2062,unassigned
120720,2062,unassigned
120721,2062,unassigned
120722,2062,unassigned
120723,2062,unassigned
120724,2062,unassigned
120725,2062,unassigned
120726,2062,unassigned
120727,2062,unassigned
120728,2062,unassigned
120729,2062,unassigned
120730,2062,unassigned
120731,2062,unassigned
120732,2066,Astro-Epen
120733,2062,unassigned
120734,2062,unassigned
120735,2062,unassigned
120736,2067,Immune
120737,2067,Immune
120738,2062,unassigned
120739,2062,unassigned
120740,2062,unassigned
120741,2062,unassigned
120742,2062,unassigned
120743,2062,unassigned
120744,2062,unassigned
120745,2062,unassigned
120746,2062,unassigned
120747,2062,unassigned
120748,2068,Astro-Epen
120749,2062,unassigned
120750,2062,unassigned
120751,2065,Immune
120752,2062,unassigned
120753,2062,unassigned
120754,2062,unassigned
120755,2062,unassigned
120756,2062,unassigned
120757,2062,unassigned
120758,2062,unassigned
120759,2062,unassigned
120760,2062,unassigned
120761,2062,unassigned
120762,2062,unassigned
120763,2062,unassigned
120764,2062,unassigned
120765,2068,Astro-Epen
120766,2062,unassigned
120767,2062,unassigned
120768,2064,unassigned
120769,2062,unassigned
120770,2062,unassigned
120771,2062,unassigned
120772,2062,unassigned
120773,2067,Immune
120774,2062,unassigned
120775,2062,unassigned
120776,2062,unassigned
120777,2062,unassigned
120778,2062,unassigned
120779,2064,unassigned
120780,2062,unassigned
120781,2062,unassigned
120782,2062,unassigned
120783,2062,unassigned
120784,2062,unassigned
120785,2062,unassigned
120786,2062,unassigned
120787,2062,unassigned
120788,2062,unassigned
120789,2062,unassigned
120790,2062,unassigned
120791,2062,unassigned
120792,2062,unassigned
120793,2062,unassigned
120794,2062,unassigned
120795,2068,Astro-Epen
120796,2062,unassigned
120797,2062,unassigned
120798,2066,Astro-Epen
120799,2062,unassigned
120800,2062,unassigned
120801,2062,unassigned
120802,2062,unassigned
120803,2062,unassigned
120804,2062,unassigned
120805,2062,unassigned
120806,2069,unassigned
120807,2062,unassigned
120808,2062,unassigned
120809,2062,unassigned
120810,2062,unassigned
120811,2062,unassigned
120812,2062,unassigned
120813,2062,unassigned
120814,2068,Astro-Epen
120815,2062,unassigned
120816,2062,unassigned
120817,2062,unassigned
120818,2062,unassigned
120819,2062,unassigned
120820,2062,unassigned
120821,2063,Immune
120822,2062,unassigned
120823,2062,unassigned
120824,2062,unassigned
120825,2062,unassigned
120826,2062,unassigned
120827,2062,unassigned
120828,2062,unassigned
120829,2062,unassigned
120830,2062,unassigned
120831,2062,unassigned
120832,2062,unassigned
120833,2062,unassigned
120834,2062,unassigned
120835,2062,unassigned
120836,2062,unassigned
120837,2062,unassigned
120838,2062,unassigned
120839,2062,unassigned
120840,2062,unassigned
120841,2062,unassigned
120842,2062,unassigned
120843,2062,unassigned
120844,2062,unassigned
120845,2066,Astro-Epen
120846,2067,Immune
120847,2062,unassigned
120848,2062,unassigned
120849,2068,Astro-Epen
120850,2062,unassigned
120851,2068,Astro-Epen
120852,2062,unassigned
120853,2062,unassigned
120854,2062,unassigned
120855,2062,unassigned
120856,2062,unassigned
120857,2062,unassigned
120858,2062,unassigned
120859,2062,unassigned
120860,2062,unassigned
120861,2062,unassigned
120862,2062,unassigned
120863,2062,unassigned
120864,2062,unassigned
120865,2062,unassigned
120866,2062,unassigned
120867,2062,unassigned
120868,2062,unassigned
120869,2062,unassigned
120870,2062,unassigned
120871,2062,unassigned
120872,2068,Astro-Epen
120873,2062,unassigned
120874,2062,unassigned
120875,2062,unassigned
120876,2062,unassigned
120877,2062,unassigned
120878,2062,unassigned
120879,2062,unassigned
120880,2062,unassigned
120881,2070,Astro-Epen
120882,2062,unassigned
120883,2062,unassigned
120884,2062,unassigned
120885,2062,unassigned
120886,2062,unassigned
120887,2067,Immune
120888,2062,unassigned
120889,2062,unassigned
120890,2062,unassigned
120891,2062,unassigned
120892,2062,unassigned
120893,2062,unassigned
120894,2062,unassigned
120895,2062,unassigned
120896,2062,unassigned
120897,2062,unassigned
120898,2066,Astro-Epen
120899,2062,unassigned
120900,2071,unassigned
120901,2062,unassigned
120902,2062,unassigned
120903,2062,unassigned
120904,2062,unassigned
120905,2062,unassigned
120906,2062,unassigned
120907,2062,unassigned
120908,2064,unassigned
120909,2062,unassigned
120910,2062,unassigned
120911,2062,unassigned
120912,2062,unassigned
120913,2062,unassigned
120914,2062,unassigned
120915,2062,unassigned
120916,2062,unassigned
120917,2062,unassigned
120918,2062,unassigned
120919,2066,Astro-Epen
120920,2062,unassigned
120921,2062,unassigned
120922,2062,unassigned
120923,2062,unassigned
120924,2062,unassigned
120925,2062,unassigned
120926,2062,unassigned
120927,2062,unassigned
120928,2062,unassigned
120929,2062,unassigned
120930,2062,unassigned
120931,2062,unassigned
120932,2062,unassigned
120933,2062,unassigned
120934,2065,Immune
120935,2062,unassigned
120936,2062,unassigned
120937,2062,unassigned
120938,2062,unassigned
120939,2062,unassigned
120940,2062,unassigned
120941,2062,unassigned
120942,2067,Immune
120943,2062,unassigned
120944,2062,unassigned
120945,2062,unassigned
120946,2062,unassigned
120947,2062,unassigned
120948,2062,unassigned
120949,2062,unassigned
120950,2062,unassigned
120951,2062,unassigned
120952,2062,unassigned
120953,2062,unassigned
120954,2062,unassigned
120955,2062,unassigned
120956,2062,unassigned
120957,2062,unassigned
120958,2062,unassigned
120959,2064,unassigned
120960,2062,unassigned
120961,2062,unassigned
120962,2062,unassigned
120963,2062,unassigned
120964,2062,unassigned
120965,2062,unassigned
120966,2062,unassigned
120967,2068,Astro-Epen
120968,2062,unassigned
120969,2062,unassigned
120970,2062,unassigned
120971,2062,unassigned
120972,2062,unassigned
120973,2062,unassigned
120974,2062,unassigned
120975,2062,unassigned
120976,2062,unassigned
120977,2062,unassigned
120978,2062,unassigned
120979,2062,unassigned
120980,2062,unassigned
120981,2066,Astro-Epen
120982,2062,unassigned
120983,2062,unassigned
120984,2062,unassigned
120985,2062,unassigned
120986,2065,Immune
120987,2062,unassigned
120988,2063,Immune
120989,2062,unassigned
120990,2062,unassigned
120991,2062,unassigned
120992,2062,unassigned
120993,2062,unassigned
120994,2062,unassigned
120995,2062,unassigned
120996,2067,Immune
120997,2062,unassigned
120998,2062,unassigned
120999,2062,unassigned
121000,2062,unassigned
121001,2063,Immune
121002,2062,unassigned
121003,2062,unassigned
121004,2062,unassigned
121005,2062,unassigned
121006,2066,Astro-Epen
121007,2062,unassigned
121008,2062,unassigned
121009,2062,unassigned
121010,2068,Astro-Epen
121011,2062,unassigned
121012,2062,unassigned
121013,2062,unassigned
121014,2062,unassigned
121015,2062,unassigned
121016,2064,unassigned
121017,2062,unassigned
121018,2062,unassigned
121019,2062,unassigned
121020,2062,unassigned
121021,2062,unassigned
121022,2062,unassigned
121023,2062,unassigned
121024,2062,unassigned
121025,2062,unassigned
121026,2066,Astro-Epen
121027,2067,Immune
121028,2062,unassigned
121029,2062,unassigned
121030,2062,unassigned
121031,2062,unassigned
121032,2062,unassigned
121033,2062,unassigned
121034,2062,unassigned
121035,2062,unassigned
121036,2062,unassigned
121037,2063,Immune
121038,2062,unassigned
121039,2062,unassigned
121040,2062,unassigned
121041,2062,unassigned
121042,2062,unassigned
121043,2062,unassigned
121044,2062,unassigned
121045,2067,Immune
121046,2062,unassigned
121047,2062,unassigned
121048,2062,unassigned
121049,2062,unassigned
121050,2062,unassigned
121051,2070,Astro-Epen
121052,2062,unassigned
121053,2062,unassigned
121054,2062,unassigned
121055,2066,Astro-Epen
121056,2062,unassigned
121057,2062,unassigned
121058,2062,unassigned
121059,2062,unassigned
121060,2068,Astro-Epen
121061,2062,unassigned
121062,2068,Astro-Epen
121063,2062,unassigned
121064,2062,unassigned
121065,2062,unassigned
121066,2062,unassigned
121067,2070,Astro-Epen
121068,2062,unassigned
121069,2062,unassigned
121070,2062,unassigned
121071,2062,unassigned
121072,2062,unassigned
121073,2062,unassigned
121074,2062,unassigned
121075,2062,unassigned
121076,2062,unassigned
121077,2062,unassigned
121078,2062,unassigned
121079,2062,unassigned
121080,2062,unassigned
121081,2062,unassigned
121082,2062,unassigned
121083,2062,unassigned
121084,2062,unassigned
121085,2062,unassigned
121086,2062,unassigned
121087,2062,unassigned
121088,2062,unassigned
121089,2062,unassigned
121090,2062,unassigned
121091,2062,unassigned
121092,2067,Immune
121093,2062,unassigned
121094,2062,unassigned
121095,2066,Astro-Epen
121096,2062,unassigned
121097,2062,unassigned
121098,2062,unassigned
121099,2062,unassigned
121100,2062,unassigned
121101,2068,Astro-Epen
121102,2062,unassigned
121103,2062,unassigned
121104,2062,unassigned
121105,2070,Astro-Epen
121106,2062,unassigned
121107,2062,unassigned
121108,2062,unassigned
121109,2062,unassigned
121110,2062,unassigned
121111,2062,unassigned
121112,2062,unassigned
121113,2062,unassigned
121114,2062,unassigned
121115,2062,unassigned
121116,2062,unassigned
121117,2062,unassigned
121118,2062,unassigned
121119,2062,unassigned
121120,2062,unassigned
121121,2062,unassigned
121122,2062,unassigned
121123,2062,unassigned
121124,2063,Immune
121125,2063,Immune
121126,2062,unassigned
121127,2063,Immune
121128,2062,unassigned
121129,2062,unassigned
121130,2062,unassigned
121131,2062,unassigned
121132,2062,unassigned
121133,2062,unassigned
121134,2062,unassigned
121135,2062,unassigned
121136,2062,unassigned
121137,2062,unassigned
121138,2062,unassigned
121139,2062,unassigned
121140,2062,unassigned
121141,2062,unassigned
121142,2062,unassigned
121143,2062,unassigned
121144,2062,unassigned
121145,2062,unassigned
121146,2062,unassigned
121147,2062,unassigned
121148,2062,unassigned
121149,2062,unassigned
121150,2062,unassigned
121151,2062,unassigned
121152,2062,unassigned
121153,2062,unassigned
121154,2062,unassigned
121155,2062,unassigned
121156,2062,unassigned
121157,2062,unassigned
121158,2062,unassigned
121159,2062,unassigned
121160,2062,unassigned
121161,2062,unassigned
121162,2062,unassigned
121163,2065,Immune
121164,2062,unassigned
121165,2062,unassigned
121166,2062,unassigned
121167,2062,unassigned
121168,2062,unassigned
121169,2062,unassigned
121170,2062,unassigned
121171,2062,unassigned
121172,2072,Astro-Epen
121173,2068,Astro-Epen
121174,2062,unassigned
121175,2062,unassigned
121176,2073,unassigned
121177,2062,unassigned
121178,2065,Immune
121179,2062,unassigned
121180,2062,unassigned
121181,2063,Immune
121182,2062,unassigned
121183,2062,unassigned
121184,2062,unassigned
121185,2062,unassigned
121186,2062,unassigned
121187,2062,unassigned
121188,2062,unassigned
121189,2062,unassigned
121190,2068,Astro-Epen
121191,2068,Astro-Epen
121192,2062,unassigned
121193,2062,unassigned
121194,2062,unassigned
121195,2062,unassigned
121196,2062,unassigned
121197,2062,unassigned
121198,2062,unassigned
121199,2062,unassigned
121200,2062,unassigned
121201,2062,unassigned
121202,2062,unassigned
121203,2067,Immune
121204,2062,unassigned
121205,2062,unassigned
121206,2062,unassigned
121207,2062,unassigned
121208,2071,unassigned
121209,2062,unassigned
121210,2062,unassigned
121211,2062,unassigned
121212,2062,unassigned
121213,2062,unassigned
121214,2062,unassigned
121215,2062,unassigned
121216,2063,Immune
121217,2062,unassigned
121218,2062,unassigned
121219,2062,unassigned
121220,2062,unassigned
121221,2062,unassigned
121222,2062,unassigned
121223,2062,unassigned
121224,2062,unassigned
121225,2067,Immune
121226,2062,unassigned
121227,2062,unassigned
121228,2062,unassigned
121229,2062,unassigned
121230,2062,unassigned
121231,2062,unassigned
121232,2062,unassigned
121233,2062,unassigned
121234,2062,unassigned
121235,2062,unassigned
121236,2062,unassigned
121237,2062,unassigned
121238,2062,unassigned
121239,2062,unassigned
121240,2062,unassigned
121241,2062,unassigned
121242,2062,unassigned
121243,2067,Immune
121244,2062,unassigned
121245,2062,unassigned
121246,2062,unassigned
121247,2062,unassigned
121248,2062,unassigned
121249,2062,unassigned
121250,2062,unassigned
121251,2062,unassigned
121252,2062,unassigned
121253,2062,unassigned
121254,2062,unassigned
121255,2062,unassigned
121256,2062,unassigned
121257,2062,unassigned
121258,2067,Immune
121259,2062,unassigned
121260,2067,Immune
121261,2062,unassigned
121262,2066,Astro-Epen
121263,2062,unassigned
121264,2062,unassigned
121265,2062,unassigned
121266,2062,unassigned
121267,2062,unassigned
121268,2064,unassigned
121269,2062,unassigned
121270,2062,unassigned
121271,2062,unassigned
121272,2062,unassigned
121273,2062,unassigned
121274,2062,unassigned
121275,2062,unassigned
121276,2062,unassigned
121277,2062,unassigned
121278,2062,unassigned
121279,2068,Astro-Epen
121280,2062,unassigned
121281,2062,unassigned
121282,2062,unassigned
121283,2062,unassigned
121284,2063,Immune
121285,2062,unassigned
121286,2062,unassigned
121287,2062,unassigned
121288,2062,unassigned
121289,2062,unassigned
121290,2062,unassigned
121291,2062,unassigned
121292,2062,unassigned
121293,2062,unassigned
121294,2062,unassigned
121295,2063,Immune
121296,2062,unassigned
121297,2062,unassigned
121298,2062,unassigned
121299,2062,unassigned
121300,2062,unassigned
121301,2062,unassigned
121302,2062,unassigned
121303,2062,unassigned
121304,2062,unassigned
121305,2062,unassigned
121306,2062,unassigned
121307,2062,unassigned
121308,2062,unassigned
121309,2062,unassigned
121310,2072,Astro-Epen
121311,2062,unassigned
121312,2062,unassigned
121313,2062,unassigned
121314,2062,unassigned
121315,2062,unassigned
121316,2065,Immune
121317,2062,unassigned
121318,2062,unassigned
121319,2062,unassigned
121320,2063,Immune
121321,2062,unassigned
121322,2062,unassigned
121323,2062,unassigned
121324,2062,unassigned
121325,2062,unassigned
121326,2067,Immune
121327,2062,unassigned
121328,2062,unassigned
121329,2062,unassigned
121330,2071,unassigned
121331,2062,unassigned
121332,2063,Immune
121333,2062,unassigned
121334,2062,unassigned
121335,2062,unassigned
121336,2062,unassigned
121337,2062,unassigned
121338,2062,unassigned
121339,2062,unassigned
121340,2062,unassigned
121341,2062,unassigned
121342,2062,unassigned
121343,2062,unassigned
121344,2062,unassigned
121345,2062,unassigned
121346,2073,unassigned
121347,2062,unassigned
121348,2064,unassigned
121349,2062,unassigned
121350,2062,unassigned
121351,2070,Astro-Epen
121352,2062,unassigned
121353,2062,unassigned
121354,2062,unassigned
121355,2062,unassigned
121356,2067,Immune
121357,2067,Immune
121358,2072,Astro-Epen
121359,2072,Astro-Epen
121360,2062,unassigned
121361,2062,unassigned
121362,2062,unassigned
121363,2062,unassigned
121364,2062,unassigned
121365,2062,unassigned
121366,2062,unassigned
121367,2062,unassigned
121368,2062,unassigned
121369,2062,unassigned
121370,2062,unassigned
121371,2062,unassigned
121372,2062,unassigned
121373,2062,unassigned
121374,2062,unassigned
121375,2062,unassigned
121376,2062,unassigned
121377,2062,unassigned
121378,2062,unassigned
121379,2062,unassigned
121380,2062,unassigned
121381,2067,Immune
121382,2062,unassigned
121383,2062,unassigned
121384,2062,unassigned
121385,2062,unassigned
121386,2062,unassigned
121387,2062,unassigned
121388,2062,unassigned
121389,2062,unassigned
121390,2062,unassigned
121391,2062,unassigned
121392,2062,unassigned
121393,2062,unassigned
121394,2062,unassigned
121395,2062,unassigned
121396,2062,unassigned
121397,2068,Astro-Epen
121398,2062,unassigned
121399,2062,unassigned
121400,2062,unassigned
121401,2062,unassigned
121402,2069,unassigned
121403,2062,unassigned
121404,2062,unassigned
121405,2062,unassigned
121406,2062,unassigned
121407,2070,Astro-Epen
121408,2062,unassigned
121409,2062,unassigned
121410,2062,unassigned
121411,2062,unassigned
121412,2072,Astro-Epen
121413,2062,unassigned
121414,2068,Astro-Epen
121415,2062,unassigned
121416,2062,unassigned
121417,2063,Immune
121418,2062,unassigned
121419,2062,unassigned
121420,2062,unassigned
121421,2067,Immune
121422,2062,unassigned
121423,2062,unassigned
121424,2062,unassigned
121425,2062,unassigned
121426,2062,unassigned
121427,2065,Immune
121428,2062,unassigned
121429,2062,unassigned
121430,2062,unassigned
121431,2062,unassigned
121432,2062,unassigned
121433,2067,Immune
121434,2062,unassigned
121435,2062,unassigned
121436,2072,Astro-Epen
121437,2062,unassigned
121438,2062,unassigned
121439,2062,unassigned
121440,2062,unassigned
121441,2062,unassigned
121442,2062,unassigned
121443,2066,Astro-Epen
121444,2062,unassigned
121445,2072,Astro-Epen
121446,2062,unassigned
121447,2062,unassigned
121448,2062,unassigned
121449,2062,unassigned
121450,2062,unassigned
121451,2062,unassigned
121452,2062,unassigned
121453,2062,unassigned
121454,2062,unassigned
121455,2062,unassigned
121456,2062,unassigned
121457,2062,unassigned
121458,2062,unassigned
121459,2062,unassigned
121460,2062,unassigned
121461,2062,unassigned
121462,2072,Astro-Epen
121463,2062,unassigned
121464,2062,unassigned
121465,2062,unassigned
121466,2062,unassigned
121467,2062,unassigned
121468,2062,unassigned
121469,2062,unassigned
121470,2062,unassigned
121471,2062,unassigned
121472,2062,unassigned
121473,2062,unassigned
121474,2067,Immune
121475,2062,unassigned
121476,2062,unassigned
121477,2066,Astro-Epen
121478,2062,unassigned
121479,2072,Astro-Epen
121480,2062,unassigned
121481,2062,unassigned
121482,2062,unassigned
121483,2062,unassigned
121484,2068,Astro-Epen
121485,2062,unassigned
121486,2063,Immune
121487,2062,unassigned
121488,2062,unassigned
121489,2062,unassigned
121490,2062,unassigned
121491,2062,unassigned
121492,2062,unassigned
121493,2062,unassigned
121494,2068,Astro-Epen
121495,2062,unassigned
121496,2062,unassigned
121497,2062,unassigned
121498,2062,unassigned
121499,2062,unassigned
121500,2062,unassigned
121501,2063,Immune
121502,2062,unassigned
121503,2062,unassigned
121504,2062,unassigned
121505,2062,unassigned
121506,2062,unassigned
121507,2062,unassigned
121508,2062,unassigned
121509,2066,Astro-Epen
121510,2062,unassigned
121511,2062,unassigned
121512,2062,unassigned
121513,2062,unassigned
121514,2062,unassigned
121515,2062,unassigned
121516,2063,Immune
121517,2062,unassigned
121518,2062,unassigned
121519,2062,unassigned
121520,2062,unassigned
121521,2062,unassigned
121522,2062,unassigned
121523,2062,unassigned
121524,2062,unassigned
121525,2062,unassigned
121526,2067,Immune
121527,2066,Astro-Epen
121528,2062,unassigned
121529,2062,unassigned
121530,2062,unassigned
121531,2062,unassigned
121532,2062,unassigned
121533,2062,unassigned
121534,2062,unassigned
121535,2062,unassigned
121536,2062,unassigned
121537,2062,unassigned
121538,2070,Astro-Epen
121539,2062,unassigned
121540,2062,unassigned
121541,2062,unassigned
121542,2067,Immune
121543,2062,unassigned
121544,2062,unassigned
121545,2062,unassigned
121546,2062,unassigned
121547,2068,Astro-Epen
121548,2062,unassigned
121549,2068,Astro-Epen
121550,2062,unassigned
121551,2062,unassigned
121552,2062,unassigned
121553,2063,Immune
121554,2062,unassigned
121555,2062,unassigned
121556,2062,unassigned
121557,2062,unassigned
121558,2062,unassigned
121559,2062,unassigned
121560,2062,unassigned
121561,2067,Immune
121562,2066,Astro-Epen
121563,2062,unassigned
121564,2067,Immune
121565,2062,unassigned
121566,2062,unassigned
121567,2062,unassigned
121568,2062,unassigned
121569,2066,Astro-Epen
121570,2062,unassigned
121571,2062,unassigned
121572,2065,Immune
121573,2064,unassigned
121574,2062,unassigned
121575,2063,Immune
121576,2062,unassigned
121577,2062,unassigned
121578,2062,unassigned
121579,2062,unassigned
121580,2066,Astro-Epen
121581,2062,unassigned
121582,2062,unassigned
121583,2062,unassigned
121584,2068,Astro-Epen
121585,2062,unassigned
121586,2065,Immune
121587,2062,unassigned
121588,2062,unassigned
121589,2062,unassigned
121590,2062,unassigned
121591,2062,unassigned
121592,2062,unassigned
121593,2062,unassigned
121594,2062,unassigned
121595,2067,Immune
121596,2062,unassigned
121597,2062,unassigned
121598,2062,unassigned
121599,2065,Immune
121600,2062,unassigned
121601,2062,unassigned
121602,2062,unassigned
121603,2062,unassigned
121604,2062,unassigned
121605,2062,unassigned
121606,2062,unassigned
121607,2062,unassigned
121608,2062,unassigned
121609,2062,unassigned
121610,2062,unassigned
121611,2062,unassigned
121612,2062,unassigned
121613,2062,unassigned
121614,2062,unassigned
121615,2062,unassigned
121616,2062,unassigned
121617,2062,unassigned
121618,2062,unassigned
121619,2062,unassigned
121620,2072,Astro-Epen
121621,2062,unassigned
121622,2068,Astro-Epen
121623,2062,unassigned
121624,2062,unassigned
121625,2062,unassigned
121626,2062,unassigned
121627,2064,unassigned
121628,2062,unassigned
121629,2063,Immune
121630,2063,Immune
121631,2062,unassigned
121632,2062,unassigned
121633,2062,unassigned
121634,2062,unassigned
121635,2074,unassigned
121636,2062,unassigned
121637,2062,unassigned
121638,2062,unassigned
121639,2062,unassigned
121640,2062,unassigned
121641,2069,unassigned
121642,2064,unassigned
121643,2062,unassigned
121644,2062,unassigned
121645,2062,unassigned
121646,2062,unassigned
121647,2062,unassigned
121648,2062,unassigned
121649,2062,unassigned
121650,2062,unassigned
121651,2065,Immune
121652,2062,unassigned
121653,2065,Immune
121654,2062,unassigned
121655,2062,unassigned
121656,2062,unassigned
121657,2067,Immune
121658,2062,unassigned
121659,2062,unassigned
121660,2062,unassigned
121661,2062,unassigned
121662,2062,unassigned
121663,2068,Astro-Epen
121664,2062,unassigned
121665,2063,Immune
121666,2062,unassigned
121667,2062,unassigned
121668,2062,unassigned
121669,2062,unassigned
121670,2062,unassigned
121671,2062,unassigned
121672,2062,unassigned
121673,2062,unassigned
121674,2062,unassigned
121675,2062,unassigned
121676,2062,unassigned
121677,2062,unassigned
121678,2062,unassigned
121679,2062,unassigned
121680,2062,unassigned
121681,2062,unassigned
121682,2062,unassigned
121683,2062,unassigned
121684,2062,unassigned
121685,2062,unassigned
121686,2062,unassigned
121687,2062,unassigned
121688,2062,unassigned
121689,2062,unassigned
121690,2062,unassigned
121691,2062,unassigned
121692,2062,unassigned
121693,2062,unassigned
121694,2066,Astro-Epen
121695,2062,unassigned
121696,2062,unassigned
121697,2062,unassigned
121698,2062,unassigned
121699,2062,unassigned
121700,2062,unassigned
121701,2068,Astro-Epen
121702,2062,unassigned
121703,2062,unassigned
121704,2062,unassigned
121705,2062,unassigned
121706,2063,Immune
121707,2070,Astro-Epen
121708,2062,unassigned
121709,2062,unassigned
121710,2062,unassigned
121711,2062,unassigned
121712,2074,unassigned
121713,2062,unassigned
121714,2062,unassigned
121715,2072,Astro-Epen
121716,2062,unassigned
121717,2062,unassigned
121718,2062,unassigned
121719,2062,unassigned
121720,2068,Astro-Epen
121721,2062,unassigned
121722,2062,unassigned
121723,2062,unassigned
121724,2062,unassigned
121725,2062,unassigned
121726,2062,unassigned
121727,2069,unassigned
121728,2062,unassigned
121729,2062,unassigned
121730,2062,unassigned
121731,2062,unassigned
121732,2062,unassigned
121733,2062,unassigned
121734,2062,unassigned
121735,2062,unassigned
121736,2062,unassigned
121737,2062,unassigned
121738,2062,unassigned
121739,2062,unassigned
121740,2062,unassigned
121741,2062,unassigned
121742,2062,unassigned
121743,2062,unassigned
121744,2065,Immune
121745,2065,Immune
121746,2062,unassigned
121747,2062,unassigned
121748,2062,unassigned
121749,2062,unassigned
121750,2062,unassigned
121751,2062,unassigned
121752,2062,unassigned
121753,2062,unassigned
121754,2062,unassigned
121755,2062,unassigned
121756,2062,unassigned
121757,2074,unassigned
121758,2062,unassigned
121759,2062,unassigned
121760,2062,unassigned
121761,2062,unassigned
121762,2068,Astro-Epen
121763,2062,unassigned
121764,2062,unassigned
121765,2062,unassigned
121766,2062,unassigned
121767,2062,unassigned
121768,2062,unassigned
121769,2062,unassigned
121770,2062,unassigned
121771,2062,unassigned
121772,2062,unassigned
121773,2067,Immune
121774,2066,Astro-Epen
121775,2072,Astro-Epen
121776,2062,unassigned
121777,2062,unassigned
121778,2062,unassigned
121779,2062,unassigned
121780,2062,unassigned
121781,2062,unassigned
121782,2062,unassigned
121783,2062,unassigned
121784,2062,unassigned
121785,2062,unassigned
121786,2063,Immune
121787,2062,unassigned
121788,2062,unassigned
121789,2062,unassigned
121790,2062,unassigned
121791,2062,unassigned
121792,2062,unassigned
121793,2062,unassigned
121794,2062,unassigned
121795,2067,Immune
121796,2062,unassigned
121797,2062,unassigned
121798,2072,Astro-Epen
121799,2062,unassigned
121800,2062,unassigned
121801,2062,unassigned
121802,2062,unassigned
121803,2065,Immune
121804,2062,unassigned
121805,2062,unassigned
121806,2062,unassigned
121807,2062,unassigned
121808,2062,unassigned
121809,2062,unassigned
121810,2062,unassigned
121811,2062,unassigned
121812,2062,unassigned
121813,2062,unassigned
121814,2065,Immune
121815,2062,unassigned
121816,2062,unassigned
121817,2062,unassigned
121818,2062,unassigned
121819,2062,unassigned
121820,2067,Immune
121821,2062,unassigned
121822,2062,unassigned
121823,2066,Astro-Epen
121824,2062,unassigned
121825,2062,unassigned
121826,2062,unassigned
121827,2071,unassigned
121828,2062,unassigned
121829,2062,unassigned
121830,2062,unassigned
121831,2062,unassigned
121832,2062,unassigned
121833,2062,unassigned
121834,2062,unassigned
121835,2062,unassigned
121836,2062,unassigned
121837,2062,unassigned
121838,2062,unassigned
121839,2072,Astro-Epen
121840,2062,unassigned
121841,2062,unassigned
121842,2062,unassigned
121843,2063,Immune
121844,2062,unassigned
121845,2062,unassigned
121846,2062,unassigned
121847,2062,unassigned
121848,2062,unassigned
121849,2062,unassigned
121850,2067,Immune
121851,2062,unassigned
121852,2067,Immune
121853,2062,unassigned
121854,2062,unassigned
121855,2062,unassigned
121856,2062,unassigned
121857,2062,unassigned
121858,2062,unassigned
121859,2062,unassigned
121860,2062,unassigned
121861,2062,unassigned
121862,2062,unassigned
121863,2062,unassigned
121864,2062,unassigned
121865,2062,unassigned
121866,2062,unassigned
121867,2062,unassigned
121868,2073,unassigned
121869,2062,unassigned
121870,2062,unassigned
121871,2062,unassigned
121872,2062,unassigned
121873,2062,unassigned
121874,2067,Immune
121875,2067,Immune
121876,2066,Astro-Epen
121877,2062,unassigned
121878,2062,unassigned
121879,2068,Astro-Epen
121880,2062,unassigned
121881,2062,unassigned
121882,2062,unassigned
121883,2062,unassigned
121884,2062,unassigned
121885,2062,unassigned
121886,2062,unassigned
121887,2062,unassigned
121888,2062,unassigned
121889,2062,unassigned
121890,2062,unassigned
121891,2062,unassigned
121892,2062,unassigned
121893,2062,unassigned
121894,2062,unassigned
121895,2062,unassigned
121896,2071,unassigned
121897,2068,Astro-Epen
121898,2062,unassigned
121899,2062,unassigned
121900,2062,unassigned
121901,2062,unassigned
121902,2065,Immune
121903,2063,Immune
121904,2062,unassigned
121905,2062,unassigned
121906,2062,unassigned
121907,2062,unassigned
121908,2062,unassigned
121909,2067,Immune
121910,2066,Astro-Epen
121911,2072,Astro-Epen
121912,2072,Astro-Epen
121913,2062,unassigned
121914,2062,unassigned
121915,2062,unassigned
121916,2065,Immune
121917,2062,unassigned
121918,2063,Immune
121919,2065,Immune
121920,2062,unassigned
121921,2062,unassigned
121922,2062,unassigned
121923,2062,unassigned
121924,2062,unassigned
121925,2062,unassigned
121926,2062,unassigned
121927,2067,Immune
121928,2062,unassigned
121929,2067,Immune
121930,2062,unassigned
121931,2062,unassigned
121932,2071,unassigned
121933,2068,Astro-Epen
121934,2062,unassigned
121935,2062,unassigned
121936,2062,unassigned
121937,2062,unassigned
121938,2069,unassigned
121939,2063,Immune
121940,2062,unassigned
121941,2062,unassigned
121942,2062,unassigned
121943,2062,unassigned
121944,2062,unassigned
121945,2062,unassigned
121946,2062,unassigned
121947,2062,unassigned
121948,2062,unassigned
121949,2067,Immune
121950,2067,Immune
121951,2062,unassigned
121952,2062,unassigned
121953,2067,Immune
121954,2062,unassigned
121955,2062,unassigned
121956,2062,unassigned
121957,2062,unassigned
121958,2072,Astro-Epen
121959,2062,unassigned
121960,2062,unassigned
121961,2062,unassigned
121962,2062,unassigned
121963,2062,unassigned
121964,2062,unassigned
121965,2062,unassigned
121966,2062,unassigned
121967,2062,unassigned
121968,2062,unassigned
121969,2067,Immune
121970,2062,unassigned
121971,2066,Astro-Epen
121972,2062,unassigned
121973,2062,unassigned
121974,2062,unassigned
121975,2062,unassigned
121976,2062,unassigned
121977,2062,unassigned
121978,2062,unassigned
121979,2062,unassigned
121980,2062,unassigned
121981,2062,unassigned
121982,2062,unassigned
121983,2062,unassigned
121984,2062,unassigned
121985,2062,unassigned
121986,2062,unassigned
121987,2062,unassigned
121988,2062,unassigned
121989,2062,unassigned
121990,2068,Astro-Epen
121991,2062,unassigned
121992,2062,unassigned
121993,2062,unassigned
121994,2062,unassigned
121995,2065,Immune
121996,2062,unassigned
121997,2062,unassigned
121998,2063,Immune
121999,2062,unassigned
122000,2062,unassigned
122001,2066,Astro-Epen
122002,2062,unassigned
122003,2062,unassigned
122004,2062,unassigned
122005,2062,unassigned
122006,2062,unassigned
122007,2062,unassigned
122008,2062,unassigned
122009,2062,unassigned
122010,2062,unassigned
122011,2062,unassigned
122012,2062,unassigned
122013,2062,unassigned
122014,2062,unassigned
122015,2062,unassigned
122016,2067,Immune
122017,2072,Astro-Epen
122018,2062,unassigned
122019,2068,Astro-Epen
122020,2062,unassigned
122021,2073,unassigned
122022,2062,unassigned
122023,2062,unassigned
122024,2062,unassigned
122025,2062,unassigned
122026,2062,unassigned
122027,2062,unassigned
122028,2062,unassigned
122029,2066,Astro-Epen
122030,2062,unassigned
122031,2068,Astro-Epen
122032,2062,unassigned
122033,2062,unassigned
122034,2065,Immune
122035,2062,unassigned
122036,2065,Immune
122037,2062,unassigned
122038,2062,unassigned
122039,2062,unassigned
122040,2062,unassigned
122041,2062,unassigned
122042,2062,unassigned
122043,2071,unassigned
122044,2062,unassigned
122045,2062,unassigned
122046,2062,unassigned
122047,2062,unassigned
122048,2065,Immune
122049,2062,unassigned
122050,2062,unassigned
122051,2062,unassigned
122052,2062,unassigned
122053,2062,unassigned
122054,2062,unassigned
122055,2062,unassigned
122056,2062,unassigned
122057,2072,Astro-Epen
122058,2062,unassigned
122059,2071,unassigned
122060,2072,Astro-Epen
122061,2068,Astro-Epen
122062,2062,unassigned
122063,2062,unassigned
122064,2062,unassigned
122065,2062,unassigned
122066,2062,unassigned
122067,2062,unassigned
122068,2062,unassigned
122069,2066,Astro-Epen
122070,2062,unassigned
122071,2062,unassigned
122072,2062,unassigned
122073,2062,unassigned
122074,2062,unassigned
122075,2062,unassigned
122076,2062,unassigned
122077,2062,unassigned
122078,2062,unassigned
122079,2065,Immune
122080,2062,unassigned
122081,2062,unassigned
122082,2066,Astro-Epen
122083,2067,Immune
122084,2071,unassigned
122085,2072,Astro-Epen
122086,2062,unassigned
122087,2062,unassigned
122088,2062,unassigned
122089,2062,unassigned
122090,2062,unassigned
122091,2062,unassigned
122092,2062,unassigned
122093,2062,unassigned
122094,2070,Astro-Epen
122095,2062,unassigned
122096,2062,unassigned
122097,2062,unassigned
122098,2067,Immune
122099,2062,unassigned
122100,2062,unassigned
122101,2072,Astro-Epen
122102,2062,unassigned
122103,2062,unassigned
122104,2075,unassigned
122105,2076,unassigned
122106,2073,unassigned
122107,2063,Immune
122108,2063,Immune
122109,2062,unassigned
122110,2062,unassigned
122111,2062,unassigned
122112,2062,unassigned
122113,2062,unassigned
122114,2062,unassigned
122115,2062,unassigned
122116,2062,unassigned
122117,2066,Astro-Epen
122118,2066,Astro-Epen
122119,2062,unassigned
122120,2062,unassigned
122121,2062,unassigned
122122,2062,unassigned
122123,2072,Astro-Epen
122124,2062,unassigned
122125,2062,unassigned
122126,2062,unassigned
122127,2062,unassigned
122128,2062,unassigned
122129,2062,unassigned
122130,2062,unassigned
122131,2062,unassigned
122132,2062,unassigned
122133,2062,unassigned
122134,2062,unassigned
122135,2062,unassigned
122136,2062,unassigned
122137,2062,unassigned
122138,2062,unassigned
122139,2062,unassigned
122140,2062,unassigned
122141,2062,unassigned
122142,2062,unassigned
122143,2072,Astro-Epen
122144,2062,unassigned
122145,2076,unassigned
122146,2062,unassigned
122147,2062,unassigned
122148,2062,unassigned
122149,2062,unassigned
122150,2063,Immune
122151,2070,Astro-Epen
122152,2062,unassigned
122153,2062,unassigned
122154,2062,unassigned
122155,2062,unassigned
122156,2062,unassigned
122157,2062,unassigned
122158,2062,unassigned
122159,2062,unassigned
122160,2062,unassigned
122161,2062,unassigned
122162,2062,unassigned
122163,2067,Immune
122164,2072,Astro-Epen
122165,2062,unassigned
122166,2062,unassigned
122167,2062,unassigned
122168,2062,unassigned
122169,2062,unassigned
122170,2065,Immune
122171,2062,unassigned
122172,2062,unassigned
122173,2062,unassigned
122174,2062,unassigned
122175,2062,unassigned
122176,2066,Astro-Epen
122177,2067,Immune
122178,2062,unassigned
122179,2062,unassigned
122180,2072,Astro-Epen
122181,2071,unassigned
122182,2062,unassigned
122183,2068,Astro-Epen
122184,2062,unassigned
122185,2062,unassigned
122186,2062,unassigned
122187,2063,Immune
122188,2063,Immune
122189,2062,unassigned
122190,2062,unassigned
122191,2062,unassigned
122192,2062,unassigned
122193,2062,unassigned
122194,2062,unassigned
122195,2062,unassigned
122196,2062,unassigned
122197,2062,unassigned
122198,2062,unassigned
122199,2062,unassigned
122200,2062,unassigned
122201,2068,Astro-Epen
122202,2062,unassigned
122203,2062,unassigned
122204,2062,unassigned
122205,2062,unassigned
122206,2062,unassigned
122207,2062,unassigned
122208,2062,unassigned
122209,2062,unassigned
122210,2062,unassigned
122211,2062,unassigned
122212,2062,unassigned
122213,2062,unassigned
122214,2062,unassigned
122215,2062,unassigned
122216,2066,Astro-Epen
122217,2062,unassigned
122218,2062,unassigned
122219,2062,unassigned
122220,2062,unassigned
122221,2062,unassigned
122222,2062,unassigned
122223,2062,unassigned
122224,2062,unassigned
122225,2062,unassigned
122226,2062,unassigned
122227,2062,unassigned
122228,2062,unassigned
122229,2062,unassigned
122230,2077,unassigned
122231,2067,Immune
122232,2062,unassigned
122233,2062,unassigned
122234,2062,unassigned
122235,2062,unassigned
122236,2062,unassigned
122237,2062,unassigned
122238,2068,Astro-Epen
122239,2062,unassigned
122240,2076,unassigned
122241,2062,unassigned
122242,2065,Immune
122243,2063,Immune
122244,2062,unassigned
122245,2062,unassigned
122246,2062,unassigned
122247,2062,unassigned
122248,2062,unassigned
122249,2062,unassigned
122250,2062,unassigned
122251,2062,unassigned
122252,2062,unassigned
122253,2062,unassigned
122254,2062,unassigned
122255,2066,Astro-Epen
122256,2062,unassigned
122257,2062,unassigned
122258,2068,Astro-Epen
122259,2068,Astro-Epen
122260,2068,Astro-Epen
122261,2062,unassigned
122262,2062,unassigned
122263,2062,unassigned
122264,2065,Immune
122265,2062,unassigned
122266,2062,unassigned
122267,2062,unassigned
122268,2062,unassigned
122269,2062,unassigned
122270,2062,unassigned
122271,2062,unassigned
122272,2062,unassigned
122273,2067,Immune
122274,2062,unassigned
122275,2066,Astro-Epen
122276,2066,Astro-Epen
122277,2062,unassigned
122278,2062,unassigned
122279,2062,unassigned
122280,2062,unassigned
122281,2062,unassigned
122282,2062,unassigned
122283,2065,Immune
122284,2062,unassigned
122285,2065,Immune
122286,2065,Immune
122287,2065,Immune
122288,2062,unassigned
122289,2062,unassigned
122290,2062,unassigned
122291,2062,unassigned
122292,2062,unassigned
122293,2062,unassigned
122294,2062,unassigned
122295,2062,unassigned
122296,2062,unassigned
122297,2066,Astro-Epen
122298,2062,unassigned
122299,2068,Astro-Epen
122300,2062,unassigned
122301,2069,unassigned
122302,2062,unassigned
122303,2062,unassigned
122304,2065,Immune
122305,2062,unassigned
122306,2062,unassigned
122307,2062,unassigned
122308,2062,unassigned
122309,2062,unassigned
122310,2067,Immune
122311,2062,unassigned
122312,2066,Astro-Epen
122313,2067,Immune
122314,2067,Immune
122315,2067,Immune
122316,2067,Immune
122317,2062,unassigned
122318,2062,unassigned
122319,2062,unassigned
122320,2068,Astro-Epen
122321,2062,unassigned
122322,2062,unassigned
122323,2062,unassigned
122324,2062,unassigned
122325,2062,unassigned
122326,2062,unassigned
122327,2062,unassigned
122328,2062,unassigned
122329,2062,unassigned
122330,2062,unassigned
122331,2062,unassigned
122332,2062,unassigned
122333,2062,unassigned
122334,2067,Immune
122335,2062,unassigned
122336,2068,Astro-Epen
122337,2062,unassigned
122338,2062,unassigned
122339,2062,unassigned
122340,2062,unassigned
122341,2062,unassigned
122342,2062,unassigned
122343,2062,unassigned
122344,2062,unassigned
122345,2067,Immune
122346,2067,Immune
122347,2066,Astro-Epen
122348,2062,unassigned
122349,2062,unassigned
122350,2062,unassigned
122351,2062,unassigned
122352,2068,Astro-Epen
122353,2068,Astro-Epen
122354,2062,unassigned
122355,2062,unassigned
122356,2062,unassigned
122357,2062,unassigned
122358,2062,unassigned
122359,2062,unassigned
122360,2062,unassigned
122361,2062,unassigned
122362,2072,Astro-Epen
122363,2062,unassigned
122364,2062,unassigned
122365,2068,Astro-Epen
122366,2062,unassigned
122367,2062,unassigned
122368,2062,unassigned
122369,2062,unassigned
122370,2076,unassigned
122371,2069,unassigned
122372,2062,unassigned
122373,2062,unassigned
122374,2062,unassigned
122375,2062,unassigned
122376,2062,unassigned
122377,2066,Astro-Epen
122378,2062,unassigned
122379,2066,Astro-Epen
122380,2067,Immune
122381,2062,unassigned
122382,2062,unassigned
122383,2062,unassigned
122384,2062,unassigned
122385,2062,unassigned
122386,2062,unassigned
122387,2062,unassigned
122388,2078,unassigned
122389,2070,Astro-Epen
122390,2062,unassigned
122391,2062,unassigned
122392,2062,unassigned
122393,2062,unassigned
122394,2062,unassigned
122395,2062,unassigned
122396,2062,unassigned
122397,2062,unassigned
122398,2066,Astro-Epen
122399,2066,Astro-Epen
122400,2072,Astro-Epen
122401,2071,unassigned
122402,2071,unassigned
122403,2062,unassigned
122404,2068,Astro-Epen
122405,2062,unassigned
122406,2062,unassigned
122407,2065,Immune
122408,2078,unassigned
122409,2062,unassigned
122410,2062,unassigned
122411,2062,unassigned
122412,2067,Immune
122413,2062,unassigned
122414,2062,unassigned
122415,2062,unassigned
122416,2062,unassigned
122417,2068,Astro-Epen
122418,2062,unassigned
122419,2062,unassigned
122420,2062,unassigned
122421,2062,unassigned
122422,2062,unassigned
122423,2062,unassigned
122424,2062,unassigned
122425,2062,unassigned
122426,2062,unassigned
122427,2062,unassigned
122428,2062,unassigned
122429,2062,unassigned
122430,2062,unassigned
122431,2062,unassigned
122432,2062,unassigned
122433,2067,Immune
122434,2062,unassigned
122435,2062,unassigned
122436,2062,unassigned
122437,2062,unassigned
122438,2062,unassigned
122439,2062,unassigned
122440,2062,unassigned
122441,2062,unassigned
122442,2062,unassigned
122443,2062,unassigned
122444,2071,unassigned
122445,2062,unassigned
122446,2068,Astro-Epen
122447,2062,unassigned
122448,2062,unassigned
122449,2062,unassigned
122450,2062,unassigned
122451,2065,Immune
122452,2065,Immune
122453,2063,Immune
122454,2062,unassigned
122455,2062,unassigned
122456,2062,unassigned
122457,2062,unassigned
122458,2062,unassigned
122459,2062,unassigned
122460,2062,unassigned
122461,2062,unassigned
122462,2062,unassigned
122463,2062,unassigned
122464,2062,unassigned
122465,2062,unassigned
122466,2062,unassigned
122467,2062,unassigned
122468,2067,Immune
122469,2062,unassigned
122470,2062,unassigned
122471,2062,unassigned
122472,2062,unassigned
122473,2062,unassigned
122474,2078,unassigned
122475,2062,unassigned
122476,2062,unassigned
122477,2062,unassigned
122478,2062,unassigned
122479,2062,unassigned
122480,2062,unassigned
122481,2066,Astro-Epen
122482,2062,unassigned
122483,2062,unassigned
122484,2062,unassigned
122485,2062,unassigned
122486,2062,unassigned
122487,2062,unassigned
122488,2062,unassigned
122489,2078,unassigned
122490,2062,unassigned
122491,2062,unassigned
122492,2062,unassigned
122493,2062,unassigned
122494,2062,unassigned
122495,2062,unassigned
122496,2062,unassigned
122497,2062,unassigned
122498,2062,unassigned
122499,2067,Immune
122500,2062,unassigned
122501,2071,unassigned
122502,2062,unassigned
122503,2062,unassigned
122504,2062,unassigned
122505,2062,unassigned
122506,2073,unassigned
122507,2062,unassigned
122508,2062,unassigned
122509,2065,Immune
122510,2062,unassigned
122511,2078,unassigned
122512,2062,unassigned
122513,2062,unassigned
122514,2062,unassigned
122515,2062,unassigned
122516,2062,unassigned
122517,2066,Astro-Epen
122518,2062,unassigned
122519,2062,unassigned
122520,2062,unassigned
122521,2062,unassigned
122522,2062,unassigned
122523,2062,unassigned
122524,2062,unassigned
122525,2062,unassigned
122526,2062,unassigned
122527,2062,unassigned
122528,2062,unassigned
122529,2066,Astro-Epen
122530,2062,unassigned
122531,2066,Astro-Epen
122532,2067,Immune
122533,2062,unassigned
122534,2062,unassigned
122535,2062,unassigned
122536,2062,unassigned
122537,2062,unassigned
122538,2062,unassigned
122539,2062,unassigned
122540,2078,unassigned
122541,2070,Astro-Epen
122542,2062,unassigned
122543,2062,unassigned
122544,2062,unassigned
122545,2062,unassigned
122546,2062,unassigned
122547,2062,unassigned
122548,2062,unassigned
122549,2062,unassigned
122550,2062,unassigned
122551,2070,Astro-Epen
122552,2078,unassigned
122553,2062,unassigned
122554,2062,unassigned
122555,2062,unassigned
122556,2062,unassigned
122557,2062,unassigned
122558,2062,unassigned
122559,2062,unassigned
122560,2066,Astro-Epen
122561,2072,Astro-Epen
122562,2062,unassigned
122563,2062,unassigned
122564,2062,unassigned
122565,2062,unassigned
122566,2078,unassigned
122567,2062,unassigned
122568,2062,unassigned
122569,2062,unassigned
122570,2062,unassigned
122571,2062,unassigned
122572,2062,unassigned
122573,2062,unassigned
122574,2062,unassigned
122575,2068,Astro-Epen
122576,2062,unassigned
122577,2073,unassigned
122578,2062,unassigned
122579,2062,unassigned
122580,2062,unassigned
122581,2062,unassigned
122582,2078,unassigned
122583,2078,unassigned
122584,2065,Immune
122585,2062,unassigned
122586,2062,unassigned
122587,2063,Immune
122588,2062,unassigned
122589,2062,unassigned
122590,2067,Immune
122591,2062,unassigned
122592,2066,Astro-Epen
122593,2066,Astro-Epen
122594,2071,unassigned
122595,2062,unassigned
122596,2062,unassigned
122597,2068,Astro-Epen
122598,2062,unassigned
122599,2062,unassigned
122600,2062,unassigned
122601,2063,Immune
122602,2062,unassigned
122603,2062,unassigned
122604,2062,unassigned
122605,2062,unassigned
122606,2062,unassigned
122607,2062,unassigned
122608,2062,unassigned
122609,2062,unassigned
122610,2062,unassigned
122611,2067,Immune
122612,2062,unassigned
122613,2062,unassigned
122614,2062,unassigned
122615,2062,unassigned
122616,2062,unassigned
122617,2069,unassigned
122618,2062,unassigned
122619,2062,unassigned
122620,2062,unassigned
122621,2062,unassigned
122622,2062,unassigned
122623,2062,unassigned
122624,2068,Astro-Epen
122625,2062,unassigned
122626,2062,unassigned
122627,2062,unassigned
122628,2062,unassigned
122629,2062,unassigned
122630,2062,unassigned
122631,2062,unassigned
122632,2065,Immune
122633,2078,unassigned
122634,2078,unassigned
122635,2078,unassigned
122636,2062,unassigned
122637,2062,unassigned
122638,2062,unassigned
122639,2062,unassigned
122640,2062,unassigned
122641,2062,unassigned
122642,2062,unassigned
122643,2062,unassigned
122644,2062,unassigned
122645,2062,unassigned
122646,2066,Astro-Epen
122647,2062,unassigned
122648,2062,unassigned
122649,2068,Astro-Epen
122650,2068,Astro-Epen
122651,2062,unassigned
122652,2062,unassigned
122653,2062,unassigned
122654,2062,unassigned
122655,2062,unassigned
122656,2062,unassigned
122657,2065,Immune
122658,2062,unassigned
122659,2066,Astro-Epen
122660,2072,Astro-Epen
122661,2062,unassigned
122662,2062,unassigned
122663,2062,unassigned
122664,2062,unassigned
122665,2062,unassigned
122666,2078,unassigned
122667,2078,unassigned
122668,2062,unassigned
122669,2062,unassigned
122670,2062,unassigned
122671,2066,Astro-Epen
122672,2067,Immune
122673,2062,unassigned
122674,2066,Astro-Epen
122675,2062,unassigned
122676,2062,unassigned
122677,2062,unassigned
122678,2062,unassigned
122679,2062,unassigned
122680,2062,unassigned
122681,2062,unassigned
122682,2062,unassigned
122683,2062,unassigned
122684,2062,unassigned
122685,2062,unassigned
122686,2067,Immune
122687,2062,unassigned
122688,2062,unassigned
122689,2062,unassigned
122690,2062,unassigned
122691,2062,unassigned
122692,2062,unassigned
122693,2062,unassigned
122694,2062,unassigned
122695,2062,unassigned
122696,2062,unassigned
122697,2062,unassigned
122698,2062,unassigned
122699,2062,unassigned
122700,2062,unassigned
122701,2062,unassigned
122702,2062,unassigned
122703,2062,unassigned
122704,2062,unassigned
122705,2062,unassigned
122706,2062,unassigned
122707,2062,unassigned
122708,2062,unassigned
122709,2062,unassigned
122710,2062,unassigned
122711,2062,unassigned
122712,2062,unassigned
122713,2062,unassigned
122714,2066,Astro-Epen
122715,2072,Astro-Epen
122716,2062,unassigned
122717,2068,Astro-Epen
122718,2062,unassigned
122719,2062,unassigned
122720,2062,unassigned
122721,2062,unassigned
122722,2062,unassigned
122723,2062,unassigned
122724,2062,unassigned
122725,2062,unassigned
122726,2067,Immune
122727,2062,unassigned
122728,2067,Immune
122729,2072,Astro-Epen
122730,2062,unassigned
122731,2062,unassigned
122732,2062,unassigned
122733,2062,unassigned
122734,2062,unassigned
122735,2062,unassigned
122736,2062,unassigned
122737,2062,unassigned
122738,2062,unassigned
122739,2062,unassigned
122740,2062,unassigned
122741,2062,unassigned
122742,2062,unassigned
122743,2066,Astro-Epen
122744,2062,unassigned
122745,2062,unassigned
122746,2062,unassigned
122747,2067,Immune
122748,2062,unassigned
122749,2062,unassigned
122750,2062,unassigned
122751,2062,unassigned
122752,2062,unassigned
122753,2062,unassigned
122754,2062,unassigned
122755,2062,unassigned
122756,2062,unassigned
122757,2062,unassigned
122758,2063,Immune
122759,2070,Astro-Epen
122760,2062,unassigned
122761,2062,unassigned
122762,2062,unassigned
122763,2062,unassigned
122764,2062,unassigned
122765,2062,unassigned
122766,2062,unassigned
122767,2069,unassigned
122768,2062,unassigned
122769,2062,unassigned
122770,2062,unassigned
122771,2062,unassigned
122772,2062,unassigned
122773,2062,unassigned
122774,2062,unassigned
122775,2062,unassigned
122776,2062,unassigned
122777,2062,unassigned
122778,2070,Astro-Epen
122779,2062,unassigned
122780,2062,unassigned
122781,2062,unassigned
122782,2062,unassigned
122783,2062,unassigned
122784,2062,unassigned
122785,2067,Immune
122786,2066,Astro-Epen
122787,2062,unassigned
122788,2062,unassigned
122789,2062,unassigned
122790,2062,unassigned
122791,2062,unassigned
122792,2070,Astro-Epen
122793,2070,Astro-Epen
122794,2062,unassigned
122795,2062,unassigned
122796,2062,unassigned
122797,2062,unassigned
122798,2067,Immune
122799,2062,unassigned
122800,2062,unassigned
122801,2062,unassigned
122802,2062,unassigned
122803,2066,Astro-Epen
122804,2062,unassigned
122805,2062,unassigned
122806,2062,unassigned
122807,2062,unassigned
122808,2062,unassigned
122809,2062,unassigned
122810,2065,Immune
122811,2062,unassigned
122812,2062,unassigned
122813,2062,unassigned
122814,2062,unassigned
122815,2062,unassigned
122816,2062,unassigned
122817,2062,unassigned
122818,2062,unassigned
122819,2062,unassigned
122820,2062,unassigned
122821,2062,unassigned
122822,2062,unassigned
122823,2068,Astro-Epen
122824,2062,unassigned
122825,2062,unassigned
122826,2062,unassigned
122827,2062,unassigned
122828,2079,unassigned
122829,2062,unassigned
122830,2062,unassigned
122831,2062,unassigned
122832,2062,unassigned
122833,2062,unassigned
122834,2062,unassigned
122835,2062,unassigned
122836,2062,unassigned
122837,2062,unassigned
122838,2062,unassigned
122839,2062,unassigned
122840,2062,unassigned
122841,2062,unassigned
122842,2062,unassigned
122843,2062,unassigned
122844,2079,unassigned
122845,2070,Astro-Epen
122846,2062,unassigned
122847,2062,unassigned
122848,2062,unassigned
122849,2062,unassigned
122850,2062,unassigned
122851,2062,unassigned
122852,2066,Astro-Epen
122853,2062,unassigned
122854,2062,unassigned
122855,2062,unassigned
122856,2066,Astro-Epen
122857,2062,unassigned
122858,2062,unassigned
122859,2072,Astro-Epen
122860,2062,unassigned
122861,2062,unassigned
122862,2062,unassigned
122863,2062,unassigned
122864,2065,Immune
122865,2070,Astro-Epen
122866,2062,unassigned
122867,2062,unassigned
122868,2062,unassigned
122869,2062,unassigned
122870,2067,Immune
122871,2062,unassigned
122872,2062,unassigned
122873,2062,unassigned
122874,2062,unassigned
122875,2062,unassigned
122876,2062,unassigned
122877,2062,unassigned
122878,2070,Astro-Epen
122879,2062,unassigned
122880,2062,unassigned
122881,2062,unassigned
122882,2062,unassigned
122883,2062,unassigned
122884,2062,unassigned
122885,2062,unassigned
122886,2062,unassigned
122887,2062,unassigned
122888,2080,unassigned
122889,2062,unassigned
122890,2066,Astro-Epen
122891,2072,Astro-Epen
122892,2062,unassigned
122893,2062,unassigned
122894,2062,unassigned
122895,2068,Astro-Epen
122896,2062,unassigned
122897,2062,unassigned
122898,2070,Astro-Epen
122899,2062,unassigned
122900,2067,Immune
122901,2066,Astro-Epen
122902,2062,unassigned
122903,2062,unassigned
122904,2062,unassigned
122905,2062,unassigned
122906,2062,unassigned
122907,2062,unassigned
122908,2079,unassigned
122909,2070,Astro-Epen
122910,2062,unassigned
122911,2062,unassigned
122912,2062,unassigned
122913,2062,unassigned
122914,2062,unassigned
122915,2062,unassigned
122916,2080,unassigned
122917,2062,unassigned
122918,2062,unassigned
122919,2062,unassigned
122920,2073,unassigned
122921,2073,unassigned
122922,2065,Immune
122923,2065,Immune
122924,2062,unassigned
122925,2062,unassigned
122926,2062,unassigned
122927,2062,unassigned
122928,2062,unassigned
122929,2062,unassigned
122930,2066,Astro-Epen
122931,2062,unassigned
122932,2068,Astro-Epen
122933,2062,unassigned
122934,2062,unassigned
122935,2062,unassigned
122936,2062,unassigned
122937,2062,unassigned
122938,2062,unassigned
122939,2062,unassigned
122940,2062,unassigned
122941,2067,Immune
122942,2066,Astro-Epen
122943,2072,Astro-Epen
122944,2068,Astro-Epen
122945,2065,Immune
122946,2069,unassigned
122947,2079,unassigned
122948,2062,unassigned
122949,2062,unassigned
122950,2062,unassigned
122951,2062,unassigned
122952,2062,unassigned
122953,2062,unassigned
122954,2062,unassigned
122955,2062,unassigned
122956,2066,Astro-Epen
122957,2062,unassigned
122958,2072,Astro-Epen
122959,2062,unassigned
122960,2062,unassigned
122961,2062,unassigned
122962,2062,unassigned
122963,2062,unassigned
122964,2062,unassigned
122965,2062,unassigned
122966,2065,Immune
122967,2062,unassigned
122968,2062,unassigned
122969,2062,unassigned
122970,2062,unassigned
122971,2062,unassigned
122972,2062,unassigned
122973,2067,Immune
122974,2067,Immune
122975,2062,unassigned
122976,2067,Immune
122977,2062,unassigned
122978,2062,unassigned
122979,2062,unassigned
122980,2062,unassigned
122981,2068,Astro-Epen
122982,2062,unassigned
122983,2062,unassigned
122984,2062,unassigned
122985,2062,unassigned
122986,2062,unassigned
122987,2063,Immune
122988,2062,unassigned
122989,2062,unassigned
122990,2062,unassigned
122991,2067,Immune
122992,2066,Astro-Epen
122993,2062,unassigned
122994,2062,unassigned
122995,2062,unassigned
122996,2062,unassigned
122997,2068,Astro-Epen
122998,2068,Astro-Epen
122999,2068,Astro-Epen
123000,2062,unassigned
123001,2065,Immune
123002,2062,unassigned
123003,2070,Astro-Epen
123004,2062,unassigned
123005,2062,unassigned
123006,2062,unassigned
123007,2066,Astro-Epen
123008,2062,unassigned
123009,2062,unassigned
123010,2062,unassigned
123011,2062,unassigned
123012,2062,unassigned
123013,2065,Immune
123014,2062,unassigned
123015,2070,Astro-Epen
123016,2062,unassigned
123017,2062,unassigned
123018,2062,unassigned
123019,2062,unassigned
123020,2062,unassigned
123021,2072,Astro-Epen
123022,2072,Astro-Epen
123023,2062,unassigned
123024,2071,unassigned
123025,2062,unassigned
123026,2069,unassigned
123027,2062,unassigned
123028,2062,unassigned
123029,2063,Immune
123030,2070,Astro-Epen
123031,2062,unassigned
123032,2062,unassigned
123033,2062,unassigned
123034,2062,unassigned
123035,2062,unassigned
123036,2062,unassigned
123037,2062,unassigned
123038,2062,unassigned
123039,2072,Astro-Epen
123040,2062,unassigned
123041,2062,unassigned
123042,2068,Astro-Epen
123043,2062,unassigned
123044,2068,Astro-Epen
123045,2069,unassigned
123046,2070,Astro-Epen
123047,2062,unassigned
123048,2062,unassigned
123049,2062,unassigned
123050,2062,unassigned
123051,2062,unassigned
123052,2062,unassigned
123053,2062,unassigned
123054,2062,unassigned
123055,2067,Immune
123056,2081,Astro-Epen
123057,2062,unassigned
123058,2062,unassigned
123059,2062,unassigned
123060,2062,unassigned
123061,2062,unassigned
123062,2062,unassigned
123063,2062,unassigned
123064,2063,Immune
123065,2062,unassigned
123066,2062,unassigned
123067,2062,unassigned
123068,2062,unassigned
123069,2062,unassigned
123070,2062,unassigned
123071,2062,unassigned
123072,2062,unassigned
123073,2062,unassigned
123074,2062,unassigned
123075,2062,unassigned
123076,2062,unassigned
123077,2062,unassigned
123078,2062,unassigned
123079,2062,unassigned
123080,2066,Astro-Epen
123081,2067,Immune
123082,2062,unassigned
123083,2062,unassigned
123084,2062,unassigned
123085,2062,unassigned
123086,2065,Immune
123087,2062,unassigned
123088,2062,unassigned
123089,2070,Astro-Epen
123090,2062,unassigned
123091,2062,unassigned
123092,2062,unassigned
123093,2062,unassigned
123094,2062,unassigned
123095,2062,unassigned
123096,2062,unassigned
123097,2062,unassigned
123098,2062,unassigned
123099,2062,unassigned
123100,2072,Astro-Epen
123101,2068,Astro-Epen
123102,2062,unassigned
123103,2065,Immune
123104,2062,unassigned
123105,2062,unassigned
123106,2070,Astro-Epen
123107,2066,Astro-Epen
123108,2062,unassigned
123109,2062,unassigned
123110,2062,unassigned
123111,2062,unassigned
123112,2062,unassigned
123113,2062,unassigned
123114,2062,unassigned
123115,2062,unassigned
123116,2066,Astro-Epen
123117,2067,Immune
123118,2062,unassigned
123119,2062,unassigned
123120,2062,unassigned
123121,2062,unassigned
123122,2065,Immune
123123,2065,Immune
123124,2062,unassigned
123125,2062,unassigned
123126,2062,unassigned
123127,2062,unassigned
123128,2062,unassigned
123129,2062,unassigned
123130,2081,Astro-Epen
123131,2062,unassigned
123132,2062,unassigned
123133,2062,unassigned
123134,2062,unassigned
123135,2062,unassigned
123136,2068,Astro-Epen
123137,2062,unassigned
123138,2062,unassigned
123139,2062,unassigned
123140,2065,Immune
123141,2065,Immune
123142,2062,unassigned
123143,2062,unassigned
123144,2065,Immune
123145,2062,unassigned
123146,2062,unassigned
123147,2062,unassigned
123148,2062,unassigned
123149,2062,unassigned
123150,2062,unassigned
123151,2062,unassigned
123152,2066,Astro-Epen
123153,2072,Astro-Epen
123154,2062,unassigned
123155,2062,unassigned
123156,2071,unassigned
123157,2062,unassigned
123158,2065,Immune
123159,2069,unassigned
123160,2065,Immune
123161,2062,unassigned
123162,2062,unassigned
123163,2062,unassigned
123164,2062,unassigned
123165,2062,unassigned
123166,2062,unassigned
123167,2062,unassigned
123168,2082,Astro-Epen
123169,2062,unassigned
123170,2062,unassigned
123171,2062,unassigned
123172,2072,Astro-Epen
123173,2072,Astro-Epen
123174,2068,Astro-Epen
123175,2062,unassigned
123176,2062,unassigned
123177,2062,unassigned
123178,2062,unassigned
123179,2062,unassigned
123180,2062,unassigned
123181,2062,unassigned
123182,2062,unassigned
123183,2062,unassigned
123184,2066,Astro-Epen
123185,2066,Astro-Epen
123186,2062,unassigned
123187,2062,unassigned
123188,2062,unassigned
123189,2062,unassigned
123190,2062,unassigned
123191,2062,unassigned
123192,2062,unassigned
123193,2069,unassigned
123194,2062,unassigned
123195,2062,unassigned
123196,2062,unassigned
123197,2062,unassigned
123198,2082,Astro-Epen
123199,2062,unassigned
123200,2062,unassigned
123201,2065,Immune
123202,2062,unassigned
123203,2062,unassigned
123204,2062,unassigned
123205,2063,Immune
123206,2070,Astro-Epen
123207,2062,unassigned
123208,2062,unassigned
123209,2062,unassigned
123210,2062,unassigned
123211,2062,unassigned
123212,2062,unassigned
123213,2062,unassigned
123214,2068,Astro-Epen
123215,2062,unassigned
123216,2065,Immune
123217,2062,unassigned
123218,2062,unassigned
123219,2063,Immune
123220,2062,unassigned
123221,2062,unassigned
123222,2062,unassigned
123223,2062,unassigned
123224,2062,unassigned
123225,2062,unassigned
123226,2062,unassigned
123227,2062,unassigned
123228,2062,unassigned
123229,2062,unassigned
123230,2062,unassigned
123231,2062,unassigned
123232,2082,Astro-Epen
123233,2062,unassigned
123234,2071,unassigned
123235,2062,unassigned
123236,2068,Astro-Epen
123237,2062,unassigned
123238,2062,unassigned
123239,2062,unassigned
123240,2062,unassigned
123241,2062,unassigned
123242,2062,unassigned
123243,2062,unassigned
123244,2062,unassigned
123245,2062,unassigned
123246,2081,Astro-Epen
123247,2066,Astro-Epen
123248,2062,unassigned
123249,2062,unassigned
123250,2062,unassigned
123251,2062,unassigned
123252,2062,unassigned
123253,2062,unassigned
123254,2062,unassigned
123255,2062,unassigned
123256,2070,Astro-Epen
123257,2070,Astro-Epen
123258,2062,unassigned
123259,2082,Astro-Epen
123260,2081,Astro-Epen
123261,2066,Astro-Epen
123262,2068,Astro-Epen
123263,2068,Astro-Epen
123264,2062,unassigned
123265,2062,unassigned
123266,2062,unassigned
123267,2062,unassigned
123268,2062,unassigned
123269,2070,Astro-Epen
123270,2062,unassigned
123271,2062,unassigned
123272,2062,unassigned
123273,2062,unassigned
123274,2062,unassigned
123275,2082,Astro-Epen
123276,2062,unassigned
123277,2062,unassigned
123278,2062,unassigned
123279,2062,unassigned
123280,2062,unassigned
123281,2062,unassigned
123282,2062,unassigned
123283,2068,Astro-Epen
123284,2062,unassigned
123285,2062,unassigned
123286,2065,Immune
123287,2065,Immune
123288,2062,unassigned
123289,2062,unassigned
123290,2062,unassigned
123291,2062,unassigned
123292,2062,unassigned
123293,2062,unassigned
123294,2081,Astro-Epen
123295,2062,unassigned
123296,2067,Immune
123297,2062,unassigned
123298,2067,Immune
123299,2062,unassigned
123300,2062,unassigned
123301,2062,unassigned
123302,2062,unassigned
123303,2062,unassigned
123304,2062,unassigned
123305,2062,unassigned
123306,2062,unassigned
123307,2062,unassigned
123308,2066,Astro-Epen
123309,2062,unassigned
123310,2062,unassigned
123311,2062,unassigned
123312,2072,Astro-Epen
123313,2062,unassigned
123314,2062,unassigned
123315,2068,Astro-Epen
123316,2062,unassigned
123317,2062,unassigned
123318,2062,unassigned
123319,2069,unassigned
123320,2062,unassigned
123321,2062,unassigned
123322,2062,unassigned
123323,2062,unassigned
123324,2062,unassigned
123325,2066,Astro-Epen
123326,2062,unassigned
123327,2071,unassigned
123328,2062,unassigned
123329,2062,unassigned
123330,2062,unassigned
123331,2062,unassigned
123332,2062,unassigned
123333,2065,Immune
123334,2062,unassigned
123335,2062,unassigned
123336,2062,unassigned
123337,2062,unassigned
123338,2062,unassigned
123339,2062,unassigned
123340,2062,unassigned
123341,2067,Immune
123342,2062,unassigned
123343,2062,unassigned
123344,2062,unassigned
123345,2062,unassigned
123346,2078,unassigned
123347,2062,unassigned
123348,2062,unassigned
123349,2062,unassigned
123350,2062,unassigned
123351,2067,Immune
123352,2062,unassigned
123353,2062,unassigned
123354,2062,unassigned
123355,2068,Astro-Epen
123356,2062,unassigned
123357,2062,unassigned
123358,2062,unassigned
123359,2062,unassigned
123360,2062,unassigned
123361,2062,unassigned
123362,2062,unassigned
123363,2062,unassigned
123364,2062,unassigned
123365,2062,unassigned
123366,2067,Immune
123367,2062,unassigned
123368,2062,unassigned
123369,2068,Astro-Epen
123370,2062,unassigned
123371,2062,unassigned
123372,2062,unassigned
123373,2070,Astro-Epen
123374,2062,unassigned
123375,2062,unassigned
123376,2062,unassigned
123377,2072,Astro-Epen
123378,2072,Astro-Epen
123379,2062,unassigned
123380,2062,unassigned
123381,2068,Astro-Epen
123382,2068,Astro-Epen
123383,2062,unassigned
123384,2062,unassigned
123385,2062,unassigned
123386,2062,unassigned
123387,2062,unassigned
123388,2062,unassigned
123389,2062,unassigned
123390,2062,unassigned
123391,2062,unassigned
123392,2062,unassigned
123393,2062,unassigned
123394,2062,unassigned
123395,2062,unassigned
123396,2062,unassigned
123397,2066,Astro-Epen
123398,2062,unassigned
123399,2062,unassigned
123400,2062,unassigned
123401,2062,unassigned
123402,2062,unassigned
123403,2062,unassigned
123404,2062,unassigned
123405,2065,Immune
123406,2062,unassigned
123407,2062,unassigned
123408,2062,unassigned
123409,2062,unassigned
123410,2062,unassigned
123411,2062,unassigned
123412,2062,unassigned
123413,2081,Astro-Epen
123414,2062,unassigned
123415,2062,unassigned
123416,2062,unassigned
123417,2062,unassigned
123418,2072,Astro-Epen
123419,2062,unassigned
123420,2062,unassigned
123421,2062,unassigned
123422,2062,unassigned
123423,2062,unassigned
123424,2062,unassigned
123425,2062,unassigned
123426,2062,unassigned
123427,2062,unassigned
123428,2062,unassigned
123429,2062,unassigned
123430,2082,Astro-Epen
123431,2066,Astro-Epen
123432,2062,unassigned
123433,2062,unassigned
123434,2062,unassigned
123435,2068,Astro-Epen
123436,2062,unassigned
123437,2062,unassigned
123438,2062,unassigned
123439,2062,unassigned
123440,2062,unassigned
123441,2083,unassigned
123442,2069,unassigned
123443,2062,unassigned
123444,2062,unassigned
123445,2062,unassigned
123446,2062,unassigned
123447,2062,unassigned
123448,2062,unassigned
123449,2062,unassigned
123450,2062,unassigned
123451,2062,unassigned
123452,2068,Astro-Epen
123453,2068,Astro-Epen
123454,2068,Astro-Epen
123455,2062,unassigned
123456,2062,unassigned
123457,2062,unassigned
123458,2062,unassigned
123459,2062,unassigned
123460,2062,unassigned
123461,2062,unassigned
123462,2082,Astro-Epen
123463,2062,unassigned
123464,2081,Astro-Epen
123465,2081,Astro-Epen
123466,2072,Astro-Epen
123467,2062,unassigned
123468,2068,Astro-Epen
123469,2068,Astro-Epen
123470,2062,unassigned
123471,2062,unassigned
123472,2062,unassigned
123473,2062,unassigned
123474,2069,unassigned
123475,2062,unassigned
123476,2062,unassigned
123477,2062,unassigned
123478,2062,unassigned
123479,2062,unassigned
123480,2062,unassigned
123481,2062,unassigned
123482,2068,Astro-Epen
123483,2062,unassigned
123484,2062,unassigned
123485,2062,unassigned
123486,2062,unassigned
123487,2069,unassigned
123488,2062,unassigned
123489,2062,unassigned
123490,2062,unassigned
123491,2062,unassigned
123492,2062,unassigned
123493,2062,unassigned
123494,2062,unassigned
123495,2062,unassigned
123496,2067,Immune
123497,2062,unassigned
123498,2062,unassigned
123499,2062,unassigned
123500,2062,unassigned
123501,2062,unassigned
123502,2062,unassigned
123503,2062,unassigned
123504,2062,unassigned
123505,2062,unassigned
123506,2062,unassigned
123507,2062,unassigned
123508,2062,unassigned
123509,2062,unassigned
123510,2062,unassigned
123511,2062,unassigned
123512,2082,Astro-Epen
123513,2062,unassigned
123514,2062,unassigned
123515,2062,unassigned
123516,2062,unassigned
123517,2062,unassigned
123518,2062,unassigned
123519,2062,unassigned
123520,2069,unassigned
123521,2062,unassigned
123522,2062,unassigned
123523,2062,unassigned
123524,2062,unassigned
123525,2062,unassigned
123526,2084,unassigned
123527,2062,unassigned
123528,2068,Astro-Epen
123529,2062,unassigned
123530,2062,unassigned
123531,2083,unassigned
123532,2069,unassigned
123533,2062,unassigned
123534,2062,unassigned
123535,2062,unassigned
123536,2062,unassigned
123537,2062,unassigned
123538,2062,unassigned
123539,2062,unassigned
123540,2062,unassigned
123541,2062,unassigned
123542,2062,unassigned
123543,2062,unassigned
123544,2062,unassigned
123545,2062,unassigned
123546,2062,unassigned
123547,2072,Astro-Epen
123548,2072,Astro-Epen
123549,2062,unassigned
123550,2062,unassigned
123551,2062,unassigned
123552,2062,unassigned
123553,2068,Astro-Epen
123554,2068,Astro-Epen
123555,2068,Astro-Epen
123556,2062,unassigned
123557,2062,unassigned
123558,2062,unassigned
123559,2062,unassigned
123560,2062,unassigned
123561,2062,unassigned
123562,2070,Astro-Epen
123563,2062,unassigned
123564,2062,unassigned
123565,2062,unassigned
123566,2062,unassigned
123567,2066,Astro-Epen
123568,2062,unassigned
123569,2062,unassigned
123570,2062,unassigned
123571,2062,unassigned
123572,2068,Astro-Epen
123573,2062,unassigned
123574,2062,unassigned
123575,2065,Immune
123576,2069,unassigned
123577,2069,unassigned
123578,2062,unassigned
123579,2062,unassigned
123580,2062,unassigned
123581,2063,Immune
123582,2062,unassigned
123583,2062,unassigned
123584,2062,unassigned
123585,2062,unassigned
123586,2062,unassigned
123587,2062,unassigned
123588,2062,unassigned
123589,2068,Astro-Epen
123590,2068,Astro-Epen
123591,2062,unassigned
123592,2062,unassigned
123593,2062,unassigned
123594,2062,unassigned
123595,2062,unassigned
123596,2062,unassigned
123597,2062,unassigned
123598,2062,unassigned
123599,2062,unassigned
123600,2062,unassigned
123601,2062,unassigned
123602,2062,unassigned
123603,2062,unassigned
123604,2062,unassigned
123605,2062,unassigned
123606,2062,unassigned
123607,2062,unassigned
123608,2062,unassigned
123609,2062,unassigned
123610,2062,unassigned
123611,2062,unassigned
123612,2062,unassigned
123613,2065,Immune
123614,2062,unassigned
123615,2062,unassigned
123616,2062,unassigned
123617,2062,unassigned
123618,2062,unassigned
123619,2062,unassigned
123620,2062,unassigned
123621,2062,unassigned
123622,2062,unassigned
123623,2071,unassigned
123624,2068,Astro-Epen
123625,2068,Astro-Epen
123626,2069,unassigned
123627,2065,Immune
123628,2062,unassigned
123629,2062,unassigned
123630,2062,unassigned
123631,2062,unassigned
123632,2066,Astro-Epen
123633,2062,unassigned
123634,2062,unassigned
123635,2071,unassigned
123636,2068,Astro-Epen
123637,2068,Astro-Epen
123638,2062,unassigned
123639,2068,Astro-Epen
123640,2062,unassigned
123641,2062,unassigned
123642,2062,unassigned
123643,2065,Immune
123644,2065,Immune
123645,2065,Immune
123646,2062,unassigned
123647,2062,unassigned
123648,2062,unassigned
123649,2062,unassigned
123650,2062,unassigned
123651,2062,unassigned
123652,2062,unassigned
123653,2062,unassigned
123654,2071,unassigned
123655,2062,unassigned
123656,2062,unassigned
123657,2068,Astro-Epen
123658,2062,unassigned
123659,2062,unassigned
123660,2062,unassigned
123661,2062,unassigned
123662,2062,unassigned
123663,2062,unassigned
123664,2069,unassigned
123665,2065,Immune
123666,2069,unassigned
123667,2062,unassigned
123668,2062,unassigned
123669,2062,unassigned
123670,2062,unassigned
123671,2062,unassigned
123672,2062,unassigned
123673,2062,unassigned
123674,2085,unassigned
123675,2062,unassigned
123676,2071,unassigned
123677,2062,unassigned
123678,2062,unassigned
123679,2068,Astro-Epen
123680,2062,unassigned
123681,2062,unassigned
123682,2062,unassigned
123683,2062,unassigned
123684,2062,unassigned
123685,2062,unassigned
123686,2062,unassigned
123687,2062,unassigned
123688,2062,unassigned
123689,2062,unassigned
123690,2067,Immune
123691,2086,unassigned
123692,2068,Astro-Epen
123693,2062,unassigned
123694,2062,unassigned
123695,2062,unassigned
123696,2062,unassigned
123697,2062,unassigned
123698,2082,Astro-Epen
123699,2062,unassigned
123700,2062,unassigned
123701,2062,unassigned
123702,2062,unassigned
123703,2062,unassigned
123704,2062,unassigned
123705,2062,unassigned
123706,2062,unassigned
123707,2062,unassigned
123708,2062,unassigned
123709,2062,unassigned
123710,2062,unassigned
123711,2062,unassigned
123712,2062,unassigned
123713,2062,unassigned
123714,2062,unassigned
123715,2063,Immune
123716,2062,unassigned
123717,2062,unassigned
123718,2062,unassigned
123719,2062,unassigned
123720,2062,unassigned
123721,2062,unassigned
123722,2085,unassigned
123723,2062,unassigned
123724,2062,unassigned
123725,2062,unassigned
123726,2062,unassigned
123727,2062,unassigned
123728,2068,Astro-Epen
123729,2062,unassigned
123730,2062,unassigned
123731,2062,unassigned
123732,2062,unassigned
123733,2065,Immune
123734,2070,Astro-Epen
123735,2062,unassigned
123736,2086,unassigned
123737,2062,unassigned
123738,2062,unassigned
123739,2062,unassigned
123740,2062,unassigned
123741,2070,Astro-Epen
123742,2062,unassigned
123743,2062,unassigned
123744,2062,unassigned
123745,2062,unassigned
123746,2062,unassigned
123747,2062,unassigned
123748,2072,Astro-Epen
123749,2062,unassigned
123750,2062,unassigned
123751,2062,unassigned
123752,2062,unassigned
123753,2070,Astro-Epen
123754,2062,unassigned
123755,2062,unassigned
123756,2062,unassigned
123757,2062,unassigned
123758,2062,unassigned
123759,2082,Astro-Epen
123760,2062,unassigned
123761,2062,unassigned
123762,2062,unassigned
123763,2062,unassigned
123764,2072,Astro-Epen
123765,2062,unassigned
123766,2072,Astro-Epen
123767,2062,unassigned
123768,2062,unassigned
123769,2062,unassigned
123770,2062,unassigned
123771,2062,unassigned
123772,2062,unassigned
123773,2069,unassigned
123774,2062,unassigned
123775,2062,unassigned
123776,2062,unassigned
123777,2062,unassigned
123778,2062,unassigned
123779,2087,unassigned
123780,2062,unassigned
123781,2081,Astro-Epen
123782,2062,unassigned
123783,2062,unassigned
123784,2071,unassigned
123785,2068,Astro-Epen
123786,2062,unassigned
123787,2062,unassigned
123788,2062,unassigned
123789,2062,unassigned
123790,2062,unassigned
123791,2062,unassigned
123792,2062,unassigned
123793,2062,unassigned
123794,2062,unassigned
123795,2062,unassigned
123796,2062,unassigned
123797,2082,Astro-Epen
123798,2062,unassigned
123799,2062,unassigned
123800,2062,unassigned
123801,2062,unassigned
123802,2062,unassigned
123803,2062,unassigned
123804,2062,unassigned
123805,2062,unassigned
123806,2065,Immune
123807,2062,unassigned
123808,2062,unassigned
123809,2062,unassigned
123810,2062,unassigned
123811,2081,Astro-Epen
123812,2067,Immune
123813,2062,unassigned
123814,2062,unassigned
123815,2062,unassigned
123816,2062,unassigned
123817,2062,unassigned
123818,2062,unassigned
123819,2069,unassigned
123820,2062,unassigned
123821,2062,unassigned
123822,2070,Astro-Epen
123823,2082,Astro-Epen
123824,2062,unassigned
123825,2062,unassigned
123826,2062,unassigned
123827,2062,unassigned
123828,2072,Astro-Epen
123829,2062,unassigned
123830,2068,Astro-Epen
123831,2062,unassigned
123832,2062,unassigned
123833,2062,unassigned
123834,2062,unassigned
123835,2062,unassigned
123836,2062,unassigned
123837,2070,Astro-Epen
123838,2062,unassigned
123839,2062,unassigned
123840,2062,unassigned
123841,2085,unassigned
123842,2067,Immune
123843,2062,unassigned
123844,2062,unassigned
123845,2062,unassigned
123846,2062,unassigned
123847,2065,Immune
123848,2062,unassigned
123849,2062,unassigned
123850,2062,unassigned
123851,2062,unassigned
123852,2062,unassigned
123853,2062,unassigned
123854,2062,unassigned
123855,2062,unassigned
123856,2062,unassigned
123857,2062,unassigned
123858,2071,unassigned
123859,2062,unassigned
123860,2062,unassigned
123861,2065,Immune
123862,2062,unassigned
123863,2070,Astro-Epen
123864,2062,unassigned
123865,2062,unassigned
123866,2062,unassigned
123867,2062,unassigned
123868,2062,unassigned
123869,2062,unassigned
123870,2062,unassigned
123871,2081,Astro-Epen
123872,2062,unassigned
123873,2062,unassigned
123874,2062,unassigned
123875,2062,unassigned
123876,2068,Astro-Epen
123877,2062,unassigned
123878,2062,unassigned
123879,2062,unassigned
123880,2065,Immune
123881,2062,unassigned
123882,2062,unassigned
123883,2062,unassigned
123884,2062,unassigned
123885,2062,unassigned
123886,2081,Astro-Epen
123887,2072,Astro-Epen
123888,2062,unassigned
123889,2062,unassigned
123890,2062,unassigned
123891,2062,unassigned
123892,2062,unassigned
123893,2062,unassigned
123894,2065,Immune
123895,2062,unassigned
123896,2062,unassigned
123897,2062,unassigned
123898,2062,unassigned
123899,2082,Astro-Epen
123900,2062,unassigned
123901,2062,unassigned
123902,2081,Astro-Epen
123903,2062,unassigned
123904,2062,unassigned
123905,2062,unassigned
123906,2062,unassigned
123907,2062,unassigned
123908,2062,unassigned
123909,2062,unassigned
123910,2062,unassigned
123911,2062,unassigned
123912,2062,unassigned
123913,2069,unassigned
123914,2062,unassigned
123915,2062,unassigned
123916,2062,unassigned
123917,2062,unassigned
123918,2062,unassigned
123919,2062,unassigned
123920,2062,unassigned
123921,2062,unassigned
123922,2062,unassigned
123923,2062,unassigned
123924,2067,Immune
123925,2062,unassigned
123926,2062,unassigned
123927,2071,unassigned
123928,2062,unassigned
123929,2062,unassigned
123930,2062,unassigned
123931,2062,unassigned
123932,2062,unassigned
123933,2062,unassigned
123934,2062,unassigned
123935,2065,Immune
123936,2062,unassigned
123937,2062,unassigned
123938,2062,unassigned
123939,2062,unassigned
123940,2062,unassigned
123941,2062,unassigned
123942,2067,Immune
123943,2062,unassigned
123944,2062,unassigned
123945,2071,unassigned
123946,2062,unassigned
123947,2068,Astro-Epen
123948,2062,unassigned
123949,2065,Immune
123950,2070,Astro-Epen
123951,2062,unassigned
123952,2062,unassigned
123953,2062,unassigned
123954,2062,unassigned
123955,2062,unassigned
123956,2062,unassigned
123957,2062,unassigned
123958,2062,unassigned
123959,2062,unassigned
123960,2062,unassigned
123961,2062,unassigned
123962,2062,unassigned
123963,2062,unassigned
123964,2062,unassigned
123965,2062,unassigned
123966,2062,unassigned
123967,2062,unassigned
123968,2062,unassigned
123969,2062,unassigned
123970,2068,Astro-Epen
123971,2068,Astro-Epen
123972,2062,unassigned
123973,2062,unassigned
123974,2062,unassigned
123975,2062,unassigned
123976,2062,unassigned
123977,2062,unassigned
123978,2062,unassigned
123979,2062,unassigned
123980,2062,unassigned
123981,2062,unassigned
123982,2062,unassigned
123983,2068,Astro-Epen
123984,2068,Astro-Epen
123985,2068,Astro-Epen
123986,2062,unassigned
123987,2062,unassigned
123988,2062,unassigned
123989,2062,unassigned
123990,2062,unassigned
123991,2062,unassigned
123992,2062,unassigned
123993,2062,unassigned
123994,2082,Astro-Epen
123995,2062,unassigned
123996,2062,unassigned
123997,2062,unassigned
123998,2062,unassigned
123999,2062,unassigned
124000,2062,unassigned
124001,2062,unassigned
124002,2062,unassigned
124003,2068,Astro-Epen
124004,2068,Astro-Epen
124005,2062,unassigned
124006,2062,unassigned
124007,2062,unassigned
124008,2069,unassigned
124009,2062,unassigned
124010,2062,unassigned
124011,2062,unassigned
124012,2062,unassigned
124013,2070,Astro-Epen
124014,2062,unassigned
124015,2062,unassigned
124016,2062,unassigned
124017,2062,unassigned
124018,2081,Astro-Epen
124019,2062,unassigned
124020,2062,unassigned
124021,2081,Astro-Epen
124022,2062,unassigned
124023,2088,unassigned
124024,2062,unassigned
124025,2068,Astro-Epen
124026,2062,unassigned
124027,2062,unassigned
124028,2062,unassigned
124029,2062,unassigned
124030,2065,Immune
124031,2070,Astro-Epen
124032,2062,unassigned
124033,2081,Astro-Epen
124034,2062,unassigned
124035,2062,unassigned
124036,2062,unassigned
124037,2081,Astro-Epen
124038,2082,Astro-Epen
124039,2062,unassigned
124040,2062,unassigned
124041,2062,unassigned
124042,2071,unassigned
124043,2062,unassigned
124044,2062,unassigned
124045,2062,unassigned
124046,2062,unassigned
124047,2062,unassigned
124048,2065,Immune
124049,2062,unassigned
124050,2062,unassigned
124051,2062,unassigned
124052,2062,unassigned
124053,2082,Astro-Epen
124054,2067,Immune
124055,2067,Immune
124056,2067,Immune
124057,2067,Immune
124058,2072,Astro-Epen
124059,2062,unassigned
124060,2062,unassigned
124061,2062,unassigned
124062,2062,unassigned
124063,2062,unassigned
124064,2062,unassigned
124065,2062,unassigned
124066,2062,unassigned
124067,2062,unassigned
124068,2062,unassigned
124069,2062,unassigned
124070,2062,unassigned
124071,2062,unassigned
124072,2062,unassigned
124073,2062,unassigned
124074,2062,unassigned
124075,2065,Immune
124076,2070,Astro-Epen
124077,2062,unassigned
124078,2062,unassigned
124079,2062,unassigned
124080,2062,unassigned
124081,2062,unassigned
124082,2062,unassigned
124083,2062,unassigned
124084,2062,unassigned
124085,2081,Astro-Epen
124086,2062,unassigned
124087,2081,Astro-Epen
124088,2062,unassigned
124089,2062,unassigned
124090,2062,unassigned
124091,2062,unassigned
124092,2072,Astro-Epen
124093,2062,unassigned
124094,2069,unassigned
124095,2065,Immune
124096,2062,unassigned
124097,2062,unassigned
124098,2062,unassigned
124099,2062,unassigned
124100,2081,Astro-Epen
124101,2062,unassigned
124102,2062,unassigned
124103,2062,unassigned
124104,2068,Astro-Epen
124105,2062,unassigned
124106,2062,unassigned
124107,2062,unassigned
124108,2062,unassigned
124109,2070,Astro-Epen
124110,2062,unassigned
124111,2062,unassigned
124112,2082,Astro-Epen
124113,2062,unassigned
124114,2062,unassigned
124115,2062,unassigned
124116,2062,unassigned
124117,2062,unassigned
124118,2062,unassigned
124119,2062,unassigned
124120,2062,unassigned
124121,2062,unassigned
124122,2062,unassigned
124123,2063,Immune
124124,2070,Astro-Epen
124125,2062,unassigned
124126,2062,unassigned
124127,2062,unassigned
124128,2062,unassigned
124129,2081,Astro-Epen
124130,2062,unassigned
124131,2062,unassigned
124132,2067,Immune
124133,2072,Astro-Epen
124134,2062,unassigned
124135,2062,unassigned
124136,2062,unassigned
124137,2062,unassigned
124138,2062,unassigned
124139,2062,unassigned
124140,2062,unassigned
124141,2062,unassigned
124142,2062,unassigned
124143,2062,unassigned
124144,2062,unassigned
124145,2062,unassigned
124146,2062,unassigned
124147,2068,Astro-Epen
124148,2068,Astro-Epen
124149,2062,unassigned
124150,2062,unassigned
124151,2062,unassigned
124152,2062,unassigned
124153,2062,unassigned
124154,2062,unassigned
124155,2062,unassigned
124156,2082,Astro-Epen
124157,2062,unassigned
124158,2072,Astro-Epen
124159,2062,unassigned
124160,2068,Astro-Epen
124161,2062,unassigned
124162,2062,unassigned
124163,2062,unassigned
124164,2062,unassigned
124165,2062,unassigned
124166,2062,unassigned
124167,2081,Astro-Epen
124168,2062,unassigned
124169,2067,Immune
124170,2062,unassigned
124171,2072,Astro-Epen
124172,2062,unassigned
124173,2068,Astro-Epen
124174,2062,unassigned
124175,2088,unassigned
124176,2062,unassigned
124177,2062,unassigned
124178,2062,unassigned
124179,2062,unassigned
124180,2062,unassigned
124181,2062,unassigned
124182,2062,unassigned
124183,2062,unassigned
124184,2082,Astro-Epen
124185,2082,Astro-Epen
124186,2062,unassigned
124187,2062,unassigned
124188,2081,Astro-Epen
124189,2062,unassigned
124190,2081,Astro-Epen
124191,2062,unassigned
124192,2067,Immune
124193,2072,Astro-Epen
124194,2062,unassigned
124195,2062,unassigned
124196,2069,unassigned
124197,2065,Immune
124198,2062,unassigned
124199,2062,unassigned
124200,2062,unassigned
124201,2062,unassigned
124202,2062,unassigned
124203,2062,unassigned
124204,2062,unassigned
124205,2062,unassigned
124206,2062,unassigned
124207,2068,Astro-Epen
124208,2062,unassigned
124209,2062,unassigned
124210,2062,unassigned
124211,2062,unassigned
124212,2062,unassigned
124213,2062,unassigned
124214,2062,unassigned
124215,2089,unassigned
124216,2067,Immune
124217,2068,Astro-Epen
124218,2068,Astro-Epen
124219,2062,unassigned
124220,2062,unassigned
124221,2069,unassigned
124222,2062,unassigned
124223,2062,unassigned
124224,2062,unassigned
124225,2062,unassigned
124226,2062,unassigned
124227,2062,unassigned
124228,2062,unassigned
124229,2062,unassigned
124230,2062,unassigned
124231,2081,Astro-Epen
124232,2081,Astro-Epen
124233,2081,Astro-Epen
124234,2067,Immune
124235,2062,unassigned
124236,2062,unassigned
124237,2062,unassigned
124238,2071,unassigned
124239,2068,Astro-Epen
124240,2062,unassigned
124241,2062,unassigned
124242,2062,unassigned
124243,2062,unassigned
124244,2065,Immune
124245,2062,unassigned
124246,2062,unassigned
124247,2062,unassigned
124248,2062,unassigned
124249,2062,unassigned
124250,2062,unassigned
124251,2062,unassigned
124252,2062,unassigned
124253,2062,unassigned
124254,2062,unassigned
124255,2062,unassigned
124256,2062,unassigned
124257,2062,unassigned
124258,2067,Immune
124259,2081,Astro-Epen
124260,2062,unassigned
124261,2062,unassigned
124262,2062,unassigned
124263,2068,Astro-Epen
124264,2062,unassigned
124265,2062,unassigned
124266,2062,unassigned
124267,2062,unassigned
124268,2065,Immune
124269,2062,unassigned
124270,2062,unassigned
124271,2065,Immune
124272,2062,unassigned
124273,2062,unassigned
124274,2062,unassigned
124275,2062,unassigned
124276,2062,unassigned
124277,2062,unassigned
124278,2062,unassigned
124279,2062,unassigned
124280,2081,Astro-Epen
124281,2062,unassigned
124282,2062,unassigned
124283,2062,unassigned
124284,2069,unassigned
124285,2062,unassigned
124286,2062,unassigned
124287,2062,unassigned
124288,2062,unassigned
124289,2062,unassigned
124290,2062,unassigned
124291,2062,unassigned
124292,2062,unassigned
124293,2062,unassigned
124294,2062,unassigned
124295,2062,unassigned
124296,2062,unassigned
124297,2062,unassigned
124298,2062,unassigned
124299,2065,Immune
124300,2062,unassigned
124301,2062,unassigned
124302,2062,unassigned
124303,2062,unassigned
124304,2070,Astro-Epen
124305,2062,unassigned
124306,2062,unassigned
124307,2062,unassigned
124308,2062,unassigned
124309,2062,unassigned
124310,2062,unassigned
124311,2086,unassigned
124312,2062,unassigned
124313,2062,unassigned
124314,2062,unassigned
124315,2062,unassigned
124316,2062,unassigned
124317,2062,unassigned
124318,2062,unassigned
124319,2062,unassigned
124320,2062,unassigned
124321,2062,unassigned
124322,2062,unassigned
124323,2062,unassigned
124324,2062,unassigned
124325,2062,unassigned
124326,2082,Astro-Epen
124327,2081,Astro-Epen
124328,2071,unassigned
124329,2068,Astro-Epen
124330,2062,unassigned
124331,2062,unassigned
124332,2062,unassigned
124333,2065,Immune
124334,2062,unassigned
124335,2062,unassigned
124336,2062,unassigned
124337,2062,unassigned
124338,2062,unassigned
124339,2081,Astro-Epen
124340,2081,Astro-Epen
124341,2062,unassigned
124342,2062,unassigned
124343,2062,unassigned
124344,2062,unassigned
124345,2065,Immune
124346,2062,unassigned
124347,2062,unassigned
124348,2062,unassigned
124349,2062,unassigned
124350,2062,unassigned
124351,2062,unassigned
124352,2062,unassigned
124353,2062,unassigned
124354,2062,unassigned
124355,2081,Astro-Epen
124356,2062,unassigned
124357,2062,unassigned
124358,2072,Astro-Epen
124359,2062,unassigned
124360,2062,unassigned
124361,2062,unassigned
124362,2062,unassigned
124363,2062,unassigned
124364,2065,Immune
124365,2062,unassigned
124366,2062,unassigned
124367,2062,unassigned
124368,2062,unassigned
124369,2062,unassigned
124370,2062,unassigned
124371,2062,unassigned
124372,2062,unassigned
124373,2062,unassigned
124374,2062,unassigned
124375,2062,unassigned
124376,2062,unassigned
124377,2062,unassigned
124378,2062,unassigned
124379,2062,unassigned
124380,2062,unassigned
124381,2062,unassigned
124382,2062,unassigned
124383,2062,unassigned
124384,2062,unassigned
124385,2062,unassigned
124386,2062,unassigned
124387,2062,unassigned
124388,2062,unassigned
124389,2062,unassigned
124390,2062,unassigned
124391,2062,unassigned
124392,2062,unassigned
124393,2062,unassigned
124394,2062,unassigned
124395,2062,unassigned
124396,2062,unassigned
124397,2062,unassigned
124398,2062,unassigned
124399,2062,unassigned
124400,2062,unassigned
124401,2065,Immune
124402,2065,Immune
124403,2062,unassigned
124404,2062,unassigned
124405,2062,unassigned
124406,2062,unassigned
124407,2062,unassigned
124408,2062,unassigned
124409,2062,unassigned
124410,2062,unassigned
124411,2062,unassigned
124412,2062,unassigned
124413,2062,unassigned
124414,2062,unassigned
124415,2062,unassigned
124416,2062,unassigned
124417,2062,unassigned
124418,2062,unassigned
124419,2065,Immune
124420,2062,unassigned
124421,2065,Immune
124422,2062,unassigned
124423,2062,unassigned
124424,2062,unassigned
124425,2062,unassigned
124426,2062,unassigned
124427,2082,Astro-Epen
124428,2082,Astro-Epen
124429,2081,Astro-Epen
124430,2062,unassigned
124431,2062,unassigned
124432,2086,unassigned
124433,2062,unassigned
124434,2062,unassigned
124435,2062,unassigned
124436,2062,unassigned
124437,2062,unassigned
124438,2062,unassigned
124439,2062,unassigned
124440,2062,unassigned
124441,2062,unassigned
124442,2062,unassigned
124443,2062,unassigned
124444,2082,Astro-Epen
124445,2062,unassigned
124446,2062,unassigned
124447,2062,unassigned
124448,2088,unassigned
124449,2062,unassigned
124450,2062,unassigned
124451,2062,unassigned
124452,2062,unassigned
124453,2062,unassigned
124454,2070,Astro-Epen
124455,2062,unassigned
124456,2062,unassigned
124457,2062,unassigned
124458,2062,unassigned
124459,2062,unassigned
124460,2062,unassigned
124461,2062,unassigned
124462,2068,Astro-Epen
124463,2062,unassigned
124464,2062,unassigned
124465,2062,unassigned
124466,2062,unassigned
124467,2062,unassigned
124468,2062,unassigned
124469,2062,unassigned
124470,2062,unassigned
124471,2082,Astro-Epen
124472,2072,Astro-Epen
124473,2062,unassigned
124474,2062,unassigned
124475,2062,unassigned
124476,2062,unassigned
124477,2062,unassigned
124478,2062,unassigned
124479,2062,unassigned
124480,2062,unassigned
124481,2062,unassigned
124482,2081,Astro-Epen
124483,2081,Astro-Epen
124484,2062,unassigned
124485,2062,unassigned
124486,2062,unassigned
124487,2062,unassigned
124488,2062,unassigned
124489,2062,unassigned
124490,2062,unassigned
124491,2062,unassigned
124492,2062,unassigned
124493,2062,unassigned
124494,2062,unassigned
124495,2090,unassigned
124496,2062,unassigned
124497,2062,unassigned
124498,2091,unassigned
124499,2062,unassigned
124500,2062,unassigned
124501,2072,Astro-Epen
124502,2062,unassigned
124503,2062,unassigned
124504,2062,unassigned
124505,2070,Astro-Epen
124506,2062,unassigned
124507,2062,unassigned
124508,2062,unassigned
124509,2062,unassigned
124510,2062,unassigned
124511,2062,unassigned
124512,2062,unassigned
124513,2082,Astro-Epen
124514,2082,Astro-Epen
124515,2081,Astro-Epen
124516,2062,unassigned
124517,2062,unassigned
124518,2062,unassigned
124519,2062,unassigned
124520,2062,unassigned
124521,2065,Immune
124522,2062,unassigned
124523,2062,unassigned
124524,2062,unassigned
124525,2062,unassigned
124526,2062,unassigned
124527,2062,unassigned
124528,2062,unassigned
124529,2062,unassigned
124530,2081,Astro-Epen
124531,2062,unassigned
124532,2062,unassigned
124533,2068,Astro-Epen
124534,2068,Astro-Epen
124535,2068,Astro-Epen
124536,2062,unassigned
124537,2062,unassigned
124538,2062,unassigned
124539,2062,unassigned
124540,2065,Immune
124541,2065,Immune
124542,2062,unassigned
124543,2062,unassigned
124544,2062,unassigned
124545,2062,unassigned
124546,2082,Astro-Epen
124547,2062,unassigned
124548,2062,unassigned
124549,2062,unassigned
124550,2062,unassigned
124551,2062,unassigned
124552,2062,unassigned
124553,2062,unassigned
124554,2062,unassigned
124555,2062,unassigned
124556,2062,unassigned
124557,2062,unassigned
124558,2062,unassigned
124559,2062,unassigned
124560,2062,unassigned
124561,2062,unassigned
124562,2062,unassigned
124563,2062,unassigned
124564,2062,unassigned
124565,2062,unassigned
124566,2062,unassigned
124567,2062,unassigned
124568,2062,unassigned
124569,2062,unassigned
124570,2062,unassigned
124571,2062,unassigned
124572,2062,unassigned
124573,2070,Astro-Epen
124574,2062,unassigned
124575,2062,unassigned
124576,2062,unassigned
124577,2081,Astro-Epen
124578,2081,Astro-Epen
124579,2062,unassigned
124580,2062,unassigned
124581,2068,Astro-Epen
124582,2062,unassigned
124583,2062,unassigned
124584,2068,Astro-Epen
124585,2062,unassigned
124586,2062,unassigned
124587,2062,unassigned
124588,2062,unassigned
124589,2070,Astro-Epen
124590,2062,unassigned
124591,2062,unassigned
124592,2091,unassigned
124593,2062,unassigned
124594,2062,unassigned
124595,2062,unassigned
124596,2062,unassigned
124597,2062,unassigned
124598,2062,unassigned
124599,2062,unassigned
124600,2062,unassigned
124601,2062,unassigned
124602,2082,Astro-Epen
124603,2062,unassigned
124604,2062,unassigned
124605,2062,unassigned
124606,2062,unassigned
124607,2062,unassigned
124608,2072,Astro-Epen
124609,2062,unassigned
124610,2062,unassigned
124611,2062,unassigned
124612,2062,unassigned
124613,2062,unassigned
124614,2062,unassigned
124615,2070,Astro-Epen
124616,2062,unassigned
124617,2062,unassigned
124618,2062,unassigned
124619,2082,Astro-Epen
124620,2082,Astro-Epen
124621,2062,unassigned
124622,2062,unassigned
124623,2062,unassigned
124624,2068,Astro-Epen
124625,2062,unassigned
124626,2062,unassigned
124627,2062,unassigned
124628,2062,unassigned
124629,2062,unassigned
124630,2065,Immune
124631,2065,Immune
124632,2062,unassigned
124633,2062,unassigned
124634,2082,Astro-Epen
124635,2062,unassigned
124636,2062,unassigned
124637,2081,Astro-Epen
124638,2062,unassigned
124639,2067,Immune
124640,2062,unassigned
124641,2072,Astro-Epen
124642,2062,unassigned
124643,2062,unassigned
124644,2086,unassigned
124645,2062,unassigned
124646,2062,unassigned
124647,2068,Astro-Epen
124648,2062,unassigned
124649,2062,unassigned
124650,2062,unassigned
124651,2065,Immune
124652,2062,unassigned
124653,2062,unassigned
124654,2062,unassigned
124655,2062,unassigned
124656,2062,unassigned
124657,2062,unassigned
124658,2062,unassigned
124659,2062,unassigned
124660,2062,unassigned
124661,2062,unassigned
124662,2062,unassigned
124663,2062,unassigned
124664,2062,unassigned
124665,2062,unassigned
124666,2062,unassigned
124667,2062,unassigned
124668,2062,unassigned
124669,2062,unassigned
124670,2062,unassigned
124671,2062,unassigned
124672,2062,unassigned
124673,2062,unassigned
124674,2082,Astro-Epen
124675,2081,Astro-Epen
124676,2081,Astro-Epen
124677,2081,Astro-Epen
124678,2081,Astro-Epen
124679,2062,unassigned
124680,2062,unassigned
124681,2062,unassigned
124682,2062,unassigned
124683,2088,unassigned
124684,2062,unassigned
124685,2062,unassigned
124686,2062,unassigned
124687,2062,unassigned
124688,2062,unassigned
124689,2062,unassigned
124690,2062,unassigned
124691,2062,unassigned
124692,2081,Astro-Epen
124693,2062,unassigned
124694,2062,unassigned
124695,2062,unassigned
124696,2062,unassigned
124697,2068,Astro-Epen
124698,2062,unassigned
124699,2062,unassigned
124700,2062,unassigned
124701,2062,unassigned
124702,2062,unassigned
124703,2062,unassigned
124704,2062,unassigned
124705,2062,unassigned
124706,2062,unassigned
124707,2081,Astro-Epen
124708,2062,unassigned
124709,2062,unassigned
124710,2062,unassigned
124711,2062,unassigned
124712,2062,unassigned
124713,2062,unassigned
124714,2088,unassigned
124715,2062,unassigned
124716,2062,unassigned
124717,2062,unassigned
124718,2062,unassigned
124719,2062,unassigned
124720,2062,unassigned
124721,2065,Immune
124722,2065,Immune
124723,2062,unassigned
124724,2062,unassigned
124725,2062,unassigned
124726,2062,unassigned
124727,2062,unassigned
124728,2062,unassigned
124729,2062,unassigned
124730,2062,unassigned
124731,2062,unassigned
124732,2065,Immune
124733,2062,unassigned
124734,2062,unassigned
124735,2062,unassigned
124736,2062,unassigned
124737,2062,unassigned
124738,2062,unassigned
124739,2062,unassigned
124740,2062,unassigned
124741,2062,unassigned
124742,2062,unassigned
124743,2062,unassigned
124744,2062,unassigned
124745,2081,Astro-Epen
124746,2082,Astro-Epen
124747,2062,unassigned
124748,2062,unassigned
124749,2062,unassigned
124750,2062,unassigned
124751,2062,unassigned
124752,2065,Immune
124753,2065,Immune
124754,2062,unassigned
124755,2082,Astro-Epen
124756,2081,Astro-Epen
124757,2062,unassigned
124758,2062,unassigned
124759,2062,unassigned
124760,2062,unassigned
124761,2062,unassigned
124762,2062,unassigned
124763,2086,unassigned
124764,2062,unassigned
124765,2062,unassigned
124766,2082,Astro-Epen
124767,2062,unassigned
124768,2081,Astro-Epen
124769,2062,unassigned
124770,2062,unassigned
124771,2062,unassigned
124772,2062,unassigned
124773,2062,unassigned
124774,2062,unassigned
124775,2062,unassigned
124776,2062,unassigned
124777,2062,unassigned
124778,2062,unassigned
124779,2091,unassigned
124780,2062,unassigned
124781,2062,unassigned
124782,2062,unassigned
124783,2088,unassigned
124784,2068,Astro-Epen
124785,2062,unassigned
124786,2062,unassigned
124787,2062,unassigned
124788,2062,unassigned
124789,2062,unassigned
124790,2062,unassigned
124791,2062,unassigned
124792,2081,Astro-Epen
124793,2062,unassigned
124794,2082,Astro-Epen
124795,2082,Astro-Epen
124796,2062,unassigned
124797,2062,unassigned
124798,2062,unassigned
124799,2062,unassigned
124800,2062,unassigned
124801,2062,unassigned
124802,2062,unassigned
124803,2062,unassigned
124804,2069,unassigned
124805,2065,Immune
124806,2062,unassigned
124807,2062,unassigned
124808,2070,Astro-Epen
124809,2062,unassigned
124810,2062,unassigned
124811,2062,unassigned
124812,2062,unassigned
124813,2062,unassigned
124814,2062,unassigned
124815,2068,Astro-Epen
124816,2062,unassigned
124817,2062,unassigned
124818,2062,unassigned
124819,2065,Immune
124820,2062,unassigned
124821,2082,Astro-Epen
124822,2062,unassigned
124823,2092,unassigned
124824,2082,Astro-Epen
124825,2062,unassigned
124826,2062,unassigned
124827,2062,unassigned
124828,2062,unassigned
124829,2062,unassigned
124830,2062,unassigned
124831,2062,unassigned
124832,2065,Immune
124833,2062,unassigned
124834,2062,unassigned
124835,2062,unassigned
124836,2062,unassigned
124837,2081,Astro-Epen
124838,2062,unassigned
124839,2062,unassigned
124840,2068,Astro-Epen
124841,2062,unassigned
124842,2062,unassigned
124843,2062,unassigned
124844,2062,unassigned
124845,2062,unassigned
124846,2062,unassigned
124847,2082,Astro-Epen
124848,2092,unassigned
124849,2062,unassigned
124850,2062,unassigned
124851,2062,unassigned
124852,2068,Astro-Epen
124853,2062,unassigned
124854,2062,unassigned
124855,2062,unassigned
124856,2062,unassigned
124857,2062,unassigned
124858,2062,unassigned
124859,2062,unassigned
124860,2062,unassigned
124861,2062,unassigned
124862,2062,unassigned
124863,2062,unassigned
124864,2062,unassigned
124865,2062,unassigned
124866,2062,unassigned
124867,2062,unassigned
124868,2062,unassigned
124869,2068,Astro-Epen
124870,2065,Immune
124871,2062,unassigned
124872,2065,Immune
124873,2062,unassigned
124874,2070,Astro-Epen
124875,2062,unassigned
124876,2062,unassigned
124877,2062,unassigned
124878,2082,Astro-Epen
124879,2062,unassigned
124880,2062,unassigned
124881,2081,Astro-Epen
124882,2062,unassigned
124883,2062,unassigned
124884,2062,unassigned
124885,2068,Astro-Epen
124886,2065,Immune
124887,2065,Immune
124888,2062,unassigned
124889,2062,unassigned
124890,2062,unassigned
124891,2062,unassigned
124892,2062,unassigned
124893,2062,unassigned
124894,2082,Astro-Epen
124895,2062,unassigned
124896,2086,unassigned
124897,2062,unassigned
124898,2062,unassigned
124899,2065,Immune
124900,2062,unassigned
124901,2062,unassigned
124902,2062,unassigned
124903,2062,unassigned
124904,2062,unassigned
124905,2062,unassigned
124906,2062,unassigned
124907,2062,unassigned
124908,2062,unassigned
124909,2062,unassigned
124910,2082,Astro-Epen
124911,2062,unassigned
124912,2062,unassigned
124913,2062,unassigned
124914,2062,unassigned
124915,2062,unassigned
124916,2062,unassigned
124917,2062,unassigned
124918,2065,Immune
124919,2062,unassigned
124920,2062,unassigned
124921,2062,unassigned
124922,2062,unassigned
124923,2062,unassigned
124924,2062,unassigned
124925,2062,unassigned
124926,2062,unassigned
124927,2062,unassigned
124928,2062,unassigned
124929,2062,unassigned
124930,2062,unassigned
124931,2062,unassigned
124932,2062,unassigned
124933,2062,unassigned
124934,2062,unassigned
124935,2062,unassigned
124936,2062,unassigned
124937,2068,Astro-Epen
124938,2062,unassigned
124939,2062,unassigned
124940,2062,unassigned
124941,2062,unassigned
124942,2069,unassigned
124943,2065,Immune
124944,2062,unassigned
124945,2081,Astro-Epen
124946,2072,Astro-Epen
124947,2062,unassigned
124948,2062,unassigned
124949,2062,unassigned
124950,2082,Astro-Epen
124951,2062,unassigned
124952,2062,unassigned
124953,2062,unassigned
124954,2062,unassigned
124955,2062,unassigned
124956,2062,unassigned
124957,2062,unassigned
124958,2068,Astro-Epen
124959,2062,unassigned
124960,2062,unassigned
124961,2062,unassigned
124962,2062,unassigned
124963,2062,unassigned
124964,2082,Astro-Epen
124965,2062,unassigned
124966,2062,unassigned
124967,2082,Astro-Epen
124968,2082,Astro-Epen
124969,2082,Astro-Epen
124970,2062,unassigned
124971,2062,unassigned
124972,2062,unassigned
124973,2062,unassigned
124974,2065,Immune
124975,2062,unassigned
124976,2062,unassigned
124977,2082,Astro-Epen
124978,2062,unassigned
124979,2062,unassigned
124980,2062,unassigned
124981,2062,unassigned
124982,2062,unassigned
124983,2068,Astro-Epen
124984,2062,unassigned
124985,2062,unassigned
124986,2062,unassigned
124987,2062,unassigned
124988,2062,unassigned
124989,2062,unassigned
124990,2062,unassigned
124991,2062,unassigned
124992,2062,unassigned
124993,2062,unassigned
124994,2062,unassigned
124995,2062,unassigned
124996,2082,Astro-Epen
124997,2062,unassigned
124998,2062,unassigned
124999,2082,Astro-Epen
125000,2062,unassigned
125001,2062,unassigned
125002,2068,Astro-Epen
125003,2062,unassigned
125004,2062,unassigned
125005,2062,unassigned
125006,2062,unassigned
125007,2062,unassigned
125008,2062,unassigned
125009,2062,unassigned
125010,2062,unassigned
125011,2082,Astro-Epen
125012,2081,Astro-Epen
125013,2062,unassigned
125014,2062,unassigned
125015,2062,unassigned
125016,2088,unassigned
125017,2062,unassigned
125018,2068,Astro-Epen
125019,2062,unassigned
125020,2062,unassigned
125021,2062,unassigned
125022,2062,unassigned
125023,2062,unassigned
125024,2062,unassigned
125025,2062,unassigned
125026,2062,unassigned
125027,2062,unassigned
125028,2062,unassigned
125029,2062,unassigned
125030,2062,unassigned
125031,2062,unassigned
125032,2062,unassigned
125033,2070,Astro-Epen
125034,2062,unassigned
125035,2062,unassigned
125036,2062,unassigned
125037,2062,unassigned
125038,2062,unassigned
125039,2062,unassigned
125040,2081,Astro-Epen
125041,2062,unassigned
125042,2062,unassigned
125043,2072,Astro-Epen
125044,2062,unassigned
125045,2062,unassigned
125046,2062,unassigned
125047,2062,unassigned
125048,2062,unassigned
125049,2062,unassigned
125050,2081,Astro-Epen
125051,2062,unassigned
125052,2062,unassigned
125053,2062,unassigned
125054,2062,unassigned
125055,2062,unassigned
125056,2062,unassigned
125057,2062,unassigned
125058,2062,unassigned
125059,2062,unassigned
125060,2062,unassigned
125061,2062,unassigned
125062,2062,unassigned
125063,2062,unassigned
125064,2062,unassigned
125065,2062,unassigned
125066,2062,unassigned
125067,2081,Astro-Epen
125068,2062,unassigned
125069,2082,Astro-Epen
125070,2062,unassigned
125071,2062,unassigned
125072,2088,unassigned
125073,2062,unassigned
125074,2062,unassigned
125075,2062,unassigned
125076,2068,Astro-Epen
125077,2062,unassigned
125078,2062,unassigned
125079,2062,unassigned
125080,2062,unassigned
125081,2062,unassigned
125082,2062,unassigned
125083,2062,unassigned
125084,2062,unassigned
125085,2082,Astro-Epen
125086,2062,unassigned
125087,2062,unassigned
125088,2062,unassigned
125089,2062,unassigned
125090,2062,unassigned
125091,2062,unassigned
125092,2065,Immune
125093,2062,unassigned
125094,2062,unassigned
125095,2062,unassigned
125096,2062,unassigned
125097,2082,Astro-Epen
125098,2062,unassigned
125099,2062,unassigned
125100,2062,unassigned
125101,2062,unassigned
125102,2062,unassigned
125103,2062,unassigned
125104,2062,unassigned
125105,2062,unassigned
125106,2081,Astro-Epen
125107,2062,unassigned
125108,2062,unassigned
125109,2086,unassigned
125110,2068,Astro-Epen
125111,2068,Astro-Epen
125112,2062,unassigned
125113,2062,unassigned
125114,2062,unassigned
125115,2062,unassigned
125116,2062,unassigned
125117,2062,unassigned
125118,2062,unassigned
125119,2062,unassigned
125120,2062,unassigned
125121,2082,Astro-Epen
125122,2082,Astro-Epen
125123,2062,unassigned
125124,2062,unassigned
125125,2086,unassigned
125126,2068,Astro-Epen
125127,2062,unassigned
125128,2068,Astro-Epen
125129,2068,Astro-Epen
125130,2062,unassigned
125131,2065,Immune
125132,2065,Immune
125133,2062,unassigned
125134,2082,Astro-Epen
125135,2082,Astro-Epen
125136,2062,unassigned
125137,2068,Astro-Epen
125138,2068,Astro-Epen
125139,2062,unassigned
125140,2062,unassigned
125141,2062,unassigned
125142,2062,unassigned
125143,2065,Immune
125144,2062,unassigned
125145,2062,unassigned
125146,2062,unassigned
125147,2062,unassigned
125148,2062,unassigned
125149,2062,unassigned
125150,2082,Astro-Epen
125151,2081,Astro-Epen
125152,2062,unassigned
125153,2062,unassigned
125154,2068,Astro-Epen
125155,2068,Astro-Epen
125156,2062,unassigned
125157,2065,Immune
125158,2062,unassigned
125159,2062,unassigned
125160,2062,unassigned
125161,2082,Astro-Epen
125162,2081,Astro-Epen
125163,2081,Astro-Epen
125164,2062,unassigned
125165,2062,unassigned
125166,2062,unassigned
125167,2062,unassigned
125168,2062,unassigned
125169,2065,Immune
125170,2062,unassigned
125171,2062,unassigned
125172,2062,unassigned
125173,2062,unassigned
125174,2062,unassigned
125175,2062,unassigned
125176,2062,unassigned
125177,2062,unassigned
125178,2062,unassigned
125179,2062,unassigned
125180,2062,unassigned
125181,2062,unassigned
125182,2062,unassigned
125183,2093,unassigned
125184,2082,Astro-Epen
125185,2062,unassigned
125186,2062,unassigned
125187,2081,Astro-Epen
125188,2062,unassigned
125189,2062,unassigned
125190,2062,unassigned
125191,2062,unassigned
125192,2062,unassigned
125193,2065,Immune
125194,2062,unassigned
125195,2062,unassigned
125196,2062,unassigned
125197,2062,unassigned
125198,2062,unassigned
125199,2062,unassigned
125200,2062,unassigned
125201,2062,unassigned
125202,2062,unassigned
125203,2062,unassigned
125204,2062,unassigned
125205,2062,unassigned
125206,2062,unassigned
125207,2062,unassigned
125208,2062,unassigned
125209,2062,unassigned
125210,2062,unassigned
125211,2062,unassigned
125212,2068,Astro-Epen
125213,2062,unassigned
125214,2062,unassigned
125215,2062,unassigned
125216,2062,unassigned
125217,2062,unassigned
125218,2062,unassigned
125219,2062,unassigned
125220,2062,unassigned
125221,2062,unassigned
125222,2062,unassigned
125223,2082,Astro-Epen
125224,2062,unassigned
125225,2082,Astro-Epen
125226,2062,unassigned
125227,2062,unassigned
125228,2068,Astro-Epen
125229,2068,Astro-Epen
125230,2062,unassigned
125231,2062,unassigned
125232,2062,unassigned
125233,2062,unassigned
125234,2062,unassigned
125235,2068,Astro-Epen
125236,2062,unassigned
125237,2062,unassigned
125238,2062,unassigned
125239,2062,unassigned
125240,2062,unassigned
125241,2062,unassigned
125242,2062,unassigned
125243,2068,Astro-Epen
125244,2062,unassigned
125245,2062,unassigned
125246,2062,unassigned
125247,2062,unassigned
125248,2062,unassigned
125249,2062,unassigned
125250,2062,unassigned
125251,2062,unassigned
125252,2065,Immune
125253,2062,unassigned
125254,2062,unassigned
125255,2062,unassigned
125256,2062,unassigned
125257,2062,unassigned
125258,2062,unassigned
125259,2062,unassigned
125260,2082,Astro-Epen
125261,2062,unassigned
125262,2062,unassigned
125263,2062,unassigned
125264,2062,unassigned
125265,2068,Astro-Epen
125266,2062,unassigned
125267,2062,unassigned
125268,2062,unassigned
125269,2062,unassigned
125270,2062,unassigned
125271,2062,unassigned
125272,2093,unassigned
125273,2081,Astro-Epen
125274,2081,Astro-Epen
125275,2062,unassigned
125276,2068,Astro-Epen
125277,2068,Astro-Epen
125278,2068,Astro-Epen
125279,2062,unassigned
125280,2062,unassigned
125281,2062,unassigned
125282,2062,unassigned
125283,2062,unassigned
125284,2062,unassigned
125285,2062,unassigned
125286,2062,unassigned
125287,2062,unassigned
125288,2062,unassigned
125289,2081,Astro-Epen
125290,2062,unassigned
125291,2086,unassigned
125292,2062,unassigned
125293,2062,unassigned
125294,2062,unassigned
125295,2062,unassigned
125296,2062,unassigned
125297,2062,unassigned
125298,2062,unassigned
125299,2062,unassigned
125300,2062,unassigned
125301,2062,unassigned
125302,2062,unassigned
125303,2062,unassigned
125304,2062,unassigned
125305,2062,unassigned
125306,2068,Astro-Epen
125307,2062,unassigned
125308,2062,unassigned
125309,2062,unassigned
125310,2065,Immune
125311,2062,unassigned
125312,2062,unassigned
125313,2062,unassigned
125314,2062,unassigned
125315,2062,unassigned
125316,2062,unassigned
125317,2062,unassigned
125318,2062,unassigned
125319,2068,Astro-Epen
125320,2062,unassigned
125321,2062,unassigned
125322,2062,unassigned
125323,2062,unassigned
125324,2062,unassigned
125325,2062,unassigned
125326,2062,unassigned
125327,2062,unassigned
125328,2062,unassigned
125329,2062,unassigned
125330,2062,unassigned
125331,2062,unassigned
125332,2062,unassigned
125333,2062,unassigned
125334,2062,unassigned
125335,2062,unassigned
125336,2062,unassigned
125337,2062,unassigned
125338,2062,unassigned
125339,2062,unassigned
125340,2062,unassigned
125341,2062,unassigned
125342,2062,unassigned
125343,2088,unassigned
125344,2062,unassigned
125345,2068,Astro-Epen
125346,2068,Astro-Epen
125347,2062,unassigned
125348,2062,unassigned
125349,2065,Immune
125350,2065,Immune
125351,2062,unassigned
125352,2062,unassigned
125353,2062,unassigned
125354,2062,unassigned
125355,2062,unassigned
125356,2062,unassigned
125357,2062,unassigned
125358,2062,unassigned
125359,2062,unassigned
125360,2062,unassigned
125361,2062,unassigned
125362,2062,unassigned
125363,2062,unassigned
125364,2068,Astro-Epen
125365,2062,unassigned
125366,2062,unassigned
125367,2062,unassigned
125368,2062,unassigned
125369,2062,unassigned
125370,2062,unassigned
125371,2082,Astro-Epen
125372,2062,unassigned
125373,2062,unassigned
125374,2062,unassigned
125375,2062,unassigned
125376,2062,unassigned
125377,2062,unassigned
125378,2062,unassigned
125379,2062,unassigned
125380,2062,unassigned
125381,2062,unassigned
125382,2062,unassigned
125383,2082,Astro-Epen
125384,2082,Astro-Epen
125385,2062,unassigned
125386,2062,unassigned
125387,2062,unassigned
125388,2062,unassigned
125389,2086,unassigned
125390,2062,unassigned
125391,2062,unassigned
125392,2062,unassigned
125393,2062,unassigned
125394,2062,unassigned
125395,2062,unassigned
125396,2062,unassigned
125397,2081,Astro-Epen
125398,2062,unassigned
125399,2062,unassigned
125400,2062,unassigned
125401,2062,unassigned
125402,2062,unassigned
125403,2062,unassigned
125404,2062,unassigned
125405,2062,unassigned
125406,2062,unassigned
125407,2065,Immune
125408,2062,unassigned
125409,2062,unassigned
125410,2082,Astro-Epen
125411,2062,unassigned
125412,2062,unassigned
125413,2072,Astro-Epen
125414,2062,unassigned
125415,2068,Astro-Epen
125416,2062,unassigned
125417,2065,Immune
125418,2062,unassigned
125419,2062,unassigned
125420,2062,unassigned
125421,2062,unassigned
125422,2062,unassigned
125423,2062,unassigned
125424,2062,unassigned
125425,2082,Astro-Epen
125426,2062,unassigned
125427,2082,Astro-Epen
125428,2062,unassigned
125429,2062,unassigned
125430,2062,unassigned
125431,2062,unassigned
125432,2062,unassigned
125433,2065,Immune
125434,2065,Immune
125435,2065,Immune
125436,2062,unassigned
125437,2062,unassigned
125438,2062,unassigned
125439,2062,unassigned
125440,2062,unassigned
125441,2062,unassigned
125442,2062,unassigned
125443,2062,unassigned
125444,2062,unassigned
125445,2068,Astro-Epen
125446,2062,unassigned
125447,2068,Astro-Epen
125448,2062,unassigned
125449,2062,unassigned
125450,2062,unassigned
125451,2062,unassigned
125452,2062,unassigned
125453,2062,unassigned
125454,2062,unassigned
125455,2062,unassigned
125456,2062,unassigned
125457,2062,unassigned
125458,2062,unassigned
125459,2062,unassigned
125460,2062,unassigned
125461,2062,unassigned
125462,2062,unassigned
125463,2062,unassigned
125464,2062,unassigned
125465,2062,unassigned
125466,2062,unassigned
125467,2062,unassigned
125468,2062,unassigned
125469,2062,unassigned
125470,2062,unassigned
125471,2081,Astro-Epen
125472,2062,unassigned
125473,2062,unassigned
125474,2062,unassigned
125475,2062,unassigned
125476,2062,unassigned
125477,2062,unassigned
125478,2068,Astro-Epen
125479,2062,unassigned
125480,2062,unassigned
125481,2062,unassigned
125482,2062,unassigned
125483,2062,unassigned
125484,2062,unassigned
125485,2062,unassigned
125486,2062,unassigned
125487,2062,unassigned
125488,2062,unassigned
125489,2062,unassigned
125490,2093,unassigned
125491,2062,unassigned
125492,2062,unassigned
125493,2062,unassigned
125494,2062,unassigned
125495,2068,Astro-Epen
125496,2062,unassigned
125497,2062,unassigned
125498,2062,unassigned
125499,2062,unassigned
125500,2062,unassigned
125501,2062,unassigned
125502,2062,unassigned
125503,2093,unassigned
125504,2062,unassigned
125505,2062,unassigned
125506,2062,unassigned
125507,2062,unassigned
125508,2062,unassigned
125509,2062,unassigned
125510,2062,unassigned
125511,2068,Astro-Epen
125512,2062,unassigned
125513,2062,unassigned
125514,2062,unassigned
125515,2062,unassigned
125516,2062,unassigned
125517,2062,unassigned
125518,2062,unassigned
125519,2062,unassigned
125520,2062,unassigned
125521,2062,unassigned
125522,2062,unassigned
125523,2062,unassigned
125524,2082,Astro-Epen
125525,2081,Astro-Epen
125526,2082,Astro-Epen
125527,2062,unassigned
125528,2062,unassigned
125529,2062,unassigned
125530,2062,unassigned
125531,2062,unassigned
125532,2062,unassigned
125533,2062,unassigned
125534,2062,unassigned
125535,2062,unassigned
125536,2065,Immune
125537,2065,Immune
125538,2062,unassigned
125539,2062,unassigned
125540,2062,unassigned
125541,2062,unassigned
125542,2062,unassigned
125543,2062,unassigned
125544,2081,Astro-Epen
125545,2062,unassigned
125546,2082,Astro-Epen
125547,2082,Astro-Epen
125548,2062,unassigned
125549,2062,unassigned
125550,2062,unassigned
125551,2068,Astro-Epen
125552,2062,unassigned
125553,2062,unassigned
125554,2062,unassigned
125555,2065,Immune
125556,2062,unassigned
125557,2062,unassigned
125558,2062,unassigned
125559,2062,unassigned
125560,2062,unassigned
125561,2082,Astro-Epen
125562,2062,unassigned
125563,2062,unassigned
125564,2062,unassigned
125565,2062,unassigned
125566,2062,unassigned
125567,2062,unassigned
125568,2062,unassigned
125569,2062,unassigned
125570,2062,unassigned
125571,2062,unassigned
125572,2062,unassigned
125573,2062,unassigned
125574,2062,unassigned
125575,2062,unassigned
125576,2062,unassigned
125577,2062,unassigned
125578,2062,unassigned
125579,2062,unassigned
125580,2082,Astro-Epen
125581,2062,unassigned
125582,2062,unassigned
125583,2062,unassigned
125584,2062,unassigned
125585,2082,Astro-Epen
125586,2062,unassigned
125587,2082,Astro-Epen
125588,2062,unassigned
125589,2062,unassigned
125590,2062,unassigned
125591,2062,unassigned
125592,2086,unassigned
125593,2086,unassigned
125594,2062,unassigned
125595,2062,unassigned
125596,2062,unassigned
125597,2062,unassigned
125598,2062,unassigned
125599,2062,unassigned
125600,2062,unassigned
125601,2062,unassigned
125602,2081,Astro-Epen
125603,2062,unassigned
125604,2082,Astro-Epen
125605,2062,unassigned
125606,2062,unassigned
125607,2086,unassigned
125608,2062,unassigned
125609,2062,unassigned
125610,2062,unassigned
125611,2062,unassigned
125612,2065,Immune
125613,2065,Immune
125614,2062,unassigned
125615,2062,unassigned
125616,2062,unassigned
125617,2062,unassigned
125618,2062,unassigned
125619,2062,unassigned
125620,2062,unassigned
125621,2062,unassigned
125622,2062,unassigned
125623,2062,unassigned
125624,2062,unassigned
125625,2093,unassigned
125626,2062,unassigned
125627,2082,Astro-Epen
125628,2062,unassigned
125629,2062,unassigned
125630,2062,unassigned
125631,2062,unassigned
125632,2062,unassigned
125633,2062,unassigned
125634,2062,unassigned
125635,2062,unassigned
125636,2062,unassigned
125637,2062,unassigned
125638,2062,unassigned
125639,2062,unassigned
125640,2062,unassigned
125641,2062,unassigned
125642,2062,unassigned
125643,2062,unassigned
125644,2062,unassigned
125645,2062,unassigned
125646,2068,Astro-Epen
125647,2086,unassigned
125648,2068,Astro-Epen
125649,2062,unassigned
125650,2062,unassigned
125651,2062,unassigned
125652,2062,unassigned
125653,2062,unassigned
125654,2062,unassigned
125655,2062,unassigned
125656,2062,unassigned
125657,2062,unassigned
125658,2062,unassigned
125659,2062,unassigned
125660,2062,unassigned
125661,2062,unassigned
125662,2062,unassigned
125663,2068,Astro-Epen
125664,2062,unassigned
125665,2062,unassigned
125666,2062,unassigned
125667,2062,unassigned
125668,2062,unassigned
125669,2062,unassigned
125670,2062,unassigned
125671,2062,unassigned
125672,2081,Astro-Epen
125673,2081,Astro-Epen
125674,2081,Astro-Epen
125675,2082,Astro-Epen
125676,2062,unassigned
125677,2062,unassigned
125678,2062,unassigned
125679,2062,unassigned
125680,2062,unassigned
125681,2062,unassigned
125682,2062,unassigned
125683,2068,Astro-Epen
125684,2062,unassigned
125685,2062,unassigned
125686,2062,unassigned
125687,2062,unassigned
125688,2062,unassigned
125689,2062,unassigned
125690,2062,unassigned
125691,2062,unassigned
125692,2062,unassigned
125693,2062,unassigned
125694,2062,unassigned
125695,2062,unassigned
125696,2062,unassigned
125697,2082,Astro-Epen
125698,2062,unassigned
125699,2062,unassigned
125700,2062,unassigned
125701,2062,unassigned
125702,2062,unassigned
125703,2062,unassigned
125704,2062,unassigned
125705,2062,unassigned
125706,2062,unassigned
125707,2062,unassigned
125708,2062,unassigned
125709,2062,unassigned
125710,2062,unassigned
125711,2062,unassigned
125712,2065,Immune
125713,2062,unassigned
125714,2082,Astro-Epen
125715,2082,Astro-Epen
125716,2062,unassigned
125717,2062,unassigned
125718,2062,unassigned
125719,2068,Astro-Epen
125720,2062,unassigned
125721,2062,unassigned
125722,2062,unassigned
125723,2062,unassigned
125724,2062,unassigned
125725,2062,unassigned
125726,2062,unassigned
125727,2062,unassigned
125728,2062,unassigned
125729,2062,unassigned
125730,2062,unassigned
125731,2062,unassigned
125732,2062,unassigned
125733,2062,unassigned
125734,2068,Astro-Epen
125735,2062,unassigned
125736,2062,unassigned
125737,2062,unassigned
125738,2065,Immune
125739,2062,unassigned
125740,2062,unassigned
125741,2062,unassigned
125742,2062,unassigned
125743,2062,unassigned
125744,2082,Astro-Epen
125745,2081,Astro-Epen
125746,2082,Astro-Epen
125747,2082,Astro-Epen
125748,2062,unassigned
125749,2062,unassigned
125750,2062,unassigned
125751,2062,unassigned
125752,2062,unassigned
125753,2062,unassigned
125754,2062,unassigned
125755,2062,unassigned
125756,2062,unassigned
125757,2062,unassigned
125758,2062,unassigned
125759,2062,unassigned
125760,2062,unassigned
125761,2082,Astro-Epen
125762,2082,Astro-Epen
125763,2062,unassigned
125764,2062,unassigned
125765,2062,unassigned
125766,2062,unassigned
125767,2062,unassigned
125768,2062,unassigned
125769,2062,unassigned
125770,2068,Astro-Epen
125771,2086,unassigned
125772,2062,unassigned
125773,2062,unassigned
125774,2062,unassigned
125775,2062,unassigned
125776,2062,unassigned
125777,2062,unassigned
125778,2062,unassigned
125779,2062,unassigned
125780,2062,unassigned
125781,2062,unassigned
125782,2082,Astro-Epen
125783,2062,unassigned
125784,2068,Astro-Epen
125785,2062,unassigned
125786,2062,unassigned
125787,2062,unassigned
125788,2062,unassigned
125789,2062,unassigned
125790,2062,unassigned
125791,2062,unassigned
125792,2062,unassigned
125793,2062,unassigned
125794,2062,unassigned
125795,2062,unassigned
125796,2081,Astro-Epen
125797,2062,unassigned
125798,2062,unassigned
125799,2062,unassigned
125800,2062,unassigned
125801,2062,unassigned
125802,2062,unassigned
125803,2062,unassigned
125804,2062,unassigned
125805,2062,unassigned
125806,2062,unassigned
125807,2062,unassigned
125808,2062,unassigned
125809,2062,unassigned
125810,2062,unassigned
125811,2062,unassigned
125812,2062,unassigned
125813,2062,unassigned
125814,2082,Astro-Epen
125815,2062,unassigned
125816,2062,unassigned
125817,2062,unassigned
125818,2062,unassigned
125819,2062,unassigned
125820,2062,unassigned
125821,2062,unassigned
125822,2062,unassigned
125823,2062,unassigned
125824,2062,unassigned
125825,2062,unassigned
125826,2062,unassigned
125827,2062,unassigned
125828,2062,unassigned
125829,2062,unassigned
125830,2062,unassigned
125831,2062,unassigned
125832,2062,unassigned
125833,2062,unassigned
125834,2082,Astro-Epen
125835,2082,Astro-Epen
125836,2082,Astro-Epen
125837,2062,unassigned
125838,2062,unassigned
125839,2062,unassigned
125840,2062,unassigned
125841,2062,unassigned
125842,2062,unassigned
125843,2062,unassigned
125844,2062,unassigned
125845,2062,unassigned
125846,2062,unassigned
125847,2062,unassigned
125848,2062,unassigned
125849,2062,unassigned
125850,2062,unassigned
125851,2062,unassigned
125852,2062,unassigned
125853,2062,unassigned
125854,2062,unassigned
125855,2062,unassigned
125856,2062,unassigned
125857,2062,unassigned
125858,2081,Astro-Epen
125859,2081,Astro-Epen
125860,2081,Astro-Epen
125861,2062,unassigned
125862,2062,unassigned
125863,2062,unassigned
125864,2062,unassigned
125865,2062,unassigned
125866,2062,unassigned
125867,2062,unassigned
125868,2062,unassigned
125869,2062,unassigned
125870,2062,unassigned
125871,2062,unassigned
125872,2062,unassigned
125873,2062,unassigned
125874,2082,Astro-Epen
125875,2062,unassigned
125876,2062,unassigned
125877,2062,unassigned
125878,2062,unassigned
125879,2062,unassigned
125880,2062,unassigned
125881,2062,unassigned
125882,2062,unassigned
125883,2062,unassigned
125884,2062,unassigned
125885,2062,unassigned
125886,2062,unassigned
125887,2062,unassigned
125888,2062,unassigned
125889,2062,unassigned
125890,2062,unassigned
125891,2062,unassigned
125892,2065,Immune
125893,2062,unassigned
125894,2062,unassigned
125895,2082,Astro-Epen
125896,2082,Astro-Epen
125897,2062,unassigned
125898,2062,unassigned
125899,2062,unassigned
125900,2062,unassigned
125901,2062,unassigned
125902,2062,unassigned
125903,2062,unassigned
125904,2094,unassigned
125905,2062,unassigned
125906,2062,unassigned
125907,2062,unassigned
125908,2062,unassigned
125909,2062,unassigned
125910,2082,Astro-Epen
125911,2062,unassigned
125912,2062,unassigned
125913,2062,unassigned
125914,2086,unassigned
125915,2062,unassigned
125916,2062,unassigned
125917,2094,unassigned
125918,2062,unassigned
125919,2062,unassigned
125920,2062,unassigned
125921,2062,unassigned
125922,2062,unassigned
125923,2062,unassigned
125924,2062,unassigned
125925,2062,unassigned
125926,2062,unassigned
125927,2062,unassigned
125928,2068,Astro-Epen
125929,2062,unassigned
125930,2062,unassigned
125931,2062,unassigned
125932,2062,unassigned
125933,2062,unassigned
125934,2062,unassigned
125935,2062,unassigned
125936,2062,unassigned
125937,2062,unassigned
125938,2062,unassigned
125939,2082,Astro-Epen
125940,2062,unassigned
125941,2062,unassigned
125942,2081,Astro-Epen
125943,2082,Astro-Epen
125944,2081,Astro-Epen
125945,2062,unassigned
125946,2082,Astro-Epen
125947,2081,Astro-Epen
125948,2062,unassigned
125949,2062,unassigned
125950,2062,unassigned
125951,2068,Astro-Epen
125952,2062,unassigned
125953,2062,unassigned
125954,2094,unassigned
125955,2065,Immune
125956,2062,unassigned
125957,2062,unassigned
125958,2062,unassigned
125959,2062,unassigned
125960,2062,unassigned
125961,2062,unassigned
125962,2062,unassigned
125963,2062,unassigned
125964,2062,unassigned
125965,2062,unassigned
125966,2062,unassigned
125967,2062,unassigned
125968,2062,unassigned
125969,2062,unassigned
125970,2062,unassigned
125971,2062,unassigned
125972,2062,unassigned
125973,2062,unassigned
125974,2062,unassigned
125975,2068,Astro-Epen
125976,2062,unassigned
125977,2062,unassigned
125978,2062,unassigned
125979,2062,unassigned
125980,2062,unassigned
125981,2062,unassigned
125982,2062,unassigned
125983,2065,Immune
125984,2062,unassigned
125985,2062,unassigned
125986,2062,unassigned
125987,2062,unassigned
125988,2062,unassigned
125989,2062,unassigned
125990,2062,unassigned
125991,2062,unassigned
125992,2062,unassigned
125993,2062,unassigned
125994,2062,unassigned
125995,2062,unassigned
125996,2062,unassigned
125997,2062,unassigned
125998,2068,Astro-Epen
125999,2062,unassigned
126000,2086,unassigned
126001,2068,Astro-Epen
126002,2086,unassigned
126003,2062,unassigned
126004,2062,unassigned
126005,2062,unassigned
126006,2062,unassigned
126007,2062,unassigned
126008,2062,unassigned
126009,2082,Astro-Epen
126010,2082,Astro-Epen
126011,2082,Astro-Epen
126012,2062,unassigned
126013,2082,Astro-Epen
126014,2062,unassigned
126015,2062,unassigned
126016,2062,unassigned
126017,2062,unassigned
126018,2068,Astro-Epen
126019,2062,unassigned
126020,2062,unassigned
126021,2062,unassigned
126022,2062,unassigned
126023,2062,unassigned
126024,2062,unassigned
126025,2062,unassigned
126026,2062,unassigned
126027,2062,unassigned
126028,2062,unassigned
126029,2062,unassigned
126030,2082,Astro-Epen
126031,2062,unassigned
126032,2062,unassigned
126033,2062,unassigned
126034,2062,unassigned
126035,2062,unassigned
126036,2062,unassigned
126037,2062,unassigned
126038,2062,unassigned
126039,2062,unassigned
126040,2062,unassigned
126041,2086,unassigned
126042,2062,unassigned
126043,2062,unassigned
126044,2062,unassigned
126045,2062,unassigned
126046,2062,unassigned
126047,2062,unassigned
126048,2062,unassigned
126049,2062,unassigned
126050,2062,unassigned
126051,2062,unassigned
126052,2062,unassigned
126053,2062,unassigned
126054,2062,unassigned
126055,2062,unassigned
126056,2062,unassigned
126057,2062,unassigned
126058,2062,unassigned
126059,2062,unassigned
126060,2062,unassigned
126061,2062,unassigned
126062,2062,unassigned
126063,2062,unassigned
126064,2062,unassigned
126065,2062,unassigned
126066,2062,unassigned
126067,2062,unassigned
126068,2082,Astro-Epen
126069,2062,unassigned
126070,2062,unassigned
126071,2062,unassigned
126072,2081,Astro-Epen
126073,2062,unassigned
126074,2062,unassigned
126075,2062,unassigned
126076,2062,unassigned
126077,2062,unassigned
126078,2065,Immune
126079,2062,unassigned
126080,2062,unassigned
126081,2062,unassigned
126082,2062,unassigned
126083,2062,unassigned
126084,2062,unassigned
126085,2081,Astro-Epen
126086,2062,unassigned
126087,2062,unassigned
126088,2062,unassigned
126089,2062,unassigned
126090,2062,unassigned
126091,2068,Astro-Epen
126092,2062,unassigned
126093,2062,unassigned
126094,2062,unassigned
126095,2062,unassigned
126096,2062,unassigned
126097,2062,unassigned
126098,2062,unassigned
126099,2062,unassigned
126100,2062,unassigned
126101,2082,Astro-Epen
126102,2082,Astro-Epen
126103,2062,unassigned
126104,2062,unassigned
126105,2062,unassigned
126106,2068,Astro-Epen
126107,2062,unassigned
126108,2062,unassigned
126109,2062,unassigned
126110,2082,Astro-Epen
126111,2062,unassigned
126112,2082,Astro-Epen
126113,2062,unassigned
126114,2062,unassigned
126115,2062,unassigned
126116,2062,unassigned
126117,2068,Astro-Epen
126118,2062,unassigned
126119,2062,unassigned
126120,2062,unassigned
126121,2062,unassigned
126122,2062,unassigned
126123,2062,unassigned
126124,2062,unassigned
126125,2062,unassigned
126126,2082,Astro-Epen
126127,2062,unassigned
126128,2062,unassigned
126129,2062,unassigned
126130,2062,unassigned
126131,2062,unassigned
126132,2062,unassigned
126133,2062,unassigned
126134,2062,unassigned
126135,2062,unassigned
126136,2062,unassigned
126137,2062,unassigned
126138,2062,unassigned
126139,2062,unassigned
126140,2062,unassigned
126141,2062,unassigned
126142,2062,unassigned
126143,2062,unassigned
126144,2062,unassigned
126145,2062,unassigned
126146,2062,unassigned
126147,2062,unassigned
126148,2062,unassigned
126149,2062,unassigned
126150,2062,unassigned
126151,2062,unassigned
126152,2062,unassigned
126153,2062,unassigned
126154,2062,unassigned
126155,2062,unassigned
126156,2062,unassigned
126157,2062,unassigned
126158,2062,unassigned
126159,2062,unassigned
126160,2062,unassigned
126161,2088,unassigned
126162,2062,unassigned
126163,2094,unassigned
126164,2062,unassigned
126165,2062,unassigned
126166,2062,unassigned
126167,2062,unassigned
126168,2062,unassigned
126169,2062,unassigned
126170,2062,unassigned
126171,2062,unassigned
126172,2062,unassigned
126173,2062,unassigned
126174,2062,unassigned
126175,2062,unassigned
126176,2062,unassigned
126177,2062,unassigned
126178,2062,unassigned
126179,2062,unassigned
126180,2062,unassigned
126181,2062,unassigned
126182,2062,unassigned
126183,2062,unassigned
126184,2068,Astro-Epen
126185,2062,unassigned
126186,2062,unassigned
126187,2065,Immune
126188,2062,unassigned
126189,2062,unassigned
126190,2062,unassigned
126191,2062,unassigned
126192,2062,unassigned
126193,2082,Astro-Epen
126194,2062,unassigned
126195,2062,unassigned
126196,2068,Astro-Epen
126197,2062,unassigned
126198,2062,unassigned
126199,2062,unassigned
126200,2062,unassigned
126201,2062,unassigned
126202,2062,unassigned
126203,2062,unassigned
126204,2062,unassigned
126205,2062,unassigned
126206,2062,unassigned
126207,2062,unassigned
126208,2062,unassigned
126209,2062,unassigned
126210,2062,unassigned
126211,2062,unassigned
126212,2062,unassigned
126213,2062,unassigned
126214,2062,unassigned
126215,2062,unassigned
126216,2082,Astro-Epen
126217,2082,Astro-Epen
126218,2062,unassigned
126219,2062,unassigned
126220,2062,unassigned
126221,2068,Astro-Epen
126222,2062,unassigned
126223,2062,unassigned
126224,2062,unassigned
126225,2062,unassigned
126226,2062,unassigned
126227,2062,unassigned
126228,2062,unassigned
126229,2062,unassigned
126230,2062,unassigned
126231,2062,unassigned
126232,2062,unassigned
126233,2062,unassigned
126234,2062,unassigned
126235,2062,unassigned
126236,2086,unassigned
126237,2062,unassigned
126238,2062,unassigned
126239,2062,unassigned
126240,2062,unassigned
126241,2062,unassigned
126242,2062,unassigned
126243,2062,unassigned
126244,2062,unassigned
126245,2082,Astro-Epen
126246,2062,unassigned
126247,2062,unassigned
126248,2068,Astro-Epen
126249,2062,unassigned
126250,2062,unassigned
126251,2062,unassigned
126252,2062,unassigned
126253,2062,unassigned
126254,2062,unassigned
126255,2062,unassigned
126256,2081,Astro-Epen
126257,2062,unassigned
126258,2062,unassigned
126259,2062,unassigned
126260,2062,unassigned
126261,2062,unassigned
126262,2068,Astro-Epen
126263,2062,unassigned
126264,2062,unassigned
126265,2062,unassigned
126266,2062,unassigned
126267,2062,unassigned
126268,2062,unassigned
126269,2062,unassigned
126270,2062,unassigned
126271,2062,unassigned
126272,2082,Astro-Epen
126273,2062,unassigned
126274,2062,unassigned
126275,2062,unassigned
126276,2062,unassigned
126277,2062,unassigned
126278,2062,unassigned
126279,2062,unassigned
126280,2062,unassigned
126281,2062,unassigned
126282,2062,unassigned
126283,2062,unassigned
126284,2062,unassigned
126285,2062,unassigned
126286,2062,unassigned
126287,2062,unassigned
126288,2062,unassigned
126289,2062,unassigned
126290,2068,Astro-Epen
126291,2062,unassigned
126292,2062,unassigned
126293,2062,unassigned
126294,2062,unassigned
126295,2062,unassigned
126296,2062,unassigned
126297,2062,unassigned
126298,2062,unassigned
126299,2062,unassigned
126300,2062,unassigned
126301,2062,unassigned
126302,2062,unassigned
126303,2062,unassigned
126304,2062,unassigned
126305,2062,unassigned
126306,2062,unassigned
126307,2082,Astro-Epen
126308,2062,unassigned
126309,2062,unassigned
126310,2062,unassigned
126311,2068,Astro-Epen
126312,2068,Astro-Epen
126313,2062,unassigned
126314,2062,unassigned
126315,2062,unassigned
126316,2062,unassigned
126317,2062,unassigned
126318,2062,unassigned
126319,2062,unassigned
126320,2062,unassigned
126321,2062,unassigned
126322,2062,unassigned
126323,2081,Astro-Epen
126324,2062,unassigned
126325,2062,unassigned
126326,2062,unassigned
126327,2062,unassigned
126328,2086,unassigned
126329,2062,unassigned
126330,2062,unassigned
126331,2062,unassigned
126332,2062,unassigned
126333,2062,unassigned
126334,2062,unassigned
126335,2062,unassigned
126336,2062,unassigned
126337,2062,unassigned
126338,2062,unassigned
126339,2062,unassigned
126340,2062,unassigned
126341,2062,unassigned
126342,2062,unassigned
126343,2062,unassigned
126344,2062,unassigned
126345,2062,unassigned
126346,2068,Astro-Epen
126347,2062,unassigned
126348,2062,unassigned
126349,2062,unassigned
126350,2062,unassigned
126351,2062,unassigned
126352,2062,unassigned
126353,2062,unassigned
126354,2082,Astro-Epen
126355,2062,unassigned
126356,2062,unassigned
126357,2062,unassigned
126358,2062,unassigned
126359,2062,unassigned
126360,2062,unassigned
126361,2062,unassigned
126362,2062,unassigned
126363,2062,unassigned
126364,2062,unassigned
126365,2062,unassigned
126366,2062,unassigned
126367,2062,unassigned
126368,2062,unassigned
126369,2062,unassigned
126370,2062,unassigned
126371,2062,unassigned
126372,2062,unassigned
126373,2062,unassigned
126374,2062,unassigned
126375,2062,unassigned
126376,2062,unassigned
126377,2062,unassigned
126378,2062,unassigned
126379,2062,unassigned
126380,2062,unassigned
126381,2062,unassigned
126382,2062,unassigned
126383,2062,unassigned
126384,2062,unassigned
126385,2062,unassigned
126386,2062,unassigned
126387,2062,unassigned
126388,2062,unassigned
126389,2086,unassigned
126390,2062,unassigned
126391,2062,unassigned
126392,2062,unassigned
126393,2062,unassigned
126394,2062,unassigned
126395,2062,unassigned
126396,2062,unassigned
126397,2062,unassigned
126398,2062,unassigned
126399,2062,unassigned
126400,2082,Astro-Epen
126401,2062,unassigned
126402,2082,Astro-Epen
126403,2062,unassigned
126404,2062,unassigned
126405,2062,unassigned
126406,2062,unassigned
126407,2062,unassigned
126408,2062,unassigned
126409,2062,unassigned
126410,2062,unassigned
126411,2062,unassigned
126412,2062,unassigned
126413,2062,unassigned
126414,2062,unassigned
126415,2062,unassigned
126416,2062,unassigned
126417,2062,unassigned
126418,2062,unassigned
126419,2062,unassigned
126420,2062,unassigned
126421,2062,unassigned
126422,2062,unassigned
126423,2062,unassigned
126424,2062,unassigned
126425,2062,unassigned
126426,2062,unassigned
126427,2062,unassigned
126428,2062,unassigned
126429,2062,unassigned
126430,2062,unassigned
126431,2062,unassigned
126432,2062,unassigned
126433,2062,unassigned
126434,2082,Astro-Epen
126435,2062,unassigned
126436,2062,unassigned
126437,2062,unassigned
126438,2062,unassigned
126439,2062,unassigned
126440,2062,unassigned
126441,2062,unassigned
126442,2062,unassigned
126443,2062,unassigned
126444,2062,unassigned
126445,2062,unassigned
126446,2062,unassigned
126447,2062,unassigned
126448,2062,unassigned
126449,2062,unassigned
126450,2062,unassigned
126451,2068,Astro-Epen
126452,2062,unassigned
126453,2062,unassigned
126454,2062,unassigned
126455,2062,unassigned
126456,2062,unassigned
126457,2062,unassigned
126458,2062,unassigned
126459,2062,unassigned
126460,2062,unassigned
126461,2062,unassigned
126462,2062,unassigned
126463,2068,Astro-Epen
126464,2062,unassigned
126465,2062,unassigned
126466,2062,unassigned
126467,2062,unassigned
126468,2062,unassigned
126469,2062,unassigned
126470,2062,unassigned
126471,2062,unassigned
126472,2062,unassigned
126473,2062,unassigned
126474,2062,unassigned
126475,2062,unassigned
126476,2062,unassigned
126477,2062,unassigned
126478,2062,unassigned
126479,2062,unassigned
126480,2062,unassigned
126481,2062,unassigned
126482,2062,unassigned
126483,2062,unassigned
126484,2062,unassigned
126485,2062,unassigned
126486,2062,unassigned
126487,2062,unassigned
126488,2062,unassigned
126489,2062,unassigned
126490,2062,unassigned
126491,2062,unassigned
126492,2062,unassigned
126493,2062,unassigned
126494,2062,unassigned
126495,2062,unassigned
126496,2062,unassigned
126497,2062,unassigned
126498,2068,Astro-Epen
126499,2062,unassigned
126500,2062,unassigned
126501,2062,unassigned
126502,2062,unassigned
126503,2062,unassigned
126504,2062,unassigned
126505,2062,unassigned
126506,2062,unassigned
126507,2062,unassigned
126508,2062,unassigned
126509,2062,unassigned
126510,2062,unassigned
126511,2062,unassigned
126512,2062,unassigned
126513,2062,unassigned
126514,2062,unassigned
126515,2062,unassigned
126516,2062,unassigned
126517,2062,unassigned
126518,2062,unassigned
126519,2062,unassigned
126520,2062,unassigned
126521,2062,unassigned
126522,2062,unassigned
126523,2062,unassigned
126524,2062,unassigned
126525,2062,unassigned
126526,2062,unassigned
126527,2062,unassigned
126528,2081,Astro-Epen
126529,2062,unassigned
126530,2062,unassigned
126531,2062,unassigned
126532,2062,unassigned
126533,2062,unassigned
126534,2062,unassigned
126535,2062,unassigned
126536,2062,unassigned
126537,2062,unassigned
126538,2062,unassigned
126539,2062,unassigned
126540,2062,unassigned
126541,2062,unassigned
126542,2062,unassigned
126543,2062,unassigned
126544,2062,unassigned
126545,2062,unassigned
126546,2062,unassigned
126547,2062,unassigned
126548,2062,unassigned
126549,2082,Astro-Epen
126550,2062,unassigned
126551,2062,unassigned
126552,2062,unassigned
126553,2062,unassigned
126554,2062,unassigned
126555,2062,unassigned
126556,2062,unassigned
126557,2062,unassigned
126558,2062,unassigned
126559,2062,unassigned
126560,2062,unassigned
126561,2062,unassigned
126562,2062,unassigned
126563,2062,unassigned
126564,2062,unassigned
126565,2062,unassigned
126566,2062,unassigned
126567,2062,unassigned
126568,2062,unassigned
126569,2062,unassigned
126570,2062,unassigned
126571,2062,unassigned
126572,2062,unassigned
126573,2062,unassigned
126574,2062,unassigned
126575,2062,unassigned
126576,2062,unassigned
126577,2062,unassigned
126578,2081,Astro-Epen
126579,2062,unassigned
126580,2062,unassigned
126581,2062,unassigned
126582,2062,unassigned
126583,2062,unassigned
126584,2062,unassigned
126585,2062,unassigned
126586,2062,unassigned
126587,2062,unassigned
126588,2062,unassigned
126589,2062,unassigned
126590,2062,unassigned
126591,2082,Astro-Epen
126592,2062,unassigned
126593,2062,unassigned
126594,2062,unassigned
126595,2062,unassigned
126596,2062,unassigned
126597,2062,unassigned
126598,2062,unassigned
126599,2062,unassigned
126600,2062,unassigned
126601,2062,unassigned
126602,2062,unassigned
126603,2062,unassigned
126604,2062,unassigned
126605,2062,unassigned
126606,2062,unassigned
126607,2082,Astro-Epen
126608,2082,Astro-Epen
126609,2081,Astro-Epen
126610,2062,unassigned
126611,2062,unassigned
126612,2062,unassigned
126613,2068,Astro-Epen
126614,2062,unassigned
126615,2062,unassigned
126616,2062,unassigned
126617,2062,unassigned
126618,2062,unassigned
126619,2062,unassigned
126620,2062,unassigned
126621,2062,unassigned
126622,2062,unassigned
126623,2062,unassigned
126624,2062,unassigned
126625,2082,Astro-Epen
126626,2062,unassigned
126627,2062,unassigned
126628,2062,unassigned
126629,2062,unassigned
126630,2062,unassigned
126631,2062,unassigned
126632,2062,unassigned
126633,2062,unassigned
126634,2062,unassigned
126635,2068,Astro-Epen
126636,2062,unassigned
126637,2062,unassigned
126638,2062,unassigned
126639,2062,unassigned
126640,2062,unassigned
126641,2062,unassigned
126642,2082,Astro-Epen
126643,2082,Astro-Epen
126644,2062,unassigned
126645,2082,Astro-Epen
126646,2062,unassigned
126647,2062,unassigned
126648,2062,unassigned
126649,2062,unassigned
126650,2062,unassigned
126651,2062,unassigned
126652,2062,unassigned
126653,2062,unassigned
126654,2062,unassigned
126655,2062,unassigned
126656,2062,unassigned
126657,2095,unassigned
126658,2082,Astro-Epen
126659,2062,unassigned
126660,2062,unassigned
126661,2062,unassigned
126662,2062,unassigned
126663,2086,unassigned
126664,2062,unassigned
126665,2062,unassigned
126666,2062,unassigned
126667,2062,unassigned
126668,2062,unassigned
126669,2062,unassigned
126670,2062,unassigned
126671,2062,unassigned
126672,2062,unassigned
126673,2062,unassigned
126674,2062,unassigned
126675,2062,unassigned
126676,2062,unassigned
126677,2062,unassigned
126678,2094,unassigned
126679,2062,unassigned
126680,2062,unassigned
126681,2062,unassigned
126682,2062,unassigned
126683,2062,unassigned
126684,2062,unassigned
126685,2062,unassigned
126686,2062,unassigned
126687,2062,unassigned
126688,2062,unassigned
126689,2062,unassigned
126690,2062,unassigned
126691,2062,unassigned
126692,2062,unassigned
126693,2062,unassigned
126694,2082,Astro-Epen
126695,2081,Astro-Epen
126696,2062,unassigned
126697,2082,Astro-Epen
126698,2062,unassigned
126699,2062,unassigned
126700,2062,unassigned
126701,2062,unassigned
126702,2062,unassigned
126703,2062,unassigned
126704,2062,unassigned
126705,2062,unassigned
126706,2062,unassigned
126707,2062,unassigned
126708,2062,unassigned
126709,2062,unassigned
126710,2062,unassigned
126711,2062,unassigned
126712,2062,unassigned
126713,2062,unassigned
126714,2062,unassigned
126715,2062,unassigned
126716,2062,unassigned
126717,2062,unassigned
126718,2062,unassigned
126719,2062,unassigned
126720,2062,unassigned
126721,2062,unassigned
126722,2062,unassigned
126723,2062,unassigned
126724,2062,unassigned
126725,2062,unassigned
126726,2062,unassigned
126727,2082,Astro-Epen
126728,2062,unassigned
126729,2062,unassigned
126730,2062,unassigned
126731,2062,unassigned
126732,2062,unassigned
126733,2062,unassigned
126734,2068,Astro-Epen
126735,2068,Astro-Epen
126736,2062,unassigned
126737,2068,Astro-Epen
126738,2068,Astro-Epen
126739,2062,unassigned
126740,2062,unassigned
126741,2095,unassigned
126742,2081,Astro-Epen
126743,2062,unassigned
126744,2062,unassigned
126745,2062,unassigned
126746,2062,unassigned
126747,2062,unassigned
126748,2062,unassigned
126749,2062,unassigned
126750,2062,unassigned
126751,2062,unassigned
126752,2062,unassigned
126753,2062,unassigned
126754,2062,unassigned
126755,2062,unassigned
126756,2062,unassigned
126757,2062,unassigned
126758,2062,unassigned
126759,2062,unassigned
126760,2062,unassigned
126761,2062,unassigned
126762,2062,unassigned
126763,2062,unassigned
126764,2062,unassigned
126765,2062,unassigned
126766,2062,unassigned
126767,2062,unassigned
126768,2062,unassigned
126769,2062,unassigned
126770,2062,unassigned
126771,2062,unassigned
126772,2062,unassigned
126773,2062,unassigned
126774,2062,unassigned
126775,2062,unassigned
126776,2062,unassigned
126777,2062,unassigned
126778,2062,unassigned
126779,2062,unassigned
126780,2062,unassigned
126781,2062,unassigned
126782,2062,unassigned
126783,2062,unassigned
126784,2062,unassigned
126785,2062,unassigned
126786,2062,unassigned
126787,2062,unassigned
126788,2062,unassigned
126789,2062,unassigned
126790,2062,unassigned
126791,2062,unassigned
126792,2062,unassigned
126793,2062,unassigned
126794,2062,unassigned
126795,2062,unassigned
126796,2062,unassigned
126797,2062,unassigned
126798,2062,unassigned
126799,2094,unassigned
126800,2062,unassigned
126801,2062,unassigned
126802,2062,unassigned
126803,2062,unassigned
126804,2062,unassigned
126805,2062,unassigned
126806,2062,unassigned
126807,2068,Astro-Epen
126808,2068,Astro-Epen
126809,2062,unassigned
126810,2062,unassigned
126811,2062,unassigned
126812,2062,unassigned
126813,2062,unassigned
126814,2062,unassigned
126815,2062,unassigned
126816,2062,unassigned
126817,2062,unassigned
126818,2062,unassigned
126819,2062,unassigned
126820,2062,unassigned
126821,2062,unassigned
126822,2062,unassigned
126823,2062,unassigned
126824,2062,unassigned
126825,2062,unassigned
126826,2062,unassigned
126827,2062,unassigned
126828,2062,unassigned
126829,2062,unassigned
126830,2062,unassigned
126831,2062,unassigned
126832,2062,unassigned
126833,2062,unassigned
126834,2062,unassigned
126835,2062,unassigned
126836,2062,unassigned
126837,2062,unassigned
126838,2062,unassigned
126839,2062,unassigned
126840,2086,unassigned
126841,2062,unassigned
126842,2062,unassigned
126843,2062,unassigned
126844,2062,unassigned
126845,2062,unassigned
126846,2062,unassigned
126847,2062,unassigned
126848,2062,unassigned
126849,2062,unassigned
126850,2062,unassigned
126851,2062,unassigned
126852,2062,unassigned
126853,2062,unassigned
126854,2062,unassigned
126855,2062,unassigned
126856,2062,unassigned
126857,2062,unassigned
126858,2062,unassigned
126859,2062,unassigned
126860,2062,unassigned
126861,2062,unassigned
126862,2062,unassigned
126863,2062,unassigned
126864,2062,unassigned
126865,2062,unassigned
126866,2062,unassigned
126867,2062,unassigned
126868,2062,unassigned
126869,2062,unassigned
126870,2062,unassigned
126871,2062,unassigned
126872,2062,unassigned
126873,2062,unassigned
126874,2062,unassigned
126875,2062,unassigned
126876,2062,unassigned
126877,2095,unassigned
126878,2062,unassigned
126879,2062,unassigned
126880,2062,unassigned
126881,2062,unassigned
126882,2062,unassigned
126883,2062,unassigned
126884,2062,unassigned
126885,2062,unassigned
126886,2062,unassigned
126887,2062,unassigned
126888,2062,unassigned
126889,2062,unassigned
126890,2062,unassigned
126891,2062,unassigned
126892,2062,unassigned
126893,2062,unassigned
126894,2062,unassigned
126895,2082,Astro-Epen
126896,2082,Astro-Epen
126897,2062,unassigned
126898,2062,unassigned
126899,2062,unassigned
126900,2062,unassigned
126901,2062,unassigned
126902,2062,unassigned
126903,2062,unassigned
126904,2081,Astro-Epen
126905,2062,unassigned
126906,2062,unassigned
126907,2062,unassigned
126908,2062,unassigned
126909,2062,unassigned
126910,2062,unassigned
126911,2062,unassigned
126912,2062,unassigned
126913,2062,unassigned
126914,2062,unassigned
126915,2062,unassigned
126916,2062,unassigned
126917,2062,unassigned
126918,2062,unassigned
126919,2062,unassigned
126920,2062,unassigned
126921,2062,unassigned
126922,2062,unassigned
126923,2062,unassigned
126924,2062,unassigned
126925,2062,unassigned
126926,2062,unassigned
126927,2062,unassigned
126928,2062,unassigned
126929,2062,unassigned
126930,2062,unassigned
126931,2062,unassigned
126932,2062,unassigned
126933,2062,unassigned
126934,2062,unassigned
126935,2062,unassigned
126936,2062,unassigned
126937,2068,Astro-Epen
126938,2068,Astro-Epen
126939,2068,Astro-Epen
126940,2062,unassigned
126941,2062,unassigned
126942,2062,unassigned
126943,2062,unassigned
126944,2062,unassigned
126945,2062,unassigned
126946,2062,unassigned
126947,2082,Astro-Epen
126948,2082,Astro-Epen
126949,2062,unassigned
126950,2062,unassigned
126951,2062,unassigned
126952,2062,unassigned
126953,2062,unassigned
126954,2062,unassigned
126955,2062,unassigned
126956,2081,Astro-Epen
126957,2062,unassigned
126958,2062,unassigned
126959,2062,unassigned
126960,2062,unassigned
126961,2062,unassigned
126962,2094,unassigned
126963,2062,unassigned
126964,2062,unassigned
126965,2062,unassigned
126966,2062,unassigned
126967,2062,unassigned
126968,2062,unassigned
126969,2062,unassigned
126970,2062,unassigned
126971,2062,unassigned
126972,2062,unassigned
126973,2062,unassigned
126974,2062,unassigned
126975,2062,unassigned
126976,2062,unassigned
126977,2062,unassigned
126978,2062,unassigned
126979,2062,unassigned
126980,2062,unassigned
126981,2062,unassigned
126982,2062,unassigned
126983,2062,unassigned
126984,2062,unassigned
126985,2062,unassigned
126986,2062,unassigned
126987,2062,unassigned
126988,2062,unassigned
126989,2062,unassigned
126990,2062,unassigned
126991,2062,unassigned
126992,2062,unassigned
126993,2062,unassigned
126994,2062,unassigned
126995,2062,unassigned
126996,2062,unassigned
126997,2062,unassigned
126998,2062,unassigned
126999,2062,unassigned
127000,2062,unassigned
127001,2062,unassigned
127002,2062,unassigned
127003,2062,unassigned
127004,2062,unassigned
127005,2062,unassigned
127006,2062,unassigned
127007,2062,unassigned
127008,2062,unassigned
127009,2062,unassigned
127010,2062,unassigned
127011,2062,unassigned
127012,2062,unassigned
127013,2062,unassigned
127014,2082,Astro-Epen
127015,2062,unassigned
127016,2082,Astro-Epen
127017,2062,unassigned
127018,2062,unassigned
127019,2062,unassigned
127020,2062,unassigned
127021,2062,unassigned
127022,2062,unassigned
127023,2062,unassigned
127024,2062,unassigned
127025,2062,unassigned
127026,2062,unassigned
127027,2062,unassigned
127028,2062,unassigned
127029,2062,unassigned
127030,2062,unassigned
127031,2062,unassigned
127032,2062,unassigned
127033,2062,unassigned
127034,2062,unassigned
127035,2062,unassigned
127036,2062,unassigned
127037,2062,unassigned
127038,2062,unassigned
127039,2062,unassigned
127040,2062,unassigned
127041,2062,unassigned
127042,2062,unassigned
127043,2062,unassigned
127044,2062,unassigned
127045,2062,unassigned
127046,2062,unassigned
127047,2062,unassigned
127048,2062,unassigned
127049,2062,unassigned
127050,2062,unassigned
127051,2062,unassigned
127052,2062,unassigned
127053,2062,unassigned
127054,2062,unassigned
127055,2062,unassigned
127056,2062,unassigned
127057,2062,unassigned
127058,2062,unassigned
127059,2062,unassigned
127060,2062,unassigned
127061,2062,unassigned
127062,2062,unassigned
127063,2062,unassigned
127064,2062,unassigned
127065,2062,unassigned
127066,2062,unassigned
127067,2062,unassigned
127068,2062,unassigned
127069,2062,unassigned
127070,2062,unassigned
127071,2062,unassigned
127072,2062,unassigned
127073,2062,unassigned
127074,2062,unassigned
127075,2062,unassigned
127076,2062,unassigned
127077,2062,unassigned
127078,2062,unassigned
127079,2062,unassigned
127080,2062,unassigned
127081,2062,unassigned
127082,2062,unassigned
127083,2081,Astro-Epen
127084,2062,unassigned
127085,1161,unassigned
127086,2096,unassigned
127087,1161,unassigned
127088,2096,unassigned
127089,1161,unassigned
127090,1161,unassigned
127091,1161,unassigned
127092,1161,unassigned
127093,1161,unassigned
127094,1163,unassigned
127095,2096,unassigned
127096,2096,unassigned
127097,1161,unassigned
127098,2096,unassigned
127099,2096,unassigned
127100,2096,unassigned
127101,2096,unassigned
127102,1161,unassigned
127103,2097,unassigned
127104,2097,unassigned
127105,1161,unassigned
127106,2097,unassigned
127107,1161,unassigned
127108,1161,unassigned
127109,2096,unassigned
127110,1161,unassigned
127111,1161,unassigned
127112,1161,unassigned
127113,2097,unassigned
127114,1161,unassigned
127115,2097,unassigned
127116,1161,unassigned
127117,1161,unassigned
127118,2096,unassigned
127119,1161,unassigned
127120,2096,unassigned
127121,1161,unassigned
127122,1161,unassigned
127123,1161,unassigned
127124,1161,unassigned
127125,1161,unassigned
127126,1161,unassigned
127127,1161,unassigned
127128,1161,unassigned
127129,1161,unassigned
127130,1161,unassigned
127131,1161,unassigned
127132,1161,unassigned
127133,1161,unassigned
127134,2098,unassigned
127135,2098,unassigned
127136,2099,Immune
127137,2098,unassigned
127138,2098,unassigned
127139,2098,unassigned
127140,2099,Immune
127141,2098,unassigned
127142,2098,unassigned
127143,2098,unassigned
127144,2098,unassigned
127145,2098,unassigned
127146,2098,unassigned
127147,2100,unassigned
127148,2098,unassigned
127149,2098,unassigned
127150,2101,Immune
127151,2098,unassigned
127152,2101,Immune
127153,2101,Immune
127154,2101,Immune
127155,2098,unassigned
127156,2098,unassigned
127157,2098,unassigned
127158,2098,unassigned
127159,2098,unassigned
127160,2098,unassigned
127161,2098,unassigned
127162,2098,unassigned
127163,2098,unassigned
127164,2098,unassigned
127165,2098,unassigned
127166,2098,unassigned
127167,2098,unassigned
127168,2098,unassigned
127169,2098,unassigned
127170,2098,unassigned
127171,2098,unassigned
127172,2102,GABA_Neuron
127173,2098,unassigned
127174,2098,unassigned
127175,2098,unassigned
127176,2098,unassigned
127177,2098,unassigned
127178,2098,unassigned
127179,2101,Immune
127180,2098,unassigned
127181,2098,unassigned
127182,2098,unassigned
127183,2098,unassigned
127184,2098,unassigned
127185,2103,unassigned
127186,2098,unassigned
127187,2098,unassigned
127188,2098,unassigned
127189,2098,unassigned
127190,2104,Vascular
127191,2098,unassigned
127192,2098,unassigned
127193,2098,unassigned
127194,2098,unassigned
127195,2098,unassigned
127196,2105,GABA_Neuron
127197,2098,unassigned
127198,2106,Immune
127199,2098,unassigned
127200,2098,unassigned
127201,2098,unassigned
127202,2098,unassigned
127203,2098,unassigned
127204,2098,unassigned
127205,2101,Immune
127206,2103,unassigned
127207,2098,unassigned
127208,2098,unassigned
127209,2107,unassigned
127210,2098,unassigned
127211,2098,unassigned
127212,2098,unassigned
127213,2108,unassigned
127214,2108,unassigned
127215,2104,Vascular
127216,2098,unassigned
127217,2104,Vascular
127218,2102,GABA_Neuron
127219,2098,unassigned
127220,2098,unassigned
127221,2098,unassigned
127222,2098,unassigned
127223,2098,unassigned
127224,2098,unassigned
127225,2098,unassigned
127226,2098,unassigned
127227,2098,unassigned
127228,2098,unassigned
127229,2109,Excitatory_Neuron
127230,2098,unassigned
127231,2098,unassigned
127232,2098,unassigned
127233,2098,unassigned
127234,2098,unassigned
127235,2098,unassigned
127236,2098,unassigned
127237,2098,unassigned
127238,2098,unassigned
127239,2098,unassigned
127240,2098,unassigned
127241,2098,unassigned
127242,2098,unassigned
127243,2098,unassigned
127244,2098,unassigned
127245,2110,unassigned
127246,2111,unassigned
127247,2112,unassigned
127248,2112,unassigned
127249,2098,unassigned
127250,2099,Immune
127251,2098,unassigned
127252,2101,Immune
127253,2098,unassigned
127254,2098,unassigned
127255,2098,unassigned
127256,2098,unassigned
127257,2098,unassigned
127258,2098,unassigned
127259,2098,unassigned
127260,2098,unassigned
127261,2098,unassigned
127262,2098,unassigned
127263,2098,unassigned
127264,2098,unassigned
127265,2098,unassigned
127266,2098,unassigned
127267,2113,Immune
127268,2098,unassigned
127269,2098,unassigned
127270,2098,unassigned
127271,2099,Immune
127272,2099,Immune
127273,2098,unassigned
127274,2099,Immune
127275,2098,unassigned
127276,2098,unassigned
127277,2098,unassigned
127278,2098,unassigned
127279,2098,unassigned
127280,2098,unassigned
127281,2108,unassigned
127282,2098,unassigned
127283,2098,unassigned
127284,2098,unassigned
127285,2098,unassigned
127286,2098,unassigned
127287,2098,unassigned
127288,2098,unassigned
127289,2099,Immune
127290,2098,unassigned
127291,2101,Immune
127292,2103,unassigned
127293,2098,unassigned
127294,2098,unassigned
127295,2098,unassigned
127296,2098,unassigned
127297,2098,unassigned
127298,2104,Vascular
127299,2098,unassigned
127300,2098,unassigned
127301,2114,unassigned
127302,2106,Immune
127303,2098,unassigned
127304,2098,unassigned
127305,2098,unassigned
127306,2098,unassigned
127307,2098,unassigned
127308,2103,unassigned
127309,2107,unassigned
127310,2098,unassigned
127311,2098,unassigned
127312,2098,unassigned
127313,2098,unassigned
127314,2098,unassigned
127315,2098,unassigned
127316,2098,unassigned
127317,2098,unassigned
127318,2098,unassigned
127319,2098,unassigned
127320,2098,unassigned
127321,2098,unassigned
127322,2105,GABA_Neuron
127323,2099,Immune
127324,2111,unassigned
127325,2098,unassigned
127326,2098,unassigned
127327,2098,unassigned
127328,2098,unassigned
127329,2101,Immune
127330,2098,unassigned
127331,2098,unassigned
127332,2098,unassigned
127333,2098,unassigned
127334,2098,unassigned
127335,2109,Excitatory_Neuron
127336,2098,unassigned
127337,2098,unassigned
127338,2098,unassigned
127339,2098,unassigned
127340,2098,unassigned
127341,2098,unassigned
127342,2098,unassigned
127343,2098,unassigned
127344,2098,unassigned
127345,2114,unassigned
127346,2098,unassigned
127347,2098,unassigned
127348,2098,unassigned
127349,2098,unassigned
127350,2098,unassigned
127351,2101,Immune
127352,2103,unassigned
127353,2098,unassigned
127354,2098,unassigned
127355,2098,unassigned
127356,2098,unassigned
127357,2104,Vascular
127358,2104,Vascular
127359,2098,unassigned
127360,2098,unassigned
127361,2098,unassigned
127362,2098,unassigned
127363,2111,unassigned
127364,2098,unassigned
127365,2098,unassigned
127366,2098,unassigned
127367,2101,Immune
127368,2107,unassigned
127369,2098,unassigned
127370,2098,unassigned
127371,2098,unassigned
127372,2098,unassigned
127373,2098,unassigned
127374,2098,unassigned
127375,2098,unassigned
127376,2098,unassigned
127377,2098,unassigned
127378,2098,unassigned
127379,2105,GABA_Neuron
127380,2098,unassigned
127381,2098,unassigned
127382,2111,unassigned
127383,2098,unassigned
127384,2098,unassigned
127385,2098,unassigned
127386,2107,unassigned
127387,2098,unassigned
127388,2098,unassigned
127389,2098,unassigned
127390,2098,unassigned
127391,2098,unassigned
127392,2098,unassigned
127393,2111,unassigned
127394,2098,unassigned
127395,2098,unassigned
127396,2098,unassigned
127397,2101,Immune
127398,2098,unassigned
127399,2098,unassigned
127400,2098,unassigned
127401,2098,unassigned
127402,2098,unassigned
127403,2107,unassigned
127404,2098,unassigned
127405,2098,unassigned
127406,2098,unassigned
127407,2115,unassigned
127408,2115,unassigned
127409,2098,unassigned
127410,2098,unassigned
127411,2105,GABA_Neuron
127412,2105,GABA_Neuron
127413,2112,unassigned
127414,2099,Immune
127415,2098,unassigned
127416,2098,unassigned
127417,2098,unassigned
127418,2108,unassigned
127419,2102,GABA_Neuron
127420,2098,unassigned
127421,2098,unassigned
127422,2098,unassigned
127423,2098,unassigned
127424,2098,unassigned
127425,2098,unassigned
127426,2098,unassigned
127427,2098,unassigned
127428,2098,unassigned
127429,2098,unassigned
127430,2116,Immune
127431,2099,Immune
127432,2098,unassigned
127433,2098,unassigned
127434,2098,unassigned
127435,2098,unassigned
127436,2103,unassigned
127437,2101,Immune
127438,2098,unassigned
127439,2098,unassigned
127440,2098,unassigned
127441,2098,unassigned
127442,2098,unassigned
127443,2098,unassigned
127444,2102,GABA_Neuron
127445,2098,unassigned
127446,2098,unassigned
127447,2098,unassigned
127448,2098,unassigned
127449,2098,unassigned
127450,2098,unassigned
127451,2098,unassigned
127452,2101,Immune
127453,2098,unassigned
127454,2101,Immune
127455,2108,unassigned
127456,2098,unassigned
127457,2104,Vascular
127458,2102,GABA_Neuron
127459,2098,unassigned
127460,2098,unassigned
127461,2098,unassigned
127462,2098,unassigned
127463,2098,unassigned
127464,2109,Excitatory_Neuron
127465,2106,Immune
127466,2098,unassigned
127467,2116,Immune
127468,2116,Immune
127469,2111,unassigned
127470,2098,unassigned
127471,2111,unassigned
127472,2099,Immune
127473,2116,Immune
127474,2098,unassigned
127475,2098,unassigned
127476,2098,unassigned
127477,2098,unassigned
127478,2098,unassigned
127479,2098,unassigned
127480,2098,unassigned
127481,2107,unassigned
127482,2107,unassigned
127483,2098,unassigned
127484,2108,unassigned
127485,2098,unassigned
127486,2104,Vascular
127487,2104,Vascular
127488,2098,unassigned
127489,2098,unassigned
127490,2098,unassigned
127491,2098,unassigned
127492,2098,unassigned
127493,2098,unassigned
127494,2098,unassigned
127495,2098,unassigned
127496,2113,Immune
127497,2098,unassigned
127498,2106,Immune
127499,2098,unassigned
127500,2098,unassigned
127501,2098,unassigned
127502,2102,GABA_Neuron
127503,2104,Vascular
127504,2098,unassigned
127505,2098,unassigned
127506,2098,unassigned
127507,2098,unassigned
127508,2098,unassigned
127509,2114,unassigned
127510,2098,unassigned
127511,2114,unassigned
127512,2106,Immune
127513,2098,unassigned
127514,2099,Immune
127515,2098,unassigned
127516,2098,unassigned
127517,2098,unassigned
127518,2098,unassigned
127519,2101,Immune
127520,2101,Immune
127521,2101,Immune
127522,2104,Vascular
127523,2104,Vascular
127524,2098,unassigned
127525,2098,unassigned
127526,2098,unassigned
127527,2114,unassigned
127528,2098,unassigned
127529,2098,unassigned
127530,2106,Immune
127531,2099,Immune
127532,2116,Immune
127533,2098,unassigned
127534,2098,unassigned
127535,2098,unassigned
127536,2098,unassigned
127537,2101,Immune
127538,2098,unassigned
127539,2098,unassigned
127540,2098,unassigned
127541,2114,unassigned
127542,2098,unassigned
127543,2098,unassigned
127544,2098,unassigned
127545,2098,unassigned
127546,2105,GABA_Neuron
127547,2106,Immune
127548,2116,Immune
127549,2098,unassigned
127550,2098,unassigned
127551,2099,Immune
127552,2117,GABA_Neuron
127553,2098,unassigned
127554,2098,unassigned
127555,2098,unassigned
127556,2098,unassigned
127557,2103,unassigned
127558,2098,unassigned
127559,2098,unassigned
127560,2108,unassigned
127561,2098,unassigned
127562,2104,Vascular
127563,2104,Vascular
127564,2098,unassigned
127565,2098,unassigned
127566,2098,unassigned
127567,2098,unassigned
127568,2098,unassigned
127569,2105,GABA_Neuron
127570,2106,Immune
127571,2098,unassigned
127572,2098,unassigned
127573,2098,unassigned
127574,2101,Immune
127575,2098,unassigned
127576,2098,unassigned
127577,2098,unassigned
127578,2098,unassigned
127579,2098,unassigned
127580,2098,unassigned
127581,2098,unassigned
127582,2098,unassigned
127583,2098,unassigned
127584,2098,unassigned
127585,2098,unassigned
127586,2109,Excitatory_Neuron
127587,2098,unassigned
127588,2098,unassigned
127589,2098,unassigned
127590,2111,unassigned
127591,2111,unassigned
127592,2098,unassigned
127593,2098,unassigned
127594,2100,unassigned
127595,2098,unassigned
127596,2101,Immune
127597,2098,unassigned
127598,2098,unassigned
127599,2098,unassigned
127600,2098,unassigned
127601,2098,unassigned
127602,2098,unassigned
127603,2098,unassigned
127604,2098,unassigned
127605,2098,unassigned
127606,2098,unassigned
127607,2109,Excitatory_Neuron
127608,2114,unassigned
127609,2098,unassigned
127610,2113,Immune
127611,2098,unassigned
127612,2098,unassigned
127613,2098,unassigned
127614,2098,unassigned
127615,2098,unassigned
127616,2098,unassigned
127617,2098,unassigned
127618,2098,unassigned
127619,2098,unassigned
127620,2102,GABA_Neuron
127621,2098,unassigned
127622,2098,unassigned
127623,2098,unassigned
127624,2098,unassigned
127625,2114,unassigned
127626,2098,unassigned
127627,2098,unassigned
127628,2098,unassigned
127629,2098,unassigned
127630,2098,unassigned
127631,2098,unassigned
127632,2098,unassigned
127633,2098,unassigned
127634,2098,unassigned
127635,2098,unassigned
127636,2113,Immune
127637,2098,unassigned
127638,2098,unassigned
127639,2107,unassigned
127640,2098,unassigned
127641,2107,unassigned
127642,2104,Vascular
127643,2098,unassigned
127644,2098,unassigned
127645,2114,unassigned
127646,2098,unassigned
127647,2112,unassigned
127648,2098,unassigned
127649,2098,unassigned
127650,2107,unassigned
127651,2098,unassigned
127652,2104,Vascular
127653,2104,Vascular
127654,2098,unassigned
127655,2098,unassigned
127656,2098,unassigned
127657,2098,unassigned
127658,2098,unassigned
127659,2098,unassigned
127660,2118,Excitatory_Neuron
127661,2098,unassigned
127662,2098,unassigned
127663,2098,unassigned
127664,2098,unassigned
127665,2098,unassigned
127666,2098,unassigned
127667,2098,unassigned
127668,2101,Immune
127669,2098,unassigned
127670,2108,unassigned
127671,2098,unassigned
127672,2108,unassigned
127673,2098,unassigned
127674,2104,Vascular
127675,2098,unassigned
127676,2114,unassigned
127677,2098,unassigned
127678,2098,unassigned
127679,2113,Immune
127680,2098,unassigned
127681,2098,unassigned
127682,2098,unassigned
127683,2098,unassigned
127684,2102,GABA_Neuron
127685,2102,GABA_Neuron
127686,2098,unassigned
127687,2098,unassigned
127688,2098,unassigned
127689,2098,unassigned
127690,2098,unassigned
127691,2118,Excitatory_Neuron
127692,2098,unassigned
127693,2098,unassigned
127694,2098,unassigned
127695,2098,unassigned
127696,2098,unassigned
127697,2098,unassigned
127698,2103,unassigned
127699,2098,unassigned
127700,2098,unassigned
127701,2098,unassigned
127702,2098,unassigned
127703,2098,unassigned
127704,2098,unassigned
127705,2109,Excitatory_Neuron
127706,2098,unassigned
127707,2098,unassigned
127708,2098,unassigned
127709,2098,unassigned
127710,2099,Immune
127711,2098,unassigned
127712,2098,unassigned
127713,2098,unassigned
127714,2098,unassigned
127715,2102,GABA_Neuron
127716,2098,unassigned
127717,2098,unassigned
127718,2098,unassigned
127719,2098,unassigned
127720,2098,unassigned
127721,2098,unassigned
127722,2098,unassigned
127723,2098,unassigned
127724,2098,unassigned
127725,2113,Immune
127726,2106,Immune
127727,2106,Immune
127728,2098,unassigned
127729,2098,unassigned
127730,2112,unassigned
127731,2098,unassigned
127732,2098,unassigned
127733,2098,unassigned
127734,2098,unassigned
127735,2104,Vascular
127736,2098,unassigned
127737,2098,unassigned
127738,2102,GABA_Neuron
127739,2098,unassigned
127740,2098,unassigned
127741,2109,Excitatory_Neuron
127742,2109,Excitatory_Neuron
127743,2098,unassigned
127744,2098,unassigned
127745,2098,unassigned
127746,2098,unassigned
127747,2098,unassigned
127748,2098,unassigned
127749,2098,unassigned
127750,2098,unassigned
127751,2104,Vascular
127752,2098,unassigned
127753,2098,unassigned
127754,2098,unassigned
127755,2098,unassigned
127756,2098,unassigned
127757,2119,unassigned
127758,2098,unassigned
127759,2106,Immune
127760,2105,GABA_Neuron
127761,2100,unassigned
127762,2101,Immune
127763,2098,unassigned
127764,2098,unassigned
127765,2098,unassigned
127766,2098,unassigned
127767,2098,unassigned
127768,2098,unassigned
127769,2098,unassigned
127770,2098,unassigned
127771,2098,unassigned
127772,2098,unassigned
127773,2109,Excitatory_Neuron
127774,2098,unassigned
127775,2098,unassigned
127776,2098,unassigned
127777,2098,unassigned
127778,2101,Immune
127779,2098,unassigned
127780,2098,unassigned
127781,2098,unassigned
127782,2101,Immune
127783,2098,unassigned
127784,2098,unassigned
127785,2098,unassigned
127786,2102,GABA_Neuron
127787,2098,unassigned
127788,2098,unassigned
127789,2098,unassigned
127790,2098,unassigned
127791,2098,unassigned
127792,2098,unassigned
127793,2098,unassigned
127794,2098,unassigned
127795,2098,unassigned
127796,2098,unassigned
127797,2098,unassigned
127798,2098,unassigned
127799,2098,unassigned
127800,2101,Immune
127801,2098,unassigned
127802,2098,unassigned
127803,2098,unassigned
127804,2098,unassigned
127805,2098,unassigned
127806,2098,unassigned
127807,2098,unassigned
127808,2098,unassigned
127809,2098,unassigned
127810,2098,unassigned
127811,2098,unassigned
127812,2098,unassigned
127813,2106,Immune
127814,2098,unassigned
127815,2113,Immune
127816,2098,unassigned
127817,2111,unassigned
127818,2098,unassigned
127819,2098,unassigned
127820,2120,unassigned
127821,2098,unassigned
127822,2098,unassigned
127823,2103,unassigned
127824,2098,unassigned
127825,2098,unassigned
127826,2098,unassigned
127827,2107,unassigned
127828,2098,unassigned
127829,2098,unassigned
127830,2098,unassigned
127831,2098,unassigned
127832,2098,unassigned
127833,2098,unassigned
127834,2109,Excitatory_Neuron
127835,2114,unassigned
127836,2098,unassigned
127837,2098,unassigned
127838,2106,Immune
127839,2106,Immune
127840,2098,unassigned
127841,2098,unassigned
127842,2113,Immune
127843,2098,unassigned
127844,2106,Immune
127845,2099,Immune
127846,2098,unassigned
127847,2098,unassigned
127848,2098,unassigned
127849,2098,unassigned
127850,2098,unassigned
127851,2098,unassigned
127852,2098,unassigned
127853,2104,Vascular
127854,2098,unassigned
127855,2098,unassigned
127856,2098,unassigned
127857,2114,unassigned
127858,2098,unassigned
127859,2098,unassigned
127860,2098,unassigned
127861,2098,unassigned
127862,2098,unassigned
127863,2106,Immune
127864,2113,Immune
127865,2098,unassigned
127866,2098,unassigned
127867,2098,unassigned
127868,2098,unassigned
127869,2109,Excitatory_Neuron
127870,2098,unassigned
127871,2098,unassigned
127872,2105,GABA_Neuron
127873,2098,unassigned
127874,2098,unassigned
127875,2098,unassigned
127876,2098,unassigned
127877,2098,unassigned
127878,2098,unassigned
127879,2098,unassigned
127880,2098,unassigned
127881,2098,unassigned
127882,2098,unassigned
127883,2098,unassigned
127884,2109,Excitatory_Neuron
127885,2098,unassigned
127886,2098,unassigned
127887,2098,unassigned
127888,2098,unassigned
127889,2111,unassigned
127890,2111,unassigned
127891,2100,unassigned
127892,2101,Immune
127893,2098,unassigned
127894,2098,unassigned
127895,2102,GABA_Neuron
127896,2098,unassigned
127897,2108,unassigned
127898,2098,unassigned
127899,2098,unassigned
127900,2098,unassigned
127901,2109,Excitatory_Neuron
127902,2098,unassigned
127903,2098,unassigned
127904,2098,unassigned
127905,2098,unassigned
127906,2105,GABA_Neuron
127907,2098,unassigned
127908,2098,unassigned
127909,2098,unassigned
127910,2098,unassigned
127911,2100,unassigned
127912,2098,unassigned
127913,2098,unassigned
127914,2120,unassigned
127915,2098,unassigned
127916,2098,unassigned
127917,2107,unassigned
127918,2098,unassigned
127919,2102,GABA_Neuron
127920,2104,Vascular
127921,2098,unassigned
127922,2098,unassigned
127923,2098,unassigned
127924,2098,unassigned
127925,2098,unassigned
127926,2098,unassigned
127927,2098,unassigned
127928,2098,unassigned
127929,2098,unassigned
127930,2098,unassigned
127931,2098,unassigned
127932,2098,unassigned
127933,2113,Immune
127934,2106,Immune
127935,2098,unassigned
127936,2100,unassigned
127937,2121,Immune
127938,2121,Immune
127939,2101,Immune
127940,2098,unassigned
127941,2098,unassigned
127942,2101,Immune
127943,2098,unassigned
127944,2098,unassigned
127945,2098,unassigned
127946,2104,Vascular
127947,2098,unassigned
127948,2098,unassigned
127949,2098,unassigned
127950,2098,unassigned
127951,2105,GABA_Neuron
127952,2098,unassigned
127953,2098,unassigned
127954,2106,Immune
127955,2098,unassigned
127956,2106,Immune
127957,2098,unassigned
127958,2105,GABA_Neuron
127959,2098,unassigned
127960,2098,unassigned
127961,2098,unassigned
127962,2098,unassigned
127963,2120,unassigned
127964,2101,Immune
127965,2098,unassigned
127966,2108,unassigned
127967,2098,unassigned
127968,2098,unassigned
127969,2098,unassigned
127970,2098,unassigned
127971,2098,unassigned
127972,2098,unassigned
127973,2113,Immune
127974,2098,unassigned
127975,2098,unassigned
127976,2098,unassigned
127977,2098,unassigned
127978,2098,unassigned
127979,2098,unassigned
127980,2098,unassigned
127981,2101,Immune
127982,2098,unassigned
127983,2098,unassigned
127984,2098,unassigned
127985,2108,unassigned
127986,2098,unassigned
127987,2098,unassigned
127988,2098,unassigned
127989,2098,unassigned
127990,2098,unassigned
127991,2098,unassigned
127992,2098,unassigned
127993,2098,unassigned
127994,2105,GABA_Neuron
127995,2098,unassigned
127996,2098,unassigned
127997,2098,unassigned
127998,2111,unassigned
127999,2111,unassigned
128000,2098,unassigned
128001,2098,unassigned
128002,2098,unassigned
128003,2098,unassigned
128004,2098,unassigned
128005,2101,Immune
128006,2098,unassigned
128007,2098,unassigned
128008,2098,unassigned
128009,2102,GABA_Neuron
128010,2104,Vascular
128011,2104,Vascular
128012,2109,Excitatory_Neuron
128013,2098,unassigned
128014,2113,Immune
128015,2113,Immune
128016,2106,Immune
128017,2098,unassigned
128018,2106,Immune
128019,2098,unassigned
128020,2122,unassigned
128021,2098,unassigned
128022,2107,unassigned
128023,2098,unassigned
128024,2098,unassigned
128025,2098,unassigned
128026,2098,unassigned
128027,2098,unassigned
128028,2098,unassigned
128029,2098,unassigned
128030,2098,unassigned
128031,2098,unassigned
128032,2105,GABA_Neuron
128033,2098,unassigned
128034,2098,unassigned
128035,2098,unassigned
128036,2098,unassigned
128037,2106,Immune
128038,2116,Immune
128039,2098,unassigned
128040,2098,unassigned
128041,2098,unassigned
128042,2098,unassigned
128043,2107,unassigned
128044,2098,unassigned
128045,2098,unassigned
128046,2098,unassigned
128047,2098,unassigned
128048,2098,unassigned
128049,2114,unassigned
128050,2098,unassigned
128051,2098,unassigned
128052,2098,unassigned
128053,2098,unassigned
128054,2098,unassigned
128055,2098,unassigned
128056,2100,unassigned
128057,2098,unassigned
128058,2102,GABA_Neuron
128059,2098,unassigned
128060,2104,Vascular
128061,2098,unassigned
128062,2109,Excitatory_Neuron
128063,2109,Excitatory_Neuron
128064,2109,Excitatory_Neuron
128065,2098,unassigned
128066,2098,unassigned
128067,2098,unassigned
128068,2098,unassigned
128069,2098,unassigned
128070,2098,unassigned
128071,2106,Immune
128072,2116,Immune
128073,2099,Immune
128074,2111,unassigned
128075,2098,unassigned
128076,2098,unassigned
128077,2121,Immune
128078,2103,unassigned
128079,2098,unassigned
128080,2098,unassigned
128081,2098,unassigned
128082,2098,unassigned
128083,2098,unassigned
128084,2098,unassigned
128085,2098,unassigned
128086,2098,unassigned
128087,2098,unassigned
128088,2098,unassigned
128089,2106,Immune
128090,2098,unassigned
128091,2098,unassigned
128092,2098,unassigned
128093,2098,unassigned
128094,2104,Vascular
128095,2098,unassigned
128096,2104,Vascular
128097,2098,unassigned
128098,2098,unassigned
128099,2114,unassigned
128100,2114,unassigned
128101,2098,unassigned
128102,2098,unassigned
128103,2098,unassigned
128104,2098,unassigned
128105,2098,unassigned
128106,2113,Immune
128107,2106,Immune
128108,2099,Immune
128109,2116,Immune
128110,2098,unassigned
128111,2098,unassigned
128112,2100,unassigned
128113,2098,unassigned
128114,2098,unassigned
128115,2101,Immune
128116,2098,unassigned
128117,2098,unassigned
128118,2098,unassigned
128119,2098,unassigned
128120,2098,unassigned
128121,2098,unassigned
128122,2098,unassigned
128123,2098,unassigned
128124,2106,Immune
128125,2098,unassigned
128126,2106,Immune
128127,2098,unassigned
128128,2098,unassigned
128129,2098,unassigned
128130,2098,unassigned
128131,2107,unassigned
128132,2098,unassigned
128133,2098,unassigned
128134,2098,unassigned
128135,2098,unassigned
128136,2098,unassigned
128137,2098,unassigned
128138,2098,unassigned
128139,2098,unassigned
128140,2098,unassigned
128141,2098,unassigned
128142,2106,Immune
128143,2098,unassigned
128144,2098,unassigned
128145,2098,unassigned
128146,2117,GABA_Neuron
128147,2098,unassigned
128148,2098,unassigned
128149,2101,Immune
128150,2098,unassigned
128151,2098,unassigned
128152,2098,unassigned
128153,2098,unassigned
128154,2098,unassigned
128155,2098,unassigned
128156,2098,unassigned
128157,2098,unassigned
128158,2098,unassigned
128159,2098,unassigned
128160,2098,unassigned
128161,2098,unassigned
128162,2098,unassigned
128163,2098,unassigned
128164,2106,Immune
128165,2098,unassigned
128166,2116,Immune
128167,2099,Immune
128168,2117,GABA_Neuron
128169,2098,unassigned
128170,2101,Immune
128171,2101,Immune
128172,2101,Immune
128173,2098,unassigned
128174,2098,unassigned
128175,2098,unassigned
128176,2098,unassigned
128177,2098,unassigned
128178,2098,unassigned
128179,2109,Excitatory_Neuron
128180,2098,unassigned
128181,2098,unassigned
128182,2098,unassigned
128183,2098,unassigned
128184,2117,GABA_Neuron
128185,2101,Immune
128186,2103,unassigned
128187,2101,Immune
128188,2098,unassigned
128189,2107,unassigned
128190,2107,unassigned
128191,2123,Excitatory_Neuron
128192,2098,unassigned
128193,2104,Vascular
128194,2098,unassigned
128195,2098,unassigned
128196,2112,unassigned
128197,2111,unassigned
128198,2098,unassigned
128199,2116,Immune
128200,2098,unassigned
128201,2098,unassigned
128202,2098,unassigned
128203,2098,unassigned
128204,2103,unassigned
128205,2101,Immune
128206,2098,unassigned
128207,2098,unassigned
128208,2098,unassigned
128209,2098,unassigned
128210,2098,unassigned
128211,2109,Excitatory_Neuron
128212,2098,unassigned
128213,2098,unassigned
128214,2098,unassigned
128215,2106,Immune
128216,2106,Immune
128217,2112,unassigned
128218,2099,Immune
128219,2098,unassigned
128220,2121,Immune
128221,2098,unassigned
128222,2098,unassigned
128223,2124,Astro-Epen
128224,2098,unassigned
128225,2098,unassigned
128226,2098,unassigned
128227,2098,unassigned
128228,2098,unassigned
128229,2098,unassigned
128230,2109,Excitatory_Neuron
128231,2098,unassigned
128232,2098,unassigned
128233,2098,unassigned
128234,2105,GABA_Neuron
128235,2106,Immune
128236,2098,unassigned
128237,2098,unassigned
128238,2098,unassigned
128239,2121,Immune
128240,2098,unassigned
128241,2101,Immune
128242,2098,unassigned
128243,2098,unassigned
128244,2098,unassigned
128245,2098,unassigned
128246,2107,unassigned
128247,2098,unassigned
128248,2098,unassigned
128249,2098,unassigned
128250,2098,unassigned
128251,2114,unassigned
128252,2098,unassigned
128253,2109,Excitatory_Neuron
128254,2109,Excitatory_Neuron
128255,2098,unassigned
128256,2098,unassigned
128257,2106,Immune
128258,2098,unassigned
128259,2116,Immune
128260,2098,unassigned
128261,2098,unassigned
128262,2098,unassigned
128263,2102,GABA_Neuron
128264,2098,unassigned
128265,2098,unassigned
128266,2098,unassigned
128267,2098,unassigned
128268,2125,unassigned
128269,2109,Excitatory_Neuron
128270,2098,unassigned
128271,2098,unassigned
128272,2098,unassigned
128273,2098,unassigned
128274,2098,unassigned
128275,2106,Immune
128276,2098,unassigned
128277,2116,Immune
128278,2098,unassigned
128279,2121,Immune
128280,2121,Immune
128281,2098,unassigned
128282,2098,unassigned
128283,2098,unassigned
128284,2098,unassigned
128285,2098,unassigned
128286,2098,unassigned
128287,2098,unassigned
128288,2098,unassigned
128289,2098,unassigned
128290,2108,unassigned
128291,2104,Vascular
128292,2098,unassigned
128293,2098,unassigned
128294,2098,unassigned
128295,2098,unassigned
128296,2098,unassigned
128297,2098,unassigned
128298,2098,unassigned
128299,2106,Immune
128300,2106,Immune
128301,2106,Immune
128302,2101,Immune
128303,2098,unassigned
128304,2098,unassigned
128305,2098,unassigned
128306,2107,unassigned
128307,2098,unassigned
128308,2098,unassigned
128309,2104,Vascular
128310,2098,unassigned
128311,2114,unassigned
128312,2098,unassigned
128313,2098,unassigned
128314,2098,unassigned
128315,2098,unassigned
128316,2098,unassigned
128317,2098,unassigned
128318,2098,unassigned
128319,2098,unassigned
128320,2098,unassigned
128321,2098,unassigned
128322,2126,unassigned
128323,2098,unassigned
128324,2098,unassigned
128325,2098,unassigned
128326,2098,unassigned
128327,2098,unassigned
128328,2101,Immune
128329,2098,unassigned
128330,2098,unassigned
128331,2098,unassigned
128332,2098,unassigned
128333,2098,unassigned
128334,2098,unassigned
128335,2098,unassigned
128336,2098,unassigned
128337,2098,unassigned
128338,2106,Immune
128339,2098,unassigned
128340,2113,Immune
128341,2105,GABA_Neuron
128342,2099,Immune
128343,2098,unassigned
128344,2098,unassigned
128345,2101,Immune
128346,2103,unassigned
128347,2107,unassigned
128348,2098,unassigned
128349,2098,unassigned
128350,2098,unassigned
128351,2098,unassigned
128352,2125,unassigned
128353,2098,unassigned
128354,2098,unassigned
128355,2098,unassigned
128356,2109,Excitatory_Neuron
128357,2098,unassigned
128358,2098,unassigned
128359,2098,unassigned
128360,2098,unassigned
128361,2098,unassigned
128362,2098,unassigned
128363,2120,unassigned
128364,2098,unassigned
128365,2101,Immune
128366,2098,unassigned
128367,2098,unassigned
128368,2098,unassigned
128369,2124,Astro-Epen
128370,2104,Vascular
128371,2104,Vascular
128372,2098,unassigned
128373,2098,unassigned
128374,2098,unassigned
128375,2098,unassigned
128376,2098,unassigned
128377,2105,GABA_Neuron
128378,2098,unassigned
128379,2098,unassigned
128380,2121,Immune
128381,2098,unassigned
128382,2098,unassigned
128383,2123,Excitatory_Neuron
128384,2107,unassigned
128385,2107,unassigned
128386,2123,Excitatory_Neuron
128387,2104,Vascular
128388,2104,Vascular
128389,2104,Vascular
128390,2098,unassigned
128391,2098,unassigned
128392,2098,unassigned
128393,2098,unassigned
128394,2098,unassigned
128395,2098,unassigned
128396,2098,unassigned
128397,2098,unassigned
128398,2098,unassigned
128399,2098,unassigned
128400,2098,unassigned
128401,2106,Immune
128402,2106,Immune
128403,2098,unassigned
128404,2112,unassigned
128405,2099,Immune
128406,2116,Immune
128407,2111,unassigned
128408,2098,unassigned
128409,2098,unassigned
128410,2121,Immune
128411,2098,unassigned
128412,2098,unassigned
128413,2098,unassigned
128414,2098,unassigned
128415,2098,unassigned
128416,2098,unassigned
128417,2098,unassigned
128418,2116,Immune
128419,2098,unassigned
128420,2121,Immune
128421,2098,unassigned
128422,2101,Immune
128423,2098,unassigned
128424,2127,Astro-Epen
128425,2098,unassigned
128426,2098,unassigned
128427,2098,unassigned
128428,2098,unassigned
128429,2098,unassigned
128430,2098,unassigned
128431,2098,unassigned
128432,2098,unassigned
128433,2114,unassigned
128434,2098,unassigned
128435,2098,unassigned
128436,2098,unassigned
128437,2098,unassigned
128438,2098,unassigned
128439,2098,unassigned
128440,2098,unassigned
128441,2098,unassigned
128442,2098,unassigned
128443,2098,unassigned
128444,2098,unassigned
128445,2098,unassigned
128446,2098,unassigned
128447,2100,unassigned
128448,2101,Immune
128449,2122,unassigned
128450,2098,unassigned
128451,2098,unassigned
128452,2098,unassigned
128453,2098,unassigned
128454,2098,unassigned
128455,2098,unassigned
128456,2118,Excitatory_Neuron
128457,2106,Immune
128458,2099,Immune
128459,2098,unassigned
128460,2106,Immune
128461,2116,Immune
128462,2098,unassigned
128463,2098,unassigned
128464,2098,unassigned
128465,2098,unassigned
128466,2098,unassigned
128467,2123,Excitatory_Neuron
128468,2107,unassigned
128469,2123,Excitatory_Neuron
128470,2107,unassigned
128471,2098,unassigned
128472,2098,unassigned
128473,2098,unassigned
128474,2098,unassigned
128475,2109,Excitatory_Neuron
128476,2098,unassigned
128477,2098,unassigned
128478,2098,unassigned
128479,2098,unassigned
128480,2109,Excitatory_Neuron
128481,2098,unassigned
128482,2098,unassigned
128483,2106,Immune
128484,2116,Immune
128485,2098,unassigned
128486,2098,unassigned
128487,2098,unassigned
128488,2098,unassigned
128489,2121,Immune
128490,2098,unassigned
128491,2098,unassigned
128492,2098,unassigned
128493,2102,GABA_Neuron
128494,2098,unassigned
128495,2102,GABA_Neuron
128496,2098,unassigned
128497,2098,unassigned
128498,2098,unassigned
128499,2114,unassigned
128500,2114,unassigned
128501,2098,unassigned
128502,2098,unassigned
128503,2098,unassigned
128504,2105,GABA_Neuron
128505,2098,unassigned
128506,2098,unassigned
128507,2106,Immune
128508,2098,unassigned
128509,2098,unassigned
128510,2098,unassigned
128511,2098,unassigned
128512,2118,Excitatory_Neuron
128513,2099,Immune
128514,2098,unassigned
128515,2098,unassigned
128516,2101,Immune
128517,2103,unassigned
128518,2101,Immune
128519,2098,unassigned
128520,2104,Vascular
128521,2098,unassigned
128522,2098,unassigned
128523,2098,unassigned
128524,2109,Excitatory_Neuron
128525,2109,Excitatory_Neuron
128526,2098,unassigned
128527,2098,unassigned
128528,2098,unassigned
128529,2098,unassigned
128530,2128,Astro-Epen
128531,2098,unassigned
128532,2098,unassigned
128533,2101,Immune
128534,2123,Excitatory_Neuron
128535,2098,unassigned
128536,2104,Vascular
128537,2098,unassigned
128538,2104,Vascular
128539,2098,unassigned
128540,2098,unassigned
128541,2098,unassigned
128542,2098,unassigned
128543,2098,unassigned
128544,2098,unassigned
128545,2098,unassigned
128546,2098,unassigned
128547,2098,unassigned
128548,2106,Immune
128549,2098,unassigned
128550,2116,Immune
128551,2099,Immune
128552,2098,unassigned
128553,2098,unassigned
128554,2107,unassigned
128555,2098,unassigned
128556,2098,unassigned
128557,2098,unassigned
128558,2098,unassigned
128559,2098,unassigned
128560,2098,unassigned
128561,2098,unassigned
128562,2098,unassigned
128563,2098,unassigned
128564,2098,unassigned
128565,2098,unassigned
128566,2118,Excitatory_Neuron
128567,2098,unassigned
128568,2106,Immune
128569,2113,Immune
128570,2106,Immune
128571,2117,GABA_Neuron
128572,2098,unassigned
128573,2098,unassigned
128574,2098,unassigned
128575,2100,unassigned
128576,2098,unassigned
128577,2098,unassigned
128578,2098,unassigned
128579,2098,unassigned
128580,2107,unassigned
128581,2098,unassigned
128582,2098,unassigned
128583,2098,unassigned
128584,2098,unassigned
128585,2098,unassigned
128586,2098,unassigned
128587,2098,unassigned
128588,2098,unassigned
128589,2098,unassigned
128590,2106,Immune
128591,2099,Immune
128592,2116,Immune
128593,2098,unassigned
128594,2098,unassigned
128595,2098,unassigned
128596,2098,unassigned
128597,2098,unassigned
128598,2120,unassigned
128599,2098,unassigned
128600,2098,unassigned
128601,2098,unassigned
128602,2098,unassigned
128603,2098,unassigned
128604,2107,unassigned
128605,2098,unassigned
128606,2104,Vascular
128607,2098,unassigned
128608,2098,unassigned
128609,2098,unassigned
128610,2098,unassigned
128611,2105,GABA_Neuron
128612,2098,unassigned
128613,2099,Immune
128614,2098,unassigned
128615,2098,unassigned
128616,2098,unassigned
128617,2101,Immune
128618,2098,unassigned
128619,2098,unassigned
128620,2124,Astro-Epen
128621,2102,GABA_Neuron
128622,2098,unassigned
128623,2098,unassigned
128624,2098,unassigned
128625,2098,unassigned
128626,2098,unassigned
128627,2109,Excitatory_Neuron
128628,2098,unassigned
128629,2098,unassigned
128630,2113,Immune
128631,2098,unassigned
128632,2106,Immune
128633,2105,GABA_Neuron
128634,2098,unassigned
128635,2098,unassigned
128636,2098,unassigned
128637,2128,Astro-Epen
128638,2098,unassigned
128639,2098,unassigned
128640,2098,unassigned
128641,2124,Astro-Epen
128642,2098,unassigned
128643,2098,unassigned
128644,2098,unassigned
128645,2125,unassigned
128646,2098,unassigned
128647,2109,Excitatory_Neuron
128648,2098,unassigned
128649,2098,unassigned
128650,2098,unassigned
128651,2105,GABA_Neuron
128652,2106,Immune
128653,2113,Immune
128654,2106,Immune
128655,2105,GABA_Neuron
128656,2099,Immune
128657,2099,Immune
128658,2116,Immune
128659,2098,unassigned
128660,2098,unassigned
128661,2116,Immune
128662,2098,unassigned
128663,2100,unassigned
128664,2098,unassigned
128665,2098,unassigned
128666,2098,unassigned
128667,2098,unassigned
128668,2098,unassigned
128669,2098,unassigned
128670,2098,unassigned
128671,2098,unassigned
128672,2109,Excitatory_Neuron
128673,2098,unassigned
128674,2109,Excitatory_Neuron
128675,2098,unassigned
128676,2105,GABA_Neuron
128677,2105,GABA_Neuron
128678,2098,unassigned
128679,2105,GABA_Neuron
128680,2099,Immune
128681,2099,Immune
128682,2098,unassigned
128683,2098,unassigned
128684,2098,unassigned
128685,2098,unassigned
128686,2098,unassigned
128687,2098,unassigned
128688,2098,unassigned
128689,2098,unassigned
128690,2098,unassigned
128691,2106,Immune
128692,2098,unassigned
128693,2113,Immune
128694,2106,Immune
128695,2106,Immune
128696,2098,unassigned
128697,2098,unassigned
128698,2098,unassigned
128699,2098,unassigned
128700,2098,unassigned
128701,2098,unassigned
128702,2098,unassigned
128703,2098,unassigned
128704,2123,Excitatory_Neuron
128705,2102,GABA_Neuron
128706,2098,unassigned
128707,2098,unassigned
128708,2098,unassigned
128709,2098,unassigned
128710,2098,unassigned
128711,2098,unassigned
128712,2098,unassigned
128713,2106,Immune
128714,2118,Excitatory_Neuron
128715,2113,Immune
128716,2113,Immune
128717,2099,Immune
128718,2098,unassigned
128719,2098,unassigned
128720,2098,unassigned
128721,2100,unassigned
128722,2098,unassigned
128723,2098,unassigned
128724,2101,Immune
128725,2101,Immune
128726,2098,unassigned
128727,2124,Astro-Epen
128728,2102,GABA_Neuron
128729,2098,unassigned
128730,2098,unassigned
128731,2098,unassigned
128732,2098,unassigned
128733,2098,unassigned
128734,2098,unassigned
128735,2098,unassigned
128736,2098,unassigned
128737,2098,unassigned
128738,2105,GABA_Neuron
128739,2118,Excitatory_Neuron
128740,2098,unassigned
128741,2098,unassigned
128742,2098,unassigned
128743,2098,unassigned
128744,2098,unassigned
128745,2107,unassigned
128746,2098,unassigned
128747,2098,unassigned
128748,2098,unassigned
128749,2124,Astro-Epen
128750,2124,Astro-Epen
128751,2098,unassigned
128752,2098,unassigned
128753,2109,Excitatory_Neuron
128754,2106,Immune
128755,2116,Immune
128756,2099,Immune
128757,2098,unassigned
128758,2098,unassigned
128759,2098,unassigned
128760,2121,Immune
128761,2098,unassigned
128762,2122,unassigned
128763,2098,unassigned
128764,2098,unassigned
128765,2098,unassigned
128766,2098,unassigned
128767,2101,Immune
128768,2098,unassigned
128769,2098,unassigned
128770,2098,unassigned
128771,2102,GABA_Neuron
128772,2098,unassigned
128773,2098,unassigned
128774,2098,unassigned
128775,2098,unassigned
128776,2098,unassigned
128777,2109,Excitatory_Neuron
128778,2109,Excitatory_Neuron
128779,2105,GABA_Neuron
128780,2098,unassigned
128781,2098,unassigned
128782,2113,Immune
128783,2118,Excitatory_Neuron
128784,2099,Immune
128785,2099,Immune
128786,2098,unassigned
128787,2098,unassigned
128788,2121,Immune
128789,2098,unassigned
128790,2101,Immune
128791,2101,Immune
128792,2098,unassigned
128793,2098,unassigned
128794,2098,unassigned
128795,2098,unassigned
128796,2123,Excitatory_Neuron
128797,2098,unassigned
128798,2124,Astro-Epen
128799,2124,Astro-Epen
128800,2104,Vascular
128801,2098,unassigned
128802,2124,Astro-Epen
128803,2098,unassigned
128804,2098,unassigned
128805,2114,unassigned
128806,2098,unassigned
128807,2109,Excitatory_Neuron
128808,2098,unassigned
128809,2098,unassigned
128810,2098,unassigned
128811,2098,unassigned
128812,2098,unassigned
128813,2105,GABA_Neuron
128814,2113,Immune
128815,2098,unassigned
128816,2118,Excitatory_Neuron
128817,2113,Immune
128818,2098,unassigned
128819,2098,unassigned
128820,2098,unassigned
128821,2098,unassigned
128822,2098,unassigned
128823,2098,unassigned
128824,2101,Immune
128825,2098,unassigned
128826,2098,unassigned
128827,2098,unassigned
128828,2098,unassigned
128829,2098,unassigned
128830,2098,unassigned
128831,2098,unassigned
128832,2098,unassigned
128833,2129,unassigned
128834,2098,unassigned
128835,2098,unassigned
128836,2109,Excitatory_Neuron
128837,2098,unassigned
128838,2109,Excitatory_Neuron
128839,2109,Excitatory_Neuron
128840,2098,unassigned
128841,2113,Immune
128842,2098,unassigned
128843,2112,unassigned
128844,2098,unassigned
128845,2098,unassigned
128846,2116,Immune
128847,2098,unassigned
128848,2098,unassigned
128849,2098,unassigned
128850,2098,unassigned
128851,2101,Immune
128852,2098,unassigned
128853,2098,unassigned
128854,2102,GABA_Neuron
128855,2098,unassigned
128856,2098,unassigned
128857,2098,unassigned
128858,2109,Excitatory_Neuron
128859,2098,unassigned
128860,2109,Excitatory_Neuron
128861,2098,unassigned
128862,2098,unassigned
128863,2118,Excitatory_Neuron
128864,2113,Immune
128865,2098,unassigned
128866,2105,GABA_Neuron
128867,2105,GABA_Neuron
128868,2098,unassigned
128869,2112,unassigned
128870,2117,GABA_Neuron
128871,2098,unassigned
128872,2098,unassigned
128873,2098,unassigned
128874,2098,unassigned
128875,2098,unassigned
128876,2098,unassigned
128877,2124,Astro-Epen
128878,2098,unassigned
128879,2098,unassigned
128880,2098,unassigned
128881,2098,unassigned
128882,2109,Excitatory_Neuron
128883,2098,unassigned
128884,2113,Immune
128885,2106,Immune
128886,2106,Immune
128887,2098,unassigned
128888,2118,Excitatory_Neuron
128889,2098,unassigned
128890,2100,unassigned
128891,2098,unassigned
128892,2098,unassigned
128893,2121,Immune
128894,2098,unassigned
128895,2123,Excitatory_Neuron
128896,2098,unassigned
128897,2098,unassigned
128898,2098,unassigned
128899,2098,unassigned
128900,2098,unassigned
128901,2098,unassigned
128902,2114,unassigned
128903,2109,Excitatory_Neuron
128904,2109,Excitatory_Neuron
128905,2098,unassigned
128906,2113,Immune
128907,2106,Immune
128908,2106,Immune
128909,2106,Immune
128910,2098,unassigned
128911,2098,unassigned
128912,2098,unassigned
128913,2098,unassigned
128914,2098,unassigned
128915,2098,unassigned
128916,2098,unassigned
128917,2101,Immune
128918,2098,unassigned
128919,2098,unassigned
128920,2098,unassigned
128921,2098,unassigned
128922,2098,unassigned
128923,2098,unassigned
128924,2098,unassigned
128925,2098,unassigned
128926,2098,unassigned
128927,2098,unassigned
128928,2098,unassigned
128929,2098,unassigned
128930,2118,Excitatory_Neuron
128931,2106,Immune
128932,2116,Immune
128933,2098,unassigned
128934,2098,unassigned
128935,2098,unassigned
128936,2098,unassigned
128937,2098,unassigned
128938,2098,unassigned
128939,2098,unassigned
128940,2098,unassigned
128941,2098,unassigned
128942,2102,GABA_Neuron
128943,2098,unassigned
128944,2098,unassigned
128945,2098,unassigned
128946,2098,unassigned
128947,2098,unassigned
128948,2098,unassigned
128949,2098,unassigned
128950,2111,unassigned
128951,2099,Immune
128952,2117,GABA_Neuron
128953,2098,unassigned
128954,2117,GABA_Neuron
128955,2098,unassigned
128956,2098,unassigned
128957,2101,Immune
128958,2098,unassigned
128959,2098,unassigned
128960,2098,unassigned
128961,2098,unassigned
128962,2098,unassigned
128963,2123,Excitatory_Neuron
128964,2102,GABA_Neuron
128965,2104,Vascular
128966,2104,Vascular
128967,2098,unassigned
128968,2098,unassigned
128969,2098,unassigned
128970,2109,Excitatory_Neuron
128971,2114,unassigned
128972,2098,unassigned
128973,2098,unassigned
128974,2098,unassigned
128975,2098,unassigned
128976,2112,unassigned
128977,2098,unassigned
128978,2121,Immune
128979,2120,unassigned
128980,2098,unassigned
128981,2098,unassigned
128982,2098,unassigned
128983,2098,unassigned
128984,2098,unassigned
128985,2098,unassigned
128986,2098,unassigned
128987,2098,unassigned
128988,2098,unassigned
128989,2106,Immune
128990,2098,unassigned
128991,2106,Immune
128992,2098,unassigned
128993,2098,unassigned
128994,2098,unassigned
128995,2117,GABA_Neuron
128996,2098,unassigned
128997,2121,Immune
128998,2120,unassigned
128999,2098,unassigned
129000,2098,unassigned
129001,2098,unassigned
129002,2098,unassigned
129003,2098,unassigned
129004,2098,unassigned
129005,2098,unassigned
129006,2109,Excitatory_Neuron
129007,2098,unassigned
129008,2098,unassigned
129009,2098,unassigned
129010,2113,Immune
129011,2098,unassigned
129012,2116,Immune
129013,2116,Immune
129014,2098,unassigned
129015,2098,unassigned
129016,2098,unassigned
129017,2098,unassigned
129018,2098,unassigned
129019,2098,unassigned
129020,2098,unassigned
129021,2098,unassigned
129022,2098,unassigned
129023,2098,unassigned
129024,2102,GABA_Neuron
129025,2098,unassigned
129026,2098,unassigned
129027,2109,Excitatory_Neuron
129028,2098,unassigned
129029,2109,Excitatory_Neuron
129030,2105,GABA_Neuron
129031,2098,unassigned
129032,2112,unassigned
129033,2099,Immune
129034,2098,unassigned
129035,2098,unassigned
129036,2098,unassigned
129037,2098,unassigned
129038,2098,unassigned
129039,2098,unassigned
129040,2122,unassigned
129041,2098,unassigned
129042,2098,unassigned
129043,2098,unassigned
129044,2098,unassigned
129045,2116,Immune
129046,2116,Immune
129047,2098,unassigned
129048,2098,unassigned
129049,2098,unassigned
129050,2100,unassigned
129051,2121,Immune
129052,2098,unassigned
129053,2098,unassigned
129054,2098,unassigned
129055,2104,Vascular
129056,2124,Astro-Epen
129057,2098,unassigned
129058,2098,unassigned
129059,2114,unassigned
129060,2098,unassigned
129061,2098,unassigned
129062,2118,Excitatory_Neuron
129063,2105,GABA_Neuron
129064,2105,GABA_Neuron
129065,2112,unassigned
129066,2116,Immune
129067,2098,unassigned
129068,2120,unassigned
129069,2098,unassigned
129070,2098,unassigned
129071,2098,unassigned
129072,2098,unassigned
129073,2098,unassigned
129074,2124,Astro-Epen
129075,2098,unassigned
129076,2098,unassigned
129077,2098,unassigned
129078,2098,unassigned
129079,2098,unassigned
129080,2098,unassigned
129081,2098,unassigned
129082,2098,unassigned
129083,2116,Immune
129084,2098,unassigned
129085,2098,unassigned
129086,2098,unassigned
129087,2127,Astro-Epen
129088,2098,unassigned
129089,2104,Vascular
129090,2098,unassigned
129091,2098,unassigned
129092,2098,unassigned
129093,2098,unassigned
129094,2098,unassigned
129095,2109,Excitatory_Neuron
129096,2109,Excitatory_Neuron
129097,2109,Excitatory_Neuron
129098,2109,Excitatory_Neuron
129099,2098,unassigned
129100,2098,unassigned
129101,2098,unassigned
129102,2113,Immune
129103,2099,Immune
129104,2118,Excitatory_Neuron
129105,2111,unassigned
129106,2098,unassigned
129107,2098,unassigned
129108,2098,unassigned
129109,2098,unassigned
129110,2098,unassigned
129111,2104,Vascular
129112,2098,unassigned
129113,2098,unassigned
129114,2098,unassigned
129115,2098,unassigned
129116,2098,unassigned
129117,2109,Excitatory_Neuron
129118,2113,Immune
129119,2106,Immune
129120,2098,unassigned
129121,2106,Immune
129122,2112,unassigned
129123,2098,unassigned
129124,2099,Immune
129125,2117,GABA_Neuron
129126,2098,unassigned
129127,2098,unassigned
129128,2098,unassigned
129129,2098,unassigned
129130,2098,unassigned
129131,2098,unassigned
129132,2098,unassigned
129133,2101,Immune
129134,2098,unassigned
129135,2104,Vascular
129136,2102,GABA_Neuron
129137,2098,unassigned
129138,2098,unassigned
129139,2098,unassigned
129140,2098,unassigned
129141,2098,unassigned
129142,2109,Excitatory_Neuron
129143,2098,unassigned
129144,2098,unassigned
129145,2112,unassigned
129146,2098,unassigned
129147,2099,Immune
129148,2098,unassigned
129149,2117,GABA_Neuron
129150,2098,unassigned
129151,2100,unassigned
129152,2098,unassigned
129153,2098,unassigned
129154,2098,unassigned
129155,2098,unassigned
129156,2102,GABA_Neuron
129157,2098,unassigned
129158,2098,unassigned
129159,2098,unassigned
129160,2098,unassigned
129161,2098,unassigned
129162,2098,unassigned
129163,2098,unassigned
129164,2109,Excitatory_Neuron
129165,2098,unassigned
129166,2098,unassigned
129167,2098,unassigned
129168,2105,GABA_Neuron
129169,2098,unassigned
129170,2118,Excitatory_Neuron
129171,2118,Excitatory_Neuron
129172,2098,unassigned
129173,2099,Immune
129174,2130,unassigned
129175,2116,Immune
129176,2098,unassigned
129177,2100,unassigned
129178,2098,unassigned
129179,2098,unassigned
129180,2098,unassigned
129181,2098,unassigned
129182,2098,unassigned
129183,2124,Astro-Epen
129184,2098,unassigned
129185,2098,unassigned
129186,2098,unassigned
129187,2098,unassigned
129188,2098,unassigned
129189,2106,Immune
129190,2116,Immune
129191,2116,Immune
129192,2101,Immune
129193,2098,unassigned
129194,2098,unassigned
129195,2098,unassigned
129196,2098,unassigned
129197,2104,Vascular
129198,2098,unassigned
129199,2098,unassigned
129200,2098,unassigned
129201,2098,unassigned
129202,2098,unassigned
129203,2098,unassigned
129204,2118,Excitatory_Neuron
129205,2098,unassigned
129206,2098,unassigned
129207,2098,unassigned
129208,2098,unassigned
129209,2098,unassigned
129210,2121,Immune
129211,2098,unassigned
129212,2098,unassigned
129213,2098,unassigned
129214,2101,Immune
129215,2098,unassigned
129216,2098,unassigned
129217,2098,unassigned
129218,2098,unassigned
129219,2098,unassigned
129220,2109,Excitatory_Neuron
129221,2106,Immune
129222,2118,Excitatory_Neuron
129223,2098,unassigned
129224,2113,Immune
129225,2116,Immune
129226,2099,Immune
129227,2116,Immune
129228,2098,unassigned
129229,2098,unassigned
129230,2098,unassigned
129231,2098,unassigned
129232,2098,unassigned
129233,2098,unassigned
129234,2098,unassigned
129235,2098,unassigned
129236,2124,Astro-Epen
129237,2098,unassigned
129238,2098,unassigned
129239,2098,unassigned
129240,2098,unassigned
129241,2109,Excitatory_Neuron
129242,2098,unassigned
129243,2106,Immune
129244,2098,unassigned
129245,2098,unassigned
129246,2098,unassigned
129247,2100,unassigned
129248,2098,unassigned
129249,2098,unassigned
129250,2098,unassigned
129251,2098,unassigned
129252,2098,unassigned
129253,2098,unassigned
129254,2098,unassigned
129255,2124,Astro-Epen
129256,2127,Astro-Epen
129257,2098,unassigned
129258,2104,Vascular
129259,2098,unassigned
129260,2098,unassigned
129261,2098,unassigned
129262,2098,unassigned
129263,2098,unassigned
129264,2105,GABA_Neuron
129265,2098,unassigned
129266,2098,unassigned
129267,2098,unassigned
129268,2099,Immune
129269,2116,Immune
129270,2098,unassigned
129271,2098,unassigned
129272,2098,unassigned
129273,2104,Vascular
129274,2098,unassigned
129275,2098,unassigned
129276,2098,unassigned
129277,2098,unassigned
129278,2098,unassigned
129279,2098,unassigned
129280,2131,unassigned
129281,2098,unassigned
129282,2098,unassigned
129283,2109,Excitatory_Neuron
129284,2105,GABA_Neuron
129285,2098,unassigned
129286,2113,Immune
129287,2098,unassigned
129288,2112,unassigned
129289,2106,Immune
129290,2098,unassigned
129291,2098,unassigned
129292,2101,Immune
129293,2098,unassigned
129294,2098,unassigned
129295,2098,unassigned
129296,2098,unassigned
129297,2098,unassigned
129298,2124,Astro-Epen
129299,2098,unassigned
129300,2098,unassigned
129301,2098,unassigned
129302,2113,Immune
129303,2113,Immune
129304,2106,Immune
129305,2106,Immune
129306,2112,unassigned
129307,2116,Immune
129308,2120,unassigned
129309,2098,unassigned
129310,2098,unassigned
129311,2098,unassigned
129312,2098,unassigned
129313,2124,Astro-Epen
129314,2098,unassigned
129315,2125,unassigned
129316,2098,unassigned
129317,2132,unassigned
129318,2098,unassigned
129319,2098,unassigned
129320,2098,unassigned
129321,2111,unassigned
129322,2117,GABA_Neuron
129323,2098,unassigned
129324,2100,unassigned
129325,2098,unassigned
129326,2098,unassigned
129327,2098,unassigned
129328,2120,unassigned
129329,2098,unassigned
129330,2098,unassigned
129331,2098,unassigned
129332,2098,unassigned
129333,2101,Immune
129334,2101,Immune
129335,2098,unassigned
129336,2098,unassigned
129337,2109,Excitatory_Neuron
129338,2098,unassigned
129339,2098,unassigned
129340,2098,unassigned
129341,2105,GABA_Neuron
129342,2106,Immune
129343,2118,Excitatory_Neuron
129344,2116,Immune
129345,2098,unassigned
129346,2098,unassigned
129347,2098,unassigned
129348,2121,Immune
129349,2098,unassigned
129350,2098,unassigned
129351,2098,unassigned
129352,2098,unassigned
129353,2098,unassigned
129354,2098,unassigned
129355,2104,Vascular
129356,2098,unassigned
129357,2098,unassigned
129358,2132,unassigned
129359,2098,unassigned
129360,2133,unassigned
129361,2098,unassigned
129362,2106,Immune
129363,2098,unassigned
129364,2098,unassigned
129365,2117,GABA_Neuron
129366,2098,unassigned
129367,2098,unassigned
129368,2098,unassigned
129369,2100,unassigned
129370,2098,unassigned
129371,2098,unassigned
129372,2098,unassigned
129373,2098,unassigned
129374,2098,unassigned
129375,2098,unassigned
129376,2132,unassigned
129377,2098,unassigned
129378,2098,unassigned
129379,2098,unassigned
129380,2098,unassigned
129381,2098,unassigned
129382,2098,unassigned
129383,2098,unassigned
129384,2098,unassigned
129385,2113,Immune
129386,2113,Immune
129387,2106,Immune
129388,2118,Excitatory_Neuron
129389,2118,Excitatory_Neuron
129390,2111,unassigned
129391,2116,Immune
129392,2120,unassigned
129393,2121,Immune
129394,2098,unassigned
129395,2098,unassigned
129396,2101,Immune
129397,2098,unassigned
129398,2098,unassigned
129399,2098,unassigned
129400,2098,unassigned
129401,2098,unassigned
129402,2098,unassigned
129403,2098,unassigned
129404,2098,unassigned
129405,2098,unassigned
129406,2098,unassigned
129407,2098,unassigned
129408,2105,GABA_Neuron
129409,2098,unassigned
129410,2112,unassigned
129411,2117,GABA_Neuron
129412,2098,unassigned
129413,2098,unassigned
129414,2098,unassigned
129415,2098,unassigned
129416,2098,unassigned
129417,2098,unassigned
129418,2098,unassigned
129419,2098,unassigned
129420,2098,unassigned
129421,2109,Excitatory_Neuron
129422,2114,unassigned
129423,2109,Excitatory_Neuron
129424,2098,unassigned
129425,2098,unassigned
129426,2098,unassigned
129427,2098,unassigned
129428,2106,Immune
129429,2112,unassigned
129430,2098,unassigned
129431,2098,unassigned
129432,2100,unassigned
129433,2098,unassigned
129434,2098,unassigned
129435,2098,unassigned
129436,2098,unassigned
129437,2098,unassigned
129438,2098,unassigned
129439,2098,unassigned
129440,2098,unassigned
129441,2098,unassigned
129442,2098,unassigned
129443,2098,unassigned
129444,2098,unassigned
129445,2098,unassigned
129446,2098,unassigned
129447,2107,unassigned
129448,2098,unassigned
129449,2124,Astro-Epen
129450,2098,unassigned
129451,2098,unassigned
129452,2098,unassigned
129453,2098,unassigned
129454,2098,unassigned
129455,2105,GABA_Neuron
129456,2098,unassigned
129457,2134,unassigned
129458,2098,unassigned
129459,2098,unassigned
129460,2098,unassigned
129461,2098,unassigned
129462,2098,unassigned
129463,2098,unassigned
129464,2098,unassigned
129465,2131,unassigned
129466,2098,unassigned
129467,2098,unassigned
129468,2098,unassigned
129469,2098,unassigned
129470,2106,Immune
129471,2105,GABA_Neuron
129472,2106,Immune
129473,2106,Immune
129474,2098,unassigned
129475,2098,unassigned
129476,2128,Astro-Epen
129477,2098,unassigned
129478,2098,unassigned
129479,2098,unassigned
129480,2098,unassigned
129481,2127,Astro-Epen
129482,2098,unassigned
129483,2098,unassigned
129484,2109,Excitatory_Neuron
129485,2118,Excitatory_Neuron
129486,2112,unassigned
129487,2106,Immune
129488,2112,unassigned
129489,2134,unassigned
129490,2098,unassigned
129491,2098,unassigned
129492,2121,Immune
129493,2101,Immune
129494,2098,unassigned
129495,2098,unassigned
129496,2098,unassigned
129497,2098,unassigned
129498,2098,unassigned
129499,2098,unassigned
129500,2098,unassigned
129501,2098,unassigned
129502,2132,unassigned
129503,2098,unassigned
129504,2098,unassigned
129505,2113,Immune
129506,2112,unassigned
129507,2099,Immune
129508,2116,Immune
129509,2099,Immune
129510,2121,Immune
129511,2098,unassigned
129512,2098,unassigned
129513,2121,Immune
129514,2120,unassigned
129515,2098,unassigned
129516,2098,unassigned
129517,2098,unassigned
129518,2098,unassigned
129519,2124,Astro-Epen
129520,2127,Astro-Epen
129521,2098,unassigned
129522,2098,unassigned
129523,2106,Immune
129524,2106,Immune
129525,2118,Excitatory_Neuron
129526,2113,Immune
129527,2098,unassigned
129528,2098,unassigned
129529,2098,unassigned
129530,2098,unassigned
129531,2104,Vascular
129532,2098,unassigned
129533,2098,unassigned
129534,2132,unassigned
129535,2098,unassigned
129536,2098,unassigned
129537,2109,Excitatory_Neuron
129538,2098,unassigned
129539,2098,unassigned
129540,2098,unassigned
129541,2098,unassigned
129542,2098,unassigned
129543,2098,unassigned
129544,2113,Immune
129545,2098,unassigned
129546,2105,GABA_Neuron
129547,2098,unassigned
129548,2112,unassigned
129549,2106,Immune
129550,2118,Excitatory_Neuron
129551,2118,Excitatory_Neuron
129552,2098,unassigned
129553,2098,unassigned
129554,2098,unassigned
129555,2098,unassigned
129556,2124,Astro-Epen
129557,2098,unassigned
129558,2098,unassigned
129559,2098,unassigned
129560,2113,Immune
129561,2118,Excitatory_Neuron
129562,2098,unassigned
129563,2098,unassigned
129564,2098,unassigned
129565,2124,Astro-Epen
129566,2098,unassigned
129567,2098,unassigned
129568,2098,unassigned
129569,2098,unassigned
129570,2098,unassigned
129571,2098,unassigned
129572,2098,unassigned
129573,2105,GABA_Neuron
129574,2106,Immune
129575,2113,Immune
129576,2128,Astro-Epen
129577,2098,unassigned
129578,2098,unassigned
129579,2098,unassigned
129580,2101,Immune
129581,2098,unassigned
129582,2098,unassigned
129583,2098,unassigned
129584,2098,unassigned
129585,2127,Astro-Epen
129586,2098,unassigned
129587,2098,unassigned
129588,2098,unassigned
129589,2098,unassigned
129590,2098,unassigned
129591,2132,unassigned
129592,2098,unassigned
129593,2098,unassigned
129594,2098,unassigned
129595,2098,unassigned
129596,2109,Excitatory_Neuron
129597,2098,unassigned
129598,2098,unassigned
129599,2098,unassigned
129600,2118,Excitatory_Neuron
129601,2116,Immune
129602,2128,Astro-Epen
129603,2098,unassigned
129604,2098,unassigned
129605,2098,unassigned
129606,2101,Immune
129607,2098,unassigned
129608,2098,unassigned
129609,2098,unassigned
129610,2124,Astro-Epen
129611,2124,Astro-Epen
129612,2102,GABA_Neuron
129613,2102,GABA_Neuron
129614,2098,unassigned
129615,2113,Immune
129616,2106,Immune
129617,2106,Immune
129618,2098,unassigned
129619,2128,Astro-Epen
129620,2128,Astro-Epen
129621,2098,unassigned
129622,2098,unassigned
129623,2098,unassigned
129624,2121,Immune
129625,2098,unassigned
129626,2098,unassigned
129627,2098,unassigned
129628,2098,unassigned
129629,2098,unassigned
129630,2101,Immune
129631,2098,unassigned
129632,2102,GABA_Neuron
129633,2124,Astro-Epen
129634,2124,Astro-Epen
129635,2124,Astro-Epen
129636,2104,Vascular
129637,2098,unassigned
129638,2098,unassigned
129639,2098,unassigned
129640,2098,unassigned
129641,2109,Excitatory_Neuron
129642,2098,unassigned
129643,2109,Excitatory_Neuron
129644,2106,Immune
129645,2106,Immune
129646,2098,unassigned
129647,2099,Immune
129648,2112,unassigned
129649,2098,unassigned
129650,2120,unassigned
129651,2098,unassigned
129652,2098,unassigned
129653,2124,Astro-Epen
129654,2124,Astro-Epen
129655,2098,unassigned
129656,2098,unassigned
129657,2127,Astro-Epen
129658,2098,unassigned
129659,2098,unassigned
129660,2098,unassigned
129661,2109,Excitatory_Neuron
129662,2098,unassigned
129663,2098,unassigned
129664,2098,unassigned
129665,2098,unassigned
129666,2098,unassigned
129667,2099,Immune
129668,2098,unassigned
129669,2098,unassigned
129670,2098,unassigned
129671,2098,unassigned
129672,2124,Astro-Epen
129673,2098,unassigned
129674,2132,unassigned
129675,2098,unassigned
129676,2113,Immune
129677,2098,unassigned
129678,2098,unassigned
129679,2098,unassigned
129680,2098,unassigned
129681,2101,Immune
129682,2098,unassigned
129683,2104,Vascular
129684,2098,unassigned
129685,2098,unassigned
129686,2098,unassigned
129687,2098,unassigned
129688,2105,GABA_Neuron
129689,2105,GABA_Neuron
129690,2113,Immune
129691,2098,unassigned
129692,2105,GABA_Neuron
129693,2098,unassigned
129694,2118,Excitatory_Neuron
129695,2106,Immune
129696,2099,Immune
129697,2098,unassigned
129698,2098,unassigned
129699,2098,unassigned
129700,2098,unassigned
129701,2098,unassigned
129702,2098,unassigned
129703,2098,unassigned
129704,2098,unassigned
129705,2098,unassigned
129706,2098,unassigned
129707,2098,unassigned
129708,2098,unassigned
129709,2127,Astro-Epen
129710,2127,Astro-Epen
129711,2102,GABA_Neuron
129712,2098,unassigned
129713,2098,unassigned
129714,2098,unassigned
129715,2105,GABA_Neuron
129716,2098,unassigned
129717,2106,Immune
129718,2116,Immune
129719,2098,unassigned
129720,2098,unassigned
129721,2120,unassigned
129722,2098,unassigned
129723,2101,Immune
129724,2098,unassigned
129725,2098,unassigned
129726,2098,unassigned
129727,2124,Astro-Epen
129728,2098,unassigned
129729,2098,unassigned
129730,2098,unassigned
129731,2098,unassigned
129732,2109,Excitatory_Neuron
129733,2113,Immune
129734,2113,Immune
129735,2098,unassigned
129736,2105,GABA_Neuron
129737,2098,unassigned
129738,2135,unassigned
129739,2098,unassigned
129740,2098,unassigned
129741,2098,unassigned
129742,2098,unassigned
129743,2098,unassigned
129744,2098,unassigned
129745,2098,unassigned
129746,2098,unassigned
129747,2098,unassigned
129748,2098,unassigned
129749,2109,Excitatory_Neuron
129750,2098,unassigned
129751,2109,Excitatory_Neuron
129752,2098,unassigned
129753,2106,Immune
129754,2113,Immune
129755,2113,Immune
129756,2118,Excitatory_Neuron
129757,2116,Immune
129758,2117,GABA_Neuron
129759,2098,unassigned
129760,2098,unassigned
129761,2098,unassigned
129762,2098,unassigned
129763,2101,Immune
129764,2107,unassigned
129765,2127,Astro-Epen
129766,2102,GABA_Neuron
129767,2098,unassigned
129768,2098,unassigned
129769,2098,unassigned
129770,2098,unassigned
129771,2098,unassigned
129772,2113,Immune
129773,2098,unassigned
129774,2099,Immune
129775,2098,unassigned
129776,2099,Immune
129777,2098,unassigned
129778,2099,Immune
129779,2098,unassigned
129780,2098,unassigned
129781,2098,unassigned
129782,2101,Immune
129783,2098,unassigned
129784,2124,Astro-Epen
129785,2127,Astro-Epen
129786,2098,unassigned
129787,2104,Vascular
129788,2098,unassigned
129789,2098,unassigned
129790,2098,unassigned
129791,2098,unassigned
129792,2098,unassigned
129793,2098,unassigned
129794,2098,unassigned
129795,2113,Immune
129796,2113,Immune
129797,2098,unassigned
129798,2098,unassigned
129799,2098,unassigned
129800,2098,unassigned
129801,2098,unassigned
129802,2098,unassigned
129803,2098,unassigned
129804,2098,unassigned
129805,2098,unassigned
129806,2101,Immune
129807,2098,unassigned
129808,2102,GABA_Neuron
129809,2098,unassigned
129810,2098,unassigned
129811,2098,unassigned
129812,2098,unassigned
129813,2098,unassigned
129814,2098,unassigned
129815,2098,unassigned
129816,2098,unassigned
129817,2098,unassigned
129818,2105,GABA_Neuron
129819,2106,Immune
129820,2106,Immune
129821,2112,unassigned
129822,2098,unassigned
129823,2098,unassigned
129824,2098,unassigned
129825,2101,Immune
129826,2098,unassigned
129827,2098,unassigned
129828,2123,Excitatory_Neuron
129829,2123,Excitatory_Neuron
129830,2098,unassigned
129831,2102,GABA_Neuron
129832,2102,GABA_Neuron
129833,2102,GABA_Neuron
129834,2098,unassigned
129835,2098,unassigned
129836,2098,unassigned
129837,2106,Immune
129838,2112,unassigned
129839,2098,unassigned
129840,2098,unassigned
129841,2106,Immune
129842,2106,Immune
129843,2098,unassigned
129844,2098,unassigned
129845,2098,unassigned
129846,2121,Immune
129847,2098,unassigned
129848,2098,unassigned
129849,2098,unassigned
129850,2124,Astro-Epen
129851,2098,unassigned
129852,2098,unassigned
129853,2098,unassigned
129854,2098,unassigned
129855,2106,Immune
129856,2106,Immune
129857,2112,unassigned
129858,2098,unassigned
129859,2098,unassigned
129860,2099,Immune
129861,2112,unassigned
129862,2098,unassigned
129863,2098,unassigned
129864,2100,unassigned
129865,2098,unassigned
129866,2098,unassigned
129867,2098,unassigned
129868,2098,unassigned
129869,2098,unassigned
129870,2124,Astro-Epen
129871,2098,unassigned
129872,2102,GABA_Neuron
129873,2098,unassigned
129874,2098,unassigned
129875,2098,unassigned
129876,2098,unassigned
129877,2098,unassigned
129878,2098,unassigned
129879,2098,unassigned
129880,2098,unassigned
129881,2098,unassigned
129882,2098,unassigned
129883,2098,unassigned
129884,2098,unassigned
129885,2106,Immune
129886,2098,unassigned
129887,2098,unassigned
129888,2098,unassigned
129889,2098,unassigned
129890,2098,unassigned
129891,2098,unassigned
129892,2098,unassigned
129893,2127,Astro-Epen
129894,2124,Astro-Epen
129895,2098,unassigned
129896,2098,unassigned
129897,2098,unassigned
129898,2098,unassigned
129899,2098,unassigned
129900,2125,unassigned
129901,2098,unassigned
129902,2109,Excitatory_Neuron
129903,2098,unassigned
129904,2098,unassigned
129905,2113,Immune
129906,2106,Immune
129907,2118,Excitatory_Neuron
129908,2106,Immune
129909,2112,unassigned
129910,2112,unassigned
129911,2099,Immune
129912,2098,unassigned
129913,2098,unassigned
129914,2098,unassigned
129915,2098,unassigned
129916,2123,Excitatory_Neuron
129917,2123,Excitatory_Neuron
129918,2123,Excitatory_Neuron
129919,2098,unassigned
129920,2098,unassigned
129921,2098,unassigned
129922,2098,unassigned
129923,2098,unassigned
129924,2098,unassigned
129925,2098,unassigned
129926,2098,unassigned
129927,2098,unassigned
129928,2106,Immune
129929,2113,Immune
129930,2134,unassigned
129931,2098,unassigned
129932,2117,GABA_Neuron
129933,2098,unassigned
129934,2098,unassigned
129935,2121,Immune
129936,2098,unassigned
129937,2098,unassigned
129938,2098,unassigned
129939,2098,unassigned
129940,2125,unassigned
129941,2131,unassigned
129942,2098,unassigned
129943,2098,unassigned
129944,2098,unassigned
129945,2105,GABA_Neuron
129946,2106,Immune
129947,2098,unassigned
129948,2112,unassigned
129949,2098,unassigned
129950,2098,unassigned
129951,2098,unassigned
129952,2098,unassigned
129953,2098,unassigned
129954,2098,unassigned
129955,2100,unassigned
129956,2098,unassigned
129957,2098,unassigned
129958,2098,unassigned
129959,2101,Immune
129960,2098,unassigned
129961,2098,unassigned
129962,2109,Excitatory_Neuron
129963,2098,unassigned
129964,2098,unassigned
129965,2098,unassigned
129966,2098,unassigned
129967,2099,Immune
129968,2098,unassigned
129969,2098,unassigned
129970,2098,unassigned
129971,2098,unassigned
129972,2098,unassigned
129973,2098,unassigned
129974,2098,unassigned
129975,2098,unassigned
129976,2098,unassigned
129977,2098,unassigned
129978,2098,unassigned
129979,2098,unassigned
129980,2106,Immune
129981,2106,Immune
129982,2105,GABA_Neuron
129983,2106,Immune
129984,2098,unassigned
129985,2106,Immune
129986,2113,Immune
129987,2121,Immune
129988,2123,Excitatory_Neuron
129989,2123,Excitatory_Neuron
129990,2101,Immune
129991,2098,unassigned
129992,2098,unassigned
129993,2098,unassigned
129994,2098,unassigned
129995,2098,unassigned
129996,2098,unassigned
129997,2105,GABA_Neuron
129998,2105,GABA_Neuron
129999,2112,unassigned
130000,2098,unassigned
130001,2098,unassigned
130002,2121,Immune
130003,2098,unassigned
130004,2101,Immune
130005,2098,unassigned
130006,2101,Immune
130007,2098,unassigned
130008,2098,unassigned
130009,2123,Excitatory_Neuron
130010,2098,unassigned
130011,2098,unassigned
130012,2102,GABA_Neuron
130013,2098,unassigned
130014,2098,unassigned
130015,2098,unassigned
130016,2131,unassigned
130017,2109,Excitatory_Neuron
130018,2098,unassigned
130019,2098,unassigned
130020,2098,unassigned
130021,2105,GABA_Neuron
130022,2098,unassigned
130023,2128,Astro-Epen
130024,2098,unassigned
130025,2098,unassigned
130026,2098,unassigned
130027,2101,Immune
130028,2098,unassigned
130029,2102,GABA_Neuron
130030,2098,unassigned
130031,2098,unassigned
130032,2131,unassigned
130033,2098,unassigned
130034,2098,unassigned
130035,2109,Excitatory_Neuron
130036,2098,unassigned
130037,2098,unassigned
130038,2098,unassigned
130039,2105,GABA_Neuron
130040,2113,Immune
130041,2106,Immune
130042,2098,unassigned
130043,2121,Immune
130044,2098,unassigned
130045,2121,Immune
130046,2121,Immune
130047,2098,unassigned
130048,2101,Immune
130049,2101,Immune
130050,2101,Immune
130051,2123,Excitatory_Neuron
130052,2098,unassigned
130053,2127,Astro-Epen
130054,2132,unassigned
130055,2098,unassigned
130056,2098,unassigned
130057,2098,unassigned
130058,2098,unassigned
130059,2098,unassigned
130060,2118,Excitatory_Neuron
130061,2106,Immune
130062,2098,unassigned
130063,2098,unassigned
130064,2098,unassigned
130065,2106,Immune
130066,2134,unassigned
130067,2128,Astro-Epen
130068,2098,unassigned
130069,2098,unassigned
130070,2098,unassigned
130071,2098,unassigned
130072,2098,unassigned
130073,2098,unassigned
130074,2124,Astro-Epen
130075,2127,Astro-Epen
130076,2098,unassigned
130077,2098,unassigned
130078,2098,unassigned
130079,2098,unassigned
130080,2136,unassigned
130081,2098,unassigned
130082,2098,unassigned
130083,2098,unassigned
130084,2098,unassigned
130085,2118,Excitatory_Neuron
130086,2118,Excitatory_Neuron
130087,2113,Immune
130088,2106,Immune
130089,2098,unassigned
130090,2098,unassigned
130091,2116,Immune
130092,2098,unassigned
130093,2117,GABA_Neuron
130094,2098,unassigned
130095,2098,unassigned
130096,2098,unassigned
130097,2098,unassigned
130098,2098,unassigned
130099,2098,unassigned
130100,2098,unassigned
130101,2102,GABA_Neuron
130102,2127,Astro-Epen
130103,2098,unassigned
130104,2098,unassigned
130105,2098,unassigned
130106,2098,unassigned
130107,2098,unassigned
130108,2106,Immune
130109,2098,unassigned
130110,2113,Immune
130111,2106,Immune
130112,2098,unassigned
130113,2098,unassigned
130114,2098,unassigned
130115,2098,unassigned
130116,2098,unassigned
130117,2098,unassigned
130118,2128,Astro-Epen
130119,2098,unassigned
130120,2098,unassigned
130121,2098,unassigned
130122,2098,unassigned
130123,2098,unassigned
130124,2098,unassigned
130125,2098,unassigned
130126,2123,Excitatory_Neuron
130127,2098,unassigned
130128,2104,Vascular
130129,2098,unassigned
130130,2098,unassigned
130131,2098,unassigned
130132,2098,unassigned
130133,2098,unassigned
130134,2106,Immune
130135,2113,Immune
130136,2118,Excitatory_Neuron
130137,2106,Immune
130138,2113,Immune
130139,2106,Immune
130140,2112,unassigned
130141,2134,unassigned
130142,2128,Astro-Epen
130143,2098,unassigned
130144,2098,unassigned
130145,2098,unassigned
130146,2098,unassigned
130147,2127,Astro-Epen
130148,2098,unassigned
130149,2098,unassigned
130150,2098,unassigned
130151,2098,unassigned
130152,2098,unassigned
130153,2125,unassigned
130154,2132,unassigned
130155,2098,unassigned
130156,2098,unassigned
130157,2098,unassigned
130158,2098,unassigned
130159,2098,unassigned
130160,2106,Immune
130161,2098,unassigned
130162,2098,unassigned
130163,2106,Immune
130164,2098,unassigned
130165,2098,unassigned
130166,2098,unassigned
130167,2101,Immune
130168,2098,unassigned
130169,2098,unassigned
130170,2098,unassigned
130171,2098,unassigned
130172,2098,unassigned
130173,2098,unassigned
130174,2098,unassigned
130175,2098,unassigned
130176,2131,unassigned
130177,2125,unassigned
130178,2098,unassigned
130179,2098,unassigned
130180,2098,unassigned
130181,2098,unassigned
130182,2105,GABA_Neuron
130183,2113,Immune
130184,2113,Immune
130185,2098,unassigned
130186,2098,unassigned
130187,2116,Immune
130188,2098,unassigned
130189,2121,Immune
130190,2098,unassigned
130191,2123,Excitatory_Neuron
130192,2098,unassigned
130193,2101,Immune
130194,2102,GABA_Neuron
130195,2098,unassigned
130196,2098,unassigned
130197,2098,unassigned
130198,2098,unassigned
130199,2098,unassigned
130200,2098,unassigned
130201,2113,Immune
130202,2106,Immune
130203,2113,Immune
130204,2106,Immune
130205,2098,unassigned
130206,2098,unassigned
130207,2098,unassigned
130208,2128,Astro-Epen
130209,2098,unassigned
130210,2121,Immune
130211,2101,Immune
130212,2098,unassigned
130213,2127,Astro-Epen
130214,2124,Astro-Epen
130215,2098,unassigned
130216,2098,unassigned
130217,2124,Astro-Epen
130218,2098,unassigned
130219,2098,unassigned
130220,2098,unassigned
130221,2098,unassigned
130222,2131,unassigned
130223,2136,unassigned
130224,2098,unassigned
130225,2098,unassigned
130226,2106,Immune
130227,2118,Excitatory_Neuron
130228,2098,unassigned
130229,2106,Immune
130230,2098,unassigned
130231,2112,unassigned
130232,2098,unassigned
130233,2098,unassigned
130234,2116,Immune
130235,2098,unassigned
130236,2098,unassigned
130237,2098,unassigned
130238,2124,Astro-Epen
130239,2098,unassigned
130240,2124,Astro-Epen
130241,2098,unassigned
130242,2098,unassigned
130243,2106,Immune
130244,2106,Immune
130245,2106,Immune
130246,2099,Immune
130247,2128,Astro-Epen
130248,2098,unassigned
130249,2098,unassigned
130250,2098,unassigned
130251,2098,unassigned
130252,2102,GABA_Neuron
130253,2127,Astro-Epen
130254,2124,Astro-Epen
130255,2098,unassigned
130256,2137,Excitatory_Neuron
130257,2098,unassigned
130258,2098,unassigned
130259,2098,unassigned
130260,2118,Excitatory_Neuron
130261,2098,unassigned
130262,2106,Immune
130263,2106,Immune
130264,2099,Immune
130265,2098,unassigned
130266,2098,unassigned
130267,2098,unassigned
130268,2098,unassigned
130269,2101,Immune
130270,2120,unassigned
130271,2098,unassigned
130272,2102,GABA_Neuron
130273,2124,Astro-Epen
130274,2098,unassigned
130275,2098,unassigned
130276,2098,unassigned
130277,2098,unassigned
130278,2098,unassigned
130279,2098,unassigned
130280,2098,unassigned
130281,2098,unassigned
130282,2098,unassigned
130283,2098,unassigned
130284,2098,unassigned
130285,2113,Immune
130286,2113,Immune
130287,2098,unassigned
130288,2113,Immune
130289,2106,Immune
130290,2098,unassigned
130291,2106,Immune
130292,2098,unassigned
130293,2098,unassigned
130294,2098,unassigned
130295,2098,unassigned
130296,2098,unassigned
130297,2123,Excitatory_Neuron
130298,2098,unassigned
130299,2098,unassigned
130300,2124,Astro-Epen
130301,2127,Astro-Epen
130302,2098,unassigned
130303,2131,unassigned
130304,2098,unassigned
130305,2098,unassigned
130306,2098,unassigned
130307,2098,unassigned
130308,2113,Immune
130309,2113,Immune
130310,2118,Excitatory_Neuron
130311,2106,Immune
130312,2098,unassigned
130313,2128,Astro-Epen
130314,2117,GABA_Neuron
130315,2101,Immune
130316,2098,unassigned
130317,2124,Astro-Epen
130318,2124,Astro-Epen
130319,2098,unassigned
130320,2098,unassigned
130321,2098,unassigned
130322,2098,unassigned
130323,2132,unassigned
130324,2098,unassigned
130325,2098,unassigned
130326,2098,unassigned
130327,2098,unassigned
130328,2098,unassigned
130329,2098,unassigned
130330,2098,unassigned
130331,2118,Excitatory_Neuron
130332,2098,unassigned
130333,2118,Excitatory_Neuron
130334,2098,unassigned
130335,2118,Excitatory_Neuron
130336,2116,Immune
130337,2099,Immune
130338,2112,unassigned
130339,2098,unassigned
130340,2098,unassigned
130341,2098,unassigned
130342,2123,Excitatory_Neuron
130343,2098,unassigned
130344,2123,Excitatory_Neuron
130345,2124,Astro-Epen
130346,2098,unassigned
130347,2098,unassigned
130348,2098,unassigned
130349,2098,unassigned
130350,2098,unassigned
130351,2098,unassigned
130352,2113,Immune
130353,2106,Immune
130354,2098,unassigned
130355,2098,unassigned
130356,2106,Immune
130357,2118,Excitatory_Neuron
130358,2116,Immune
130359,2100,unassigned
130360,2121,Immune
130361,2098,unassigned
130362,2098,unassigned
130363,2124,Astro-Epen
130364,2098,unassigned
130365,2102,GABA_Neuron
130366,2124,Astro-Epen
130367,2098,unassigned
130368,2098,unassigned
130369,2098,unassigned
130370,2098,unassigned
130371,2098,unassigned
130372,2098,unassigned
130373,2098,unassigned
130374,2098,unassigned
130375,2098,unassigned
130376,2113,Immune
130377,2113,Immune
130378,2098,unassigned
130379,2098,unassigned
130380,2098,unassigned
130381,2128,Astro-Epen
130382,2098,unassigned
130383,2098,unassigned
130384,2098,unassigned
130385,2098,unassigned
130386,2098,unassigned
130387,2098,unassigned
130388,2101,Immune
130389,2098,unassigned
130390,2098,unassigned
130391,2098,unassigned
130392,2098,unassigned
130393,2098,unassigned
130394,2098,unassigned
130395,2098,unassigned
130396,2098,unassigned
130397,2109,Excitatory_Neuron
130398,2098,unassigned
130399,2138,Excitatory_Neuron
130400,2098,unassigned
130401,2118,Excitatory_Neuron
130402,2098,unassigned
130403,2113,Immune
130404,2116,Immune
130405,2112,unassigned
130406,2098,unassigned
130407,2098,unassigned
130408,2101,Immune
130409,2098,unassigned
130410,2098,unassigned
130411,2098,unassigned
130412,2127,Astro-Epen
130413,2098,unassigned
130414,2098,unassigned
130415,2098,unassigned
130416,2098,unassigned
130417,2098,unassigned
130418,2098,unassigned
130419,2137,Excitatory_Neuron
130420,2098,unassigned
130421,2098,unassigned
130422,2098,unassigned
130423,2113,Immune
130424,2116,Immune
130425,2098,unassigned
130426,2112,unassigned
130427,2098,unassigned
130428,2098,unassigned
130429,2098,unassigned
130430,2098,unassigned
130431,2098,unassigned
130432,2137,Excitatory_Neuron
130433,2132,unassigned
130434,2098,unassigned
130435,2098,unassigned
130436,2098,unassigned
130437,2118,Excitatory_Neuron
130438,2099,Immune
130439,2121,Immune
130440,2098,unassigned
130441,2123,Excitatory_Neuron
130442,2098,unassigned
130443,2098,unassigned
130444,2124,Astro-Epen
130445,2098,unassigned
130446,2098,unassigned
130447,2098,unassigned
130448,2098,unassigned
130449,2098,unassigned
130450,2118,Excitatory_Neuron
130451,2113,Immune
130452,2116,Immune
130453,2112,unassigned
130454,2098,unassigned
130455,2117,GABA_Neuron
130456,2098,unassigned
130457,2101,Immune
130458,2098,unassigned
130459,2098,unassigned
130460,2098,unassigned
130461,2098,unassigned
130462,2139,Excitatory_Neuron
130463,2098,unassigned
130464,2137,Excitatory_Neuron
130465,2098,unassigned
130466,2098,unassigned
130467,2098,unassigned
130468,2098,unassigned
130469,2113,Immune
130470,2098,unassigned
130471,2106,Immune
130472,2118,Excitatory_Neuron
130473,2106,Immune
130474,2099,Immune
130475,2098,unassigned
130476,2098,unassigned
130477,2101,Immune
130478,2098,unassigned
130479,2098,unassigned
130480,2098,unassigned
130481,2102,GABA_Neuron
130482,2098,unassigned
130483,2098,unassigned
130484,2098,unassigned
130485,2098,unassigned
130486,2098,unassigned
130487,2118,Excitatory_Neuron
130488,2098,unassigned
130489,2098,unassigned
130490,2113,Immune
130491,2128,Astro-Epen
130492,2098,unassigned
130493,2121,Immune
130494,2101,Immune
130495,2098,unassigned
130496,2098,unassigned
130497,2098,unassigned
130498,2098,unassigned
130499,2098,unassigned
130500,2098,unassigned
130501,2098,unassigned
130502,2098,unassigned
130503,2127,Astro-Epen
130504,2102,GABA_Neuron
130505,2127,Astro-Epen
130506,2098,unassigned
130507,2098,unassigned
130508,2098,unassigned
130509,2140,unassigned
130510,2098,unassigned
130511,2138,Excitatory_Neuron
130512,2106,Immune
130513,2098,unassigned
130514,2098,unassigned
130515,2116,Immune
130516,2134,unassigned
130517,2098,unassigned
130518,2098,unassigned
130519,2098,unassigned
130520,2098,unassigned
130521,2127,Astro-Epen
130522,2098,unassigned
130523,2127,Astro-Epen
130524,2127,Astro-Epen
130525,2098,unassigned
130526,2137,Excitatory_Neuron
130527,2098,unassigned
130528,2138,Excitatory_Neuron
130529,2098,unassigned
130530,2098,unassigned
130531,2098,unassigned
130532,2113,Immune
130533,2106,Immune
130534,2099,Immune
130535,2098,unassigned
130536,2128,Astro-Epen
130537,2098,unassigned
130538,2124,Astro-Epen
130539,2098,unassigned
130540,2098,unassigned
130541,2136,unassigned
130542,2132,unassigned
130543,2098,unassigned
130544,2098,unassigned
130545,2109,Excitatory_Neuron
130546,2098,unassigned
130547,2098,unassigned
130548,2098,unassigned
130549,2098,unassigned
130550,2113,Immune
130551,2113,Immune
130552,2118,Excitatory_Neuron
130553,2098,unassigned
130554,2099,Immune
130555,2098,unassigned
130556,2123,Excitatory_Neuron
130557,2098,unassigned
130558,2102,GABA_Neuron
130559,2098,unassigned
130560,2098,unassigned
130561,2098,unassigned
130562,2098,unassigned
130563,2138,Excitatory_Neuron
130564,2098,unassigned
130565,2098,unassigned
130566,2098,unassigned
130567,2106,Immune
130568,2098,unassigned
130569,2098,unassigned
130570,2112,unassigned
130571,2098,unassigned
130572,2098,unassigned
130573,2121,Immune
130574,2101,Immune
130575,2098,unassigned
130576,2098,unassigned
130577,2098,unassigned
130578,2102,GABA_Neuron
130579,2098,unassigned
130580,2132,unassigned
130581,2098,unassigned
130582,2098,unassigned
130583,2098,unassigned
130584,2098,unassigned
130585,2105,GABA_Neuron
130586,2098,unassigned
130587,2098,unassigned
130588,2098,unassigned
130589,2098,unassigned
130590,2098,unassigned
130591,2098,unassigned
130592,2098,unassigned
130593,2098,unassigned
130594,2098,unassigned
130595,2098,unassigned
130596,2098,unassigned
130597,2123,Excitatory_Neuron
130598,2102,GABA_Neuron
130599,2127,Astro-Epen
130600,2098,unassigned
130601,2098,unassigned
130602,2098,unassigned
130603,2098,unassigned
130604,2098,unassigned
130605,2098,unassigned
130606,2098,unassigned
130607,2098,unassigned
130608,2113,Immune
130609,2113,Immune
130610,2099,Immune
130611,2098,unassigned
130612,2117,GABA_Neuron
130613,2098,unassigned
130614,2098,unassigned
130615,2098,unassigned
130616,2098,unassigned
130617,2098,unassigned
130618,2124,Astro-Epen
130619,2098,unassigned
130620,2098,unassigned
130621,2098,unassigned
130622,2098,unassigned
130623,2140,unassigned
130624,2098,unassigned
130625,2105,GABA_Neuron
130626,2106,Immune
130627,2106,Immune
130628,2113,Immune
130629,2113,Immune
130630,2106,Immune
130631,2118,Excitatory_Neuron
130632,2098,unassigned
130633,2098,unassigned
130634,2121,Immune
130635,2098,unassigned
130636,2098,unassigned
130637,2127,Astro-Epen
130638,2132,unassigned
130639,2137,Excitatory_Neuron
130640,2098,unassigned
130641,2098,unassigned
130642,2105,GABA_Neuron
130643,2098,unassigned
130644,2113,Immune
130645,2113,Immune
130646,2098,unassigned
130647,2098,unassigned
130648,2116,Immune
130649,2121,Immune
130650,2121,Immune
130651,2101,Immune
130652,2098,unassigned
130653,2123,Excitatory_Neuron
130654,2098,unassigned
130655,2098,unassigned
130656,2137,Excitatory_Neuron
130657,2098,unassigned
130658,2098,unassigned
130659,2098,unassigned
130660,2098,unassigned
130661,2098,unassigned
130662,2098,unassigned
130663,2098,unassigned
130664,2113,Immune
130665,2118,Excitatory_Neuron
130666,2116,Immune
130667,2116,Immune
130668,2098,unassigned
130669,2098,unassigned
130670,2098,unassigned
130671,2098,unassigned
130672,2123,Excitatory_Neuron
130673,2098,unassigned
130674,2098,unassigned
130675,2098,unassigned
130676,2113,Immune
130677,2098,unassigned
130678,2098,unassigned
130679,2128,Astro-Epen
130680,2117,GABA_Neuron
130681,2098,unassigned
130682,2121,Immune
130683,2098,unassigned
130684,2098,unassigned
130685,2107,unassigned
130686,2098,unassigned
130687,2098,unassigned
130688,2098,unassigned
130689,2098,unassigned
130690,2124,Astro-Epen
130691,2098,unassigned
130692,2124,Astro-Epen
130693,2098,unassigned
130694,2098,unassigned
130695,2098,unassigned
130696,2098,unassigned
130697,2098,unassigned
130698,2109,Excitatory_Neuron
130699,2098,unassigned
130700,2098,unassigned
130701,2098,unassigned
130702,2098,unassigned
130703,2098,unassigned
130704,2113,Immune
130705,2098,unassigned
130706,2118,Excitatory_Neuron
130707,2113,Immune
130708,2098,unassigned
130709,2106,Immune
130710,2098,unassigned
130711,2098,unassigned
130712,2098,unassigned
130713,2121,Immune
130714,2098,unassigned
130715,2098,unassigned
130716,2098,unassigned
130717,2098,unassigned
130718,2098,unassigned
130719,2123,Excitatory_Neuron
130720,2098,unassigned
130721,2098,unassigned
130722,2131,unassigned
130723,2109,Excitatory_Neuron
130724,2098,unassigned
130725,2098,unassigned
130726,2098,unassigned
130727,2106,Immune
130728,2118,Excitatory_Neuron
130729,2098,unassigned
130730,2098,unassigned
130731,2098,unassigned
130732,2120,unassigned
130733,2123,Excitatory_Neuron
130734,2098,unassigned
130735,2098,unassigned
130736,2098,unassigned
130737,2098,unassigned
130738,2124,Astro-Epen
130739,2098,unassigned
130740,2137,Excitatory_Neuron
130741,2098,unassigned
130742,2098,unassigned
130743,2098,unassigned
130744,2098,unassigned
130745,2106,Immune
130746,2098,unassigned
130747,2098,unassigned
130748,2116,Immune
130749,2098,unassigned
130750,2099,Immune
130751,2116,Immune
130752,2117,GABA_Neuron
130753,2098,unassigned
130754,2098,unassigned
130755,2098,unassigned
130756,2098,unassigned
130757,2098,unassigned
130758,2098,unassigned
130759,2098,unassigned
130760,2123,Excitatory_Neuron
130761,2098,unassigned
130762,2098,unassigned
130763,2124,Astro-Epen
130764,2127,Astro-Epen
130765,2098,unassigned
130766,2098,unassigned
130767,2098,unassigned
130768,2098,unassigned
130769,2098,unassigned
130770,2098,unassigned
130771,2098,unassigned
130772,2098,unassigned
130773,2118,Excitatory_Neuron
130774,2098,unassigned
130775,2118,Excitatory_Neuron
130776,2098,unassigned
130777,2098,unassigned
130778,2098,unassigned
130779,2101,Immune
130780,2121,Immune
130781,2098,unassigned
130782,2098,unassigned
130783,2101,Immune
130784,2098,unassigned
130785,2098,unassigned
130786,2124,Astro-Epen
130787,2098,unassigned
130788,2109,Excitatory_Neuron
130789,2098,unassigned
130790,2098,unassigned
130791,2105,GABA_Neuron
130792,2098,unassigned
130793,2106,Immune
130794,2098,unassigned
130795,2098,unassigned
130796,2128,Astro-Epen
130797,2098,unassigned
130798,2098,unassigned
130799,2098,unassigned
130800,2098,unassigned
130801,2098,unassigned
130802,2123,Excitatory_Neuron
130803,2098,unassigned
130804,2098,unassigned
130805,2098,unassigned
130806,2098,unassigned
130807,2113,Immune
130808,2118,Excitatory_Neuron
130809,2118,Excitatory_Neuron
130810,2106,Immune
130811,2116,Immune
130812,2116,Immune
130813,2098,unassigned
130814,2098,unassigned
130815,2098,unassigned
130816,2121,Immune
130817,2098,unassigned
130818,2098,unassigned
130819,2098,unassigned
130820,2136,unassigned
130821,2098,unassigned
130822,2098,unassigned
130823,2098,unassigned
130824,2109,Excitatory_Neuron
130825,2109,Excitatory_Neuron
130826,2105,GABA_Neuron
130827,2113,Immune
130828,2121,Immune
130829,2121,Immune
130830,2098,unassigned
130831,2101,Immune
130832,2098,unassigned
130833,2123,Excitatory_Neuron
130834,2124,Astro-Epen
130835,2124,Astro-Epen
130836,2098,unassigned
130837,2098,unassigned
130838,2098,unassigned
130839,2137,Excitatory_Neuron
130840,2098,unassigned
130841,2098,unassigned
130842,2109,Excitatory_Neuron
130843,2098,unassigned
130844,2098,unassigned
130845,2118,Excitatory_Neuron
130846,2118,Excitatory_Neuron
130847,2118,Excitatory_Neuron
130848,2099,Immune
130849,2098,unassigned
130850,2098,unassigned
130851,2098,unassigned
130852,2128,Astro-Epen
130853,2098,unassigned
130854,2098,unassigned
130855,2098,unassigned
130856,2098,unassigned
130857,2098,unassigned
130858,2098,unassigned
130859,2137,Excitatory_Neuron
130860,2109,Excitatory_Neuron
130861,2098,unassigned
130862,2118,Excitatory_Neuron
130863,2113,Immune
130864,2098,unassigned
130865,2116,Immune
130866,2099,Immune
130867,2099,Immune
130868,2098,unassigned
130869,2121,Immune
130870,2098,unassigned
130871,2121,Immune
130872,2098,unassigned
130873,2098,unassigned
130874,2101,Immune
130875,2098,unassigned
130876,2104,Vascular
130877,2098,unassigned
130878,2098,unassigned
130879,2098,unassigned
130880,2141,unassigned
130881,2098,unassigned
130882,2137,Excitatory_Neuron
130883,2098,unassigned
130884,2098,unassigned
130885,2118,Excitatory_Neuron
130886,2116,Immune
130887,2128,Astro-Epen
130888,2117,GABA_Neuron
130889,2098,unassigned
130890,2098,unassigned
130891,2098,unassigned
130892,2101,Immune
130893,2121,Immune
130894,2098,unassigned
130895,2098,unassigned
130896,2098,unassigned
130897,2123,Excitatory_Neuron
130898,2123,Excitatory_Neuron
130899,2098,unassigned
130900,2098,unassigned
130901,2137,Excitatory_Neuron
130902,2098,unassigned
130903,2105,GABA_Neuron
130904,2106,Immune
130905,2118,Excitatory_Neuron
130906,2098,unassigned
130907,2113,Immune
130908,2113,Immune
130909,2118,Excitatory_Neuron
130910,2116,Immune
130911,2098,unassigned
130912,2098,unassigned
130913,2098,unassigned
130914,2098,unassigned
130915,2098,unassigned
130916,2101,Immune
130917,2098,unassigned
130918,2124,Astro-Epen
130919,2123,Excitatory_Neuron
130920,2102,GABA_Neuron
130921,2098,unassigned
130922,2098,unassigned
130923,2098,unassigned
130924,2098,unassigned
130925,2142,Excitatory_Neuron
130926,2113,Immune
130927,2106,Immune
130928,2113,Immune
130929,2116,Immune
130930,2098,unassigned
130931,2098,unassigned
130932,2098,unassigned
130933,2121,Immune
130934,2098,unassigned
130935,2098,unassigned
130936,2098,unassigned
130937,2123,Excitatory_Neuron
130938,2098,unassigned
130939,2098,unassigned
130940,2137,Excitatory_Neuron
130941,2098,unassigned
130942,2098,unassigned
130943,2118,Excitatory_Neuron
130944,2106,Immune
130945,2098,unassigned
130946,2113,Immune
130947,2098,unassigned
130948,2098,unassigned
130949,2098,unassigned
130950,2098,unassigned
130951,2098,unassigned
130952,2101,Immune
130953,2101,Immune
130954,2098,unassigned
130955,2098,unassigned
130956,2139,Excitatory_Neuron
130957,2098,unassigned
130958,2098,unassigned
130959,2136,unassigned
130960,2098,unassigned
130961,2098,unassigned
130962,2105,GABA_Neuron
130963,2118,Excitatory_Neuron
130964,2116,Immune
130965,2113,Immune
130966,2098,unassigned
130967,2098,unassigned
130968,2121,Immune
130969,2098,unassigned
130970,2101,Immune
130971,2098,unassigned
130972,2098,unassigned
130973,2124,Astro-Epen
130974,2098,unassigned
130975,2098,unassigned
130976,2098,unassigned
130977,2098,unassigned
130978,2098,unassigned
130979,2098,unassigned
130980,2113,Immune
130981,2098,unassigned
130982,2118,Excitatory_Neuron
130983,2113,Immune
130984,2098,unassigned
130985,2128,Astro-Epen
130986,2121,Immune
130987,2098,unassigned
130988,2098,unassigned
130989,2098,unassigned
130990,2098,unassigned
130991,2098,unassigned
130992,2098,unassigned
130993,2123,Excitatory_Neuron
130994,2098,unassigned
130995,2098,unassigned
130996,2102,GABA_Neuron
130997,2137,Excitatory_Neuron
130998,2098,unassigned
130999,2098,unassigned
131000,2106,Immune
131001,2113,Immune
131002,2121,Immune
131003,2101,Immune
131004,2098,unassigned
131005,2098,unassigned
131006,2098,unassigned
131007,2098,unassigned
131008,2098,unassigned
131009,2098,unassigned
131010,2098,unassigned
131011,2098,unassigned
131012,2098,unassigned
131013,2098,unassigned
131014,2098,unassigned
131015,2098,unassigned
131016,2098,unassigned
131017,2098,unassigned
131018,2098,unassigned
131019,2098,unassigned
131020,2098,unassigned
131021,2098,unassigned
131022,2098,unassigned
131023,2118,Excitatory_Neuron
131024,2116,Immune
131025,2143,unassigned
131026,2099,Immune
131027,2099,Immune
131028,2098,unassigned
131029,2098,unassigned
131030,2098,unassigned
131031,2117,GABA_Neuron
131032,2117,GABA_Neuron
131033,2121,Immune
131034,2101,Immune
131035,2098,unassigned
131036,2098,unassigned
131037,2098,unassigned
131038,2123,Excitatory_Neuron
131039,2098,unassigned
131040,2098,unassigned
131041,2098,unassigned
131042,2098,unassigned
131043,2098,unassigned
131044,2098,unassigned
131045,2098,unassigned
131046,2098,unassigned
131047,2098,unassigned
131048,2106,Immune
131049,2099,Immune
131050,2128,Astro-Epen
131051,2098,unassigned
131052,2121,Immune
131053,2121,Immune
131054,2101,Immune
131055,2101,Immune
131056,2098,unassigned
131057,2098,unassigned
131058,2098,unassigned
131059,2123,Excitatory_Neuron
131060,2098,unassigned
131061,2098,unassigned
131062,2124,Astro-Epen
131063,2098,unassigned
131064,2098,unassigned
131065,2106,Immune
131066,2106,Immune
131067,2113,Immune
131068,2118,Excitatory_Neuron
131069,2121,Immune
131070,2121,Immune
131071,2121,Immune
131072,2098,unassigned
131073,2101,Immune
131074,2127,Astro-Epen
131075,2098,unassigned
131076,2098,unassigned
131077,2098,unassigned
131078,2124,Astro-Epen
131079,2098,unassigned
131080,2098,unassigned
131081,2098,unassigned
131082,2098,unassigned
131083,2098,unassigned
131084,2098,unassigned
131085,2098,unassigned
131086,2098,unassigned
131087,2098,unassigned
131088,2098,unassigned
131089,2117,GABA_Neuron
131090,2117,GABA_Neuron
131091,2098,unassigned
131092,2101,Immune
131093,2098,unassigned
131094,2098,unassigned
131095,2123,Excitatory_Neuron
131096,2098,unassigned
131097,2098,unassigned
131098,2098,unassigned
131099,2098,unassigned
131100,2098,unassigned
131101,2098,unassigned
131102,2098,unassigned
131103,2098,unassigned
131104,2098,unassigned
131105,2118,Excitatory_Neuron
131106,2106,Immune
131107,2098,unassigned
131108,2116,Immune
131109,2098,unassigned
131110,2098,unassigned
131111,2098,unassigned
131112,2098,unassigned
131113,2098,unassigned
131114,2121,Immune
131115,2098,unassigned
131116,2098,unassigned
131117,2124,Astro-Epen
131118,2098,unassigned
131119,2098,unassigned
131120,2098,unassigned
131121,2098,unassigned
131122,2106,Immune
131123,2098,unassigned
131124,2116,Immune
131125,2116,Immune
131126,2098,unassigned
131127,2098,unassigned
131128,2098,unassigned
131129,2098,unassigned
131130,2098,unassigned
131131,2098,unassigned
131132,2098,unassigned
131133,2124,Astro-Epen
131134,2123,Excitatory_Neuron
131135,2098,unassigned
131136,2098,unassigned
131137,2139,Excitatory_Neuron
131138,2098,unassigned
131139,2098,unassigned
131140,2098,unassigned
131141,2098,unassigned
131142,2106,Immune
131143,2116,Immune
131144,2098,unassigned
131145,2098,unassigned
131146,2098,unassigned
131147,2121,Immune
131148,2098,unassigned
131149,2098,unassigned
131150,2098,unassigned
131151,2098,unassigned
131152,2098,unassigned
131153,2098,unassigned
131154,2098,unassigned
131155,2098,unassigned
131156,2098,unassigned
131157,2098,unassigned
131158,2127,Astro-Epen
131159,2102,GABA_Neuron
131160,2098,unassigned
131161,2102,GABA_Neuron
131162,2098,unassigned
131163,2127,Astro-Epen
131164,2098,unassigned
131165,2098,unassigned
131166,2098,unassigned
131167,2098,unassigned
131168,2098,unassigned
131169,2118,Excitatory_Neuron
131170,2118,Excitatory_Neuron
131171,2106,Immune
131172,2113,Immune
131173,2113,Immune
131174,2098,unassigned
131175,2098,unassigned
131176,2128,Astro-Epen
131177,2121,Immune
131178,2101,Immune
131179,2098,unassigned
131180,2098,unassigned
131181,2098,unassigned
131182,2098,unassigned
131183,2098,unassigned
131184,2123,Excitatory_Neuron
131185,2098,unassigned
131186,2098,unassigned
131187,2098,unassigned
131188,2098,unassigned
131189,2098,unassigned
131190,2098,unassigned
131191,2098,unassigned
131192,2113,Immune
131193,2118,Excitatory_Neuron
131194,2106,Immune
131195,2106,Immune
131196,2106,Immune
131197,2098,unassigned
131198,2098,unassigned
131199,2123,Excitatory_Neuron
131200,2098,unassigned
131201,2098,unassigned
131202,2124,Astro-Epen
131203,2124,Astro-Epen
131204,2098,unassigned
131205,2098,unassigned
131206,2132,unassigned
131207,2098,unassigned
131208,2143,unassigned
131209,2099,Immune
131210,2098,unassigned
131211,2098,unassigned
131212,2098,unassigned
131213,2098,unassigned
131214,2098,unassigned
131215,2121,Immune
131216,2098,unassigned
131217,2098,unassigned
131218,2101,Immune
131219,2098,unassigned
131220,2098,unassigned
131221,2123,Excitatory_Neuron
131222,2098,unassigned
131223,2098,unassigned
131224,2102,GABA_Neuron
131225,2098,unassigned
131226,2098,unassigned
131227,2098,unassigned
131228,2138,Excitatory_Neuron
131229,2118,Excitatory_Neuron
131230,2106,Immune
131231,2116,Immune
131232,2106,Immune
131233,2118,Excitatory_Neuron
131234,2098,unassigned
131235,2098,unassigned
131236,2098,unassigned
131237,2123,Excitatory_Neuron
131238,2098,unassigned
131239,2098,unassigned
131240,2098,unassigned
131241,2137,Excitatory_Neuron
131242,2098,unassigned
131243,2098,unassigned
131244,2106,Immune
131245,2106,Immune
131246,2116,Immune
131247,2098,unassigned
131248,2116,Immune
131249,2121,Immune
131250,2098,unassigned
131251,2101,Immune
131252,2098,unassigned
131253,2098,unassigned
131254,2098,unassigned
131255,2124,Astro-Epen
131256,2102,GABA_Neuron
131257,2098,unassigned
131258,2098,unassigned
131259,2098,unassigned
131260,2132,unassigned
131261,2132,unassigned
131262,2098,unassigned
131263,2098,unassigned
131264,2098,unassigned
131265,2098,unassigned
131266,2113,Immune
131267,2118,Excitatory_Neuron
131268,2118,Excitatory_Neuron
131269,2116,Immune
131270,2117,GABA_Neuron
131271,2121,Immune
131272,2101,Immune
131273,2098,unassigned
131274,2123,Excitatory_Neuron
131275,2098,unassigned
131276,2098,unassigned
131277,2124,Astro-Epen
131278,2124,Astro-Epen
131279,2098,unassigned
131280,2127,Astro-Epen
131281,2098,unassigned
131282,2098,unassigned
131283,2098,unassigned
131284,2098,unassigned
131285,2098,unassigned
131286,2106,Immune
131287,2118,Excitatory_Neuron
131288,2118,Excitatory_Neuron
131289,2098,unassigned
131290,2098,unassigned
131291,2098,unassigned
131292,2098,unassigned
131293,2098,unassigned
131294,2123,Excitatory_Neuron
131295,2098,unassigned
131296,2098,unassigned
131297,2098,unassigned
131298,2098,unassigned
131299,2098,unassigned
131300,2118,Excitatory_Neuron
131301,2118,Excitatory_Neuron
131302,2106,Immune
131303,2098,unassigned
131304,2098,unassigned
131305,2098,unassigned
131306,2128,Astro-Epen
131307,2098,unassigned
131308,2098,unassigned
131309,2098,unassigned
131310,2098,unassigned
131311,2127,Astro-Epen
131312,2124,Astro-Epen
131313,2098,unassigned
131314,2098,unassigned
131315,2098,unassigned
131316,2098,unassigned
131317,2098,unassigned
131318,2098,unassigned
131319,2098,unassigned
131320,2098,unassigned
131321,2106,Immune
131322,2116,Immune
131323,2099,Immune
131324,2116,Immune
131325,2098,unassigned
131326,2117,GABA_Neuron
131327,2128,Astro-Epen
131328,2098,unassigned
131329,2101,Immune
131330,2121,Immune
131331,2101,Immune
131332,2098,unassigned
131333,2098,unassigned
131334,2098,unassigned
131335,2124,Astro-Epen
131336,2127,Astro-Epen
131337,2098,unassigned
131338,2098,unassigned
131339,2098,unassigned
131340,2098,unassigned
131341,2132,unassigned
131342,2098,unassigned
131343,2098,unassigned
131344,2098,unassigned
131345,2144,unassigned
131346,2116,Immune
131347,2116,Immune
131348,2098,unassigned
131349,2098,unassigned
131350,2101,Immune
131351,2123,Excitatory_Neuron
131352,2098,unassigned
131353,2132,unassigned
131354,2132,unassigned
131355,2098,unassigned
131356,2118,Excitatory_Neuron
131357,2118,Excitatory_Neuron
131358,2106,Immune
131359,2098,unassigned
131360,2098,unassigned
131361,2116,Immune
131362,2098,unassigned
131363,2098,unassigned
131364,2098,unassigned
131365,2101,Immune
131366,2101,Immune
131367,2098,unassigned
131368,2098,unassigned
131369,2098,unassigned
131370,2102,GABA_Neuron
131371,2098,unassigned
131372,2124,Astro-Epen
131373,2098,unassigned
131374,2098,unassigned
131375,2098,unassigned
131376,2098,unassigned
131377,2098,unassigned
131378,2118,Excitatory_Neuron
131379,2106,Immune
131380,2118,Excitatory_Neuron
131381,2118,Excitatory_Neuron
131382,2098,unassigned
131383,2128,Astro-Epen
131384,2098,unassigned
131385,2098,unassigned
131386,2098,unassigned
131387,2098,unassigned
131388,2098,unassigned
131389,2098,unassigned
131390,2137,Excitatory_Neuron
131391,2098,unassigned
131392,2098,unassigned
131393,2142,Excitatory_Neuron
131394,2138,Excitatory_Neuron
131395,2106,Immune
131396,2098,unassigned
131397,2099,Immune
131398,2116,Immune
131399,2099,Immune
131400,2116,Immune
131401,2121,Immune
131402,2101,Immune
131403,2098,unassigned
131404,2098,unassigned
131405,2098,unassigned
131406,2098,unassigned
131407,2124,Astro-Epen
131408,2098,unassigned
131409,2127,Astro-Epen
131410,2098,unassigned
131411,2098,unassigned
131412,2098,unassigned
131413,2098,unassigned
131414,2098,unassigned
131415,2098,unassigned
131416,2098,unassigned
131417,2118,Excitatory_Neuron
131418,2098,unassigned
131419,2118,Excitatory_Neuron
131420,2143,unassigned
131421,2123,Excitatory_Neuron
131422,2127,Astro-Epen
131423,2137,Excitatory_Neuron
131424,2098,unassigned
131425,2098,unassigned
131426,2113,Immune
131427,2118,Excitatory_Neuron
131428,2098,unassigned
131429,2098,unassigned
131430,2098,unassigned
131431,2121,Immune
131432,2098,unassigned
131433,2101,Immune
131434,2098,unassigned
131435,2098,unassigned
131436,2098,unassigned
131437,2098,unassigned
131438,2139,Excitatory_Neuron
131439,2098,unassigned
131440,2098,unassigned
131441,2137,Excitatory_Neuron
131442,2132,unassigned
131443,2137,Excitatory_Neuron
131444,2098,unassigned
131445,2106,Immune
131446,2113,Immune
131447,2113,Immune
131448,2121,Immune
131449,2121,Immune
131450,2098,unassigned
131451,2098,unassigned
131452,2139,Excitatory_Neuron
131453,2098,unassigned
131454,2098,unassigned
131455,2098,unassigned
131456,2137,Excitatory_Neuron
131457,2137,Excitatory_Neuron
131458,2109,Excitatory_Neuron
131459,2098,unassigned
131460,2098,unassigned
131461,2118,Excitatory_Neuron
131462,2099,Immune
131463,2098,unassigned
131464,2123,Excitatory_Neuron
131465,2123,Excitatory_Neuron
131466,2098,unassigned
131467,2123,Excitatory_Neuron
131468,2098,unassigned
131469,2127,Astro-Epen
131470,2139,Excitatory_Neuron
131471,2098,unassigned
131472,2098,unassigned
131473,2132,unassigned
131474,2132,unassigned
131475,2137,Excitatory_Neuron
131476,2098,unassigned
131477,2098,unassigned
131478,2109,Excitatory_Neuron
131479,2098,unassigned
131480,2113,Immune
131481,2106,Immune
131482,2118,Excitatory_Neuron
131483,2098,unassigned
131484,2106,Immune
131485,2106,Immune
131486,2116,Immune
131487,2116,Immune
131488,2099,Immune
131489,2098,unassigned
131490,2101,Immune
131491,2101,Immune
131492,2098,unassigned
131493,2098,unassigned
131494,2098,unassigned
131495,2109,Excitatory_Neuron
131496,2098,unassigned
131497,2098,unassigned
131498,2142,Excitatory_Neuron
131499,2106,Immune
131500,2106,Immune
131501,2116,Immune
131502,2098,unassigned
131503,2098,unassigned
131504,2098,unassigned
131505,2121,Immune
131506,2101,Immune
131507,2098,unassigned
131508,2098,unassigned
131509,2123,Excitatory_Neuron
131510,2123,Excitatory_Neuron
131511,2137,Excitatory_Neuron
131512,2142,Excitatory_Neuron
131513,2098,unassigned
131514,2106,Immune
131515,2106,Immune
131516,2118,Excitatory_Neuron
131517,2099,Immune
131518,2098,unassigned
131519,2128,Astro-Epen
131520,2121,Immune
131521,2123,Excitatory_Neuron
131522,2098,unassigned
131523,2124,Astro-Epen
131524,2098,unassigned
131525,2127,Astro-Epen
131526,2124,Astro-Epen
131527,2139,Excitatory_Neuron
131528,2098,unassigned
131529,2098,unassigned
131530,2137,Excitatory_Neuron
131531,2098,unassigned
131532,2142,Excitatory_Neuron
131533,2098,unassigned
131534,2098,unassigned
131535,2118,Excitatory_Neuron
131536,2098,unassigned
131537,2098,unassigned
131538,2117,GABA_Neuron
131539,2098,unassigned
131540,2121,Immune
131541,2098,unassigned
131542,2098,unassigned
131543,2098,unassigned
131544,2123,Excitatory_Neuron
131545,2123,Excitatory_Neuron
131546,2123,Excitatory_Neuron
131547,2098,unassigned
131548,2098,unassigned
131549,2123,Excitatory_Neuron
131550,2098,unassigned
131551,2098,unassigned
131552,2132,unassigned
131553,2098,unassigned
131554,2098,unassigned
131555,2098,unassigned
131556,2098,unassigned
131557,2098,unassigned
131558,2128,Astro-Epen
131559,2098,unassigned
131560,2098,unassigned
131561,2098,unassigned
131562,2098,unassigned
131563,2098,unassigned
131564,2098,unassigned
131565,2139,Excitatory_Neuron
131566,2139,Excitatory_Neuron
131567,2145,Immune
131568,2098,unassigned
131569,2137,Excitatory_Neuron
131570,2098,unassigned
131571,2098,unassigned
131572,2098,unassigned
131573,2098,unassigned
131574,2098,unassigned
131575,2098,unassigned
131576,2098,unassigned
131577,2138,Excitatory_Neuron
131578,2106,Immune
131579,2098,unassigned
131580,2098,unassigned
131581,2098,unassigned
131582,2098,unassigned
131583,2098,unassigned
131584,2098,unassigned
131585,2098,unassigned
131586,2127,Astro-Epen
131587,2098,unassigned
131588,2098,unassigned
131589,2106,Immune
131590,2106,Immune
131591,2098,unassigned
131592,2098,unassigned
131593,2098,unassigned
131594,2121,Immune
131595,2121,Immune
131596,2098,unassigned
131597,2101,Immune
131598,2098,unassigned
131599,2098,unassigned
131600,2098,unassigned
131601,2098,unassigned
131602,2098,unassigned
131603,2098,unassigned
131604,2098,unassigned
131605,2138,Excitatory_Neuron
131606,2098,unassigned
131607,2098,unassigned
131608,2098,unassigned
131609,2098,unassigned
131610,2118,Excitatory_Neuron
131611,2098,unassigned
131612,2099,Immune
131613,2098,unassigned
131614,2128,Astro-Epen
131615,2098,unassigned
131616,2098,unassigned
131617,2098,unassigned
131618,2098,unassigned
131619,2124,Astro-Epen
131620,2124,Astro-Epen
131621,2127,Astro-Epen
131622,2098,unassigned
131623,2098,unassigned
131624,2098,unassigned
131625,2132,unassigned
131626,2098,unassigned
131627,2098,unassigned
131628,2098,unassigned
131629,2098,unassigned
131630,2098,unassigned
131631,2106,Immune
131632,2099,Immune
131633,2116,Immune
131634,2118,Excitatory_Neuron
131635,2098,unassigned
131636,2098,unassigned
131637,2098,unassigned
131638,2098,unassigned
131639,2123,Excitatory_Neuron
131640,2098,unassigned
131641,2139,Excitatory_Neuron
131642,2098,unassigned
131643,2098,unassigned
131644,2139,Excitatory_Neuron
131645,2098,unassigned
131646,2098,unassigned
131647,2098,unassigned
131648,2098,unassigned
131649,2098,unassigned
131650,2118,Excitatory_Neuron
131651,2106,Immune
131652,2098,unassigned
131653,2106,Immune
131654,2128,Astro-Epen
131655,2098,unassigned
131656,2098,unassigned
131657,2098,unassigned
131658,2098,unassigned
131659,2121,Immune
131660,2098,unassigned
131661,2098,unassigned
131662,2098,unassigned
131663,2098,unassigned
131664,2098,unassigned
131665,2098,unassigned
131666,2098,unassigned
131667,2098,unassigned
131668,2098,unassigned
131669,2098,unassigned
131670,2098,unassigned
131671,2098,unassigned
131672,2098,unassigned
131673,2098,unassigned
131674,2142,Excitatory_Neuron
131675,2098,unassigned
131676,2098,unassigned
131677,2098,unassigned
131678,2118,Excitatory_Neuron
131679,2099,Immune
131680,2098,unassigned
131681,2098,unassigned
131682,2098,unassigned
131683,2101,Immune
131684,2098,unassigned
131685,2098,unassigned
131686,2118,Excitatory_Neuron
131687,2098,unassigned
131688,2098,unassigned
131689,2118,Excitatory_Neuron
131690,2098,unassigned
131691,2113,Immune
131692,2098,unassigned
131693,2098,unassigned
131694,2098,unassigned
131695,2098,unassigned
131696,2098,unassigned
131697,2098,unassigned
131698,2098,unassigned
131699,2098,unassigned
131700,2124,Astro-Epen
131701,2098,unassigned
131702,2098,unassigned
131703,2098,unassigned
131704,2098,unassigned
131705,2098,unassigned
131706,2118,Excitatory_Neuron
131707,2138,Excitatory_Neuron
131708,2113,Immune
131709,2098,unassigned
131710,2098,unassigned
131711,2118,Excitatory_Neuron
131712,2098,unassigned
131713,2118,Excitatory_Neuron
131714,2116,Immune
131715,2098,unassigned
131716,2098,unassigned
131717,2098,unassigned
131718,2123,Excitatory_Neuron
131719,2098,unassigned
131720,2127,Astro-Epen
131721,2098,unassigned
131722,2123,Excitatory_Neuron
131723,2098,unassigned
131724,2098,unassigned
131725,2098,unassigned
131726,2098,unassigned
131727,2137,Excitatory_Neuron
131728,2141,unassigned
131729,2098,unassigned
131730,2113,Immune
131731,2098,unassigned
131732,2098,unassigned
131733,2098,unassigned
131734,2098,unassigned
131735,2116,Immune
131736,2098,unassigned
131737,2098,unassigned
131738,2098,unassigned
131739,2098,unassigned
131740,2098,unassigned
131741,2098,unassigned
131742,2124,Astro-Epen
131743,2098,unassigned
131744,2098,unassigned
131745,2098,unassigned
131746,2098,unassigned
131747,2098,unassigned
131748,2118,Excitatory_Neuron
131749,2106,Immune
131750,2106,Immune
131751,2118,Excitatory_Neuron
131752,2118,Excitatory_Neuron
131753,2143,unassigned
131754,2098,unassigned
131755,2098,unassigned
131756,2098,unassigned
131757,2098,unassigned
131758,2098,unassigned
131759,2098,unassigned
131760,2098,unassigned
131761,2139,Excitatory_Neuron
131762,2098,unassigned
131763,2098,unassigned
131764,2098,unassigned
131765,2098,unassigned
131766,2138,Excitatory_Neuron
131767,2118,Excitatory_Neuron
131768,2113,Immune
131769,2113,Immune
131770,2116,Immune
131771,2143,unassigned
131772,2128,Astro-Epen
131773,2117,GABA_Neuron
131774,2098,unassigned
131775,2098,unassigned
131776,2098,unassigned
131777,2098,unassigned
131778,2098,unassigned
131779,2098,unassigned
131780,2139,Excitatory_Neuron
131781,2098,unassigned
131782,2098,unassigned
131783,2098,unassigned
131784,2098,unassigned
131785,2098,unassigned
131786,2141,unassigned
131787,2141,unassigned
131788,2137,Excitatory_Neuron
131789,2098,unassigned
131790,2142,Excitatory_Neuron
131791,2138,Excitatory_Neuron
131792,2098,unassigned
131793,2118,Excitatory_Neuron
131794,2106,Immune
131795,2118,Excitatory_Neuron
131796,2118,Excitatory_Neuron
131797,2116,Immune
131798,2118,Excitatory_Neuron
131799,2099,Immune
131800,2099,Immune
131801,2116,Immune
131802,2098,unassigned
131803,2098,unassigned
131804,2098,unassigned
131805,2121,Immune
131806,2098,unassigned
131807,2098,unassigned
131808,2123,Excitatory_Neuron
131809,2098,unassigned
131810,2098,unassigned
131811,2098,unassigned
131812,2139,Excitatory_Neuron
131813,2098,unassigned
131814,2098,unassigned
131815,2098,unassigned
131816,2118,Excitatory_Neuron
131817,2098,unassigned
131818,2118,Excitatory_Neuron
131819,2098,unassigned
131820,2099,Immune
131821,2098,unassigned
131822,2098,unassigned
131823,2098,unassigned
131824,2098,unassigned
131825,2098,unassigned
131826,2098,unassigned
131827,2106,Immune
131828,2118,Excitatory_Neuron
131829,2106,Immune
131830,2098,unassigned
131831,2116,Immune
131832,2098,unassigned
131833,2098,unassigned
131834,2098,unassigned
131835,2098,unassigned
131836,2098,unassigned
131837,2098,unassigned
131838,2124,Astro-Epen
131839,2124,Astro-Epen
131840,2098,unassigned
131841,2124,Astro-Epen
131842,2098,unassigned
131843,2098,unassigned
131844,2137,Excitatory_Neuron
131845,2098,unassigned
131846,2132,unassigned
131847,2098,unassigned
131848,2141,unassigned
131849,2098,unassigned
131850,2098,unassigned
131851,2098,unassigned
131852,2118,Excitatory_Neuron
131853,2098,unassigned
131854,2116,Immune
131855,2118,Excitatory_Neuron
131856,2116,Immune
131857,2098,unassigned
131858,2098,unassigned
131859,2098,unassigned
131860,2098,unassigned
131861,2123,Excitatory_Neuron
131862,2098,unassigned
131863,2124,Astro-Epen
131864,2139,Excitatory_Neuron
131865,2113,Immune
131866,2106,Immune
131867,2098,unassigned
131868,2098,unassigned
131869,2121,Immune
131870,2121,Immune
131871,2124,Astro-Epen
131872,2124,Astro-Epen
131873,2124,Astro-Epen
131874,2098,unassigned
131875,2124,Astro-Epen
131876,2124,Astro-Epen
131877,2098,unassigned
131878,2098,unassigned
131879,2098,unassigned
131880,2141,unassigned
131881,2132,unassigned
131882,2098,unassigned
131883,2098,unassigned
131884,2098,unassigned
131885,2113,Immune
131886,2106,Immune
131887,2116,Immune
131888,2116,Immune
131889,2116,Immune
131890,2098,unassigned
131891,2098,unassigned
131892,2123,Excitatory_Neuron
131893,2098,unassigned
131894,2098,unassigned
131895,2141,unassigned
131896,2098,unassigned
131897,2118,Excitatory_Neuron
131898,2113,Immune
131899,2098,unassigned
131900,2098,unassigned
131901,2098,unassigned
131902,2098,unassigned
131903,2098,unassigned
131904,2124,Astro-Epen
131905,2098,unassigned
131906,2098,unassigned
131907,2098,unassigned
131908,2137,Excitatory_Neuron
131909,2098,unassigned
131910,2098,unassigned
131911,2098,unassigned
131912,2098,unassigned
131913,2098,unassigned
131914,2098,unassigned
131915,2098,unassigned
131916,2118,Excitatory_Neuron
131917,2106,Immune
131918,2106,Immune
131919,2106,Immune
131920,2098,unassigned
131921,2106,Immune
131922,2116,Immune
131923,2098,unassigned
131924,2099,Immune
131925,2098,unassigned
131926,2121,Immune
131927,2098,unassigned
131928,2146,unassigned
131929,2101,Immune
131930,2098,unassigned
131931,2098,unassigned
131932,2098,unassigned
131933,2124,Astro-Epen
131934,2098,unassigned
131935,2127,Astro-Epen
131936,2098,unassigned
131937,2098,unassigned
131938,2098,unassigned
131939,2098,unassigned
131940,2145,Immune
131941,2098,unassigned
131942,2098,unassigned
131943,2098,unassigned
131944,2098,unassigned
131945,2098,unassigned
131946,2138,Excitatory_Neuron
131947,2098,unassigned
131948,2106,Immune
131949,2098,unassigned
131950,2106,Immune
131951,2113,Immune
131952,2113,Immune
131953,2118,Excitatory_Neuron
131954,2098,unassigned
131955,2098,unassigned
131956,2098,unassigned
131957,2098,unassigned
131958,2098,unassigned
131959,2098,unassigned
131960,2098,unassigned
131961,2098,unassigned
131962,2137,Excitatory_Neuron
131963,2098,unassigned
131964,2098,unassigned
131965,2098,unassigned
131966,2098,unassigned
131967,2098,unassigned
131968,2118,Excitatory_Neuron
131969,2106,Immune
131970,2098,unassigned
131971,2098,unassigned
131972,2116,Immune
131973,2116,Immune
131974,2099,Immune
131975,2099,Immune
131976,2098,unassigned
131977,2098,unassigned
131978,2117,GABA_Neuron
131979,2147,unassigned
131980,2098,unassigned
131981,2098,unassigned
131982,2098,unassigned
131983,2098,unassigned
131984,2098,unassigned
131985,2098,unassigned
131986,2098,unassigned
131987,2098,unassigned
131988,2098,unassigned
131989,2098,unassigned
131990,2098,unassigned
131991,2139,Excitatory_Neuron
131992,2098,unassigned
131993,2145,Immune
131994,2098,unassigned
131995,2141,unassigned
131996,2098,unassigned
131997,2098,unassigned
131998,2098,unassigned
131999,2098,unassigned
132000,2098,unassigned
132001,2138,Excitatory_Neuron
132002,2098,unassigned
132003,2098,unassigned
132004,2106,Immune
132005,2113,Immune
132006,2098,unassigned
132007,2098,unassigned
132008,2098,unassigned
132009,2098,unassigned
132010,2121,Immune
132011,2098,unassigned
132012,2098,unassigned
132013,2098,unassigned
132014,2098,unassigned
132015,2098,unassigned
132016,2127,Astro-Epen
132017,2098,unassigned
132018,2098,unassigned
132019,2098,unassigned
132020,2098,unassigned
132021,2098,unassigned
132022,2098,unassigned
132023,2142,Excitatory_Neuron
132024,2106,Immune
132025,2098,unassigned
132026,2116,Immune
132027,2098,unassigned
132028,2128,Astro-Epen
132029,2098,unassigned
132030,2098,unassigned
132031,2098,unassigned
132032,2098,unassigned
132033,2098,unassigned
132034,2098,unassigned
132035,2098,unassigned
132036,2098,unassigned
132037,2098,unassigned
132038,2106,Immune
132039,2106,Immune
132040,2098,unassigned
132041,2098,unassigned
132042,2099,Immune
132043,2098,unassigned
132044,2099,Immune
132045,2098,unassigned
132046,2098,unassigned
132047,2098,unassigned
132048,2098,unassigned
132049,2098,unassigned
132050,2098,unassigned
132051,2098,unassigned
132052,2098,unassigned
132053,2098,unassigned
132054,2098,unassigned
132055,2139,Excitatory_Neuron
132056,2098,unassigned
132057,2139,Excitatory_Neuron
132058,2098,unassigned
132059,2098,unassigned
132060,2137,Excitatory_Neuron
132061,2098,unassigned
132062,2118,Excitatory_Neuron
132063,2106,Immune
132064,2098,unassigned
132065,2098,unassigned
132066,2118,Excitatory_Neuron
132067,2117,GABA_Neuron
132068,2098,unassigned
132069,2098,unassigned
132070,2098,unassigned
132071,2098,unassigned
132072,2098,unassigned
132073,2098,unassigned
132074,2124,Astro-Epen
132075,2124,Astro-Epen
132076,2098,unassigned
132077,2141,unassigned
132078,2098,unassigned
132079,2142,Excitatory_Neuron
132080,2098,unassigned
132081,2142,Excitatory_Neuron
132082,2118,Excitatory_Neuron
132083,2098,unassigned
132084,2113,Immune
132085,2098,unassigned
132086,2113,Immune
132087,2099,Immune
132088,2098,unassigned
132089,2117,GABA_Neuron
132090,2098,unassigned
132091,2121,Immune
132092,2098,unassigned
132093,2098,unassigned
132094,2124,Astro-Epen
132095,2098,unassigned
132096,2137,Excitatory_Neuron
132097,2098,unassigned
132098,2098,unassigned
132099,2106,Immune
132100,2106,Immune
132101,2098,unassigned
132102,2143,unassigned
132103,2098,unassigned
132104,2098,unassigned
132105,2098,unassigned
132106,2121,Immune
132107,2098,unassigned
132108,2098,unassigned
132109,2098,unassigned
132110,2098,unassigned
132111,2124,Astro-Epen
132112,2098,unassigned
132113,2139,Excitatory_Neuron
132114,2098,unassigned
132115,2137,Excitatory_Neuron
132116,2141,unassigned
132117,2098,unassigned
132118,2098,unassigned
132119,2098,unassigned
132120,2138,Excitatory_Neuron
132121,2098,unassigned
132122,2116,Immune
132123,2098,unassigned
132124,2098,unassigned
132125,2098,unassigned
132126,2098,unassigned
132127,2117,GABA_Neuron
132128,2098,unassigned
132129,2098,unassigned
132130,2098,unassigned
132131,2098,unassigned
132132,2098,unassigned
132133,2098,unassigned
132134,2098,unassigned
132135,2139,Excitatory_Neuron
132136,2142,Excitatory_Neuron
132137,2098,unassigned
132138,2138,Excitatory_Neuron
132139,2138,Excitatory_Neuron
132140,2098,unassigned
132141,2098,unassigned
132142,2098,unassigned
132143,2106,Immune
132144,2106,Immune
132145,2113,Immune
132146,2098,unassigned
132147,2106,Immune
132148,2098,unassigned
132149,2099,Immune
132150,2099,Immune
132151,2099,Immune
132152,2116,Immune
132153,2121,Immune
132154,2098,unassigned
132155,2098,unassigned
132156,2098,unassigned
132157,2124,Astro-Epen
132158,2123,Excitatory_Neuron
132159,2098,unassigned
132160,2098,unassigned
132161,2098,unassigned
132162,2098,unassigned
132163,2098,unassigned
132164,2139,Excitatory_Neuron
132165,2145,Immune
132166,2145,Immune
132167,2098,unassigned
132168,2142,Excitatory_Neuron
132169,2118,Excitatory_Neuron
132170,2098,unassigned
132171,2098,unassigned
132172,2106,Immune
132173,2106,Immune
132174,2116,Immune
132175,2099,Immune
132176,2098,unassigned
132177,2098,unassigned
132178,2098,unassigned
132179,2121,Immune
132180,2121,Immune
132181,2121,Immune
132182,2121,Immune
132183,2146,unassigned
132184,2098,unassigned
132185,2098,unassigned
132186,2098,unassigned
132187,2098,unassigned
132188,2098,unassigned
132189,2098,unassigned
132190,2098,unassigned
132191,2098,unassigned
132192,2098,unassigned
132193,2098,unassigned
132194,2141,unassigned
132195,2098,unassigned
132196,2137,Excitatory_Neuron
132197,2137,Excitatory_Neuron
132198,2098,unassigned
132199,2098,unassigned
132200,2098,unassigned
132201,2098,unassigned
132202,2142,Excitatory_Neuron
132203,2098,unassigned
132204,2138,Excitatory_Neuron
132205,2113,Immune
132206,2098,unassigned
132207,2106,Immune
132208,2098,unassigned
132209,2098,unassigned
132210,2098,unassigned
132211,2116,Immune
132212,2098,unassigned
132213,2098,unassigned
132214,2146,unassigned
132215,2098,unassigned
132216,2098,unassigned
132217,2098,unassigned
132218,2139,Excitatory_Neuron
132219,2098,unassigned
132220,2098,unassigned
132221,2098,unassigned
132222,2142,Excitatory_Neuron
132223,2098,unassigned
132224,2098,unassigned
132225,2098,unassigned
132226,2098,unassigned
132227,2138,Excitatory_Neuron
132228,2098,unassigned
132229,2106,Immune
132230,2098,unassigned
132231,2106,Immune
132232,2098,unassigned
132233,2098,unassigned
132234,2121,Immune
132235,2098,unassigned
132236,2121,Immune
132237,2098,unassigned
132238,2098,unassigned
132239,2098,unassigned
132240,2098,unassigned
132241,2098,unassigned
132242,2098,unassigned
132243,2098,unassigned
132244,2145,Immune
132245,2142,Excitatory_Neuron
132246,2098,unassigned
132247,2098,unassigned
132248,2098,unassigned
132249,2106,Immune
132250,2118,Excitatory_Neuron
132251,2098,unassigned
132252,2098,unassigned
132253,2098,unassigned
132254,2098,unassigned
132255,2098,unassigned
132256,2098,unassigned
132257,2098,unassigned
132258,2098,unassigned
132259,2098,unassigned
132260,2139,Excitatory_Neuron
132261,2141,unassigned
132262,2098,unassigned
132263,2142,Excitatory_Neuron
132264,2098,unassigned
132265,2098,unassigned
132266,2098,unassigned
132267,2118,Excitatory_Neuron
132268,2138,Excitatory_Neuron
132269,2099,Immune
132270,2098,unassigned
132271,2098,unassigned
132272,2098,unassigned
132273,2098,unassigned
132274,2098,unassigned
132275,2098,unassigned
132276,2098,unassigned
132277,2098,unassigned
132278,2098,unassigned
132279,2098,unassigned
132280,2098,unassigned
132281,2098,unassigned
132282,2098,unassigned
132283,2098,unassigned
132284,2098,unassigned
132285,2127,Astro-Epen
132286,2098,unassigned
132287,2098,unassigned
132288,2098,unassigned
132289,2098,unassigned
132290,2098,unassigned
132291,2098,unassigned
132292,2118,Excitatory_Neuron
132293,2098,unassigned
132294,2118,Excitatory_Neuron
132295,2118,Excitatory_Neuron
132296,2117,GABA_Neuron
132297,2098,unassigned
132298,2098,unassigned
132299,2098,unassigned
132300,2098,unassigned
132301,2098,unassigned
132302,2098,unassigned
132303,2148,unassigned
132304,2098,unassigned
132305,2098,unassigned
132306,2137,Excitatory_Neuron
132307,2098,unassigned
132308,2098,unassigned
132309,2098,unassigned
132310,2098,unassigned
132311,2098,unassigned
132312,2113,Immune
132313,2113,Immune
132314,2098,unassigned
132315,2098,unassigned
132316,2098,unassigned
132317,2098,unassigned
132318,2098,unassigned
132319,2098,unassigned
132320,2098,unassigned
132321,2098,unassigned
132322,2098,unassigned
132323,2098,unassigned
132324,2098,unassigned
132325,2098,unassigned
132326,2098,unassigned
132327,2123,Excitatory_Neuron
132328,2098,unassigned
132329,2139,Excitatory_Neuron
132330,2098,unassigned
132331,2098,unassigned
132332,2139,Excitatory_Neuron
132333,2141,unassigned
132334,2098,unassigned
132335,2098,unassigned
132336,2138,Excitatory_Neuron
132337,2098,unassigned
132338,2098,unassigned
132339,2113,Immune
132340,2118,Excitatory_Neuron
132341,2098,unassigned
132342,2116,Immune
132343,2098,unassigned
132344,2098,unassigned
132345,2098,unassigned
132346,2098,unassigned
132347,2098,unassigned
132348,2098,unassigned
132349,2098,unassigned
132350,2098,unassigned
132351,2098,unassigned
132352,2098,unassigned
132353,2149,unassigned
132354,2137,Excitatory_Neuron
132355,2098,unassigned
132356,2098,unassigned
132357,2098,unassigned
132358,2098,unassigned
132359,2138,Excitatory_Neuron
132360,2098,unassigned
132361,2098,unassigned
132362,2098,unassigned
132363,2098,unassigned
132364,2098,unassigned
132365,2098,unassigned
132366,2098,unassigned
132367,2098,unassigned
132368,2098,unassigned
132369,2098,unassigned
132370,2098,unassigned
132371,2098,unassigned
132372,2137,Excitatory_Neuron
132373,2098,unassigned
132374,2137,Excitatory_Neuron
132375,2137,Excitatory_Neuron
132376,2137,Excitatory_Neuron
132377,2137,Excitatory_Neuron
132378,2098,unassigned
132379,2138,Excitatory_Neuron
132380,2098,unassigned
132381,2113,Immune
132382,2099,Immune
132383,2098,unassigned
132384,2098,unassigned
132385,2098,unassigned
132386,2098,unassigned
132387,2098,unassigned
132388,2121,Immune
132389,2098,unassigned
132390,2098,unassigned
132391,2098,unassigned
132392,2098,unassigned
132393,2098,unassigned
132394,2139,Excitatory_Neuron
132395,2149,unassigned
132396,2142,Excitatory_Neuron
132397,2138,Excitatory_Neuron
132398,2098,unassigned
132399,2106,Immune
132400,2098,unassigned
132401,2113,Immune
132402,2098,unassigned
132403,2098,unassigned
132404,2145,Immune
132405,2098,unassigned
132406,2098,unassigned
132407,2138,Excitatory_Neuron
132408,2098,unassigned
132409,2098,unassigned
132410,2098,unassigned
132411,2106,Immune
132412,2118,Excitatory_Neuron
132413,2106,Immune
132414,2098,unassigned
132415,2098,unassigned
132416,2098,unassigned
132417,2098,unassigned
132418,2098,unassigned
132419,2098,unassigned
132420,2098,unassigned
132421,2124,Astro-Epen
132422,2098,unassigned
132423,2137,Excitatory_Neuron
132424,2098,unassigned
132425,2098,unassigned
132426,2137,Excitatory_Neuron
132427,2098,unassigned
132428,2098,unassigned
132429,2098,unassigned
132430,2099,Immune
132431,2098,unassigned
132432,2147,unassigned
132433,2098,unassigned
132434,2098,unassigned
132435,2098,unassigned
132436,2098,unassigned
132437,2098,unassigned
132438,2098,unassigned
132439,2098,unassigned
132440,2098,unassigned
132441,2098,unassigned
132442,2098,unassigned
132443,2098,unassigned
132444,2098,unassigned
132445,2098,unassigned
132446,2124,Astro-Epen
132447,2098,unassigned
132448,2137,Excitatory_Neuron
132449,2118,Excitatory_Neuron
132450,2098,unassigned
132451,2098,unassigned
132452,2098,unassigned
132453,2098,unassigned
132454,2098,unassigned
132455,2098,unassigned
132456,2118,Excitatory_Neuron
132457,2128,Astro-Epen
132458,2098,unassigned
132459,2098,unassigned
132460,2098,unassigned
132461,2098,unassigned
132462,2098,unassigned
132463,2145,Immune
132464,2098,unassigned
132465,2137,Excitatory_Neuron
132466,2098,unassigned
132467,2142,Excitatory_Neuron
132468,2113,Immune
132469,2098,unassigned
132470,2098,unassigned
132471,2098,unassigned
132472,2098,unassigned
132473,2098,unassigned
132474,2098,unassigned
132475,2098,unassigned
132476,2098,unassigned
132477,2098,unassigned
132478,2098,unassigned
132479,2124,Astro-Epen
132480,2098,unassigned
132481,2098,unassigned
132482,2098,unassigned
132483,2145,Immune
132484,2098,unassigned
132485,2098,unassigned
132486,2118,Excitatory_Neuron
132487,2098,unassigned
132488,2113,Immune
132489,2118,Excitatory_Neuron
132490,2118,Excitatory_Neuron
132491,2128,Astro-Epen
132492,2098,unassigned
132493,2098,unassigned
132494,2098,unassigned
132495,2098,unassigned
132496,2098,unassigned
132497,2098,unassigned
132498,2098,unassigned
132499,2098,unassigned
132500,2098,unassigned
132501,2098,unassigned
132502,2098,unassigned
132503,2098,unassigned
132504,2098,unassigned
132505,2098,unassigned
132506,2118,Excitatory_Neuron
132507,2098,unassigned
132508,2098,unassigned
132509,2098,unassigned
132510,2118,Excitatory_Neuron
132511,2118,Excitatory_Neuron
132512,2116,Immune
132513,2117,GABA_Neuron
132514,2098,unassigned
132515,2098,unassigned
132516,2098,unassigned
132517,2098,unassigned
132518,2098,unassigned
132519,2123,Excitatory_Neuron
132520,2124,Astro-Epen
132521,2124,Astro-Epen
132522,2098,unassigned
132523,2124,Astro-Epen
132524,2098,unassigned
132525,2137,Excitatory_Neuron
132526,2137,Excitatory_Neuron
132527,2098,unassigned
132528,2098,unassigned
132529,2098,unassigned
132530,2118,Excitatory_Neuron
132531,2098,unassigned
132532,2098,unassigned
132533,2098,unassigned
132534,2098,unassigned
132535,2098,unassigned
132536,2098,unassigned
132537,2098,unassigned
132538,2098,unassigned
132539,2098,unassigned
132540,2123,Excitatory_Neuron
132541,2124,Astro-Epen
132542,2098,unassigned
132543,2098,unassigned
132544,2139,Excitatory_Neuron
132545,2098,unassigned
132546,2098,unassigned
132547,2098,unassigned
132548,2149,unassigned
132549,2098,unassigned
132550,2113,Immune
132551,2098,unassigned
132552,2099,Immune
132553,2098,unassigned
132554,2098,unassigned
132555,2098,unassigned
132556,2098,unassigned
132557,2098,unassigned
132558,2098,unassigned
132559,2098,unassigned
132560,2098,unassigned
132561,2098,unassigned
132562,2098,unassigned
132563,2098,unassigned
132564,2098,unassigned
132565,2149,unassigned
132566,2098,unassigned
132567,2098,unassigned
132568,2098,unassigned
132569,2098,unassigned
132570,2142,Excitatory_Neuron
132571,2118,Excitatory_Neuron
132572,2106,Immune
132573,2098,unassigned
132574,2098,unassigned
132575,2098,unassigned
132576,2098,unassigned
132577,2098,unassigned
132578,2098,unassigned
132579,2124,Astro-Epen
132580,2098,unassigned
132581,2098,unassigned
132582,2139,Excitatory_Neuron
132583,2098,unassigned
132584,2145,Immune
132585,2098,unassigned
132586,2098,unassigned
132587,2098,unassigned
132588,2139,Excitatory_Neuron
132589,2149,unassigned
132590,2098,unassigned
132591,2098,unassigned
132592,2098,unassigned
132593,2106,Immune
132594,2113,Immune
132595,2099,Immune
132596,2099,Immune
132597,2098,unassigned
132598,2099,Immune
132599,2117,GABA_Neuron
132600,2098,unassigned
132601,2098,unassigned
132602,2098,unassigned
132603,2098,unassigned
132604,2098,unassigned
132605,2127,Astro-Epen
132606,2124,Astro-Epen
132607,2124,Astro-Epen
132608,2098,unassigned
132609,2098,unassigned
132610,2145,Immune
132611,2098,unassigned
132612,2137,Excitatory_Neuron
132613,2098,unassigned
132614,2098,unassigned
132615,2098,unassigned
132616,2098,unassigned
132617,2113,Immune
132618,2118,Excitatory_Neuron
132619,2098,unassigned
132620,2098,unassigned
132621,2128,Astro-Epen
132622,2098,unassigned
132623,2098,unassigned
132624,2098,unassigned
132625,2098,unassigned
132626,2098,unassigned
132627,2098,unassigned
132628,2098,unassigned
132629,2124,Astro-Epen
132630,2098,unassigned
132631,2098,unassigned
132632,2098,unassigned
132633,2098,unassigned
132634,2118,Excitatory_Neuron
132635,2098,unassigned
132636,2118,Excitatory_Neuron
132637,2118,Excitatory_Neuron
132638,2118,Excitatory_Neuron
132639,2099,Immune
132640,2098,unassigned
132641,2121,Immune
132642,2098,unassigned
132643,2098,unassigned
132644,2098,unassigned
132645,2123,Excitatory_Neuron
132646,2098,unassigned
132647,2098,unassigned
132648,2098,unassigned
132649,2098,unassigned
132650,2145,Immune
132651,2098,unassigned
132652,2098,unassigned
132653,2098,unassigned
132654,2098,unassigned
132655,2098,unassigned
132656,2138,Excitatory_Neuron
132657,2142,Excitatory_Neuron
132658,2113,Immune
132659,2099,Immune
132660,2098,unassigned
132661,2098,unassigned
132662,2098,unassigned
132663,2123,Excitatory_Neuron
132664,2098,unassigned
132665,2127,Astro-Epen
132666,2098,unassigned
132667,2098,unassigned
132668,2098,unassigned
132669,2139,Excitatory_Neuron
132670,2098,unassigned
132671,2098,unassigned
132672,2098,unassigned
132673,2098,unassigned
132674,2098,unassigned
132675,2118,Excitatory_Neuron
132676,2147,unassigned
132677,2098,unassigned
132678,2098,unassigned
132679,2098,unassigned
132680,2098,unassigned
132681,2123,Excitatory_Neuron
132682,2098,unassigned
132683,2124,Astro-Epen
132684,2098,unassigned
132685,2098,unassigned
132686,2098,unassigned
132687,2098,unassigned
132688,2139,Excitatory_Neuron
132689,2139,Excitatory_Neuron
132690,2139,Excitatory_Neuron
132691,2098,unassigned
132692,2145,Immune
132693,2098,unassigned
132694,2142,Excitatory_Neuron
132695,2118,Excitatory_Neuron
132696,2098,unassigned
132697,2098,unassigned
132698,2098,unassigned
132699,2098,unassigned
132700,2098,unassigned
132701,2098,unassigned
132702,2098,unassigned
132703,2139,Excitatory_Neuron
132704,2098,unassigned
132705,2139,Excitatory_Neuron
132706,2118,Excitatory_Neuron
132707,2118,Excitatory_Neuron
132708,2113,Immune
132709,2116,Immune
132710,2098,unassigned
132711,2098,unassigned
132712,2098,unassigned
132713,2098,unassigned
132714,2098,unassigned
132715,2098,unassigned
132716,2098,unassigned
132717,2098,unassigned
132718,2098,unassigned
132719,2098,unassigned
132720,2098,unassigned
132721,2098,unassigned
132722,2098,unassigned
132723,2098,unassigned
132724,2098,unassigned
132725,2106,Immune
132726,2118,Excitatory_Neuron
132727,2150,unassigned
132728,2113,Immune
132729,2128,Astro-Epen
132730,2098,unassigned
132731,2098,unassigned
132732,2098,unassigned
132733,2098,unassigned
132734,2098,unassigned
132735,2098,unassigned
132736,2098,unassigned
132737,2098,unassigned
132738,2098,unassigned
132739,2098,unassigned
132740,2138,Excitatory_Neuron
132741,2098,unassigned
132742,2098,unassigned
132743,2098,unassigned
132744,2098,unassigned
132745,2147,unassigned
132746,2098,unassigned
132747,2146,unassigned
132748,2098,unassigned
132749,2098,unassigned
132750,2098,unassigned
132751,2098,unassigned
132752,2098,unassigned
132753,2098,unassigned
132754,2124,Astro-Epen
132755,2127,Astro-Epen
132756,2098,unassigned
132757,2098,unassigned
132758,2098,unassigned
132759,2098,unassigned
132760,2098,unassigned
132761,2098,unassigned
132762,2098,unassigned
132763,2098,unassigned
132764,2113,Immune
132765,2113,Immune
132766,2099,Immune
132767,2098,unassigned
132768,2117,GABA_Neuron
132769,2098,unassigned
132770,2098,unassigned
132771,2098,unassigned
132772,2098,unassigned
132773,2098,unassigned
132774,2098,unassigned
132775,2098,unassigned
132776,2098,unassigned
132777,2139,Excitatory_Neuron
132778,2145,Immune
132779,2098,unassigned
132780,2106,Immune
132781,2118,Excitatory_Neuron
132782,2099,Immune
132783,2098,unassigned
132784,2098,unassigned
132785,2098,unassigned
132786,2098,unassigned
132787,2098,unassigned
132788,2098,unassigned
132789,2098,unassigned
132790,2139,Excitatory_Neuron
132791,2098,unassigned
132792,2098,unassigned
132793,2139,Excitatory_Neuron
132794,2139,Excitatory_Neuron
132795,2098,unassigned
132796,2098,unassigned
132797,2137,Excitatory_Neuron
132798,2151,unassigned
132799,2137,Excitatory_Neuron
132800,2098,unassigned
132801,2098,unassigned
132802,2098,unassigned
132803,2098,unassigned
132804,2113,Immune
132805,2098,unassigned
132806,2098,unassigned
132807,2098,unassigned
132808,2098,unassigned
132809,2098,unassigned
132810,2124,Astro-Epen
132811,2098,unassigned
132812,2098,unassigned
132813,2098,unassigned
132814,2124,Astro-Epen
132815,2098,unassigned
132816,2118,Excitatory_Neuron
132817,2098,unassigned
132818,2098,unassigned
132819,2152,unassigned
132820,2116,Immune
132821,2118,Excitatory_Neuron
132822,2098,unassigned
132823,2098,unassigned
132824,2098,unassigned
132825,2098,unassigned
132826,2124,Astro-Epen
132827,2098,unassigned
132828,2124,Astro-Epen
132829,2098,unassigned
132830,2137,Excitatory_Neuron
132831,2098,unassigned
132832,2098,unassigned
132833,2098,unassigned
132834,2143,unassigned
132835,2098,unassigned
132836,2098,unassigned
132837,2098,unassigned
132838,2098,unassigned
132839,2098,unassigned
132840,2098,unassigned
132841,2098,unassigned
132842,2098,unassigned
132843,2098,unassigned
132844,2098,unassigned
132845,2098,unassigned
132846,2127,Astro-Epen
132847,2098,unassigned
132848,2098,unassigned
132849,2098,unassigned
132850,2098,unassigned
132851,2124,Astro-Epen
132852,2098,unassigned
132853,2098,unassigned
132854,2137,Excitatory_Neuron
132855,2098,unassigned
132856,2118,Excitatory_Neuron
132857,2098,unassigned
132858,2118,Excitatory_Neuron
132859,2098,unassigned
132860,2106,Immune
132861,2118,Excitatory_Neuron
132862,2098,unassigned
132863,2098,unassigned
132864,2124,Astro-Epen
132865,2098,unassigned
132866,2098,unassigned
132867,2098,unassigned
132868,2098,unassigned
132869,2137,Excitatory_Neuron
132870,2139,Excitatory_Neuron
132871,2098,unassigned
132872,2098,unassigned
132873,2098,unassigned
132874,2099,Immune
132875,2098,unassigned
132876,2098,unassigned
132877,2098,unassigned
132878,2098,unassigned
132879,2098,unassigned
132880,2098,unassigned
132881,2098,unassigned
132882,2098,unassigned
132883,2124,Astro-Epen
132884,2098,unassigned
132885,2139,Excitatory_Neuron
132886,2098,unassigned
132887,2098,unassigned
132888,2153,unassigned
132889,2098,unassigned
132890,2098,unassigned
132891,2098,unassigned
132892,2137,Excitatory_Neuron
132893,2118,Excitatory_Neuron
132894,2098,unassigned
132895,2098,unassigned
132896,2098,unassigned
132897,2118,Excitatory_Neuron
132898,2098,unassigned
132899,2099,Immune
132900,2098,unassigned
132901,2098,unassigned
132902,2117,GABA_Neuron
132903,2098,unassigned
132904,2098,unassigned
132905,2098,unassigned
132906,2098,unassigned
132907,2098,unassigned
132908,2098,unassigned
132909,2098,unassigned
132910,2098,unassigned
132911,2098,unassigned
132912,2098,unassigned
132913,2124,Astro-Epen
132914,2098,unassigned
132915,2098,unassigned
132916,2098,unassigned
132917,2137,Excitatory_Neuron
132918,2098,unassigned
132919,2098,unassigned
132920,2098,unassigned
132921,2098,unassigned
132922,2098,unassigned
132923,2098,unassigned
132924,2098,unassigned
132925,2098,unassigned
132926,2098,unassigned
132927,2147,unassigned
132928,2098,unassigned
132929,2098,unassigned
132930,2098,unassigned
132931,2098,unassigned
132932,2098,unassigned
132933,2139,Excitatory_Neuron
132934,2098,unassigned
132935,2137,Excitatory_Neuron
132936,2098,unassigned
132937,2118,Excitatory_Neuron
132938,2098,unassigned
132939,2098,unassigned
132940,2098,unassigned
132941,2098,unassigned
132942,2098,unassigned
132943,2098,unassigned
132944,2098,unassigned
132945,2139,Excitatory_Neuron
132946,2137,Excitatory_Neuron
132947,2098,unassigned
132948,2098,unassigned
132949,2113,Immune
132950,2098,unassigned
132951,2118,Excitatory_Neuron
132952,2099,Immune
132953,2099,Immune
132954,2098,unassigned
132955,2098,unassigned
132956,2098,unassigned
132957,2098,unassigned
132958,2098,unassigned
132959,2098,unassigned
132960,2098,unassigned
132961,2139,Excitatory_Neuron
132962,2098,unassigned
132963,2137,Excitatory_Neuron
132964,2098,unassigned
132965,2098,unassigned
132966,2098,unassigned
132967,2113,Immune
132968,2113,Immune
132969,2150,unassigned
132970,2099,Immune
132971,2116,Immune
132972,2116,Immune
132973,2098,unassigned
132974,2098,unassigned
132975,2098,unassigned
132976,2121,Immune
132977,2098,unassigned
132978,2098,unassigned
132979,2098,unassigned
132980,2098,unassigned
132981,2124,Astro-Epen
132982,2098,unassigned
132983,2124,Astro-Epen
132984,2098,unassigned
132985,2098,unassigned
132986,2137,Excitatory_Neuron
132987,2098,unassigned
132988,2137,Excitatory_Neuron
132989,2118,Excitatory_Neuron
132990,2098,unassigned
132991,2098,unassigned
132992,2098,unassigned
132993,2116,Immune
132994,2116,Immune
132995,2098,unassigned
132996,2098,unassigned
132997,2098,unassigned
132998,2147,unassigned
132999,2098,unassigned
133000,2098,unassigned
133001,2098,unassigned
133002,2098,unassigned
133003,2145,Immune
133004,2098,unassigned
133005,2153,unassigned
133006,2153,unassigned
133007,2098,unassigned
133008,2098,unassigned
133009,2118,Excitatory_Neuron
133010,2106,Immune
133011,2154,unassigned
133012,2098,unassigned
133013,2098,unassigned
133014,2098,unassigned
133015,2098,unassigned
133016,2098,unassigned
133017,2098,unassigned
133018,2124,Astro-Epen
133019,2098,unassigned
133020,2098,unassigned
133021,2153,unassigned
133022,2137,Excitatory_Neuron
133023,2137,Excitatory_Neuron
133024,2098,unassigned
133025,2137,Excitatory_Neuron
133026,2098,unassigned
133027,2113,Immune
133028,2098,unassigned
133029,2099,Immune
133030,2116,Immune
133031,2154,unassigned
133032,2098,unassigned
133033,2098,unassigned
133034,2098,unassigned
133035,2146,unassigned
133036,2121,Immune
133037,2098,unassigned
133038,2098,unassigned
133039,2098,unassigned
133040,2098,unassigned
133041,2098,unassigned
133042,2098,unassigned
133043,2139,Excitatory_Neuron
133044,2098,unassigned
133045,2098,unassigned
133046,2098,unassigned
133047,2153,unassigned
133048,2098,unassigned
133049,2098,unassigned
133050,2137,Excitatory_Neuron
133051,2098,unassigned
133052,2098,unassigned
133053,2098,unassigned
133054,2118,Excitatory_Neuron
133055,2113,Immune
133056,2106,Immune
133057,2098,unassigned
133058,2098,unassigned
133059,2146,unassigned
133060,2146,unassigned
133061,2098,unassigned
133062,2098,unassigned
133063,2098,unassigned
133064,2098,unassigned
133065,2098,unassigned
133066,2098,unassigned
133067,2124,Astro-Epen
133068,2098,unassigned
133069,2137,Excitatory_Neuron
133070,2098,unassigned
133071,2098,unassigned
133072,2137,Excitatory_Neuron
133073,2138,Excitatory_Neuron
133074,2098,unassigned
133075,2118,Excitatory_Neuron
133076,2098,unassigned
133077,2098,unassigned
133078,2098,unassigned
133079,2098,unassigned
133080,2098,unassigned
133081,2098,unassigned
133082,2098,unassigned
133083,2098,unassigned
133084,2098,unassigned
133085,2098,unassigned
133086,2139,Excitatory_Neuron
133087,2098,unassigned
133088,2098,unassigned
133089,2138,Excitatory_Neuron
133090,2138,Excitatory_Neuron
133091,2098,unassigned
133092,2098,unassigned
133093,2098,unassigned
133094,2098,unassigned
133095,2113,Immune
133096,2098,unassigned
133097,2099,Immune
133098,2098,unassigned
133099,2098,unassigned
133100,2146,unassigned
133101,2146,unassigned
133102,2098,unassigned
133103,2098,unassigned
133104,2098,unassigned
133105,2098,unassigned
133106,2124,Astro-Epen
133107,2098,unassigned
133108,2098,unassigned
133109,2124,Astro-Epen
133110,2139,Excitatory_Neuron
133111,2153,unassigned
133112,2137,Excitatory_Neuron
133113,2098,unassigned
133114,2138,Excitatory_Neuron
133115,2098,unassigned
133116,2098,unassigned
133117,2116,Immune
133118,2098,unassigned
133119,2098,unassigned
133120,2121,Immune
133121,2098,unassigned
133122,2098,unassigned
133123,2098,unassigned
133124,2124,Astro-Epen
133125,2098,unassigned
133126,2098,unassigned
133127,2137,Excitatory_Neuron
133128,2155,unassigned
133129,2098,unassigned
133130,2142,Excitatory_Neuron
133131,2098,unassigned
133132,2113,Immune
133133,2098,unassigned
133134,2118,Excitatory_Neuron
133135,2154,unassigned
133136,2098,unassigned
133137,2098,unassigned
133138,2117,GABA_Neuron
133139,2098,unassigned
133140,2098,unassigned
133141,2128,Astro-Epen
133142,2098,unassigned
133143,2098,unassigned
133144,2121,Immune
133145,2098,unassigned
133146,2098,unassigned
133147,2098,unassigned
133148,2098,unassigned
133149,2098,unassigned
133150,2124,Astro-Epen
133151,2124,Astro-Epen
133152,2098,unassigned
133153,2098,unassigned
133154,2098,unassigned
133155,2139,Excitatory_Neuron
133156,2098,unassigned
133157,2137,Excitatory_Neuron
133158,2098,unassigned
133159,2098,unassigned
133160,2098,unassigned
133161,2098,unassigned
133162,2128,Astro-Epen
133163,2123,Excitatory_Neuron
133164,2127,Astro-Epen
133165,2098,unassigned
133166,2139,Excitatory_Neuron
133167,2098,unassigned
133168,2124,Astro-Epen
133169,2139,Excitatory_Neuron
133170,2098,unassigned
133171,2098,unassigned
133172,2137,Excitatory_Neuron
133173,2098,unassigned
133174,2098,unassigned
133175,2098,unassigned
133176,2098,unassigned
133177,2118,Excitatory_Neuron
133178,2098,unassigned
133179,2098,unassigned
133180,2118,Excitatory_Neuron
133181,2098,unassigned
133182,2098,unassigned
133183,2098,unassigned
133184,2098,unassigned
133185,2098,unassigned
133186,2124,Astro-Epen
133187,2098,unassigned
133188,2098,unassigned
133189,2098,unassigned
133190,2098,unassigned
133191,2118,Excitatory_Neuron
133192,2113,Immune
133193,2118,Excitatory_Neuron
133194,2098,unassigned
133195,2099,Immune
133196,2128,Astro-Epen
133197,2098,unassigned
133198,2098,unassigned
133199,2098,unassigned
133200,2098,unassigned
133201,2098,unassigned
133202,2137,Excitatory_Neuron
133203,2098,unassigned
133204,2098,unassigned
133205,2098,unassigned
133206,2116,Immune
133207,2128,Astro-Epen
133208,2098,unassigned
133209,2098,unassigned
133210,2098,unassigned
133211,2139,Excitatory_Neuron
133212,2098,unassigned
133213,2139,Excitatory_Neuron
133214,2153,unassigned
133215,2137,Excitatory_Neuron
133216,2155,unassigned
133217,2098,unassigned
133218,2138,Excitatory_Neuron
133219,2138,Excitatory_Neuron
133220,2098,unassigned
133221,2098,unassigned
133222,2106,Immune
133223,2098,unassigned
133224,2098,unassigned
133225,2098,unassigned
133226,2098,unassigned
133227,2098,unassigned
133228,2117,GABA_Neuron
133229,2121,Immune
133230,2098,unassigned
133231,2098,unassigned
133232,2098,unassigned
133233,2098,unassigned
133234,2124,Astro-Epen
133235,2098,unassigned
133236,2098,unassigned
133237,2098,unassigned
133238,2098,unassigned
133239,2098,unassigned
133240,2137,Excitatory_Neuron
133241,2098,unassigned
133242,2098,unassigned
133243,2137,Excitatory_Neuron
133244,2138,Excitatory_Neuron
133245,2138,Excitatory_Neuron
133246,2098,unassigned
133247,2098,unassigned
133248,2113,Immune
133249,2118,Excitatory_Neuron
133250,2118,Excitatory_Neuron
133251,2098,unassigned
133252,2121,Immune
133253,2098,unassigned
133254,2098,unassigned
133255,2098,unassigned
133256,2124,Astro-Epen
133257,2098,unassigned
133258,2098,unassigned
133259,2124,Astro-Epen
133260,2139,Excitatory_Neuron
133261,2098,unassigned
133262,2098,unassigned
133263,2098,unassigned
133264,2137,Excitatory_Neuron
133265,2098,unassigned
133266,2098,unassigned
133267,2098,unassigned
133268,2138,Excitatory_Neuron
133269,2156,unassigned
133270,2118,Excitatory_Neuron
133271,2098,unassigned
133272,2098,unassigned
133273,2143,unassigned
133274,2098,unassigned
133275,2098,unassigned
133276,2139,Excitatory_Neuron
133277,2098,unassigned
133278,2098,unassigned
133279,2098,unassigned
133280,2098,unassigned
133281,2098,unassigned
133282,2098,unassigned
133283,2098,unassigned
133284,2098,unassigned
133285,2098,unassigned
133286,2138,Excitatory_Neuron
133287,2098,unassigned
133288,2138,Excitatory_Neuron
133289,2098,unassigned
133290,2113,Immune
133291,2150,unassigned
133292,2150,unassigned
133293,2098,unassigned
133294,2098,unassigned
133295,2098,unassigned
133296,2121,Immune
133297,2157,unassigned
133298,2098,unassigned
133299,2098,unassigned
133300,2098,unassigned
133301,2098,unassigned
133302,2098,unassigned
133303,2098,unassigned
133304,2098,unassigned
133305,2098,unassigned
133306,2098,unassigned
133307,2098,unassigned
133308,2124,Astro-Epen
133309,2098,unassigned
133310,2098,unassigned
133311,2098,unassigned
133312,2155,unassigned
133313,2137,Excitatory_Neuron
133314,2137,Excitatory_Neuron
133315,2098,unassigned
133316,2118,Excitatory_Neuron
133317,2098,unassigned
133318,2106,Immune
133319,2098,unassigned
133320,2098,unassigned
133321,2146,unassigned
133322,2098,unassigned
133323,2098,unassigned
133324,2158,unassigned
133325,2098,unassigned
133326,2098,unassigned
133327,2098,unassigned
133328,2098,unassigned
133329,2098,unassigned
133330,2155,unassigned
133331,2155,unassigned
133332,2098,unassigned
133333,2098,unassigned
133334,2098,unassigned
133335,2098,unassigned
133336,2118,Excitatory_Neuron
133337,2118,Excitatory_Neuron
133338,2098,unassigned
133339,2099,Immune
133340,2098,unassigned
133341,2098,unassigned
133342,2098,unassigned
133343,2098,unassigned
133344,2098,unassigned
133345,2098,unassigned
133346,2121,Immune
133347,2124,Astro-Epen
133348,2098,unassigned
133349,2098,unassigned
133350,2098,unassigned
133351,2139,Excitatory_Neuron
133352,2098,unassigned
133353,2137,Excitatory_Neuron
133354,2142,Excitatory_Neuron
133355,2142,Excitatory_Neuron
133356,2142,Excitatory_Neuron
133357,2098,unassigned
133358,2118,Excitatory_Neuron
133359,2098,unassigned
133360,2098,unassigned
133361,2118,Excitatory_Neuron
133362,2098,unassigned
133363,2098,unassigned
133364,2098,unassigned
133365,2098,unassigned
133366,2098,unassigned
133367,2098,unassigned
133368,2098,unassigned
133369,2098,unassigned
133370,2139,Excitatory_Neuron
133371,2098,unassigned
133372,2098,unassigned
133373,2098,unassigned
133374,2118,Excitatory_Neuron
133375,2113,Immune
133376,2098,unassigned
133377,2118,Excitatory_Neuron
133378,2098,unassigned
133379,2098,unassigned
133380,2099,Immune
133381,2128,Astro-Epen
133382,2098,unassigned
133383,2098,unassigned
133384,2098,unassigned
133385,2098,unassigned
133386,2139,Excitatory_Neuron
133387,2153,unassigned
133388,2137,Excitatory_Neuron
133389,2142,Excitatory_Neuron
133390,2138,Excitatory_Neuron
133391,2098,unassigned
133392,2142,Excitatory_Neuron
133393,2138,Excitatory_Neuron
133394,2098,unassigned
133395,2098,unassigned
133396,2098,unassigned
133397,2098,unassigned
133398,2098,unassigned
133399,2098,unassigned
133400,2098,unassigned
133401,2098,unassigned
133402,2098,unassigned
133403,2098,unassigned
133404,2098,unassigned
133405,2098,unassigned
133406,2098,unassigned
133407,2098,unassigned
133408,2124,Astro-Epen
133409,2098,unassigned
133410,2098,unassigned
133411,2098,unassigned
133412,2155,unassigned
133413,2098,unassigned
133414,2098,unassigned
133415,2098,unassigned
133416,2098,unassigned
133417,2098,unassigned
133418,2098,unassigned
133419,2098,unassigned
133420,2124,Astro-Epen
133421,2098,unassigned
133422,2098,unassigned
133423,2098,unassigned
133424,2145,Immune
133425,2098,unassigned
133426,2155,unassigned
133427,2098,unassigned
133428,2142,Excitatory_Neuron
133429,2098,unassigned
133430,2138,Excitatory_Neuron
133431,2138,Excitatory_Neuron
133432,2098,unassigned
133433,2098,unassigned
133434,2098,unassigned
133435,2098,unassigned
133436,2098,unassigned
133437,2098,unassigned
133438,2098,unassigned
133439,2098,unassigned
133440,2098,unassigned
133441,2098,unassigned
133442,2098,unassigned
133443,2098,unassigned
133444,2118,Excitatory_Neuron
133445,2106,Immune
133446,2098,unassigned
133447,2098,unassigned
133448,2098,unassigned
133449,2098,unassigned
133450,2098,unassigned
133451,2098,unassigned
133452,2127,Astro-Epen
133453,2098,unassigned
133454,2098,unassigned
133455,2098,unassigned
133456,2098,unassigned
133457,2098,unassigned
133458,2098,unassigned
133459,2098,unassigned
133460,2098,unassigned
133461,2098,unassigned
133462,2098,unassigned
133463,2128,Astro-Epen
133464,2128,Astro-Epen
133465,2098,unassigned
133466,2098,unassigned
133467,2098,unassigned
133468,2098,unassigned
133469,2098,unassigned
133470,2098,unassigned
133471,2098,unassigned
133472,2098,unassigned
133473,2124,Astro-Epen
133474,2098,unassigned
133475,2098,unassigned
133476,2098,unassigned
133477,2098,unassigned
133478,2098,unassigned
133479,2098,unassigned
133480,2155,unassigned
133481,2137,Excitatory_Neuron
133482,2098,unassigned
133483,2138,Excitatory_Neuron
133484,2098,unassigned
133485,2138,Excitatory_Neuron
133486,2098,unassigned
133487,2098,unassigned
133488,2098,unassigned
133489,2098,unassigned
133490,2098,unassigned
133491,2098,unassigned
133492,2117,GABA_Neuron
133493,2098,unassigned
133494,2098,unassigned
133495,2098,unassigned
133496,2098,unassigned
133497,2098,unassigned
133498,2124,Astro-Epen
133499,2098,unassigned
133500,2098,unassigned
133501,2098,unassigned
133502,2098,unassigned
133503,2098,unassigned
133504,2098,unassigned
133505,2113,Immune
133506,2118,Excitatory_Neuron
133507,2098,unassigned
133508,2098,unassigned
133509,2098,unassigned
133510,2098,unassigned
133511,2154,unassigned
133512,2098,unassigned
133513,2146,unassigned
133514,2098,unassigned
133515,2098,unassigned
133516,2098,unassigned
133517,2098,unassigned
133518,2098,unassigned
133519,2098,unassigned
133520,2139,Excitatory_Neuron
133521,2098,unassigned
133522,2137,Excitatory_Neuron
133523,2098,unassigned
133524,2118,Excitatory_Neuron
133525,2098,unassigned
133526,2098,unassigned
133527,2098,unassigned
133528,2121,Immune
133529,2098,unassigned
133530,2098,unassigned
133531,2098,unassigned
133532,2098,unassigned
133533,2139,Excitatory_Neuron
133534,2139,Excitatory_Neuron
133535,2098,unassigned
133536,2155,unassigned
133537,2142,Excitatory_Neuron
133538,2159,unassigned
133539,2098,unassigned
133540,2098,unassigned
133541,2138,Excitatory_Neuron
133542,2098,unassigned
133543,2098,unassigned
133544,2118,Excitatory_Neuron
133545,2118,Excitatory_Neuron
133546,2098,unassigned
133547,2118,Excitatory_Neuron
133548,2098,unassigned
133549,2098,unassigned
133550,2098,unassigned
133551,2098,unassigned
133552,2098,unassigned
133553,2098,unassigned
133554,2098,unassigned
133555,2124,Astro-Epen
133556,2124,Astro-Epen
133557,2098,unassigned
133558,2098,unassigned
133559,2098,unassigned
133560,2137,Excitatory_Neuron
133561,2138,Excitatory_Neuron
133562,2098,unassigned
133563,2098,unassigned
133564,2098,unassigned
133565,2098,unassigned
133566,2098,unassigned
133567,2098,unassigned
133568,2098,unassigned
133569,2098,unassigned
133570,2098,unassigned
133571,2124,Astro-Epen
133572,2098,unassigned
133573,2098,unassigned
133574,2145,Immune
133575,2145,Immune
133576,2098,unassigned
133577,2160,unassigned
133578,2098,unassigned
133579,2098,unassigned
133580,2098,unassigned
133581,2116,Immune
133582,2098,unassigned
133583,2098,unassigned
133584,2098,unassigned
133585,2098,unassigned
133586,2098,unassigned
133587,2098,unassigned
133588,2098,unassigned
133589,2098,unassigned
133590,2098,unassigned
133591,2098,unassigned
133592,2155,unassigned
133593,2153,unassigned
133594,2155,unassigned
133595,2098,unassigned
133596,2098,unassigned
133597,2160,unassigned
133598,2160,unassigned
133599,2138,Excitatory_Neuron
133600,2098,unassigned
133601,2098,unassigned
133602,2146,unassigned
133603,2147,unassigned
133604,2098,unassigned
133605,2098,unassigned
133606,2098,unassigned
133607,2098,unassigned
133608,2098,unassigned
133609,2098,unassigned
133610,2123,Excitatory_Neuron
133611,2098,unassigned
133612,2098,unassigned
133613,2124,Astro-Epen
133614,2139,Excitatory_Neuron
133615,2098,unassigned
133616,2155,unassigned
133617,2098,unassigned
133618,2160,unassigned
133619,2098,unassigned
133620,2118,Excitatory_Neuron
133621,2098,unassigned
133622,2098,unassigned
133623,2098,unassigned
133624,2116,Immune
133625,2098,unassigned
133626,2098,unassigned
133627,2146,unassigned
133628,2098,unassigned
133629,2098,unassigned
133630,2098,unassigned
133631,2124,Astro-Epen
133632,2098,unassigned
133633,2098,unassigned
133634,2139,Excitatory_Neuron
133635,2139,Excitatory_Neuron
133636,2139,Excitatory_Neuron
133637,2098,unassigned
133638,2098,unassigned
133639,2142,Excitatory_Neuron
133640,2098,unassigned
133641,2098,unassigned
133642,2160,unassigned
133643,2138,Excitatory_Neuron
133644,2098,unassigned
133645,2118,Excitatory_Neuron
133646,2113,Immune
133647,2118,Excitatory_Neuron
133648,2154,unassigned
133649,2098,unassigned
133650,2098,unassigned
133651,2098,unassigned
133652,2098,unassigned
133653,2098,unassigned
133654,2098,unassigned
133655,2098,unassigned
133656,2098,unassigned
133657,2098,unassigned
133658,2098,unassigned
133659,2159,unassigned
133660,2142,Excitatory_Neuron
133661,2098,unassigned
133662,2098,unassigned
133663,2098,unassigned
133664,2098,unassigned
133665,2098,unassigned
133666,2098,unassigned
133667,2098,unassigned
133668,2098,unassigned
133669,2098,unassigned
133670,2098,unassigned
133671,2098,unassigned
133672,2098,unassigned
133673,2098,unassigned
133674,2098,unassigned
133675,2098,unassigned
133676,2098,unassigned
133677,2098,unassigned
133678,2098,unassigned
133679,2139,Excitatory_Neuron
133680,2098,unassigned
133681,2145,Immune
133682,2098,unassigned
133683,2098,unassigned
133684,2155,unassigned
133685,2155,unassigned
133686,2155,unassigned
133687,2098,unassigned
133688,2098,unassigned
133689,2098,unassigned
133690,2098,unassigned
133691,2098,unassigned
133692,2098,unassigned
133693,2098,unassigned
133694,2146,unassigned
133695,2098,unassigned
133696,2098,unassigned
133697,2098,unassigned
133698,2098,unassigned
133699,2098,unassigned
133700,2098,unassigned
133701,2098,unassigned
133702,2098,unassigned
133703,2098,unassigned
133704,2098,unassigned
133705,2098,unassigned
133706,2098,unassigned
133707,2098,unassigned
133708,2139,Excitatory_Neuron
133709,2098,unassigned
133710,2155,unassigned
133711,2159,unassigned
133712,2098,unassigned
133713,2098,unassigned
133714,2128,Astro-Epen
133715,2098,unassigned
133716,2098,unassigned
133717,2098,unassigned
133718,2098,unassigned
133719,2098,unassigned
133720,2098,unassigned
133721,2098,unassigned
133722,2098,unassigned
133723,2153,unassigned
133724,2098,unassigned
133725,2098,unassigned
133726,2098,unassigned
133727,2098,unassigned
133728,2098,unassigned
133729,2098,unassigned
133730,2098,unassigned
133731,2098,unassigned
133732,2118,Excitatory_Neuron
133733,2098,unassigned
133734,2098,unassigned
133735,2098,unassigned
133736,2098,unassigned
133737,2098,unassigned
133738,2098,unassigned
133739,2098,unassigned
133740,2098,unassigned
133741,2098,unassigned
133742,2098,unassigned
133743,2098,unassigned
133744,2098,unassigned
133745,2098,unassigned
133746,2098,unassigned
133747,2098,unassigned
133748,2124,Astro-Epen
133749,2145,Immune
133750,2145,Immune
133751,2139,Excitatory_Neuron
133752,2153,unassigned
133753,2155,unassigned
133754,2098,unassigned
133755,2098,unassigned
133756,2098,unassigned
133757,2159,unassigned
133758,2118,Excitatory_Neuron
133759,2146,unassigned
133760,2098,unassigned
133761,2098,unassigned
133762,2098,unassigned
133763,2098,unassigned
133764,2098,unassigned
133765,2098,unassigned
133766,2124,Astro-Epen
133767,2098,unassigned
133768,2098,unassigned
133769,2098,unassigned
133770,2137,Excitatory_Neuron
133771,2142,Excitatory_Neuron
133772,2098,unassigned
133773,2098,unassigned
133774,2160,unassigned
133775,2159,unassigned
133776,2118,Excitatory_Neuron
133777,2118,Excitatory_Neuron
133778,2118,Excitatory_Neuron
133779,2098,unassigned
133780,2098,unassigned
133781,2098,unassigned
133782,2098,unassigned
133783,2098,unassigned
133784,2098,unassigned
133785,2098,unassigned
133786,2098,unassigned
133787,2098,unassigned
133788,2098,unassigned
133789,2098,unassigned
133790,2098,unassigned
133791,2098,unassigned
133792,2098,unassigned
133793,2139,Excitatory_Neuron
133794,2155,unassigned
133795,2142,Excitatory_Neuron
133796,2098,unassigned
133797,2142,Excitatory_Neuron
133798,2098,unassigned
133799,2098,unassigned
133800,2150,unassigned
133801,2113,Immune
133802,2118,Excitatory_Neuron
133803,2154,unassigned
133804,2128,Astro-Epen
133805,2098,unassigned
133806,2098,unassigned
133807,2098,unassigned
133808,2098,unassigned
133809,2098,unassigned
133810,2124,Astro-Epen
133811,2098,unassigned
133812,2145,Immune
133813,2098,unassigned
133814,2142,Excitatory_Neuron
133815,2098,unassigned
133816,2098,unassigned
133817,2098,unassigned
133818,2098,unassigned
133819,2098,unassigned
133820,2146,unassigned
133821,2098,unassigned
133822,2098,unassigned
133823,2098,unassigned
133824,2098,unassigned
133825,2098,unassigned
133826,2098,unassigned
133827,2098,unassigned
133828,2098,unassigned
133829,2098,unassigned
133830,2098,unassigned
133831,2098,unassigned
133832,2098,unassigned
133833,2098,unassigned
133834,2098,unassigned
133835,2098,unassigned
133836,2098,unassigned
133837,2098,unassigned
133838,2098,unassigned
133839,2098,unassigned
133840,2098,unassigned
133841,2098,unassigned
133842,2098,unassigned
133843,2098,unassigned
133844,2098,unassigned
133845,2098,unassigned
133846,2098,unassigned
133847,2098,unassigned
133848,2098,unassigned
133849,2142,Excitatory_Neuron
133850,2160,unassigned
133851,2118,Excitatory_Neuron
133852,2098,unassigned
133853,2098,unassigned
133854,2098,unassigned
133855,2098,unassigned
133856,2098,unassigned
133857,2098,unassigned
133858,2098,unassigned
133859,2160,unassigned
133860,2142,Excitatory_Neuron
133861,2098,unassigned
133862,2098,unassigned
133863,2098,unassigned
133864,2098,unassigned
133865,2098,unassigned
133866,2098,unassigned
133867,2098,unassigned
133868,2098,unassigned
133869,2098,unassigned
133870,2098,unassigned
133871,2098,unassigned
133872,2098,unassigned
133873,2098,unassigned
133874,2098,unassigned
133875,2098,unassigned
133876,2139,Excitatory_Neuron
133877,2098,unassigned
133878,2139,Excitatory_Neuron
133879,2098,unassigned
133880,2098,unassigned
133881,2155,unassigned
133882,2155,unassigned
133883,2098,unassigned
133884,2098,unassigned
133885,2128,Astro-Epen
133886,2117,GABA_Neuron
133887,2098,unassigned
133888,2146,unassigned
133889,2098,unassigned
133890,2098,unassigned
133891,2098,unassigned
133892,2098,unassigned
133893,2098,unassigned
133894,2098,unassigned
133895,2124,Astro-Epen
133896,2098,unassigned
133897,2098,unassigned
133898,2155,unassigned
133899,2098,unassigned
133900,2098,unassigned
133901,2098,unassigned
133902,2159,unassigned
133903,2118,Excitatory_Neuron
133904,2098,unassigned
133905,2098,unassigned
133906,2113,Immune
133907,2098,unassigned
133908,2098,unassigned
133909,2154,unassigned
133910,2098,unassigned
133911,2098,unassigned
133912,2098,unassigned
133913,2098,unassigned
133914,2098,unassigned
133915,2098,unassigned
133916,2098,unassigned
133917,2098,unassigned
133918,2124,Astro-Epen
133919,2098,unassigned
133920,2124,Astro-Epen
133921,2098,unassigned
133922,2098,unassigned
133923,2098,unassigned
133924,2098,unassigned
133925,2137,Excitatory_Neuron
133926,2153,unassigned
133927,2098,unassigned
133928,2098,unassigned
133929,2160,unassigned
133930,2098,unassigned
133931,2118,Excitatory_Neuron
133932,2118,Excitatory_Neuron
133933,2098,unassigned
133934,2098,unassigned
133935,2098,unassigned
133936,2098,unassigned
133937,2098,unassigned
133938,2098,unassigned
133939,2098,unassigned
133940,2146,unassigned
133941,2098,unassigned
133942,2098,unassigned
133943,2098,unassigned
133944,2098,unassigned
133945,2098,unassigned
133946,2098,unassigned
133947,2098,unassigned
133948,2098,unassigned
133949,2098,unassigned
133950,2098,unassigned
133951,2098,unassigned
133952,2098,unassigned
133953,2098,unassigned
133954,2145,Immune
133955,2145,Immune
133956,2098,unassigned
133957,2139,Excitatory_Neuron
133958,2098,unassigned
133959,2098,unassigned
133960,2098,unassigned
133961,2138,Excitatory_Neuron
133962,2161,unassigned
133963,2098,unassigned
133964,2150,unassigned
133965,2098,unassigned
133966,2098,unassigned
133967,2098,unassigned
133968,2098,unassigned
133969,2098,unassigned
133970,2157,unassigned
133971,2098,unassigned
133972,2098,unassigned
133973,2098,unassigned
133974,2098,unassigned
133975,2098,unassigned
133976,2098,unassigned
133977,2124,Astro-Epen
133978,2098,unassigned
133979,2098,unassigned
133980,2139,Excitatory_Neuron
133981,2098,unassigned
133982,2098,unassigned
133983,2137,Excitatory_Neuron
133984,2098,unassigned
133985,2159,unassigned
133986,2098,unassigned
133987,2118,Excitatory_Neuron
133988,2098,unassigned
133989,2098,unassigned
133990,2146,unassigned
133991,2098,unassigned
133992,2098,unassigned
133993,2098,unassigned
133994,2098,unassigned
133995,2098,unassigned
133996,2098,unassigned
133997,2145,Immune
133998,2137,Excitatory_Neuron
133999,2098,unassigned
134000,2098,unassigned
134001,2137,Excitatory_Neuron
134002,2098,unassigned
134003,2118,Excitatory_Neuron
134004,2118,Excitatory_Neuron
134005,2098,unassigned
134006,2118,Excitatory_Neuron
134007,2154,unassigned
134008,2098,unassigned
134009,2098,unassigned
134010,2098,unassigned
134011,2098,unassigned
134012,2098,unassigned
134013,2098,unassigned
134014,2098,unassigned
134015,2145,Immune
134016,2098,unassigned
134017,2098,unassigned
134018,2098,unassigned
134019,2159,unassigned
134020,2098,unassigned
134021,2098,unassigned
134022,2113,Immune
134023,2117,GABA_Neuron
134024,2117,GABA_Neuron
134025,2117,GABA_Neuron
134026,2098,unassigned
134027,2098,unassigned
134028,2098,unassigned
134029,2098,unassigned
134030,2098,unassigned
134031,2124,Astro-Epen
134032,2098,unassigned
134033,2098,unassigned
134034,2098,unassigned
134035,2098,unassigned
134036,2098,unassigned
134037,2098,unassigned
134038,2098,unassigned
134039,2098,unassigned
134040,2098,unassigned
134041,2098,unassigned
134042,2137,Excitatory_Neuron
134043,2139,Excitatory_Neuron
134044,2137,Excitatory_Neuron
134045,2137,Excitatory_Neuron
134046,2155,unassigned
134047,2137,Excitatory_Neuron
134048,2098,unassigned
134049,2098,unassigned
134050,2138,Excitatory_Neuron
134051,2142,Excitatory_Neuron
134052,2098,unassigned
134053,2118,Excitatory_Neuron
134054,2098,unassigned
134055,2128,Astro-Epen
134056,2098,unassigned
134057,2098,unassigned
134058,2098,unassigned
134059,2098,unassigned
134060,2124,Astro-Epen
134061,2098,unassigned
134062,2098,unassigned
134063,2098,unassigned
134064,2098,unassigned
134065,2098,unassigned
134066,2098,unassigned
134067,2098,unassigned
134068,2098,unassigned
134069,2098,unassigned
134070,2098,unassigned
134071,2098,unassigned
134072,2142,Excitatory_Neuron
134073,2138,Excitatory_Neuron
134074,2156,unassigned
134075,2098,unassigned
134076,2098,unassigned
134077,2150,unassigned
134078,2098,unassigned
134079,2098,unassigned
134080,2128,Astro-Epen
134081,2098,unassigned
134082,2098,unassigned
134083,2098,unassigned
134084,2098,unassigned
134085,2098,unassigned
134086,2098,unassigned
134087,2142,Excitatory_Neuron
134088,2118,Excitatory_Neuron
134089,2098,unassigned
134090,2118,Excitatory_Neuron
134091,2113,Immune
134092,2118,Excitatory_Neuron
134093,2098,unassigned
134094,2098,unassigned
134095,2098,unassigned
134096,2098,unassigned
134097,2098,unassigned
134098,2098,unassigned
134099,2098,unassigned
134100,2124,Astro-Epen
134101,2098,unassigned
134102,2137,Excitatory_Neuron
134103,2098,unassigned
134104,2098,unassigned
134105,2142,Excitatory_Neuron
134106,2098,unassigned
134107,2098,unassigned
134108,2118,Excitatory_Neuron
134109,2118,Excitatory_Neuron
134110,2098,unassigned
134111,2162,unassigned
134112,2098,unassigned
134113,2098,unassigned
134114,2128,Astro-Epen
134115,2128,Astro-Epen
134116,2098,unassigned
134117,2098,unassigned
134118,2098,unassigned
134119,2098,unassigned
134120,2098,unassigned
134121,2098,unassigned
134122,2098,unassigned
134123,2098,unassigned
134124,2098,unassigned
134125,2098,unassigned
134126,2098,unassigned
134127,2098,unassigned
134128,2098,unassigned
134129,2098,unassigned
134130,2142,Excitatory_Neuron
134131,2118,Excitatory_Neuron
134132,2098,unassigned
134133,2098,unassigned
134134,2098,unassigned
134135,2124,Astro-Epen
134136,2098,unassigned
134137,2098,unassigned
134138,2098,unassigned
134139,2098,unassigned
134140,2161,unassigned
134141,2150,unassigned
134142,2098,unassigned
134143,2118,Excitatory_Neuron
134144,2098,unassigned
134145,2128,Astro-Epen
134146,2098,unassigned
134147,2098,unassigned
134148,2098,unassigned
134149,2098,unassigned
134150,2098,unassigned
134151,2098,unassigned
134152,2098,unassigned
134153,2098,unassigned
134154,2098,unassigned
134155,2098,unassigned
134156,2139,Excitatory_Neuron
134157,2098,unassigned
134158,2098,unassigned
134159,2098,unassigned
134160,2137,Excitatory_Neuron
134161,2098,unassigned
134162,2098,unassigned
134163,2098,unassigned
134164,2138,Excitatory_Neuron
134165,2098,unassigned
134166,2098,unassigned
134167,2118,Excitatory_Neuron
134168,2098,unassigned
134169,2098,unassigned
134170,2098,unassigned
134171,2098,unassigned
134172,2098,unassigned
134173,2098,unassigned
134174,2098,unassigned
134175,2098,unassigned
134176,2098,unassigned
134177,2098,unassigned
134178,2098,unassigned
134179,2098,unassigned
134180,2098,unassigned
134181,2098,unassigned
134182,2098,unassigned
134183,2098,unassigned
134184,2137,Excitatory_Neuron
134185,2098,unassigned
134186,2098,unassigned
134187,2098,unassigned
134188,2098,unassigned
134189,2098,unassigned
134190,2161,unassigned
134191,2118,Excitatory_Neuron
134192,2113,Immune
134193,2113,Immune
134194,2098,unassigned
134195,2150,unassigned
134196,2118,Excitatory_Neuron
134197,2098,unassigned
134198,2098,unassigned
134199,2098,unassigned
134200,2098,unassigned
134201,2098,unassigned
134202,2098,unassigned
134203,2098,unassigned
134204,2137,Excitatory_Neuron
134205,2098,unassigned
134206,2098,unassigned
134207,2142,Excitatory_Neuron
134208,2142,Excitatory_Neuron
134209,2098,unassigned
134210,2142,Excitatory_Neuron
134211,2118,Excitatory_Neuron
134212,2156,unassigned
134213,2118,Excitatory_Neuron
134214,2098,unassigned
134215,2150,unassigned
134216,2098,unassigned
134217,2098,unassigned
134218,2098,unassigned
134219,2098,unassigned
134220,2098,unassigned
134221,2098,unassigned
134222,2098,unassigned
134223,2098,unassigned
134224,2098,unassigned
134225,2098,unassigned
134226,2098,unassigned
134227,2098,unassigned
134228,2139,Excitatory_Neuron
134229,2098,unassigned
134230,2139,Excitatory_Neuron
134231,2098,unassigned
134232,2137,Excitatory_Neuron
134233,2098,unassigned
134234,2145,Immune
134235,2137,Excitatory_Neuron
134236,2142,Excitatory_Neuron
134237,2118,Excitatory_Neuron
134238,2098,unassigned
134239,2098,unassigned
134240,2098,unassigned
134241,2098,unassigned
134242,2098,unassigned
134243,2098,unassigned
134244,2098,unassigned
134245,2098,unassigned
134246,2098,unassigned
134247,2098,unassigned
134248,2098,unassigned
134249,2098,unassigned
134250,2098,unassigned
134251,2098,unassigned
134252,2098,unassigned
134253,2098,unassigned
134254,2098,unassigned
134255,2098,unassigned
134256,2098,unassigned
134257,2098,unassigned
134258,2098,unassigned
134259,2098,unassigned
134260,2098,unassigned
134261,2098,unassigned
134262,2098,unassigned
134263,2098,unassigned
134264,2098,unassigned
134265,2098,unassigned
134266,2098,unassigned
134267,2098,unassigned
134268,2098,unassigned
134269,2098,unassigned
134270,2098,unassigned
134271,2159,unassigned
134272,2098,unassigned
134273,2098,unassigned
134274,2098,unassigned
134275,2098,unassigned
134276,2098,unassigned
134277,2098,unassigned
134278,2098,unassigned
134279,2139,Excitatory_Neuron
134280,2098,unassigned
134281,2098,unassigned
134282,2098,unassigned
134283,2098,unassigned
134284,2098,unassigned
134285,2137,Excitatory_Neuron
134286,2098,unassigned
134287,2155,unassigned
134288,2098,unassigned
134289,2142,Excitatory_Neuron
134290,2161,unassigned
134291,2113,Immune
134292,2138,Excitatory_Neuron
134293,2156,unassigned
134294,2098,unassigned
134295,2113,Immune
134296,2118,Excitatory_Neuron
134297,2098,unassigned
134298,2098,unassigned
134299,2098,unassigned
134300,2098,unassigned
134301,2098,unassigned
134302,2098,unassigned
134303,2098,unassigned
134304,2098,unassigned
134305,2098,unassigned
134306,2098,unassigned
134307,2098,unassigned
134308,2098,unassigned
134309,2124,Astro-Epen
134310,2098,unassigned
134311,2098,unassigned
134312,2098,unassigned
134313,2098,unassigned
134314,2139,Excitatory_Neuron
134315,2153,unassigned
134316,2098,unassigned
134317,2098,unassigned
134318,2142,Excitatory_Neuron
134319,2118,Excitatory_Neuron
134320,2118,Excitatory_Neuron
134321,2118,Excitatory_Neuron
134322,2098,unassigned
134323,2098,unassigned
134324,2098,unassigned
134325,2098,unassigned
134326,2098,unassigned
134327,2098,unassigned
134328,2098,unassigned
134329,2124,Astro-Epen
134330,2098,unassigned
134331,2098,unassigned
134332,2139,Excitatory_Neuron
134333,2137,Excitatory_Neuron
134334,2153,unassigned
134335,2098,unassigned
134336,2098,unassigned
134337,2156,unassigned
134338,2098,unassigned
134339,2154,unassigned
134340,2098,unassigned
134341,2128,Astro-Epen
134342,2098,unassigned
134343,2098,unassigned
134344,2098,unassigned
134345,2098,unassigned
134346,2098,unassigned
134347,2098,unassigned
134348,2098,unassigned
134349,2098,unassigned
134350,2098,unassigned
134351,2098,unassigned
134352,2137,Excitatory_Neuron
134353,2098,unassigned
134354,2098,unassigned
134355,2098,unassigned
134356,2138,Excitatory_Neuron
134357,2098,unassigned
134358,2156,unassigned
134359,2098,unassigned
134360,2118,Excitatory_Neuron
134361,2162,unassigned
134362,2118,Excitatory_Neuron
134363,2098,unassigned
134364,2098,unassigned
134365,2098,unassigned
134366,2137,Excitatory_Neuron
134367,2098,unassigned
134368,2098,unassigned
134369,2150,unassigned
134370,2098,unassigned
134371,2098,unassigned
134372,2098,unassigned
134373,2098,unassigned
134374,2098,unassigned
134375,2098,unassigned
134376,2145,Immune
134377,2098,unassigned
134378,2098,unassigned
134379,2161,unassigned
134380,2118,Excitatory_Neuron
134381,2098,unassigned
134382,2118,Excitatory_Neuron
134383,2118,Excitatory_Neuron
134384,2098,unassigned
134385,2128,Astro-Epen
134386,2098,unassigned
134387,2098,unassigned
134388,2098,unassigned
134389,2098,unassigned
134390,2098,unassigned
134391,2098,unassigned
134392,2098,unassigned
134393,2098,unassigned
134394,2098,unassigned
134395,2098,unassigned
134396,2155,unassigned
134397,2098,unassigned
134398,2098,unassigned
134399,2138,Excitatory_Neuron
134400,2142,Excitatory_Neuron
134401,2113,Immune
134402,2098,unassigned
134403,2098,unassigned
134404,2158,unassigned
134405,2098,unassigned
134406,2098,unassigned
134407,2098,unassigned
134408,2098,unassigned
134409,2098,unassigned
134410,2098,unassigned
134411,2098,unassigned
134412,2098,unassigned
134413,2145,Immune
134414,2155,unassigned
134415,2098,unassigned
134416,2098,unassigned
134417,2163,unassigned
134418,2160,unassigned
134419,2098,unassigned
134420,2142,Excitatory_Neuron
134421,2098,unassigned
134422,2098,unassigned
134423,2098,unassigned
134424,2098,unassigned
134425,2098,unassigned
134426,2157,unassigned
134427,2098,unassigned
134428,2098,unassigned
134429,2098,unassigned
134430,2098,unassigned
134431,2098,unassigned
134432,2098,unassigned
134433,2098,unassigned
134434,2139,Excitatory_Neuron
134435,2098,unassigned
134436,2155,unassigned
134437,2098,unassigned
134438,2098,unassigned
134439,2098,unassigned
134440,2098,unassigned
134441,2098,unassigned
134442,2113,Immune
134443,2118,Excitatory_Neuron
134444,2150,unassigned
134445,2098,unassigned
134446,2118,Excitatory_Neuron
134447,2098,unassigned
134448,2098,unassigned
134449,2098,unassigned
134450,2098,unassigned
134451,2098,unassigned
134452,2139,Excitatory_Neuron
134453,2137,Excitatory_Neuron
134454,2155,unassigned
134455,2098,unassigned
134456,2098,unassigned
134457,2098,unassigned
134458,2142,Excitatory_Neuron
134459,2098,unassigned
134460,2098,unassigned
134461,2098,unassigned
134462,2098,unassigned
134463,2098,unassigned
134464,2098,unassigned
134465,2098,unassigned
134466,2098,unassigned
134467,2124,Astro-Epen
134468,2098,unassigned
134469,2098,unassigned
134470,2139,Excitatory_Neuron
134471,2153,unassigned
134472,2098,unassigned
134473,2098,unassigned
134474,2098,unassigned
134475,2160,unassigned
134476,2098,unassigned
134477,2098,unassigned
134478,2156,unassigned
134479,2098,unassigned
134480,2118,Excitatory_Neuron
134481,2098,unassigned
134482,2098,unassigned
134483,2147,unassigned
134484,2098,unassigned
134485,2164,unassigned
134486,2158,unassigned
134487,2098,unassigned
134488,2098,unassigned
134489,2098,unassigned
134490,2139,Excitatory_Neuron
134491,2098,unassigned
134492,2098,unassigned
134493,2098,unassigned
134494,2153,unassigned
134495,2137,Excitatory_Neuron
134496,2098,unassigned
134497,2098,unassigned
134498,2155,unassigned
134499,2098,unassigned
134500,2160,unassigned
134501,2161,unassigned
134502,2098,unassigned
134503,2118,Excitatory_Neuron
134504,2098,unassigned
134505,2098,unassigned
134506,2098,unassigned
134507,2098,unassigned
134508,2098,unassigned
134509,2098,unassigned
134510,2098,unassigned
134511,2098,unassigned
134512,2098,unassigned
134513,2145,Immune
134514,2145,Immune
134515,2098,unassigned
134516,2098,unassigned
134517,2098,unassigned
134518,2098,unassigned
134519,2098,unassigned
134520,2098,unassigned
134521,2098,unassigned
134522,2128,Astro-Epen
134523,2098,unassigned
134524,2098,unassigned
134525,2146,unassigned
134526,2098,unassigned
134527,2098,unassigned
134528,2098,unassigned
134529,2124,Astro-Epen
134530,2098,unassigned
134531,2098,unassigned
134532,2139,Excitatory_Neuron
134533,2142,Excitatory_Neuron
134534,2156,unassigned
134535,2118,Excitatory_Neuron
134536,2098,unassigned
134537,2098,unassigned
134538,2098,unassigned
134539,2098,unassigned
134540,2098,unassigned
134541,2098,unassigned
134542,2098,unassigned
134543,2098,unassigned
134544,2098,unassigned
134545,2098,unassigned
134546,2098,unassigned
134547,2098,unassigned
134548,2098,unassigned
134549,2145,Immune
134550,2098,unassigned
134551,2098,unassigned
134552,2098,unassigned
134553,2098,unassigned
134554,2098,unassigned
134555,2154,unassigned
134556,2128,Astro-Epen
134557,2098,unassigned
134558,2098,unassigned
134559,2146,unassigned
134560,2098,unassigned
134561,2098,unassigned
134562,2098,unassigned
134563,2158,unassigned
134564,2158,unassigned
134565,2098,unassigned
134566,2098,unassigned
134567,2098,unassigned
134568,2098,unassigned
134569,2098,unassigned
134570,2098,unassigned
134571,2098,unassigned
134572,2098,unassigned
134573,2142,Excitatory_Neuron
134574,2098,unassigned
134575,2098,unassigned
134576,2098,unassigned
134577,2098,unassigned
134578,2098,unassigned
134579,2098,unassigned
134580,2150,unassigned
134581,2098,unassigned
134582,2150,unassigned
134583,2150,unassigned
134584,2098,unassigned
134585,2113,Immune
134586,2098,unassigned
134587,2098,unassigned
134588,2098,unassigned
134589,2098,unassigned
134590,2098,unassigned
134591,2098,unassigned
134592,2098,unassigned
134593,2098,unassigned
134594,2098,unassigned
134595,2098,unassigned
134596,2142,Excitatory_Neuron
134597,2098,unassigned
134598,2098,unassigned
134599,2118,Excitatory_Neuron
134600,2098,unassigned
134601,2098,unassigned
134602,2098,unassigned
134603,2098,unassigned
134604,2098,unassigned
134605,2098,unassigned
134606,2098,unassigned
134607,2098,unassigned
134608,2098,unassigned
134609,2098,unassigned
134610,2098,unassigned
134611,2098,unassigned
134612,2098,unassigned
134613,2098,unassigned
134614,2098,unassigned
134615,2142,Excitatory_Neuron
134616,2160,unassigned
134617,2098,unassigned
134618,2098,unassigned
134619,2098,unassigned
134620,2150,unassigned
134621,2118,Excitatory_Neuron
134622,2098,unassigned
134623,2098,unassigned
134624,2098,unassigned
134625,2098,unassigned
134626,2098,unassigned
134627,2098,unassigned
134628,2137,Excitatory_Neuron
134629,2098,unassigned
134630,2098,unassigned
134631,2137,Excitatory_Neuron
134632,2098,unassigned
134633,2098,unassigned
134634,2098,unassigned
134635,2113,Immune
134636,2098,unassigned
134637,2098,unassigned
134638,2098,unassigned
134639,2098,unassigned
134640,2154,unassigned
134641,2098,unassigned
134642,2154,unassigned
134643,2098,unassigned
134644,2157,unassigned
134645,2098,unassigned
134646,2098,unassigned
134647,2098,unassigned
134648,2098,unassigned
134649,2098,unassigned
134650,2124,Astro-Epen
134651,2124,Astro-Epen
134652,2098,unassigned
134653,2098,unassigned
134654,2145,Immune
134655,2098,unassigned
134656,2098,unassigned
134657,2098,unassigned
134658,2165,unassigned
134659,2165,unassigned
134660,2098,unassigned
134661,2098,unassigned
134662,2163,unassigned
134663,2098,unassigned
134664,2098,unassigned
134665,2098,unassigned
134666,2098,unassigned
134667,2098,unassigned
134668,2098,unassigned
134669,2098,unassigned
134670,2098,unassigned
134671,2098,unassigned
134672,2155,unassigned
134673,2153,unassigned
134674,2098,unassigned
134675,2098,unassigned
134676,2098,unassigned
134677,2118,Excitatory_Neuron
134678,2098,unassigned
134679,2098,unassigned
134680,2098,unassigned
134681,2098,unassigned
134682,2098,unassigned
134683,2098,unassigned
134684,2098,unassigned
134685,2098,unassigned
134686,2145,Immune
134687,2145,Immune
134688,2137,Excitatory_Neuron
134689,2098,unassigned
134690,2098,unassigned
134691,2159,unassigned
134692,2159,unassigned
134693,2161,unassigned
134694,2118,Excitatory_Neuron
134695,2098,unassigned
134696,2098,unassigned
134697,2098,unassigned
134698,2098,unassigned
134699,2145,Immune
134700,2098,unassigned
134701,2145,Immune
134702,2139,Excitatory_Neuron
134703,2139,Excitatory_Neuron
134704,2139,Excitatory_Neuron
134705,2155,unassigned
134706,2098,unassigned
134707,2153,unassigned
134708,2137,Excitatory_Neuron
134709,2098,unassigned
134710,2098,unassigned
134711,2098,unassigned
134712,2118,Excitatory_Neuron
134713,2098,unassigned
134714,2098,unassigned
134715,2098,unassigned
134716,2154,unassigned
134717,2098,unassigned
134718,2154,unassigned
134719,2128,Astro-Epen
134720,2098,unassigned
134721,2128,Astro-Epen
134722,2147,unassigned
134723,2147,unassigned
134724,2147,unassigned
134725,2147,unassigned
134726,2098,unassigned
134727,2098,unassigned
134728,2157,unassigned
134729,2098,unassigned
134730,2098,unassigned
134731,2139,Excitatory_Neuron
134732,2137,Excitatory_Neuron
134733,2165,unassigned
134734,2098,unassigned
134735,2098,unassigned
134736,2156,unassigned
134737,2098,unassigned
134738,2098,unassigned
134739,2118,Excitatory_Neuron
134740,2098,unassigned
134741,2098,unassigned
134742,2098,unassigned
134743,2098,unassigned
134744,2098,unassigned
134745,2098,unassigned
134746,2156,unassigned
134747,2098,unassigned
134748,2098,unassigned
134749,2098,unassigned
134750,2098,unassigned
134751,2098,unassigned
134752,2146,unassigned
134753,2157,unassigned
134754,2157,unassigned
134755,2098,unassigned
134756,2098,unassigned
134757,2098,unassigned
134758,2098,unassigned
134759,2098,unassigned
134760,2098,unassigned
134761,2158,unassigned
134762,2098,unassigned
134763,2098,unassigned
134764,2098,unassigned
134765,2098,unassigned
134766,2098,unassigned
134767,2098,unassigned
134768,2098,unassigned
134769,2098,unassigned
134770,2098,unassigned
134771,2098,unassigned
134772,2098,unassigned
134773,2098,unassigned
134774,2098,unassigned
134775,2098,unassigned
134776,2139,Excitatory_Neuron
134777,2098,unassigned
134778,2098,unassigned
134779,2098,unassigned
134780,2161,unassigned
134781,2098,unassigned
134782,2118,Excitatory_Neuron
134783,2118,Excitatory_Neuron
134784,2118,Excitatory_Neuron
134785,2118,Excitatory_Neuron
134786,2098,unassigned
134787,2098,unassigned
134788,2098,unassigned
134789,2098,unassigned
134790,2098,unassigned
134791,2098,unassigned
134792,2098,unassigned
134793,2098,unassigned
134794,2098,unassigned
134795,2159,unassigned
134796,2159,unassigned
134797,2118,Excitatory_Neuron
134798,2098,unassigned
134799,2098,unassigned
134800,2098,unassigned
134801,2098,unassigned
134802,2098,unassigned
134803,2098,unassigned
134804,2098,unassigned
134805,2098,unassigned
134806,2139,Excitatory_Neuron
134807,2139,Excitatory_Neuron
134808,2139,Excitatory_Neuron
134809,2098,unassigned
134810,2098,unassigned
134811,2159,unassigned
134812,2159,unassigned
134813,2098,unassigned
134814,2098,unassigned
134815,2098,unassigned
134816,2098,unassigned
134817,2098,unassigned
134818,2098,unassigned
134819,2098,unassigned
134820,2098,unassigned
134821,2098,unassigned
134822,2098,unassigned
134823,2145,Immune
134824,2145,Immune
134825,2145,Immune
134826,2098,unassigned
134827,2137,Excitatory_Neuron
134828,2098,unassigned
134829,2145,Immune
134830,2098,unassigned
134831,2137,Excitatory_Neuron
134832,2098,unassigned
134833,2098,unassigned
134834,2137,Excitatory_Neuron
134835,2098,unassigned
134836,2098,unassigned
134837,2098,unassigned
134838,2098,unassigned
134839,2098,unassigned
134840,2098,unassigned
134841,2098,unassigned
134842,2158,unassigned
134843,2155,unassigned
134844,2098,unassigned
134845,2154,unassigned
134846,2128,Astro-Epen
134847,2098,unassigned
134848,2098,unassigned
134849,2098,unassigned
134850,2098,unassigned
134851,2098,unassigned
134852,2098,unassigned
134853,2098,unassigned
134854,2098,unassigned
134855,2098,unassigned
134856,2098,unassigned
134857,2098,unassigned
134858,2098,unassigned
134859,2098,unassigned
134860,2098,unassigned
134861,2098,unassigned
134862,2159,unassigned
134863,2098,unassigned
134864,2159,unassigned
134865,2142,Excitatory_Neuron
134866,2098,unassigned
134867,2098,unassigned
134868,2098,unassigned
134869,2098,unassigned
134870,2098,unassigned
134871,2118,Excitatory_Neuron
134872,2098,unassigned
134873,2118,Excitatory_Neuron
134874,2098,unassigned
134875,2098,unassigned
134876,2098,unassigned
134877,2098,unassigned
134878,2118,Excitatory_Neuron
134879,2118,Excitatory_Neuron
134880,2098,unassigned
134881,2098,unassigned
134882,2098,unassigned
134883,2118,Excitatory_Neuron
134884,2098,unassigned
134885,2098,unassigned
134886,2098,unassigned
134887,2098,unassigned
134888,2098,unassigned
134889,2098,unassigned
134890,2098,unassigned
134891,2142,Excitatory_Neuron
134892,2098,unassigned
134893,2098,unassigned
134894,2118,Excitatory_Neuron
134895,2098,unassigned
134896,2098,unassigned
134897,2118,Excitatory_Neuron
134898,2098,unassigned
134899,2098,unassigned
134900,2098,unassigned
134901,2098,unassigned
134902,2098,unassigned
134903,2098,unassigned
134904,2098,unassigned
134905,2098,unassigned
134906,2098,unassigned
134907,2098,unassigned
134908,2098,unassigned
134909,2098,unassigned
134910,2098,unassigned
134911,2098,unassigned
134912,2098,unassigned
134913,2098,unassigned
134914,2098,unassigned
134915,2098,unassigned
134916,2098,unassigned
134917,2113,Immune
134918,2098,unassigned
134919,2154,unassigned
134920,2098,unassigned
134921,2166,unassigned
134922,2166,unassigned
134923,2166,unassigned
134924,2167,unassigned
134925,2168,Excitatory_Neuron
134926,2169,unassigned
134927,2166,unassigned
134928,2166,unassigned
134929,2166,unassigned
134930,2166,unassigned
134931,2166,unassigned
134932,2166,unassigned
134933,2166,unassigned
134934,2166,unassigned
134935,2166,unassigned
134936,2166,unassigned
134937,2166,unassigned
134938,2166,unassigned
134939,2169,unassigned
134940,2169,unassigned
134941,2166,unassigned
134942,2169,unassigned
134943,2166,unassigned
134944,2166,unassigned
134945,2166,unassigned
134946,2170,unassigned
134947,2166,unassigned
134948,2166,unassigned
134949,2166,unassigned
134950,2170,unassigned
134951,2166,unassigned
134952,2166,unassigned
134953,2166,unassigned
134954,2166,unassigned
134955,2166,unassigned
134956,2166,unassigned
134957,2166,unassigned
134958,2166,unassigned
134959,2166,unassigned
134960,2166,unassigned
134961,2166,unassigned
134962,2166,unassigned
134963,2166,unassigned
134964,2166,unassigned
134965,2166,unassigned
134966,2166,unassigned
134967,2166,unassigned
134968,2166,unassigned
134969,2166,unassigned
134970,2166,unassigned
134971,2166,unassigned
134972,2166,unassigned
134973,2166,unassigned
134974,2166,unassigned
134975,2166,unassigned
134976,2166,unassigned
134977,2166,unassigned
134978,2166,unassigned
134979,2166,unassigned
134980,2166,unassigned
134981,2166,unassigned
134982,2166,unassigned
134983,2166,unassigned
134984,2166,unassigned
134985,2166,unassigned
134986,2166,unassigned
134987,2166,unassigned
134988,2166,unassigned
134989,2166,unassigned
134990,2166,unassigned
134991,2166,unassigned
134992,2166,unassigned
134993,2166,unassigned
134994,2166,unassigned
134995,2166,unassigned
134996,2166,unassigned
134997,2166,unassigned
134998,2171,unassigned
134999,2166,unassigned
135000,2172,Astro-Epen
135001,2166,unassigned
135002,2166,unassigned
135003,2172,Astro-Epen
135004,2166,unassigned
135005,2166,unassigned
135006,2166,unassigned
135007,2166,unassigned
135008,2166,unassigned
135009,2172,Astro-Epen
135010,2166,unassigned
135011,2166,unassigned
135012,2166,unassigned
135013,2166,unassigned
135014,2166,unassigned
135015,2166,unassigned
135016,2166,unassigned
135017,2168,Excitatory_Neuron
135018,2166,unassigned
135019,2166,unassigned
135020,2166,unassigned
135021,2166,unassigned
135022,2166,unassigned
135023,2166,unassigned
135024,2166,unassigned
135025,2166,unassigned
135026,2166,unassigned
135027,2166,unassigned
135028,2172,Astro-Epen
135029,2172,Astro-Epen
135030,2166,unassigned
135031,2166,unassigned
135032,2166,unassigned
135033,2166,unassigned
135034,2166,unassigned
135035,2166,unassigned
135036,2172,Astro-Epen
135037,2172,Astro-Epen
135038,2166,unassigned
135039,2166,unassigned
135040,2166,unassigned
135041,2166,unassigned
135042,2166,unassigned
135043,2166,unassigned
135044,2166,unassigned
135045,2166,unassigned
135046,2173,Excitatory_Neuron
135047,2174,Excitatory_Neuron
135048,2166,unassigned
135049,2166,unassigned
135050,2173,Excitatory_Neuron
135051,2174,Excitatory_Neuron
135052,2166,unassigned
135053,2166,unassigned
135054,2166,unassigned
135055,2166,unassigned
135056,2166,unassigned
135057,2166,unassigned
135058,2166,unassigned
135059,2166,unassigned
135060,2166,unassigned
135061,2167,unassigned
135062,2167,unassigned
135063,2166,unassigned
135064,2166,unassigned
135065,2170,unassigned
135066,2166,unassigned
135067,2166,unassigned
135068,2166,unassigned
135069,2166,unassigned
135070,2166,unassigned
135071,2166,unassigned
135072,2166,unassigned
135073,2166,unassigned
135074,2166,unassigned
135075,2169,unassigned
135076,2166,unassigned
135077,2166,unassigned
135078,2166,unassigned
135079,2166,unassigned
135080,2166,unassigned
135081,2166,unassigned
135082,2166,unassigned
135083,2166,unassigned
135084,2166,unassigned
135085,2166,unassigned
135086,2166,unassigned
135087,2166,unassigned
135088,2166,unassigned
135089,2166,unassigned
135090,2166,unassigned
135091,2166,unassigned
135092,2166,unassigned
135093,2166,unassigned
135094,2166,unassigned
135095,2173,Excitatory_Neuron
135096,2168,Excitatory_Neuron
135097,2166,unassigned
135098,2166,unassigned
135099,2166,unassigned
135100,2166,unassigned
135101,2166,unassigned
135102,2166,unassigned
135103,2166,unassigned
135104,2166,unassigned
135105,2166,unassigned
135106,2166,unassigned
135107,2166,unassigned
135108,2166,unassigned
135109,2166,unassigned
135110,2166,unassigned
135111,2166,unassigned
135112,2168,Excitatory_Neuron
135113,2166,unassigned
135114,2166,unassigned
135115,2166,unassigned
135116,2166,unassigned
135117,2166,unassigned
135118,2166,unassigned
135119,2166,unassigned
135120,2166,unassigned
135121,2166,unassigned
135122,2172,Astro-Epen
135123,2166,unassigned
135124,2166,unassigned
135125,2166,unassigned
135126,2168,Excitatory_Neuron
135127,2166,unassigned
135128,2167,unassigned
135129,2167,unassigned
135130,2166,unassigned
135131,2166,unassigned
135132,2166,unassigned
135133,2166,unassigned
135134,2166,unassigned
135135,2166,unassigned
135136,2166,unassigned
135137,2175,unassigned
135138,2172,Astro-Epen
135139,2172,Astro-Epen
135140,2172,Astro-Epen
135141,2166,unassigned
135142,2166,unassigned
135143,2166,unassigned
135144,2173,Excitatory_Neuron
135145,2166,unassigned
135146,2167,unassigned
135147,2166,unassigned
135148,2166,unassigned
135149,2166,unassigned
135150,2166,unassigned
135151,2166,unassigned
135152,2166,unassigned
135153,2166,unassigned
135154,2166,unassigned
135155,2166,unassigned
135156,2172,Astro-Epen
135157,2166,unassigned
135158,2174,Excitatory_Neuron
135159,2166,unassigned
135160,2166,unassigned
135161,2166,unassigned
135162,2166,unassigned
135163,2169,unassigned
135164,2166,unassigned
135165,2166,unassigned
135166,2170,unassigned
135167,2166,unassigned
135168,2166,unassigned
135169,2166,unassigned
135170,2166,unassigned
135171,2166,unassigned
135172,2171,unassigned
135173,2172,Astro-Epen
135174,2166,unassigned
135175,2167,unassigned
135176,2166,unassigned
135177,2166,unassigned
135178,2166,unassigned
135179,2166,unassigned
135180,2166,unassigned
135181,2166,unassigned
135182,2166,unassigned
135183,2166,unassigned
135184,2166,unassigned
135185,2166,unassigned
135186,2172,Astro-Epen
135187,2172,Astro-Epen
135188,2166,unassigned
135189,2166,unassigned
135190,2166,unassigned
135191,2166,unassigned
135192,2166,unassigned
135193,2166,unassigned
135194,2169,unassigned
135195,2176,Immune
135196,2166,unassigned
135197,2170,unassigned
135198,2170,unassigned
135199,2166,unassigned
135200,2166,unassigned
135201,2166,unassigned
135202,2166,unassigned
135203,2166,unassigned
135204,2166,unassigned
135205,2166,unassigned
135206,2166,unassigned
135207,2166,unassigned
135208,2166,unassigned
135209,2172,Astro-Epen
135210,2174,Excitatory_Neuron
135211,2166,unassigned
135212,2166,unassigned
135213,2166,unassigned
135214,2166,unassigned
135215,2166,unassigned
135216,2166,unassigned
135217,2166,unassigned
135218,2166,unassigned
135219,2166,unassigned
135220,2166,unassigned
135221,2166,unassigned
135222,2166,unassigned
135223,2166,unassigned
135224,2166,unassigned
135225,2171,unassigned
135226,2166,unassigned
135227,2166,unassigned
135228,2166,unassigned
135229,2166,unassigned
135230,2174,Excitatory_Neuron
135231,2174,Excitatory_Neuron
135232,2168,Excitatory_Neuron
135233,2168,Excitatory_Neuron
135234,2166,unassigned
135235,2166,unassigned
135236,2166,unassigned
135237,2166,unassigned
135238,2166,unassigned
135239,2166,unassigned
135240,2172,Astro-Epen
135241,2166,unassigned
135242,2174,Excitatory_Neuron
135243,2174,Excitatory_Neuron
135244,2166,unassigned
135245,2173,Excitatory_Neuron
135246,2166,unassigned
135247,2166,unassigned
135248,2166,unassigned
135249,2166,unassigned
135250,2166,unassigned
135251,2166,unassigned
135252,2166,unassigned
135253,2166,unassigned
135254,2166,unassigned
135255,2171,unassigned
135256,2166,unassigned
135257,2172,Astro-Epen
135258,2173,Excitatory_Neuron
135259,2166,unassigned
135260,2166,unassigned
135261,2166,unassigned
135262,2166,unassigned
135263,2166,unassigned
135264,2166,unassigned
135265,2166,unassigned
135266,2166,unassigned
135267,2166,unassigned
135268,2166,unassigned
135269,2166,unassigned
135270,2166,unassigned
135271,2175,unassigned
135272,2166,unassigned
135273,2166,unassigned
135274,2166,unassigned
135275,2166,unassigned
135276,2166,unassigned
135277,2166,unassigned
135278,2166,unassigned
135279,2166,unassigned
135280,2173,Excitatory_Neuron
135281,2173,Excitatory_Neuron
135282,2166,unassigned
135283,2168,Excitatory_Neuron
135284,2167,unassigned
135285,2166,unassigned
135286,2166,unassigned
135287,2166,unassigned
135288,2166,unassigned
135289,2166,unassigned
135290,2166,unassigned
135291,2166,unassigned
135292,2166,unassigned
135293,2166,unassigned
135294,2166,unassigned
135295,2173,Excitatory_Neuron
135296,2166,unassigned
135297,2166,unassigned
135298,2166,unassigned
135299,2177,unassigned
135300,2166,unassigned
135301,2166,unassigned
135302,2166,unassigned
135303,2166,unassigned
135304,2166,unassigned
135305,2166,unassigned
135306,2166,unassigned
135307,2166,unassigned
135308,2172,Astro-Epen
135309,2166,unassigned
135310,2174,Excitatory_Neuron
135311,2166,unassigned
135312,2168,Excitatory_Neuron
135313,2166,unassigned
135314,2167,unassigned
135315,2166,unassigned
135316,2166,unassigned
135317,2166,unassigned
135318,2166,unassigned
135319,2166,unassigned
135320,2166,unassigned
135321,2166,unassigned
135322,2166,unassigned
135323,2166,unassigned
135324,2173,Excitatory_Neuron
135325,2174,Excitatory_Neuron
135326,2166,unassigned
135327,2168,Excitatory_Neuron
135328,2168,Excitatory_Neuron
135329,2166,unassigned
135330,2169,unassigned
135331,2166,unassigned
135332,2166,unassigned
135333,2166,unassigned
135334,2166,unassigned
135335,2166,unassigned
135336,2166,unassigned
135337,2166,unassigned
135338,2166,unassigned
135339,2166,unassigned
135340,2166,unassigned
135341,2166,unassigned
135342,2166,unassigned
135343,2172,Astro-Epen
135344,2166,unassigned
135345,2166,unassigned
135346,2168,Excitatory_Neuron
135347,2166,unassigned
135348,2169,unassigned
135349,2166,unassigned
135350,2169,unassigned
135351,2166,unassigned
135352,2166,unassigned
135353,2166,unassigned
135354,2166,unassigned
135355,2166,unassigned
135356,2166,unassigned
135357,2166,unassigned
135358,2166,unassigned
135359,2166,unassigned
135360,2166,unassigned
135361,2172,Astro-Epen
135362,2172,Astro-Epen
135363,2166,unassigned
135364,2166,unassigned
135365,2166,unassigned
135366,2173,Excitatory_Neuron
135367,2173,Excitatory_Neuron
135368,2166,unassigned
135369,2167,unassigned
135370,2168,Excitatory_Neuron
135371,2166,unassigned
135372,2166,unassigned
135373,2166,unassigned
135374,2166,unassigned
135375,2166,unassigned
135376,2166,unassigned
135377,2166,unassigned
135378,2166,unassigned
135379,2166,unassigned
135380,2166,unassigned
135381,2166,unassigned
135382,2166,unassigned
135383,2171,unassigned
135384,2166,unassigned
135385,2166,unassigned
135386,2166,unassigned
135387,2166,unassigned
135388,2166,unassigned
135389,2166,unassigned
135390,2166,unassigned
135391,2166,unassigned
135392,2166,unassigned
135393,2166,unassigned
135394,2166,unassigned
135395,2166,unassigned
135396,2166,unassigned
135397,2166,unassigned
135398,2166,unassigned
135399,2166,unassigned
135400,2172,Astro-Epen
135401,2166,unassigned
135402,2172,Astro-Epen
135403,2173,Excitatory_Neuron
135404,2173,Excitatory_Neuron
135405,2166,unassigned
135406,2176,Immune
135407,2166,unassigned
135408,2166,unassigned
135409,2166,unassigned
135410,2166,unassigned
135411,2166,unassigned
135412,2166,unassigned
135413,2166,unassigned
135414,2166,unassigned
135415,2172,Astro-Epen
135416,2174,Excitatory_Neuron
135417,2166,unassigned
135418,2166,unassigned
135419,2166,unassigned
135420,2166,unassigned
135421,2166,unassigned
135422,2166,unassigned
135423,2166,unassigned
135424,2166,unassigned
135425,2166,unassigned
135426,2166,unassigned
135427,2166,unassigned
135428,2174,Excitatory_Neuron
135429,2174,Excitatory_Neuron
135430,2174,Excitatory_Neuron
135431,2166,unassigned
135432,2166,unassigned
135433,2166,unassigned
135434,2166,unassigned
135435,2166,unassigned
135436,2166,unassigned
135437,2166,unassigned
135438,2166,unassigned
135439,2166,unassigned
135440,2166,unassigned
135441,2166,unassigned
135442,2166,unassigned
135443,2166,unassigned
135444,2166,unassigned
135445,2166,unassigned
135446,2166,unassigned
135447,2166,unassigned
135448,2166,unassigned
135449,2166,unassigned
135450,2166,unassigned
135451,2166,unassigned
135452,2167,unassigned
135453,2168,Excitatory_Neuron
135454,2166,unassigned
135455,2166,unassigned
135456,2166,unassigned
135457,2166,unassigned
135458,2166,unassigned
135459,2166,unassigned
135460,2166,unassigned
135461,2175,unassigned
135462,2166,unassigned
135463,2166,unassigned
135464,2166,unassigned
135465,2166,unassigned
135466,2166,unassigned
135467,2166,unassigned
135468,2166,unassigned
135469,2173,Excitatory_Neuron
135470,2167,unassigned
135471,2166,unassigned
135472,2166,unassigned
135473,2166,unassigned
135474,2166,unassigned
135475,2166,unassigned
135476,2166,unassigned
135477,2166,unassigned
135478,2166,unassigned
135479,2166,unassigned
135480,2166,unassigned
135481,2166,unassigned
135482,2166,unassigned
135483,2166,unassigned
135484,2166,unassigned
135485,2166,unassigned
135486,2166,unassigned
135487,2166,unassigned
135488,2166,unassigned
135489,2166,unassigned
135490,2174,Excitatory_Neuron
135491,2166,unassigned
135492,2178,unassigned
135493,2166,unassigned
135494,2168,Excitatory_Neuron
135495,2166,unassigned
135496,2166,unassigned
135497,2179,unassigned
135498,2166,unassigned
135499,2166,unassigned
135500,2177,unassigned
135501,2166,unassigned
135502,2166,unassigned
135503,2166,unassigned
135504,2166,unassigned
135505,2171,unassigned
135506,2172,Astro-Epen
135507,2173,Excitatory_Neuron
135508,2166,unassigned
135509,2173,Excitatory_Neuron
135510,2166,unassigned
135511,2167,unassigned
135512,2166,unassigned
135513,2166,unassigned
135514,2166,unassigned
135515,2169,unassigned
135516,2166,unassigned
135517,2166,unassigned
135518,2166,unassigned
135519,2166,unassigned
135520,2166,unassigned
135521,2177,unassigned
135522,2166,unassigned
135523,2166,unassigned
135524,2166,unassigned
135525,2166,unassigned
135526,2166,unassigned
135527,2166,unassigned
135528,2166,unassigned
135529,2166,unassigned
135530,2174,Excitatory_Neuron
135531,2166,unassigned
135532,2166,unassigned
135533,2166,unassigned
135534,2170,unassigned
135535,2166,unassigned
135536,2166,unassigned
135537,2166,unassigned
135538,2166,unassigned
135539,2166,unassigned
135540,2166,unassigned
135541,2166,unassigned
135542,2174,Excitatory_Neuron
135543,2168,Excitatory_Neuron
135544,2166,unassigned
135545,2166,unassigned
135546,2169,unassigned
135547,2166,unassigned
135548,2166,unassigned
135549,2166,unassigned
135550,2166,unassigned
135551,2170,unassigned
135552,2166,unassigned
135553,2166,unassigned
135554,2166,unassigned
135555,2166,unassigned
135556,2175,unassigned
135557,2166,unassigned
135558,2166,unassigned
135559,2166,unassigned
135560,2166,unassigned
135561,2174,Excitatory_Neuron
135562,2168,Excitatory_Neuron
135563,2166,unassigned
135564,2166,unassigned
135565,2166,unassigned
135566,2166,unassigned
135567,2166,unassigned
135568,2166,unassigned
135569,2166,unassigned
135570,2166,unassigned
135571,2170,unassigned
135572,2166,unassigned
135573,2172,Astro-Epen
135574,2166,unassigned
135575,2166,unassigned
135576,2168,Excitatory_Neuron
135577,2166,unassigned
135578,2166,unassigned
135579,2166,unassigned
135580,2166,unassigned
135581,2170,unassigned
135582,2166,unassigned
135583,2166,unassigned
135584,2166,unassigned
135585,2166,unassigned
135586,2166,unassigned
135587,2172,Astro-Epen
135588,2166,unassigned
135589,2174,Excitatory_Neuron
135590,2166,unassigned
135591,2166,unassigned
135592,2166,unassigned
135593,2168,Excitatory_Neuron
135594,2167,unassigned
135595,2166,unassigned
135596,2166,unassigned
135597,2166,unassigned
135598,2180,unassigned
135599,2177,unassigned
135600,2177,unassigned
135601,2166,unassigned
135602,2166,unassigned
135603,2166,unassigned
135604,2166,unassigned
135605,2171,unassigned
135606,2166,unassigned
135607,2172,Astro-Epen
135608,2166,unassigned
135609,2166,unassigned
135610,2166,unassigned
135611,2178,unassigned
135612,2166,unassigned
135613,2168,Excitatory_Neuron
135614,2166,unassigned
135615,2168,Excitatory_Neuron
135616,2166,unassigned
135617,2166,unassigned
135618,2169,unassigned
135619,2166,unassigned
135620,2170,unassigned
135621,2166,unassigned
135622,2166,unassigned
135623,2166,unassigned
135624,2166,unassigned
135625,2166,unassigned
135626,2166,unassigned
135627,2166,unassigned
135628,2167,unassigned
135629,2166,unassigned
135630,2170,unassigned
135631,2166,unassigned
135632,2166,unassigned
135633,2166,unassigned
135634,2166,unassigned
135635,2166,unassigned
135636,2166,unassigned
135637,2166,unassigned
135638,2166,unassigned
135639,2166,unassigned
135640,2166,unassigned
135641,2172,Astro-Epen
135642,2172,Astro-Epen
135643,2166,unassigned
135644,2166,unassigned
135645,2166,unassigned
135646,2166,unassigned
135647,2174,Excitatory_Neuron
135648,2174,Excitatory_Neuron
135649,2166,unassigned
135650,2166,unassigned
135651,2166,unassigned
135652,2166,unassigned
135653,2176,Immune
135654,2169,unassigned
135655,2166,unassigned
135656,2166,unassigned
135657,2166,unassigned
135658,2166,unassigned
135659,2166,unassigned
135660,2174,Excitatory_Neuron
135661,2166,unassigned
135662,2174,Excitatory_Neuron
135663,2166,unassigned
135664,2173,Excitatory_Neuron
135665,2166,unassigned
135666,2166,unassigned
135667,2166,unassigned
135668,2166,unassigned
135669,2166,unassigned
135670,2166,unassigned
135671,2166,unassigned
135672,2166,unassigned
135673,2166,unassigned
135674,2166,unassigned
135675,2166,unassigned
135676,2175,unassigned
135677,2166,unassigned
135678,2166,unassigned
135679,2172,Astro-Epen
135680,2166,unassigned
135681,2166,unassigned
135682,2166,unassigned
135683,2166,unassigned
135684,2166,unassigned
135685,2166,unassigned
135686,2172,Astro-Epen
135687,2166,unassigned
135688,2166,unassigned
135689,2174,Excitatory_Neuron
135690,2174,Excitatory_Neuron
135691,2166,unassigned
135692,2166,unassigned
135693,2168,Excitatory_Neuron
135694,2166,unassigned
135695,2166,unassigned
135696,2176,Immune
135697,2166,unassigned
135698,2166,unassigned
135699,2172,Astro-Epen
135700,2166,unassigned
135701,2166,unassigned
135702,2166,unassigned
135703,2173,Excitatory_Neuron
135704,2166,unassigned
135705,2166,unassigned
135706,2166,unassigned
135707,2166,unassigned
135708,2166,unassigned
135709,2166,unassigned
135710,2166,unassigned
135711,2166,unassigned
135712,2166,unassigned
135713,2166,unassigned
135714,2166,unassigned
135715,2166,unassigned
135716,2166,unassigned
135717,2166,unassigned
135718,2166,unassigned
135719,2170,unassigned
135720,2166,unassigned
135721,2172,Astro-Epen
135722,2166,unassigned
135723,2166,unassigned
135724,2173,Excitatory_Neuron
135725,2166,unassigned
135726,2167,unassigned
135727,2166,unassigned
135728,2176,Immune
135729,2169,unassigned
135730,2169,unassigned
135731,2166,unassigned
135732,2166,unassigned
135733,2166,unassigned
135734,2166,unassigned
135735,2166,unassigned
135736,2166,unassigned
135737,2166,unassigned
135738,2166,unassigned
135739,2171,unassigned
135740,2166,unassigned
135741,2166,unassigned
135742,2172,Astro-Epen
135743,2166,unassigned
135744,2173,Excitatory_Neuron
135745,2173,Excitatory_Neuron
135746,2166,unassigned
135747,2166,unassigned
135748,2166,unassigned
135749,2173,Excitatory_Neuron
135750,2166,unassigned
135751,2166,unassigned
135752,2166,unassigned
135753,2166,unassigned
135754,2166,unassigned
135755,2166,unassigned
135756,2166,unassigned
135757,2166,unassigned
135758,2166,unassigned
135759,2166,unassigned
135760,2166,unassigned
135761,2172,Astro-Epen
135762,2166,unassigned
135763,2166,unassigned
135764,2166,unassigned
135765,2172,Astro-Epen
135766,2172,Astro-Epen
135767,2172,Astro-Epen
135768,2166,unassigned
135769,2166,unassigned
135770,2166,unassigned
135771,2166,unassigned
135772,2176,Immune
135773,2166,unassigned
135774,2166,unassigned
135775,2166,unassigned
135776,2166,unassigned
135777,2166,unassigned
135778,2171,unassigned
135779,2166,unassigned
135780,2172,Astro-Epen
135781,2166,unassigned
135782,2173,Excitatory_Neuron
135783,2166,unassigned
135784,2166,unassigned
135785,2166,unassigned
135786,2167,unassigned
135787,2166,unassigned
135788,2166,unassigned
135789,2166,unassigned
135790,2166,unassigned
135791,2166,unassigned
135792,2166,unassigned
135793,2166,unassigned
135794,2166,unassigned
135795,2166,unassigned
135796,2166,unassigned
135797,2166,unassigned
135798,2172,Astro-Epen
135799,2173,Excitatory_Neuron
135800,2166,unassigned
135801,2173,Excitatory_Neuron
135802,2174,Excitatory_Neuron
135803,2166,unassigned
135804,2173,Excitatory_Neuron
135805,2166,unassigned
135806,2166,unassigned
135807,2166,unassigned
135808,2166,unassigned
135809,2166,unassigned
135810,2166,unassigned
135811,2166,unassigned
135812,2166,unassigned
135813,2166,unassigned
135814,2166,unassigned
135815,2166,unassigned
135816,2166,unassigned
135817,2166,unassigned
135818,2166,unassigned
135819,2166,unassigned
135820,2172,Astro-Epen
135821,2166,unassigned
135822,2166,unassigned
135823,2166,unassigned
135824,2166,unassigned
135825,2174,Excitatory_Neuron
135826,2173,Excitatory_Neuron
135827,2166,unassigned
135828,2166,unassigned
135829,2166,unassigned
135830,2166,unassigned
135831,2166,unassigned
135832,2166,unassigned
135833,2166,unassigned
135834,2166,unassigned
135835,2166,unassigned
135836,2166,unassigned
135837,2166,unassigned
135838,2174,Excitatory_Neuron
135839,2166,unassigned
135840,2166,unassigned
135841,2166,unassigned
135842,2166,unassigned
135843,2176,Immune
135844,2166,unassigned
135845,2166,unassigned
135846,2166,unassigned
135847,2166,unassigned
135848,2166,unassigned
135849,2166,unassigned
135850,2166,unassigned
135851,2166,unassigned
135852,2166,unassigned
135853,2166,unassigned
135854,2166,unassigned
135855,2166,unassigned
135856,2166,unassigned
135857,2166,unassigned
135858,2167,unassigned
135859,2166,unassigned
135860,2166,unassigned
135861,2166,unassigned
135862,2166,unassigned
135863,2166,unassigned
135864,2166,unassigned
135865,2166,unassigned
135866,2166,unassigned
135867,2172,Astro-Epen
135868,2166,unassigned
135869,2166,unassigned
135870,2172,Astro-Epen
135871,2166,unassigned
135872,2166,unassigned
135873,2172,Astro-Epen
135874,2172,Astro-Epen
135875,2166,unassigned
135876,2166,unassigned
135877,2166,unassigned
135878,2168,Excitatory_Neuron
135879,2169,unassigned
135880,2169,unassigned
135881,2166,unassigned
135882,2166,unassigned
135883,2166,unassigned
135884,2166,unassigned
135885,2166,unassigned
135886,2166,unassigned
135887,2166,unassigned
135888,2166,unassigned
135889,2166,unassigned
135890,2166,unassigned
135891,2166,unassigned
135892,2166,unassigned
135893,2166,unassigned
135894,2166,unassigned
135895,2167,unassigned
135896,2166,unassigned
135897,2168,Excitatory_Neuron
135898,2176,Immune
135899,2166,unassigned
135900,2176,Immune
135901,2166,unassigned
135902,2177,unassigned
135903,2166,unassigned
135904,2166,unassigned
135905,2166,unassigned
135906,2166,unassigned
135907,2166,unassigned
135908,2166,unassigned
135909,2166,unassigned
135910,2172,Astro-Epen
135911,2166,unassigned
135912,2166,unassigned
135913,2178,unassigned
135914,2166,unassigned
135915,2166,unassigned
135916,2166,unassigned
135917,2166,unassigned
135918,2166,unassigned
135919,2166,unassigned
135920,2166,unassigned
135921,2166,unassigned
135922,2166,unassigned
135923,2166,unassigned
135924,2166,unassigned
135925,2166,unassigned
135926,2166,unassigned
135927,2166,unassigned
135928,2166,unassigned
135929,2178,unassigned
135930,2166,unassigned
135931,2166,unassigned
135932,2166,unassigned
135933,2176,Immune
135934,2166,unassigned
135935,2166,unassigned
135936,2166,unassigned
135937,2166,unassigned
135938,2166,unassigned
135939,2166,unassigned
135940,2173,Excitatory_Neuron
135941,2166,unassigned
135942,2166,unassigned
135943,2166,unassigned
135944,2166,unassigned
135945,2170,unassigned
135946,2166,unassigned
135947,2166,unassigned
135948,2166,unassigned
135949,2166,unassigned
135950,2166,unassigned
135951,2171,unassigned
135952,2172,Astro-Epen
135953,2166,unassigned
135954,2166,unassigned
135955,2166,unassigned
135956,2166,unassigned
135957,2168,Excitatory_Neuron
135958,2168,Excitatory_Neuron
135959,2166,unassigned
135960,2166,unassigned
135961,2166,unassigned
135962,2166,unassigned
135963,2166,unassigned
135964,2166,unassigned
135965,2166,unassigned
135966,2166,unassigned
135967,2166,unassigned
135968,2166,unassigned
135969,2166,unassigned
135970,2171,unassigned
135971,2174,Excitatory_Neuron
135972,2166,unassigned
135973,2169,unassigned
135974,2166,unassigned
135975,2166,unassigned
135976,2176,Immune
135977,2166,unassigned
135978,2166,unassigned
135979,2166,unassigned
135980,2166,unassigned
135981,2166,unassigned
135982,2166,unassigned
135983,2166,unassigned
135984,2166,unassigned
135985,2166,unassigned
135986,2166,unassigned
135987,2166,unassigned
135988,2166,unassigned
135989,2172,Astro-Epen
135990,2172,Astro-Epen
135991,2166,unassigned
135992,2166,unassigned
135993,2166,unassigned
135994,2166,unassigned
135995,2166,unassigned
135996,2166,unassigned
135997,2173,Excitatory_Neuron
135998,2174,Excitatory_Neuron
135999,2166,unassigned
136000,2166,unassigned
136001,2166,unassigned
136002,2166,unassigned
136003,2175,unassigned
136004,2166,unassigned
136005,2166,unassigned
136006,2166,unassigned
136007,2166,unassigned
136008,2171,unassigned
136009,2172,Astro-Epen
136010,2166,unassigned
136011,2172,Astro-Epen
136012,2166,unassigned
136013,2166,unassigned
136014,2166,unassigned
136015,2166,unassigned
136016,2176,Immune
136017,2176,Immune
136018,2166,unassigned
136019,2166,unassigned
136020,2166,unassigned
136021,2166,unassigned
136022,2166,unassigned
136023,2166,unassigned
136024,2171,unassigned
136025,2166,unassigned
136026,2171,unassigned
136027,2166,unassigned
136028,2172,Astro-Epen
136029,2172,Astro-Epen
136030,2166,unassigned
136031,2173,Excitatory_Neuron
136032,2173,Excitatory_Neuron
136033,2166,unassigned
136034,2166,unassigned
136035,2166,unassigned
136036,2166,unassigned
136037,2166,unassigned
136038,2166,unassigned
136039,2166,unassigned
136040,2166,unassigned
136041,2166,unassigned
136042,2166,unassigned
136043,2166,unassigned
136044,2171,unassigned
136045,2166,unassigned
136046,2166,unassigned
136047,2166,unassigned
136048,2166,unassigned
136049,2166,unassigned
136050,2166,unassigned
136051,2166,unassigned
136052,2166,unassigned
136053,2176,Immune
136054,2166,unassigned
136055,2166,unassigned
136056,2166,unassigned
136057,2166,unassigned
136058,2166,unassigned
136059,2166,unassigned
136060,2175,unassigned
136061,2171,unassigned
136062,2166,unassigned
136063,2166,unassigned
136064,2172,Astro-Epen
136065,2166,unassigned
136066,2166,unassigned
136067,2166,unassigned
136068,2174,Excitatory_Neuron
136069,2178,unassigned
136070,2166,unassigned
136071,2166,unassigned
136072,2166,unassigned
136073,2166,unassigned
136074,2166,unassigned
136075,2166,unassigned
136076,2166,unassigned
136077,2166,unassigned
136078,2166,unassigned
136079,2172,Astro-Epen
136080,2172,Astro-Epen
136081,2173,Excitatory_Neuron
136082,2166,unassigned
136083,2166,unassigned
136084,2168,Excitatory_Neuron
136085,2169,unassigned
136086,2176,Immune
136087,2176,Immune
136088,2166,unassigned
136089,2166,unassigned
136090,2166,unassigned
136091,2166,unassigned
136092,2166,unassigned
136093,2166,unassigned
136094,2166,unassigned
136095,2166,unassigned
136096,2173,Excitatory_Neuron
136097,2166,unassigned
136098,2167,unassigned
136099,2166,unassigned
136100,2166,unassigned
136101,2169,unassigned
136102,2166,unassigned
136103,2166,unassigned
136104,2166,unassigned
136105,2166,unassigned
136106,2166,unassigned
136107,2166,unassigned
136108,2166,unassigned
136109,2166,unassigned
136110,2166,unassigned
136111,2166,unassigned
136112,2166,unassigned
136113,2173,Excitatory_Neuron
136114,2174,Excitatory_Neuron
136115,2166,unassigned
136116,2166,unassigned
136117,2166,unassigned
136118,2176,Immune
136119,2176,Immune
136120,2176,Immune
136121,2170,unassigned
136122,2166,unassigned
136123,2166,unassigned
136124,2166,unassigned
136125,2166,unassigned
136126,2171,unassigned
136127,2172,Astro-Epen
136128,2166,unassigned
136129,2176,Immune
136130,2166,unassigned
136131,2166,unassigned
136132,2166,unassigned
136133,2170,unassigned
136134,2166,unassigned
136135,2166,unassigned
136136,2166,unassigned
136137,2166,unassigned
136138,2166,unassigned
136139,2166,unassigned
136140,2166,unassigned
136141,2166,unassigned
136142,2166,unassigned
136143,2166,unassigned
136144,2171,unassigned
136145,2166,unassigned
136146,2166,unassigned
136147,2166,unassigned
136148,2174,Excitatory_Neuron
136149,2166,unassigned
136150,2166,unassigned
136151,2166,unassigned
136152,2166,unassigned
136153,2166,unassigned
136154,2166,unassigned
136155,2172,Astro-Epen
136156,2172,Astro-Epen
136157,2166,unassigned
136158,2166,unassigned
136159,2166,unassigned
136160,2166,unassigned
136161,2166,unassigned
136162,2166,unassigned
136163,2166,unassigned
136164,2166,unassigned
136165,2166,unassigned
136166,2166,unassigned
136167,2166,unassigned
136168,2166,unassigned
136169,2166,unassigned
136170,2171,unassigned
136171,2166,unassigned
136172,2166,unassigned
136173,2172,Astro-Epen
136174,2166,unassigned
136175,2178,unassigned
136176,2173,Excitatory_Neuron
136177,2166,unassigned
136178,2168,Excitatory_Neuron
136179,2166,unassigned
136180,2166,unassigned
136181,2169,unassigned
136182,2166,unassigned
136183,2176,Immune
136184,2166,unassigned
136185,2166,unassigned
136186,2166,unassigned
136187,2166,unassigned
136188,2166,unassigned
136189,2166,unassigned
136190,2166,unassigned
136191,2166,unassigned
136192,2166,unassigned
136193,2166,unassigned
136194,2166,unassigned
136195,2166,unassigned
136196,2166,unassigned
136197,2172,Astro-Epen
136198,2166,unassigned
136199,2166,unassigned
136200,2166,unassigned
136201,2166,unassigned
136202,2166,unassigned
136203,2168,Excitatory_Neuron
136204,2166,unassigned
136205,2166,unassigned
136206,2177,unassigned
136207,2166,unassigned
136208,2166,unassigned
136209,2166,unassigned
136210,2166,unassigned
136211,2166,unassigned
136212,2172,Astro-Epen
136213,2166,unassigned
136214,2166,unassigned
136215,2166,unassigned
136216,2166,unassigned
136217,2166,unassigned
136218,2166,unassigned
136219,2166,unassigned
136220,2166,unassigned
136221,2166,unassigned
136222,2175,unassigned
136223,2166,unassigned
136224,2166,unassigned
136225,2171,unassigned
136226,2171,unassigned
136227,2171,unassigned
136228,2168,Excitatory_Neuron
136229,2166,unassigned
136230,2166,unassigned
136231,2166,unassigned
136232,2166,unassigned
136233,2177,unassigned
136234,2166,unassigned
136235,2166,unassigned
136236,2166,unassigned
136237,2171,unassigned
136238,2166,unassigned
136239,2166,unassigned
136240,2166,unassigned
136241,2166,unassigned
136242,2166,unassigned
136243,2166,unassigned
136244,2175,unassigned
136245,2166,unassigned
136246,2166,unassigned
136247,2166,unassigned
136248,2166,unassigned
136249,2166,unassigned
136250,2172,Astro-Epen
136251,2166,unassigned
136252,2166,unassigned
136253,2172,Astro-Epen
136254,2166,unassigned
136255,2166,unassigned
136256,2166,unassigned
136257,2168,Excitatory_Neuron
136258,2166,unassigned
136259,2169,unassigned
136260,2166,unassigned
136261,2166,unassigned
136262,2166,unassigned
136263,2166,unassigned
136264,2166,unassigned
136265,2166,unassigned
136266,2171,unassigned
136267,2171,unassigned
136268,2166,unassigned
136269,2168,Excitatory_Neuron
136270,2168,Excitatory_Neuron
136271,2166,unassigned
136272,2166,unassigned
136273,2166,unassigned
136274,2166,unassigned
136275,2166,unassigned
136276,2166,unassigned
136277,2166,unassigned
136278,2166,unassigned
136279,2166,unassigned
136280,2166,unassigned
136281,2166,unassigned
136282,2166,unassigned
136283,2166,unassigned
136284,2166,unassigned
136285,2166,unassigned
136286,2166,unassigned
136287,2166,unassigned
136288,2166,unassigned
136289,2166,unassigned
136290,2166,unassigned
136291,2172,Astro-Epen
136292,2166,unassigned
136293,2166,unassigned
136294,2172,Astro-Epen
136295,2173,Excitatory_Neuron
136296,2166,unassigned
136297,2166,unassigned
136298,2166,unassigned
136299,2168,Excitatory_Neuron
136300,2168,Excitatory_Neuron
136301,2176,Immune
136302,2166,unassigned
136303,2166,unassigned
136304,2166,unassigned
136305,2166,unassigned
136306,2166,unassigned
136307,2166,unassigned
136308,2166,unassigned
136309,2166,unassigned
136310,2166,unassigned
136311,2166,unassigned
136312,2166,unassigned
136313,2173,Excitatory_Neuron
136314,2173,Excitatory_Neuron
136315,2174,Excitatory_Neuron
136316,2167,unassigned
136317,2166,unassigned
136318,2166,unassigned
136319,2166,unassigned
136320,2166,unassigned
136321,2166,unassigned
136322,2166,unassigned
136323,2166,unassigned
136324,2166,unassigned
136325,2171,unassigned
136326,2166,unassigned
136327,2172,Astro-Epen
136328,2172,Astro-Epen
136329,2166,unassigned
136330,2174,Excitatory_Neuron
136331,2173,Excitatory_Neuron
136332,2174,Excitatory_Neuron
136333,2166,unassigned
136334,2166,unassigned
136335,2166,unassigned
136336,2166,unassigned
136337,2166,unassigned
136338,2175,unassigned
136339,2166,unassigned
136340,2166,unassigned
136341,2172,Astro-Epen
136342,2166,unassigned
136343,2166,unassigned
136344,2166,unassigned
136345,2166,unassigned
136346,2166,unassigned
136347,2166,unassigned
136348,2166,unassigned
136349,2166,unassigned
136350,2166,unassigned
136351,2166,unassigned
136352,2166,unassigned
136353,2166,unassigned
136354,2171,unassigned
136355,2166,unassigned
136356,2166,unassigned
136357,2166,unassigned
136358,2172,Astro-Epen
136359,2166,unassigned
136360,2166,unassigned
136361,2166,unassigned
136362,2166,unassigned
136363,2166,unassigned
136364,2176,Immune
136365,2166,unassigned
136366,2166,unassigned
136367,2166,unassigned
136368,2166,unassigned
136369,2166,unassigned
136370,2166,unassigned
136371,2166,unassigned
136372,2166,unassigned
136373,2166,unassigned
136374,2166,unassigned
136375,2173,Excitatory_Neuron
136376,2166,unassigned
136377,2174,Excitatory_Neuron
136378,2174,Excitatory_Neuron
136379,2166,unassigned
136380,2173,Excitatory_Neuron
136381,2166,unassigned
136382,2176,Immune
136383,2176,Immune
136384,2166,unassigned
136385,2166,unassigned
136386,2166,unassigned
136387,2166,unassigned
136388,2177,unassigned
136389,2166,unassigned
136390,2166,unassigned
136391,2166,unassigned
136392,2166,unassigned
136393,2166,unassigned
136394,2171,unassigned
136395,2172,Astro-Epen
136396,2166,unassigned
136397,2173,Excitatory_Neuron
136398,2173,Excitatory_Neuron
136399,2166,unassigned
136400,2166,unassigned
136401,2166,unassigned
136402,2166,unassigned
136403,2176,Immune
136404,2166,unassigned
136405,2166,unassigned
136406,2166,unassigned
136407,2166,unassigned
136408,2172,Astro-Epen
136409,2172,Astro-Epen
136410,2166,unassigned
136411,2166,unassigned
136412,2174,Excitatory_Neuron
136413,2174,Excitatory_Neuron
136414,2166,unassigned
136415,2166,unassigned
136416,2166,unassigned
136417,2166,unassigned
136418,2166,unassigned
136419,2166,unassigned
136420,2166,unassigned
136421,2166,unassigned
136422,2166,unassigned
136423,2166,unassigned
136424,2171,unassigned
136425,2166,unassigned
136426,2172,Astro-Epen
136427,2166,unassigned
136428,2172,Astro-Epen
136429,2166,unassigned
136430,2166,unassigned
136431,2166,unassigned
136432,2166,unassigned
136433,2166,unassigned
136434,2166,unassigned
136435,2176,Immune
136436,2166,unassigned
136437,2166,unassigned
136438,2166,unassigned
136439,2166,unassigned
136440,2166,unassigned
136441,2166,unassigned
136442,2166,unassigned
136443,2166,unassigned
136444,2166,unassigned
136445,2166,unassigned
136446,2166,unassigned
136447,2172,Astro-Epen
136448,2166,unassigned
136449,2166,unassigned
136450,2172,Astro-Epen
136451,2166,unassigned
136452,2166,unassigned
136453,2166,unassigned
136454,2178,unassigned
136455,2166,unassigned
136456,2166,unassigned
136457,2166,unassigned
136458,2176,Immune
136459,2176,Immune
136460,2176,Immune
136461,2166,unassigned
136462,2166,unassigned
136463,2166,unassigned
136464,2166,unassigned
136465,2166,unassigned
136466,2166,unassigned
136467,2166,unassigned
136468,2171,unassigned
136469,2166,unassigned
136470,2166,unassigned
136471,2174,Excitatory_Neuron
136472,2173,Excitatory_Neuron
136473,2166,unassigned
136474,2169,unassigned
136475,2176,Immune
136476,2166,unassigned
136477,2166,unassigned
136478,2166,unassigned
136479,2166,unassigned
136480,2166,unassigned
136481,2166,unassigned
136482,2166,unassigned
136483,2166,unassigned
136484,2171,unassigned
136485,2166,unassigned
136486,2166,unassigned
136487,2172,Astro-Epen
136488,2166,unassigned
136489,2166,unassigned
136490,2166,unassigned
136491,2166,unassigned
136492,2166,unassigned
136493,2168,Excitatory_Neuron
136494,2166,unassigned
136495,2166,unassigned
136496,2166,unassigned
136497,2169,unassigned
136498,2166,unassigned
136499,2166,unassigned
136500,2166,unassigned
136501,2166,unassigned
136502,2166,unassigned
136503,2166,unassigned
136504,2166,unassigned
136505,2166,unassigned
136506,2172,Astro-Epen
136507,2166,unassigned
136508,2166,unassigned
136509,2166,unassigned
136510,2166,unassigned
136511,2166,unassigned
136512,2166,unassigned
136513,2166,unassigned
136514,2169,unassigned
136515,2166,unassigned
136516,2166,unassigned
136517,2166,unassigned
136518,2166,unassigned
136519,2166,unassigned
136520,2166,unassigned
136521,2166,unassigned
136522,2166,unassigned
136523,2172,Astro-Epen
136524,2166,unassigned
136525,2166,unassigned
136526,2166,unassigned
136527,2172,Astro-Epen
136528,2166,unassigned
136529,2166,unassigned
136530,2173,Excitatory_Neuron
136531,2166,unassigned
136532,2173,Excitatory_Neuron
136533,2166,unassigned
136534,2166,unassigned
136535,2166,unassigned
136536,2166,unassigned
136537,2166,unassigned
136538,2175,unassigned
136539,2166,unassigned
136540,2166,unassigned
136541,2166,unassigned
136542,2166,unassigned
136543,2166,unassigned
136544,2172,Astro-Epen
136545,2173,Excitatory_Neuron
136546,2166,unassigned
136547,2166,unassigned
136548,2166,unassigned
136549,2166,unassigned
136550,2166,unassigned
136551,2166,unassigned
136552,2166,unassigned
136553,2176,Immune
136554,2170,unassigned
136555,2170,unassigned
136556,2166,unassigned
136557,2166,unassigned
136558,2166,unassigned
136559,2166,unassigned
136560,2166,unassigned
136561,2172,Astro-Epen
136562,2166,unassigned
136563,2166,unassigned
136564,2166,unassigned
136565,2166,unassigned
136566,2173,Excitatory_Neuron
136567,2166,unassigned
136568,2166,unassigned
136569,2170,unassigned
136570,2166,unassigned
136571,2166,unassigned
136572,2166,unassigned
136573,2166,unassigned
136574,2175,unassigned
136575,2166,unassigned
136576,2166,unassigned
136577,2166,unassigned
136578,2166,unassigned
136579,2166,unassigned
136580,2166,unassigned
136581,2166,unassigned
136582,2166,unassigned
136583,2166,unassigned
136584,2166,unassigned
136585,2167,unassigned
136586,2166,unassigned
136587,2166,unassigned
136588,2166,unassigned
136589,2166,unassigned
136590,2166,unassigned
136591,2166,unassigned
136592,2166,unassigned
136593,2166,unassigned
136594,2166,unassigned
136595,2166,unassigned
136596,2166,unassigned
136597,2172,Astro-Epen
136598,2166,unassigned
136599,2166,unassigned
136600,2174,Excitatory_Neuron
136601,2168,Excitatory_Neuron
136602,2166,unassigned
136603,2176,Immune
136604,2166,unassigned
136605,2166,unassigned
136606,2166,unassigned
136607,2166,unassigned
136608,2166,unassigned
136609,2175,unassigned
136610,2166,unassigned
136611,2175,unassigned
136612,2166,unassigned
136613,2166,unassigned
136614,2166,unassigned
136615,2166,unassigned
136616,2172,Astro-Epen
136617,2171,unassigned
136618,2166,unassigned
136619,2172,Astro-Epen
136620,2166,unassigned
136621,2166,unassigned
136622,2166,unassigned
136623,2166,unassigned
136624,2173,Excitatory_Neuron
136625,2166,unassigned
136626,2166,unassigned
136627,2166,unassigned
136628,2166,unassigned
136629,2166,unassigned
136630,2166,unassigned
136631,2166,unassigned
136632,2166,unassigned
136633,2166,unassigned
136634,2175,unassigned
136635,2166,unassigned
136636,2166,unassigned
136637,2166,unassigned
136638,2166,unassigned
136639,2166,unassigned
136640,2181,unassigned
136641,2166,unassigned
136642,2172,Astro-Epen
136643,2173,Excitatory_Neuron
136644,2173,Excitatory_Neuron
136645,2166,unassigned
136646,2166,unassigned
136647,2166,unassigned
136648,2166,unassigned
136649,2166,unassigned
136650,2166,unassigned
136651,2166,unassigned
136652,2166,unassigned
136653,2166,unassigned
136654,2166,unassigned
136655,2172,Astro-Epen
136656,2166,unassigned
136657,2166,unassigned
136658,2166,unassigned
136659,2166,unassigned
136660,2166,unassigned
136661,2166,unassigned
136662,2166,unassigned
136663,2166,unassigned
136664,2175,unassigned
136665,2166,unassigned
136666,2166,unassigned
136667,2172,Astro-Epen
136668,2173,Excitatory_Neuron
136669,2166,unassigned
136670,2173,Excitatory_Neuron
136671,2166,unassigned
136672,2166,unassigned
136673,2166,unassigned
136674,2166,unassigned
136675,2166,unassigned
136676,2166,unassigned
136677,2166,unassigned
136678,2166,unassigned
136679,2166,unassigned
136680,2166,unassigned
136681,2172,Astro-Epen
136682,2166,unassigned
136683,2173,Excitatory_Neuron
136684,2166,unassigned
136685,2166,unassigned
136686,2166,unassigned
136687,2166,unassigned
136688,2166,unassigned
136689,2175,unassigned
136690,2166,unassigned
136691,2166,unassigned
136692,2166,unassigned
136693,2172,Astro-Epen
136694,2172,Astro-Epen
136695,2173,Excitatory_Neuron
136696,2173,Excitatory_Neuron
136697,2176,Immune
136698,2166,unassigned
136699,2166,unassigned
136700,2166,unassigned
136701,2166,unassigned
136702,2166,unassigned
136703,2166,unassigned
136704,2166,unassigned
136705,2166,unassigned
136706,2166,unassigned
136707,2166,unassigned
136708,2166,unassigned
136709,2166,unassigned
136710,2181,unassigned
136711,2166,unassigned
136712,2173,Excitatory_Neuron
136713,2166,unassigned
136714,2173,Excitatory_Neuron
136715,2178,unassigned
136716,2166,unassigned
136717,2168,Excitatory_Neuron
136718,2167,unassigned
136719,2166,unassigned
136720,2169,unassigned
136721,2166,unassigned
136722,2166,unassigned
136723,2175,unassigned
136724,2166,unassigned
136725,2166,unassigned
136726,2171,unassigned
136727,2172,Astro-Epen
136728,2166,unassigned
136729,2166,unassigned
136730,2166,unassigned
136731,2166,unassigned
136732,2166,unassigned
136733,2173,Excitatory_Neuron
136734,2166,unassigned
136735,2168,Excitatory_Neuron
136736,2169,unassigned
136737,2166,unassigned
136738,2166,unassigned
136739,2166,unassigned
136740,2166,unassigned
136741,2166,unassigned
136742,2166,unassigned
136743,2166,unassigned
136744,2166,unassigned
136745,2166,unassigned
136746,2166,unassigned
136747,2172,Astro-Epen
136748,2166,unassigned
136749,2166,unassigned
136750,2173,Excitatory_Neuron
136751,2173,Excitatory_Neuron
136752,2166,unassigned
136753,2167,unassigned
136754,2182,unassigned
136755,2166,unassigned
136756,2166,unassigned
136757,2166,unassigned
136758,2166,unassigned
136759,2166,unassigned
136760,2166,unassigned
136761,2166,unassigned
136762,2166,unassigned
136763,2166,unassigned
136764,2166,unassigned
136765,2172,Astro-Epen
136766,2166,unassigned
136767,2166,unassigned
136768,2166,unassigned
136769,2166,unassigned
136770,2166,unassigned
136771,2166,unassigned
136772,2166,unassigned
136773,2166,unassigned
136774,2166,unassigned
136775,2166,unassigned
136776,2170,unassigned
136777,2166,unassigned
136778,2166,unassigned
136779,2166,unassigned
136780,2166,unassigned
136781,2175,unassigned
136782,2166,unassigned
136783,2166,unassigned
136784,2166,unassigned
136785,2166,unassigned
136786,2166,unassigned
136787,2172,Astro-Epen
136788,2166,unassigned
136789,2173,Excitatory_Neuron
136790,2173,Excitatory_Neuron
136791,2166,unassigned
136792,2166,unassigned
136793,2166,unassigned
136794,2183,unassigned
136795,2169,unassigned
136796,2166,unassigned
136797,2166,unassigned
136798,2166,unassigned
136799,2166,unassigned
136800,2166,unassigned
136801,2166,unassigned
136802,2166,unassigned
136803,2172,Astro-Epen
136804,2172,Astro-Epen
136805,2166,unassigned
136806,2166,unassigned
136807,2173,Excitatory_Neuron
136808,2166,unassigned
136809,2166,unassigned
136810,2166,unassigned
136811,2166,unassigned
136812,2166,unassigned
136813,2166,unassigned
136814,2166,unassigned
136815,2172,Astro-Epen
136816,2166,unassigned
136817,2166,unassigned
136818,2166,unassigned
136819,2166,unassigned
136820,2166,unassigned
136821,2173,Excitatory_Neuron
136822,2166,unassigned
136823,2168,Excitatory_Neuron
136824,2166,unassigned
136825,2176,Immune
136826,2169,unassigned
136827,2169,unassigned
136828,2166,unassigned
136829,2166,unassigned
136830,2166,unassigned
136831,2166,unassigned
136832,2166,unassigned
136833,2166,unassigned
136834,2166,unassigned
136835,2166,unassigned
136836,2175,unassigned
136837,2166,unassigned
136838,2172,Astro-Epen
136839,2166,unassigned
136840,2166,unassigned
136841,2166,unassigned
136842,2166,unassigned
136843,2166,unassigned
136844,2166,unassigned
136845,2166,unassigned
136846,2166,unassigned
136847,2166,unassigned
136848,2172,Astro-Epen
136849,2174,Excitatory_Neuron
136850,2166,unassigned
136851,2166,unassigned
136852,2166,unassigned
136853,2166,unassigned
136854,2166,unassigned
136855,2170,unassigned
136856,2166,unassigned
136857,2166,unassigned
136858,2166,unassigned
136859,2166,unassigned
136860,2175,unassigned
136861,2166,unassigned
136862,2166,unassigned
136863,2166,unassigned
136864,2173,Excitatory_Neuron
136865,2166,unassigned
136866,2166,unassigned
136867,2166,unassigned
136868,2166,unassigned
136869,2166,unassigned
136870,2166,unassigned
136871,2184,unassigned
136872,2166,unassigned
136873,2176,Immune
136874,2166,unassigned
136875,2166,unassigned
136876,2185,unassigned
136877,2166,unassigned
136878,2172,Astro-Epen
136879,2166,unassigned
136880,2174,Excitatory_Neuron
136881,2166,unassigned
136882,2173,Excitatory_Neuron
136883,2166,unassigned
136884,2166,unassigned
136885,2186,unassigned
136886,2166,unassigned
136887,2176,Immune
136888,2176,Immune
136889,2166,unassigned
136890,2166,unassigned
136891,2166,unassigned
136892,2166,unassigned
136893,2166,unassigned
136894,2166,unassigned
136895,2166,unassigned
136896,2166,unassigned
136897,2166,unassigned
136898,2166,unassigned
136899,2166,unassigned
136900,2166,unassigned
136901,2166,unassigned
136902,2166,unassigned
136903,2173,Excitatory_Neuron
136904,2166,unassigned
136905,2166,unassigned
136906,2168,Excitatory_Neuron
136907,2166,unassigned
136908,2166,unassigned
136909,2166,unassigned
136910,2166,unassigned
136911,2175,unassigned
136912,2166,unassigned
136913,2166,unassigned
136914,2166,unassigned
136915,2166,unassigned
136916,2174,Excitatory_Neuron
136917,2166,unassigned
136918,2166,unassigned
136919,2166,unassigned
136920,2166,unassigned
136921,2166,unassigned
136922,2166,unassigned
136923,2166,unassigned
136924,2166,unassigned
136925,2166,unassigned
136926,2166,unassigned
136927,2166,unassigned
136928,2166,unassigned
136929,2172,Astro-Epen
136930,2172,Astro-Epen
136931,2166,unassigned
136932,2172,Astro-Epen
136933,2166,unassigned
136934,2173,Excitatory_Neuron
136935,2166,unassigned
136936,2182,unassigned
136937,2166,unassigned
136938,2166,unassigned
136939,2166,unassigned
136940,2166,unassigned
136941,2166,unassigned
136942,2166,unassigned
136943,2166,unassigned
136944,2166,unassigned
136945,2166,unassigned
136946,2166,unassigned
136947,2166,unassigned
136948,2166,unassigned
136949,2166,unassigned
136950,2166,unassigned
136951,2172,Astro-Epen
136952,2172,Astro-Epen
136953,2166,unassigned
136954,2173,Excitatory_Neuron
136955,2166,unassigned
136956,2187,Excitatory_Neuron
136957,2168,Excitatory_Neuron
136958,2166,unassigned
136959,2166,unassigned
136960,2176,Immune
136961,2176,Immune
136962,2176,Immune
136963,2166,unassigned
136964,2166,unassigned
136965,2166,unassigned
136966,2166,unassigned
136967,2166,unassigned
136968,2166,unassigned
136969,2166,unassigned
136970,2166,unassigned
136971,2166,unassigned
136972,2166,unassigned
136973,2166,unassigned
136974,2166,unassigned
136975,2172,Astro-Epen
136976,2166,unassigned
136977,2173,Excitatory_Neuron
136978,2166,unassigned
136979,2166,unassigned
136980,2166,unassigned
136981,2166,unassigned
136982,2166,unassigned
136983,2166,unassigned
136984,2166,unassigned
136985,2166,unassigned
136986,2166,unassigned
136987,2166,unassigned
136988,2166,unassigned
136989,2188,Excitatory_Neuron
136990,2166,unassigned
136991,2166,unassigned
136992,2172,Astro-Epen
136993,2166,unassigned
136994,2173,Excitatory_Neuron
136995,2166,unassigned
136996,2166,unassigned
136997,2166,unassigned
136998,2166,unassigned
136999,2166,unassigned
137000,2166,unassigned
137001,2166,unassigned
137002,2166,unassigned
137003,2166,unassigned
137004,2172,Astro-Epen
137005,2166,unassigned
137006,2178,unassigned
137007,2166,unassigned
137008,2166,unassigned
137009,2176,Immune
137010,2166,unassigned
137011,2166,unassigned
137012,2166,unassigned
137013,2166,unassigned
137014,2166,unassigned
137015,2166,unassigned
137016,2166,unassigned
137017,2172,Astro-Epen
137018,2172,Astro-Epen
137019,2166,unassigned
137020,2166,unassigned
137021,2166,unassigned
137022,2173,Excitatory_Neuron
137023,2166,unassigned
137024,2173,Excitatory_Neuron
137025,2182,unassigned
137026,2182,unassigned
137027,2166,unassigned
137028,2176,Immune
137029,2176,Immune
137030,2166,unassigned
137031,2166,unassigned
137032,2166,unassigned
137033,2166,unassigned
137034,2166,unassigned
137035,2166,unassigned
137036,2175,unassigned
137037,2166,unassigned
137038,2166,unassigned
137039,2166,unassigned
137040,2166,unassigned
137041,2166,unassigned
137042,2166,unassigned
137043,2166,unassigned
137044,2166,unassigned
137045,2166,unassigned
137046,2166,unassigned
137047,2168,Excitatory_Neuron
137048,2166,unassigned
137049,2166,unassigned
137050,2166,unassigned
137051,2166,unassigned
137052,2166,unassigned
137053,2166,unassigned
137054,2166,unassigned
137055,2166,unassigned
137056,2166,unassigned
137057,2166,unassigned
137058,2181,unassigned
137059,2173,Excitatory_Neuron
137060,2166,unassigned
137061,2174,Excitatory_Neuron
137062,2174,Excitatory_Neuron
137063,2178,unassigned
137064,2166,unassigned
137065,2166,unassigned
137066,2166,unassigned
137067,2176,Immune
137068,2176,Immune
137069,2176,Immune
137070,2166,unassigned
137071,2166,unassigned
137072,2166,unassigned
137073,2166,unassigned
137074,2166,unassigned
137075,2166,unassigned
137076,2166,unassigned
137077,2166,unassigned
137078,2166,unassigned
137079,2166,unassigned
137080,2166,unassigned
137081,2166,unassigned
137082,2166,unassigned
137083,2166,unassigned
137084,2166,unassigned
137085,2173,Excitatory_Neuron
137086,2166,unassigned
137087,2166,unassigned
137088,2166,unassigned
137089,2166,unassigned
137090,2166,unassigned
137091,2166,unassigned
137092,2166,unassigned
137093,2166,unassigned
137094,2166,unassigned
137095,2166,unassigned
137096,2166,unassigned
137097,2172,Astro-Epen
137098,2166,unassigned
137099,2166,unassigned
137100,2166,unassigned
137101,2173,Excitatory_Neuron
137102,2166,unassigned
137103,2166,unassigned
137104,2166,unassigned
137105,2166,unassigned
137106,2189,unassigned
137107,2184,unassigned
137108,2166,unassigned
137109,2166,unassigned
137110,2166,unassigned
137111,2166,unassigned
137112,2166,unassigned
137113,2166,unassigned
137114,2166,unassigned
137115,2166,unassigned
137116,2172,Astro-Epen
137117,2166,unassigned
137118,2173,Excitatory_Neuron
137119,2166,unassigned
137120,2173,Excitatory_Neuron
137121,2173,Excitatory_Neuron
137122,2173,Excitatory_Neuron
137123,2166,unassigned
137124,2168,Excitatory_Neuron
137125,2176,Immune
137126,2166,unassigned
137127,2166,unassigned
137128,2166,unassigned
137129,2166,unassigned
137130,2172,Astro-Epen
137131,2166,unassigned
137132,2166,unassigned
137133,2166,unassigned
137134,2178,unassigned
137135,2173,Excitatory_Neuron
137136,2166,unassigned
137137,2176,Immune
137138,2176,Immune
137139,2166,unassigned
137140,2166,unassigned
137141,2166,unassigned
137142,2166,unassigned
137143,2166,unassigned
137144,2166,unassigned
137145,2172,Astro-Epen
137146,2173,Excitatory_Neuron
137147,2166,unassigned
137148,2173,Excitatory_Neuron
137149,2173,Excitatory_Neuron
137150,2166,unassigned
137151,2176,Immune
137152,2176,Immune
137153,2166,unassigned
137154,2166,unassigned
137155,2166,unassigned
137156,2166,unassigned
137157,2166,unassigned
137158,2166,unassigned
137159,2166,unassigned
137160,2166,unassigned
137161,2166,unassigned
137162,2166,unassigned
137163,2172,Astro-Epen
137164,2166,unassigned
137165,2172,Astro-Epen
137166,2166,unassigned
137167,2166,unassigned
137168,2166,unassigned
137169,2174,Excitatory_Neuron
137170,2173,Excitatory_Neuron
137171,2166,unassigned
137172,2182,unassigned
137173,2166,unassigned
137174,2166,unassigned
137175,2166,unassigned
137176,2166,unassigned
137177,2166,unassigned
137178,2166,unassigned
137179,2166,unassigned
137180,2166,unassigned
137181,2166,unassigned
137182,2175,unassigned
137183,2166,unassigned
137184,2175,unassigned
137185,2172,Astro-Epen
137186,2172,Astro-Epen
137187,2166,unassigned
137188,2172,Astro-Epen
137189,2172,Astro-Epen
137190,2166,unassigned
137191,2166,unassigned
137192,2166,unassigned
137193,2169,unassigned
137194,2176,Immune
137195,2166,unassigned
137196,2166,unassigned
137197,2166,unassigned
137198,2166,unassigned
137199,2166,unassigned
137200,2166,unassigned
137201,2166,unassigned
137202,2166,unassigned
137203,2172,Astro-Epen
137204,2172,Astro-Epen
137205,2166,unassigned
137206,2173,Excitatory_Neuron
137207,2174,Excitatory_Neuron
137208,2174,Excitatory_Neuron
137209,2178,unassigned
137210,2187,Excitatory_Neuron
137211,2166,unassigned
137212,2166,unassigned
137213,2166,unassigned
137214,2166,unassigned
137215,2166,unassigned
137216,2166,unassigned
137217,2166,unassigned
137218,2166,unassigned
137219,2190,GABA_Neuron
137220,2166,unassigned
137221,2166,unassigned
137222,2166,unassigned
137223,2166,unassigned
137224,2166,unassigned
137225,2166,unassigned
137226,2166,unassigned
137227,2172,Astro-Epen
137228,2172,Astro-Epen
137229,2166,unassigned
137230,2166,unassigned
137231,2166,unassigned
137232,2178,unassigned
137233,2173,Excitatory_Neuron
137234,2166,unassigned
137235,2176,Immune
137236,2166,unassigned
137237,2166,unassigned
137238,2166,unassigned
137239,2166,unassigned
137240,2166,unassigned
137241,2166,unassigned
137242,2166,unassigned
137243,2166,unassigned
137244,2166,unassigned
137245,2166,unassigned
137246,2166,unassigned
137247,2166,unassigned
137248,2174,Excitatory_Neuron
137249,2178,unassigned
137250,2168,Excitatory_Neuron
137251,2166,unassigned
137252,2166,unassigned
137253,2166,unassigned
137254,2166,unassigned
137255,2166,unassigned
137256,2166,unassigned
137257,2166,unassigned
137258,2166,unassigned
137259,2166,unassigned
137260,2166,unassigned
137261,2166,unassigned
137262,2172,Astro-Epen
137263,2166,unassigned
137264,2166,unassigned
137265,2174,Excitatory_Neuron
137266,2166,unassigned
137267,2173,Excitatory_Neuron
137268,2166,unassigned
137269,2166,unassigned
137270,2166,unassigned
137271,2166,unassigned
137272,2166,unassigned
137273,2166,unassigned
137274,2166,unassigned
137275,2166,unassigned
137276,2166,unassigned
137277,2188,Excitatory_Neuron
137278,2166,unassigned
137279,2166,unassigned
137280,2166,unassigned
137281,2166,unassigned
137282,2166,unassigned
137283,2166,unassigned
137284,2166,unassigned
137285,2176,Immune
137286,2166,unassigned
137287,2166,unassigned
137288,2166,unassigned
137289,2166,unassigned
137290,2166,unassigned
137291,2166,unassigned
137292,2166,unassigned
137293,2166,unassigned
137294,2166,unassigned
137295,2166,unassigned
137296,2173,Excitatory_Neuron
137297,2166,unassigned
137298,2166,unassigned
137299,2176,Immune
137300,2166,unassigned
137301,2166,unassigned
137302,2166,unassigned
137303,2166,unassigned
137304,2166,unassigned
137305,2166,unassigned
137306,2172,Astro-Epen
137307,2166,unassigned
137308,2166,unassigned
137309,2166,unassigned
137310,2166,unassigned
137311,2166,unassigned
137312,2178,unassigned
137313,2166,unassigned
137314,2166,unassigned
137315,2166,unassigned
137316,2166,unassigned
137317,2176,Immune
137318,2166,unassigned
137319,2166,unassigned
137320,2166,unassigned
137321,2166,unassigned
137322,2166,unassigned
137323,2172,Astro-Epen
137324,2166,unassigned
137325,2166,unassigned
137326,2166,unassigned
137327,2166,unassigned
137328,2166,unassigned
137329,2166,unassigned
137330,2166,unassigned
137331,2166,unassigned
137332,2166,unassigned
137333,2166,unassigned
137334,2166,unassigned
137335,2172,Astro-Epen
137336,2166,unassigned
137337,2166,unassigned
137338,2166,unassigned
137339,2172,Astro-Epen
137340,2166,unassigned
137341,2166,unassigned
137342,2173,Excitatory_Neuron
137343,2166,unassigned
137344,2173,Excitatory_Neuron
137345,2166,unassigned
137346,2166,unassigned
137347,2166,unassigned
137348,2175,unassigned
137349,2166,unassigned
137350,2166,unassigned
137351,2166,unassigned
137352,2166,unassigned
137353,2166,unassigned
137354,2166,unassigned
137355,2166,unassigned
137356,2178,unassigned
137357,2166,unassigned
137358,2176,Immune
137359,2166,unassigned
137360,2166,unassigned
137361,2190,GABA_Neuron
137362,2166,unassigned
137363,2166,unassigned
137364,2166,unassigned
137365,2166,unassigned
137366,2166,unassigned
137367,2166,unassigned
137368,2172,Astro-Epen
137369,2166,unassigned
137370,2166,unassigned
137371,2173,Excitatory_Neuron
137372,2166,unassigned
137373,2176,Immune
137374,2166,unassigned
137375,2166,unassigned
137376,2166,unassigned
137377,2166,unassigned
137378,2166,unassigned
137379,2166,unassigned
137380,2166,unassigned
137381,2166,unassigned
137382,2166,unassigned
137383,2173,Excitatory_Neuron
137384,2166,unassigned
137385,2166,unassigned
137386,2166,unassigned
137387,2166,unassigned
137388,2168,Excitatory_Neuron
137389,2166,unassigned
137390,2166,unassigned
137391,2166,unassigned
137392,2166,unassigned
137393,2166,unassigned
137394,2166,unassigned
137395,2173,Excitatory_Neuron
137396,2166,unassigned
137397,2173,Excitatory_Neuron
137398,2173,Excitatory_Neuron
137399,2166,unassigned
137400,2166,unassigned
137401,2166,unassigned
137402,2166,unassigned
137403,2166,unassigned
137404,2166,unassigned
137405,2166,unassigned
137406,2170,unassigned
137407,2166,unassigned
137408,2166,unassigned
137409,2166,unassigned
137410,2172,Astro-Epen
137411,2166,unassigned
137412,2166,unassigned
137413,2172,Astro-Epen
137414,2172,Astro-Epen
137415,2172,Astro-Epen
137416,2174,Excitatory_Neuron
137417,2166,unassigned
137418,2166,unassigned
137419,2173,Excitatory_Neuron
137420,2166,unassigned
137421,2166,unassigned
137422,2166,unassigned
137423,2166,unassigned
137424,2184,unassigned
137425,2166,unassigned
137426,2166,unassigned
137427,2166,unassigned
137428,2166,unassigned
137429,2166,unassigned
137430,2166,unassigned
137431,2166,unassigned
137432,2166,unassigned
137433,2166,unassigned
137434,2173,Excitatory_Neuron
137435,2166,unassigned
137436,2166,unassigned
137437,2182,unassigned
137438,2166,unassigned
137439,2176,Immune
137440,2176,Immune
137441,2166,unassigned
137442,2166,unassigned
137443,2166,unassigned
137444,2166,unassigned
137445,2166,unassigned
137446,2166,unassigned
137447,2166,unassigned
137448,2166,unassigned
137449,2166,unassigned
137450,2166,unassigned
137451,2166,unassigned
137452,2166,unassigned
137453,2172,Astro-Epen
137454,2166,unassigned
137455,2166,unassigned
137456,2166,unassigned
137457,2166,unassigned
137458,2178,unassigned
137459,2166,unassigned
137460,2166,unassigned
137461,2176,Immune
137462,2166,unassigned
137463,2166,unassigned
137464,2166,unassigned
137465,2166,unassigned
137466,2166,unassigned
137467,2166,unassigned
137468,2166,unassigned
137469,2166,unassigned
137470,2166,unassigned
137471,2190,GABA_Neuron
137472,2166,unassigned
137473,2188,Excitatory_Neuron
137474,2166,unassigned
137475,2166,unassigned
137476,2172,Astro-Epen
137477,2166,unassigned
137478,2176,Immune
137479,2166,unassigned
137480,2166,unassigned
137481,2166,unassigned
137482,2166,unassigned
137483,2166,unassigned
137484,2166,unassigned
137485,2166,unassigned
137486,2166,unassigned
137487,2172,Astro-Epen
137488,2166,unassigned
137489,2166,unassigned
137490,2173,Excitatory_Neuron
137491,2166,unassigned
137492,2166,unassigned
137493,2166,unassigned
137494,2166,unassigned
137495,2166,unassigned
137496,2168,Excitatory_Neuron
137497,2166,unassigned
137498,2176,Immune
137499,2166,unassigned
137500,2166,unassigned
137501,2166,unassigned
137502,2166,unassigned
137503,2166,unassigned
137504,2166,unassigned
137505,2166,unassigned
137506,2166,unassigned
137507,2166,unassigned
137508,2166,unassigned
137509,2173,Excitatory_Neuron
137510,2174,Excitatory_Neuron
137511,2166,unassigned
137512,2166,unassigned
137513,2166,unassigned
137514,2166,unassigned
137515,2173,Excitatory_Neuron
137516,2166,unassigned
137517,2176,Immune
137518,2166,unassigned
137519,2166,unassigned
137520,2166,unassigned
137521,2166,unassigned
137522,2190,GABA_Neuron
137523,2190,GABA_Neuron
137524,2166,unassigned
137525,2166,unassigned
137526,2172,Astro-Epen
137527,2166,unassigned
137528,2166,unassigned
137529,2182,unassigned
137530,2168,Excitatory_Neuron
137531,2166,unassigned
137532,2166,unassigned
137533,2168,Excitatory_Neuron
137534,2176,Immune
137535,2166,unassigned
137536,2166,unassigned
137537,2166,unassigned
137538,2166,unassigned
137539,2166,unassigned
137540,2166,unassigned
137541,2166,unassigned
137542,2173,Excitatory_Neuron
137543,2166,unassigned
137544,2166,unassigned
137545,2166,unassigned
137546,2166,unassigned
137547,2166,unassigned
137548,2176,Immune
137549,2166,unassigned
137550,2166,unassigned
137551,2166,unassigned
137552,2166,unassigned
137553,2166,unassigned
137554,2166,unassigned
137555,2166,unassigned
137556,2166,unassigned
137557,2166,unassigned
137558,2166,unassigned
137559,2166,unassigned
137560,2166,unassigned
137561,2173,Excitatory_Neuron
137562,2166,unassigned
137563,2176,Immune
137564,2166,unassigned
137565,2166,unassigned
137566,2166,unassigned
137567,2190,GABA_Neuron
137568,2166,unassigned
137569,2166,unassigned
137570,2166,unassigned
137571,2166,unassigned
137572,2166,unassigned
137573,2173,Excitatory_Neuron
137574,2166,unassigned
137575,2166,unassigned
137576,2166,unassigned
137577,2166,unassigned
137578,2166,unassigned
137579,2166,unassigned
137580,2166,unassigned
137581,2166,unassigned
137582,2166,unassigned
137583,2166,unassigned
137584,2166,unassigned
137585,2166,unassigned
137586,2166,unassigned
137587,2166,unassigned
137588,2166,unassigned
137589,2166,unassigned
137590,2172,Astro-Epen
137591,2166,unassigned
137592,2172,Astro-Epen
137593,2166,unassigned
137594,2166,unassigned
137595,2166,unassigned
137596,2166,unassigned
137597,2166,unassigned
137598,2166,unassigned
137599,2176,Immune
137600,2166,unassigned
137601,2166,unassigned
137602,2166,unassigned
137603,2166,unassigned
137604,2166,unassigned
137605,2166,unassigned
137606,2166,unassigned
137607,2166,unassigned
137608,2166,unassigned
137609,2166,unassigned
137610,2166,unassigned
137611,2166,unassigned
137612,2166,unassigned
137613,2172,Astro-Epen
137614,2172,Astro-Epen
137615,2166,unassigned
137616,2166,unassigned
137617,2173,Excitatory_Neuron
137618,2173,Excitatory_Neuron
137619,2176,Immune
137620,2176,Immune
137621,2191,unassigned
137622,2166,unassigned
137623,2166,unassigned
137624,2166,unassigned
137625,2166,unassigned
137626,2166,unassigned
137627,2166,unassigned
137628,2192,unassigned
137629,2172,Astro-Epen
137630,2166,unassigned
137631,2166,unassigned
137632,2166,unassigned
137633,2168,Excitatory_Neuron
137634,2166,unassigned
137635,2176,Immune
137636,2176,Immune
137637,2166,unassigned
137638,2166,unassigned
137639,2166,unassigned
137640,2166,unassigned
137641,2170,unassigned
137642,2166,unassigned
137643,2166,unassigned
137644,2166,unassigned
137645,2166,unassigned
137646,2166,unassigned
137647,2193,unassigned
137648,2166,unassigned
137649,2166,unassigned
137650,2166,unassigned
137651,2181,unassigned
137652,2166,unassigned
137653,2166,unassigned
137654,2166,unassigned
137655,2190,GABA_Neuron
137656,2166,unassigned
137657,2166,unassigned
137658,2193,unassigned
137659,2166,unassigned
137660,2166,unassigned
137661,2166,unassigned
137662,2166,unassigned
137663,2166,unassigned
137664,2166,unassigned
137665,2166,unassigned
137666,2166,unassigned
137667,2176,Immune
137668,2176,Immune
137669,2166,unassigned
137670,2166,unassigned
137671,2166,unassigned
137672,2166,unassigned
137673,2166,unassigned
137674,2166,unassigned
137675,2166,unassigned
137676,2166,unassigned
137677,2173,Excitatory_Neuron
137678,2166,unassigned
137679,2166,unassigned
137680,2166,unassigned
137681,2166,unassigned
137682,2194,unassigned
137683,2176,Immune
137684,2166,unassigned
137685,2166,unassigned
137686,2166,unassigned
137687,2166,unassigned
137688,2166,unassigned
137689,2166,unassigned
137690,2166,unassigned
137691,2166,unassigned
137692,2166,unassigned
137693,2166,unassigned
137694,2174,Excitatory_Neuron
137695,2173,Excitatory_Neuron
137696,2166,unassigned
137697,2166,unassigned
137698,2166,unassigned
137699,2166,unassigned
137700,2166,unassigned
137701,2166,unassigned
137702,2166,unassigned
137703,2166,unassigned
137704,2166,unassigned
137705,2166,unassigned
137706,2166,unassigned
137707,2166,unassigned
137708,2166,unassigned
137709,2166,unassigned
137710,2166,unassigned
137711,2166,unassigned
137712,2166,unassigned
137713,2166,unassigned
137714,2166,unassigned
137715,2193,unassigned
137716,2166,unassigned
137717,2172,Astro-Epen
137718,2166,unassigned
137719,2172,Astro-Epen
137720,2173,Excitatory_Neuron
137721,2166,unassigned
137722,2168,Excitatory_Neuron
137723,2166,unassigned
137724,2166,unassigned
137725,2166,unassigned
137726,2184,unassigned
137727,2166,unassigned
137728,2166,unassigned
137729,2166,unassigned
137730,2166,unassigned
137731,2172,Astro-Epen
137732,2166,unassigned
137733,2181,unassigned
137734,2173,Excitatory_Neuron
137735,2176,Immune
137736,2166,unassigned
137737,2166,unassigned
137738,2166,unassigned
137739,2166,unassigned
137740,2166,unassigned
137741,2166,unassigned
137742,2166,unassigned
137743,2166,unassigned
137744,2192,unassigned
137745,2166,unassigned
137746,2166,unassigned
137747,2166,unassigned
137748,2166,unassigned
137749,2172,Astro-Epen
137750,2166,unassigned
137751,2166,unassigned
137752,2166,unassigned
137753,2166,unassigned
137754,2166,unassigned
137755,2176,Immune
137756,2166,unassigned
137757,2166,unassigned
137758,2192,unassigned
137759,2188,Excitatory_Neuron
137760,2166,unassigned
137761,2166,unassigned
137762,2166,unassigned
137763,2166,unassigned
137764,2172,Astro-Epen
137765,2166,unassigned
137766,2166,unassigned
137767,2166,unassigned
137768,2166,unassigned
137769,2182,unassigned
137770,2166,unassigned
137771,2166,unassigned
137772,2194,unassigned
137773,2176,Immune
137774,2176,Immune
137775,2166,unassigned
137776,2166,unassigned
137777,2166,unassigned
137778,2166,unassigned
137779,2166,unassigned
137780,2166,unassigned
137781,2166,unassigned
137782,2166,unassigned
137783,2166,unassigned
137784,2172,Astro-Epen
137785,2166,unassigned
137786,2172,Astro-Epen
137787,2166,unassigned
137788,2166,unassigned
137789,2184,unassigned
137790,2166,unassigned
137791,2176,Immune
137792,2166,unassigned
137793,2166,unassigned
137794,2166,unassigned
137795,2166,unassigned
137796,2166,unassigned
137797,2166,unassigned
137798,2166,unassigned
137799,2166,unassigned
137800,2166,unassigned
137801,2166,unassigned
137802,2166,unassigned
137803,2173,Excitatory_Neuron
137804,2172,Astro-Epen
137805,2166,unassigned
137806,2166,unassigned
137807,2173,Excitatory_Neuron
137808,2182,unassigned
137809,2166,unassigned
137810,2166,unassigned
137811,2176,Immune
137812,2166,unassigned
137813,2166,unassigned
137814,2166,unassigned
137815,2166,unassigned
137816,2166,unassigned
137817,2166,unassigned
137818,2166,unassigned
137819,2172,Astro-Epen
137820,2166,unassigned
137821,2174,Excitatory_Neuron
137822,2166,unassigned
137823,2166,unassigned
137824,2166,unassigned
137825,2176,Immune
137826,2166,unassigned
137827,2166,unassigned
137828,2166,unassigned
137829,2166,unassigned
137830,2166,unassigned
137831,2166,unassigned
137832,2166,unassigned
137833,2166,unassigned
137834,2166,unassigned
137835,2166,unassigned
137836,2172,Astro-Epen
137837,2166,unassigned
137838,2166,unassigned
137839,2166,unassigned
137840,2166,unassigned
137841,2166,unassigned
137842,2166,unassigned
137843,2166,unassigned
137844,2166,unassigned
137845,2166,unassigned
137846,2181,unassigned
137847,2173,Excitatory_Neuron
137848,2187,Excitatory_Neuron
137849,2166,unassigned
137850,2166,unassigned
137851,2176,Immune
137852,2166,unassigned
137853,2166,unassigned
137854,2166,unassigned
137855,2166,unassigned
137856,2166,unassigned
137857,2166,unassigned
137858,2166,unassigned
137859,2188,Excitatory_Neuron
137860,2166,unassigned
137861,2166,unassigned
137862,2166,unassigned
137863,2172,Astro-Epen
137864,2166,unassigned
137865,2172,Astro-Epen
137866,2166,unassigned
137867,2166,unassigned
137868,2166,unassigned
137869,2166,unassigned
137870,2176,Immune
137871,2176,Immune
137872,2176,Immune
137873,2166,unassigned
137874,2166,unassigned
137875,2166,unassigned
137876,2166,unassigned
137877,2166,unassigned
137878,2166,unassigned
137879,2166,unassigned
137880,2166,unassigned
137881,2166,unassigned
137882,2172,Astro-Epen
137883,2166,unassigned
137884,2172,Astro-Epen
137885,2166,unassigned
137886,2181,unassigned
137887,2172,Astro-Epen
137888,2166,unassigned
137889,2176,Immune
137890,2166,unassigned
137891,2166,unassigned
137892,2166,unassigned
137893,2166,unassigned
137894,2166,unassigned
137895,2188,Excitatory_Neuron
137896,2166,unassigned
137897,2166,unassigned
137898,2166,unassigned
137899,2166,unassigned
137900,2166,unassigned
137901,2166,unassigned
137902,2166,unassigned
137903,2174,Excitatory_Neuron
137904,2166,unassigned
137905,2166,unassigned
137906,2166,unassigned
137907,2166,unassigned
137908,2176,Immune
137909,2176,Immune
137910,2166,unassigned
137911,2166,unassigned
137912,2166,unassigned
137913,2166,unassigned
137914,2166,unassigned
137915,2166,unassigned
137916,2166,unassigned
137917,2166,unassigned
137918,2166,unassigned
137919,2166,unassigned
137920,2166,unassigned
137921,2166,unassigned
137922,2166,unassigned
137923,2166,unassigned
137924,2166,unassigned
137925,2166,unassigned
137926,2166,unassigned
137927,2166,unassigned
137928,2166,unassigned
137929,2166,unassigned
137930,2176,Immune
137931,2166,unassigned
137932,2166,unassigned
137933,2166,unassigned
137934,2166,unassigned
137935,2166,unassigned
137936,2166,unassigned
137937,2181,unassigned
137938,2166,unassigned
137939,2166,unassigned
137940,2166,unassigned
137941,2166,unassigned
137942,2176,Immune
137943,2166,unassigned
137944,2166,unassigned
137945,2166,unassigned
137946,2166,unassigned
137947,2188,Excitatory_Neuron
137948,2166,unassigned
137949,2166,unassigned
137950,2172,Astro-Epen
137951,2172,Astro-Epen
137952,2166,unassigned
137953,2166,unassigned
137954,2166,unassigned
137955,2166,unassigned
137956,2190,GABA_Neuron
137957,2166,unassigned
137958,2188,Excitatory_Neuron
137959,2166,unassigned
137960,2166,unassigned
137961,2166,unassigned
137962,2166,unassigned
137963,2166,unassigned
137964,2166,unassigned
137965,2166,unassigned
137966,2166,unassigned
137967,2166,unassigned
137968,2166,unassigned
137969,2166,unassigned
137970,2166,unassigned
137971,2166,unassigned
137972,2190,GABA_Neuron
137973,2166,unassigned
137974,2188,Excitatory_Neuron
137975,2188,Excitatory_Neuron
137976,2166,unassigned
137977,2166,unassigned
137978,2166,unassigned
137979,2166,unassigned
137980,2166,unassigned
137981,2166,unassigned
137982,2166,unassigned
137983,2166,unassigned
137984,2173,Excitatory_Neuron
137985,2166,unassigned
137986,2166,unassigned
137987,2166,unassigned
137988,2166,unassigned
137989,2166,unassigned
137990,2166,unassigned
137991,2166,unassigned
137992,2166,unassigned
137993,2166,unassigned
137994,2166,unassigned
137995,2166,unassigned
137996,2173,Excitatory_Neuron
137997,2173,Excitatory_Neuron
137998,2166,unassigned
137999,2166,unassigned
138000,2176,Immune
138001,2166,unassigned
138002,2166,unassigned
138003,2166,unassigned
138004,2166,unassigned
138005,2166,unassigned
138006,2188,Excitatory_Neuron
138007,2166,unassigned
138008,2166,unassigned
138009,2188,Excitatory_Neuron
138010,2172,Astro-Epen
138011,2174,Excitatory_Neuron
138012,2166,unassigned
138013,2166,unassigned
138014,2166,unassigned
138015,2166,unassigned
138016,2166,unassigned
138017,2166,unassigned
138018,2166,unassigned
138019,2166,unassigned
138020,2192,unassigned
138021,2166,unassigned
138022,2166,unassigned
138023,2166,unassigned
138024,2166,unassigned
138025,2166,unassigned
138026,2166,unassigned
138027,2166,unassigned
138028,2166,unassigned
138029,2176,Immune
138030,2166,unassigned
138031,2166,unassigned
138032,2176,Immune
138033,2176,Immune
138034,2166,unassigned
138035,2166,unassigned
138036,2166,unassigned
138037,2166,unassigned
138038,2190,GABA_Neuron
138039,2166,unassigned
138040,2172,Astro-Epen
138041,2166,unassigned
138042,2166,unassigned
138043,2166,unassigned
138044,2166,unassigned
138045,2173,Excitatory_Neuron
138046,2174,Excitatory_Neuron
138047,2168,Excitatory_Neuron
138048,2194,unassigned
138049,2166,unassigned
138050,2166,unassigned
138051,2166,unassigned
138052,2166,unassigned
138053,2166,unassigned
138054,2192,unassigned
138055,2166,unassigned
138056,2166,unassigned
138057,2190,GABA_Neuron
138058,2166,unassigned
138059,2166,unassigned
138060,2166,unassigned
138061,2166,unassigned
138062,2166,unassigned
138063,2166,unassigned
138064,2172,Astro-Epen
138065,2166,unassigned
138066,2166,unassigned
138067,2172,Astro-Epen
138068,2173,Excitatory_Neuron
138069,2166,unassigned
138070,2166,unassigned
138071,2166,unassigned
138072,2166,unassigned
138073,2166,unassigned
138074,2176,Immune
138075,2166,unassigned
138076,2166,unassigned
138077,2166,unassigned
138078,2166,unassigned
138079,2166,unassigned
138080,2166,unassigned
138081,2166,unassigned
138082,2166,unassigned
138083,2166,unassigned
138084,2172,Astro-Epen
138085,2166,unassigned
138086,2172,Astro-Epen
138087,2172,Astro-Epen
138088,2173,Excitatory_Neuron
138089,2174,Excitatory_Neuron
138090,2166,unassigned
138091,2166,unassigned
138092,2166,unassigned
138093,2166,unassigned
138094,2166,unassigned
138095,2166,unassigned
138096,2190,GABA_Neuron
138097,2166,unassigned
138098,2166,unassigned
138099,2188,Excitatory_Neuron
138100,2166,unassigned
138101,2166,unassigned
138102,2166,unassigned
138103,2166,unassigned
138104,2172,Astro-Epen
138105,2172,Astro-Epen
138106,2181,unassigned
138107,2172,Astro-Epen
138108,2166,unassigned
138109,2174,Excitatory_Neuron
138110,2173,Excitatory_Neuron
138111,2166,unassigned
138112,2166,unassigned
138113,2166,unassigned
138114,2188,Excitatory_Neuron
138115,2166,unassigned
138116,2166,unassigned
138117,2166,unassigned
138118,2166,unassigned
138119,2166,unassigned
138120,2181,unassigned
138121,2166,unassigned
138122,2173,Excitatory_Neuron
138123,2170,unassigned
138124,2166,unassigned
138125,2166,unassigned
138126,2166,unassigned
138127,2166,unassigned
138128,2166,unassigned
138129,2172,Astro-Epen
138130,2173,Excitatory_Neuron
138131,2173,Excitatory_Neuron
138132,2166,unassigned
138133,2166,unassigned
138134,2182,unassigned
138135,2166,unassigned
138136,2195,unassigned
138137,2176,Immune
138138,2166,unassigned
138139,2166,unassigned
138140,2166,unassigned
138141,2166,unassigned
138142,2166,unassigned
138143,2173,Excitatory_Neuron
138144,2173,Excitatory_Neuron
138145,2166,unassigned
138146,2166,unassigned
138147,2174,Excitatory_Neuron
138148,2166,unassigned
138149,2166,unassigned
138150,2166,unassigned
138151,2166,unassigned
138152,2176,Immune
138153,2166,unassigned
138154,2166,unassigned
138155,2166,unassigned
138156,2166,unassigned
138157,2172,Astro-Epen
138158,2166,unassigned
138159,2166,unassigned
138160,2166,unassigned
138161,2176,Immune
138162,2191,unassigned
138163,2176,Immune
138164,2166,unassigned
138165,2166,unassigned
138166,2166,unassigned
138167,2166,unassigned
138168,2166,unassigned
138169,2166,unassigned
138170,2166,unassigned
138171,2166,unassigned
138172,2166,unassigned
138173,2166,unassigned
138174,2166,unassigned
138175,2166,unassigned
138176,2166,unassigned
138177,2173,Excitatory_Neuron
138178,2176,Immune
138179,2176,Immune
138180,2176,Immune
138181,2166,unassigned
138182,2166,unassigned
138183,2166,unassigned
138184,2190,GABA_Neuron
138185,2166,unassigned
138186,2166,unassigned
138187,2166,unassigned
138188,2166,unassigned
138189,2166,unassigned
138190,2166,unassigned
138191,2172,Astro-Epen
138192,2166,unassigned
138193,2166,unassigned
138194,2166,unassigned
138195,2166,unassigned
138196,2166,unassigned
138197,2166,unassigned
138198,2182,unassigned
138199,2176,Immune
138200,2176,Immune
138201,2166,unassigned
138202,2166,unassigned
138203,2166,unassigned
138204,2166,unassigned
138205,2166,unassigned
138206,2166,unassigned
138207,2166,unassigned
138208,2166,unassigned
138209,2188,Excitatory_Neuron
138210,2166,unassigned
138211,2172,Astro-Epen
138212,2166,unassigned
138213,2172,Astro-Epen
138214,2166,unassigned
138215,2166,unassigned
138216,2174,Excitatory_Neuron
138217,2174,Excitatory_Neuron
138218,2166,unassigned
138219,2166,unassigned
138220,2196,unassigned
138221,2166,unassigned
138222,2194,unassigned
138223,2166,unassigned
138224,2176,Immune
138225,2191,unassigned
138226,2166,unassigned
138227,2166,unassigned
138228,2166,unassigned
138229,2166,unassigned
138230,2166,unassigned
138231,2166,unassigned
138232,2166,unassigned
138233,2166,unassigned
138234,2166,unassigned
138235,2166,unassigned
138236,2166,unassigned
138237,2166,unassigned
138238,2166,unassigned
138239,2166,unassigned
138240,2166,unassigned
138241,2166,unassigned
138242,2166,unassigned
138243,2172,Astro-Epen
138244,2166,unassigned
138245,2166,unassigned
138246,2166,unassigned
138247,2166,unassigned
138248,2168,Excitatory_Neuron
138249,2187,Excitatory_Neuron
138250,2187,Excitatory_Neuron
138251,2176,Immune
138252,2166,unassigned
138253,2166,unassigned
138254,2166,unassigned
138255,2166,unassigned
138256,2166,unassigned
138257,2166,unassigned
138258,2166,unassigned
138259,2166,unassigned
138260,2166,unassigned
138261,2166,unassigned
138262,2166,unassigned
138263,2166,unassigned
138264,2166,unassigned
138265,2166,unassigned
138266,2166,unassigned
138267,2166,unassigned
138268,2176,Immune
138269,2166,unassigned
138270,2166,unassigned
138271,2166,unassigned
138272,2197,unassigned
138273,2197,unassigned
138274,2166,unassigned
138275,2166,unassigned
138276,2166,unassigned
138277,2166,unassigned
138278,2172,Astro-Epen
138279,2166,unassigned
138280,2166,unassigned
138281,2173,Excitatory_Neuron
138282,2166,unassigned
138283,2166,unassigned
138284,2166,unassigned
138285,2194,unassigned
138286,2166,unassigned
138287,2195,unassigned
138288,2176,Immune
138289,2166,unassigned
138290,2192,unassigned
138291,2166,unassigned
138292,2166,unassigned
138293,2166,unassigned
138294,2166,unassigned
138295,2172,Astro-Epen
138296,2166,unassigned
138297,2166,unassigned
138298,2173,Excitatory_Neuron
138299,2173,Excitatory_Neuron
138300,2194,unassigned
138301,2176,Immune
138302,2166,unassigned
138303,2166,unassigned
138304,2166,unassigned
138305,2172,Astro-Epen
138306,2173,Excitatory_Neuron
138307,2166,unassigned
138308,2166,unassigned
138309,2168,Excitatory_Neuron
138310,2168,Excitatory_Neuron
138311,2166,unassigned
138312,2166,unassigned
138313,2166,unassigned
138314,2166,unassigned
138315,2166,unassigned
138316,2166,unassigned
138317,2172,Astro-Epen
138318,2166,unassigned
138319,2166,unassigned
138320,2173,Excitatory_Neuron
138321,2166,unassigned
138322,2166,unassigned
138323,2166,unassigned
138324,2166,unassigned
138325,2166,unassigned
138326,2166,unassigned
138327,2166,unassigned
138328,2166,unassigned
138329,2166,unassigned
138330,2198,GABA_Neuron
138331,2166,unassigned
138332,2166,unassigned
138333,2166,unassigned
138334,2166,unassigned
138335,2166,unassigned
138336,2166,unassigned
138337,2166,unassigned
138338,2166,unassigned
138339,2166,unassigned
138340,2166,unassigned
138341,2176,Immune
138342,2166,unassigned
138343,2166,unassigned
138344,2166,unassigned
138345,2166,unassigned
138346,2173,Excitatory_Neuron
138347,2166,unassigned
138348,2166,unassigned
138349,2166,unassigned
138350,2168,Excitatory_Neuron
138351,2166,unassigned
138352,2166,unassigned
138353,2198,GABA_Neuron
138354,2166,unassigned
138355,2166,unassigned
138356,2166,unassigned
138357,2166,unassigned
138358,2172,Astro-Epen
138359,2166,unassigned
138360,2199,unassigned
138361,2166,unassigned
138362,2182,unassigned
138363,2166,unassigned
138364,2166,unassigned
138365,2166,unassigned
138366,2166,unassigned
138367,2166,unassigned
138368,2197,unassigned
138369,2173,Excitatory_Neuron
138370,2174,Excitatory_Neuron
138371,2166,unassigned
138372,2166,unassigned
138373,2194,unassigned
138374,2166,unassigned
138375,2166,unassigned
138376,2166,unassigned
138377,2166,unassigned
138378,2166,unassigned
138379,2166,unassigned
138380,2166,unassigned
138381,2166,unassigned
138382,2166,unassigned
138383,2168,Excitatory_Neuron
138384,2168,Excitatory_Neuron
138385,2176,Immune
138386,2176,Immune
138387,2166,unassigned
138388,2166,unassigned
138389,2176,Immune
138390,2166,unassigned
138391,2166,unassigned
138392,2166,unassigned
138393,2166,unassigned
138394,2166,unassigned
138395,2166,unassigned
138396,2166,unassigned
138397,2172,Astro-Epen
138398,2166,unassigned
138399,2166,unassigned
138400,2166,unassigned
138401,2173,Excitatory_Neuron
138402,2166,unassigned
138403,2166,unassigned
138404,2176,Immune
138405,2166,unassigned
138406,2166,unassigned
138407,2166,unassigned
138408,2166,unassigned
138409,2166,unassigned
138410,2199,unassigned
138411,2166,unassigned
138412,2173,Excitatory_Neuron
138413,2166,unassigned
138414,2166,unassigned
138415,2166,unassigned
138416,2166,unassigned
138417,2176,Immune
138418,2176,Immune
138419,2166,unassigned
138420,2192,unassigned
138421,2166,unassigned
138422,2166,unassigned
138423,2166,unassigned
138424,2166,unassigned
138425,2166,unassigned
138426,2166,unassigned
138427,2172,Astro-Epen
138428,2166,unassigned
138429,2166,unassigned
138430,2166,unassigned
138431,2166,unassigned
138432,2166,unassigned
138433,2166,unassigned
138434,2166,unassigned
138435,2166,unassigned
138436,2166,unassigned
138437,2166,unassigned
138438,2166,unassigned
138439,2166,unassigned
138440,2166,unassigned
138441,2166,unassigned
138442,2172,Astro-Epen
138443,2166,unassigned
138444,2166,unassigned
138445,2173,Excitatory_Neuron
138446,2166,unassigned
138447,2166,unassigned
138448,2166,unassigned
138449,2166,unassigned
138450,2176,Immune
138451,2176,Immune
138452,2194,unassigned
138453,2176,Immune
138454,2166,unassigned
138455,2166,unassigned
138456,2166,unassigned
138457,2166,unassigned
138458,2197,unassigned
138459,2166,unassigned
138460,2166,unassigned
138461,2166,unassigned
138462,2166,unassigned
138463,2166,unassigned
138464,2166,unassigned
138465,2166,unassigned
138466,2174,Excitatory_Neuron
138467,2166,unassigned
138468,2166,unassigned
138469,2200,unassigned
138470,2166,unassigned
138471,2166,unassigned
138472,2166,unassigned
138473,2166,unassigned
138474,2166,unassigned
138475,2166,unassigned
138476,2166,unassigned
138477,2166,unassigned
138478,2166,unassigned
138479,2166,unassigned
138480,2166,unassigned
138481,2172,Astro-Epen
138482,2173,Excitatory_Neuron
138483,2176,Immune
138484,2192,unassigned
138485,2192,unassigned
138486,2198,GABA_Neuron
138487,2166,unassigned
138488,2166,unassigned
138489,2166,unassigned
138490,2166,unassigned
138491,2199,unassigned
138492,2166,unassigned
138493,2174,Excitatory_Neuron
138494,2166,unassigned
138495,2166,unassigned
138496,2166,unassigned
138497,2166,unassigned
138498,2166,unassigned
138499,2166,unassigned
138500,2166,unassigned
138501,2198,GABA_Neuron
138502,2166,unassigned
138503,2166,unassigned
138504,2166,unassigned
138505,2166,unassigned
138506,2166,unassigned
138507,2172,Astro-Epen
138508,2199,unassigned
138509,2166,unassigned
138510,2166,unassigned
138511,2173,Excitatory_Neuron
138512,2173,Excitatory_Neuron
138513,2166,unassigned
138514,2166,unassigned
138515,2166,unassigned
138516,2166,unassigned
138517,2166,unassigned
138518,2166,unassigned
138519,2166,unassigned
138520,2166,unassigned
138521,2166,unassigned
138522,2166,unassigned
138523,2166,unassigned
138524,2166,unassigned
138525,2166,unassigned
138526,2166,unassigned
138527,2173,Excitatory_Neuron
138528,2166,unassigned
138529,2166,unassigned
138530,2166,unassigned
138531,2166,unassigned
138532,2166,unassigned
138533,2166,unassigned
138534,2166,unassigned
138535,2166,unassigned
138536,2166,unassigned
138537,2166,unassigned
138538,2166,unassigned
138539,2166,unassigned
138540,2166,unassigned
138541,2194,unassigned
138542,2166,unassigned
138543,2166,unassigned
138544,2166,unassigned
138545,2166,unassigned
138546,2166,unassigned
138547,2166,unassigned
138548,2166,unassigned
138549,2166,unassigned
138550,2166,unassigned
138551,2172,Astro-Epen
138552,2166,unassigned
138553,2173,Excitatory_Neuron
138554,2166,unassigned
138555,2166,unassigned
138556,2176,Immune
138557,2166,unassigned
138558,2166,unassigned
138559,2166,unassigned
138560,2166,unassigned
138561,2166,unassigned
138562,2166,unassigned
138563,2166,unassigned
138564,2166,unassigned
138565,2166,unassigned
138566,2172,Astro-Epen
138567,2166,unassigned
138568,2166,unassigned
138569,2173,Excitatory_Neuron
138570,2166,unassigned
138571,2166,unassigned
138572,2176,Immune
138573,2176,Immune
138574,2166,unassigned
138575,2166,unassigned
138576,2166,unassigned
138577,2198,GABA_Neuron
138578,2166,unassigned
138579,2188,Excitatory_Neuron
138580,2166,unassigned
138581,2166,unassigned
138582,2166,unassigned
138583,2166,unassigned
138584,2166,unassigned
138585,2166,unassigned
138586,2166,unassigned
138587,2166,unassigned
138588,2166,unassigned
138589,2166,unassigned
138590,2168,Excitatory_Neuron
138591,2176,Immune
138592,2176,Immune
138593,2176,Immune
138594,2166,unassigned
138595,2166,unassigned
138596,2166,unassigned
138597,2166,unassigned
138598,2190,GABA_Neuron
138599,2166,unassigned
138600,2166,unassigned
138601,2172,Astro-Epen
138602,2166,unassigned
138603,2166,unassigned
138604,2166,unassigned
138605,2166,unassigned
138606,2166,unassigned
138607,2176,Immune
138608,2166,unassigned
138609,2166,unassigned
138610,2166,unassigned
138611,2198,GABA_Neuron
138612,2198,GABA_Neuron
138613,2166,unassigned
138614,2166,unassigned
138615,2166,unassigned
138616,2201,unassigned
138617,2199,unassigned
138618,2173,Excitatory_Neuron
138619,2202,unassigned
138620,2173,Excitatory_Neuron
138621,2173,Excitatory_Neuron
138622,2166,unassigned
138623,2176,Immune
138624,2191,unassigned
138625,2166,unassigned
138626,2166,unassigned
138627,2166,unassigned
138628,2166,unassigned
138629,2166,unassigned
138630,2166,unassigned
138631,2166,unassigned
138632,2166,unassigned
138633,2166,unassigned
138634,2173,Excitatory_Neuron
138635,2166,unassigned
138636,2168,Excitatory_Neuron
138637,2166,unassigned
138638,2176,Immune
138639,2176,Immune
138640,2166,unassigned
138641,2166,unassigned
138642,2166,unassigned
138643,2198,GABA_Neuron
138644,2166,unassigned
138645,2166,unassigned
138646,2166,unassigned
138647,2166,unassigned
138648,2166,unassigned
138649,2181,unassigned
138650,2166,unassigned
138651,2173,Excitatory_Neuron
138652,2199,unassigned
138653,2199,unassigned
138654,2166,unassigned
138655,2173,Excitatory_Neuron
138656,2173,Excitatory_Neuron
138657,2166,unassigned
138658,2182,unassigned
138659,2176,Immune
138660,2191,unassigned
138661,2166,unassigned
138662,2176,Immune
138663,2166,unassigned
138664,2192,unassigned
138665,2198,GABA_Neuron
138666,2166,unassigned
138667,2172,Astro-Epen
138668,2202,unassigned
138669,2173,Excitatory_Neuron
138670,2173,Excitatory_Neuron
138671,2166,unassigned
138672,2166,unassigned
138673,2187,Excitatory_Neuron
138674,2166,unassigned
138675,2166,unassigned
138676,2166,unassigned
138677,2166,unassigned
138678,2166,unassigned
138679,2166,unassigned
138680,2166,unassigned
138681,2166,unassigned
138682,2166,unassigned
138683,2182,unassigned
138684,2166,unassigned
138685,2176,Immune
138686,2166,unassigned
138687,2166,unassigned
138688,2166,unassigned
138689,2166,unassigned
138690,2166,unassigned
138691,2198,GABA_Neuron
138692,2166,unassigned
138693,2166,unassigned
138694,2166,unassigned
138695,2166,unassigned
138696,2181,unassigned
138697,2166,unassigned
138698,2166,unassigned
138699,2173,Excitatory_Neuron
138700,2173,Excitatory_Neuron
138701,2173,Excitatory_Neuron
138702,2166,unassigned
138703,2166,unassigned
138704,2166,unassigned
138705,2166,unassigned
138706,2166,unassigned
138707,2168,Excitatory_Neuron
138708,2176,Immune
138709,2176,Immune
138710,2166,unassigned
138711,2166,unassigned
138712,2166,unassigned
138713,2166,unassigned
138714,2166,unassigned
138715,2166,unassigned
138716,2166,unassigned
138717,2173,Excitatory_Neuron
138718,2166,unassigned
138719,2166,unassigned
138720,2166,unassigned
138721,2166,unassigned
138722,2190,GABA_Neuron
138723,2198,GABA_Neuron
138724,2166,unassigned
138725,2166,unassigned
138726,2166,unassigned
138727,2172,Astro-Epen
138728,2172,Astro-Epen
138729,2166,unassigned
138730,2166,unassigned
138731,2166,unassigned
138732,2166,unassigned
138733,2166,unassigned
138734,2173,Excitatory_Neuron
138735,2173,Excitatory_Neuron
138736,2166,unassigned
138737,2166,unassigned
138738,2187,Excitatory_Neuron
138739,2166,unassigned
138740,2203,unassigned
138741,2176,Immune
138742,2166,unassigned
138743,2166,unassigned
138744,2166,unassigned
138745,2198,GABA_Neuron
138746,2172,Astro-Epen
138747,2166,unassigned
138748,2166,unassigned
138749,2173,Excitatory_Neuron
138750,2166,unassigned
138751,2166,unassigned
138752,2166,unassigned
138753,2166,unassigned
138754,2187,Excitatory_Neuron
138755,2176,Immune
138756,2166,unassigned
138757,2176,Immune
138758,2166,unassigned
138759,2198,GABA_Neuron
138760,2166,unassigned
138761,2166,unassigned
138762,2166,unassigned
138763,2172,Astro-Epen
138764,2172,Astro-Epen
138765,2166,unassigned
138766,2172,Astro-Epen
138767,2166,unassigned
138768,2173,Excitatory_Neuron
138769,2202,unassigned
138770,2166,unassigned
138771,2166,unassigned
138772,2166,unassigned
138773,2166,unassigned
138774,2166,unassigned
138775,2166,unassigned
138776,2190,GABA_Neuron
138777,2188,Excitatory_Neuron
138778,2166,unassigned
138779,2166,unassigned
138780,2172,Astro-Epen
138781,2166,unassigned
138782,2173,Excitatory_Neuron
138783,2166,unassigned
138784,2166,unassigned
138785,2166,unassigned
138786,2166,unassigned
138787,2166,unassigned
138788,2166,unassigned
138789,2188,Excitatory_Neuron
138790,2166,unassigned
138791,2166,unassigned
138792,2166,unassigned
138793,2166,unassigned
138794,2166,unassigned
138795,2166,unassigned
138796,2166,unassigned
138797,2173,Excitatory_Neuron
138798,2173,Excitatory_Neuron
138799,2166,unassigned
138800,2166,unassigned
138801,2166,unassigned
138802,2166,unassigned
138803,2166,unassigned
138804,2166,unassigned
138805,2191,unassigned
138806,2166,unassigned
138807,2166,unassigned
138808,2166,unassigned
138809,2166,unassigned
138810,2198,GABA_Neuron
138811,2166,unassigned
138812,2188,Excitatory_Neuron
138813,2166,unassigned
138814,2172,Astro-Epen
138815,2166,unassigned
138816,2166,unassigned
138817,2166,unassigned
138818,2166,unassigned
138819,2166,unassigned
138820,2187,Excitatory_Neuron
138821,2166,unassigned
138822,2166,unassigned
138823,2194,unassigned
138824,2176,Immune
138825,2166,unassigned
138826,2166,unassigned
138827,2166,unassigned
138828,2166,unassigned
138829,2166,unassigned
138830,2166,unassigned
138831,2166,unassigned
138832,2166,unassigned
138833,2166,unassigned
138834,2202,unassigned
138835,2173,Excitatory_Neuron
138836,2166,unassigned
138837,2173,Excitatory_Neuron
138838,2166,unassigned
138839,2173,Excitatory_Neuron
138840,2187,Excitatory_Neuron
138841,2166,unassigned
138842,2166,unassigned
138843,2191,unassigned
138844,2191,unassigned
138845,2166,unassigned
138846,2166,unassigned
138847,2166,unassigned
138848,2166,unassigned
138849,2166,unassigned
138850,2166,unassigned
138851,2166,unassigned
138852,2176,Immune
138853,2176,Immune
138854,2176,Immune
138855,2166,unassigned
138856,2166,unassigned
138857,2166,unassigned
138858,2190,GABA_Neuron
138859,2198,GABA_Neuron
138860,2166,unassigned
138861,2188,Excitatory_Neuron
138862,2166,unassigned
138863,2188,Excitatory_Neuron
138864,2166,unassigned
138865,2166,unassigned
138866,2166,unassigned
138867,2166,unassigned
138868,2173,Excitatory_Neuron
138869,2166,unassigned
138870,2204,unassigned
138871,2176,Immune
138872,2166,unassigned
138873,2176,Immune
138874,2166,unassigned
138875,2166,unassigned
138876,2166,unassigned
138877,2166,unassigned
138878,2172,Astro-Epen
138879,2166,unassigned
138880,2166,unassigned
138881,2166,unassigned
138882,2166,unassigned
138883,2176,Immune
138884,2166,unassigned
138885,2176,Immune
138886,2166,unassigned
138887,2166,unassigned
138888,2190,GABA_Neuron
138889,2166,unassigned
138890,2166,unassigned
138891,2166,unassigned
138892,2172,Astro-Epen
138893,2172,Astro-Epen
138894,2172,Astro-Epen
138895,2166,unassigned
138896,2166,unassigned
138897,2166,unassigned
138898,2166,unassigned
138899,2166,unassigned
138900,2176,Immune
138901,2166,unassigned
138902,2166,unassigned
138903,2176,Immune
138904,2166,unassigned
138905,2166,unassigned
138906,2176,Immune
138907,2166,unassigned
138908,2166,unassigned
138909,2166,unassigned
138910,2166,unassigned
138911,2166,unassigned
138912,2166,unassigned
138913,2166,unassigned
138914,2166,unassigned
138915,2173,Excitatory_Neuron
138916,2173,Excitatory_Neuron
138917,2182,unassigned
138918,2187,Excitatory_Neuron
138919,2166,unassigned
138920,2166,unassigned
138921,2176,Immune
138922,2166,unassigned
138923,2166,unassigned
138924,2188,Excitatory_Neuron
138925,2188,Excitatory_Neuron
138926,2172,Astro-Epen
138927,2166,unassigned
138928,2173,Excitatory_Neuron
138929,2166,unassigned
138930,2173,Excitatory_Neuron
138931,2187,Excitatory_Neuron
138932,2166,unassigned
138933,2166,unassigned
138934,2187,Excitatory_Neuron
138935,2166,unassigned
138936,2166,unassigned
138937,2176,Immune
138938,2197,unassigned
138939,2166,unassigned
138940,2188,Excitatory_Neuron
138941,2190,GABA_Neuron
138942,2166,unassigned
138943,2188,Excitatory_Neuron
138944,2199,unassigned
138945,2202,unassigned
138946,2199,unassigned
138947,2166,unassigned
138948,2166,unassigned
138949,2166,unassigned
138950,2166,unassigned
138951,2176,Immune
138952,2166,unassigned
138953,2166,unassigned
138954,2166,unassigned
138955,2188,Excitatory_Neuron
138956,2188,Excitatory_Neuron
138957,2166,unassigned
138958,2172,Astro-Epen
138959,2166,unassigned
138960,2166,unassigned
138961,2166,unassigned
138962,2172,Astro-Epen
138963,2166,unassigned
138964,2202,unassigned
138965,2166,unassigned
138966,2166,unassigned
138967,2166,unassigned
138968,2182,unassigned
138969,2166,unassigned
138970,2194,unassigned
138971,2166,unassigned
138972,2166,unassigned
138973,2166,unassigned
138974,2166,unassigned
138975,2188,Excitatory_Neuron
138976,2166,unassigned
138977,2166,unassigned
138978,2166,unassigned
138979,2166,unassigned
138980,2166,unassigned
138981,2166,unassigned
138982,2176,Immune
138983,2166,unassigned
138984,2166,unassigned
138985,2190,GABA_Neuron
138986,2166,unassigned
138987,2166,unassigned
138988,2166,unassigned
138989,2166,unassigned
138990,2172,Astro-Epen
138991,2173,Excitatory_Neuron
138992,2202,unassigned
138993,2166,unassigned
138994,2166,unassigned
138995,2182,unassigned
138996,2166,unassigned
138997,2166,unassigned
138998,2166,unassigned
138999,2166,unassigned
139000,2194,unassigned
139001,2176,Immune
139002,2166,unassigned
139003,2166,unassigned
139004,2166,unassigned
139005,2166,unassigned
139006,2166,unassigned
139007,2166,unassigned
139008,2166,unassigned
139009,2172,Astro-Epen
139010,2166,unassigned
139011,2173,Excitatory_Neuron
139012,2166,unassigned
139013,2182,unassigned
139014,2176,Immune
139015,2166,unassigned
139016,2166,unassigned
139017,2166,unassigned
139018,2190,GABA_Neuron
139019,2192,unassigned
139020,2166,unassigned
139021,2166,unassigned
139022,2166,unassigned
139023,2166,unassigned
139024,2166,unassigned
139025,2166,unassigned
139026,2172,Astro-Epen
139027,2172,Astro-Epen
139028,2166,unassigned
139029,2173,Excitatory_Neuron
139030,2166,unassigned
139031,2173,Excitatory_Neuron
139032,2166,unassigned
139033,2182,unassigned
139034,2166,unassigned
139035,2166,unassigned
139036,2166,unassigned
139037,2166,unassigned
139038,2166,unassigned
139039,2166,unassigned
139040,2166,unassigned
139041,2166,unassigned
139042,2166,unassigned
139043,2190,GABA_Neuron
139044,2188,Excitatory_Neuron
139045,2166,unassigned
139046,2166,unassigned
139047,2166,unassigned
139048,2188,Excitatory_Neuron
139049,2166,unassigned
139050,2166,unassigned
139051,2166,unassigned
139052,2166,unassigned
139053,2166,unassigned
139054,2166,unassigned
139055,2172,Astro-Epen
139056,2172,Astro-Epen
139057,2172,Astro-Epen
139058,2166,unassigned
139059,2172,Astro-Epen
139060,2166,unassigned
139061,2166,unassigned
139062,2166,unassigned
139063,2166,unassigned
139064,2166,unassigned
139065,2176,Immune
139066,2166,unassigned
139067,2176,Immune
139068,2166,unassigned
139069,2192,unassigned
139070,2166,unassigned
139071,2166,unassigned
139072,2172,Astro-Epen
139073,2166,unassigned
139074,2172,Astro-Epen
139075,2166,unassigned
139076,2166,unassigned
139077,2166,unassigned
139078,2166,unassigned
139079,2196,unassigned
139080,2166,unassigned
139081,2166,unassigned
139082,2166,unassigned
139083,2166,unassigned
139084,2176,Immune
139085,2190,GABA_Neuron
139086,2166,unassigned
139087,2166,unassigned
139088,2166,unassigned
139089,2166,unassigned
139090,2166,unassigned
139091,2202,unassigned
139092,2166,unassigned
139093,2166,unassigned
139094,2187,Excitatory_Neuron
139095,2176,Immune
139096,2166,unassigned
139097,2166,unassigned
139098,2166,unassigned
139099,2166,unassigned
139100,2166,unassigned
139101,2166,unassigned
139102,2188,Excitatory_Neuron
139103,2188,Excitatory_Neuron
139104,2188,Excitatory_Neuron
139105,2172,Astro-Epen
139106,2166,unassigned
139107,2199,unassigned
139108,2173,Excitatory_Neuron
139109,2182,unassigned
139110,2187,Excitatory_Neuron
139111,2166,unassigned
139112,2194,unassigned
139113,2166,unassigned
139114,2166,unassigned
139115,2166,unassigned
139116,2166,unassigned
139117,2188,Excitatory_Neuron
139118,2188,Excitatory_Neuron
139119,2166,unassigned
139120,2166,unassigned
139121,2172,Astro-Epen
139122,2172,Astro-Epen
139123,2166,unassigned
139124,2172,Astro-Epen
139125,2166,unassigned
139126,2199,unassigned
139127,2166,unassigned
139128,2166,unassigned
139129,2166,unassigned
139130,2166,unassigned
139131,2187,Excitatory_Neuron
139132,2166,unassigned
139133,2166,unassigned
139134,2166,unassigned
139135,2166,unassigned
139136,2166,unassigned
139137,2166,unassigned
139138,2166,unassigned
139139,2166,unassigned
139140,2166,unassigned
139141,2172,Astro-Epen
139142,2166,unassigned
139143,2166,unassigned
139144,2166,unassigned
139145,2166,unassigned
139146,2168,Excitatory_Neuron
139147,2166,unassigned
139148,2176,Immune
139149,2166,unassigned
139150,2166,unassigned
139151,2166,unassigned
139152,2166,unassigned
139153,2166,unassigned
139154,2166,unassigned
139155,2172,Astro-Epen
139156,2166,unassigned
139157,2172,Astro-Epen
139158,2172,Astro-Epen
139159,2166,unassigned
139160,2166,unassigned
139161,2166,unassigned
139162,2166,unassigned
139163,2172,Astro-Epen
139164,2173,Excitatory_Neuron
139165,2173,Excitatory_Neuron
139166,2188,Excitatory_Neuron
139167,2166,unassigned
139168,2166,unassigned
139169,2166,unassigned
139170,2166,unassigned
139171,2166,unassigned
139172,2166,unassigned
139173,2166,unassigned
139174,2166,unassigned
139175,2173,Excitatory_Neuron
139176,2187,Excitatory_Neuron
139177,2166,unassigned
139178,2168,Excitatory_Neuron
139179,2176,Immune
139180,2176,Immune
139181,2166,unassigned
139182,2166,unassigned
139183,2166,unassigned
139184,2166,unassigned
139185,2188,Excitatory_Neuron
139186,2198,GABA_Neuron
139187,2166,unassigned
139188,2172,Astro-Epen
139189,2166,unassigned
139190,2166,unassigned
139191,2166,unassigned
139192,2166,unassigned
139193,2166,unassigned
139194,2202,unassigned
139195,2202,unassigned
139196,2166,unassigned
139197,2166,unassigned
139198,2166,unassigned
139199,2166,unassigned
139200,2166,unassigned
139201,2166,unassigned
139202,2166,unassigned
139203,2166,unassigned
139204,2166,unassigned
139205,2166,unassigned
139206,2172,Astro-Epen
139207,2166,unassigned
139208,2172,Astro-Epen
139209,2166,unassigned
139210,2166,unassigned
139211,2173,Excitatory_Neuron
139212,2166,unassigned
139213,2166,unassigned
139214,2166,unassigned
139215,2166,unassigned
139216,2190,GABA_Neuron
139217,2198,GABA_Neuron
139218,2166,unassigned
139219,2166,unassigned
139220,2172,Astro-Epen
139221,2166,unassigned
139222,2173,Excitatory_Neuron
139223,2166,unassigned
139224,2166,unassigned
139225,2173,Excitatory_Neuron
139226,2166,unassigned
139227,2166,unassigned
139228,2166,unassigned
139229,2166,unassigned
139230,2166,unassigned
139231,2198,GABA_Neuron
139232,2166,unassigned
139233,2166,unassigned
139234,2188,Excitatory_Neuron
139235,2166,unassigned
139236,2172,Astro-Epen
139237,2172,Astro-Epen
139238,2173,Excitatory_Neuron
139239,2173,Excitatory_Neuron
139240,2166,unassigned
139241,2166,unassigned
139242,2166,unassigned
139243,2166,unassigned
139244,2204,unassigned
139245,2166,unassigned
139246,2176,Immune
139247,2166,unassigned
139248,2166,unassigned
139249,2166,unassigned
139250,2166,unassigned
139251,2166,unassigned
139252,2166,unassigned
139253,2166,unassigned
139254,2188,Excitatory_Neuron
139255,2166,unassigned
139256,2172,Astro-Epen
139257,2166,unassigned
139258,2172,Astro-Epen
139259,2173,Excitatory_Neuron
139260,2166,unassigned
139261,2173,Excitatory_Neuron
139262,2203,unassigned
139263,2166,unassigned
139264,2166,unassigned
139265,2166,unassigned
139266,2166,unassigned
139267,2173,Excitatory_Neuron
139268,2173,Excitatory_Neuron
139269,2166,unassigned
139270,2166,unassigned
139271,2166,unassigned
139272,2166,unassigned
139273,2166,unassigned
139274,2166,unassigned
139275,2166,unassigned
139276,2166,unassigned
139277,2166,unassigned
139278,2166,unassigned
139279,2166,unassigned
139280,2205,unassigned
139281,2166,unassigned
139282,2190,GABA_Neuron
139283,2166,unassigned
139284,2166,unassigned
139285,2166,unassigned
139286,2172,Astro-Epen
139287,2172,Astro-Epen
139288,2166,unassigned
139289,2172,Astro-Epen
139290,2173,Excitatory_Neuron
139291,2173,Excitatory_Neuron
139292,2166,unassigned
139293,2166,unassigned
139294,2166,unassigned
139295,2166,unassigned
139296,2194,unassigned
139297,2166,unassigned
139298,2166,unassigned
139299,2192,unassigned
139300,2166,unassigned
139301,2166,unassigned
139302,2166,unassigned
139303,2166,unassigned
139304,2166,unassigned
139305,2196,unassigned
139306,2173,Excitatory_Neuron
139307,2166,unassigned
139308,2182,unassigned
139309,2166,unassigned
139310,2187,Excitatory_Neuron
139311,2166,unassigned
139312,2166,unassigned
139313,2166,unassigned
139314,2176,Immune
139315,2166,unassigned
139316,2166,unassigned
139317,2166,unassigned
139318,2166,unassigned
139319,2192,unassigned
139320,2166,unassigned
139321,2188,Excitatory_Neuron
139322,2166,unassigned
139323,2166,unassigned
139324,2166,unassigned
139325,2166,unassigned
139326,2166,unassigned
139327,2166,unassigned
139328,2172,Astro-Epen
139329,2166,unassigned
139330,2166,unassigned
139331,2173,Excitatory_Neuron
139332,2196,unassigned
139333,2182,unassigned
139334,2166,unassigned
139335,2166,unassigned
139336,2166,unassigned
139337,2166,unassigned
139338,2166,unassigned
139339,2166,unassigned
139340,2190,GABA_Neuron
139341,2166,unassigned
139342,2188,Excitatory_Neuron
139343,2172,Astro-Epen
139344,2166,unassigned
139345,2166,unassigned
139346,2166,unassigned
139347,2166,unassigned
139348,2202,unassigned
139349,2196,unassigned
139350,2166,unassigned
139351,2204,unassigned
139352,2187,Excitatory_Neuron
139353,2176,Immune
139354,2166,unassigned
139355,2176,Immune
139356,2166,unassigned
139357,2166,unassigned
139358,2166,unassigned
139359,2166,unassigned
139360,2166,unassigned
139361,2172,Astro-Epen
139362,2172,Astro-Epen
139363,2166,unassigned
139364,2173,Excitatory_Neuron
139365,2196,unassigned
139366,2166,unassigned
139367,2166,unassigned
139368,2182,unassigned
139369,2166,unassigned
139370,2166,unassigned
139371,2166,unassigned
139372,2166,unassigned
139373,2166,unassigned
139374,2166,unassigned
139375,2166,unassigned
139376,2166,unassigned
139377,2166,unassigned
139378,2166,unassigned
139379,2166,unassigned
139380,2166,unassigned
139381,2166,unassigned
139382,2173,Excitatory_Neuron
139383,2166,unassigned
139384,2173,Excitatory_Neuron
139385,2166,unassigned
139386,2166,unassigned
139387,2166,unassigned
139388,2198,GABA_Neuron
139389,2166,unassigned
139390,2166,unassigned
139391,2166,unassigned
139392,2166,unassigned
139393,2166,unassigned
139394,2166,unassigned
139395,2168,Excitatory_Neuron
139396,2206,unassigned
139397,2166,unassigned
139398,2166,unassigned
139399,2166,unassigned
139400,2166,unassigned
139401,2166,unassigned
139402,2199,unassigned
139403,2173,Excitatory_Neuron
139404,2173,Excitatory_Neuron
139405,2166,unassigned
139406,2173,Excitatory_Neuron
139407,2176,Immune
139408,2166,unassigned
139409,2166,unassigned
139410,2166,unassigned
139411,2166,unassigned
139412,2166,unassigned
139413,2166,unassigned
139414,2188,Excitatory_Neuron
139415,2166,unassigned
139416,2172,Astro-Epen
139417,2172,Astro-Epen
139418,2166,unassigned
139419,2166,unassigned
139420,2166,unassigned
139421,2166,unassigned
139422,2173,Excitatory_Neuron
139423,2173,Excitatory_Neuron
139424,2166,unassigned
139425,2202,unassigned
139426,2166,unassigned
139427,2166,unassigned
139428,2166,unassigned
139429,2176,Immune
139430,2176,Immune
139431,2166,unassigned
139432,2176,Immune
139433,2166,unassigned
139434,2166,unassigned
139435,2190,GABA_Neuron
139436,2198,GABA_Neuron
139437,2166,unassigned
139438,2166,unassigned
139439,2166,unassigned
139440,2172,Astro-Epen
139441,2166,unassigned
139442,2166,unassigned
139443,2166,unassigned
139444,2199,unassigned
139445,2202,unassigned
139446,2196,unassigned
139447,2166,unassigned
139448,2166,unassigned
139449,2166,unassigned
139450,2166,unassigned
139451,2166,unassigned
139452,2166,unassigned
139453,2166,unassigned
139454,2173,Excitatory_Neuron
139455,2166,unassigned
139456,2196,unassigned
139457,2166,unassigned
139458,2166,unassigned
139459,2166,unassigned
139460,2166,unassigned
139461,2166,unassigned
139462,2166,unassigned
139463,2166,unassigned
139464,2166,unassigned
139465,2166,unassigned
139466,2166,unassigned
139467,2166,unassigned
139468,2166,unassigned
139469,2172,Astro-Epen
139470,2173,Excitatory_Neuron
139471,2166,unassigned
139472,2166,unassigned
139473,2166,unassigned
139474,2166,unassigned
139475,2166,unassigned
139476,2166,unassigned
139477,2166,unassigned
139478,2166,unassigned
139479,2166,unassigned
139480,2166,unassigned
139481,2166,unassigned
139482,2199,unassigned
139483,2199,unassigned
139484,2166,unassigned
139485,2166,unassigned
139486,2176,Immune
139487,2166,unassigned
139488,2198,GABA_Neuron
139489,2198,GABA_Neuron
139490,2188,Excitatory_Neuron
139491,2188,Excitatory_Neuron
139492,2166,unassigned
139493,2166,unassigned
139494,2166,unassigned
139495,2166,unassigned
139496,2176,Immune
139497,2176,Immune
139498,2205,unassigned
139499,2166,unassigned
139500,2166,unassigned
139501,2166,unassigned
139502,2190,GABA_Neuron
139503,2166,unassigned
139504,2188,Excitatory_Neuron
139505,2166,unassigned
139506,2166,unassigned
139507,2166,unassigned
139508,2166,unassigned
139509,2166,unassigned
139510,2166,unassigned
139511,2166,unassigned
139512,2173,Excitatory_Neuron
139513,2166,unassigned
139514,2166,unassigned
139515,2166,unassigned
139516,2182,unassigned
139517,2176,Immune
139518,2176,Immune
139519,2166,unassigned
139520,2166,unassigned
139521,2166,unassigned
139522,2188,Excitatory_Neuron
139523,2166,unassigned
139524,2166,unassigned
139525,2202,unassigned
139526,2166,unassigned
139527,2166,unassigned
139528,2166,unassigned
139529,2194,unassigned
139530,2176,Immune
139531,2166,unassigned
139532,2166,unassigned
139533,2166,unassigned
139534,2190,GABA_Neuron
139535,2190,GABA_Neuron
139536,2166,unassigned
139537,2166,unassigned
139538,2166,unassigned
139539,2166,unassigned
139540,2166,unassigned
139541,2166,unassigned
139542,2166,unassigned
139543,2166,unassigned
139544,2166,unassigned
139545,2190,GABA_Neuron
139546,2166,unassigned
139547,2166,unassigned
139548,2166,unassigned
139549,2199,unassigned
139550,2166,unassigned
139551,2166,unassigned
139552,2166,unassigned
139553,2166,unassigned
139554,2166,unassigned
139555,2166,unassigned
139556,2166,unassigned
139557,2166,unassigned
139558,2190,GABA_Neuron
139559,2166,unassigned
139560,2166,unassigned
139561,2166,unassigned
139562,2166,unassigned
139563,2172,Astro-Epen
139564,2166,unassigned
139565,2199,unassigned
139566,2166,unassigned
139567,2166,unassigned
139568,2176,Immune
139569,2166,unassigned
139570,2166,unassigned
139571,2190,GABA_Neuron
139572,2166,unassigned
139573,2166,unassigned
139574,2166,unassigned
139575,2172,Astro-Epen
139576,2172,Astro-Epen
139577,2166,unassigned
139578,2166,unassigned
139579,2166,unassigned
139580,2202,unassigned
139581,2166,unassigned
139582,2187,Excitatory_Neuron
139583,2176,Immune
139584,2176,Immune
139585,2166,unassigned
139586,2166,unassigned
139587,2166,unassigned
139588,2198,GABA_Neuron
139589,2190,GABA_Neuron
139590,2166,unassigned
139591,2166,unassigned
139592,2166,unassigned
139593,2166,unassigned
139594,2172,Astro-Epen
139595,2166,unassigned
139596,2166,unassigned
139597,2166,unassigned
139598,2176,Immune
139599,2166,unassigned
139600,2166,unassigned
139601,2166,unassigned
139602,2166,unassigned
139603,2166,unassigned
139604,2166,unassigned
139605,2166,unassigned
139606,2166,unassigned
139607,2172,Astro-Epen
139608,2166,unassigned
139609,2166,unassigned
139610,2166,unassigned
139611,2166,unassigned
139612,2176,Immune
139613,2166,unassigned
139614,2166,unassigned
139615,2166,unassigned
139616,2205,unassigned
139617,2205,unassigned
139618,2166,unassigned
139619,2166,unassigned
139620,2190,GABA_Neuron
139621,2198,GABA_Neuron
139622,2166,unassigned
139623,2166,unassigned
139624,2166,unassigned
139625,2188,Excitatory_Neuron
139626,2166,unassigned
139627,2166,unassigned
139628,2166,unassigned
139629,2166,unassigned
139630,2207,unassigned
139631,2166,unassigned
139632,2166,unassigned
139633,2166,unassigned
139634,2187,Excitatory_Neuron
139635,2208,unassigned
139636,2176,Immune
139637,2166,unassigned
139638,2166,unassigned
139639,2166,unassigned
139640,2166,unassigned
139641,2188,Excitatory_Neuron
139642,2166,unassigned
139643,2172,Astro-Epen
139644,2166,unassigned
139645,2166,unassigned
139646,2166,unassigned
139647,2166,unassigned
139648,2190,GABA_Neuron
139649,2166,unassigned
139650,2166,unassigned
139651,2166,unassigned
139652,2166,unassigned
139653,2166,unassigned
139654,2166,unassigned
139655,2166,unassigned
139656,2166,unassigned
139657,2166,unassigned
139658,2166,unassigned
139659,2166,unassigned
139660,2166,unassigned
139661,2166,unassigned
139662,2166,unassigned
139663,2166,unassigned
139664,2166,unassigned
139665,2166,unassigned
139666,2166,unassigned
139667,2187,Excitatory_Neuron
139668,2166,unassigned
139669,2166,unassigned
139670,2166,unassigned
139671,2166,unassigned
139672,2166,unassigned
139673,2198,GABA_Neuron
139674,2166,unassigned
139675,2166,unassigned
139676,2166,unassigned
139677,2166,unassigned
139678,2166,unassigned
139679,2207,unassigned
139680,2166,unassigned
139681,2166,unassigned
139682,2166,unassigned
139683,2166,unassigned
139684,2176,Immune
139685,2166,unassigned
139686,2176,Immune
139687,2166,unassigned
139688,2188,Excitatory_Neuron
139689,2166,unassigned
139690,2166,unassigned
139691,2166,unassigned
139692,2166,unassigned
139693,2166,unassigned
139694,2166,unassigned
139695,2166,unassigned
139696,2166,unassigned
139697,2187,Excitatory_Neuron
139698,2204,unassigned
139699,2166,unassigned
139700,2176,Immune
139701,2166,unassigned
139702,2166,unassigned
139703,2166,unassigned
139704,2166,unassigned
139705,2188,Excitatory_Neuron
139706,2166,unassigned
139707,2166,unassigned
139708,2166,unassigned
139709,2166,unassigned
139710,2166,unassigned
139711,2166,unassigned
139712,2166,unassigned
139713,2187,Excitatory_Neuron
139714,2187,Excitatory_Neuron
139715,2203,unassigned
139716,2187,Excitatory_Neuron
139717,2166,unassigned
139718,2166,unassigned
139719,2166,unassigned
139720,2166,unassigned
139721,2166,unassigned
139722,2166,unassigned
139723,2166,unassigned
139724,2172,Astro-Epen
139725,2187,Excitatory_Neuron
139726,2166,unassigned
139727,2166,unassigned
139728,2166,unassigned
139729,2176,Immune
139730,2166,unassigned
139731,2190,GABA_Neuron
139732,2166,unassigned
139733,2166,unassigned
139734,2166,unassigned
139735,2166,unassigned
139736,2166,unassigned
139737,2173,Excitatory_Neuron
139738,2176,Immune
139739,2166,unassigned
139740,2166,unassigned
139741,2166,unassigned
139742,2166,unassigned
139743,2166,unassigned
139744,2166,unassigned
139745,2166,unassigned
139746,2166,unassigned
139747,2166,unassigned
139748,2166,unassigned
139749,2166,unassigned
139750,2166,unassigned
139751,2166,unassigned
139752,2166,unassigned
139753,2166,unassigned
139754,2166,unassigned
139755,2166,unassigned
139756,2166,unassigned
139757,2187,Excitatory_Neuron
139758,2208,unassigned
139759,2166,unassigned
139760,2166,unassigned
139761,2166,unassigned
139762,2166,unassigned
139763,2166,unassigned
139764,2190,GABA_Neuron
139765,2166,unassigned
139766,2166,unassigned
139767,2166,unassigned
139768,2166,unassigned
139769,2166,unassigned
139770,2187,Excitatory_Neuron
139771,2194,unassigned
139772,2176,Immune
139773,2166,unassigned
139774,2166,unassigned
139775,2166,unassigned
139776,2166,unassigned
139777,2166,unassigned
139778,2166,unassigned
139779,2166,unassigned
139780,2166,unassigned
139781,2166,unassigned
139782,2166,unassigned
139783,2166,unassigned
139784,2188,Excitatory_Neuron
139785,2166,unassigned
139786,2166,unassigned
139787,2166,unassigned
139788,2166,unassigned
139789,2166,unassigned
139790,2166,unassigned
139791,2166,unassigned
139792,2166,unassigned
139793,2172,Astro-Epen
139794,2166,unassigned
139795,2166,unassigned
139796,2166,unassigned
139797,2187,Excitatory_Neuron
139798,2166,unassigned
139799,2166,unassigned
139800,2176,Immune
139801,2166,unassigned
139802,2166,unassigned
139803,2166,unassigned
139804,2166,unassigned
139805,2166,unassigned
139806,2166,unassigned
139807,2188,Excitatory_Neuron
139808,2166,unassigned
139809,2166,unassigned
139810,2166,unassigned
139811,2172,Astro-Epen
139812,2166,unassigned
139813,2166,unassigned
139814,2202,unassigned
139815,2166,unassigned
139816,2166,unassigned
139817,2166,unassigned
139818,2166,unassigned
139819,2166,unassigned
139820,2166,unassigned
139821,2166,unassigned
139822,2166,unassigned
139823,2166,unassigned
139824,2166,unassigned
139825,2166,unassigned
139826,2166,unassigned
139827,2166,unassigned
139828,2166,unassigned
139829,2166,unassigned
139830,2166,unassigned
139831,2166,unassigned
139832,2199,unassigned
139833,2173,Excitatory_Neuron
139834,2166,unassigned
139835,2166,unassigned
139836,2168,Excitatory_Neuron
139837,2166,unassigned
139838,2166,unassigned
139839,2166,unassigned
139840,2166,unassigned
139841,2166,unassigned
139842,2190,GABA_Neuron
139843,2198,GABA_Neuron
139844,2166,unassigned
139845,2166,unassigned
139846,2188,Excitatory_Neuron
139847,2166,unassigned
139848,2166,unassigned
139849,2166,unassigned
139850,2166,unassigned
139851,2166,unassigned
139852,2166,unassigned
139853,2173,Excitatory_Neuron
139854,2182,unassigned
139855,2182,unassigned
139856,2166,unassigned
139857,2166,unassigned
139858,2166,unassigned
139859,2166,unassigned
139860,2166,unassigned
139861,2166,unassigned
139862,2190,GABA_Neuron
139863,2166,unassigned
139864,2188,Excitatory_Neuron
139865,2166,unassigned
139866,2166,unassigned
139867,2172,Astro-Epen
139868,2166,unassigned
139869,2173,Excitatory_Neuron
139870,2173,Excitatory_Neuron
139871,2166,unassigned
139872,2194,unassigned
139873,2166,unassigned
139874,2176,Immune
139875,2166,unassigned
139876,2176,Immune
139877,2166,unassigned
139878,2166,unassigned
139879,2166,unassigned
139880,2166,unassigned
139881,2166,unassigned
139882,2190,GABA_Neuron
139883,2166,unassigned
139884,2166,unassigned
139885,2172,Astro-Epen
139886,2166,unassigned
139887,2166,unassigned
139888,2202,unassigned
139889,2166,unassigned
139890,2166,unassigned
139891,2166,unassigned
139892,2166,unassigned
139893,2187,Excitatory_Neuron
139894,2166,unassigned
139895,2176,Immune
139896,2166,unassigned
139897,2166,unassigned
139898,2166,unassigned
139899,2166,unassigned
139900,2166,unassigned
139901,2166,unassigned
139902,2166,unassigned
139903,2172,Astro-Epen
139904,2166,unassigned
139905,2166,unassigned
139906,2166,unassigned
139907,2166,unassigned
139908,2196,unassigned
139909,2176,Immune
139910,2166,unassigned
139911,2166,unassigned
139912,2166,unassigned
139913,2198,GABA_Neuron
139914,2166,unassigned
139915,2166,unassigned
139916,2166,unassigned
139917,2173,Excitatory_Neuron
139918,2166,unassigned
139919,2166,unassigned
139920,2166,unassigned
139921,2166,unassigned
139922,2166,unassigned
139923,2166,unassigned
139924,2166,unassigned
139925,2166,unassigned
139926,2166,unassigned
139927,2166,unassigned
139928,2172,Astro-Epen
139929,2202,unassigned
139930,2173,Excitatory_Neuron
139931,2166,unassigned
139932,2166,unassigned
139933,2166,unassigned
139934,2166,unassigned
139935,2166,unassigned
139936,2166,unassigned
139937,2190,GABA_Neuron
139938,2166,unassigned
139939,2166,unassigned
139940,2166,unassigned
139941,2166,unassigned
139942,2166,unassigned
139943,2172,Astro-Epen
139944,2166,unassigned
139945,2207,unassigned
139946,2173,Excitatory_Neuron
139947,2202,unassigned
139948,2166,unassigned
139949,2166,unassigned
139950,2166,unassigned
139951,2166,unassigned
139952,2187,Excitatory_Neuron
139953,2194,unassigned
139954,2176,Immune
139955,2166,unassigned
139956,2176,Immune
139957,2166,unassigned
139958,2176,Immune
139959,2205,unassigned
139960,2166,unassigned
139961,2166,unassigned
139962,2166,unassigned
139963,2166,unassigned
139964,2166,unassigned
139965,2188,Excitatory_Neuron
139966,2166,unassigned
139967,2166,unassigned
139968,2166,unassigned
139969,2166,unassigned
139970,2172,Astro-Epen
139971,2166,unassigned
139972,2166,unassigned
139973,2166,unassigned
139974,2173,Excitatory_Neuron
139975,2166,unassigned
139976,2173,Excitatory_Neuron
139977,2166,unassigned
139978,2166,unassigned
139979,2166,unassigned
139980,2168,Excitatory_Neuron
139981,2176,Immune
139982,2176,Immune
139983,2166,unassigned
139984,2166,unassigned
139985,2166,unassigned
139986,2166,unassigned
139987,2166,unassigned
139988,2166,unassigned
139989,2166,unassigned
139990,2166,unassigned
139991,2208,unassigned
139992,2166,unassigned
139993,2166,unassigned
139994,2166,unassigned
139995,2176,Immune
139996,2176,Immune
139997,2166,unassigned
139998,2209,unassigned
139999,2166,unassigned
140000,2166,unassigned
140001,2166,unassigned
140002,2166,unassigned
140003,2166,unassigned
140004,2166,unassigned
140005,2166,unassigned
140006,2166,unassigned
140007,2166,unassigned
140008,2166,unassigned
140009,2166,unassigned
140010,2187,Excitatory_Neuron
140011,2166,unassigned
140012,2191,unassigned
140013,2166,unassigned
140014,2166,unassigned
140015,2166,unassigned
140016,2166,unassigned
140017,2166,unassigned
140018,2166,unassigned
140019,2188,Excitatory_Neuron
140020,2166,unassigned
140021,2166,unassigned
140022,2166,unassigned
140023,2166,unassigned
140024,2166,unassigned
140025,2166,unassigned
140026,2166,unassigned
140027,2166,unassigned
140028,2166,unassigned
140029,2166,unassigned
140030,2166,unassigned
140031,2166,unassigned
140032,2166,unassigned
140033,2166,unassigned
140034,2166,unassigned
140035,2190,GABA_Neuron
140036,2166,unassigned
140037,2198,GABA_Neuron
140038,2188,Excitatory_Neuron
140039,2198,GABA_Neuron
140040,2166,unassigned
140041,2166,unassigned
140042,2173,Excitatory_Neuron
140043,2166,unassigned
140044,2166,unassigned
140045,2187,Excitatory_Neuron
140046,2166,unassigned
140047,2176,Immune
140048,2205,unassigned
140049,2166,unassigned
140050,2166,unassigned
140051,2166,unassigned
140052,2166,unassigned
140053,2166,unassigned
140054,2166,unassigned
140055,2166,unassigned
140056,2166,unassigned
140057,2166,unassigned
140058,2166,unassigned
140059,2173,Excitatory_Neuron
140060,2166,unassigned
140061,2166,unassigned
140062,2166,unassigned
140063,2166,unassigned
140064,2182,unassigned
140065,2166,unassigned
140066,2166,unassigned
140067,2166,unassigned
140068,2166,unassigned
140069,2166,unassigned
140070,2188,Excitatory_Neuron
140071,2210,unassigned
140072,2166,unassigned
140073,2166,unassigned
140074,2166,unassigned
140075,2166,unassigned
140076,2166,unassigned
140077,2166,unassigned
140078,2166,unassigned
140079,2199,unassigned
140080,2166,unassigned
140081,2173,Excitatory_Neuron
140082,2166,unassigned
140083,2166,unassigned
140084,2176,Immune
140085,2191,unassigned
140086,2176,Immune
140087,2166,unassigned
140088,2166,unassigned
140089,2166,unassigned
140090,2166,unassigned
140091,2166,unassigned
140092,2166,unassigned
140093,2166,unassigned
140094,2172,Astro-Epen
140095,2173,Excitatory_Neuron
140096,2166,unassigned
140097,2202,unassigned
140098,2166,unassigned
140099,2173,Excitatory_Neuron
140100,2166,unassigned
140101,2166,unassigned
140102,2187,Excitatory_Neuron
140103,2166,unassigned
140104,2166,unassigned
140105,2166,unassigned
140106,2166,unassigned
140107,2176,Immune
140108,2166,unassigned
140109,2166,unassigned
140110,2166,unassigned
140111,2166,unassigned
140112,2166,unassigned
140113,2166,unassigned
140114,2166,unassigned
140115,2207,unassigned
140116,2166,unassigned
140117,2173,Excitatory_Neuron
140118,2168,Excitatory_Neuron
140119,2166,unassigned
140120,2176,Immune
140121,2205,unassigned
140122,2166,unassigned
140123,2166,unassigned
140124,2166,unassigned
140125,2166,unassigned
140126,2166,unassigned
140127,2166,unassigned
140128,2166,unassigned
140129,2166,unassigned
140130,2172,Astro-Epen
140131,2166,unassigned
140132,2166,unassigned
140133,2166,unassigned
140134,2166,unassigned
140135,2202,unassigned
140136,2196,unassigned
140137,2187,Excitatory_Neuron
140138,2166,unassigned
140139,2166,unassigned
140140,2166,unassigned
140141,2166,unassigned
140142,2166,unassigned
140143,2166,unassigned
140144,2166,unassigned
140145,2166,unassigned
140146,2166,unassigned
140147,2166,unassigned
140148,2166,unassigned
140149,2207,unassigned
140150,2173,Excitatory_Neuron
140151,2166,unassigned
140152,2166,unassigned
140153,2166,unassigned
140154,2166,unassigned
140155,2166,unassigned
140156,2176,Immune
140157,2166,unassigned
140158,2166,unassigned
140159,2166,unassigned
140160,2205,unassigned
140161,2166,unassigned
140162,2166,unassigned
140163,2166,unassigned
140164,2166,unassigned
140165,2207,unassigned
140166,2166,unassigned
140167,2166,unassigned
140168,2173,Excitatory_Neuron
140169,2166,unassigned
140170,2173,Excitatory_Neuron
140171,2166,unassigned
140172,2173,Excitatory_Neuron
140173,2166,unassigned
140174,2176,Immune
140175,2166,unassigned
140176,2166,unassigned
140177,2176,Immune
140178,2166,unassigned
140179,2205,unassigned
140180,2166,unassigned
140181,2166,unassigned
140182,2166,unassigned
140183,2166,unassigned
140184,2198,GABA_Neuron
140185,2210,unassigned
140186,2166,unassigned
140187,2166,unassigned
140188,2166,unassigned
140189,2166,unassigned
140190,2166,unassigned
140191,2166,unassigned
140192,2166,unassigned
140193,2166,unassigned
140194,2166,unassigned
140195,2166,unassigned
140196,2166,unassigned
140197,2173,Excitatory_Neuron
140198,2166,unassigned
140199,2173,Excitatory_Neuron
140200,2166,unassigned
140201,2166,unassigned
140202,2176,Immune
140203,2166,unassigned
140204,2166,unassigned
140205,2166,unassigned
140206,2166,unassigned
140207,2166,unassigned
140208,2166,unassigned
140209,2188,Excitatory_Neuron
140210,2166,unassigned
140211,2166,unassigned
140212,2166,unassigned
140213,2166,unassigned
140214,2166,unassigned
140215,2173,Excitatory_Neuron
140216,2166,unassigned
140217,2173,Excitatory_Neuron
140218,2173,Excitatory_Neuron
140219,2166,unassigned
140220,2166,unassigned
140221,2166,unassigned
140222,2208,unassigned
140223,2166,unassigned
140224,2191,unassigned
140225,2166,unassigned
140226,2166,unassigned
140227,2166,unassigned
140228,2166,unassigned
140229,2166,unassigned
140230,2166,unassigned
140231,2166,unassigned
140232,2166,unassigned
140233,2166,unassigned
140234,2166,unassigned
140235,2166,unassigned
140236,2173,Excitatory_Neuron
140237,2166,unassigned
140238,2187,Excitatory_Neuron
140239,2166,unassigned
140240,2166,unassigned
140241,2166,unassigned
140242,2166,unassigned
140243,2190,GABA_Neuron
140244,2210,unassigned
140245,2172,Astro-Epen
140246,2166,unassigned
140247,2166,unassigned
140248,2166,unassigned
140249,2173,Excitatory_Neuron
140250,2173,Excitatory_Neuron
140251,2176,Immune
140252,2166,unassigned
140253,2166,unassigned
140254,2166,unassigned
140255,2190,GABA_Neuron
140256,2166,unassigned
140257,2188,Excitatory_Neuron
140258,2198,GABA_Neuron
140259,2166,unassigned
140260,2166,unassigned
140261,2166,unassigned
140262,2166,unassigned
140263,2202,unassigned
140264,2173,Excitatory_Neuron
140265,2166,unassigned
140266,2166,unassigned
140267,2187,Excitatory_Neuron
140268,2187,Excitatory_Neuron
140269,2166,unassigned
140270,2166,unassigned
140271,2166,unassigned
140272,2166,unassigned
140273,2166,unassigned
140274,2166,unassigned
140275,2166,unassigned
140276,2166,unassigned
140277,2166,unassigned
140278,2166,unassigned
140279,2166,unassigned
140280,2166,unassigned
140281,2166,unassigned
140282,2182,unassigned
140283,2166,unassigned
140284,2166,unassigned
140285,2166,unassigned
140286,2188,Excitatory_Neuron
140287,2166,unassigned
140288,2166,unassigned
140289,2166,unassigned
140290,2199,unassigned
140291,2173,Excitatory_Neuron
140292,2166,unassigned
140293,2166,unassigned
140294,2166,unassigned
140295,2166,unassigned
140296,2166,unassigned
140297,2176,Immune
140298,2176,Immune
140299,2176,Immune
140300,2198,GABA_Neuron
140301,2188,Excitatory_Neuron
140302,2188,Excitatory_Neuron
140303,2166,unassigned
140304,2166,unassigned
140305,2166,unassigned
140306,2166,unassigned
140307,2166,unassigned
140308,2166,unassigned
140309,2207,unassigned
140310,2196,unassigned
140311,2166,unassigned
140312,2166,unassigned
140313,2166,unassigned
140314,2166,unassigned
140315,2187,Excitatory_Neuron
140316,2176,Immune
140317,2166,unassigned
140318,2166,unassigned
140319,2166,unassigned
140320,2190,GABA_Neuron
140321,2166,unassigned
140322,2198,GABA_Neuron
140323,2166,unassigned
140324,2166,unassigned
140325,2166,unassigned
140326,2166,unassigned
140327,2166,unassigned
140328,2166,unassigned
140329,2166,unassigned
140330,2166,unassigned
140331,2166,unassigned
140332,2166,unassigned
140333,2166,unassigned
140334,2166,unassigned
140335,2166,unassigned
140336,2166,unassigned
140337,2173,Excitatory_Neuron
140338,2166,unassigned
140339,2166,unassigned
140340,2173,Excitatory_Neuron
140341,2173,Excitatory_Neuron
140342,2196,unassigned
140343,2166,unassigned
140344,2166,unassigned
140345,2187,Excitatory_Neuron
140346,2194,unassigned
140347,2191,unassigned
140348,2205,unassigned
140349,2188,Excitatory_Neuron
140350,2166,unassigned
140351,2166,unassigned
140352,2166,unassigned
140353,2166,unassigned
140354,2166,unassigned
140355,2168,Excitatory_Neuron
140356,2166,unassigned
140357,2166,unassigned
140358,2166,unassigned
140359,2166,unassigned
140360,2166,unassigned
140361,2198,GABA_Neuron
140362,2198,GABA_Neuron
140363,2166,unassigned
140364,2166,unassigned
140365,2166,unassigned
140366,2173,Excitatory_Neuron
140367,2166,unassigned
140368,2187,Excitatory_Neuron
140369,2187,Excitatory_Neuron
140370,2187,Excitatory_Neuron
140371,2194,unassigned
140372,2166,unassigned
140373,2176,Immune
140374,2166,unassigned
140375,2166,unassigned
140376,2198,GABA_Neuron
140377,2166,unassigned
140378,2166,unassigned
140379,2166,unassigned
140380,2166,unassigned
140381,2207,unassigned
140382,2207,unassigned
140383,2166,unassigned
140384,2166,unassigned
140385,2166,unassigned
140386,2187,Excitatory_Neuron
140387,2166,unassigned
140388,2166,unassigned
140389,2166,unassigned
140390,2176,Immune
140391,2166,unassigned
140392,2166,unassigned
140393,2166,unassigned
140394,2166,unassigned
140395,2166,unassigned
140396,2166,unassigned
140397,2166,unassigned
140398,2207,unassigned
140399,2166,unassigned
140400,2166,unassigned
140401,2166,unassigned
140402,2166,unassigned
140403,2166,unassigned
140404,2208,unassigned
140405,2166,unassigned
140406,2188,Excitatory_Neuron
140407,2188,Excitatory_Neuron
140408,2166,unassigned
140409,2166,unassigned
140410,2166,unassigned
140411,2173,Excitatory_Neuron
140412,2166,unassigned
140413,2166,unassigned
140414,2191,unassigned
140415,2166,unassigned
140416,2166,unassigned
140417,2166,unassigned
140418,2190,GABA_Neuron
140419,2188,Excitatory_Neuron
140420,2166,unassigned
140421,2188,Excitatory_Neuron
140422,2166,unassigned
140423,2166,unassigned
140424,2166,unassigned
140425,2166,unassigned
140426,2166,unassigned
140427,2202,unassigned
140428,2166,unassigned
140429,2173,Excitatory_Neuron
140430,2166,unassigned
140431,2173,Excitatory_Neuron
140432,2166,unassigned
140433,2166,unassigned
140434,2187,Excitatory_Neuron
140435,2166,unassigned
140436,2187,Excitatory_Neuron
140437,2176,Immune
140438,2166,unassigned
140439,2166,unassigned
140440,2190,GABA_Neuron
140441,2166,unassigned
140442,2166,unassigned
140443,2166,unassigned
140444,2166,unassigned
140445,2166,unassigned
140446,2166,unassigned
140447,2166,unassigned
140448,2166,unassigned
140449,2187,Excitatory_Neuron
140450,2166,unassigned
140451,2166,unassigned
140452,2190,GABA_Neuron
140453,2166,unassigned
140454,2190,GABA_Neuron
140455,2188,Excitatory_Neuron
140456,2166,unassigned
140457,2166,unassigned
140458,2207,unassigned
140459,2199,unassigned
140460,2166,unassigned
140461,2187,Excitatory_Neuron
140462,2166,unassigned
140463,2166,unassigned
140464,2166,unassigned
140465,2198,GABA_Neuron
140466,2210,unassigned
140467,2166,unassigned
140468,2166,unassigned
140469,2166,unassigned
140470,2166,unassigned
140471,2166,unassigned
140472,2207,unassigned
140473,2173,Excitatory_Neuron
140474,2202,unassigned
140475,2166,unassigned
140476,2166,unassigned
140477,2187,Excitatory_Neuron
140478,2166,unassigned
140479,2176,Immune
140480,2166,unassigned
140481,2166,unassigned
140482,2166,unassigned
140483,2188,Excitatory_Neuron
140484,2166,unassigned
140485,2166,unassigned
140486,2166,unassigned
140487,2166,unassigned
140488,2173,Excitatory_Neuron
140489,2173,Excitatory_Neuron
140490,2173,Excitatory_Neuron
140491,2166,unassigned
140492,2166,unassigned
140493,2166,unassigned
140494,2190,GABA_Neuron
140495,2166,unassigned
140496,2188,Excitatory_Neuron
140497,2166,unassigned
140498,2166,unassigned
140499,2166,unassigned
140500,2202,unassigned
140501,2166,unassigned
140502,2173,Excitatory_Neuron
140503,2166,unassigned
140504,2166,unassigned
140505,2166,unassigned
140506,2176,Immune
140507,2166,unassigned
140508,2166,unassigned
140509,2166,unassigned
140510,2166,unassigned
140511,2190,GABA_Neuron
140512,2166,unassigned
140513,2166,unassigned
140514,2166,unassigned
140515,2166,unassigned
140516,2166,unassigned
140517,2166,unassigned
140518,2166,unassigned
140519,2173,Excitatory_Neuron
140520,2166,unassigned
140521,2166,unassigned
140522,2166,unassigned
140523,2182,unassigned
140524,2166,unassigned
140525,2166,unassigned
140526,2166,unassigned
140527,2176,Immune
140528,2166,unassigned
140529,2166,unassigned
140530,2166,unassigned
140531,2188,Excitatory_Neuron
140532,2166,unassigned
140533,2166,unassigned
140534,2166,unassigned
140535,2211,unassigned
140536,2166,unassigned
140537,2166,unassigned
140538,2212,unassigned
140539,2166,unassigned
140540,2176,Immune
140541,2166,unassigned
140542,2166,unassigned
140543,2166,unassigned
140544,2166,unassigned
140545,2166,unassigned
140546,2166,unassigned
140547,2166,unassigned
140548,2166,unassigned
140549,2166,unassigned
140550,2166,unassigned
140551,2188,Excitatory_Neuron
140552,2166,unassigned
140553,2166,unassigned
140554,2166,unassigned
140555,2166,unassigned
140556,2166,unassigned
140557,2166,unassigned
140558,2166,unassigned
140559,2191,unassigned
140560,2166,unassigned
140561,2166,unassigned
140562,2166,unassigned
140563,2210,unassigned
140564,2166,unassigned
140565,2166,unassigned
140566,2166,unassigned
140567,2166,unassigned
140568,2166,unassigned
140569,2166,unassigned
140570,2166,unassigned
140571,2173,Excitatory_Neuron
140572,2166,unassigned
140573,2166,unassigned
140574,2166,unassigned
140575,2210,unassigned
140576,2166,unassigned
140577,2166,unassigned
140578,2166,unassigned
140579,2166,unassigned
140580,2166,unassigned
140581,2168,Excitatory_Neuron
140582,2166,unassigned
140583,2191,unassigned
140584,2166,unassigned
140585,2166,unassigned
140586,2166,unassigned
140587,2166,unassigned
140588,2166,unassigned
140589,2188,Excitatory_Neuron
140590,2210,unassigned
140591,2166,unassigned
140592,2166,unassigned
140593,2166,unassigned
140594,2166,unassigned
140595,2166,unassigned
140596,2166,unassigned
140597,2166,unassigned
140598,2202,unassigned
140599,2166,unassigned
140600,2173,Excitatory_Neuron
140601,2166,unassigned
140602,2166,unassigned
140603,2187,Excitatory_Neuron
140604,2168,Excitatory_Neuron
140605,2176,Immune
140606,2176,Immune
140607,2166,unassigned
140608,2166,unassigned
140609,2166,unassigned
140610,2198,GABA_Neuron
140611,2166,unassigned
140612,2166,unassigned
140613,2166,unassigned
140614,2166,unassigned
140615,2207,unassigned
140616,2166,unassigned
140617,2176,Immune
140618,2166,unassigned
140619,2166,unassigned
140620,2166,unassigned
140621,2166,unassigned
140622,2166,unassigned
140623,2166,unassigned
140624,2166,unassigned
140625,2208,unassigned
140626,2176,Immune
140627,2166,unassigned
140628,2176,Immune
140629,2166,unassigned
140630,2198,GABA_Neuron
140631,2166,unassigned
140632,2188,Excitatory_Neuron
140633,2166,unassigned
140634,2188,Excitatory_Neuron
140635,2166,unassigned
140636,2166,unassigned
140637,2166,unassigned
140638,2166,unassigned
140639,2166,unassigned
140640,2166,unassigned
140641,2166,unassigned
140642,2166,unassigned
140643,2176,Immune
140644,2166,unassigned
140645,2166,unassigned
140646,2166,unassigned
140647,2166,unassigned
140648,2166,unassigned
140649,2188,Excitatory_Neuron
140650,2166,unassigned
140651,2166,unassigned
140652,2166,unassigned
140653,2166,unassigned
140654,2166,unassigned
140655,2211,unassigned
140656,2166,unassigned
140657,2166,unassigned
140658,2187,Excitatory_Neuron
140659,2208,unassigned
140660,2176,Immune
140661,2166,unassigned
140662,2213,unassigned
140663,2166,unassigned
140664,2166,unassigned
140665,2198,GABA_Neuron
140666,2166,unassigned
140667,2166,unassigned
140668,2166,unassigned
140669,2166,unassigned
140670,2173,Excitatory_Neuron
140671,2166,unassigned
140672,2202,unassigned
140673,2166,unassigned
140674,2212,unassigned
140675,2166,unassigned
140676,2205,unassigned
140677,2166,unassigned
140678,2166,unassigned
140679,2188,Excitatory_Neuron
140680,2166,unassigned
140681,2166,unassigned
140682,2166,unassigned
140683,2166,unassigned
140684,2166,unassigned
140685,2173,Excitatory_Neuron
140686,2166,unassigned
140687,2166,unassigned
140688,2205,unassigned
140689,2166,unassigned
140690,2166,unassigned
140691,2166,unassigned
140692,2190,GABA_Neuron
140693,2166,unassigned
140694,2166,unassigned
140695,2166,unassigned
140696,2166,unassigned
140697,2166,unassigned
140698,2166,unassigned
140699,2166,unassigned
140700,2187,Excitatory_Neuron
140701,2194,unassigned
140702,2176,Immune
140703,2166,unassigned
140704,2166,unassigned
140705,2166,unassigned
140706,2166,unassigned
140707,2166,unassigned
140708,2166,unassigned
140709,2188,Excitatory_Neuron
140710,2166,unassigned
140711,2166,unassigned
140712,2166,unassigned
140713,2166,unassigned
140714,2166,unassigned
140715,2166,unassigned
140716,2214,unassigned
140717,2176,Immune
140718,2166,unassigned
140719,2166,unassigned
140720,2166,unassigned
140721,2166,unassigned
140722,2166,unassigned
140723,2166,unassigned
140724,2166,unassigned
140725,2166,unassigned
140726,2166,unassigned
140727,2166,unassigned
140728,2166,unassigned
140729,2208,unassigned
140730,2166,unassigned
140731,2166,unassigned
140732,2166,unassigned
140733,2176,Immune
140734,2166,unassigned
140735,2166,unassigned
140736,2166,unassigned
140737,2166,unassigned
140738,2166,unassigned
140739,2166,unassigned
140740,2166,unassigned
140741,2166,unassigned
140742,2166,unassigned
140743,2166,unassigned
140744,2166,unassigned
140745,2166,unassigned
140746,2166,unassigned
140747,2166,unassigned
140748,2166,unassigned
140749,2166,unassigned
140750,2166,unassigned
140751,2166,unassigned
140752,2166,unassigned
140753,2202,unassigned
140754,2166,unassigned
140755,2166,unassigned
140756,2202,unassigned
140757,2173,Excitatory_Neuron
140758,2166,unassigned
140759,2173,Excitatory_Neuron
140760,2166,unassigned
140761,2214,unassigned
140762,2176,Immune
140763,2166,unassigned
140764,2166,unassigned
140765,2166,unassigned
140766,2205,unassigned
140767,2210,unassigned
140768,2166,unassigned
140769,2166,unassigned
140770,2166,unassigned
140771,2166,unassigned
140772,2166,unassigned
140773,2166,unassigned
140774,2166,unassigned
140775,2166,unassigned
140776,2176,Immune
140777,2166,unassigned
140778,2166,unassigned
140779,2176,Immune
140780,2166,unassigned
140781,2166,unassigned
140782,2166,unassigned
140783,2166,unassigned
140784,2166,unassigned
140785,2166,unassigned
140786,2202,unassigned
140787,2173,Excitatory_Neuron
140788,2166,unassigned
140789,2194,unassigned
140790,2166,unassigned
140791,2205,unassigned
140792,2166,unassigned
140793,2166,unassigned
140794,2188,Excitatory_Neuron
140795,2198,GABA_Neuron
140796,2166,unassigned
140797,2166,unassigned
140798,2166,unassigned
140799,2182,unassigned
140800,2166,unassigned
140801,2166,unassigned
140802,2166,unassigned
140803,2166,unassigned
140804,2166,unassigned
140805,2166,unassigned
140806,2166,unassigned
140807,2166,unassigned
140808,2166,unassigned
140809,2166,unassigned
140810,2166,unassigned
140811,2211,unassigned
140812,2166,unassigned
140813,2166,unassigned
140814,2166,unassigned
140815,2173,Excitatory_Neuron
140816,2166,unassigned
140817,2166,unassigned
140818,2176,Immune
140819,2176,Immune
140820,2166,unassigned
140821,2166,unassigned
140822,2166,unassigned
140823,2166,unassigned
140824,2166,unassigned
140825,2166,unassigned
140826,2166,unassigned
140827,2166,unassigned
140828,2166,unassigned
140829,2166,unassigned
140830,2166,unassigned
140831,2166,unassigned
140832,2166,unassigned
140833,2187,Excitatory_Neuron
140834,2208,unassigned
140835,2166,unassigned
140836,2166,unassigned
140837,2166,unassigned
140838,2166,unassigned
140839,2166,unassigned
140840,2166,unassigned
140841,2166,unassigned
140842,2166,unassigned
140843,2173,Excitatory_Neuron
140844,2166,unassigned
140845,2187,Excitatory_Neuron
140846,2166,unassigned
140847,2166,unassigned
140848,2166,unassigned
140849,2166,unassigned
140850,2166,unassigned
140851,2166,unassigned
140852,2166,unassigned
140853,2166,unassigned
140854,2188,Excitatory_Neuron
140855,2166,unassigned
140856,2166,unassigned
140857,2166,unassigned
140858,2166,unassigned
140859,2166,unassigned
140860,2166,unassigned
140861,2166,unassigned
140862,2166,unassigned
140863,2166,unassigned
140864,2166,unassigned
140865,2166,unassigned
140866,2166,unassigned
140867,2187,Excitatory_Neuron
140868,2166,unassigned
140869,2208,unassigned
140870,2166,unassigned
140871,2166,unassigned
140872,2166,unassigned
140873,2166,unassigned
140874,2166,unassigned
140875,2166,unassigned
140876,2166,unassigned
140877,2166,unassigned
140878,2166,unassigned
140879,2166,unassigned
140880,2166,unassigned
140881,2166,unassigned
140882,2166,unassigned
140883,2166,unassigned
140884,2166,unassigned
140885,2166,unassigned
140886,2198,GABA_Neuron
140887,2166,unassigned
140888,2166,unassigned
140889,2166,unassigned
140890,2166,unassigned
140891,2166,unassigned
140892,2166,unassigned
140893,2166,unassigned
140894,2166,unassigned
140895,2166,unassigned
140896,2166,unassigned
140897,2187,Excitatory_Neuron
140898,2212,unassigned
140899,2166,unassigned
140900,2176,Immune
140901,2166,unassigned
140902,2166,unassigned
140903,2166,unassigned
140904,2166,unassigned
140905,2166,unassigned
140906,2166,unassigned
140907,2166,unassigned
140908,2166,unassigned
140909,2210,unassigned
140910,2166,unassigned
140911,2166,unassigned
140912,2176,Immune
140913,2166,unassigned
140914,2166,unassigned
140915,2166,unassigned
140916,2166,unassigned
140917,2188,Excitatory_Neuron
140918,2166,unassigned
140919,2166,unassigned
140920,2166,unassigned
140921,2166,unassigned
140922,2166,unassigned
140923,2166,unassigned
140924,2166,unassigned
140925,2166,unassigned
140926,2166,unassigned
140927,2166,unassigned
140928,2198,GABA_Neuron
140929,2190,GABA_Neuron
140930,2210,unassigned
140931,2188,Excitatory_Neuron
140932,2166,unassigned
140933,2166,unassigned
140934,2166,unassigned
140935,2166,unassigned
140936,2166,unassigned
140937,2166,unassigned
140938,2166,unassigned
140939,2208,unassigned
140940,2215,unassigned
140941,2166,unassigned
140942,2166,unassigned
140943,2166,unassigned
140944,2166,unassigned
140945,2166,unassigned
140946,2166,unassigned
140947,2166,unassigned
140948,2172,Astro-Epen
140949,2166,unassigned
140950,2166,unassigned
140951,2173,Excitatory_Neuron
140952,2166,unassigned
140953,2212,unassigned
140954,2166,unassigned
140955,2166,unassigned
140956,2176,Immune
140957,2166,unassigned
140958,2166,unassigned
140959,2166,unassigned
140960,2166,unassigned
140961,2166,unassigned
140962,2166,unassigned
140963,2166,unassigned
140964,2166,unassigned
140965,2166,unassigned
140966,2166,unassigned
140967,2166,unassigned
140968,2166,unassigned
140969,2173,Excitatory_Neuron
140970,2187,Excitatory_Neuron
140971,2166,unassigned
140972,2166,unassigned
140973,2166,unassigned
140974,2166,unassigned
140975,2166,unassigned
140976,2166,unassigned
140977,2166,unassigned
140978,2202,unassigned
140979,2166,unassigned
140980,2166,unassigned
140981,2166,unassigned
140982,2187,Excitatory_Neuron
140983,2176,Immune
140984,2166,unassigned
140985,2166,unassigned
140986,2166,unassigned
140987,2188,Excitatory_Neuron
140988,2166,unassigned
140989,2166,unassigned
140990,2166,unassigned
140991,2166,unassigned
140992,2166,unassigned
140993,2166,unassigned
140994,2211,unassigned
140995,2199,unassigned
140996,2187,Excitatory_Neuron
140997,2166,unassigned
140998,2166,unassigned
140999,2166,unassigned
141000,2166,unassigned
141001,2166,unassigned
141002,2166,unassigned
141003,2166,unassigned
141004,2166,unassigned
141005,2166,unassigned
141006,2166,unassigned
141007,2187,Excitatory_Neuron
141008,2166,unassigned
141009,2187,Excitatory_Neuron
141010,2176,Immune
141011,2166,unassigned
141012,2166,unassigned
141013,2166,unassigned
141014,2216,unassigned
141015,2166,unassigned
141016,2166,unassigned
141017,2166,unassigned
141018,2166,unassigned
141019,2202,unassigned
141020,2166,unassigned
141021,2166,unassigned
141022,2166,unassigned
141023,2166,unassigned
141024,2166,unassigned
141025,2166,unassigned
141026,2166,unassigned
141027,2166,unassigned
141028,2216,unassigned
141029,2166,unassigned
141030,2166,unassigned
141031,2166,unassigned
141032,2198,GABA_Neuron
141033,2166,unassigned
141034,2166,unassigned
141035,2166,unassigned
141036,2166,unassigned
141037,2166,unassigned
141038,2166,unassigned
141039,2166,unassigned
141040,2166,unassigned
141041,2173,Excitatory_Neuron
141042,2166,unassigned
141043,2166,unassigned
141044,2166,unassigned
141045,2187,Excitatory_Neuron
141046,2176,Immune
141047,2166,unassigned
141048,2166,unassigned
141049,2166,unassigned
141050,2166,unassigned
141051,2166,unassigned
141052,2166,unassigned
141053,2166,unassigned
141054,2166,unassigned
141055,2166,unassigned
141056,2166,unassigned
141057,2211,unassigned
141058,2166,unassigned
141059,2166,unassigned
141060,2173,Excitatory_Neuron
141061,2166,unassigned
141062,2166,unassigned
141063,2166,unassigned
141064,2212,unassigned
141065,2166,unassigned
141066,2176,Immune
141067,2166,unassigned
141068,2166,unassigned
141069,2166,unassigned
141070,2210,unassigned
141071,2166,unassigned
141072,2166,unassigned
141073,2198,GABA_Neuron
141074,2166,unassigned
141075,2166,unassigned
141076,2202,unassigned
141077,2202,unassigned
141078,2166,unassigned
141079,2166,unassigned
141080,2166,unassigned
141081,2166,unassigned
141082,2208,unassigned
141083,2166,unassigned
141084,2166,unassigned
141085,2198,GABA_Neuron
141086,2166,unassigned
141087,2166,unassigned
141088,2166,unassigned
141089,2166,unassigned
141090,2166,unassigned
141091,2166,unassigned
141092,2166,unassigned
141093,2166,unassigned
141094,2166,unassigned
141095,2166,unassigned
141096,2166,unassigned
141097,2166,unassigned
141098,2166,unassigned
141099,2191,unassigned
141100,2166,unassigned
141101,2166,unassigned
141102,2166,unassigned
141103,2166,unassigned
141104,2166,unassigned
141105,2166,unassigned
141106,2166,unassigned
141107,2188,Excitatory_Neuron
141108,2166,unassigned
141109,2166,unassigned
141110,2172,Astro-Epen
141111,2166,unassigned
141112,2166,unassigned
141113,2166,unassigned
141114,2166,unassigned
141115,2173,Excitatory_Neuron
141116,2166,unassigned
141117,2166,unassigned
141118,2176,Immune
141119,2166,unassigned
141120,2166,unassigned
141121,2166,unassigned
141122,2166,unassigned
141123,2166,unassigned
141124,2166,unassigned
141125,2166,unassigned
141126,2172,Astro-Epen
141127,2166,unassigned
141128,2166,unassigned
141129,2166,unassigned
141130,2166,unassigned
141131,2166,unassigned
141132,2166,unassigned
141133,2166,unassigned
141134,2198,GABA_Neuron
141135,2198,GABA_Neuron
141136,2188,Excitatory_Neuron
141137,2166,unassigned
141138,2166,unassigned
141139,2166,unassigned
141140,2166,unassigned
141141,2166,unassigned
141142,2172,Astro-Epen
141143,2166,unassigned
141144,2166,unassigned
141145,2166,unassigned
141146,2202,unassigned
141147,2166,unassigned
141148,2166,unassigned
141149,2214,unassigned
141150,2176,Immune
141151,2176,Immune
141152,2166,unassigned
141153,2166,unassigned
141154,2166,unassigned
141155,2198,GABA_Neuron
141156,2188,Excitatory_Neuron
141157,2188,Excitatory_Neuron
141158,2166,unassigned
141159,2188,Excitatory_Neuron
141160,2166,unassigned
141161,2166,unassigned
141162,2166,unassigned
141163,2166,unassigned
141164,2166,unassigned
141165,2166,unassigned
141166,2166,unassigned
141167,2166,unassigned
141168,2166,unassigned
141169,2187,Excitatory_Neuron
141170,2166,unassigned
141171,2166,unassigned
141172,2176,Immune
141173,2166,unassigned
141174,2166,unassigned
141175,2166,unassigned
141176,2166,unassigned
141177,2166,unassigned
141178,2166,unassigned
141179,2166,unassigned
141180,2166,unassigned
141181,2166,unassigned
141182,2166,unassigned
141183,2166,unassigned
141184,2166,unassigned
141185,2166,unassigned
141186,2166,unassigned
141187,2166,unassigned
141188,2166,unassigned
141189,2166,unassigned
141190,2166,unassigned
141191,2166,unassigned
141192,2166,unassigned
141193,2166,unassigned
141194,2166,unassigned
141195,2166,unassigned
141196,2166,unassigned
141197,2187,Excitatory_Neuron
141198,2166,unassigned
141199,2166,unassigned
141200,2166,unassigned
141201,2211,unassigned
141202,2166,unassigned
141203,2166,unassigned
141204,2166,unassigned
141205,2166,unassigned
141206,2166,unassigned
141207,2166,unassigned
141208,2166,unassigned
141209,2166,unassigned
141210,2166,unassigned
141211,2166,unassigned
141212,2166,unassigned
141213,2166,unassigned
141214,2166,unassigned
141215,2166,unassigned
141216,2166,unassigned
141217,2166,unassigned
141218,2166,unassigned
141219,2166,unassigned
141220,2166,unassigned
141221,2166,unassigned
141222,2166,unassigned
141223,2166,unassigned
141224,2166,unassigned
141225,2166,unassigned
141226,2173,Excitatory_Neuron
141227,2166,unassigned
141228,2166,unassigned
141229,2166,unassigned
141230,2166,unassigned
141231,2176,Immune
141232,2166,unassigned
141233,2166,unassigned
141234,2166,unassigned
141235,2166,unassigned
141236,2166,unassigned
141237,2166,unassigned
141238,2166,unassigned
141239,2166,unassigned
141240,2166,unassigned
141241,2166,unassigned
141242,2166,unassigned
141243,2166,unassigned
141244,2166,unassigned
141245,2166,unassigned
141246,2166,unassigned
141247,2166,unassigned
141248,2166,unassigned
141249,2166,unassigned
141250,2166,unassigned
141251,2166,unassigned
141252,2166,unassigned
141253,2166,unassigned
141254,2176,Immune
141255,2166,unassigned
141256,2166,unassigned
141257,2166,unassigned
141258,2166,unassigned
141259,2166,unassigned
141260,2166,unassigned
141261,2216,unassigned
141262,2166,unassigned
141263,2166,unassigned
141264,2166,unassigned
141265,2166,unassigned
141266,2166,unassigned
141267,2166,unassigned
141268,2166,unassigned
141269,2213,unassigned
141270,2166,unassigned
141271,2166,unassigned
141272,2198,GABA_Neuron
141273,2166,unassigned
141274,2188,Excitatory_Neuron
141275,2188,Excitatory_Neuron
141276,2166,unassigned
141277,2198,GABA_Neuron
141278,2166,unassigned
141279,2166,unassigned
141280,2166,unassigned
141281,2166,unassigned
141282,2166,unassigned
141283,2166,unassigned
141284,2166,unassigned
141285,2166,unassigned
141286,2166,unassigned
141287,2166,unassigned
141288,2166,unassigned
141289,2166,unassigned
141290,2166,unassigned
141291,2166,unassigned
141292,2166,unassigned
141293,2166,unassigned
141294,2166,unassigned
141295,2166,unassigned
141296,2166,unassigned
141297,2166,unassigned
141298,2166,unassigned
141299,2166,unassigned
141300,2173,Excitatory_Neuron
141301,2166,unassigned
141302,2166,unassigned
141303,2166,unassigned
141304,2166,unassigned
141305,2166,unassigned
141306,2166,unassigned
141307,2212,unassigned
141308,2166,unassigned
141309,2205,unassigned
141310,2166,unassigned
141311,2166,unassigned
141312,2166,unassigned
141313,2198,GABA_Neuron
141314,2166,unassigned
141315,2188,Excitatory_Neuron
141316,2166,unassigned
141317,2166,unassigned
141318,2166,unassigned
141319,2166,unassigned
141320,2166,unassigned
141321,2166,unassigned
141322,2166,unassigned
141323,2166,unassigned
141324,2166,unassigned
141325,2166,unassigned
141326,2166,unassigned
141327,2211,unassigned
141328,2166,unassigned
141329,2166,unassigned
141330,2166,unassigned
141331,2166,unassigned
141332,2166,unassigned
141333,2166,unassigned
141334,2166,unassigned
141335,2166,unassigned
141336,2166,unassigned
141337,2166,unassigned
141338,2166,unassigned
141339,2166,unassigned
141340,2166,unassigned
141341,2173,Excitatory_Neuron
141342,2166,unassigned
141343,2196,unassigned
141344,2166,unassigned
141345,2166,unassigned
141346,2166,unassigned
141347,2166,unassigned
141348,2168,Excitatory_Neuron
141349,2166,unassigned
141350,2208,unassigned
141351,2217,Immune
141352,2217,Immune
141353,2218,Excitatory_Neuron
141354,2218,Excitatory_Neuron
141355,2219,unassigned
141356,2220,Immune
141357,2217,Immune
141358,2217,Immune
141359,2220,Immune
141360,2218,Excitatory_Neuron
141361,2221,unassigned
141362,2222,Immune
141363,2222,Immune
141364,2217,Immune
141365,2220,Immune
141366,2217,Immune
141367,2217,Immune
141368,2220,Immune
141369,2217,Immune
141370,2220,Immune
141371,2218,Excitatory_Neuron
141372,2217,Immune
141373,2218,Excitatory_Neuron
141374,2223,unassigned
141375,2217,Immune
141376,2220,Immune
141377,2217,Immune
141378,2218,Excitatory_Neuron
141379,2218,Excitatory_Neuron
141380,2218,Excitatory_Neuron
141381,2220,Immune
141382,2217,Immune
141383,2219,unassigned
141384,2220,Immune
141385,2222,Immune
141386,2222,Immune
141387,2223,unassigned
141388,2220,Immune
141389,2218,Excitatory_Neuron
141390,2217,Immune
141391,2217,Immune
141392,2218,Excitatory_Neuron
141393,2219,unassigned
141394,2217,Immune
141395,2218,Excitatory_Neuron
141396,2218,Excitatory_Neuron
141397,2224,unassigned
141398,2220,Immune
141399,2220,Immune
141400,2222,Immune
141401,2222,Immune
141402,2219,unassigned
141403,2219,unassigned
141404,2219,unassigned
141405,2224,unassigned
141406,2225,unassigned
141407,2217,Immune
141408,2222,Immune
141409,2222,Immune
141410,2218,Excitatory_Neuron
141411,2217,Immune
141412,2219,unassigned
141413,2220,Immune
141414,2222,Immune
141415,2220,Immune
141416,2217,Immune
141417,2219,unassigned
141418,2219,unassigned
141419,2220,Immune
141420,2226,Immune
141421,2217,Immune
141422,2217,Immune
141423,2223,unassigned
141424,2222,Immune
141425,2218,Excitatory_Neuron
141426,2217,Immune
141427,2220,Immune
141428,2220,Immune
141429,2217,Immune
141430,2220,Immune
141431,2217,Immune
141432,2222,Immune
141433,2220,Immune
141434,2217,Immune
141435,2222,Immune
141436,2218,Excitatory_Neuron
141437,2220,Immune
141438,2217,Immune
141439,2218,Excitatory_Neuron
141440,2218,Excitatory_Neuron
141441,2218,Excitatory_Neuron
141442,2218,Excitatory_Neuron
141443,2219,unassigned
141444,2217,Immune
141445,2222,Immune
141446,2220,Immune
141447,2217,Immune
141448,2219,unassigned
141449,2217,Immune
141450,2217,Immune
141451,2227,unassigned
141452,2218,Excitatory_Neuron
141453,2217,Immune
141454,2220,Immune
141455,2217,Immune
141456,2217,Immune
141457,2228,unassigned
141458,2217,Immune
141459,2228,unassigned
141460,2218,Excitatory_Neuron
141461,2217,Immune
141462,2228,unassigned
141463,2217,Immune
141464,2217,Immune
141465,2218,Excitatory_Neuron
141466,2217,Immune
141467,2229,unassigned
141468,2218,Excitatory_Neuron
141469,2218,Excitatory_Neuron
141470,2224,unassigned
141471,2217,Immune
141472,2226,Immune
141473,2217,Immune
141474,2219,unassigned
141475,2217,Immune
141476,2222,Immune
141477,2217,Immune
141478,2217,Immune
141479,2218,Excitatory_Neuron
141480,2217,Immune
141481,2222,Immune
141482,2218,Excitatory_Neuron
141483,2217,Immune
141484,2217,Immune
141485,2219,unassigned
141486,2217,Immune
141487,2224,unassigned
141488,2217,Immune
141489,2220,Immune
141490,2222,Immune
141491,2218,Excitatory_Neuron
141492,2222,Immune
141493,2226,Immune
141494,2218,Excitatory_Neuron
141495,2218,Excitatory_Neuron
141496,2218,Excitatory_Neuron
141497,2218,Excitatory_Neuron
141498,2217,Immune
141499,2218,Excitatory_Neuron
141500,2218,Excitatory_Neuron
141501,2217,Immune
141502,2222,Immune
141503,2218,Excitatory_Neuron
141504,2218,Excitatory_Neuron
141505,2218,Excitatory_Neuron
141506,2217,Immune
141507,2217,Immune
141508,2217,Immune
141509,2230,Vascular
141510,2218,Excitatory_Neuron
141511,2218,Excitatory_Neuron
141512,2222,Immune
141513,2218,Excitatory_Neuron
141514,2218,Excitatory_Neuron
141515,2218,Excitatory_Neuron
141516,2222,Immune
141517,2220,Immune
141518,2220,Immune
141519,2217,Immune
141520,2218,Excitatory_Neuron
141521,2217,Immune
141522,2217,Immune
141523,2222,Immune
141524,2223,unassigned
141525,2217,Immune
141526,2218,Excitatory_Neuron
141527,2218,Excitatory_Neuron
141528,2217,Immune
141529,2220,Immune
141530,2222,Immune
141531,2222,Immune
141532,2218,Excitatory_Neuron
141533,2222,Immune
141534,2218,Excitatory_Neuron
141535,2218,Excitatory_Neuron
141536,2222,Immune
141537,2222,Immune
141538,2220,Immune
141539,2220,Immune
141540,2223,unassigned
141541,2217,Immune
141542,2217,Immune
141543,2222,Immune
141544,2220,Immune
141545,2222,Immune
141546,2220,Immune
141547,2227,unassigned
141548,2217,Immune
141549,2222,Immune
141550,2220,Immune
141551,2220,Immune
141552,2222,Immune
141553,2220,Immune
141554,2226,Immune
141555,2231,Vascular
141556,2232,Astro-Epen
141557,2230,Vascular
141558,2220,Immune
141559,2228,unassigned
141560,2218,Excitatory_Neuron
141561,2231,Vascular
141562,2217,Immune
141563,2220,Immune
141564,2220,Immune
141565,2222,Immune
141566,2231,Vascular
141567,2222,Immune
141568,2231,Vascular
141569,2232,Astro-Epen
141570,2217,Immune
141571,2220,Immune
141572,2217,Immune
141573,2222,Immune
141574,2227,unassigned
141575,2217,Immune
141576,2217,Immune
141577,2228,unassigned
141578,2217,Immune
141579,2217,Immune
141580,2228,unassigned
141581,2222,Immune
141582,2218,Excitatory_Neuron
141583,2218,Excitatory_Neuron
141584,2228,unassigned
141585,2222,Immune
141586,2217,Immune
141587,2220,Immune
141588,2222,Immune
141589,2222,Immune
141590,2218,Excitatory_Neuron
141591,2217,Immune
141592,2218,Excitatory_Neuron
141593,2222,Immune
141594,2224,unassigned
141595,2220,Immune
141596,2232,Astro-Epen
141597,2233,unassigned
141598,2218,Excitatory_Neuron
141599,2217,Immune
141600,2232,Astro-Epen
141601,2220,Immune
141602,2222,Immune
141603,2217,Immune
141604,2217,Immune
141605,2217,Immune
141606,2222,Immune
141607,2222,Immune
141608,2217,Immune
141609,2222,Immune
141610,2232,Astro-Epen
141611,2220,Immune
141612,2222,Immune
141613,2218,Excitatory_Neuron
141614,2217,Immune
141615,2222,Immune
141616,2222,Immune
141617,2217,Immune
141618,2222,Immune
141619,2232,Astro-Epen
141620,2217,Immune
141621,2217,Immune
141622,2231,Vascular
141623,2230,Vascular
141624,2218,Excitatory_Neuron
141625,2222,Immune
141626,2222,Immune
141627,2232,Astro-Epen
141628,2217,Immune
141629,2217,Immune
141630,2218,Excitatory_Neuron
141631,2218,Excitatory_Neuron
141632,2230,Vascular
141633,2230,Vascular
141634,2220,Immune
141635,2222,Immune
141636,2220,Immune
141637,2220,Immune
141638,2217,Immune
141639,2217,Immune
141640,2220,Immune
141641,2217,Immune
141642,2217,Immune
141643,2217,Immune
141644,2217,Immune
141645,2217,Immune
141646,2220,Immune
141647,2217,Immune
141648,2222,Immune
141649,2220,Immune
141650,2217,Immune
141651,2217,Immune
141652,2217,Immune
141653,2222,Immune
141654,2222,Immune
141655,2220,Immune
141656,2217,Immune
141657,2217,Immune
141658,2232,Astro-Epen
141659,2217,Immune
141660,2217,Immune
141661,2222,Immune
141662,2234,unassigned
141663,2217,Immune
141664,2217,Immune
141665,2217,Immune
141666,2222,Immune
141667,2235,unassigned
141668,2217,Immune
141669,2218,Excitatory_Neuron
141670,2220,Immune
141671,2220,Immune
141672,2217,Immune
141673,2217,Immune
141674,2220,Immune
141675,2217,Immune
141676,2222,Immune
141677,2222,Immune
141678,2222,Immune
141679,2222,Immune
141680,2217,Immune
141681,2222,Immune
141682,2220,Immune
141683,2218,Excitatory_Neuron
141684,2217,Immune
141685,2232,Astro-Epen
141686,2222,Immune
141687,2217,Immune
141688,2218,Excitatory_Neuron
141689,2232,Astro-Epen
141690,2222,Immune
141691,2220,Immune
141692,2222,Immune
141693,2217,Immune
141694,2217,Immune
141695,2217,Immune
141696,2217,Immune
141697,2222,Immune
141698,2232,Astro-Epen
141699,2232,Astro-Epen
141700,2220,Immune
141701,2222,Immune
141702,2218,Excitatory_Neuron
141703,2217,Immune
141704,2217,Immune
141705,2220,Immune
141706,2217,Immune
141707,2217,Immune
141708,2217,Immune
141709,2217,Immune
141710,2236,unassigned
141711,2236,unassigned
141712,2217,Immune
141713,2217,Immune
141714,2222,Immune
141715,2232,Astro-Epen
141716,2220,Immune
141717,2222,Immune
141718,2237,unassigned
141719,2222,Immune
141720,2220,Immune
141721,2217,Immune
141722,2230,Vascular
141723,2217,Immune
141724,2217,Immune
141725,2220,Immune
141726,2222,Immune
141727,2217,Immune
141728,2237,unassigned
141729,2222,Immune
141730,2236,unassigned
141731,2222,Immune
141732,2238,unassigned
141733,2232,Astro-Epen
141734,2217,Immune
141735,2217,Immune
141736,2218,Excitatory_Neuron
141737,2222,Immune
141738,2222,Immune
141739,2217,Immune
141740,2222,Immune
141741,2238,unassigned
141742,2222,Immune
141743,2217,Immune
141744,2222,Immune
141745,2222,Immune
141746,2218,Excitatory_Neuron
141747,2222,Immune
141748,2222,Immune
141749,2222,Immune
141750,2222,Immune
141751,2218,Excitatory_Neuron
141752,2232,Astro-Epen
141753,2232,Astro-Epen
141754,2217,Immune
141755,2217,Immune
141756,2232,Astro-Epen
141757,2222,Immune
141758,2222,Immune
141759,2220,Immune
141760,2222,Immune
141761,2230,Vascular
141762,2222,Immune
141763,2230,Vascular
141764,2217,Immune
141765,2217,Immune
141766,2217,Immune
141767,2218,Excitatory_Neuron
141768,2222,Immune
141769,2222,Immune
141770,2222,Immune
141771,2230,Vascular
141772,2217,Immune
141773,2217,Immune
141774,2217,Immune
141775,2230,Vascular
141776,2220,Immune
141777,2217,Immune
141778,2222,Immune
141779,2218,Excitatory_Neuron
141780,2218,Excitatory_Neuron
141781,2232,Astro-Epen
141782,2219,unassigned
141783,2232,Astro-Epen
141784,2222,Immune
141785,2232,Astro-Epen
141786,2217,Immune
141787,2220,Immune
141788,2220,Immune
141789,2217,Immune
141790,2217,Immune
141791,2222,Immune
141792,2232,Astro-Epen
141793,2218,Excitatory_Neuron
141794,2217,Immune
141795,2217,Immune
141796,2232,Astro-Epen
141797,2220,Immune
141798,2217,Immune
141799,2218,Excitatory_Neuron
141800,2217,Immune
141801,2222,Immune
141802,2218,Excitatory_Neuron
141803,2220,Immune
141804,2232,Astro-Epen
141805,2230,Vascular
141806,2220,Immune
141807,2222,Immune
141808,2239,unassigned
141809,2217,Immune
141810,2222,Immune
141811,2232,Astro-Epen
141812,2220,Immune
141813,2222,Immune
141814,2217,Immune
141815,2217,Immune
141816,2217,Immune
141817,2230,Vascular
141818,2220,Immune
141819,2240,unassigned
141820,2220,Immune
141821,2220,Immune
141822,2218,Excitatory_Neuron
141823,2220,Immune
141824,2222,Immune
141825,2217,Immune
141826,2217,Immune
141827,2217,Immune
141828,2222,Immune
141829,2217,Immune
141830,2222,Immune
141831,2220,Immune
141832,2222,Immune
141833,2222,Immune
141834,2220,Immune
141835,2222,Immune
141836,2217,Immune
141837,2232,Astro-Epen
141838,2217,Immune
141839,2219,unassigned
141840,2217,Immune
141841,2218,Excitatory_Neuron
141842,2239,unassigned
141843,2222,Immune
141844,2222,Immune
141845,2218,Excitatory_Neuron
141846,2222,Immune
141847,2218,Excitatory_Neuron
141848,2222,Immune
141849,2232,Astro-Epen
141850,2222,Immune
141851,2218,Excitatory_Neuron
141852,2219,unassigned
141853,2222,Immune
141854,2218,Excitatory_Neuron
141855,2219,unassigned
141856,2222,Immune
141857,2232,Astro-Epen
141858,2219,unassigned
141859,2217,Immune
141860,2218,Excitatory_Neuron
141861,2219,unassigned
141862,2222,Immune
141863,2217,Immune
141864,2217,Immune
141865,2218,Excitatory_Neuron
141866,2220,Immune
141867,2222,Immune
141868,2222,Immune
141869,2222,Immune
141870,2241,unassigned
141871,2222,Immune
141872,2220,Immune
141873,2218,Excitatory_Neuron
141874,2218,Excitatory_Neuron
141875,2242,unassigned
141876,2219,unassigned
141877,2232,Astro-Epen
141878,2217,Immune
141879,2232,Astro-Epen
141880,2217,Immune
141881,2220,Immune
141882,2219,unassigned
141883,2217,Immune
141884,2222,Immune
141885,2217,Immune
141886,2219,unassigned
141887,2219,unassigned
141888,2219,unassigned
141889,2217,Immune
141890,2219,unassigned
141891,2219,unassigned
141892,2220,Immune
141893,2222,Immune
141894,2219,unassigned
141895,2220,Immune
141896,2217,Immune
141897,2220,Immune
141898,2219,unassigned
141899,2217,Immune
141900,2222,Immune
141901,2217,Immune
141902,2217,Immune
141903,2217,Immune
141904,2222,Immune
141905,2218,Excitatory_Neuron
141906,2219,unassigned
141907,2217,Immune
141908,2222,Immune
141909,2222,Immune
141910,2219,unassigned
141911,2222,Immune
141912,2222,Immune
141913,2222,Immune
141914,2217,Immune
141915,2222,Immune
141916,2218,Excitatory_Neuron
141917,2222,Immune
141918,2219,unassigned
141919,2219,unassigned
141920,2217,Immune
141921,2217,Immune
141922,2217,Immune
141923,2219,unassigned
141924,2217,Immune
141925,2217,Immune
141926,2222,Immune
141927,2222,Immune
141928,2219,unassigned
141929,2222,Immune
141930,2217,Immune
141931,2220,Immune
141932,2220,Immune
141933,2217,Immune
141934,2217,Immune
141935,2217,Immune
141936,2219,unassigned
141937,2243,unassigned
141938,2244,unassigned
141939,2245,Astro-Epen
141940,2243,unassigned
141941,2246,Astro-Epen
141942,2243,unassigned
141943,2247,unassigned
141944,2243,unassigned
141945,2248,Astro-Epen
141946,2243,unassigned
141947,2243,unassigned
141948,2245,Astro-Epen
141949,2249,Astro-Epen
141950,2250,Astro-Epen
141951,2251,GABA_Neuron
141952,2246,Astro-Epen
141953,2246,Astro-Epen
141954,2245,Astro-Epen
141955,2252,Vascular
141956,2243,unassigned
141957,2253,unassigned
141958,2249,Astro-Epen
141959,2252,Vascular
141960,2252,Vascular
141961,2243,unassigned
141962,2254,unassigned
141963,2243,unassigned
141964,2245,Astro-Epen
141965,2252,Vascular
141966,2252,Vascular
141967,2248,Astro-Epen
141968,2243,unassigned
141969,2249,Astro-Epen
141970,2252,Vascular
141971,2243,unassigned
141972,2253,unassigned
141973,2248,Astro-Epen
141974,2248,Astro-Epen
141975,2254,unassigned
141976,2249,Astro-Epen
141977,2252,Vascular
141978,2248,Astro-Epen
141979,2253,unassigned
141980,2250,Astro-Epen
141981,2245,Astro-Epen
141982,2249,Astro-Epen
141983,2252,Vascular
141984,2254,unassigned
141985,2252,Vascular
141986,2246,Astro-Epen
141987,2247,unassigned
141988,2252,Vascular
141989,2255,unassigned
141990,2243,unassigned
141991,2248,Astro-Epen
141992,2249,Astro-Epen
141993,2249,Astro-Epen
141994,2248,Astro-Epen
141995,2254,unassigned
141996,2245,Astro-Epen
141997,2249,Astro-Epen
141998,2251,GABA_Neuron
141999,2250,Astro-Epen
142000,2252,Vascular
142001,2248,Astro-Epen
142002,2244,unassigned
142003,2243,unassigned
142004,2245,Astro-Epen
142005,2245,Astro-Epen
142006,2245,Astro-Epen
142007,2252,Vascular
142008,2250,Astro-Epen
142009,2254,unassigned
142010,2252,Vascular
142011,2243,unassigned
142012,2246,Astro-Epen
142013,2243,unassigned
142014,2243,unassigned
142015,2249,Astro-Epen
142016,2245,Astro-Epen
142017,2248,Astro-Epen
142018,2252,Vascular
142019,2243,unassigned
142020,2248,Astro-Epen
142021,2252,Vascular
142022,2243,unassigned
142023,2246,Astro-Epen
142024,2253,unassigned
142025,2248,Astro-Epen
142026,2256,unassigned
142027,2244,unassigned
142028,2243,unassigned
142029,2251,GABA_Neuron
142030,2252,Vascular
142031,2248,Astro-Epen
142032,2245,Astro-Epen
142033,2249,Astro-Epen
142034,2250,Astro-Epen
142035,2247,unassigned
142036,2246,Astro-Epen
142037,2248,Astro-Epen
142038,2248,Astro-Epen
142039,2246,Astro-Epen
142040,2248,Astro-Epen
142041,2246,Astro-Epen
142042,2248,Astro-Epen
142043,2243,unassigned
142044,2252,Vascular
142045,2243,unassigned
142046,2248,Astro-Epen
142047,2250,Astro-Epen
142048,2249,Astro-Epen
142049,2245,Astro-Epen
142050,2252,Vascular
142051,2252,Vascular
142052,2250,Astro-Epen
142053,2252,Vascular
142054,2243,unassigned
142055,2245,Astro-Epen
142056,2249,Astro-Epen
142057,2250,Astro-Epen
142058,2250,Astro-Epen
142059,2243,unassigned
142060,2253,unassigned
142061,2250,Astro-Epen
142062,2252,Vascular
142063,2246,Astro-Epen
142064,2246,Astro-Epen
142065,2248,Astro-Epen
142066,2249,Astro-Epen
142067,2246,Astro-Epen
142068,2248,Astro-Epen
142069,2243,unassigned
142070,2250,Astro-Epen
142071,2248,Astro-Epen
142072,2253,unassigned
142073,2248,Astro-Epen
142074,2244,unassigned
142075,2245,Astro-Epen
142076,2250,Astro-Epen
142077,2252,Vascular
142078,2246,Astro-Epen
142079,2248,Astro-Epen
142080,2243,unassigned
142081,2249,Astro-Epen
142082,2249,Astro-Epen
142083,2252,Vascular
142084,2246,Astro-Epen
142085,2248,Astro-Epen
142086,2253,unassigned
142087,2256,unassigned
142088,2245,Astro-Epen
142089,2246,Astro-Epen
142090,2243,unassigned
142091,2256,unassigned
142092,2248,Astro-Epen
142093,2243,unassigned
142094,2243,unassigned
142095,2245,Astro-Epen
142096,2252,Vascular
142097,2256,unassigned
142098,2249,Astro-Epen
142099,2250,Astro-Epen
142100,2251,GABA_Neuron
142101,2252,Vascular
142102,2255,unassigned
142103,2248,Astro-Epen
142104,2243,unassigned
142105,2252,Vascular
142106,2250,Astro-Epen
142107,2252,Vascular
142108,2248,Astro-Epen
142109,2249,Astro-Epen
142110,2246,Astro-Epen
142111,2248,Astro-Epen
142112,2256,unassigned
142113,2243,unassigned
142114,2245,Astro-Epen
142115,2257,Astro-Epen
142116,2246,Astro-Epen
142117,2246,Astro-Epen
142118,2243,unassigned
142119,2245,Astro-Epen
142120,2249,Astro-Epen
142121,2243,unassigned
142122,2246,Astro-Epen
142123,2256,unassigned
142124,2243,unassigned
142125,2243,unassigned
142126,2252,Vascular
142127,2246,Astro-Epen
142128,2248,Astro-Epen
142129,2256,unassigned
142130,2256,unassigned
142131,2248,Astro-Epen
142132,2243,unassigned
142133,2245,Astro-Epen
142134,2258,unassigned
142135,2243,unassigned
142136,2248,Astro-Epen
142137,2243,unassigned
142138,2252,Vascular
142139,2248,Astro-Epen
142140,2243,unassigned
142141,2249,Astro-Epen
142142,2251,GABA_Neuron
142143,2251,GABA_Neuron
142144,2243,unassigned
142145,2244,unassigned
142146,2249,Astro-Epen
142147,2249,Astro-Epen
142148,2252,Vascular
142149,2248,Astro-Epen
142150,2248,Astro-Epen
142151,2244,unassigned
142152,2249,Astro-Epen
142153,2252,Vascular
142154,2252,Vascular
142155,2246,Astro-Epen
142156,2243,unassigned
142157,2251,GABA_Neuron
142158,2251,GABA_Neuron
142159,2245,Astro-Epen
142160,2252,Vascular
142161,2252,Vascular
142162,2243,unassigned
142163,2243,unassigned
142164,2248,Astro-Epen
142165,2245,Astro-Epen
142166,2248,Astro-Epen
142167,2248,Astro-Epen
142168,2250,Astro-Epen
142169,2248,Astro-Epen
142170,2256,unassigned
142171,2252,Vascular
142172,2243,unassigned
142173,2243,unassigned
142174,2248,Astro-Epen
142175,2248,Astro-Epen
142176,2249,Astro-Epen
142177,2250,Astro-Epen
142178,2252,Vascular
142179,2252,Vascular
142180,2252,Vascular
142181,2252,Vascular
142182,2256,unassigned
142183,2256,unassigned
142184,2256,unassigned
142185,2244,unassigned
142186,2249,Astro-Epen
142187,2252,Vascular
142188,2256,unassigned
142189,2256,unassigned
142190,2248,Astro-Epen
142191,2256,unassigned
142192,2243,unassigned
142193,2249,Astro-Epen
142194,2252,Vascular
142195,2243,unassigned
142196,2252,Vascular
142197,2252,Vascular
142198,2252,Vascular
142199,2252,Vascular
142200,2250,Astro-Epen
142201,2252,Vascular
142202,2243,unassigned
142203,2251,GABA_Neuron
142204,2252,Vascular
142205,2243,unassigned
142206,2243,unassigned
142207,2248,Astro-Epen
142208,2246,Astro-Epen
142209,2248,Astro-Epen
142210,2248,Astro-Epen
142211,2243,unassigned
142212,2243,unassigned
142213,2251,GABA_Neuron
142214,2245,Astro-Epen
142215,2258,unassigned
142216,2243,unassigned
142217,2248,Astro-Epen
142218,2243,unassigned
142219,2243,unassigned
142220,2251,GABA_Neuron
142221,2252,Vascular
142222,2243,unassigned
142223,2245,Astro-Epen
142224,2249,Astro-Epen
142225,2245,Astro-Epen
142226,2250,Astro-Epen
142227,2259,unassigned
142228,2249,Astro-Epen
142229,2249,Astro-Epen
142230,2252,Vascular
142231,2258,unassigned
142232,2248,Astro-Epen
142233,2248,Astro-Epen
142234,2243,unassigned
142235,2249,Astro-Epen
142236,2243,unassigned
142237,2248,Astro-Epen
142238,2245,Astro-Epen
142239,2252,Vascular
142240,2252,Vascular
142241,2252,Vascular
142242,2243,unassigned
142243,2253,unassigned
142244,2248,Astro-Epen
142245,2252,Vascular
142246,2252,Vascular
142247,2246,Astro-Epen
142248,2243,unassigned
142249,2243,unassigned
142250,2248,Astro-Epen
142251,2248,Astro-Epen
142252,2248,Astro-Epen
142253,2256,unassigned
142254,2246,Astro-Epen
142255,2243,unassigned
142256,2243,unassigned
142257,2248,Astro-Epen
142258,2255,unassigned
142259,2246,Astro-Epen
142260,2243,unassigned
142261,2248,Astro-Epen
142262,2249,Astro-Epen
142263,2250,Astro-Epen
142264,2249,Astro-Epen
142265,2252,Vascular
142266,2245,Astro-Epen
142267,2243,unassigned
142268,2252,Vascular
142269,2246,Astro-Epen
142270,2248,Astro-Epen
142271,2252,Vascular
142272,2255,unassigned
142273,2243,unassigned
142274,2256,unassigned
142275,2249,Astro-Epen
142276,2251,GABA_Neuron
142277,2249,Astro-Epen
142278,2260,Astro-Epen
142279,2243,unassigned
142280,2261,unassigned
142281,2249,Astro-Epen
142282,2245,Astro-Epen
142283,2243,unassigned
142284,2246,Astro-Epen
142285,2256,unassigned
142286,2243,unassigned
142287,2252,Vascular
142288,2243,unassigned
142289,2243,unassigned
142290,2248,Astro-Epen
142291,2243,unassigned
142292,2249,Astro-Epen
142293,2252,Vascular
142294,2246,Astro-Epen
142295,2249,Astro-Epen
142296,2249,Astro-Epen
142297,2250,Astro-Epen
142298,2249,Astro-Epen
142299,2252,Vascular
142300,2262,Astro-Epen
142301,2258,unassigned
142302,2248,Astro-Epen
142303,2249,Astro-Epen
142304,2250,Astro-Epen
142305,2252,Vascular
142306,2253,unassigned
142307,2243,unassigned
142308,2256,unassigned
142309,2248,Astro-Epen
142310,2249,Astro-Epen
142311,2250,Astro-Epen
142312,2251,GABA_Neuron
142313,2249,Astro-Epen
142314,2246,Astro-Epen
142315,2263,unassigned
142316,2248,Astro-Epen
142317,2256,unassigned
142318,2250,Astro-Epen
142319,2252,Vascular
142320,2257,Astro-Epen
142321,2250,Astro-Epen
142322,2252,Vascular
142323,2243,unassigned
142324,2243,unassigned
142325,2264,unassigned
142326,2255,unassigned
142327,2248,Astro-Epen
142328,2265,unassigned
142329,2252,Vascular
142330,2244,unassigned
142331,2249,Astro-Epen
142332,2243,unassigned
142333,2249,Astro-Epen
142334,2252,Vascular
142335,2243,unassigned
142336,2243,unassigned
142337,2248,Astro-Epen
142338,2265,unassigned
142339,2260,Astro-Epen
142340,2245,Astro-Epen
142341,2252,Vascular
142342,2243,unassigned
142343,2243,unassigned
142344,2252,Vascular
142345,2252,Vascular
142346,2243,unassigned
142347,2249,Astro-Epen
142348,2250,Astro-Epen
142349,2243,unassigned
142350,2243,unassigned
142351,2243,unassigned
142352,2266,unassigned
142353,2249,Astro-Epen
142354,2246,Astro-Epen
142355,2265,unassigned
142356,2249,Astro-Epen
142357,2246,Astro-Epen
142358,2246,Astro-Epen
142359,2248,Astro-Epen
142360,2243,unassigned
142361,2266,unassigned
142362,2256,unassigned
142363,2249,Astro-Epen
142364,2248,Astro-Epen
142365,2248,Astro-Epen
142366,2256,unassigned
142367,2243,unassigned
142368,2243,unassigned
142369,2243,unassigned
142370,2248,Astro-Epen
142371,2252,Vascular
142372,2258,unassigned
142373,2248,Astro-Epen
142374,2249,Astro-Epen
142375,2243,unassigned
142376,2243,unassigned
142377,2248,Astro-Epen
142378,2265,unassigned
142379,2249,Astro-Epen
142380,2243,unassigned
142381,2249,Astro-Epen
142382,2252,Vascular
142383,2243,unassigned
142384,2243,unassigned
142385,2248,Astro-Epen
142386,2248,Astro-Epen
142387,2245,Astro-Epen
142388,2252,Vascular
142389,2252,Vascular
142390,2266,unassigned
142391,2243,unassigned
142392,2243,unassigned
142393,2249,Astro-Epen
142394,2252,Vascular
142395,2252,Vascular
142396,2246,Astro-Epen
142397,2258,unassigned
142398,2243,unassigned
142399,2243,unassigned
142400,2267,Immune
142401,2252,Vascular
142402,2249,Astro-Epen
142403,2252,Vascular
142404,2248,Astro-Epen
142405,2256,unassigned
142406,2249,Astro-Epen
142407,2252,Vascular
142408,2258,unassigned
142409,2249,Astro-Epen
142410,2250,Astro-Epen
142411,2249,Astro-Epen
142412,2252,Vascular
142413,2258,unassigned
142414,2248,Astro-Epen
142415,2249,Astro-Epen
142416,2252,Vascular
142417,2252,Vascular
142418,2243,unassigned
142419,2250,Astro-Epen
142420,2252,Vascular
142421,2262,Astro-Epen
142422,2248,Astro-Epen
142423,2243,unassigned
142424,2249,Astro-Epen
142425,2247,unassigned
142426,2246,Astro-Epen
142427,2248,Astro-Epen
142428,2248,Astro-Epen
142429,2249,Astro-Epen
142430,2252,Vascular
142431,2243,unassigned
142432,2246,Astro-Epen
142433,2248,Astro-Epen
142434,2265,unassigned
142435,2244,unassigned
142436,2249,Astro-Epen
142437,2249,Astro-Epen
142438,2252,Vascular
142439,2246,Astro-Epen
142440,2243,unassigned
142441,2245,Astro-Epen
142442,2250,Astro-Epen
142443,2249,Astro-Epen
142444,2248,Astro-Epen
142445,2258,unassigned
142446,2248,Astro-Epen
142447,2243,unassigned
142448,2249,Astro-Epen
142449,2243,unassigned
142450,2260,Astro-Epen
142451,2248,Astro-Epen
142452,2250,Astro-Epen
142453,2249,Astro-Epen
142454,2250,Astro-Epen
142455,2243,unassigned
142456,2248,Astro-Epen
142457,2251,GABA_Neuron
142458,2246,Astro-Epen
142459,2267,Immune
142460,2249,Astro-Epen
142461,2262,Astro-Epen
142462,2244,unassigned
142463,2249,Astro-Epen
142464,2246,Astro-Epen
142465,2246,Astro-Epen
142466,2268,unassigned
142467,2248,Astro-Epen
142468,2243,unassigned
142469,2248,Astro-Epen
142470,2249,Astro-Epen
142471,2249,Astro-Epen
142472,2248,Astro-Epen
142473,2262,Astro-Epen
142474,2248,Astro-Epen
142475,2265,unassigned
142476,2248,Astro-Epen
142477,2252,Vascular
142478,2248,Astro-Epen
142479,2245,Astro-Epen
142480,2246,Astro-Epen
142481,2262,Astro-Epen
142482,2248,Astro-Epen
142483,2248,Astro-Epen
142484,2249,Astro-Epen
142485,2250,Astro-Epen
142486,2252,Vascular
142487,2252,Vascular
142488,2243,unassigned
142489,2248,Astro-Epen
142490,2250,Astro-Epen
142491,2252,Vascular
142492,2255,unassigned
142493,2243,unassigned
142494,2246,Astro-Epen
142495,2268,unassigned
142496,2267,Immune
142497,2252,Vascular
142498,2268,unassigned
142499,2243,unassigned
142500,2249,Astro-Epen
142501,2252,Vascular
142502,2252,Vascular
142503,2258,unassigned
142504,2268,unassigned
142505,2262,Astro-Epen
142506,2265,unassigned
142507,2248,Astro-Epen
142508,2267,Immune
142509,2252,Vascular
142510,2245,Astro-Epen
142511,2243,unassigned
142512,2245,Astro-Epen
142513,2252,Vascular
142514,2252,Vascular
142515,2252,Vascular
142516,2246,Astro-Epen
142517,2269,Astro-Epen
142518,2269,Astro-Epen
142519,2252,Vascular
142520,2252,Vascular
142521,2246,Astro-Epen
142522,2269,Astro-Epen
142523,2262,Astro-Epen
142524,2265,unassigned
142525,2257,Astro-Epen
142526,2245,Astro-Epen
142527,2250,Astro-Epen
142528,2248,Astro-Epen
142529,2248,Astro-Epen
142530,2250,Astro-Epen
142531,2249,Astro-Epen
142532,2249,Astro-Epen
142533,2252,Vascular
142534,2245,Astro-Epen
142535,2262,Astro-Epen
142536,2248,Astro-Epen
142537,2252,Vascular
142538,2252,Vascular
142539,2252,Vascular
142540,2267,Immune
142541,2248,Astro-Epen
142542,2243,unassigned
142543,2267,Immune
142544,2245,Astro-Epen
142545,2250,Astro-Epen
142546,2245,Astro-Epen
142547,2250,Astro-Epen
142548,2270,unassigned
142549,2243,unassigned
142550,2267,Immune
142551,2252,Vascular
142552,2248,Astro-Epen
142553,2248,Astro-Epen
142554,2248,Astro-Epen
142555,2248,Astro-Epen
142556,2250,Astro-Epen
142557,2252,Vascular
142558,2262,Astro-Epen
142559,2248,Astro-Epen
142560,2248,Astro-Epen
142561,2257,Astro-Epen
142562,2252,Vascular
142563,2243,unassigned
142564,2248,Astro-Epen
142565,2249,Astro-Epen
142566,2250,Astro-Epen
142567,2250,Astro-Epen
142568,2252,Vascular
142569,2248,Astro-Epen
142570,2243,unassigned
142571,2267,Immune
142572,2267,Immune
142573,2249,Astro-Epen
142574,2252,Vascular
142575,2267,Immune
142576,2249,Astro-Epen
142577,2249,Astro-Epen
142578,2252,Vascular
142579,2268,unassigned
142580,2248,Astro-Epen
142581,2248,Astro-Epen
142582,2248,Astro-Epen
142583,2249,Astro-Epen
142584,2249,Astro-Epen
142585,2245,Astro-Epen
142586,2269,Astro-Epen
142587,2257,Astro-Epen
142588,2249,Astro-Epen
142589,2252,Vascular
142590,2250,Astro-Epen
142591,2252,Vascular
142592,2269,Astro-Epen
142593,2248,Astro-Epen
142594,2244,unassigned
142595,2249,Astro-Epen
142596,2245,Astro-Epen
142597,2249,Astro-Epen
142598,2243,unassigned
142599,2252,Vascular
142600,2252,Vascular
142601,2250,Astro-Epen
142602,2270,unassigned
142603,2244,unassigned
142604,2250,Astro-Epen
142605,2252,Vascular
142606,2243,unassigned
142607,2248,Astro-Epen
142608,2267,Immune
142609,2249,Astro-Epen
142610,2252,Vascular
142611,2260,Astro-Epen
142612,2246,Astro-Epen
142613,2269,Astro-Epen
142614,2269,Astro-Epen
142615,2248,Astro-Epen
142616,2249,Astro-Epen
142617,2252,Vascular
142618,2252,Vascular
142619,2246,Astro-Epen
142620,2248,Astro-Epen
142621,2244,unassigned
142622,2249,Astro-Epen
142623,2270,unassigned
142624,2243,unassigned
142625,2262,Astro-Epen
142626,2262,Astro-Epen
142627,2246,Astro-Epen
142628,2248,Astro-Epen
142629,2248,Astro-Epen
142630,2267,Immune
142631,2249,Astro-Epen
142632,2260,Astro-Epen
142633,2252,Vascular
142634,2246,Astro-Epen
142635,2267,Immune
142636,2249,Astro-Epen
142637,2250,Astro-Epen
142638,2250,Astro-Epen
142639,2252,Vascular
142640,2252,Vascular
142641,2246,Astro-Epen
142642,2262,Astro-Epen
142643,2243,unassigned
142644,2243,unassigned
142645,2262,Astro-Epen
142646,2248,Astro-Epen
142647,2267,Immune
142648,2252,Vascular
142649,2252,Vascular
142650,2252,Vascular
142651,2268,unassigned
142652,2269,Astro-Epen
142653,2245,Astro-Epen
142654,2249,Astro-Epen
142655,2249,Astro-Epen
142656,2258,unassigned
142657,2248,Astro-Epen
142658,2249,Astro-Epen
142659,2252,Vascular
142660,2258,unassigned
142661,2269,Astro-Epen
142662,2269,Astro-Epen
142663,2252,Vascular
142664,2252,Vascular
142665,2243,unassigned
142666,2243,unassigned
142667,2248,Astro-Epen
142668,2260,Astro-Epen
142669,2249,Astro-Epen
142670,2262,Astro-Epen
142671,2269,Astro-Epen
142672,2250,Astro-Epen
142673,2246,Astro-Epen
142674,2246,Astro-Epen
142675,2243,unassigned
142676,2268,unassigned
142677,2249,Astro-Epen
142678,2252,Vascular
142679,2270,unassigned
142680,2268,unassigned
142681,2248,Astro-Epen
142682,2267,Immune
142683,2252,Vascular
142684,2269,Astro-Epen
142685,2248,Astro-Epen
142686,2262,Astro-Epen
142687,2243,unassigned
142688,2269,Astro-Epen
142689,2267,Immune
142690,2267,Immune
142691,2249,Astro-Epen
142692,2260,Astro-Epen
142693,2243,unassigned
142694,2243,unassigned
142695,2243,unassigned
142696,2246,Astro-Epen
142697,2269,Astro-Epen
142698,2243,unassigned
142699,2248,Astro-Epen
142700,2267,Immune
142701,2243,unassigned
142702,2246,Astro-Epen
142703,2243,unassigned
142704,2269,Astro-Epen
142705,2262,Astro-Epen
142706,2262,Astro-Epen
142707,2269,Astro-Epen
142708,2248,Astro-Epen
142709,2244,unassigned
142710,2262,Astro-Epen
142711,2243,unassigned
142712,2248,Astro-Epen
142713,2262,Astro-Epen
142714,2243,unassigned
142715,2246,Astro-Epen
142716,2244,unassigned
142717,2271,unassigned
142718,2249,Astro-Epen
142719,2250,Astro-Epen
142720,2257,Astro-Epen
142721,2245,Astro-Epen
142722,2252,Vascular
142723,2252,Vascular
142724,2248,Astro-Epen
142725,2249,Astro-Epen
142726,2260,Astro-Epen
142727,2260,Astro-Epen
142728,2262,Astro-Epen
142729,2246,Astro-Epen
142730,2248,Astro-Epen
142731,2250,Astro-Epen
142732,2243,unassigned
142733,2269,Astro-Epen
142734,2246,Astro-Epen
142735,2269,Astro-Epen
142736,2252,Vascular
142737,2248,Astro-Epen
142738,2249,Astro-Epen
142739,2257,Astro-Epen
142740,2268,unassigned
142741,2248,Astro-Epen
142742,2248,Astro-Epen
142743,2248,Astro-Epen
142744,2244,unassigned
142745,2244,unassigned
142746,2249,Astro-Epen
142747,2250,Astro-Epen
142748,2248,Astro-Epen
142749,2257,Astro-Epen
142750,2250,Astro-Epen
142751,2269,Astro-Epen
142752,2248,Astro-Epen
142753,2248,Astro-Epen
142754,2257,Astro-Epen
142755,2249,Astro-Epen
142756,2249,Astro-Epen
142757,2246,Astro-Epen
142758,2244,unassigned
142759,2249,Astro-Epen
142760,2252,Vascular
142761,2257,Astro-Epen
142762,2260,Astro-Epen
142763,2257,Astro-Epen
142764,2249,Astro-Epen
142765,2252,Vascular
142766,2246,Astro-Epen
142767,2249,Astro-Epen
142768,2257,Astro-Epen
142769,2260,Astro-Epen
142770,2260,Astro-Epen
142771,2269,Astro-Epen
142772,2248,Astro-Epen
142773,2260,Astro-Epen
142774,2262,Astro-Epen
142775,2269,Astro-Epen
142776,2269,Astro-Epen
142777,2257,Astro-Epen
142778,2249,Astro-Epen
142779,2252,Vascular
142780,2248,Astro-Epen
142781,2271,unassigned
142782,2272,unassigned
142783,2252,Vascular
142784,2269,Astro-Epen
142785,2248,Astro-Epen
142786,2271,unassigned
142787,2249,Astro-Epen
142788,2260,Astro-Epen
142789,2243,unassigned
142790,2269,Astro-Epen
142791,2252,Vascular
142792,2248,Astro-Epen
142793,2271,unassigned
142794,2252,Vascular
142795,2246,Astro-Epen
142796,2248,Astro-Epen
142797,2249,Astro-Epen
142798,2260,Astro-Epen
142799,2252,Vascular
142800,2243,unassigned
142801,2262,Astro-Epen
142802,2269,Astro-Epen
142803,2248,Astro-Epen
142804,2267,Immune
142805,2252,Vascular
142806,2243,unassigned
142807,2243,unassigned
142808,2250,Astro-Epen
142809,2243,unassigned
142810,2269,Astro-Epen
142811,2269,Astro-Epen
142812,2248,Astro-Epen
142813,2267,Immune
142814,2272,unassigned
142815,2260,Astro-Epen
142816,2246,Astro-Epen
142817,2248,Astro-Epen
142818,2269,Astro-Epen
142819,2267,Immune
142820,2271,unassigned
142821,2260,Astro-Epen
142822,2249,Astro-Epen
142823,2250,Astro-Epen
142824,2252,Vascular
142825,2252,Vascular
142826,2262,Astro-Epen
142827,2273,unassigned
142828,2252,Vascular
142829,2246,Astro-Epen
142830,2246,Astro-Epen
142831,2246,Astro-Epen
142832,2269,Astro-Epen
142833,2269,Astro-Epen
142834,2274,unassigned
142835,2271,unassigned
142836,2244,unassigned
142837,2275,unassigned
142838,2269,Astro-Epen
142839,2248,Astro-Epen
142840,2275,unassigned
142841,2252,Vascular
142842,2246,Astro-Epen
142843,2252,Vascular
142844,2246,Astro-Epen
142845,2262,Astro-Epen
142846,2269,Astro-Epen
142847,2267,Immune
142848,2271,unassigned
142849,2267,Immune
142850,2248,Astro-Epen
142851,2252,Vascular
142852,2267,Immune
142853,2243,unassigned
142854,2273,unassigned
142855,2252,Vascular
142856,2243,unassigned
142857,2269,Astro-Epen
142858,2268,unassigned
142859,2260,Astro-Epen
142860,2272,unassigned
142861,2252,Vascular
142862,2260,Astro-Epen
142863,2246,Astro-Epen
142864,2246,Astro-Epen
142865,2274,unassigned
142866,2269,Astro-Epen
142867,2271,unassigned
142868,2243,unassigned
142869,2248,Astro-Epen
142870,2271,unassigned
142871,2267,Immune
142872,2244,unassigned
142873,2267,Immune
142874,2249,Astro-Epen
142875,2252,Vascular
142876,2252,Vascular
142877,2246,Astro-Epen
142878,2246,Astro-Epen
142879,2248,Astro-Epen
142880,2267,Immune
142881,2249,Astro-Epen
142882,2252,Vascular
142883,2272,unassigned
142884,2260,Astro-Epen
142885,2260,Astro-Epen
142886,2246,Astro-Epen
142887,2269,Astro-Epen
142888,2269,Astro-Epen
142889,2249,Astro-Epen
142890,2249,Astro-Epen
142891,2243,unassigned
142892,2262,Astro-Epen
142893,2243,unassigned
142894,2269,Astro-Epen
142895,2248,Astro-Epen
142896,2248,Astro-Epen
142897,2249,Astro-Epen
142898,2249,Astro-Epen
142899,2252,Vascular
142900,2250,Astro-Epen
142901,2269,Astro-Epen
142902,2269,Astro-Epen
142903,2248,Astro-Epen
142904,2276,unassigned
142905,2246,Astro-Epen
142906,2267,Immune
142907,2249,Astro-Epen
142908,2243,unassigned
142909,2268,unassigned
142910,2248,Astro-Epen
142911,2243,unassigned
142912,2252,Vascular
142913,2243,unassigned
142914,2246,Astro-Epen
142915,2246,Astro-Epen
142916,2269,Astro-Epen
142917,2249,Astro-Epen
142918,2269,Astro-Epen
142919,2246,Astro-Epen
142920,2246,Astro-Epen
142921,2269,Astro-Epen
142922,2248,Astro-Epen
142923,2267,Immune
142924,2249,Astro-Epen
142925,2249,Astro-Epen
142926,2250,Astro-Epen
142927,2243,unassigned
142928,2262,Astro-Epen
142929,2252,Vascular
142930,2269,Astro-Epen
142931,2269,Astro-Epen
142932,2248,Astro-Epen
142933,2248,Astro-Epen
142934,2248,Astro-Epen
142935,2267,Immune
142936,2249,Astro-Epen
142937,2252,Vascular
142938,2276,unassigned
142939,2250,Astro-Epen
142940,2276,unassigned
142941,2269,Astro-Epen
142942,2246,Astro-Epen
142943,2269,Astro-Epen
142944,2248,Astro-Epen
142945,2277,unassigned
142946,2243,unassigned
142947,2243,unassigned
142948,2246,Astro-Epen
142949,2246,Astro-Epen
142950,2267,Immune
142951,2250,Astro-Epen
142952,2243,unassigned
142953,2246,Astro-Epen
142954,2243,unassigned
142955,2248,Astro-Epen
142956,2248,Astro-Epen
142957,2250,Astro-Epen
142958,2246,Astro-Epen
142959,2248,Astro-Epen
142960,2269,Astro-Epen
142961,2267,Immune
142962,2248,Astro-Epen
142963,2243,unassigned
142964,2243,unassigned
142965,2276,unassigned
142966,2246,Astro-Epen
142967,2243,unassigned
142968,2267,Immune
142969,2249,Astro-Epen
142970,2249,Astro-Epen
142971,2257,Astro-Epen
142972,2272,unassigned
142973,2243,unassigned
142974,2262,Astro-Epen
142975,2269,Astro-Epen
142976,2248,Astro-Epen
142977,2243,unassigned
142978,2246,Astro-Epen
142979,2267,Immune
142980,2276,unassigned
142981,2243,unassigned
142982,2269,Astro-Epen
142983,2243,unassigned
142984,2268,unassigned
142985,2269,Astro-Epen
142986,2243,unassigned
142987,2243,unassigned
142988,2268,unassigned
142989,2257,Astro-Epen
142990,2276,unassigned
142991,2243,unassigned
142992,2249,Astro-Epen
142993,2249,Astro-Epen
142994,2245,Astro-Epen
142995,2269,Astro-Epen
142996,2262,Astro-Epen
142997,2269,Astro-Epen
142998,2248,Astro-Epen
142999,2249,Astro-Epen
143000,2243,unassigned
143001,2249,Astro-Epen
143002,2249,Astro-Epen
143003,2246,Astro-Epen
143004,2248,Astro-Epen
143005,2248,Astro-Epen
143006,2252,Vascular
143007,2276,unassigned
143008,2269,Astro-Epen
143009,2249,Astro-Epen
143010,2245,Astro-Epen
143011,2262,Astro-Epen
143012,2268,unassigned
143013,2267,Immune
143014,2248,Astro-Epen
143015,2245,Astro-Epen
143016,2246,Astro-Epen
143017,2246,Astro-Epen
143018,2262,Astro-Epen
143019,2248,Astro-Epen
143020,2252,Vascular
143021,2276,unassigned
143022,2267,Immune
143023,2249,Astro-Epen
143024,2250,Astro-Epen
143025,2262,Astro-Epen
143026,2246,Astro-Epen
143027,2269,Astro-Epen
143028,2244,unassigned
143029,2248,Astro-Epen
143030,2249,Astro-Epen
143031,2249,Astro-Epen
143032,2243,unassigned
143033,2268,unassigned
143034,2269,Astro-Epen
143035,2249,Astro-Epen
143036,2245,Astro-Epen
143037,2260,Astro-Epen
143038,2245,Astro-Epen
143039,2260,Astro-Epen
143040,2243,unassigned
143041,2249,Astro-Epen
143042,2273,unassigned
143043,2246,Astro-Epen
143044,2246,Astro-Epen
143045,2269,Astro-Epen
143046,2248,Astro-Epen
143047,2267,Immune
143048,2252,Vascular
143049,2246,Astro-Epen
143050,2276,unassigned
143051,2267,Immune
143052,2267,Immune
143053,2248,Astro-Epen
143054,2276,unassigned
143055,2243,unassigned
143056,2248,Astro-Epen
143057,2243,unassigned
143058,2243,unassigned
143059,2260,Astro-Epen
143060,2276,unassigned
143061,2262,Astro-Epen
143062,2248,Astro-Epen
143063,2267,Immune
143064,2249,Astro-Epen
143065,2249,Astro-Epen
143066,2249,Astro-Epen
143067,2249,Astro-Epen
143068,2243,unassigned
143069,2243,unassigned
143070,2243,unassigned
143071,2250,Astro-Epen
143072,2276,unassigned
143073,2246,Astro-Epen
143074,2276,unassigned
143075,2262,Astro-Epen
143076,2243,unassigned
143077,2276,unassigned
143078,2246,Astro-Epen
143079,2269,Astro-Epen
143080,2267,Immune
143081,2248,Astro-Epen
143082,2249,Astro-Epen
143083,2249,Astro-Epen
143084,2260,Astro-Epen
143085,2260,Astro-Epen
143086,2260,Astro-Epen
143087,2276,unassigned
143088,2243,unassigned
143089,2246,Astro-Epen
143090,2250,Astro-Epen
143091,2260,Astro-Epen
143092,2260,Astro-Epen
143093,2252,Vascular
143094,2243,unassigned
143095,2246,Astro-Epen
143096,2248,Astro-Epen
143097,2249,Astro-Epen
143098,2249,Astro-Epen
143099,2260,Astro-Epen
143100,2267,Immune
143101,2250,Astro-Epen
143102,2273,unassigned
143103,2243,unassigned
143104,2248,Astro-Epen
143105,2271,unassigned
143106,2250,Astro-Epen
143107,2243,unassigned
143108,2243,unassigned
143109,2267,Immune
143110,2249,Astro-Epen
143111,2243,unassigned
143112,2273,unassigned
143113,2243,unassigned
143114,2250,Astro-Epen
143115,2276,unassigned
143116,2243,unassigned
143117,2246,Astro-Epen
143118,2248,Astro-Epen
143119,2248,Astro-Epen
143120,2243,unassigned
143121,2260,Astro-Epen
143122,2260,Astro-Epen
143123,2276,unassigned
143124,2269,Astro-Epen
143125,2260,Astro-Epen
143126,2260,Astro-Epen
143127,2260,Astro-Epen
143128,2246,Astro-Epen
143129,2276,unassigned
143130,2243,unassigned
143131,2269,Astro-Epen
143132,2262,Astro-Epen
143133,2269,Astro-Epen
143134,2249,Astro-Epen
143135,2243,unassigned
143136,2250,Astro-Epen
143137,2250,Astro-Epen
143138,2245,Astro-Epen
143139,2260,Astro-Epen
143140,2260,Astro-Epen
143141,2260,Astro-Epen
143142,2260,Astro-Epen
143143,2246,Astro-Epen
143144,2273,unassigned
143145,2243,unassigned
143146,2269,Astro-Epen
143147,2249,Astro-Epen
143148,2260,Astro-Epen
143149,2260,Astro-Epen
143150,2260,Astro-Epen
143151,2273,unassigned
143152,2276,unassigned
143153,2243,unassigned
143154,2268,unassigned
143155,2243,unassigned
143156,2243,unassigned
143157,2276,unassigned
143158,2260,Astro-Epen
143159,2260,Astro-Epen
143160,2276,unassigned
143161,2262,Astro-Epen
143162,2243,unassigned
143163,2276,unassigned
143164,2260,Astro-Epen
143165,2246,Astro-Epen
143166,2269,Astro-Epen
143167,2269,Astro-Epen
143168,2269,Astro-Epen
143169,2267,Immune
143170,2248,Astro-Epen
143171,2245,Astro-Epen
143172,2249,Astro-Epen
143173,2249,Astro-Epen
143174,2273,unassigned
143175,2273,unassigned
143176,2243,unassigned
143177,2245,Astro-Epen
143178,2269,Astro-Epen
143179,2269,Astro-Epen
143180,2271,unassigned
143181,2269,Astro-Epen
143182,2269,Astro-Epen
143183,2248,Astro-Epen
143184,2243,unassigned
143185,2246,Astro-Epen
143186,2262,Astro-Epen
143187,2269,Astro-Epen
143188,2248,Astro-Epen
143189,2267,Immune
143190,2245,Astro-Epen
143191,2269,Astro-Epen
143192,2269,Astro-Epen
143193,2248,Astro-Epen
143194,2243,unassigned
143195,2250,Astro-Epen
143196,2269,Astro-Epen
143197,2246,Astro-Epen
143198,2248,Astro-Epen
143199,2269,Astro-Epen
143200,2248,Astro-Epen
143201,2267,Immune
143202,2245,Astro-Epen
143203,2249,Astro-Epen
143204,2250,Astro-Epen
143205,2245,Astro-Epen
143206,2268,unassigned
143207,2249,Astro-Epen
143208,2246,Astro-Epen
143209,2246,Astro-Epen
143210,2246,Astro-Epen
143211,2269,Astro-Epen
143212,2260,Astro-Epen
143213,2250,Astro-Epen
143214,2246,Astro-Epen
143215,2267,Immune
143216,2250,Astro-Epen
143217,2246,Astro-Epen
143218,2249,Astro-Epen
143219,2246,Astro-Epen
143220,2248,Astro-Epen
143221,2243,unassigned
143222,2250,Astro-Epen
143223,2269,Astro-Epen
143224,2269,Astro-Epen
143225,2248,Astro-Epen
143226,2243,unassigned
143227,2262,Astro-Epen
143228,2248,Astro-Epen
143229,2267,Immune
143230,2250,Astro-Epen
143231,2250,Astro-Epen
143232,2269,Astro-Epen
143233,2248,Astro-Epen
143234,2260,Astro-Epen
143235,2246,Astro-Epen
143236,2269,Astro-Epen
143237,2248,Astro-Epen
143238,2267,Immune
143239,2243,unassigned
143240,2243,unassigned
143241,2260,Astro-Epen
143242,2250,Astro-Epen
143243,2250,Astro-Epen
143244,2269,Astro-Epen
143245,2248,Astro-Epen
143246,2267,Immune
143247,2267,Immune
143248,2243,unassigned
143249,2245,Astro-Epen
143250,2243,unassigned
143251,2249,Astro-Epen
143252,2243,unassigned
143253,2248,Astro-Epen
143254,2248,Astro-Epen
143255,2262,Astro-Epen
143256,2268,unassigned
143257,2248,Astro-Epen
143258,2243,unassigned
143259,2243,unassigned
143260,2243,unassigned
143261,2262,Astro-Epen
143262,2269,Astro-Epen
143263,2248,Astro-Epen
143264,2243,unassigned
143265,2250,Astro-Epen
143266,2246,Astro-Epen
143267,2246,Astro-Epen
143268,2269,Astro-Epen
143269,2269,Astro-Epen
143270,2245,Astro-Epen
143271,2269,Astro-Epen
143272,2269,Astro-Epen
143273,2267,Immune
143274,2249,Astro-Epen
143275,2260,Astro-Epen
143276,2262,Astro-Epen
143277,2269,Astro-Epen
143278,2243,unassigned
143279,2249,Astro-Epen
143280,2246,Astro-Epen
143281,2269,Astro-Epen
143282,2248,Astro-Epen
143283,2260,Astro-Epen
143284,2269,Astro-Epen
143285,2269,Astro-Epen
143286,2246,Astro-Epen
143287,2269,Astro-Epen
143288,2248,Astro-Epen
143289,2260,Astro-Epen
143290,2250,Astro-Epen
143291,2246,Astro-Epen
143292,2262,Astro-Epen
143293,2243,unassigned
143294,2260,Astro-Epen
143295,2243,unassigned
143296,2246,Astro-Epen
143297,2246,Astro-Epen
143298,2248,Astro-Epen
143299,2249,Astro-Epen
143300,2249,Astro-Epen
143301,2250,Astro-Epen
143302,2243,unassigned
143303,2260,Astro-Epen
143304,2246,Astro-Epen
143305,2243,unassigned
143306,2262,Astro-Epen
143307,2245,Astro-Epen
143308,2260,Astro-Epen
143309,2278,Astro-Epen
143310,2246,Astro-Epen
143311,2246,Astro-Epen
143312,2269,Astro-Epen
143313,2248,Astro-Epen
143314,2262,Astro-Epen
143315,2267,Immune
143316,2267,Immune
143317,2249,Astro-Epen
143318,2243,unassigned
143319,2248,Astro-Epen
143320,2267,Immune
143321,2245,Astro-Epen
143322,2243,unassigned
143323,2243,unassigned
143324,2243,unassigned
143325,2246,Astro-Epen
143326,2246,Astro-Epen
143327,2246,Astro-Epen
143328,2246,Astro-Epen
143329,2243,unassigned
143330,2243,unassigned
143331,2243,unassigned
143332,2248,Astro-Epen
143333,2260,Astro-Epen
143334,2243,unassigned
143335,2260,Astro-Epen
143336,2243,unassigned
143337,2260,Astro-Epen
143338,2262,Astro-Epen
143339,2269,Astro-Epen
143340,2246,Astro-Epen
143341,2248,Astro-Epen
143342,2248,Astro-Epen
143343,2248,Astro-Epen
143344,2267,Immune
143345,2249,Astro-Epen
143346,2260,Astro-Epen
143347,2248,Astro-Epen
143348,2248,Astro-Epen
143349,2278,Astro-Epen
143350,2243,unassigned
143351,2269,Astro-Epen
143352,2246,Astro-Epen
143353,2267,Immune
143354,2248,Astro-Epen
143355,2243,unassigned
143356,2243,unassigned
143357,2243,unassigned
143358,2246,Astro-Epen
143359,2243,unassigned
143360,2243,unassigned
143361,2269,Astro-Epen
143362,2250,Astro-Epen
143363,2245,Astro-Epen
143364,2260,Astro-Epen
143365,2269,Astro-Epen
143366,2248,Astro-Epen
143367,2248,Astro-Epen
143368,2269,Astro-Epen
143369,2269,Astro-Epen
143370,2267,Immune
143371,2267,Immune
143372,2248,Astro-Epen
143373,2243,unassigned
143374,2243,unassigned
143375,2260,Astro-Epen
143376,2250,Astro-Epen
143377,2246,Astro-Epen
143378,2248,Astro-Epen
143379,2248,Astro-Epen
143380,2278,Astro-Epen
143381,2269,Astro-Epen
143382,2262,Astro-Epen
143383,2262,Astro-Epen
143384,2245,Astro-Epen
143385,2260,Astro-Epen
143386,2260,Astro-Epen
143387,2246,Astro-Epen
143388,2262,Astro-Epen
143389,2248,Astro-Epen
143390,2248,Astro-Epen
143391,2245,Astro-Epen
143392,2245,Astro-Epen
143393,2246,Astro-Epen
143394,2243,unassigned
143395,2245,Astro-Epen
143396,2243,unassigned
143397,2262,Astro-Epen
143398,2260,Astro-Epen
143399,2245,Astro-Epen
143400,2278,Astro-Epen
143401,2246,Astro-Epen
143402,2262,Astro-Epen
143403,2269,Astro-Epen
143404,2243,unassigned
143405,2246,Astro-Epen
143406,2249,Astro-Epen
143407,2267,Immune
143408,2248,Astro-Epen
143409,2248,Astro-Epen
143410,2245,Astro-Epen
143411,2243,unassigned
143412,2248,Astro-Epen
143413,2260,Astro-Epen
143414,2243,unassigned
143415,2246,Astro-Epen
143416,2267,Immune
143417,2245,Astro-Epen
143418,2278,Astro-Epen
143419,2245,Astro-Epen
143420,2262,Astro-Epen
143421,2248,Astro-Epen
143422,2245,Astro-Epen
143423,2246,Astro-Epen
143424,2262,Astro-Epen
143425,2243,unassigned
143426,2246,Astro-Epen
143427,2269,Astro-Epen
143428,2260,Astro-Epen
143429,2269,Astro-Epen
143430,2245,Astro-Epen
143431,2250,Astro-Epen
143432,2269,Astro-Epen
143433,2250,Astro-Epen
143434,2243,unassigned
143435,2246,Astro-Epen
143436,2262,Astro-Epen
143437,2262,Astro-Epen
143438,2248,Astro-Epen
143439,2269,Astro-Epen
143440,2243,unassigned
143441,2260,Astro-Epen
143442,2260,Astro-Epen
143443,2262,Astro-Epen
143444,2248,Astro-Epen
143445,2260,Astro-Epen
143446,2279,unassigned
143447,2260,Astro-Epen
143448,2262,Astro-Epen
143449,2246,Astro-Epen
143450,2248,Astro-Epen
143451,2250,Astro-Epen
143452,2260,Astro-Epen
143453,2250,Astro-Epen
143454,2245,Astro-Epen
143455,2243,unassigned
143456,2269,Astro-Epen
143457,2260,Astro-Epen
143458,2243,unassigned
143459,2260,Astro-Epen
143460,2246,Astro-Epen
143461,2246,Astro-Epen
143462,2243,unassigned
143463,2243,unassigned
143464,2260,Astro-Epen
143465,2243,unassigned
143466,2248,Astro-Epen
143467,2280,unassigned
143468,2250,Astro-Epen
143469,2260,Astro-Epen
143470,2243,unassigned
143471,2248,Astro-Epen
143472,2278,Astro-Epen
143473,2278,Astro-Epen
143474,2243,unassigned
143475,2260,Astro-Epen
143476,2260,Astro-Epen
143477,2243,unassigned
143478,2250,Astro-Epen
143479,2243,unassigned
143480,2262,Astro-Epen
143481,2246,Astro-Epen
143482,2267,Immune
143483,2267,Immune
143484,2260,Astro-Epen
143485,2243,unassigned
143486,2243,unassigned
143487,2246,Astro-Epen
143488,2269,Astro-Epen
143489,2248,Astro-Epen
143490,2248,Astro-Epen
143491,2243,unassigned
143492,2243,unassigned
143493,2262,Astro-Epen
143494,2269,Astro-Epen
143495,2246,Astro-Epen
143496,2243,unassigned
143497,2246,Astro-Epen
143498,2262,Astro-Epen
143499,2269,Astro-Epen
143500,2246,Astro-Epen
143501,2269,Astro-Epen
143502,2280,unassigned
143503,2260,Astro-Epen
143504,2260,Astro-Epen
143505,2243,unassigned
143506,2243,unassigned
143507,2246,Astro-Epen
143508,2262,Astro-Epen
143509,2248,Astro-Epen
143510,2248,Astro-Epen
143511,2248,Astro-Epen
143512,2278,Astro-Epen
143513,2260,Astro-Epen
143514,2243,unassigned
143515,2243,unassigned
143516,2246,Astro-Epen
143517,2278,Astro-Epen
143518,2243,unassigned
143519,2243,unassigned
143520,2246,Astro-Epen
143521,2269,Astro-Epen
143522,2248,Astro-Epen
143523,2278,Astro-Epen
143524,2245,Astro-Epen
143525,2260,Astro-Epen
143526,2267,Immune
143527,2243,unassigned
143528,2260,Astro-Epen
143529,2260,Astro-Epen
143530,2262,Astro-Epen
143531,2243,unassigned
143532,2262,Astro-Epen
143533,2246,Astro-Epen
143534,2248,Astro-Epen
143535,2267,Immune
143536,2260,Astro-Epen
143537,2243,unassigned
143538,2269,Astro-Epen
143539,2248,Astro-Epen
143540,2260,Astro-Epen
143541,2248,Astro-Epen
143542,2248,Astro-Epen
143543,2250,Astro-Epen
143544,2269,Astro-Epen
143545,2248,Astro-Epen
143546,2278,Astro-Epen
143547,2250,Astro-Epen
143548,2260,Astro-Epen
143549,2246,Astro-Epen
143550,2246,Astro-Epen
143551,2262,Astro-Epen
143552,2281,Astro-Epen
143553,2260,Astro-Epen
143554,2269,Astro-Epen
143555,2260,Astro-Epen
143556,2250,Astro-Epen
143557,2269,Astro-Epen
143558,2246,Astro-Epen
143559,2269,Astro-Epen
143560,2269,Astro-Epen
143561,2248,Astro-Epen
143562,2278,Astro-Epen
143563,2278,Astro-Epen
143564,2269,Astro-Epen
143565,2269,Astro-Epen
143566,2269,Astro-Epen
143567,2248,Astro-Epen
143568,2267,Immune
143569,2260,Astro-Epen
143570,2245,Astro-Epen
143571,2246,Astro-Epen
143572,2269,Astro-Epen
143573,2281,Astro-Epen
143574,2281,Astro-Epen
143575,2267,Immune
143576,2267,Immune
143577,2243,unassigned
143578,2267,Immune
143579,2246,Astro-Epen
143580,2269,Astro-Epen
143581,2269,Astro-Epen
143582,2262,Astro-Epen
143583,2248,Astro-Epen
143584,2250,Astro-Epen
143585,2269,Astro-Epen
143586,2245,Astro-Epen
143587,2243,unassigned
143588,2269,Astro-Epen
143589,2269,Astro-Epen
143590,2267,Immune
143591,2267,Immune
143592,2260,Astro-Epen
143593,2260,Astro-Epen
143594,2260,Astro-Epen
143595,2243,unassigned
143596,2269,Astro-Epen
143597,2269,Astro-Epen
143598,2269,Astro-Epen
143599,2269,Astro-Epen
143600,2243,unassigned
143601,2260,Astro-Epen
143602,2260,Astro-Epen
143603,2267,Immune
143604,2280,unassigned
143605,2267,Immune
143606,2260,Astro-Epen
143607,2243,unassigned
143608,2243,unassigned
143609,2243,unassigned
143610,2246,Astro-Epen
143611,2267,Immune
143612,2248,Astro-Epen
143613,2243,unassigned
143614,2246,Astro-Epen
143615,2246,Astro-Epen
143616,2248,Astro-Epen
143617,2245,Astro-Epen
143618,2260,Astro-Epen
143619,2260,Astro-Epen
143620,2269,Astro-Epen
143621,2269,Astro-Epen
143622,2269,Astro-Epen
143623,2246,Astro-Epen
143624,2267,Immune
143625,2248,Astro-Epen
143626,2245,Astro-Epen
143627,2260,Astro-Epen
143628,2243,unassigned
143629,2260,Astro-Epen
143630,2243,unassigned
143631,2246,Astro-Epen
143632,2269,Astro-Epen
143633,2269,Astro-Epen
143634,2250,Astro-Epen
143635,2267,Immune
143636,2260,Astro-Epen
143637,2243,unassigned
143638,2279,unassigned
143639,2243,unassigned
143640,2269,Astro-Epen
143641,2278,Astro-Epen
143642,2278,Astro-Epen
143643,2243,unassigned
143644,2250,Astro-Epen
143645,2246,Astro-Epen
143646,2269,Astro-Epen
143647,2243,unassigned
143648,2269,Astro-Epen
143649,2269,Astro-Epen
143650,2269,Astro-Epen
143651,2248,Astro-Epen
143652,2269,Astro-Epen
143653,2248,Astro-Epen
143654,2248,Astro-Epen
143655,2260,Astro-Epen
143656,2260,Astro-Epen
143657,2260,Astro-Epen
143658,2262,Astro-Epen
143659,2267,Immune
143660,2260,Astro-Epen
143661,2243,unassigned
143662,2269,Astro-Epen
143663,2246,Astro-Epen
143664,2248,Astro-Epen
143665,2279,unassigned
143666,2260,Astro-Epen
143667,2246,Astro-Epen
143668,2269,Astro-Epen
143669,2262,Astro-Epen
143670,2248,Astro-Epen
143671,2278,Astro-Epen
143672,2243,unassigned
143673,2260,Astro-Epen
143674,2260,Astro-Epen
143675,2269,Astro-Epen
143676,2243,unassigned
143677,2260,Astro-Epen
143678,2248,Astro-Epen
143679,2248,Astro-Epen
143680,2278,Astro-Epen
143681,2248,Astro-Epen
143682,2269,Astro-Epen
143683,2260,Astro-Epen
143684,2260,Astro-Epen
143685,2278,Astro-Epen
143686,2260,Astro-Epen
143687,2246,Astro-Epen
143688,2260,Astro-Epen
143689,2278,Astro-Epen
143690,2278,Astro-Epen
143691,2260,Astro-Epen
143692,2279,unassigned
143693,2243,unassigned
143694,2246,Astro-Epen
143695,2267,Immune
143696,2267,Immune
143697,2243,unassigned
143698,2260,Astro-Epen
143699,2278,Astro-Epen
143700,2260,Astro-Epen
143701,2243,unassigned
143702,2243,unassigned
143703,2243,unassigned
143704,2246,Astro-Epen
143705,2243,unassigned
143706,2243,unassigned
143707,2246,Astro-Epen
143708,2243,unassigned
143709,2269,Astro-Epen
143710,2243,unassigned
143711,2246,Astro-Epen
143712,2278,Astro-Epen
143713,2278,Astro-Epen
143714,2260,Astro-Epen
143715,2243,unassigned
143716,2260,Astro-Epen
143717,2243,unassigned
143718,2269,Astro-Epen
143719,2248,Astro-Epen
143720,2260,Astro-Epen
143721,2279,unassigned
143722,2243,unassigned
143723,2243,unassigned
143724,2250,Astro-Epen
143725,2246,Astro-Epen
143726,2278,Astro-Epen
143727,2278,Astro-Epen
143728,2246,Astro-Epen
143729,2243,unassigned
143730,2269,Astro-Epen
143731,2269,Astro-Epen
143732,2246,Astro-Epen
143733,2267,Immune
143734,2243,unassigned
143735,2260,Astro-Epen
143736,2260,Astro-Epen
143737,2243,unassigned
143738,2243,unassigned
143739,2246,Astro-Epen
143740,2278,Astro-Epen
143741,2243,unassigned
143742,2260,Astro-Epen
143743,2246,Astro-Epen
143744,2246,Astro-Epen
143745,2248,Astro-Epen
143746,2282,unassigned
143747,2260,Astro-Epen
143748,2243,unassigned
143749,2243,unassigned
143750,2269,Astro-Epen
143751,2246,Astro-Epen
143752,2282,unassigned
143753,2267,Immune
143754,2278,Astro-Epen
143755,2243,unassigned
143756,2260,Astro-Epen
143757,2262,Astro-Epen
143758,2269,Astro-Epen
143759,2246,Astro-Epen
143760,2269,Astro-Epen
143761,2269,Astro-Epen
143762,2269,Astro-Epen
143763,2243,unassigned
143764,2260,Astro-Epen
143765,2246,Astro-Epen
143766,2243,unassigned
143767,2279,unassigned
143768,2243,unassigned
143769,2246,Astro-Epen
143770,2246,Astro-Epen
143771,2281,Astro-Epen
143772,2248,Astro-Epen
143773,2278,Astro-Epen
143774,2278,Astro-Epen
143775,2260,Astro-Epen
143776,2246,Astro-Epen
143777,2243,unassigned
143778,2267,Immune
143779,2267,Immune
143780,2250,Astro-Epen
143781,2250,Astro-Epen
143782,2246,Astro-Epen
143783,2262,Astro-Epen
143784,2246,Astro-Epen
143785,2248,Astro-Epen
143786,2248,Astro-Epen
143787,2278,Astro-Epen
143788,2278,Astro-Epen
143789,2243,unassigned
143790,2243,unassigned
143791,2243,unassigned
143792,2243,unassigned
143793,2262,Astro-Epen
143794,2262,Astro-Epen
143795,2269,Astro-Epen
143796,2278,Astro-Epen
143797,2278,Astro-Epen
143798,2260,Astro-Epen
143799,2262,Astro-Epen
143800,2246,Astro-Epen
143801,2260,Astro-Epen
143802,2278,Astro-Epen
143803,2260,Astro-Epen
143804,2260,Astro-Epen
143805,2262,Astro-Epen
143806,2248,Astro-Epen
143807,2282,unassigned
143808,2267,Immune
143809,2243,unassigned
143810,2269,Astro-Epen
143811,2267,Immune
143812,2282,unassigned
143813,2260,Astro-Epen
143814,2260,Astro-Epen
143815,2246,Astro-Epen
143816,2246,Astro-Epen
143817,2262,Astro-Epen
143818,2260,Astro-Epen
143819,2243,unassigned
143820,2246,Astro-Epen
143821,2246,Astro-Epen
143822,2269,Astro-Epen
143823,2281,Astro-Epen
143824,2278,Astro-Epen
143825,2243,unassigned
143826,2278,Astro-Epen
143827,2278,Astro-Epen
143828,2260,Astro-Epen
143829,2243,unassigned
143830,2250,Astro-Epen
143831,2262,Astro-Epen
143832,2262,Astro-Epen
143833,2269,Astro-Epen
143834,2246,Astro-Epen
143835,2246,Astro-Epen
143836,2248,Astro-Epen
143837,2248,Astro-Epen
143838,2267,Immune
143839,2260,Astro-Epen
143840,2246,Astro-Epen
143841,2243,unassigned
143842,2260,Astro-Epen
143843,2243,unassigned
143844,2243,unassigned
143845,2243,unassigned
143846,2246,Astro-Epen
143847,2243,unassigned
143848,2248,Astro-Epen
143849,2245,Astro-Epen
143850,2246,Astro-Epen
143851,2279,unassigned
143852,2243,unassigned
143853,2243,unassigned
143854,2269,Astro-Epen
143855,2250,Astro-Epen
143856,2243,unassigned
143857,2262,Astro-Epen
143858,2246,Astro-Epen
143859,2246,Astro-Epen
143860,2246,Astro-Epen
143861,2262,Astro-Epen
143862,2269,Astro-Epen
143863,2246,Astro-Epen
143864,2267,Immune
143865,2283,unassigned
143866,2243,unassigned
143867,2246,Astro-Epen
143868,2269,Astro-Epen
143869,2269,Astro-Epen
143870,2269,Astro-Epen
143871,2260,Astro-Epen
143872,2260,Astro-Epen
143873,2269,Astro-Epen
143874,2246,Astro-Epen
143875,2267,Immune
143876,2243,unassigned
143877,2245,Astro-Epen
143878,2260,Astro-Epen
143879,2250,Astro-Epen
143880,2260,Astro-Epen
143881,2260,Astro-Epen
143882,2260,Astro-Epen
143883,2250,Astro-Epen
143884,2243,unassigned
143885,2260,Astro-Epen
143886,2243,unassigned
143887,2243,unassigned
143888,2269,Astro-Epen
143889,2248,Astro-Epen
143890,2267,Immune
143891,2267,Immune
143892,2267,Immune
143893,2279,unassigned
143894,2260,Astro-Epen
143895,2248,Astro-Epen
143896,2248,Astro-Epen
143897,2243,unassigned
143898,2269,Astro-Epen
143899,2269,Astro-Epen
143900,2267,Immune
143901,2284,unassigned
143902,2285,Excitatory_Neuron
143903,2285,Excitatory_Neuron
143904,2284,unassigned
143905,2286,unassigned
143906,2287,unassigned
143907,2287,unassigned
143908,2288,unassigned
143909,2289,unassigned
143910,2290,unassigned
143911,2291,Astro-Epen
143912,2284,unassigned
143913,2284,unassigned
143914,2284,unassigned
143915,2284,unassigned
143916,2284,unassigned
143917,2288,unassigned
143918,2291,Astro-Epen
143919,2289,unassigned
143920,2284,unassigned
143921,2292,unassigned
143922,2284,unassigned
143923,2293,unassigned
143924,2284,unassigned
143925,2284,unassigned
143926,2291,Astro-Epen
143927,2291,Astro-Epen
143928,2294,Immune
143929,2291,Astro-Epen
143930,2284,unassigned
143931,2284,unassigned
143932,2284,unassigned
143933,2291,Astro-Epen
143934,2284,unassigned
143935,2295,Astro-Epen
143936,2289,unassigned
143937,2294,Immune
143938,2296,unassigned
143939,2284,unassigned
143940,2284,unassigned
143941,2284,unassigned
143942,2291,Astro-Epen
143943,2284,unassigned
143944,2295,Astro-Epen
143945,2296,unassigned
143946,2294,Immune
143947,2284,unassigned
143948,2284,unassigned
143949,2284,unassigned
143950,2291,Astro-Epen
143951,2297,unassigned
143952,2288,unassigned
143953,2284,unassigned
143954,2284,unassigned
143955,2284,unassigned
143956,2288,unassigned
143957,2295,Astro-Epen
143958,2289,unassigned
143959,2298,unassigned
143960,2296,unassigned
143961,2289,unassigned
143962,2284,unassigned
143963,2299,unassigned
143964,2299,unassigned
143965,2284,unassigned
143966,2284,unassigned
143967,2291,Astro-Epen
143968,2287,unassigned
143969,2297,unassigned
143970,2291,Astro-Epen
143971,2294,Immune
143972,2291,Astro-Epen
143973,2294,Immune
143974,2284,unassigned
143975,2287,unassigned
143976,2298,unassigned
143977,2295,Astro-Epen
143978,2291,Astro-Epen
143979,2284,unassigned
143980,2284,unassigned
143981,2284,unassigned
143982,2284,unassigned
143983,2284,unassigned
143984,2291,Astro-Epen
143985,2284,unassigned
143986,2284,unassigned
143987,2299,unassigned
143988,2300,unassigned
143989,2298,unassigned
143990,2300,unassigned
143991,2301,unassigned
143992,2302,unassigned
143993,2284,unassigned
143994,2285,Excitatory_Neuron
143995,2297,unassigned
143996,2297,unassigned
143997,2295,Astro-Epen
143998,2284,unassigned
143999,2291,Astro-Epen
144000,2299,unassigned
144001,2297,unassigned
144002,2297,unassigned
144003,2296,unassigned
144004,2290,unassigned
144005,2292,unassigned
144006,2285,Excitatory_Neuron
144007,2284,unassigned
144008,2297,unassigned
144009,2291,Astro-Epen
144010,2284,unassigned
144011,2284,unassigned
144012,2297,unassigned
144013,2296,unassigned
144014,2294,Immune
144015,2284,unassigned
144016,2284,unassigned
144017,2302,unassigned
144018,2303,unassigned
144019,2295,Astro-Epen
144020,2294,Immune
144021,2284,unassigned
144022,2292,unassigned
144023,2284,unassigned
144024,2291,Astro-Epen
144025,2303,unassigned
144026,2297,unassigned
144027,2293,unassigned
144028,2284,unassigned
144029,2296,unassigned
144030,2304,Immune
144031,2305,unassigned
144032,2291,Astro-Epen
144033,2291,Astro-Epen
144034,2284,unassigned
144035,2284,unassigned
144036,2285,Excitatory_Neuron
144037,2284,unassigned
144038,2300,unassigned
144039,2291,Astro-Epen
144040,2294,Immune
144041,2287,unassigned
144042,2300,unassigned
144043,2296,unassigned
144044,2298,unassigned
144045,2291,Astro-Epen
144046,2285,Excitatory_Neuron
144047,2293,unassigned
144048,2285,Excitatory_Neuron
144049,2294,Immune
144050,2292,unassigned
144051,2285,Excitatory_Neuron
144052,2297,unassigned
144053,2305,unassigned
144054,2297,unassigned
144055,2291,Astro-Epen
144056,2297,unassigned
144057,2284,unassigned
144058,2291,Astro-Epen
144059,2305,unassigned
144060,2284,unassigned
144061,2287,unassigned
144062,2303,unassigned
144063,2284,unassigned
144064,2297,unassigned
144065,2292,unassigned
144066,2285,Excitatory_Neuron
144067,2291,Astro-Epen
144068,2303,unassigned
144069,2284,unassigned
144070,2284,unassigned
144071,2285,Excitatory_Neuron
144072,2288,unassigned
144073,2284,unassigned
144074,2284,unassigned
144075,2291,Astro-Epen
144076,2306,unassigned
144077,2296,unassigned
144078,2296,unassigned
144079,2292,unassigned
144080,2284,unassigned
144081,2302,unassigned
144082,2302,unassigned
144083,2284,unassigned
144084,2284,unassigned
144085,2288,unassigned
144086,2291,Astro-Epen
144087,2284,unassigned
144088,2307,Astro-Epen
144089,2305,unassigned
144090,2291,Astro-Epen
144091,2294,Immune
144092,2291,Astro-Epen
144093,2284,unassigned
144094,2284,unassigned
144095,2285,Excitatory_Neuron
144096,2291,Astro-Epen
144097,2291,Astro-Epen
144098,2284,unassigned
144099,2285,Excitatory_Neuron
144100,2284,unassigned
144101,2308,unassigned
144102,2308,unassigned
144103,2291,Astro-Epen
144104,2293,unassigned
144105,2284,unassigned
144106,2293,unassigned
144107,2297,unassigned
144108,2291,Astro-Epen
144109,2309,unassigned
144110,2291,Astro-Epen
144111,2302,unassigned
144112,2284,unassigned
144113,2284,unassigned
144114,2284,unassigned
144115,2292,unassigned
144116,2299,unassigned
144117,2294,Immune
144118,2302,unassigned
144119,2287,unassigned
144120,2284,unassigned
144121,2285,Excitatory_Neuron
144122,2291,Astro-Epen
144123,2291,Astro-Epen
144124,2291,Astro-Epen
144125,2290,unassigned
144126,2304,Immune
144127,2310,unassigned
144128,2295,Astro-Epen
144129,2284,unassigned
144130,2311,unassigned
144131,2284,unassigned
144132,2284,unassigned
144133,2308,unassigned
144134,2284,unassigned
144135,2292,unassigned
144136,2285,Excitatory_Neuron
144137,2302,unassigned
144138,2306,unassigned
144139,2284,unassigned
144140,2284,unassigned
144141,2291,Astro-Epen
144142,2284,unassigned
144143,2294,Immune
144144,2303,unassigned
144145,2284,unassigned
144146,2291,Astro-Epen
144147,2308,unassigned
144148,2312,unassigned
144149,2284,unassigned
144150,2297,unassigned
144151,2289,unassigned
144152,2313,unassigned
144153,2293,unassigned
144154,2307,Astro-Epen
144155,2284,unassigned
144156,2287,unassigned
144157,2292,unassigned
144158,2284,unassigned
144159,2302,unassigned
144160,2284,unassigned
144161,2284,unassigned
144162,2285,Excitatory_Neuron
144163,2295,Astro-Epen
144164,2284,unassigned
144165,2285,Excitatory_Neuron
144166,2284,unassigned
144167,2285,Excitatory_Neuron
144168,2291,Astro-Epen
144169,2290,unassigned
144170,2289,unassigned
144171,2296,unassigned
144172,2314,unassigned
144173,2284,unassigned
144174,2291,Astro-Epen
144175,2291,Astro-Epen
144176,2294,Immune
144177,2295,Astro-Epen
144178,2284,unassigned
144179,2304,Immune
144180,2293,unassigned
144181,2285,Excitatory_Neuron
144182,2287,unassigned
144183,2288,unassigned
144184,2304,Immune
144185,2293,unassigned
144186,2315,unassigned
144187,2296,unassigned
144188,2284,unassigned
144189,2293,unassigned
144190,2285,Excitatory_Neuron
144191,2307,Astro-Epen
144192,2296,unassigned
144193,2296,unassigned
144194,2316,unassigned
144195,2285,Excitatory_Neuron
144196,2317,unassigned
144197,2318,unassigned
144198,2284,unassigned
144199,2284,unassigned
144200,2284,unassigned
144201,2284,unassigned
144202,2319,unassigned
144203,2289,unassigned
144204,2284,unassigned
144205,2320,unassigned
144206,2321,unassigned
144207,2284,unassigned
144208,2284,unassigned
144209,2321,unassigned
144210,2287,unassigned
144211,2308,unassigned
144212,2284,unassigned
144213,2284,unassigned
144214,2322,unassigned
144215,2284,unassigned
144216,2293,unassigned
144217,2294,Immune
144218,2284,unassigned
144219,2300,unassigned
144220,2287,unassigned
144221,2311,unassigned
144222,2311,unassigned
144223,2295,Astro-Epen
144224,2311,unassigned
144225,2293,unassigned
144226,2291,Astro-Epen
144227,2291,Astro-Epen
144228,2287,unassigned
144229,2296,unassigned
144230,2293,unassigned
144231,2321,unassigned
144232,2291,Astro-Epen
144233,2297,unassigned
144234,2295,Astro-Epen
144235,2323,unassigned
144236,2311,unassigned
144237,2285,Excitatory_Neuron
144238,2310,unassigned
144239,2295,Astro-Epen
144240,2308,unassigned
144241,2294,Immune
144242,2294,Immune
144243,2284,unassigned
144244,2292,unassigned
144245,2324,unassigned
144246,2285,Excitatory_Neuron
144247,2287,unassigned
144248,2289,unassigned
144249,2297,unassigned
144250,2308,unassigned
144251,2284,unassigned
144252,2310,unassigned
144253,2287,unassigned
144254,2321,unassigned
144255,2308,unassigned
144256,2325,unassigned
144257,2292,unassigned
144258,2292,unassigned
144259,2293,unassigned
144260,2285,Excitatory_Neuron
144261,2297,unassigned
144262,2287,unassigned
144263,2289,unassigned
144264,2296,unassigned
144265,2303,unassigned
144266,2293,unassigned
144267,2284,unassigned
144268,2294,Immune
144269,2304,Immune
144270,2292,unassigned
144271,2310,unassigned
144272,2287,unassigned
144273,2321,unassigned
144274,2294,Immune
144275,2289,unassigned
144276,2289,unassigned
144277,2326,Astro-Epen
144278,2284,unassigned
144279,2311,unassigned
144280,2321,unassigned
144281,2296,unassigned
144282,2304,Immune
144283,2294,Immune
144284,2293,unassigned
144285,2297,unassigned
144286,2295,Astro-Epen
144287,2304,Immune
144288,2325,unassigned
144289,2311,unassigned
144290,2294,Immune
144291,2310,unassigned
144292,2285,Excitatory_Neuron
144293,2322,unassigned
144294,2308,unassigned
144295,2284,unassigned
144296,2284,unassigned
144297,2327,unassigned
144298,2285,Excitatory_Neuron
144299,2328,unassigned
144300,2321,unassigned
144301,2284,unassigned
144302,2284,unassigned
144303,2307,Astro-Epen
144304,2304,Immune
144305,2285,Excitatory_Neuron
144306,2284,unassigned
144307,2304,Immune
144308,2285,Excitatory_Neuron
144309,2296,unassigned
144310,2303,unassigned
144311,2329,unassigned
144312,2284,unassigned
144313,2295,Astro-Epen
144314,2285,Excitatory_Neuron
144315,2291,Astro-Epen
144316,2308,unassigned
144317,2284,unassigned
144318,2285,Excitatory_Neuron
144319,2284,unassigned
144320,2284,unassigned
144321,2284,unassigned
144322,2284,unassigned
144323,2285,Excitatory_Neuron
144324,2285,Excitatory_Neuron
144325,2291,Astro-Epen
144326,2326,Astro-Epen
144327,2304,Immune
144328,2291,Astro-Epen
144329,2284,unassigned
144330,2294,Immune
144331,2330,Astro-Epen
144332,2284,unassigned
144333,2311,unassigned
144334,2310,unassigned
144335,2284,unassigned
144336,2310,unassigned
144337,2308,unassigned
144338,2285,Excitatory_Neuron
144339,2331,unassigned
144340,2296,unassigned
144341,2304,Immune
144342,2323,unassigned
144343,2332,unassigned
144344,2284,unassigned
144345,2284,unassigned
144346,2284,unassigned
144347,2333,Astro-Epen
144348,2284,unassigned
144349,2284,unassigned
144350,2284,unassigned
144351,2294,Immune
144352,2284,unassigned
144353,2291,Astro-Epen
144354,2334,unassigned
144355,2321,unassigned
144356,2315,unassigned
144357,2335,Astro-Epen
144358,2291,Astro-Epen
144359,2291,Astro-Epen
144360,2294,Immune
144361,2284,unassigned
144362,2284,unassigned
144363,2336,unassigned
144364,2285,Excitatory_Neuron
144365,2291,Astro-Epen
144366,2287,unassigned
144367,2330,Astro-Epen
144368,2326,Astro-Epen
144369,2311,unassigned
144370,2296,unassigned
144371,2326,Astro-Epen
144372,2285,Excitatory_Neuron
144373,2284,unassigned
144374,2292,unassigned
144375,2285,Excitatory_Neuron
144376,2333,Astro-Epen
144377,2284,unassigned
144378,2284,unassigned
144379,2337,unassigned
144380,2284,unassigned
144381,2296,unassigned
144382,2311,unassigned
144383,2284,unassigned
144384,2285,Excitatory_Neuron
144385,2291,Astro-Epen
144386,2338,unassigned
144387,2296,unassigned
144388,2335,Astro-Epen
144389,2339,unassigned
144390,2284,unassigned
144391,2339,unassigned
144392,2337,unassigned
144393,2340,unassigned
144394,2334,unassigned
144395,2294,Immune
144396,2311,unassigned
144397,2323,unassigned
144398,2291,Astro-Epen
144399,2284,unassigned
144400,2315,unassigned
144401,2321,unassigned
144402,2296,unassigned
144403,2323,unassigned
144404,2294,Immune
144405,2335,Astro-Epen
144406,2308,unassigned
144407,2315,unassigned
144408,2323,unassigned
144409,2296,unassigned
144410,2304,Immune
144411,2308,unassigned
144412,2311,unassigned
144413,2337,unassigned
144414,2310,unassigned
144415,2322,unassigned
144416,2294,Immune
144417,2327,unassigned
144418,2296,unassigned
144419,2285,Excitatory_Neuron
144420,2315,unassigned
144421,2284,unassigned
144422,2285,Excitatory_Neuron
144423,2294,Immune
144424,2284,unassigned
144425,2291,Astro-Epen
144426,2308,unassigned
144427,2289,unassigned
144428,2327,unassigned
144429,2296,unassigned
144430,2336,unassigned
144431,2336,unassigned
144432,2335,Astro-Epen
144433,2341,unassigned
144434,2342,GABA_Neuron
144435,2294,Immune
144436,2341,unassigned
144437,2342,GABA_Neuron
144438,2323,unassigned
144439,2304,Immune
144440,2303,unassigned
144441,2284,unassigned
144442,2291,Astro-Epen
144443,2338,unassigned
144444,2292,unassigned
144445,2311,unassigned
144446,2284,unassigned
144447,2326,Astro-Epen
144448,2342,GABA_Neuron
144449,2323,unassigned
144450,2284,unassigned
144451,2327,unassigned
144452,2335,Astro-Epen
144453,2294,Immune
144454,2335,Astro-Epen
144455,2294,Immune
144456,2307,Astro-Epen
144457,2326,Astro-Epen
144458,2304,Immune
144459,2285,Excitatory_Neuron
144460,2341,unassigned
144461,2327,unassigned
144462,2335,Astro-Epen
144463,2327,unassigned
144464,2310,unassigned
144465,2291,Astro-Epen
144466,2294,Immune
144467,2295,Astro-Epen
144468,2307,Astro-Epen
144469,2284,unassigned
144470,2304,Immune
144471,2342,GABA_Neuron
144472,2308,unassigned
144473,2338,unassigned
144474,2296,unassigned
144475,2336,unassigned
144476,2307,Astro-Epen
144477,2308,unassigned
144478,2294,Immune
144479,2343,unassigned
144480,2284,unassigned
144481,2285,Excitatory_Neuron
144482,2326,Astro-Epen
144483,2304,Immune
144484,2291,Astro-Epen
144485,2307,Astro-Epen
144486,2284,unassigned
144487,2344,unassigned
144488,2341,unassigned
144489,2291,Astro-Epen
144490,2294,Immune
144491,2345,unassigned
144492,2294,Immune
144493,2310,unassigned
144494,2294,Immune
144495,2291,Astro-Epen
144496,2294,Immune
144497,2321,unassigned
144498,2338,unassigned
144499,2338,unassigned
144500,2325,unassigned
144501,2284,unassigned
144502,2311,unassigned
144503,2285,Excitatory_Neuron
144504,2284,unassigned
144505,2294,Immune
144506,2307,Astro-Epen
144507,2308,unassigned
144508,2294,Immune
144509,2291,Astro-Epen
144510,2295,Astro-Epen
144511,2294,Immune
144512,2284,unassigned
144513,2284,unassigned
144514,2346,unassigned
144515,2307,Astro-Epen
144516,2326,Astro-Epen
144517,2284,unassigned
144518,2310,unassigned
144519,2335,Astro-Epen
144520,2304,Immune
144521,2285,Excitatory_Neuron
144522,2291,Astro-Epen
144523,2307,Astro-Epen
144524,2315,unassigned
144525,2321,unassigned
144526,2345,unassigned
144527,2342,GABA_Neuron
144528,2294,Immune
144529,2347,unassigned
144530,2311,unassigned
144531,2348,unassigned
144532,2291,Astro-Epen
144533,2349,unassigned
144534,2335,Astro-Epen
144535,2285,Excitatory_Neuron
144536,2291,Astro-Epen
144537,2307,Astro-Epen
144538,2294,Immune
144539,2335,Astro-Epen
144540,2284,unassigned
144541,2284,unassigned
144542,2311,unassigned
144543,2323,unassigned
144544,2294,Immune
144545,2294,Immune
144546,2326,Astro-Epen
144547,2336,unassigned
144548,2335,Astro-Epen
144549,2323,unassigned
144550,2335,Astro-Epen
144551,2304,Immune
144552,2291,Astro-Epen
144553,2308,unassigned
144554,2321,unassigned
144555,2339,unassigned
144556,2291,Astro-Epen
144557,2311,unassigned
144558,2323,unassigned
144559,2304,Immune
144560,2311,unassigned
144561,2342,GABA_Neuron
144562,2350,unassigned
144563,2351,unassigned
144564,2323,unassigned
144565,2339,unassigned
144566,2345,unassigned
144567,2335,Astro-Epen
144568,2308,unassigned
144569,2307,Astro-Epen
144570,2335,Astro-Epen
144571,2311,unassigned
144572,2342,GABA_Neuron
144573,2350,unassigned
144574,2284,unassigned
144575,2284,unassigned
144576,2352,unassigned
144577,2352,unassigned
144578,2353,unassigned
144579,2354,unassigned
144580,2307,Astro-Epen
144581,2355,unassigned
144582,2304,Immune
144583,2291,Astro-Epen
144584,2294,Immune
144585,2355,unassigned
144586,2345,unassigned
144587,2335,Astro-Epen
144588,2307,Astro-Epen
144589,2303,unassigned
144590,2307,Astro-Epen
144591,2307,Astro-Epen
144592,2323,unassigned
144593,2311,unassigned
144594,2294,Immune
144595,2323,unassigned
144596,2335,Astro-Epen
144597,2294,Immune
144598,2335,Astro-Epen
144599,2342,GABA_Neuron
144600,2284,unassigned
144601,2321,unassigned
144602,2284,unassigned
144603,2284,unassigned
144604,2284,unassigned
144605,2346,unassigned
144606,2342,GABA_Neuron
144607,2307,Astro-Epen
144608,2323,unassigned
144609,2339,unassigned
144610,2322,unassigned
144611,2354,unassigned
144612,2321,unassigned
144613,2296,unassigned
144614,2284,unassigned
144615,2308,unassigned
144616,2296,unassigned
144617,2284,unassigned
144618,2284,unassigned
144619,2308,unassigned
144620,2294,Immune
144621,2294,Immune
144622,2291,Astro-Epen
144623,2307,Astro-Epen
144624,2335,Astro-Epen
144625,2347,unassigned
144626,2354,unassigned
144627,2356,unassigned
144628,2335,Astro-Epen
144629,2284,unassigned
144630,2311,unassigned
144631,2335,Astro-Epen
144632,2291,Astro-Epen
144633,2284,unassigned
144634,2284,unassigned
144635,2311,unassigned
144636,2342,GABA_Neuron
144637,2345,unassigned
144638,2303,unassigned
144639,2354,unassigned
144640,2349,unassigned
144641,2347,unassigned
144642,2284,unassigned
144643,2342,GABA_Neuron
144644,2291,Astro-Epen
144645,2355,unassigned
144646,2347,unassigned
144647,2284,unassigned
144648,2294,Immune
144649,2346,unassigned
144650,2311,unassigned
144651,2342,GABA_Neuron
144652,2322,unassigned
144653,2355,unassigned
144654,2335,Astro-Epen
144655,2294,Immune
144656,2346,unassigned
144657,2294,Immune
144658,2355,unassigned
144659,2311,unassigned
144660,2294,Immune
144661,2346,unassigned
144662,2353,unassigned
144663,2284,unassigned
144664,2307,Astro-Epen
144665,2308,unassigned
144666,2350,unassigned
144667,2294,Immune
144668,2349,unassigned
144669,2339,unassigned
144670,2335,Astro-Epen
144671,2333,Astro-Epen
144672,2291,Astro-Epen
144673,2294,Immune
144674,2294,Immune
144675,2294,Immune
144676,2347,unassigned
144677,2284,unassigned
144678,2294,Immune
144679,2346,unassigned
144680,2335,Astro-Epen
144681,2335,Astro-Epen
144682,2284,unassigned
144683,2349,unassigned
144684,2354,unassigned
144685,2350,unassigned
144686,2350,unassigned
144687,2284,unassigned
144688,2308,unassigned
144689,2304,Immune
144690,2291,Astro-Epen
144691,2342,GABA_Neuron
144692,2308,unassigned
144693,2346,unassigned
144694,2357,unassigned
144695,2307,Astro-Epen
144696,2284,unassigned
144697,2342,GABA_Neuron
144698,2355,unassigned
144699,2349,unassigned
144700,2284,unassigned
144701,2353,unassigned
144702,2335,Astro-Epen
144703,2335,Astro-Epen
144704,2347,unassigned
144705,2342,GABA_Neuron
144706,2322,unassigned
144707,2304,Immune
144708,2284,unassigned
144709,2284,unassigned
144710,2307,Astro-Epen
144711,2304,Immune
144712,2284,unassigned
144713,2284,unassigned
144714,2291,Astro-Epen
144715,2322,unassigned
144716,2353,unassigned
144717,2304,Immune
144718,2339,unassigned
144719,2284,unassigned
144720,2322,unassigned
144721,2294,Immune
144722,2335,Astro-Epen
144723,2284,unassigned
144724,2308,unassigned
144725,2284,unassigned
144726,2346,unassigned
144727,2284,unassigned
144728,2346,unassigned
144729,2304,Immune
144730,2284,unassigned
144731,2307,Astro-Epen
144732,2294,Immune
144733,2339,unassigned
144734,2339,unassigned
144735,2335,Astro-Epen
144736,2284,unassigned
144737,2284,unassigned
144738,2307,Astro-Epen
144739,2335,Astro-Epen
144740,2284,unassigned
144741,2284,unassigned
144742,2335,Astro-Epen
144743,2304,Immune
144744,2304,Immune
144745,2342,GABA_Neuron
144746,2342,GABA_Neuron
144747,2342,GABA_Neuron
144748,2342,GABA_Neuron
144749,2284,unassigned
144750,2358,unassigned
144751,2339,unassigned
144752,2294,Immune
144753,2307,Astro-Epen
144754,2355,unassigned
144755,2326,Astro-Epen
144756,2335,Astro-Epen
144757,2307,Astro-Epen
144758,2342,GABA_Neuron
144759,2307,Astro-Epen
144760,2326,Astro-Epen
144761,2359,unassigned
144762,2284,unassigned
144763,2284,unassigned
144764,2284,unassigned
144765,2339,unassigned
144766,2284,unassigned
144767,2360,unassigned
144768,2339,unassigned
144769,2339,unassigned
144770,2307,Astro-Epen
144771,2294,Immune
144772,2347,unassigned
144773,2284,unassigned
144774,2342,GABA_Neuron
144775,2284,unassigned
144776,2307,Astro-Epen
144777,2360,unassigned
144778,2284,unassigned
144779,2307,Astro-Epen
144780,2357,unassigned
144781,2357,unassigned
144782,2284,unassigned
144783,2284,unassigned
144784,2357,unassigned
144785,2335,Astro-Epen
144786,2335,Astro-Epen
144787,2360,unassigned
144788,2347,unassigned
144789,2284,unassigned
144790,2347,unassigned
144791,2335,Astro-Epen
144792,2304,Immune
144793,2342,GABA_Neuron
144794,2358,unassigned
144795,2335,Astro-Epen
144796,2284,unassigned
144797,2307,Astro-Epen
144798,2335,Astro-Epen
144799,2347,unassigned
144800,2284,unassigned
144801,2342,GABA_Neuron
144802,2294,Immune
144803,2284,unassigned
144804,2361,unassigned
144805,2358,unassigned
144806,2347,unassigned
144807,2362,unassigned
144808,2304,Immune
144809,2363,unassigned
144810,2364,unassigned
144811,2342,GABA_Neuron
144812,2326,Astro-Epen
144813,2357,unassigned
144814,2357,unassigned
144815,2339,unassigned
144816,2342,GABA_Neuron
144817,2358,unassigned
144818,2360,unassigned
144819,2284,unassigned
144820,2284,unassigned
144821,2342,GABA_Neuron
144822,2284,unassigned
144823,2307,Astro-Epen
144824,2365,unassigned
144825,2333,Astro-Epen
144826,2342,GABA_Neuron
144827,2366,unassigned
144828,2335,Astro-Epen
144829,2366,unassigned
144830,2284,unassigned
144831,2366,unassigned
144832,2347,unassigned
144833,2284,unassigned
144834,2307,Astro-Epen
144835,2367,unassigned
144836,2360,unassigned
144837,2307,Astro-Epen
144838,2304,Immune
144839,2342,GABA_Neuron
144840,2339,unassigned
144841,2284,unassigned
144842,2284,unassigned
144843,2342,GABA_Neuron
144844,2333,Astro-Epen
144845,2284,unassigned
144846,2284,unassigned
144847,2307,Astro-Epen
144848,2360,unassigned
144849,2339,unassigned
144850,2342,GABA_Neuron
144851,2307,Astro-Epen
144852,2307,Astro-Epen
144853,2342,GABA_Neuron
144854,2339,unassigned
144855,2339,unassigned
144856,2284,unassigned
144857,2342,GABA_Neuron
144858,2360,unassigned
144859,2360,unassigned
144860,2333,Astro-Epen
144861,2284,unassigned
144862,2368,unassigned
144863,2347,unassigned
144864,2335,Astro-Epen
144865,2342,GABA_Neuron
144866,2369,unassigned
144867,2339,unassigned
144868,2339,unassigned
144869,2360,unassigned
144870,2342,GABA_Neuron
144871,2307,Astro-Epen
144872,2365,unassigned
144873,2339,unassigned
144874,2333,Astro-Epen
144875,2370,unassigned
144876,2339,unassigned
144877,2333,Astro-Epen
144878,2347,unassigned
144879,2284,unassigned
144880,2365,unassigned
144881,2326,Astro-Epen
144882,2347,unassigned
144883,2284,unassigned
144884,2339,unassigned
144885,2335,Astro-Epen
144886,2342,GABA_Neuron
144887,2365,unassigned
144888,2371,unassigned
144889,2333,Astro-Epen
144890,2284,unassigned
144891,2342,GABA_Neuron
144892,2365,unassigned
144893,2365,unassigned
144894,2347,unassigned
144895,2335,Astro-Epen
144896,2368,unassigned
144897,2335,Astro-Epen
144898,2342,GABA_Neuron
144899,2365,unassigned
144900,2365,unassigned
144901,2372,unassigned
144902,2360,unassigned
144903,2339,unassigned
144904,2347,unassigned
144905,2284,unassigned
144906,2360,unassigned
144907,2347,unassigned
144908,2373,unassigned
144909,2335,Astro-Epen
144910,2347,unassigned
144911,2342,GABA_Neuron
144912,2335,Astro-Epen
144913,2333,Astro-Epen
144914,2342,GABA_Neuron
144915,2365,unassigned
144916,2365,unassigned
144917,2339,unassigned
144918,2339,unassigned
144919,2365,unassigned
144920,2339,unassigned
144921,2374,unassigned
144922,2284,unassigned
144923,2284,unassigned
144924,2304,Immune
144925,2375,unassigned
144926,2376,unassigned
144927,2365,unassigned
144928,2377,unassigned
144929,2374,unassigned
144930,2365,unassigned
144931,2342,GABA_Neuron
144932,2365,unassigned
144933,2335,Astro-Epen
144934,2335,Astro-Epen
144935,2284,unassigned
144936,2342,GABA_Neuron
144937,2360,unassigned
144938,2377,unassigned
144939,2374,unassigned
144940,2365,unassigned
144941,2339,unassigned
144942,2375,unassigned
144943,2342,GABA_Neuron
144944,2335,Astro-Epen
144945,2365,unassigned
144946,2339,unassigned
144947,2335,Astro-Epen
144948,2342,GABA_Neuron
144949,2307,Astro-Epen
144950,2360,unassigned
144951,2378,unassigned
144952,2365,unassigned
144953,2335,Astro-Epen
144954,2335,Astro-Epen
144955,2339,unassigned
144956,2339,unassigned
144957,2368,unassigned
144958,2377,unassigned
144959,2307,Astro-Epen
144960,2335,Astro-Epen
144961,2304,Immune
144962,2376,unassigned
144963,2368,unassigned
144964,2335,Astro-Epen
144965,2307,Astro-Epen
144966,2342,GABA_Neuron
144967,2284,unassigned
144968,2284,unassigned
144969,2294,Immune
144970,2365,unassigned
144971,2376,unassigned
144972,2284,unassigned
144973,2368,unassigned
144974,2342,GABA_Neuron
144975,2339,unassigned
144976,2342,GABA_Neuron
144977,2284,unassigned
144978,2368,unassigned
144979,2335,Astro-Epen
144980,2284,unassigned
144981,2342,GABA_Neuron
144982,2284,unassigned
144983,2284,unassigned
144984,2284,unassigned
144985,2342,GABA_Neuron
144986,2335,Astro-Epen
144987,2284,unassigned
144988,2284,unassigned
144989,2377,unassigned
144990,2284,unassigned
144991,2339,unassigned
144992,2284,unassigned
144993,2347,unassigned
144994,2284,unassigned
144995,2339,unassigned
144996,2379,unassigned
144997,2380,unassigned
144998,2381,unassigned
144999,2382,unassigned
145000,2383,OPC-Oligo
145001,2384,unassigned
145002,2385,Excitatory_Neuron
145003,2386,unassigned
145004,2383,OPC-Oligo
145005,2387,unassigned
145006,2381,unassigned
145007,2381,unassigned
145008,2382,unassigned
145009,2388,unassigned
145010,2386,unassigned
145011,2389,unassigned
145012,2390,unassigned
145013,2386,unassigned
145014,2391,unassigned
145015,2383,OPC-Oligo
145016,2388,unassigned
145017,2391,unassigned
145018,2388,unassigned
145019,2388,unassigned
145020,2389,unassigned
145021,2383,OPC-Oligo
145022,2392,unassigned
145023,2388,unassigned
145024,2380,unassigned
145025,2387,unassigned
145026,2393,unassigned
145027,2388,unassigned
145028,2382,unassigned
145029,2394,unassigned
145030,2383,OPC-Oligo
145031,2389,unassigned
145032,2387,unassigned
145033,2387,unassigned
145034,2388,unassigned
145035,2382,unassigned
145036,2395,unassigned
145037,2383,OPC-Oligo
145038,2383,OPC-Oligo
145039,2392,unassigned
145040,2388,unassigned
145041,2383,OPC-Oligo
145042,2383,OPC-Oligo
145043,2392,unassigned
145044,2380,unassigned
145045,2385,Excitatory_Neuron
145046,2380,unassigned
145047,2388,unassigned
145048,2385,Excitatory_Neuron
145049,2380,unassigned
145050,2389,unassigned
145051,2385,Excitatory_Neuron
145052,2396,unassigned
145053,2389,unassigned
145054,2385,Excitatory_Neuron
145055,2381,unassigned
145056,2386,unassigned
145057,2394,unassigned
145058,2394,unassigned
145059,2382,unassigned
145060,2385,Excitatory_Neuron
145061,2382,unassigned
145062,2385,Excitatory_Neuron
145063,2380,unassigned
145064,2392,unassigned
145065,2397,unassigned
145066,2385,Excitatory_Neuron
145067,2394,unassigned
145068,2389,unassigned
145069,2394,unassigned
145070,2392,unassigned
145071,2385,Excitatory_Neuron
145072,2397,unassigned
145073,2385,Excitatory_Neuron
145074,2391,unassigned
145075,2380,unassigned
145076,2388,unassigned
145077,2388,unassigned
145078,2398,Immune
145079,2389,unassigned
145080,2388,unassigned
145081,2391,unassigned
145082,2399,unassigned
145083,2389,unassigned
145084,2389,unassigned
145085,2391,unassigned
145086,2392,unassigned
145087,2385,Excitatory_Neuron
145088,2384,unassigned
145089,2397,unassigned
145090,2385,Excitatory_Neuron
145091,2380,unassigned
145092,2394,unassigned
145093,2388,unassigned
145094,2389,unassigned
145095,2400,unassigned
145096,2385,Excitatory_Neuron
145097,2385,Excitatory_Neuron
145098,2386,unassigned
145099,2401,unassigned
145100,2384,unassigned
145101,2385,Excitatory_Neuron
145102,2402,GABA_Neuron
145103,2380,unassigned
145104,2394,unassigned
145105,2385,Excitatory_Neuron
145106,2382,unassigned
145107,2388,unassigned
145108,2397,unassigned
145109,2397,unassigned
145110,2385,Excitatory_Neuron
145111,2399,unassigned
145112,2383,OPC-Oligo
145113,2391,unassigned
145114,2385,Excitatory_Neuron
145115,2382,unassigned
145116,2385,Excitatory_Neuron
145117,2389,unassigned
145118,2388,unassigned
145119,2388,unassigned
145120,2385,Excitatory_Neuron
145121,2399,unassigned
145122,2385,Excitatory_Neuron
145123,2385,Excitatory_Neuron
145124,2399,unassigned
145125,2402,GABA_Neuron
145126,2399,unassigned
145127,2389,unassigned
145128,2385,Excitatory_Neuron
145129,2391,unassigned
145130,2394,unassigned
145131,2399,unassigned
145132,2389,unassigned
145133,2402,GABA_Neuron
145134,2401,unassigned
145135,2384,unassigned
145136,2380,unassigned
145137,2391,unassigned
145138,2388,unassigned
145139,2385,Excitatory_Neuron
145140,2401,unassigned
145141,2389,unassigned
145142,2385,Excitatory_Neuron
145143,2398,Immune
145144,2385,Excitatory_Neuron
145145,2401,unassigned
145146,2385,Excitatory_Neuron
145147,2383,OPC-Oligo
145148,2384,unassigned
145149,2402,GABA_Neuron
145150,2389,unassigned
145151,2385,Excitatory_Neuron
145152,2383,OPC-Oligo
145153,2392,unassigned
145154,2389,unassigned
145155,2385,Excitatory_Neuron
145156,2389,unassigned
145157,2385,Excitatory_Neuron
145158,2382,unassigned
145159,2391,unassigned
145160,2403,unassigned
145161,2383,OPC-Oligo
145162,2397,unassigned
145163,2389,unassigned
145164,2399,unassigned
145165,2389,unassigned
145166,2385,Excitatory_Neuron
145167,2389,unassigned
145168,2389,unassigned
145169,2385,Excitatory_Neuron
145170,2394,unassigned
145171,2388,unassigned
145172,2404,unassigned
145173,2384,unassigned
145174,2388,unassigned
145175,2385,Excitatory_Neuron
145176,2389,unassigned
145177,2385,Excitatory_Neuron
145178,2405,unassigned
145179,2391,unassigned
145180,2402,GABA_Neuron
145181,2406,unassigned
145182,2389,unassigned
145183,2383,OPC-Oligo
145184,2391,unassigned
145185,2407,unassigned
145186,2404,unassigned
145187,2407,unassigned
145188,2388,unassigned
145189,2405,unassigned
145190,2408,unassigned
145191,2409,GABA_Neuron
145192,2398,Immune
145193,2389,unassigned
145194,2385,Excitatory_Neuron
145195,2389,unassigned
145196,2405,unassigned
145197,2410,unassigned
145198,2388,unassigned
145199,2388,unassigned
145200,2409,GABA_Neuron
145201,2391,unassigned
145202,2388,unassigned
145203,2388,unassigned
145204,2409,GABA_Neuron
145205,2389,unassigned
145206,2405,unassigned
145207,2389,unassigned
145208,2385,Excitatory_Neuron
145209,2383,OPC-Oligo
145210,2410,unassigned
145211,2389,unassigned
145212,2391,unassigned
145213,2385,Excitatory_Neuron
145214,2407,unassigned
145215,2388,unassigned
145216,2389,unassigned
145217,2389,unassigned
145218,2409,GABA_Neuron
145219,2388,unassigned
145220,2404,unassigned
145221,2404,unassigned
145222,2389,unassigned
145223,2405,unassigned
145224,2404,unassigned
145225,2383,OPC-Oligo
145226,2404,unassigned
145227,2388,unassigned
145228,2389,unassigned
145229,2404,unassigned
145230,2402,GABA_Neuron
145231,2409,GABA_Neuron
145232,2383,OPC-Oligo
145233,2405,unassigned
145234,2389,unassigned
145235,2411,unassigned
145236,2383,OPC-Oligo
145237,2409,GABA_Neuron
145238,2383,OPC-Oligo
145239,2410,unassigned
145240,2389,unassigned
145241,2385,Excitatory_Neuron
145242,2383,OPC-Oligo
145243,2389,unassigned
145244,2383,OPC-Oligo
145245,2402,GABA_Neuron
145246,2409,GABA_Neuron
145247,2405,unassigned
145248,2404,unassigned
145249,2388,unassigned
145250,2389,unassigned
145251,2383,OPC-Oligo
145252,2388,unassigned
145253,2409,GABA_Neuron
145254,2405,unassigned
145255,2404,unassigned
145256,2402,GABA_Neuron
145257,2410,unassigned
145258,2402,GABA_Neuron
145259,2389,unassigned
145260,2411,unassigned
145261,2389,unassigned
145262,2389,unassigned
145263,2385,Excitatory_Neuron
145264,2385,Excitatory_Neuron
145265,2389,unassigned
145266,2402,GABA_Neuron
145267,2409,GABA_Neuron
145268,2409,GABA_Neuron
145269,2411,unassigned
145270,2410,unassigned
145271,2389,unassigned
145272,2391,unassigned
145273,2389,unassigned
145274,2389,unassigned
145275,2385,Excitatory_Neuron
145276,2385,Excitatory_Neuron
145277,2410,unassigned
145278,2410,unassigned
145279,2391,unassigned
145280,2389,unassigned
145281,2409,GABA_Neuron
145282,2388,unassigned
145283,2411,unassigned
145284,2404,unassigned
145285,2402,GABA_Neuron
145286,2391,unassigned
145287,2388,unassigned
145288,2389,unassigned
145289,2404,unassigned
145290,2383,OPC-Oligo
145291,2409,GABA_Neuron
145292,2385,Excitatory_Neuron
145293,2409,GABA_Neuron
145294,2389,unassigned
145295,2388,unassigned
145296,2389,unassigned
145297,2402,GABA_Neuron
145298,2402,GABA_Neuron
145299,2391,unassigned
145300,2407,unassigned
145301,2412,unassigned
145302,2389,unassigned
145303,2411,unassigned
145304,2383,OPC-Oligo
145305,2389,unassigned
145306,2409,GABA_Neuron
145307,2389,unassigned
145308,2385,Excitatory_Neuron
145309,2389,unassigned
145310,2404,unassigned
145311,2404,unassigned
145312,2383,OPC-Oligo
145313,2409,GABA_Neuron
145314,2402,GABA_Neuron
145315,2409,GABA_Neuron
145316,2383,OPC-Oligo
145317,2409,GABA_Neuron
145318,2385,Excitatory_Neuron
145319,2404,unassigned
145320,2383,OPC-Oligo
145321,2383,OPC-Oligo
145322,2402,GABA_Neuron
145323,2385,Excitatory_Neuron
145324,2402,GABA_Neuron
145325,2389,unassigned
145326,2383,OPC-Oligo
145327,2383,OPC-Oligo
145328,2404,unassigned
145329,2402,GABA_Neuron
145330,2402,GABA_Neuron
145331,2404,unassigned
145332,2383,OPC-Oligo
145333,2389,unassigned
145334,2389,unassigned
145335,2404,unassigned
145336,2404,unassigned
145337,2402,GABA_Neuron
145338,2409,GABA_Neuron
145339,2409,GABA_Neuron
145340,2383,OPC-Oligo
145341,2404,unassigned
145342,2391,unassigned
145343,2402,GABA_Neuron
145344,2391,unassigned
145345,2402,GABA_Neuron
145346,2383,OPC-Oligo
145347,2404,unassigned
145348,2383,OPC-Oligo
145349,2402,GABA_Neuron
145350,2402,GABA_Neuron
145351,2409,GABA_Neuron
145352,2410,unassigned
145353,2383,OPC-Oligo
145354,2402,GABA_Neuron
145355,2402,GABA_Neuron
145356,2409,GABA_Neuron
145357,2404,unassigned
145358,2402,GABA_Neuron
145359,2385,Excitatory_Neuron
145360,2402,GABA_Neuron
145361,2409,GABA_Neuron
145362,2409,GABA_Neuron
145363,2383,OPC-Oligo
145364,2404,unassigned
145365,2402,GABA_Neuron
145366,2383,OPC-Oligo
145367,2402,GABA_Neuron
145368,2409,GABA_Neuron
145369,2383,OPC-Oligo
145370,2402,GABA_Neuron
145371,2402,GABA_Neuron
145372,2402,GABA_Neuron
145373,2402,GABA_Neuron
145374,2409,GABA_Neuron
145375,2383,OPC-Oligo
145376,2402,GABA_Neuron
145377,2402,GABA_Neuron
145378,2402,GABA_Neuron
145379,2402,GABA_Neuron
145380,2383,OPC-Oligo
145381,2383,OPC-Oligo
145382,2383,OPC-Oligo
145383,2409,GABA_Neuron
145384,2383,OPC-Oligo
145385,2402,GABA_Neuron
145386,2383,OPC-Oligo
145387,2409,GABA_Neuron
145388,2402,GABA_Neuron
145389,2409,GABA_Neuron
145390,2409,GABA_Neuron
145391,2402,GABA_Neuron
145392,2409,GABA_Neuron
145393,2398,Immune
145394,2409,GABA_Neuron
145395,2409,GABA_Neuron
145396,2383,OPC-Oligo
145397,2404,unassigned
145398,2383,OPC-Oligo
145399,2383,OPC-Oligo
145400,2404,unassigned
145401,2383,OPC-Oligo
145402,2383,OPC-Oligo
145403,2409,GABA_Neuron
145404,2389,unassigned
145405,2389,unassigned
145406,2409,GABA_Neuron
145407,2383,OPC-Oligo
145408,2409,GABA_Neuron
145409,2409,GABA_Neuron
145410,2402,GABA_Neuron
145411,2402,GABA_Neuron
145412,2389,unassigned
145413,2389,unassigned
145414,2402,GABA_Neuron
145415,2389,unassigned
145416,2383,OPC-Oligo
145417,2389,unassigned
145418,2389,unassigned
145419,2389,unassigned
145420,2389,unassigned
145421,2389,unassigned
145422,2389,unassigned
145423,2389,unassigned
145424,2383,OPC-Oligo
145425,2389,unassigned
145426,2389,unassigned
145427,2389,unassigned
145428,2389,unassigned
145429,2389,unassigned
145430,2389,unassigned
145431,2389,unassigned
145432,2413,unassigned
145433,2383,OPC-Oligo
145434,2383,OPC-Oligo
145435,2413,unassigned
145436,2389,unassigned
145437,2413,unassigned
145438,2383,OPC-Oligo
145439,2383,OPC-Oligo
145440,2383,OPC-Oligo
145441,2389,unassigned
145442,2383,OPC-Oligo
145443,2383,OPC-Oligo
145444,2383,OPC-Oligo
145445,2383,OPC-Oligo
145446,2414,unassigned
145447,2383,OPC-Oligo
145448,2383,OPC-Oligo
145449,2383,OPC-Oligo
145450,2383,OPC-Oligo
145451,2383,OPC-Oligo
145452,2415,unassigned
145453,2383,OPC-Oligo
145454,2383,OPC-Oligo
145455,2383,OPC-Oligo
145456,2389,unassigned
145457,2389,unassigned
145458,2389,unassigned
145459,2383,OPC-Oligo
145460,2383,OPC-Oligo
145461,2383,OPC-Oligo
145462,2383,OPC-Oligo
145463,2383,OPC-Oligo
145464,2389,unassigned
145465,2383,OPC-Oligo
145466,2383,OPC-Oligo
145467,2416,unassigned
145468,2383,OPC-Oligo
145469,2383,OPC-Oligo
145470,2417,unassigned
145471,2383,OPC-Oligo
145472,2389,unassigned
145473,2389,unassigned
145474,2383,OPC-Oligo
145475,2389,unassigned
145476,2383,OPC-Oligo
145477,2389,unassigned
145478,2383,OPC-Oligo
145479,2389,unassigned
145480,2389,unassigned
145481,2389,unassigned
145482,2389,unassigned
145483,2389,unassigned
145484,2383,OPC-Oligo
145485,1407,unassigned
145486,1407,unassigned
145487,1407,unassigned
145488,1407,unassigned
145489,1407,unassigned
145490,1407,unassigned
145491,1407,unassigned
145492,2418,unassigned
145493,1407,unassigned
145494,1407,unassigned
145495,2419,Astro-Epen
145496,1407,unassigned
145497,1407,unassigned
145498,1407,unassigned
145499,1407,unassigned
145500,1407,unassigned
145501,1407,unassigned
145502,1407,unassigned
145503,2420,GABA_Neuron
145504,2420,GABA_Neuron
145505,1407,unassigned
145506,1407,unassigned
145507,1407,unassigned
145508,1407,unassigned
145509,2421,Astro-Epen
145510,1407,unassigned
145511,2422,Astro-Epen
145512,2422,Astro-Epen
145513,1407,unassigned
145514,1407,unassigned
145515,1407,unassigned
145516,1407,unassigned
145517,1407,unassigned
145518,2423,GABA_Neuron
145519,2423,GABA_Neuron
145520,1407,unassigned
145521,1407,unassigned
145522,2424,Astro-Epen
145523,2425,Astro-Epen
145524,1407,unassigned
145525,2421,Astro-Epen
145526,1407,unassigned
145527,2423,GABA_Neuron
145528,2423,GABA_Neuron
145529,2423,GABA_Neuron
145530,2426,Excitatory_Neuron
145531,2424,Astro-Epen
145532,1407,unassigned
145533,1407,unassigned
145534,1407,unassigned
145535,1407,unassigned
145536,1407,unassigned
145537,1407,unassigned
145538,1407,unassigned
145539,1407,unassigned
145540,1407,unassigned
145541,1407,unassigned
145542,1407,unassigned
145543,1407,unassigned
145544,2419,Astro-Epen
145545,1407,unassigned
145546,1407,unassigned
145547,1407,unassigned
145548,1407,unassigned
145549,1407,unassigned
145550,2427,Astro-Epen
145551,1407,unassigned
145552,1407,unassigned
145553,1407,unassigned
145554,2420,GABA_Neuron
145555,1407,unassigned
145556,1407,unassigned
145557,1407,unassigned
145558,1407,unassigned
145559,1407,unassigned
145560,1407,unassigned
145561,1407,unassigned
145562,1407,unassigned
145563,2422,Astro-Epen
145564,2422,Astro-Epen
145565,2422,Astro-Epen
145566,2422,Astro-Epen
145567,1407,unassigned
145568,1407,unassigned
145569,1407,unassigned
145570,1407,unassigned
145571,1407,unassigned
145572,2428,Astro-Epen
145573,2429,unassigned
145574,2429,unassigned
145575,1407,unassigned
145576,1407,unassigned
145577,1407,unassigned
145578,2428,Astro-Epen
145579,1407,unassigned
145580,1407,unassigned
145581,2423,GABA_Neuron
145582,1407,unassigned
145583,2423,GABA_Neuron
145584,2423,GABA_Neuron
145585,2424,Astro-Epen
145586,1407,unassigned
145587,1407,unassigned
145588,1407,unassigned
145589,1407,unassigned
145590,2426,Excitatory_Neuron
145591,1407,unassigned
145592,1407,unassigned
145593,1407,unassigned
145594,2418,unassigned
145595,2430,Excitatory_Neuron
145596,1407,unassigned
145597,2425,Astro-Epen
145598,1407,unassigned
145599,1407,unassigned
145600,2422,Astro-Epen
145601,1407,unassigned
145602,1407,unassigned
145603,2422,Astro-Epen
145604,1407,unassigned
145605,1407,unassigned
145606,1407,unassigned
145607,2430,Excitatory_Neuron
145608,1407,unassigned
145609,1407,unassigned
145610,1407,unassigned
145611,1407,unassigned
145612,1407,unassigned
145613,1407,unassigned
145614,1407,unassigned
145615,2424,Astro-Epen
145616,1407,unassigned
145617,2418,unassigned
145618,1407,unassigned
145619,1407,unassigned
145620,1407,unassigned
145621,1407,unassigned
145622,2425,Astro-Epen
145623,1407,unassigned
145624,1407,unassigned
145625,1407,unassigned
145626,1407,unassigned
145627,1407,unassigned
145628,1407,unassigned
145629,1407,unassigned
145630,1407,unassigned
145631,1407,unassigned
145632,1407,unassigned
145633,2427,Astro-Epen
145634,2420,GABA_Neuron
145635,1407,unassigned
145636,1407,unassigned
145637,1407,unassigned
145638,2423,GABA_Neuron
145639,1407,unassigned
145640,1407,unassigned
145641,1407,unassigned
145642,1407,unassigned
145643,1407,unassigned
145644,1407,unassigned
145645,2425,Astro-Epen
145646,1407,unassigned
145647,1407,unassigned
145648,1407,unassigned
145649,1407,unassigned
145650,1407,unassigned
145651,1407,unassigned
145652,1407,unassigned
145653,1407,unassigned
145654,1407,unassigned
145655,1407,unassigned
145656,1407,unassigned
145657,1407,unassigned
145658,1407,unassigned
145659,1407,unassigned
145660,1407,unassigned
145661,1407,unassigned
145662,1407,unassigned
145663,2424,Astro-Epen
145664,1407,unassigned
145665,2418,unassigned
145666,1407,unassigned
145667,1407,unassigned
145668,1407,unassigned
145669,2423,GABA_Neuron
145670,2423,GABA_Neuron
145671,1407,unassigned
145672,1407,unassigned
145673,1407,unassigned
145674,1407,unassigned
145675,1407,unassigned
145676,1407,unassigned
145677,1407,unassigned
145678,1407,unassigned
145679,1407,unassigned
145680,1407,unassigned
145681,1407,unassigned
145682,1407,unassigned
145683,2426,Excitatory_Neuron
145684,2426,Excitatory_Neuron
145685,1407,unassigned
145686,1407,unassigned
145687,1407,unassigned
145688,1407,unassigned
145689,1407,unassigned
145690,1407,unassigned
145691,1407,unassigned
145692,2427,Astro-Epen
145693,1407,unassigned
145694,1407,unassigned
145695,2422,Astro-Epen
145696,1407,unassigned
145697,1407,unassigned
145698,1407,unassigned
145699,1407,unassigned
145700,1407,unassigned
145701,1407,unassigned
145702,1407,unassigned
145703,1407,unassigned
145704,1407,unassigned
145705,2420,GABA_Neuron
145706,2421,Astro-Epen
145707,1407,unassigned
145708,1407,unassigned
145709,2422,Astro-Epen
145710,1407,unassigned
145711,1407,unassigned
145712,1407,unassigned
145713,2430,Excitatory_Neuron
145714,1407,unassigned
145715,1407,unassigned
145716,1407,unassigned
145717,1407,unassigned
145718,1407,unassigned
145719,1407,unassigned
145720,1407,unassigned
145721,1407,unassigned
145722,2422,Astro-Epen
145723,1407,unassigned
145724,1407,unassigned
145725,1407,unassigned
145726,2424,Astro-Epen
145727,2431,unassigned
145728,2430,Excitatory_Neuron
145729,2425,Astro-Epen
145730,2425,Astro-Epen
145731,1407,unassigned
145732,1407,unassigned
145733,1407,unassigned
145734,1407,unassigned
145735,1407,unassigned
145736,1407,unassigned
145737,2423,GABA_Neuron
145738,2423,GABA_Neuron
145739,1407,unassigned
145740,1407,unassigned
145741,1407,unassigned
145742,1407,unassigned
145743,1407,unassigned
145744,2432,Excitatory_Neuron
145745,2427,Astro-Epen
145746,2420,GABA_Neuron
145747,1407,unassigned
145748,2422,Astro-Epen
145749,1407,unassigned
145750,1407,unassigned
145751,2423,GABA_Neuron
145752,1407,unassigned
145753,1407,unassigned
145754,2424,Astro-Epen
145755,2430,Excitatory_Neuron
145756,2425,Astro-Epen
145757,1407,unassigned
145758,1407,unassigned
145759,1407,unassigned
145760,1407,unassigned
145761,1407,unassigned
145762,1407,unassigned
145763,2427,Astro-Epen
145764,1407,unassigned
145765,1407,unassigned
145766,1407,unassigned
145767,1407,unassigned
145768,2423,GABA_Neuron
145769,2423,GABA_Neuron
145770,1407,unassigned
145771,2433,unassigned
145772,1407,unassigned
145773,1407,unassigned
145774,2425,Astro-Epen
145775,1407,unassigned
145776,1407,unassigned
145777,1407,unassigned
145778,1407,unassigned
145779,1407,unassigned
145780,2421,Astro-Epen
145781,1407,unassigned
145782,2423,GABA_Neuron
145783,1407,unassigned
145784,1407,unassigned
145785,2430,Excitatory_Neuron
145786,1407,unassigned
145787,1407,unassigned
145788,1407,unassigned
145789,1407,unassigned
145790,1407,unassigned
145791,1407,unassigned
145792,1407,unassigned
145793,1407,unassigned
145794,1407,unassigned
145795,1407,unassigned
145796,1407,unassigned
145797,1407,unassigned
145798,1407,unassigned
145799,2423,GABA_Neuron
145800,2423,GABA_Neuron
145801,2426,Excitatory_Neuron
145802,1407,unassigned
145803,1407,unassigned
145804,1407,unassigned
145805,2419,Astro-Epen
145806,1407,unassigned
145807,1407,unassigned
145808,1407,unassigned
145809,1407,unassigned
145810,1407,unassigned
145811,2423,GABA_Neuron
145812,1407,unassigned
145813,1407,unassigned
145814,1407,unassigned
145815,1407,unassigned
145816,1407,unassigned
145817,2418,unassigned
145818,2418,unassigned
145819,2431,unassigned
145820,1407,unassigned
145821,1407,unassigned
145822,2434,unassigned
145823,1407,unassigned
145824,1407,unassigned
145825,1407,unassigned
145826,2422,Astro-Epen
145827,1407,unassigned
145828,2422,Astro-Epen
145829,1407,unassigned
145830,2429,unassigned
145831,1407,unassigned
145832,1407,unassigned
145833,1407,unassigned
145834,2426,Excitatory_Neuron
145835,1407,unassigned
145836,1407,unassigned
145837,2424,Astro-Epen
145838,1407,unassigned
145839,1407,unassigned
145840,1407,unassigned
145841,1407,unassigned
145842,1407,unassigned
145843,1407,unassigned
145844,1407,unassigned
145845,1407,unassigned
145846,1407,unassigned
145847,2423,GABA_Neuron
145848,1407,unassigned
145849,1407,unassigned
145850,2419,Astro-Epen
145851,1407,unassigned
145852,1407,unassigned
145853,1407,unassigned
145854,1407,unassigned
145855,1407,unassigned
145856,1407,unassigned
145857,2420,GABA_Neuron
145858,2420,GABA_Neuron
145859,1407,unassigned
145860,2421,Astro-Epen
145861,2422,Astro-Epen
145862,1407,unassigned
145863,1407,unassigned
145864,1407,unassigned
145865,2429,unassigned
145866,1407,unassigned
145867,1407,unassigned
145868,1407,unassigned
145869,1407,unassigned
145870,1407,unassigned
145871,1407,unassigned
145872,1407,unassigned
145873,1407,unassigned
145874,2430,Excitatory_Neuron
145875,2419,Astro-Epen
145876,1407,unassigned
145877,1407,unassigned
145878,2420,GABA_Neuron
145879,2421,Astro-Epen
145880,1407,unassigned
145881,1407,unassigned
145882,2435,unassigned
145883,1407,unassigned
145884,1407,unassigned
145885,1407,unassigned
145886,2423,GABA_Neuron
145887,2426,Excitatory_Neuron
145888,2433,unassigned
145889,2424,Astro-Epen
145890,2424,Astro-Epen
145891,1407,unassigned
145892,1407,unassigned
145893,1407,unassigned
145894,1407,unassigned
145895,1407,unassigned
145896,1407,unassigned
145897,1407,unassigned
145898,1407,unassigned
145899,1407,unassigned
145900,2421,Astro-Epen
145901,1407,unassigned
145902,1407,unassigned
145903,2425,Astro-Epen
145904,1407,unassigned
145905,2436,Astro-Epen
145906,1407,unassigned
145907,1407,unassigned
145908,1407,unassigned
145909,1407,unassigned
145910,1407,unassigned
145911,2427,Astro-Epen
145912,1407,unassigned
145913,1407,unassigned
145914,2421,Astro-Epen
145915,1407,unassigned
145916,1407,unassigned
145917,1407,unassigned
145918,1407,unassigned
145919,1407,unassigned
145920,2428,Astro-Epen
145921,1407,unassigned
145922,2424,Astro-Epen
145923,2424,Astro-Epen
145924,2434,unassigned
145925,1407,unassigned
145926,2425,Astro-Epen
145927,1407,unassigned
145928,2432,Excitatory_Neuron
145929,1407,unassigned
145930,2421,Astro-Epen
145931,1407,unassigned
145932,2422,Astro-Epen
145933,1407,unassigned
145934,1407,unassigned
145935,1407,unassigned
145936,1407,unassigned
145937,2428,Astro-Epen
145938,2428,Astro-Epen
145939,2423,GABA_Neuron
145940,2423,GABA_Neuron
145941,2424,Astro-Epen
145942,1407,unassigned
145943,2437,GABA_Neuron
145944,1407,unassigned
145945,2419,Astro-Epen
145946,1407,unassigned
145947,2427,Astro-Epen
145948,1407,unassigned
145949,1407,unassigned
145950,1407,unassigned
145951,2433,unassigned
145952,2431,unassigned
145953,1407,unassigned
145954,1407,unassigned
145955,1407,unassigned
145956,2421,Astro-Epen
145957,1407,unassigned
145958,2422,Astro-Epen
145959,1407,unassigned
145960,1407,unassigned
145961,1407,unassigned
145962,1407,unassigned
145963,1407,unassigned
145964,1407,unassigned
145965,1407,unassigned
145966,2426,Excitatory_Neuron
145967,1407,unassigned
145968,1407,unassigned
145969,1407,unassigned
145970,1407,unassigned
145971,1407,unassigned
145972,2432,Excitatory_Neuron
145973,2421,Astro-Epen
145974,2421,Astro-Epen
145975,1407,unassigned
145976,1407,unassigned
145977,1407,unassigned
145978,1407,unassigned
145979,1407,unassigned
145980,2423,GABA_Neuron
145981,1407,unassigned
145982,1407,unassigned
145983,1407,unassigned
145984,2419,Astro-Epen
145985,1407,unassigned
145986,1407,unassigned
145987,2432,Excitatory_Neuron
145988,2432,Excitatory_Neuron
145989,1407,unassigned
145990,1407,unassigned
145991,1407,unassigned
145992,2424,Astro-Epen
145993,1407,unassigned
145994,1407,unassigned
145995,1407,unassigned
145996,1407,unassigned
145997,1407,unassigned
145998,2425,Astro-Epen
145999,2419,Astro-Epen
146000,1407,unassigned
146001,1407,unassigned
146002,1407,unassigned
146003,1407,unassigned
146004,2421,Astro-Epen
146005,1407,unassigned
146006,1407,unassigned
146007,1407,unassigned
146008,1407,unassigned
146009,2424,Astro-Epen
146010,1407,unassigned
146011,2434,unassigned
146012,1407,unassigned
146013,1407,unassigned
146014,1407,unassigned
146015,2432,Excitatory_Neuron
146016,1407,unassigned
146017,2427,Astro-Epen
146018,2421,Astro-Epen
146019,2422,Astro-Epen
146020,1407,unassigned
146021,1407,unassigned
146022,1407,unassigned
146023,2423,GABA_Neuron
146024,1407,unassigned
146025,1407,unassigned
146026,1407,unassigned
146027,2427,Astro-Epen
146028,2420,GABA_Neuron
146029,2435,unassigned
146030,2422,Astro-Epen
146031,1407,unassigned
146032,2423,GABA_Neuron
146033,1407,unassigned
146034,2426,Excitatory_Neuron
146035,2424,Astro-Epen
146036,1407,unassigned
146037,2427,Astro-Epen
146038,2432,Excitatory_Neuron
146039,2420,GABA_Neuron
146040,1407,unassigned
146041,2421,Astro-Epen
146042,1407,unassigned
146043,1407,unassigned
146044,1407,unassigned
146045,1407,unassigned
146046,1407,unassigned
146047,1407,unassigned
146048,2418,unassigned
146049,2430,Excitatory_Neuron
146050,2430,Excitatory_Neuron
146051,1407,unassigned
146052,1407,unassigned
146053,1407,unassigned
146054,2420,GABA_Neuron
146055,1407,unassigned
146056,1407,unassigned
146057,1407,unassigned
146058,1407,unassigned
146059,1407,unassigned
146060,2423,GABA_Neuron
146061,1407,unassigned
146062,2433,unassigned
146063,2438,unassigned
146064,1407,unassigned
146065,2431,unassigned
146066,2419,Astro-Epen
146067,1407,unassigned
146068,1407,unassigned
146069,1407,unassigned
146070,1407,unassigned
146071,1407,unassigned
146072,1407,unassigned
146073,1407,unassigned
146074,2422,Astro-Epen
146075,1407,unassigned
146076,1407,unassigned
146077,1407,unassigned
146078,2424,Astro-Epen
146079,1407,unassigned
146080,1407,unassigned
146081,2419,Astro-Epen
146082,1407,unassigned
146083,1407,unassigned
146084,1407,unassigned
146085,1407,unassigned
146086,1407,unassigned
146087,2423,GABA_Neuron
146088,1407,unassigned
146089,2424,Astro-Epen
146090,2426,Excitatory_Neuron
146091,2426,Excitatory_Neuron
146092,2431,unassigned
146093,2430,Excitatory_Neuron
146094,1407,unassigned
146095,1407,unassigned
146096,1407,unassigned
146097,2421,Astro-Epen
146098,1407,unassigned
146099,1407,unassigned
146100,1407,unassigned
146101,1407,unassigned
146102,1407,unassigned
146103,2433,unassigned
146104,2419,Astro-Epen
146105,1407,unassigned
146106,2425,Astro-Epen
146107,2425,Astro-Epen
146108,1407,unassigned
146109,1407,unassigned
146110,1407,unassigned
146111,2432,Excitatory_Neuron
146112,1407,unassigned
146113,2420,GABA_Neuron
146114,1407,unassigned
146115,1407,unassigned
146116,1407,unassigned
146117,1407,unassigned
146118,1407,unassigned
146119,1407,unassigned
146120,2430,Excitatory_Neuron
146121,1407,unassigned
146122,2425,Astro-Epen
146123,1407,unassigned
146124,1407,unassigned
146125,1407,unassigned
146126,1407,unassigned
146127,1407,unassigned
146128,1407,unassigned
146129,1407,unassigned
146130,1407,unassigned
146131,1407,unassigned
146132,2421,Astro-Epen
146133,1407,unassigned
146134,1407,unassigned
146135,1407,unassigned
146136,1407,unassigned
146137,2423,GABA_Neuron
146138,1407,unassigned
146139,1407,unassigned
146140,2419,Astro-Epen
146141,2432,Excitatory_Neuron
146142,1407,unassigned
146143,2420,GABA_Neuron
146144,1407,unassigned
146145,1407,unassigned
146146,2423,GABA_Neuron
146147,1407,unassigned
146148,1407,unassigned
146149,1407,unassigned
146150,2424,Astro-Epen
146151,2424,Astro-Epen
146152,2438,unassigned
146153,1407,unassigned
146154,1407,unassigned
146155,1407,unassigned
146156,1407,unassigned
146157,1407,unassigned
146158,2435,unassigned
146159,1407,unassigned
146160,2430,Excitatory_Neuron
146161,1407,unassigned
146162,1407,unassigned
146163,1407,unassigned
146164,2432,Excitatory_Neuron
146165,1407,unassigned
146166,1407,unassigned
146167,2420,GABA_Neuron
146168,1407,unassigned
146169,1407,unassigned
146170,1407,unassigned
146171,1407,unassigned
146172,1407,unassigned
146173,1407,unassigned
146174,1407,unassigned
146175,2434,unassigned
146176,2419,Astro-Epen
146177,2419,Astro-Epen
146178,1407,unassigned
146179,1407,unassigned
146180,1407,unassigned
146181,1407,unassigned
146182,1407,unassigned
146183,1407,unassigned
146184,2429,unassigned
146185,1407,unassigned
146186,2424,Astro-Epen
146187,1407,unassigned
146188,2434,unassigned
146189,2434,unassigned
146190,2434,unassigned
146191,1407,unassigned
146192,2432,Excitatory_Neuron
146193,2420,GABA_Neuron
146194,1407,unassigned
146195,1407,unassigned
146196,1407,unassigned
146197,2434,unassigned
146198,2434,unassigned
146199,2434,unassigned
146200,1407,unassigned
146201,1407,unassigned
146202,1407,unassigned
146203,1407,unassigned
146204,1407,unassigned
146205,2432,Excitatory_Neuron
146206,2432,Excitatory_Neuron
146207,2421,Astro-Epen
146208,2422,Astro-Epen
146209,1407,unassigned
146210,2428,Astro-Epen
146211,2423,GABA_Neuron
146212,1407,unassigned
146213,1407,unassigned
146214,1407,unassigned
146215,2424,Astro-Epen
146216,1407,unassigned
146217,1407,unassigned
146218,1407,unassigned
146219,1407,unassigned
146220,1407,unassigned
146221,1407,unassigned
146222,1407,unassigned
146223,2421,Astro-Epen
146224,2439,unassigned
146225,2423,GABA_Neuron
146226,2418,unassigned
146227,2440,unassigned
146228,1407,unassigned
146229,1407,unassigned
146230,1407,unassigned
146231,1407,unassigned
146232,1407,unassigned
146233,2427,Astro-Epen
146234,1407,unassigned
146235,1407,unassigned
146236,2421,Astro-Epen
146237,2422,Astro-Epen
146238,1407,unassigned
146239,1407,unassigned
146240,2423,GABA_Neuron
146241,1407,unassigned
146242,2426,Excitatory_Neuron
146243,2430,Excitatory_Neuron
146244,2430,Excitatory_Neuron
146245,1407,unassigned
146246,1407,unassigned
146247,1407,unassigned
146248,2432,Excitatory_Neuron
146249,1407,unassigned
146250,1407,unassigned
146251,2420,GABA_Neuron
146252,1407,unassigned
146253,1407,unassigned
146254,1407,unassigned
146255,1407,unassigned
146256,2438,unassigned
146257,2430,Excitatory_Neuron
146258,1407,unassigned
146259,1407,unassigned
146260,1407,unassigned
146261,1407,unassigned
146262,1407,unassigned
146263,1407,unassigned
146264,1407,unassigned
146265,1407,unassigned
146266,1407,unassigned
146267,1407,unassigned
146268,2423,GABA_Neuron
146269,1407,unassigned
146270,1407,unassigned
146271,1407,unassigned
146272,2425,Astro-Epen
146273,1407,unassigned
146274,2419,Astro-Epen
146275,2436,Astro-Epen
146276,1407,unassigned
146277,2421,Astro-Epen
146278,2420,GABA_Neuron
146279,1407,unassigned
146280,2420,GABA_Neuron
146281,1407,unassigned
146282,1407,unassigned
146283,2422,Astro-Epen
146284,2439,unassigned
146285,2422,Astro-Epen
146286,1407,unassigned
146287,2426,Excitatory_Neuron
146288,1407,unassigned
146289,1407,unassigned
146290,1407,unassigned
146291,1407,unassigned
146292,1407,unassigned
146293,2427,Astro-Epen
146294,2427,Astro-Epen
146295,2427,Astro-Epen
146296,1407,unassigned
146297,1407,unassigned
146298,1407,unassigned
146299,1407,unassigned
146300,2423,GABA_Neuron
146301,1407,unassigned
146302,2433,unassigned
146303,1407,unassigned
146304,2441,unassigned
146305,1407,unassigned
146306,2418,unassigned
146307,1407,unassigned
146308,2419,Astro-Epen
146309,2427,Astro-Epen
146310,1407,unassigned
146311,1407,unassigned
146312,1407,unassigned
146313,2421,Astro-Epen
146314,1407,unassigned
146315,1407,unassigned
146316,1407,unassigned
146317,1407,unassigned
146318,2421,Astro-Epen
146319,1407,unassigned
146320,2422,Astro-Epen
146321,1407,unassigned
146322,2429,unassigned
146323,1407,unassigned
146324,2426,Excitatory_Neuron
146325,1407,unassigned
146326,1407,unassigned
146327,1407,unassigned
146328,1407,unassigned
146329,1407,unassigned
146330,1407,unassigned
146331,2442,Vascular
146332,2432,Excitatory_Neuron
146333,1407,unassigned
146334,1407,unassigned
146335,1407,unassigned
146336,2424,Astro-Epen
146337,2433,unassigned
146338,2426,Excitatory_Neuron
146339,2430,Excitatory_Neuron
146340,2434,unassigned
146341,2425,Astro-Epen
146342,1407,unassigned
146343,1407,unassigned
146344,1407,unassigned
146345,2432,Excitatory_Neuron
146346,1407,unassigned
146347,2432,Excitatory_Neuron
146348,1407,unassigned
146349,1407,unassigned
146350,1407,unassigned
146351,1407,unassigned
146352,2429,unassigned
146353,2426,Excitatory_Neuron
146354,2437,GABA_Neuron
146355,2431,unassigned
146356,1407,unassigned
146357,2430,Excitatory_Neuron
146358,1407,unassigned
146359,2425,Astro-Epen
146360,2436,Astro-Epen
146361,1407,unassigned
146362,1407,unassigned
146363,1407,unassigned
146364,1407,unassigned
146365,1407,unassigned
146366,2422,Astro-Epen
146367,2422,Astro-Epen
146368,1407,unassigned
146369,1407,unassigned
146370,2423,GABA_Neuron
146371,2424,Astro-Epen
146372,2426,Excitatory_Neuron
146373,1407,unassigned
146374,2419,Astro-Epen
146375,1407,unassigned
146376,1407,unassigned
146377,1407,unassigned
146378,1407,unassigned
146379,1407,unassigned
146380,1407,unassigned
146381,1407,unassigned
146382,2419,Astro-Epen
146383,2442,Vascular
146384,2442,Vascular
146385,1407,unassigned
146386,1407,unassigned
146387,2432,Excitatory_Neuron
146388,1407,unassigned
146389,2422,Astro-Epen
146390,1407,unassigned
146391,2422,Astro-Epen
146392,2422,Astro-Epen
146393,1407,unassigned
146394,2429,unassigned
146395,2426,Excitatory_Neuron
146396,1407,unassigned
146397,2423,GABA_Neuron
146398,1407,unassigned
146399,1407,unassigned
146400,2426,Excitatory_Neuron
146401,1407,unassigned
146402,1407,unassigned
146403,1407,unassigned
146404,1407,unassigned
146405,2422,Astro-Epen
146406,2428,Astro-Epen
146407,1407,unassigned
146408,1407,unassigned
146409,1407,unassigned
146410,2438,unassigned
146411,2418,unassigned
146412,1407,unassigned
146413,2419,Astro-Epen
146414,2419,Astro-Epen
146415,2425,Astro-Epen
146416,1407,unassigned
146417,1407,unassigned
146418,2439,unassigned
146419,2439,unassigned
146420,1407,unassigned
146421,1407,unassigned
146422,1407,unassigned
146423,1407,unassigned
146424,1407,unassigned
146425,1407,unassigned
146426,2419,Astro-Epen
146427,1407,unassigned
146428,2425,Astro-Epen
146429,1407,unassigned
146430,1407,unassigned
146431,2420,GABA_Neuron
146432,1407,unassigned
146433,1407,unassigned
146434,1407,unassigned
146435,1407,unassigned
146436,2428,Astro-Epen
146437,1407,unassigned
146438,2423,GABA_Neuron
146439,2423,GABA_Neuron
146440,2424,Astro-Epen
146441,1407,unassigned
146442,2436,Astro-Epen
146443,2427,Astro-Epen
146444,1407,unassigned
146445,2420,GABA_Neuron
146446,2427,Astro-Epen
146447,2443,Immune
146448,1407,unassigned
146449,1407,unassigned
146450,1407,unassigned
146451,1407,unassigned
146452,1407,unassigned
146453,2426,Excitatory_Neuron
146454,2437,GABA_Neuron
146455,2431,unassigned
146456,2419,Astro-Epen
146457,1407,unassigned
146458,1407,unassigned
146459,1407,unassigned
146460,2422,Astro-Epen
146461,1407,unassigned
146462,2422,Astro-Epen
146463,1407,unassigned
146464,1407,unassigned
146465,1407,unassigned
146466,1407,unassigned
146467,2424,Astro-Epen
146468,2430,Excitatory_Neuron
146469,2430,Excitatory_Neuron
146470,1407,unassigned
146471,2442,Vascular
146472,2421,Astro-Epen
146473,2427,Astro-Epen
146474,2421,Astro-Epen
146475,1407,unassigned
146476,1407,unassigned
146477,2422,Astro-Epen
146478,2444,unassigned
146479,1407,unassigned
146480,1407,unassigned
146481,1407,unassigned
146482,2426,Excitatory_Neuron
146483,1407,unassigned
146484,1407,unassigned
146485,1407,unassigned
146486,2425,Astro-Epen
146487,1407,unassigned
146488,1407,unassigned
146489,1407,unassigned
146490,1407,unassigned
146491,2427,Astro-Epen
146492,1407,unassigned
146493,1407,unassigned
146494,1407,unassigned
146495,1407,unassigned
146496,1407,unassigned
146497,2431,unassigned
146498,2418,unassigned
146499,1407,unassigned
146500,2425,Astro-Epen
146501,1407,unassigned
146502,1407,unassigned
146503,1407,unassigned
146504,2427,Astro-Epen
146505,1407,unassigned
146506,2421,Astro-Epen
146507,2421,Astro-Epen
146508,2428,Astro-Epen
146509,2423,GABA_Neuron
146510,1407,unassigned
146511,1407,unassigned
146512,2423,GABA_Neuron
146513,2428,Astro-Epen
146514,1407,unassigned
146515,1407,unassigned
146516,1407,unassigned
146517,2425,Astro-Epen
146518,2419,Astro-Epen
146519,2425,Astro-Epen
146520,1407,unassigned
146521,2432,Excitatory_Neuron
146522,2427,Astro-Epen
146523,2422,Astro-Epen
146524,1407,unassigned
146525,1407,unassigned
146526,2429,unassigned
146527,1407,unassigned
146528,1407,unassigned
146529,1407,unassigned
146530,1407,unassigned
146531,1407,unassigned
146532,1407,unassigned
146533,2425,Astro-Epen
146534,2425,Astro-Epen
146535,2425,Astro-Epen
146536,1407,unassigned
146537,1407,unassigned
146538,2432,Excitatory_Neuron
146539,1407,unassigned
146540,2422,Astro-Epen
146541,2428,Astro-Epen
146542,2429,unassigned
146543,2428,Astro-Epen
146544,1407,unassigned
146545,2433,unassigned
146546,1407,unassigned
146547,1407,unassigned
146548,1407,unassigned
146549,1407,unassigned
146550,2421,Astro-Epen
146551,1407,unassigned
146552,2421,Astro-Epen
146553,2421,Astro-Epen
146554,2435,unassigned
146555,2445,unassigned
146556,1407,unassigned
146557,2437,GABA_Neuron
146558,2430,Excitatory_Neuron
146559,2430,Excitatory_Neuron
146560,2425,Astro-Epen
146561,2434,unassigned
146562,1407,unassigned
146563,1407,unassigned
146564,2427,Astro-Epen
146565,1407,unassigned
146566,1407,unassigned
146567,2421,Astro-Epen
146568,2443,Immune
146569,1407,unassigned
146570,1407,unassigned
146571,1407,unassigned
146572,2435,unassigned
146573,1407,unassigned
146574,1407,unassigned
146575,1407,unassigned
146576,1407,unassigned
146577,1407,unassigned
146578,2423,GABA_Neuron
146579,1407,unassigned
146580,1407,unassigned
146581,2431,unassigned
146582,2431,unassigned
146583,2436,Astro-Epen
146584,1407,unassigned
146585,1407,unassigned
146586,1407,unassigned
146587,1407,unassigned
146588,1407,unassigned
146589,1407,unassigned
146590,2423,GABA_Neuron
146591,1407,unassigned
146592,2423,GABA_Neuron
146593,2423,GABA_Neuron
146594,2425,Astro-Epen
146595,1407,unassigned
146596,2442,Vascular
146597,2427,Astro-Epen
146598,1407,unassigned
146599,2420,GABA_Neuron
146600,2421,Astro-Epen
146601,1407,unassigned
146602,1407,unassigned
146603,1407,unassigned
146604,1407,unassigned
146605,2435,unassigned
146606,2425,Astro-Epen
146607,2432,Excitatory_Neuron
146608,1407,unassigned
146609,1407,unassigned
146610,2421,Astro-Epen
146611,2432,Excitatory_Neuron
146612,2421,Astro-Epen
146613,1407,unassigned
146614,1407,unassigned
146615,1407,unassigned
146616,1407,unassigned
146617,1407,unassigned
146618,1407,unassigned
146619,1407,unassigned
146620,2425,Astro-Epen
146621,1407,unassigned
146622,2425,Astro-Epen
146623,1407,unassigned
146624,1407,unassigned
146625,2420,GABA_Neuron
146626,2420,GABA_Neuron
146627,2421,Astro-Epen
146628,1407,unassigned
146629,2435,unassigned
146630,2435,unassigned
146631,1407,unassigned
146632,2426,Excitatory_Neuron
146633,2424,Astro-Epen
146634,2430,Excitatory_Neuron
146635,1407,unassigned
146636,2425,Astro-Epen
146637,2436,Astro-Epen
146638,1407,unassigned
146639,2421,Astro-Epen
146640,2443,Immune
146641,2421,Astro-Epen
146642,2443,Immune
146643,1407,unassigned
146644,1407,unassigned
146645,1407,unassigned
146646,1407,unassigned
146647,1407,unassigned
146648,1407,unassigned
146649,1407,unassigned
146650,1407,unassigned
146651,2419,Astro-Epen
146652,2427,Astro-Epen
146653,2427,Astro-Epen
146654,1407,unassigned
146655,1407,unassigned
146656,1407,unassigned
146657,2420,GABA_Neuron
146658,1407,unassigned
146659,1407,unassigned
146660,1407,unassigned
146661,1407,unassigned
146662,1407,unassigned
146663,1407,unassigned
146664,1407,unassigned
146665,1407,unassigned
146666,2419,Astro-Epen
146667,1407,unassigned
146668,2425,Astro-Epen
146669,1407,unassigned
146670,1407,unassigned
146671,2427,Astro-Epen
146672,1407,unassigned
146673,1407,unassigned
146674,1407,unassigned
146675,1407,unassigned
146676,1407,unassigned
146677,2429,unassigned
146678,1407,unassigned
146679,1407,unassigned
146680,1407,unassigned
146681,1407,unassigned
146682,2425,Astro-Epen
146683,1407,unassigned
146684,1407,unassigned
146685,1407,unassigned
146686,1407,unassigned
146687,1407,unassigned
146688,2422,Astro-Epen
146689,1407,unassigned
146690,2435,unassigned
146691,2435,unassigned
146692,2423,GABA_Neuron
146693,1407,unassigned
146694,2426,Excitatory_Neuron
146695,2426,Excitatory_Neuron
146696,2424,Astro-Epen
146697,1407,unassigned
146698,2419,Astro-Epen
146699,2425,Astro-Epen
146700,1407,unassigned
146701,2425,Astro-Epen
146702,1407,unassigned
146703,2432,Excitatory_Neuron
146704,2420,GABA_Neuron
146705,2420,GABA_Neuron
146706,1407,unassigned
146707,2443,Immune
146708,1407,unassigned
146709,1407,unassigned
146710,1407,unassigned
146711,1407,unassigned
146712,1407,unassigned
146713,1407,unassigned
146714,2438,unassigned
146715,2438,unassigned
146716,1407,unassigned
146717,2430,Excitatory_Neuron
146718,2427,Astro-Epen
146719,1407,unassigned
146720,2421,Astro-Epen
146721,2443,Immune
146722,1407,unassigned
146723,2421,Astro-Epen
146724,1407,unassigned
146725,2446,unassigned
146726,2423,GABA_Neuron
146727,2426,Excitatory_Neuron
146728,2426,Excitatory_Neuron
146729,2430,Excitatory_Neuron
146730,1407,unassigned
146731,1407,unassigned
146732,1407,unassigned
146733,2442,Vascular
146734,1407,unassigned
146735,1407,unassigned
146736,1407,unassigned
146737,2443,Immune
146738,1407,unassigned
146739,1407,unassigned
146740,1407,unassigned
146741,1407,unassigned
146742,1407,unassigned
146743,1407,unassigned
146744,2433,unassigned
146745,2424,Astro-Epen
146746,1407,unassigned
146747,2430,Excitatory_Neuron
146748,2447,unassigned
146749,1407,unassigned
146750,1407,unassigned
146751,2434,unassigned
146752,1407,unassigned
146753,1407,unassigned
146754,2427,Astro-Epen
146755,2427,Astro-Epen
146756,1407,unassigned
146757,1407,unassigned
146758,2420,GABA_Neuron
146759,2421,Astro-Epen
146760,2421,Astro-Epen
146761,2422,Astro-Epen
146762,1407,unassigned
146763,1407,unassigned
146764,1407,unassigned
146765,1407,unassigned
146766,2446,unassigned
146767,1407,unassigned
146768,2433,unassigned
146769,2430,Excitatory_Neuron
146770,1407,unassigned
146771,1407,unassigned
146772,1407,unassigned
146773,1407,unassigned
146774,2421,Astro-Epen
146775,2421,Astro-Epen
146776,2429,unassigned
146777,2428,Astro-Epen
146778,1407,unassigned
146779,1407,unassigned
146780,2419,Astro-Epen
146781,2419,Astro-Epen
146782,1407,unassigned
146783,2427,Astro-Epen
146784,1407,unassigned
146785,1407,unassigned
146786,2427,Astro-Epen
146787,2427,Astro-Epen
146788,1407,unassigned
146789,1407,unassigned
146790,2420,GABA_Neuron
146791,2422,Astro-Epen
146792,1407,unassigned
146793,2423,GABA_Neuron
146794,1407,unassigned
146795,2423,GABA_Neuron
146796,1407,unassigned
146797,1407,unassigned
146798,2448,unassigned
146799,2418,unassigned
146800,1407,unassigned
146801,1407,unassigned
146802,2425,Astro-Epen
146803,1407,unassigned
146804,2432,Excitatory_Neuron
146805,2443,Immune
146806,2427,Astro-Epen
146807,1407,unassigned
146808,2443,Immune
146809,1407,unassigned
146810,1407,unassigned
146811,1407,unassigned
146812,1407,unassigned
146813,1407,unassigned
146814,1407,unassigned
146815,1407,unassigned
146816,2430,Excitatory_Neuron
146817,1407,unassigned
146818,1407,unassigned
146819,1407,unassigned
146820,2427,Astro-Epen
146821,2432,Excitatory_Neuron
146822,2421,Astro-Epen
146823,1407,unassigned
146824,2444,unassigned
146825,1407,unassigned
146826,1407,unassigned
146827,2428,Astro-Epen
146828,1407,unassigned
146829,1407,unassigned
146830,1407,unassigned
146831,1407,unassigned
146832,2437,GABA_Neuron
146833,1407,unassigned
146834,2442,Vascular
146835,2420,GABA_Neuron
146836,2443,Immune
146837,1407,unassigned
146838,2421,Astro-Epen
146839,2420,GABA_Neuron
146840,2439,unassigned
146841,1407,unassigned
146842,1407,unassigned
146843,2422,Astro-Epen
146844,1407,unassigned
146845,1407,unassigned
146846,2424,Astro-Epen
146847,1407,unassigned
146848,1407,unassigned
146849,2425,Astro-Epen
146850,2419,Astro-Epen
146851,1407,unassigned
146852,2427,Astro-Epen
146853,2427,Astro-Epen
146854,2421,Astro-Epen
146855,1407,unassigned
146856,2432,Excitatory_Neuron
146857,2420,GABA_Neuron
146858,1407,unassigned
146859,1407,unassigned
146860,1407,unassigned
146861,1407,unassigned
146862,2428,Astro-Epen
146863,1407,unassigned
146864,1407,unassigned
146865,1407,unassigned
146866,1407,unassigned
146867,2442,Vascular
146868,1407,unassigned
146869,1407,unassigned
146870,1407,unassigned
146871,2432,Excitatory_Neuron
146872,1407,unassigned
146873,1407,unassigned
146874,2422,Astro-Epen
146875,2422,Astro-Epen
146876,1407,unassigned
146877,1407,unassigned
146878,2438,unassigned
146879,2431,unassigned
146880,1407,unassigned
146881,2418,unassigned
146882,2434,unassigned
146883,1407,unassigned
146884,1407,unassigned
146885,2449,Vascular
146886,1407,unassigned
146887,2442,Vascular
146888,2421,Astro-Epen
146889,2443,Immune
146890,1407,unassigned
146891,1407,unassigned
146892,2420,GABA_Neuron
146893,2439,unassigned
146894,2435,unassigned
146895,2428,Astro-Epen
146896,1407,unassigned
146897,1407,unassigned
146898,2426,Excitatory_Neuron
146899,2438,unassigned
146900,2437,GABA_Neuron
146901,1407,unassigned
146902,2430,Excitatory_Neuron
146903,1407,unassigned
146904,2436,Astro-Epen
146905,1407,unassigned
146906,1407,unassigned
146907,1407,unassigned
146908,2427,Astro-Epen
146909,2421,Astro-Epen
146910,1407,unassigned
146911,2432,Excitatory_Neuron
146912,1407,unassigned
146913,2422,Astro-Epen
146914,1407,unassigned
146915,2428,Astro-Epen
146916,2425,Astro-Epen
146917,2425,Astro-Epen
146918,1407,unassigned
146919,1407,unassigned
146920,1407,unassigned
146921,2421,Astro-Epen
146922,2421,Astro-Epen
146923,1407,unassigned
146924,1407,unassigned
146925,1407,unassigned
146926,1407,unassigned
146927,1407,unassigned
146928,1407,unassigned
146929,2428,Astro-Epen
146930,1407,unassigned
146931,2426,Excitatory_Neuron
146932,2433,unassigned
146933,2418,unassigned
146934,2430,Excitatory_Neuron
146935,2419,Astro-Epen
146936,1407,unassigned
146937,1407,unassigned
146938,2425,Astro-Epen
146939,1407,unassigned
146940,1407,unassigned
146941,2446,unassigned
146942,1407,unassigned
146943,1407,unassigned
146944,1407,unassigned
146945,2437,GABA_Neuron
146946,1407,unassigned
146947,1407,unassigned
146948,1407,unassigned
146949,1407,unassigned
146950,1407,unassigned
146951,2427,Astro-Epen
146952,1407,unassigned
146953,2420,GABA_Neuron
146954,1407,unassigned
146955,1407,unassigned
146956,1407,unassigned
146957,1407,unassigned
146958,2424,Astro-Epen
146959,2419,Astro-Epen
146960,2419,Astro-Epen
146961,1407,unassigned
146962,1407,unassigned
146963,2432,Excitatory_Neuron
146964,1407,unassigned
146965,1407,unassigned
146966,1407,unassigned
146967,1407,unassigned
146968,2437,GABA_Neuron
146969,2418,unassigned
146970,1407,unassigned
146971,1407,unassigned
146972,1407,unassigned
146973,1407,unassigned
146974,1407,unassigned
146975,2420,GABA_Neuron
146976,1407,unassigned
146977,2435,unassigned
146978,2435,unassigned
146979,2435,unassigned
146980,2428,Astro-Epen
146981,1407,unassigned
146982,1407,unassigned
146983,2419,Astro-Epen
146984,2419,Astro-Epen
146985,1407,unassigned
146986,2434,unassigned
146987,1407,unassigned
146988,1407,unassigned
146989,1407,unassigned
146990,1407,unassigned
146991,1407,unassigned
146992,1407,unassigned
146993,1407,unassigned
146994,1407,unassigned
146995,1407,unassigned
146996,1407,unassigned
146997,2430,Excitatory_Neuron
146998,1407,unassigned
146999,1407,unassigned
147000,2419,Astro-Epen
147001,2425,Astro-Epen
147002,2425,Astro-Epen
147003,1407,unassigned
147004,1407,unassigned
147005,2427,Astro-Epen
147006,2432,Excitatory_Neuron
147007,2432,Excitatory_Neuron
147008,1407,unassigned
147009,1407,unassigned
147010,2429,unassigned
147011,1407,unassigned
147012,2429,unassigned
147013,2424,Astro-Epen
147014,1407,unassigned
147015,2424,Astro-Epen
147016,1407,unassigned
147017,2430,Excitatory_Neuron
147018,1407,unassigned
147019,1407,unassigned
147020,1407,unassigned
147021,2420,GABA_Neuron
147022,1407,unassigned
147023,1407,unassigned
147024,1407,unassigned
147025,1407,unassigned
147026,2429,unassigned
147027,1407,unassigned
147028,1407,unassigned
147029,2437,GABA_Neuron
147030,1407,unassigned
147031,1407,unassigned
147032,1407,unassigned
147033,1407,unassigned
147034,1407,unassigned
147035,2427,Astro-Epen
147036,1407,unassigned
147037,1407,unassigned
147038,2443,Immune
147039,1407,unassigned
147040,1407,unassigned
147041,1407,unassigned
147042,1407,unassigned
147043,2428,Astro-Epen
147044,1407,unassigned
147045,1407,unassigned
147046,1407,unassigned
147047,2424,Astro-Epen
147048,1407,unassigned
147049,2427,Astro-Epen
147050,2427,Astro-Epen
147051,1407,unassigned
147052,2443,Immune
147053,2426,Excitatory_Neuron
147054,2426,Excitatory_Neuron
147055,1407,unassigned
147056,2437,GABA_Neuron
147057,2437,GABA_Neuron
147058,1407,unassigned
147059,2419,Astro-Epen
147060,1407,unassigned
147061,1407,unassigned
147062,2427,Astro-Epen
147063,2432,Excitatory_Neuron
147064,2432,Excitatory_Neuron
147065,2432,Excitatory_Neuron
147066,2420,GABA_Neuron
147067,1407,unassigned
147068,2432,Excitatory_Neuron
147069,2432,Excitatory_Neuron
147070,2432,Excitatory_Neuron
147071,1407,unassigned
147072,1407,unassigned
147073,1407,unassigned
147074,1407,unassigned
147075,1407,unassigned
147076,2426,Excitatory_Neuron
147077,1407,unassigned
147078,2419,Astro-Epen
147079,2419,Astro-Epen
147080,1407,unassigned
147081,2432,Excitatory_Neuron
147082,2421,Astro-Epen
147083,1407,unassigned
147084,2420,GABA_Neuron
147085,2420,GABA_Neuron
147086,1407,unassigned
147087,1407,unassigned
147088,2421,Astro-Epen
147089,1407,unassigned
147090,2422,Astro-Epen
147091,1407,unassigned
147092,2435,unassigned
147093,1407,unassigned
147094,2429,unassigned
147095,1407,unassigned
147096,1407,unassigned
147097,1407,unassigned
147098,1407,unassigned
147099,2425,Astro-Epen
147100,1407,unassigned
147101,1407,unassigned
147102,2442,Vascular
147103,2443,Immune
147104,2420,GABA_Neuron
147105,1407,unassigned
147106,2420,GABA_Neuron
147107,1407,unassigned
147108,2422,Astro-Epen
147109,1407,unassigned
147110,1407,unassigned
147111,2438,unassigned
147112,2426,Excitatory_Neuron
147113,1407,unassigned
147114,1407,unassigned
147115,2434,unassigned
147116,2436,Astro-Epen
147117,2442,Vascular
147118,2421,Astro-Epen
147119,2432,Excitatory_Neuron
147120,1407,unassigned
147121,2444,unassigned
147122,1407,unassigned
147123,2423,GABA_Neuron
147124,1407,unassigned
147125,1407,unassigned
147126,2426,Excitatory_Neuron
147127,1407,unassigned
147128,2424,Astro-Epen
147129,2424,Astro-Epen
147130,1407,unassigned
147131,2425,Astro-Epen
147132,2436,Astro-Epen
147133,1407,unassigned
147134,1407,unassigned
147135,1407,unassigned
147136,2421,Astro-Epen
147137,1407,unassigned
147138,1407,unassigned
147139,1407,unassigned
147140,1407,unassigned
147141,1407,unassigned
147142,1407,unassigned
147143,1407,unassigned
147144,1407,unassigned
147145,1407,unassigned
147146,2426,Excitatory_Neuron
147147,2424,Astro-Epen
147148,2424,Astro-Epen
147149,2426,Excitatory_Neuron
147150,2437,GABA_Neuron
147151,2450,Astro-Epen
147152,1407,unassigned
147153,2419,Astro-Epen
147154,2425,Astro-Epen
147155,1407,unassigned
147156,1407,unassigned
147157,1407,unassigned
147158,1407,unassigned
147159,2421,Astro-Epen
147160,1407,unassigned
147161,1407,unassigned
147162,1407,unassigned
147163,1407,unassigned
147164,1407,unassigned
147165,1407,unassigned
147166,2435,unassigned
147167,1407,unassigned
147168,1407,unassigned
147169,1407,unassigned
147170,1407,unassigned
147171,2421,Astro-Epen
147172,2432,Excitatory_Neuron
147173,1407,unassigned
147174,1407,unassigned
147175,1407,unassigned
147176,1407,unassigned
147177,1407,unassigned
147178,1407,unassigned
147179,1407,unassigned
147180,2426,Excitatory_Neuron
147181,1407,unassigned
147182,1407,unassigned
147183,1407,unassigned
147184,1407,unassigned
147185,2431,unassigned
147186,1407,unassigned
147187,1407,unassigned
147188,2419,Astro-Epen
147189,2419,Astro-Epen
147190,1407,unassigned
147191,1407,unassigned
147192,2421,Astro-Epen
147193,2432,Excitatory_Neuron
147194,1407,unassigned
147195,2435,unassigned
147196,1407,unassigned
147197,1407,unassigned
147198,2423,GABA_Neuron
147199,1407,unassigned
147200,1407,unassigned
147201,1407,unassigned
147202,1407,unassigned
147203,1407,unassigned
147204,1407,unassigned
147205,1407,unassigned
147206,2425,Astro-Epen
147207,1407,unassigned
147208,1407,unassigned
147209,1407,unassigned
147210,2427,Astro-Epen
147211,2427,Astro-Epen
147212,1407,unassigned
147213,2432,Excitatory_Neuron
147214,1407,unassigned
147215,1407,unassigned
147216,1407,unassigned
147217,1407,unassigned
147218,2451,Immune
147219,1407,unassigned
147220,1407,unassigned
147221,2429,unassigned
147222,1407,unassigned
147223,2424,Astro-Epen
147224,2450,Astro-Epen
147225,2430,Excitatory_Neuron
147226,1407,unassigned
147227,2425,Astro-Epen
147228,1407,unassigned
147229,2432,Excitatory_Neuron
147230,1407,unassigned
147231,2443,Immune
147232,2422,Astro-Epen
147233,1407,unassigned
147234,1407,unassigned
147235,2429,unassigned
147236,1407,unassigned
147237,2446,unassigned
147238,2429,unassigned
147239,2424,Astro-Epen
147240,2431,unassigned
147241,2418,unassigned
147242,1407,unassigned
147243,2434,unassigned
147244,1407,unassigned
147245,2427,Astro-Epen
147246,1407,unassigned
147247,2427,Astro-Epen
147248,1407,unassigned
147249,1407,unassigned
147250,1407,unassigned
147251,1407,unassigned
147252,1407,unassigned
147253,1407,unassigned
147254,2429,unassigned
147255,1407,unassigned
147256,1407,unassigned
147257,1407,unassigned
147258,1407,unassigned
147259,1407,unassigned
147260,1407,unassigned
147261,1407,unassigned
147262,1407,unassigned
147263,1407,unassigned
147264,1407,unassigned
147265,1407,unassigned
147266,2421,Astro-Epen
147267,2432,Excitatory_Neuron
147268,1407,unassigned
147269,2443,Immune
147270,2422,Astro-Epen
147271,1407,unassigned
147272,1407,unassigned
147273,1407,unassigned
147274,1407,unassigned
147275,1407,unassigned
147276,2418,unassigned
147277,1407,unassigned
147278,1407,unassigned
147279,1407,unassigned
147280,1407,unassigned
147281,2427,Astro-Epen
147282,2421,Astro-Epen
147283,2427,Astro-Epen
147284,2443,Immune
147285,2443,Immune
147286,1407,unassigned
147287,1407,unassigned
147288,1407,unassigned
147289,1407,unassigned
147290,1407,unassigned
147291,2444,unassigned
147292,2429,unassigned
147293,2423,GABA_Neuron
147294,2429,unassigned
147295,2446,unassigned
147296,1407,unassigned
147297,1407,unassigned
147298,2426,Excitatory_Neuron
147299,2426,Excitatory_Neuron
147300,1407,unassigned
147301,1407,unassigned
147302,1407,unassigned
147303,2420,GABA_Neuron
147304,1407,unassigned
147305,1407,unassigned
147306,1407,unassigned
147307,2422,Astro-Epen
147308,1407,unassigned
147309,2428,Astro-Epen
147310,1407,unassigned
147311,1407,unassigned
147312,2437,GABA_Neuron
147313,2431,unassigned
147314,2430,Excitatory_Neuron
147315,1407,unassigned
147316,2432,Excitatory_Neuron
147317,1407,unassigned
147318,2422,Astro-Epen
147319,2422,Astro-Epen
147320,2422,Astro-Epen
147321,1407,unassigned
147322,1407,unassigned
147323,1407,unassigned
147324,2423,GABA_Neuron
147325,2423,GABA_Neuron
147326,2446,unassigned
147327,2428,Astro-Epen
147328,1407,unassigned
147329,2452,Immune
147330,2450,Astro-Epen
147331,2430,Excitatory_Neuron
147332,1407,unassigned
147333,1407,unassigned
147334,2419,Astro-Epen
147335,2436,Astro-Epen
147336,1407,unassigned
147337,2427,Astro-Epen
147338,1407,unassigned
147339,1407,unassigned
147340,2432,Excitatory_Neuron
147341,1407,unassigned
147342,1407,unassigned
147343,1407,unassigned
147344,2423,GABA_Neuron
147345,1407,unassigned
147346,1407,unassigned
147347,1407,unassigned
147348,2426,Excitatory_Neuron
147349,1407,unassigned
147350,2453,unassigned
147351,1407,unassigned
147352,1407,unassigned
147353,1407,unassigned
147354,1407,unassigned
147355,1407,unassigned
147356,2436,Astro-Epen
147357,1407,unassigned
147358,2442,Vascular
147359,2427,Astro-Epen
147360,2454,unassigned
147361,1407,unassigned
147362,1407,unassigned
147363,1407,unassigned
147364,1407,unassigned
147365,2429,unassigned
147366,2426,Excitatory_Neuron
147367,1407,unassigned
147368,1407,unassigned
147369,1407,unassigned
147370,1407,unassigned
147371,1407,unassigned
147372,2427,Astro-Epen
147373,1407,unassigned
147374,2422,Astro-Epen
147375,2428,Astro-Epen
147376,2429,unassigned
147377,2423,GABA_Neuron
147378,1407,unassigned
147379,1407,unassigned
147380,2426,Excitatory_Neuron
147381,1407,unassigned
147382,1407,unassigned
147383,2430,Excitatory_Neuron
147384,2450,Astro-Epen
147385,2425,Astro-Epen
147386,1407,unassigned
147387,1407,unassigned
147388,2427,Astro-Epen
147389,1407,unassigned
147390,1407,unassigned
147391,2427,Astro-Epen
147392,1407,unassigned
147393,2439,unassigned
147394,1407,unassigned
147395,1407,unassigned
147396,2423,GABA_Neuron
147397,1407,unassigned
147398,1407,unassigned
147399,1407,unassigned
147400,1407,unassigned
147401,1407,unassigned
147402,1407,unassigned
147403,1407,unassigned
147404,1407,unassigned
147405,1418,GABA_Neuron
147406,1407,unassigned
147407,2428,Astro-Epen
147408,2429,unassigned
147409,2426,Excitatory_Neuron
147410,1407,unassigned
147411,1407,unassigned
147412,2425,Astro-Epen
147413,1407,unassigned
147414,1407,unassigned
147415,1407,unassigned
147416,1407,unassigned
147417,2429,unassigned
147418,1407,unassigned
147419,1407,unassigned
147420,1407,unassigned
147421,1407,unassigned
147422,2424,Astro-Epen
147423,2437,GABA_Neuron
147424,2430,Excitatory_Neuron
147425,1407,unassigned
147426,1407,unassigned
147427,1407,unassigned
147428,1407,unassigned
147429,1407,unassigned
147430,1407,unassigned
147431,1407,unassigned
147432,1407,unassigned
147433,2427,Astro-Epen
147434,1407,unassigned
147435,1407,unassigned
147436,1407,unassigned
147437,1407,unassigned
147438,1407,unassigned
147439,2426,Excitatory_Neuron
147440,1407,unassigned
147441,2419,Astro-Epen
147442,2449,Vascular
147443,2454,unassigned
147444,2427,Astro-Epen
147445,1407,unassigned
147446,2435,unassigned
147447,1407,unassigned
147448,2429,unassigned
147449,2429,unassigned
147450,1407,unassigned
147451,2438,unassigned
147452,1407,unassigned
147453,2431,unassigned
147454,2430,Excitatory_Neuron
147455,2425,Astro-Epen
147456,1407,unassigned
147457,2422,Astro-Epen
147458,2435,unassigned
147459,1407,unassigned
147460,1407,unassigned
147461,2429,unassigned
147462,1407,unassigned
147463,2424,Astro-Epen
147464,1407,unassigned
147465,2418,unassigned
147466,2450,Astro-Epen
147467,2447,unassigned
147468,2450,Astro-Epen
147469,2434,unassigned
147470,2434,unassigned
147471,1407,unassigned
147472,2419,Astro-Epen
147473,1407,unassigned
147474,2427,Astro-Epen
147475,1407,unassigned
147476,1407,unassigned
147477,2427,Astro-Epen
147478,1407,unassigned
147479,1407,unassigned
147480,1407,unassigned
147481,1418,GABA_Neuron
147482,1407,unassigned
147483,1407,unassigned
147484,2426,Excitatory_Neuron
147485,2430,Excitatory_Neuron
147486,2425,Astro-Epen
147487,1407,unassigned
147488,2436,Astro-Epen
147489,1407,unassigned
147490,1407,unassigned
147491,1407,unassigned
147492,1407,unassigned
147493,1407,unassigned
147494,1407,unassigned
147495,1407,unassigned
147496,1407,unassigned
147497,1407,unassigned
147498,2426,Excitatory_Neuron
147499,2437,GABA_Neuron
147500,2431,unassigned
147501,2447,unassigned
147502,1407,unassigned
147503,1407,unassigned
147504,1407,unassigned
147505,2426,Excitatory_Neuron
147506,2455,Excitatory_Neuron
147507,2426,Excitatory_Neuron
147508,1407,unassigned
147509,2450,Astro-Epen
147510,1407,unassigned
147511,2419,Astro-Epen
147512,1407,unassigned
147513,2454,unassigned
147514,2454,unassigned
147515,2454,unassigned
147516,1407,unassigned
147517,2420,GABA_Neuron
147518,1407,unassigned
147519,1407,unassigned
147520,1407,unassigned
147521,2422,Astro-Epen
147522,1407,unassigned
147523,1407,unassigned
147524,2429,unassigned
147525,2452,Immune
147526,2424,Astro-Epen
147527,1407,unassigned
147528,1407,unassigned
147529,2450,Astro-Epen
147530,1407,unassigned
147531,2419,Astro-Epen
147532,1407,unassigned
147533,1407,unassigned
147534,1407,unassigned
147535,2427,Astro-Epen
147536,2432,Excitatory_Neuron
147537,2427,Astro-Epen
147538,1407,unassigned
147539,1407,unassigned
147540,1407,unassigned
147541,2439,unassigned
147542,1407,unassigned
147543,1407,unassigned
147544,1407,unassigned
147545,1407,unassigned
147546,2423,GABA_Neuron
147547,2456,Astro-Epen
147548,1407,unassigned
147549,1407,unassigned
147550,2424,Astro-Epen
147551,2431,unassigned
147552,1407,unassigned
147553,1407,unassigned
147554,1407,unassigned
147555,2442,Vascular
147556,2427,Astro-Epen
147557,2427,Astro-Epen
147558,2427,Astro-Epen
147559,1407,unassigned
147560,1407,unassigned
147561,1407,unassigned
147562,1407,unassigned
147563,1407,unassigned
147564,1407,unassigned
147565,2426,Excitatory_Neuron
147566,2426,Excitatory_Neuron
147567,2441,unassigned
147568,2426,Excitatory_Neuron
147569,2424,Astro-Epen
147570,1407,unassigned
147571,2419,Astro-Epen
147572,1407,unassigned
147573,1407,unassigned
147574,1407,unassigned
147575,1407,unassigned
147576,1407,unassigned
147577,2456,Astro-Epen
147578,2426,Excitatory_Neuron
147579,2418,unassigned
147580,2450,Astro-Epen
147581,2430,Excitatory_Neuron
147582,2418,unassigned
147583,2450,Astro-Epen
147584,1407,unassigned
147585,2442,Vascular
147586,1407,unassigned
147587,2427,Astro-Epen
147588,1407,unassigned
147589,2427,Astro-Epen
147590,1407,unassigned
147591,2422,Astro-Epen
147592,1407,unassigned
147593,2444,unassigned
147594,1407,unassigned
147595,1407,unassigned
147596,1407,unassigned
147597,1407,unassigned
147598,1407,unassigned
147599,2428,Astro-Epen
147600,1407,unassigned
147601,1407,unassigned
147602,2436,Astro-Epen
147603,1407,unassigned
147604,1407,unassigned
147605,1407,unassigned
147606,2454,unassigned
147607,1407,unassigned
147608,1407,unassigned
147609,2452,Immune
147610,2453,unassigned
147611,2426,Excitatory_Neuron
147612,2426,Excitatory_Neuron
147613,1407,unassigned
147614,2418,unassigned
147615,1407,unassigned
147616,2425,Astro-Epen
147617,1407,unassigned
147618,1407,unassigned
147619,2442,Vascular
147620,1407,unassigned
147621,1407,unassigned
147622,2427,Astro-Epen
147623,1407,unassigned
147624,1407,unassigned
147625,1407,unassigned
147626,1407,unassigned
147627,1407,unassigned
147628,2447,unassigned
147629,2419,Astro-Epen
147630,1407,unassigned
147631,2419,Astro-Epen
147632,1407,unassigned
147633,1407,unassigned
147634,2427,Astro-Epen
147635,2427,Astro-Epen
147636,1407,unassigned
147637,1407,unassigned
147638,1407,unassigned
147639,1407,unassigned
147640,2422,Astro-Epen
147641,1407,unassigned
147642,2422,Astro-Epen
147643,1407,unassigned
147644,2428,Astro-Epen
147645,1407,unassigned
147646,1407,unassigned
147647,1407,unassigned
147648,2452,Immune
147649,2426,Excitatory_Neuron
147650,2426,Excitatory_Neuron
147651,1407,unassigned
147652,1407,unassigned
147653,2419,Astro-Epen
147654,2425,Astro-Epen
147655,2419,Astro-Epen
147656,1407,unassigned
147657,1407,unassigned
147658,1407,unassigned
147659,1407,unassigned
147660,1407,unassigned
147661,2432,Excitatory_Neuron
147662,1407,unassigned
147663,1407,unassigned
147664,2422,Astro-Epen
147665,1407,unassigned
147666,2444,unassigned
147667,2444,unassigned
147668,1407,unassigned
147669,1407,unassigned
147670,1407,unassigned
147671,2441,unassigned
147672,2450,Astro-Epen
147673,2434,unassigned
147674,2419,Astro-Epen
147675,2436,Astro-Epen
147676,2442,Vascular
147677,1407,unassigned
147678,2432,Excitatory_Neuron
147679,2457,unassigned
147680,1407,unassigned
147681,1407,unassigned
147682,1407,unassigned
147683,2444,unassigned
147684,1407,unassigned
147685,2456,Astro-Epen
147686,2452,Immune
147687,2452,Immune
147688,1407,unassigned
147689,1407,unassigned
147690,1407,unassigned
147691,2424,Astro-Epen
147692,2455,Excitatory_Neuron
147693,1407,unassigned
147694,1407,unassigned
147695,2437,GABA_Neuron
147696,2447,unassigned
147697,1407,unassigned
147698,2419,Astro-Epen
147699,1407,unassigned
147700,2427,Astro-Epen
147701,1407,unassigned
147702,1407,unassigned
147703,1407,unassigned
147704,2456,Astro-Epen
147705,1407,unassigned
147706,1407,unassigned
147707,1407,unassigned
147708,1407,unassigned
147709,2450,Astro-Epen
147710,1407,unassigned
147711,1407,unassigned
147712,2442,Vascular
147713,1407,unassigned
147714,1407,unassigned
147715,2427,Astro-Epen
147716,2427,Astro-Epen
147717,1407,unassigned
147718,2444,unassigned
147719,2422,Astro-Epen
147720,2423,GABA_Neuron
147721,2452,Immune
147722,2426,Excitatory_Neuron
147723,2424,Astro-Epen
147724,2447,unassigned
147725,2425,Astro-Epen
147726,2436,Astro-Epen
147727,2458,Astro-Epen
147728,2442,Vascular
147729,1407,unassigned
147730,2457,unassigned
147731,1407,unassigned
147732,1407,unassigned
147733,2423,GABA_Neuron
147734,1407,unassigned
147735,1407,unassigned
147736,2452,Immune
147737,2452,Immune
147738,2426,Excitatory_Neuron
147739,2424,Astro-Epen
147740,1407,unassigned
147741,2418,unassigned
147742,2430,Excitatory_Neuron
147743,2450,Astro-Epen
147744,1407,unassigned
147745,2442,Vascular
147746,2427,Astro-Epen
147747,1407,unassigned
147748,2427,Astro-Epen
147749,1407,unassigned
147750,2443,Immune
147751,2432,Excitatory_Neuron
147752,1407,unassigned
147753,1407,unassigned
147754,1407,unassigned
147755,1407,unassigned
147756,2456,Astro-Epen
147757,1407,unassigned
147758,2452,Immune
147759,2438,unassigned
147760,2441,unassigned
147761,1407,unassigned
147762,1407,unassigned
147763,2419,Astro-Epen
147764,2436,Astro-Epen
147765,2436,Astro-Epen
147766,1407,unassigned
147767,1407,unassigned
147768,1407,unassigned
147769,1407,unassigned
147770,2439,unassigned
147771,1407,unassigned
147772,2429,unassigned
147773,2438,unassigned
147774,1407,unassigned
147775,1407,unassigned
147776,2421,Astro-Epen
147777,1407,unassigned
147778,2443,Immune
147779,2443,Immune
147780,2451,Immune
147781,1407,unassigned
147782,2428,Astro-Epen
147783,2426,Excitatory_Neuron
147784,1407,unassigned
147785,2426,Excitatory_Neuron
147786,2441,unassigned
147787,2441,unassigned
147788,2437,GABA_Neuron
147789,2437,GABA_Neuron
147790,2450,Astro-Epen
147791,1407,unassigned
147792,2430,Excitatory_Neuron
147793,2427,Astro-Epen
147794,1407,unassigned
147795,1407,unassigned
147796,1407,unassigned
147797,1407,unassigned
147798,2443,Immune
147799,1407,unassigned
147800,2452,Immune
147801,2452,Immune
147802,2453,unassigned
147803,2448,unassigned
147804,2437,GABA_Neuron
147805,2437,GABA_Neuron
147806,2436,Astro-Epen
147807,2425,Astro-Epen
147808,2442,Vascular
147809,2427,Astro-Epen
147810,1407,unassigned
147811,2443,Immune
147812,1407,unassigned
147813,1407,unassigned
147814,1407,unassigned
147815,2429,unassigned
147816,1407,unassigned
147817,2452,Immune
147818,2455,Excitatory_Neuron
147819,2441,unassigned
147820,1407,unassigned
147821,2419,Astro-Epen
147822,2419,Astro-Epen
147823,2442,Vascular
147824,1407,unassigned
147825,1407,unassigned
147826,1407,unassigned
147827,2452,Immune
147828,2455,Excitatory_Neuron
147829,2437,GABA_Neuron
147830,2437,GABA_Neuron
147831,1407,unassigned
147832,2419,Astro-Epen
147833,2434,unassigned
147834,2434,unassigned
147835,2419,Astro-Epen
147836,2419,Astro-Epen
147837,1407,unassigned
147838,2454,unassigned
147839,1407,unassigned
147840,1407,unassigned
147841,2459,unassigned
147842,1407,unassigned
147843,2455,Excitatory_Neuron
147844,2447,unassigned
147845,2450,Astro-Epen
147846,1407,unassigned
147847,1407,unassigned
147848,1407,unassigned
147849,2419,Astro-Epen
147850,1407,unassigned
147851,1407,unassigned
147852,1407,unassigned
147853,1407,unassigned
147854,1407,unassigned
147855,1407,unassigned
147856,1407,unassigned
147857,1407,unassigned
147858,1407,unassigned
147859,1407,unassigned
147860,2435,unassigned
147861,2428,Astro-Epen
147862,1407,unassigned
147863,2453,unassigned
147864,2441,unassigned
147865,1407,unassigned
147866,1407,unassigned
147867,1407,unassigned
147868,1407,unassigned
147869,2450,Astro-Epen
147870,1407,unassigned
147871,2421,Astro-Epen
147872,2443,Immune
147873,1407,unassigned
147874,1407,unassigned
147875,2429,unassigned
147876,1407,unassigned
147877,2455,Excitatory_Neuron
147878,2455,Excitatory_Neuron
147879,2441,unassigned
147880,2426,Excitatory_Neuron
147881,2448,unassigned
147882,1407,unassigned
147883,1407,unassigned
147884,1407,unassigned
147885,2427,Astro-Epen
147886,1407,unassigned
147887,2443,Immune
147888,1407,unassigned
147889,2428,Astro-Epen
147890,2456,Astro-Epen
147891,2452,Immune
147892,2456,Astro-Epen
147893,2452,Immune
147894,1407,unassigned
147895,2455,Excitatory_Neuron
147896,2438,unassigned
147897,2424,Astro-Epen
147898,1407,unassigned
147899,2418,unassigned
147900,2418,unassigned
147901,1407,unassigned
147902,1407,unassigned
147903,1407,unassigned
147904,1407,unassigned
147905,1407,unassigned
147906,1407,unassigned
147907,1407,unassigned
147908,2442,Vascular
147909,2427,Astro-Epen
147910,1407,unassigned
147911,1407,unassigned
147912,1407,unassigned
147913,1407,unassigned
147914,2428,Astro-Epen
147915,1407,unassigned
147916,2446,unassigned
147917,2436,Astro-Epen
147918,2419,Astro-Epen
147919,1407,unassigned
147920,1407,unassigned
147921,1407,unassigned
147922,1407,unassigned
147923,1407,unassigned
147924,1407,unassigned
147925,1407,unassigned
147926,2427,Astro-Epen
147927,1407,unassigned
147928,1407,unassigned
147929,2451,Immune
147930,2452,Immune
147931,1407,unassigned
147932,1407,unassigned
147933,2424,Astro-Epen
147934,2424,Astro-Epen
147935,2437,GABA_Neuron
147936,1407,unassigned
147937,1407,unassigned
147938,1407,unassigned
147939,1407,unassigned
147940,2432,Excitatory_Neuron
147941,2460,unassigned
147942,1407,unassigned
147943,1407,unassigned
147944,1407,unassigned
147945,2461,Immune
147946,2435,unassigned
147947,1407,unassigned
147948,1407,unassigned
147949,2428,Astro-Epen
147950,2429,unassigned
147951,2456,Astro-Epen
147952,2428,Astro-Epen
147953,1407,unassigned
147954,1407,unassigned
147955,1407,unassigned
147956,2418,unassigned
147957,1407,unassigned
147958,2419,Astro-Epen
147959,2419,Astro-Epen
147960,1407,unassigned
147961,2458,Astro-Epen
147962,1407,unassigned
147963,2427,Astro-Epen
147964,1407,unassigned
147965,1407,unassigned
147966,2427,Astro-Epen
147967,2443,Immune
147968,2422,Astro-Epen
147969,2423,GABA_Neuron
147970,2423,GABA_Neuron
147971,2456,Astro-Epen
147972,2441,unassigned
147973,2424,Astro-Epen
147974,2424,Astro-Epen
147975,2447,unassigned
147976,2430,Excitatory_Neuron
147977,1407,unassigned
147978,2419,Astro-Epen
147979,1407,unassigned
147980,1407,unassigned
147981,2419,Astro-Epen
147982,1407,unassigned
147983,1407,unassigned
147984,2427,Astro-Epen
147985,2443,Immune
147986,1407,unassigned
147987,1407,unassigned
147988,1407,unassigned
147989,1407,unassigned
147990,1407,unassigned
147991,2444,unassigned
147992,2461,Immune
147993,2429,unassigned
147994,2446,unassigned
147995,2446,unassigned
147996,2455,Excitatory_Neuron
147997,2424,Astro-Epen
147998,2437,GABA_Neuron
147999,1407,unassigned
148000,1407,unassigned
148001,2419,Astro-Epen
148002,1407,unassigned
148003,2436,Astro-Epen
148004,2419,Astro-Epen
148005,1407,unassigned
148006,2436,Astro-Epen
148007,1407,unassigned
148008,1407,unassigned
148009,2449,Vascular
148010,1407,unassigned
148011,2421,Astro-Epen
148012,1407,unassigned
148013,2461,Immune
148014,1407,unassigned
148015,1407,unassigned
148016,1407,unassigned
148017,2424,Astro-Epen
148018,2437,GABA_Neuron
148019,2419,Astro-Epen
148020,1407,unassigned
148021,2434,unassigned
148022,2434,unassigned
148023,1407,unassigned
148024,1407,unassigned
148025,1407,unassigned
148026,2427,Astro-Epen
148027,2422,Astro-Epen
148028,2422,Astro-Epen
148029,1407,unassigned
148030,2435,unassigned
148031,1407,unassigned
148032,2428,Astro-Epen
148033,1407,unassigned
148034,1407,unassigned
148035,2450,Astro-Epen
148036,2434,unassigned
148037,2436,Astro-Epen
148038,2419,Astro-Epen
148039,1407,unassigned
148040,1407,unassigned
148041,2427,Astro-Epen
148042,2427,Astro-Epen
148043,2420,GABA_Neuron
148044,1407,unassigned
148045,2459,unassigned
148046,2428,Astro-Epen
148047,2452,Immune
148048,2452,Immune
148049,2441,unassigned
148050,2424,Astro-Epen
148051,2437,GABA_Neuron
148052,2437,GABA_Neuron
148053,2430,Excitatory_Neuron
148054,1407,unassigned
148055,2419,Astro-Epen
148056,1407,unassigned
148057,2442,Vascular
148058,2432,Excitatory_Neuron
148059,2443,Immune
148060,2421,Astro-Epen
148061,1407,unassigned
148062,1407,unassigned
148063,2423,GABA_Neuron
148064,1407,unassigned
148065,1407,unassigned
148066,1407,unassigned
148067,1407,unassigned
148068,2419,Astro-Epen
148069,2449,Vascular
148070,2442,Vascular
148071,2427,Astro-Epen
148072,2443,Immune
148073,2421,Astro-Epen
148074,1407,unassigned
148075,2422,Astro-Epen
148076,1407,unassigned
148077,1407,unassigned
148078,1407,unassigned
148079,1407,unassigned
148080,1407,unassigned
148081,1407,unassigned
148082,1407,unassigned
148083,1407,unassigned
148084,2419,Astro-Epen
148085,1407,unassigned
148086,1407,unassigned
148087,2427,Astro-Epen
148088,1407,unassigned
148089,2432,Excitatory_Neuron
148090,2427,Astro-Epen
148091,1407,unassigned
148092,1407,unassigned
148093,1407,unassigned
148094,1407,unassigned
148095,1407,unassigned
148096,2459,unassigned
148097,1407,unassigned
148098,2424,Astro-Epen
148099,1407,unassigned
148100,2419,Astro-Epen
148101,1407,unassigned
148102,1407,unassigned
148103,1407,unassigned
148104,1407,unassigned
148105,1407,unassigned
148106,1407,unassigned
148107,1407,unassigned
148108,1407,unassigned
148109,2456,Astro-Epen
148110,2424,Astro-Epen
148111,2430,Excitatory_Neuron
148112,1407,unassigned
148113,1407,unassigned
148114,2425,Astro-Epen
148115,2462,unassigned
148116,2419,Astro-Epen
148117,1407,unassigned
148118,2419,Astro-Epen
148119,2449,Vascular
148120,2432,Excitatory_Neuron
148121,2443,Immune
148122,1407,unassigned
148123,1407,unassigned
148124,1407,unassigned
148125,1407,unassigned
148126,1407,unassigned
148127,2446,unassigned
148128,1407,unassigned
148129,2431,unassigned
148130,2430,Excitatory_Neuron
148131,2430,Excitatory_Neuron
148132,1407,unassigned
148133,1407,unassigned
148134,2449,Vascular
148135,2442,Vascular
148136,2442,Vascular
148137,1407,unassigned
148138,2427,Astro-Epen
148139,2427,Astro-Epen
148140,1407,unassigned
148141,1407,unassigned
148142,2446,unassigned
148143,2452,Immune
148144,2452,Immune
148145,2456,Astro-Epen
148146,1407,unassigned
148147,2437,GABA_Neuron
148148,1407,unassigned
148149,1407,unassigned
148150,2419,Astro-Epen
148151,1407,unassigned
148152,1407,unassigned
148153,2442,Vascular
148154,1407,unassigned
148155,1407,unassigned
148156,1407,unassigned
148157,2423,GABA_Neuron
148158,2452,Immune
148159,1407,unassigned
148160,1407,unassigned
148161,2419,Astro-Epen
148162,2419,Astro-Epen
148163,1407,unassigned
148164,1407,unassigned
148165,1407,unassigned
148166,2442,Vascular
148167,1407,unassigned
148168,2421,Astro-Epen
148169,1407,unassigned
148170,1407,unassigned
148171,2434,unassigned
148172,1407,unassigned
148173,2462,unassigned
148174,1407,unassigned
148175,1407,unassigned
148176,2427,Astro-Epen
148177,2443,Immune
148178,1407,unassigned
148179,1407,unassigned
148180,1407,unassigned
148181,2446,unassigned
148182,1407,unassigned
148183,2428,Astro-Epen
148184,1407,unassigned
148185,2462,unassigned
148186,2436,Astro-Epen
148187,1407,unassigned
148188,2427,Astro-Epen
148189,2432,Excitatory_Neuron
148190,1407,unassigned
148191,1407,unassigned
148192,1407,unassigned
148193,2424,Astro-Epen
148194,1407,unassigned
148195,1407,unassigned
148196,1407,unassigned
148197,1407,unassigned
148198,1407,unassigned
148199,2436,Astro-Epen
148200,1407,unassigned
148201,1407,unassigned
148202,2432,Excitatory_Neuron
148203,2443,Immune
148204,1407,unassigned
148205,1407,unassigned
148206,1407,unassigned
148207,1407,unassigned
148208,1407,unassigned
148209,1407,unassigned
148210,2418,unassigned
148211,1407,unassigned
148212,1407,unassigned
148213,2436,Astro-Epen
148214,1407,unassigned
148215,1407,unassigned
148216,2442,Vascular
148217,2421,Astro-Epen
148218,2432,Excitatory_Neuron
148219,1407,unassigned
148220,2443,Immune
148221,2421,Astro-Epen
148222,1407,unassigned
148223,1407,unassigned
148224,2461,Immune
148225,2428,Astro-Epen
148226,1407,unassigned
148227,1407,unassigned
148228,1407,unassigned
148229,2426,Excitatory_Neuron
148230,2424,Astro-Epen
148231,2450,Astro-Epen
148232,2463,unassigned
148233,2425,Astro-Epen
148234,2434,unassigned
148235,2419,Astro-Epen
148236,1407,unassigned
148237,2449,Vascular
148238,2442,Vascular
148239,2442,Vascular
148240,1407,unassigned
148241,2443,Immune
148242,1407,unassigned
148243,1407,unassigned
148244,1407,unassigned
148245,1407,unassigned
148246,2428,Astro-Epen
148247,2428,Astro-Epen
148248,1407,unassigned
148249,2424,Astro-Epen
148250,2437,GABA_Neuron
148251,2437,GABA_Neuron
148252,1407,unassigned
148253,2437,GABA_Neuron
148254,1407,unassigned
148255,2434,unassigned
148256,2419,Astro-Epen
148257,1407,unassigned
148258,2458,Astro-Epen
148259,1407,unassigned
148260,2427,Astro-Epen
148261,1407,unassigned
148262,2443,Immune
148263,1407,unassigned
148264,1407,unassigned
148265,1407,unassigned
148266,1407,unassigned
148267,1407,unassigned
148268,1407,unassigned
148269,1407,unassigned
148270,2446,unassigned
148271,2455,Excitatory_Neuron
148272,1407,unassigned
148273,1407,unassigned
148274,1407,unassigned
148275,2451,Immune
148276,1407,unassigned
148277,1407,unassigned
148278,2423,GABA_Neuron
148279,1407,unassigned
148280,1407,unassigned
148281,2430,Excitatory_Neuron
148282,1407,unassigned
148283,2419,Astro-Epen
148284,1407,unassigned
148285,2427,Astro-Epen
148286,2460,unassigned
148287,2427,Astro-Epen
148288,1407,unassigned
148289,2451,Immune
148290,1407,unassigned
148291,2451,Immune
148292,1407,unassigned
148293,1407,unassigned
148294,1407,unassigned
148295,1407,unassigned
148296,1407,unassigned
148297,2424,Astro-Epen
148298,1407,unassigned
148299,2437,GABA_Neuron
148300,1407,unassigned
148301,1407,unassigned
148302,2419,Astro-Epen
148303,1407,unassigned
148304,2436,Astro-Epen
148305,1407,unassigned
148306,1407,unassigned
148307,2442,Vascular
148308,2427,Astro-Epen
148309,2461,Immune
148310,2428,Astro-Epen
148311,2423,GABA_Neuron
148312,1407,unassigned
148313,1407,unassigned
148314,1407,unassigned
148315,1407,unassigned
148316,2436,Astro-Epen
148317,1407,unassigned
148318,1407,unassigned
148319,1407,unassigned
148320,1407,unassigned
148321,1407,unassigned
148322,1407,unassigned
148323,2428,Astro-Epen
148324,1407,unassigned
148325,2446,unassigned
148326,2452,Immune
148327,1407,unassigned
148328,1407,unassigned
148329,1407,unassigned
148330,2425,Astro-Epen
148331,1407,unassigned
148332,2436,Astro-Epen
148333,2462,unassigned
148334,2436,Astro-Epen
148335,1407,unassigned
148336,1407,unassigned
148337,2458,Astro-Epen
148338,1407,unassigned
148339,1407,unassigned
148340,2427,Astro-Epen
148341,1407,unassigned
148342,1407,unassigned
148343,1407,unassigned
148344,1407,unassigned
148345,2428,Astro-Epen
148346,2426,Excitatory_Neuron
148347,2426,Excitatory_Neuron
148348,1407,unassigned
148349,1407,unassigned
148350,2450,Astro-Epen
148351,2418,unassigned
148352,2430,Excitatory_Neuron
148353,1407,unassigned
148354,2427,Astro-Epen
148355,2428,Astro-Epen
148356,1407,unassigned
148357,1407,unassigned
148358,1407,unassigned
148359,2448,unassigned
148360,2437,GABA_Neuron
148361,2449,Vascular
148362,2442,Vascular
148363,2443,Immune
148364,1407,unassigned
148365,2451,Immune
148366,1407,unassigned
148367,1407,unassigned
148368,2424,Astro-Epen
148369,1407,unassigned
148370,2418,unassigned
148371,2430,Excitatory_Neuron
148372,1407,unassigned
148373,1407,unassigned
148374,2432,Excitatory_Neuron
148375,2432,Excitatory_Neuron
148376,1407,unassigned
148377,2451,Immune
148378,1407,unassigned
148379,2464,unassigned
148380,1407,unassigned
148381,1407,unassigned
148382,1407,unassigned
148383,2456,Astro-Epen
148384,1407,unassigned
148385,2456,Astro-Epen
148386,1407,unassigned
148387,1407,unassigned
148388,2419,Astro-Epen
148389,2462,unassigned
148390,1407,unassigned
148391,2449,Vascular
148392,1407,unassigned
148393,2442,Vascular
148394,1407,unassigned
148395,2460,unassigned
148396,1407,unassigned
148397,1407,unassigned
148398,2461,Immune
148399,1407,unassigned
148400,1407,unassigned
148401,2461,Immune
148402,1407,unassigned
148403,2446,unassigned
148404,1407,unassigned
148405,1407,unassigned
148406,2456,Astro-Epen
148407,1407,unassigned
148408,2418,unassigned
148409,1407,unassigned
148410,2419,Astro-Epen
148411,2436,Astro-Epen
148412,2449,Vascular
148413,1407,unassigned
148414,2427,Astro-Epen
148415,2442,Vascular
148416,1407,unassigned
148417,2451,Immune
148418,1407,unassigned
148419,1407,unassigned
148420,1407,unassigned
148421,1407,unassigned
148422,1407,unassigned
148423,1407,unassigned
148424,1407,unassigned
148425,1407,unassigned
148426,2461,Immune
148427,1407,unassigned
148428,1407,unassigned
148429,1407,unassigned
148430,2423,GABA_Neuron
148431,2456,Astro-Epen
148432,2424,Astro-Epen
148433,2424,Astro-Epen
148434,1407,unassigned
148435,2447,unassigned
148436,2419,Astro-Epen
148437,2434,unassigned
148438,1407,unassigned
148439,2458,Astro-Epen
148440,2432,Excitatory_Neuron
148441,2449,Vascular
148442,2442,Vascular
148443,2465,Astro-Epen
148444,2466,unassigned
148445,2461,Immune
148446,1407,unassigned
148447,2461,Immune
148448,1407,unassigned
148449,2429,unassigned
148450,2428,Astro-Epen
148451,1407,unassigned
148452,2455,Excitatory_Neuron
148453,1407,unassigned
148454,2424,Astro-Epen
148455,1407,unassigned
148456,1407,unassigned
148457,2437,GABA_Neuron
148458,1407,unassigned
148459,2419,Astro-Epen
148460,1407,unassigned
148461,1407,unassigned
148462,2427,Astro-Epen
148463,1407,unassigned
148464,1407,unassigned
148465,1407,unassigned
148466,1407,unassigned
148467,2428,Astro-Epen
148468,2455,Excitatory_Neuron
148469,1407,unassigned
148470,2447,unassigned
148471,1407,unassigned
148472,2462,unassigned
148473,2462,unassigned
148474,2436,Astro-Epen
148475,2449,Vascular
148476,2419,Astro-Epen
148477,2449,Vascular
148478,2449,Vascular
148479,2458,Astro-Epen
148480,2427,Astro-Epen
148481,2432,Excitatory_Neuron
148482,2427,Astro-Epen
148483,1407,unassigned
148484,2461,Immune
148485,1407,unassigned
148486,1407,unassigned
148487,1407,unassigned
148488,2456,Astro-Epen
148489,2424,Astro-Epen
148490,2418,unassigned
148491,1407,unassigned
148492,1407,unassigned
148493,1407,unassigned
148494,2436,Astro-Epen
148495,2427,Astro-Epen
148496,2432,Excitatory_Neuron
148497,1407,unassigned
148498,2443,Immune
148499,1407,unassigned
148500,1407,unassigned
148501,2428,Astro-Epen
148502,1407,unassigned
148503,1407,unassigned
148504,2446,unassigned
148505,1407,unassigned
148506,2424,Astro-Epen
148507,1407,unassigned
148508,1407,unassigned
148509,2450,Astro-Epen
148510,2419,Astro-Epen
148511,1407,unassigned
148512,1407,unassigned
148513,2442,Vascular
148514,2432,Excitatory_Neuron
148515,2432,Excitatory_Neuron
148516,2443,Immune
148517,2460,unassigned
148518,1407,unassigned
148519,1407,unassigned
148520,2467,unassigned
148521,1407,unassigned
148522,1407,unassigned
148523,2424,Astro-Epen
148524,1407,unassigned
148525,2449,Vascular
148526,2442,Vascular
148527,1407,unassigned
148528,1407,unassigned
148529,1407,unassigned
148530,1407,unassigned
148531,1407,unassigned
148532,2446,unassigned
148533,1407,unassigned
148534,2452,Immune
148535,2456,Astro-Epen
148536,2452,Immune
148537,2424,Astro-Epen
148538,2424,Astro-Epen
148539,2418,unassigned
148540,1407,unassigned
148541,2449,Vascular
148542,2427,Astro-Epen
148543,2432,Excitatory_Neuron
148544,2460,unassigned
148545,2427,Astro-Epen
148546,2451,Immune
148547,2446,unassigned
148548,2452,Immune
148549,2455,Excitatory_Neuron
148550,1407,unassigned
148551,2419,Astro-Epen
148552,2419,Astro-Epen
148553,2449,Vascular
148554,1407,unassigned
148555,1407,unassigned
148556,1407,unassigned
148557,2461,Immune
148558,1407,unassigned
148559,1407,unassigned
148560,2428,Astro-Epen
148561,2456,Astro-Epen
148562,2455,Excitatory_Neuron
148563,1407,unassigned
148564,2462,unassigned
148565,2449,Vascular
148566,2465,Astro-Epen
148567,2443,Immune
148568,2443,Immune
148569,1407,unassigned
148570,2461,Immune
148571,1407,unassigned
148572,2423,GABA_Neuron
148573,2428,Astro-Epen
148574,1407,unassigned
148575,2453,unassigned
148576,2455,Excitatory_Neuron
148577,2437,GABA_Neuron
148578,2434,unassigned
148579,1407,unassigned
148580,1407,unassigned
148581,2449,Vascular
148582,2449,Vascular
148583,1407,unassigned
148584,2427,Astro-Epen
148585,2432,Excitatory_Neuron
148586,2443,Immune
148587,2443,Immune
148588,1407,unassigned
148589,1407,unassigned
148590,2461,Immune
148591,1407,unassigned
148592,1407,unassigned
148593,1407,unassigned
148594,2428,Astro-Epen
148595,2423,GABA_Neuron
148596,2453,unassigned
148597,2452,Immune
148598,2438,unassigned
148599,2438,unassigned
148600,1407,unassigned
148601,2449,Vascular
148602,2442,Vascular
148603,1407,unassigned
148604,1407,unassigned
148605,2432,Excitatory_Neuron
148606,1407,unassigned
148607,1407,unassigned
148608,1407,unassigned
148609,1407,unassigned
148610,1407,unassigned
148611,2465,Astro-Epen
148612,2460,unassigned
148613,1407,unassigned
148614,1407,unassigned
148615,2451,Immune
148616,1407,unassigned
148617,2428,Astro-Epen
148618,2452,Immune
148619,2424,Astro-Epen
148620,2425,Astro-Epen
148621,2419,Astro-Epen
148622,2462,unassigned
148623,2442,Vascular
148624,2427,Astro-Epen
148625,2432,Excitatory_Neuron
148626,1407,unassigned
148627,1407,unassigned
148628,1407,unassigned
148629,1407,unassigned
148630,1407,unassigned
148631,1407,unassigned
148632,1407,unassigned
148633,2453,unassigned
148634,1407,unassigned
148635,2425,Astro-Epen
148636,1407,unassigned
148637,2436,Astro-Epen
148638,1407,unassigned
148639,1407,unassigned
148640,2432,Excitatory_Neuron
148641,1407,unassigned
148642,1407,unassigned
148643,2461,Immune
148644,1407,unassigned
148645,1407,unassigned
148646,1407,unassigned
148647,2428,Astro-Epen
148648,2453,unassigned
148649,2425,Astro-Epen
148650,2419,Astro-Epen
148651,1407,unassigned
148652,2458,Astro-Epen
148653,2449,Vascular
148654,1407,unassigned
148655,2427,Astro-Epen
148656,1407,unassigned
148657,2460,unassigned
148658,1407,unassigned
148659,2423,GABA_Neuron
148660,2426,Excitatory_Neuron
148661,1407,unassigned
148662,2455,Excitatory_Neuron
148663,2425,Astro-Epen
148664,2442,Vascular
148665,2427,Astro-Epen
148666,1407,unassigned
148667,1407,unassigned
148668,1407,unassigned
148669,1407,unassigned
148670,2443,Immune
148671,2443,Immune
148672,1407,unassigned
148673,1407,unassigned
148674,1407,unassigned
148675,2468,unassigned
148676,2456,Astro-Epen
148677,2453,unassigned
148678,2447,unassigned
148679,2447,unassigned
148680,1407,unassigned
148681,2425,Astro-Epen
148682,1407,unassigned
148683,2419,Astro-Epen
148684,1407,unassigned
148685,1407,unassigned
148686,2466,unassigned
148687,2465,Astro-Epen
148688,2432,Excitatory_Neuron
148689,1418,GABA_Neuron
148690,2428,Astro-Epen
148691,1407,unassigned
148692,2455,Excitatory_Neuron
148693,2438,unassigned
148694,1407,unassigned
148695,1407,unassigned
148696,2437,GABA_Neuron
148697,2430,Excitatory_Neuron
148698,1407,unassigned
148699,2419,Astro-Epen
148700,2419,Astro-Epen
148701,2436,Astro-Epen
148702,1407,unassigned
148703,1407,unassigned
148704,2449,Vascular
148705,2449,Vascular
148706,2442,Vascular
148707,1407,unassigned
148708,1407,unassigned
148709,2461,Immune
148710,1418,GABA_Neuron
148711,1407,unassigned
148712,1407,unassigned
148713,1407,unassigned
148714,1407,unassigned
148715,1407,unassigned
148716,2427,Astro-Epen
148717,2458,Astro-Epen
148718,1407,unassigned
148719,1407,unassigned
148720,1407,unassigned
148721,1407,unassigned
148722,1407,unassigned
148723,1407,unassigned
148724,1407,unassigned
148725,1407,unassigned
148726,2464,unassigned
148727,1407,unassigned
148728,2437,GABA_Neuron
148729,1407,unassigned
148730,1407,unassigned
148731,2449,Vascular
148732,2419,Astro-Epen
148733,2449,Vascular
148734,2442,Vascular
148735,2458,Astro-Epen
148736,2443,Immune
148737,1407,unassigned
148738,2460,unassigned
148739,1407,unassigned
148740,2443,Immune
148741,2451,Immune
148742,1407,unassigned
148743,1407,unassigned
148744,1407,unassigned
148745,1407,unassigned
148746,2424,Astro-Epen
148747,2469,unassigned
148748,2436,Astro-Epen
148749,2427,Astro-Epen
148750,2432,Excitatory_Neuron
148751,1407,unassigned
148752,2467,unassigned
148753,2428,Astro-Epen
148754,2446,unassigned
148755,1407,unassigned
148756,1407,unassigned
148757,1407,unassigned
148758,2419,Astro-Epen
148759,1407,unassigned
148760,2419,Astro-Epen
148761,1407,unassigned
148762,2427,Astro-Epen
148763,2443,Immune
148764,2427,Astro-Epen
148765,1407,unassigned
148766,1407,unassigned
148767,2443,Immune
148768,1407,unassigned
148769,1407,unassigned
148770,1407,unassigned
148771,1407,unassigned
148772,2437,GABA_Neuron
148773,2450,Astro-Epen
148774,2419,Astro-Epen
148775,2458,Astro-Epen
148776,1407,unassigned
148777,2442,Vascular
148778,2427,Astro-Epen
148779,1407,unassigned
148780,1407,unassigned
148781,2461,Immune
148782,1407,unassigned
148783,1407,unassigned
148784,1407,unassigned
148785,1407,unassigned
148786,2452,Immune
148787,1407,unassigned
148788,2438,unassigned
148789,1407,unassigned
148790,2449,Vascular
148791,1407,unassigned
148792,2461,Immune
148793,1407,unassigned
148794,1407,unassigned
148795,2424,Astro-Epen
148796,1407,unassigned
148797,1407,unassigned
148798,2419,Astro-Epen
148799,2419,Astro-Epen
148800,2449,Vascular
148801,2465,Astro-Epen
148802,2470,unassigned
148803,1418,GABA_Neuron
148804,1407,unassigned
148805,2461,Immune
148806,1418,GABA_Neuron
148807,1407,unassigned
148808,1407,unassigned
148809,2452,Immune
148810,1407,unassigned
148811,2456,Astro-Epen
148812,2452,Immune
148813,2424,Astro-Epen
148814,1407,unassigned
148815,1407,unassigned
148816,2418,unassigned
148817,1407,unassigned
148818,1407,unassigned
148819,1407,unassigned
148820,2462,unassigned
148821,2419,Astro-Epen
148822,2427,Astro-Epen
148823,1407,unassigned
148824,2427,Astro-Epen
148825,1407,unassigned
148826,1407,unassigned
148827,1407,unassigned
148828,1407,unassigned
148829,2471,Astro-Epen
148830,2451,Immune
148831,1407,unassigned
148832,2467,unassigned
148833,1418,GABA_Neuron
148834,2428,Astro-Epen
148835,1407,unassigned
148836,1407,unassigned
148837,1407,unassigned
148838,1407,unassigned
148839,1407,unassigned
148840,2418,unassigned
148841,2425,Astro-Epen
148842,2419,Astro-Epen
148843,2427,Astro-Epen
148844,1407,unassigned
148845,2442,Vascular
148846,1407,unassigned
148847,2427,Astro-Epen
148848,2427,Astro-Epen
148849,2443,Immune
148850,2461,Immune
148851,2428,Astro-Epen
148852,2428,Astro-Epen
148853,2434,unassigned
148854,2419,Astro-Epen
148855,1407,unassigned
148856,2427,Astro-Epen
148857,2449,Vascular
148858,2432,Excitatory_Neuron
148859,1407,unassigned
148860,1407,unassigned
148861,2461,Immune
148862,1407,unassigned
148863,1407,unassigned
148864,2455,Excitatory_Neuron
148865,2438,unassigned
148866,2456,Astro-Epen
148867,1407,unassigned
148868,2469,unassigned
148869,1407,unassigned
148870,1407,unassigned
148871,1407,unassigned
148872,1407,unassigned
148873,2462,unassigned
148874,2462,unassigned
148875,2436,Astro-Epen
148876,2427,Astro-Epen
148877,2465,Astro-Epen
148878,2442,Vascular
148879,1407,unassigned
148880,2461,Immune
148881,1407,unassigned
148882,1407,unassigned
148883,2451,Immune
148884,1418,GABA_Neuron
148885,1407,unassigned
148886,2423,GABA_Neuron
148887,2452,Immune
148888,1407,unassigned
148889,1407,unassigned
148890,1407,unassigned
148891,2452,Immune
148892,1407,unassigned
148893,2419,Astro-Epen
148894,2419,Astro-Epen
148895,2419,Astro-Epen
148896,2449,Vascular
148897,2449,Vascular
148898,1407,unassigned
148899,2442,Vascular
148900,2443,Immune
148901,2465,Astro-Epen
148902,2451,Immune
148903,1407,unassigned
148904,1407,unassigned
148905,1407,unassigned
148906,2428,Astro-Epen
148907,2456,Astro-Epen
148908,2456,Astro-Epen
148909,2456,Astro-Epen
148910,2452,Immune
148911,1407,unassigned
148912,2469,unassigned
148913,2450,Astro-Epen
148914,2434,unassigned
148915,2434,unassigned
148916,2419,Astro-Epen
148917,1407,unassigned
148918,1407,unassigned
148919,2427,Astro-Epen
148920,2470,unassigned
148921,2451,Immune
148922,1407,unassigned
148923,1407,unassigned
148924,1407,unassigned
148925,2419,Astro-Epen
148926,2427,Astro-Epen
148927,2427,Astro-Epen
148928,1407,unassigned
148929,1407,unassigned
148930,1407,unassigned
148931,2470,unassigned
148932,1407,unassigned
148933,1407,unassigned
148934,1407,unassigned
148935,1407,unassigned
148936,1407,unassigned
148937,1407,unassigned
148938,2438,unassigned
148939,1407,unassigned
148940,1407,unassigned
148941,1407,unassigned
148942,1407,unassigned
148943,2427,Astro-Epen
148944,1407,unassigned
148945,1407,unassigned
148946,2432,Excitatory_Neuron
148947,2443,Immune
148948,1407,unassigned
148949,1407,unassigned
148950,2451,Immune
148951,2461,Immune
148952,2428,Astro-Epen
148953,1407,unassigned
148954,2428,Astro-Epen
148955,2437,GABA_Neuron
148956,1407,unassigned
148957,1407,unassigned
148958,1407,unassigned
148959,2462,unassigned
148960,1407,unassigned
148961,1407,unassigned
148962,1407,unassigned
148963,2443,Immune
148964,2432,Excitatory_Neuron
148965,2460,unassigned
148966,1407,unassigned
148967,2471,Astro-Epen
148968,2428,Astro-Epen
148969,2446,unassigned
148970,2456,Astro-Epen
148971,1407,unassigned
148972,2452,Immune
148973,2424,Astro-Epen
148974,2455,Excitatory_Neuron
148975,2455,Excitatory_Neuron
148976,1407,unassigned
148977,1407,unassigned
148978,2451,Immune
148979,1407,unassigned
148980,2471,Astro-Epen
148981,1407,unassigned
148982,1407,unassigned
148983,2464,unassigned
148984,1407,unassigned
148985,2419,Astro-Epen
148986,1407,unassigned
148987,2458,Astro-Epen
148988,1407,unassigned
148989,2460,unassigned
148990,2451,Immune
148991,1407,unassigned
148992,1407,unassigned
148993,2428,Astro-Epen
148994,2428,Astro-Epen
148995,1407,unassigned
148996,1407,unassigned
148997,1407,unassigned
148998,1407,unassigned
148999,1407,unassigned
149000,2451,Immune
149001,1407,unassigned
149002,1418,GABA_Neuron
149003,1407,unassigned
149004,1407,unassigned
149005,2428,Astro-Epen
149006,2456,Astro-Epen
149007,1407,unassigned
149008,1407,unassigned
149009,1407,unassigned
149010,1407,unassigned
149011,2438,unassigned
149012,1407,unassigned
149013,1407,unassigned
149014,2469,unassigned
149015,1407,unassigned
149016,1407,unassigned
149017,1407,unassigned
149018,1407,unassigned
149019,1407,unassigned
149020,1407,unassigned
149021,1407,unassigned
149022,2451,Immune
149023,2451,Immune
149024,2428,Astro-Epen
149025,1407,unassigned
149026,1407,unassigned
149027,1407,unassigned
149028,1407,unassigned
149029,1407,unassigned
149030,2438,unassigned
149031,1407,unassigned
149032,1407,unassigned
149033,1407,unassigned
149034,1407,unassigned
149035,1407,unassigned
149036,2419,Astro-Epen
149037,2419,Astro-Epen
149038,2427,Astro-Epen
149039,1407,unassigned
149040,2458,Astro-Epen
149041,1407,unassigned
149042,1407,unassigned
149043,2443,Immune
149044,1407,unassigned
149045,1407,unassigned
149046,2461,Immune
149047,1407,unassigned
149048,1418,GABA_Neuron
149049,1407,unassigned
149050,2438,unassigned
149051,1407,unassigned
149052,1407,unassigned
149053,2442,Vascular
149054,2427,Astro-Epen
149055,1407,unassigned
149056,2432,Excitatory_Neuron
149057,2427,Astro-Epen
149058,2427,Astro-Epen
149059,2460,unassigned
149060,1407,unassigned
149061,2451,Immune
149062,2451,Immune
149063,2464,unassigned
149064,2464,unassigned
149065,2438,unassigned
149066,2438,unassigned
149067,2472,unassigned
149068,1407,unassigned
149069,1407,unassigned
149070,1407,unassigned
149071,2462,unassigned
149072,2419,Astro-Epen
149073,2458,Astro-Epen
149074,2458,Astro-Epen
149075,2458,Astro-Epen
149076,1407,unassigned
149077,2443,Immune
149078,2443,Immune
149079,1407,unassigned
149080,1407,unassigned
149081,2443,Immune
149082,2470,unassigned
149083,1407,unassigned
149084,2451,Immune
149085,1407,unassigned
149086,1407,unassigned
149087,2464,unassigned
149088,1407,unassigned
149089,2428,Astro-Epen
149090,1407,unassigned
149091,2455,Excitatory_Neuron
149092,2455,Excitatory_Neuron
149093,2437,GABA_Neuron
149094,1407,unassigned
149095,1407,unassigned
149096,1407,unassigned
149097,1407,unassigned
149098,1407,unassigned
149099,2449,Vascular
149100,1407,unassigned
149101,2443,Immune
149102,1407,unassigned
149103,1407,unassigned
149104,1407,unassigned
149105,1407,unassigned
149106,2461,Immune
149107,2461,Immune
149108,2451,Immune
149109,1407,unassigned
149110,1418,GABA_Neuron
149111,2456,Astro-Epen
149112,2455,Excitatory_Neuron
149113,1407,unassigned
149114,1407,unassigned
149115,1407,unassigned
149116,2437,GABA_Neuron
149117,1407,unassigned
149118,1407,unassigned
149119,2419,Astro-Epen
149120,2449,Vascular
149121,1407,unassigned
149122,1407,unassigned
149123,2460,unassigned
149124,2461,Immune
149125,1407,unassigned
149126,2455,Excitatory_Neuron
149127,1407,unassigned
149128,1407,unassigned
149129,2442,Vascular
149130,2427,Astro-Epen
149131,2449,Vascular
149132,2465,Astro-Epen
149133,2443,Immune
149134,1407,unassigned
149135,2470,unassigned
149136,1407,unassigned
149137,2467,unassigned
149138,2428,Astro-Epen
149139,1407,unassigned
149140,2456,Astro-Epen
149141,1407,unassigned
149142,1407,unassigned
149143,1407,unassigned
149144,1407,unassigned
149145,2442,Vascular
149146,2427,Astro-Epen
149147,1407,unassigned
149148,1407,unassigned
149149,2443,Immune
149150,1418,GABA_Neuron
149151,2461,Immune
149152,2464,unassigned
149153,1407,unassigned
149154,1407,unassigned
149155,1407,unassigned
149156,2419,Astro-Epen
149157,2436,Astro-Epen
149158,1407,unassigned
149159,2465,Astro-Epen
149160,2460,unassigned
149161,1407,unassigned
149162,1407,unassigned
149163,1407,unassigned
149164,1407,unassigned
149165,1407,unassigned
149166,2451,Immune
149167,2461,Immune
149168,2461,Immune
149169,2467,unassigned
149170,2446,unassigned
149171,1407,unassigned
149172,1407,unassigned
149173,1407,unassigned
149174,1407,unassigned
149175,2458,Astro-Epen
149176,2442,Vascular
149177,2443,Immune
149178,2443,Immune
149179,1407,unassigned
149180,2470,unassigned
149181,2461,Immune
149182,1407,unassigned
149183,1407,unassigned
149184,2438,unassigned
149185,2455,Excitatory_Neuron
149186,1407,unassigned
149187,1407,unassigned
149188,1407,unassigned
149189,1407,unassigned
149190,1407,unassigned
149191,2442,Vascular
149192,1407,unassigned
149193,1407,unassigned
149194,2427,Astro-Epen
149195,2470,unassigned
149196,1407,unassigned
149197,1407,unassigned
149198,2451,Immune
149199,2451,Immune
149200,2461,Immune
149201,1407,unassigned
149202,1407,unassigned
149203,1407,unassigned
149204,1407,unassigned
149205,2468,unassigned
149206,2428,Astro-Epen
149207,1407,unassigned
149208,1407,unassigned
149209,1407,unassigned
149210,1407,unassigned
149211,1407,unassigned
149212,1407,unassigned
149213,2427,Astro-Epen
149214,2427,Astro-Epen
149215,2427,Astro-Epen
149216,2465,Astro-Epen
149217,1407,unassigned
149218,1407,unassigned
149219,1407,unassigned
149220,1407,unassigned
149221,1407,unassigned
149222,1407,unassigned
149223,1407,unassigned
149224,2456,Astro-Epen
149225,1407,unassigned
149226,1407,unassigned
149227,1407,unassigned
149228,1407,unassigned
149229,2455,Excitatory_Neuron
149230,1407,unassigned
149231,1407,unassigned
149232,1407,unassigned
149233,2442,Vascular
149234,1407,unassigned
149235,1407,unassigned
149236,1418,GABA_Neuron
149237,1407,unassigned
149238,2428,Astro-Epen
149239,1407,unassigned
149240,1407,unassigned
149241,2456,Astro-Epen
149242,2456,Astro-Epen
149243,2456,Astro-Epen
149244,1407,unassigned
149245,1407,unassigned
149246,2419,Astro-Epen
149247,2419,Astro-Epen
149248,2462,unassigned
149249,1407,unassigned
149250,1407,unassigned
149251,2436,Astro-Epen
149252,1407,unassigned
149253,2458,Astro-Epen
149254,1407,unassigned
149255,1407,unassigned
149256,2470,unassigned
149257,2470,unassigned
149258,2461,Immune
149259,1407,unassigned
149260,1407,unassigned
149261,1407,unassigned
149262,1407,unassigned
149263,2468,unassigned
149264,2452,Immune
149265,1407,unassigned
149266,1407,unassigned
149267,2462,unassigned
149268,2419,Astro-Epen
149269,1407,unassigned
149270,2443,Immune
149271,2460,unassigned
149272,2443,Immune
149273,2432,Excitatory_Neuron
149274,1407,unassigned
149275,2451,Immune
149276,1407,unassigned
149277,1407,unassigned
149278,1407,unassigned
149279,1407,unassigned
149280,2443,Immune
149281,2432,Excitatory_Neuron
149282,1407,unassigned
149283,2443,Immune
149284,1407,unassigned
149285,1407,unassigned
149286,1407,unassigned
149287,2461,Immune
149288,1407,unassigned
149289,1407,unassigned
149290,1407,unassigned
149291,1407,unassigned
149292,2465,Astro-Epen
149293,2465,Astro-Epen
149294,2470,unassigned
149295,2461,Immune
149296,2464,unassigned
149297,1407,unassigned
149298,1407,unassigned
149299,2438,unassigned
149300,1407,unassigned
149301,2419,Astro-Epen
149302,1407,unassigned
149303,1407,unassigned
149304,2436,Astro-Epen
149305,1407,unassigned
149306,2442,Vascular
149307,1407,unassigned
149308,2432,Excitatory_Neuron
149309,2470,unassigned
149310,2461,Immune
149311,1407,unassigned
149312,2464,unassigned
149313,1407,unassigned
149314,1407,unassigned
149315,1407,unassigned
149316,2438,unassigned
149317,1407,unassigned
149318,1407,unassigned
149319,1407,unassigned
149320,1407,unassigned
149321,2432,Excitatory_Neuron
149322,2465,Astro-Epen
149323,2470,unassigned
149324,2461,Immune
149325,1418,GABA_Neuron
149326,2451,Immune
149327,1407,unassigned
149328,2446,unassigned
149329,2424,Astro-Epen
149330,1407,unassigned
149331,2437,GABA_Neuron
149332,1407,unassigned
149333,2419,Astro-Epen
149334,2419,Astro-Epen
149335,2427,Astro-Epen
149336,2449,Vascular
149337,1407,unassigned
149338,2451,Immune
149339,1407,unassigned
149340,2446,unassigned
149341,1407,unassigned
149342,2456,Astro-Epen
149343,2455,Excitatory_Neuron
149344,2456,Astro-Epen
149345,1407,unassigned
149346,2437,GABA_Neuron
149347,2462,unassigned
149348,2458,Astro-Epen
149349,1407,unassigned
149350,1407,unassigned
149351,2443,Immune
149352,2451,Immune
149353,1407,unassigned
149354,2464,unassigned
149355,1407,unassigned
149356,1407,unassigned
149357,2462,unassigned
149358,2419,Astro-Epen
149359,2458,Astro-Epen
149360,1407,unassigned
149361,1407,unassigned
149362,1407,unassigned
149363,2464,unassigned
149364,1407,unassigned
149365,2468,unassigned
149366,2452,Immune
149367,1407,unassigned
149368,1407,unassigned
149369,2419,Astro-Epen
149370,1407,unassigned
149371,1407,unassigned
149372,2443,Immune
149373,2432,Excitatory_Neuron
149374,2470,unassigned
149375,1407,unassigned
149376,1407,unassigned
149377,1407,unassigned
149378,1407,unassigned
149379,1407,unassigned
149380,2464,unassigned
149381,2467,unassigned
149382,2467,unassigned
149383,1407,unassigned
149384,1407,unassigned
149385,2419,Astro-Epen
149386,2449,Vascular
149387,1407,unassigned
149388,2443,Immune
149389,2451,Immune
149390,1407,unassigned
149391,1407,unassigned
149392,1407,unassigned
149393,1407,unassigned
149394,2442,Vascular
149395,2458,Astro-Epen
149396,1407,unassigned
149397,1407,unassigned
149398,2443,Immune
149399,1407,unassigned
149400,2451,Immune
149401,2451,Immune
149402,2470,unassigned
149403,2461,Immune
149404,1407,unassigned
149405,1407,unassigned
149406,1407,unassigned
149407,1407,unassigned
149408,2428,Astro-Epen
149409,2452,Immune
149410,2452,Immune
149411,2437,GABA_Neuron
149412,2419,Astro-Epen
149413,2449,Vascular
149414,2443,Immune
149415,1418,GABA_Neuron
149416,1407,unassigned
149417,2471,Astro-Epen
149418,2467,unassigned
149419,1407,unassigned
149420,2468,unassigned
149421,2452,Immune
149422,2456,Astro-Epen
149423,2455,Excitatory_Neuron
149424,2419,Astro-Epen
149425,2419,Astro-Epen
149426,2442,Vascular
149427,1407,unassigned
149428,2465,Astro-Epen
149429,1407,unassigned
149430,1407,unassigned
149431,1407,unassigned
149432,2456,Astro-Epen
149433,2455,Excitatory_Neuron
149434,2473,unassigned
149435,2462,unassigned
149436,1407,unassigned
149437,2419,Astro-Epen
149438,2449,Vascular
149439,2427,Astro-Epen
149440,2458,Astro-Epen
149441,2432,Excitatory_Neuron
149442,1407,unassigned
149443,1407,unassigned
149444,1407,unassigned
149445,1407,unassigned
149446,1407,unassigned
149447,2471,Astro-Epen
149448,2428,Astro-Epen
149449,1407,unassigned
149450,2456,Astro-Epen
149451,2456,Astro-Epen
149452,2450,Astro-Epen
149453,2419,Astro-Epen
149454,2419,Astro-Epen
149455,2462,unassigned
149456,2436,Astro-Epen
149457,2432,Excitatory_Neuron
149458,2443,Immune
149459,2465,Astro-Epen
149460,1407,unassigned
149461,1407,unassigned
149462,1407,unassigned
149463,1407,unassigned
149464,2455,Excitatory_Neuron
149465,1407,unassigned
149466,2437,GABA_Neuron
149467,1407,unassigned
149468,1407,unassigned
149469,1407,unassigned
149470,2419,Astro-Epen
149471,1407,unassigned
149472,2442,Vascular
149473,2427,Astro-Epen
149474,2442,Vascular
149475,2432,Excitatory_Neuron
149476,2432,Excitatory_Neuron
149477,2465,Astro-Epen
149478,1407,unassigned
149479,2443,Immune
149480,1407,unassigned
149481,1407,unassigned
149482,1407,unassigned
149483,2464,unassigned
149484,1407,unassigned
149485,1407,unassigned
149486,1407,unassigned
149487,2456,Astro-Epen
149488,2452,Immune
149489,2455,Excitatory_Neuron
149490,1407,unassigned
149491,1407,unassigned
149492,2419,Astro-Epen
149493,2419,Astro-Epen
149494,2427,Astro-Epen
149495,1407,unassigned
149496,2470,unassigned
149497,1407,unassigned
149498,2461,Immune
149499,1407,unassigned
149500,1407,unassigned
149501,1407,unassigned
149502,2455,Excitatory_Neuron
149503,2455,Excitatory_Neuron
149504,2474,unassigned
149505,1407,unassigned
149506,2449,Vascular
149507,2442,Vascular
149508,2432,Excitatory_Neuron
149509,2465,Astro-Epen
149510,2432,Excitatory_Neuron
149511,2427,Astro-Epen
149512,1407,unassigned
149513,1407,unassigned
149514,2468,unassigned
149515,2419,Astro-Epen
149516,1407,unassigned
149517,1407,unassigned
149518,2432,Excitatory_Neuron
149519,2451,Immune
149520,2467,unassigned
149521,1407,unassigned
149522,1407,unassigned
149523,1407,unassigned
149524,1407,unassigned
149525,1407,unassigned
149526,1407,unassigned
149527,1407,unassigned
149528,1407,unassigned
149529,2427,Astro-Epen
149530,2452,Immune
149531,2456,Astro-Epen
149532,2455,Excitatory_Neuron
149533,1407,unassigned
149534,1407,unassigned
149535,1407,unassigned
149536,1407,unassigned
149537,1407,unassigned
149538,2462,unassigned
149539,1407,unassigned
149540,2458,Astro-Epen
149541,1407,unassigned
149542,1407,unassigned
149543,1407,unassigned
149544,2427,Astro-Epen
149545,1418,GABA_Neuron
149546,1407,unassigned
149547,2471,Astro-Epen
149548,2451,Immune
149549,1407,unassigned
149550,2468,unassigned
149551,2428,Astro-Epen
149552,1407,unassigned
149553,1407,unassigned
149554,2424,Astro-Epen
149555,2419,Astro-Epen
149556,1407,unassigned
149557,2419,Astro-Epen
149558,2458,Astro-Epen
149559,2465,Astro-Epen
149560,2427,Astro-Epen
149561,1407,unassigned
149562,2471,Astro-Epen
149563,1407,unassigned
149564,1407,unassigned
149565,1407,unassigned
149566,2446,unassigned
149567,2456,Astro-Epen
149568,2438,unassigned
149569,1407,unassigned
149570,1407,unassigned
149571,1407,unassigned
149572,1407,unassigned
149573,1407,unassigned
149574,2449,Vascular
149575,2442,Vascular
149576,1407,unassigned
149577,1407,unassigned
149578,2458,Astro-Epen
149579,1407,unassigned
149580,2442,Vascular
149581,2427,Astro-Epen
149582,2470,unassigned
149583,1407,unassigned
149584,1407,unassigned
149585,1418,GABA_Neuron
149586,1407,unassigned
149587,1407,unassigned
149588,1407,unassigned
149589,1407,unassigned
149590,2456,Astro-Epen
149591,1407,unassigned
149592,1407,unassigned
149593,1407,unassigned
149594,1407,unassigned
149595,1407,unassigned
149596,1407,unassigned
149597,1407,unassigned
149598,2449,Vascular
149599,2458,Astro-Epen
149600,1407,unassigned
149601,2432,Excitatory_Neuron
149602,1407,unassigned
149603,1407,unassigned
149604,1407,unassigned
149605,2449,Vascular
149606,2442,Vascular
149607,2427,Astro-Epen
149608,2427,Astro-Epen
149609,2432,Excitatory_Neuron
149610,1407,unassigned
149611,1407,unassigned
149612,2461,Immune
149613,2455,Excitatory_Neuron
149614,1407,unassigned
149615,2455,Excitatory_Neuron
149616,1407,unassigned
149617,1407,unassigned
149618,1407,unassigned
149619,1407,unassigned
149620,1418,GABA_Neuron
149621,1407,unassigned
149622,1407,unassigned
149623,2451,Immune
149624,2451,Immune
149625,1418,GABA_Neuron
149626,2467,unassigned
149627,1407,unassigned
149628,1407,unassigned
149629,1407,unassigned
149630,1407,unassigned
149631,2419,Astro-Epen
149632,2442,Vascular
149633,2442,Vascular
149634,2427,Astro-Epen
149635,2432,Excitatory_Neuron
149636,1407,unassigned
149637,1418,GABA_Neuron
149638,2452,Immune
149639,1407,unassigned
149640,1407,unassigned
149641,1407,unassigned
149642,1407,unassigned
149643,1407,unassigned
149644,1407,unassigned
149645,1407,unassigned
149646,1407,unassigned
149647,1407,unassigned
149648,1407,unassigned
149649,2443,Immune
149650,1407,unassigned
149651,2461,Immune
149652,2428,Astro-Epen
149653,1407,unassigned
149654,2438,unassigned
149655,2472,unassigned
149656,1407,unassigned
149657,1407,unassigned
149658,2419,Astro-Epen
149659,1407,unassigned
149660,1407,unassigned
149661,1407,unassigned
149662,2432,Excitatory_Neuron
149663,1407,unassigned
149664,1407,unassigned
149665,1407,unassigned
149666,1407,unassigned
149667,1407,unassigned
149668,2419,Astro-Epen
149669,1407,unassigned
149670,1407,unassigned
149671,1407,unassigned
149672,2419,Astro-Epen
149673,2449,Vascular
149674,2458,Astro-Epen
149675,2442,Vascular
149676,2443,Immune
149677,2443,Immune
149678,1407,unassigned
149679,2432,Excitatory_Neuron
149680,2470,unassigned
149681,1407,unassigned
149682,2461,Immune
149683,2446,unassigned
149684,2452,Immune
149685,2472,unassigned
149686,1407,unassigned
149687,1407,unassigned
149688,1407,unassigned
149689,2419,Astro-Epen
149690,2475,unassigned
149691,1418,GABA_Neuron
149692,1407,unassigned
149693,2464,unassigned
149694,1407,unassigned
149695,2424,Astro-Epen
149696,2437,GABA_Neuron
149697,1407,unassigned
149698,1407,unassigned
149699,1407,unassigned
149700,2442,Vascular
149701,2442,Vascular
149702,1407,unassigned
149703,1407,unassigned
149704,2443,Immune
149705,2443,Immune
149706,1407,unassigned
149707,2470,unassigned
149708,1407,unassigned
149709,1407,unassigned
149710,1407,unassigned
149711,1407,unassigned
149712,1407,unassigned
149713,1407,unassigned
149714,1407,unassigned
149715,1407,unassigned
149716,1407,unassigned
149717,1407,unassigned
149718,2419,Astro-Epen
149719,1407,unassigned
149720,1407,unassigned
149721,1407,unassigned
149722,2427,Astro-Epen
149723,2427,Astro-Epen
149724,2470,unassigned
149725,2461,Immune
149726,1407,unassigned
149727,1407,unassigned
149728,2467,unassigned
149729,2428,Astro-Epen
149730,1407,unassigned
149731,1407,unassigned
149732,2438,unassigned
149733,2424,Astro-Epen
149734,2442,Vascular
149735,2427,Astro-Epen
149736,1407,unassigned
149737,1407,unassigned
149738,2465,Astro-Epen
149739,2432,Excitatory_Neuron
149740,1407,unassigned
149741,1407,unassigned
149742,1407,unassigned
149743,2451,Immune
149744,1407,unassigned
149745,2467,unassigned
149746,2467,unassigned
149747,2452,Immune
149748,1407,unassigned
149749,1407,unassigned
149750,1407,unassigned
149751,1407,unassigned
149752,1407,unassigned
149753,1407,unassigned
149754,2427,Astro-Epen
149755,2442,Vascular
149756,2442,Vascular
149757,2432,Excitatory_Neuron
149758,1407,unassigned
149759,2443,Immune
149760,2427,Astro-Epen
149761,1407,unassigned
149762,1418,GABA_Neuron
149763,2471,Astro-Epen
149764,1407,unassigned
149765,2446,unassigned
149766,1407,unassigned
149767,2455,Excitatory_Neuron
149768,2419,Astro-Epen
149769,1407,unassigned
149770,1407,unassigned
149771,1407,unassigned
149772,1407,unassigned
149773,1407,unassigned
149774,1407,unassigned
149775,2424,Astro-Epen
149776,2424,Astro-Epen
149777,1407,unassigned
149778,1407,unassigned
149779,1407,unassigned
149780,1407,unassigned
149781,2419,Astro-Epen
149782,2462,unassigned
149783,2419,Astro-Epen
149784,2442,Vascular
149785,1407,unassigned
149786,2470,unassigned
149787,2470,unassigned
149788,1407,unassigned
149789,2471,Astro-Epen
149790,1418,GABA_Neuron
149791,2456,Astro-Epen
149792,1407,unassigned
149793,2455,Excitatory_Neuron
149794,2452,Immune
149795,1407,unassigned
149796,1407,unassigned
149797,1407,unassigned
149798,1407,unassigned
149799,1407,unassigned
149800,2458,Astro-Epen
149801,1407,unassigned
149802,1407,unassigned
149803,2443,Immune
149804,2443,Immune
149805,2451,Immune
149806,2456,Astro-Epen
149807,1407,unassigned
149808,2437,GABA_Neuron
149809,2450,Astro-Epen
149810,1407,unassigned
149811,1407,unassigned
149812,1407,unassigned
149813,1407,unassigned
149814,1407,unassigned
149815,1407,unassigned
149816,1407,unassigned
149817,1407,unassigned
149818,2442,Vascular
149819,2442,Vascular
149820,2443,Immune
149821,2443,Immune
149822,1407,unassigned
149823,2464,unassigned
149824,1407,unassigned
149825,1407,unassigned
149826,1407,unassigned
149827,1407,unassigned
149828,1407,unassigned
149829,2449,Vascular
149830,2449,Vascular
149831,2442,Vascular
149832,2442,Vascular
149833,2458,Astro-Epen
149834,2442,Vascular
149835,1407,unassigned
149836,2427,Astro-Epen
149837,2470,unassigned
149838,1407,unassigned
149839,2471,Astro-Epen
149840,2464,unassigned
149841,1407,unassigned
149842,1407,unassigned
149843,2437,GABA_Neuron
149844,1407,unassigned
149845,1407,unassigned
149846,2419,Astro-Epen
149847,2449,Vascular
149848,2442,Vascular
149849,2432,Excitatory_Neuron
149850,1407,unassigned
149851,1418,GABA_Neuron
149852,2455,Excitatory_Neuron
149853,1407,unassigned
149854,1407,unassigned
149855,1407,unassigned
149856,1407,unassigned
149857,1407,unassigned
149858,1407,unassigned
149859,2442,Vascular
149860,1407,unassigned
149861,1407,unassigned
149862,1418,GABA_Neuron
149863,1407,unassigned
149864,1407,unassigned
149865,2468,unassigned
149866,2438,unassigned
149867,1407,unassigned
149868,1407,unassigned
149869,1407,unassigned
149870,1407,unassigned
149871,2449,Vascular
149872,2443,Immune
149873,2432,Excitatory_Neuron
149874,2432,Excitatory_Neuron
149875,1407,unassigned
149876,2471,Astro-Epen
149877,2464,unassigned
149878,2455,Excitatory_Neuron
149879,2452,Immune
149880,1407,unassigned
149881,1407,unassigned
149882,1407,unassigned
149883,2419,Astro-Epen
149884,2419,Astro-Epen
149885,1407,unassigned
149886,2458,Astro-Epen
149887,2449,Vascular
149888,2442,Vascular
149889,1407,unassigned
149890,2465,Astro-Epen
149891,2443,Immune
149892,1407,unassigned
149893,2443,Immune
149894,2443,Immune
149895,2427,Astro-Epen
149896,1407,unassigned
149897,2443,Immune
149898,1407,unassigned
149899,2451,Immune
149900,2471,Astro-Epen
149901,2428,Astro-Epen
149902,2456,Astro-Epen
149903,1407,unassigned
149904,1407,unassigned
149905,1407,unassigned
149906,1407,unassigned
149907,1407,unassigned
149908,1407,unassigned
149909,2449,Vascular
149910,2449,Vascular
149911,2449,Vascular
149912,1407,unassigned
149913,2443,Immune
149914,2470,unassigned
149915,1407,unassigned
149916,1407,unassigned
149917,1407,unassigned
149918,1407,unassigned
149919,2471,Astro-Epen
149920,2471,Astro-Epen
149921,2456,Astro-Epen
149922,2424,Astro-Epen
149923,2455,Excitatory_Neuron
149924,1407,unassigned
149925,1407,unassigned
149926,2462,unassigned
149927,2419,Astro-Epen
149928,2419,Astro-Epen
149929,1407,unassigned
149930,1407,unassigned
149931,1407,unassigned
149932,2449,Vascular
149933,2449,Vascular
149934,2442,Vascular
149935,2427,Astro-Epen
149936,2443,Immune
149937,1407,unassigned
149938,2443,Immune
149939,2427,Astro-Epen
149940,1407,unassigned
149941,2443,Immune
149942,1407,unassigned
149943,2456,Astro-Epen
149944,1407,unassigned
149945,1407,unassigned
149946,2449,Vascular
149947,2449,Vascular
149948,2443,Immune
149949,2471,Astro-Epen
149950,1407,unassigned
149951,2468,unassigned
149952,1407,unassigned
149953,1407,unassigned
149954,1407,unassigned
149955,1407,unassigned
149956,1407,unassigned
149957,2449,Vascular
149958,1407,unassigned
149959,2443,Immune
149960,1407,unassigned
149961,1407,unassigned
149962,2471,Astro-Epen
149963,1407,unassigned
149964,1407,unassigned
149965,2456,Astro-Epen
149966,2446,unassigned
149967,1407,unassigned
149968,2476,unassigned
149969,1407,unassigned
149970,2419,Astro-Epen
149971,2419,Astro-Epen
149972,2449,Vascular
149973,2443,Immune
149974,2427,Astro-Epen
149975,2461,Immune
149976,1418,GABA_Neuron
149977,1407,unassigned
149978,2452,Immune
149979,2452,Immune
149980,1407,unassigned
149981,2446,unassigned
149982,1407,unassigned
149983,2456,Astro-Epen
149984,1407,unassigned
149985,1407,unassigned
149986,1407,unassigned
149987,2419,Astro-Epen
149988,1407,unassigned
149989,2442,Vascular
149990,2465,Astro-Epen
149991,2443,Immune
149992,2432,Excitatory_Neuron
149993,2443,Immune
149994,2470,unassigned
149995,1407,unassigned
149996,2443,Immune
149997,1407,unassigned
149998,2451,Immune
149999,2471,Astro-Epen
150000,1418,GABA_Neuron
150001,2456,Astro-Epen
150002,2455,Excitatory_Neuron
150003,1407,unassigned
150004,1407,unassigned
150005,1407,unassigned
150006,1407,unassigned
150007,2419,Astro-Epen
150008,1407,unassigned
150009,2449,Vascular
150010,1407,unassigned
150011,2458,Astro-Epen
150012,2458,Astro-Epen
150013,2465,Astro-Epen
150014,2443,Immune
150015,1407,unassigned
150016,1407,unassigned
150017,2451,Immune
150018,1407,unassigned
150019,1407,unassigned
150020,1407,unassigned
150021,1407,unassigned
150022,2471,Astro-Epen
150023,2468,unassigned
150024,1407,unassigned
150025,2456,Astro-Epen
150026,2472,unassigned
150027,2419,Astro-Epen
150028,1407,unassigned
150029,2449,Vascular
150030,2449,Vascular
150031,1407,unassigned
150032,1407,unassigned
150033,1407,unassigned
150034,1407,unassigned
150035,1407,unassigned
150036,1407,unassigned
150037,2471,Astro-Epen
150038,2464,unassigned
150039,1407,unassigned
150040,1407,unassigned
150041,2456,Astro-Epen
150042,2472,unassigned
150043,1407,unassigned
150044,1407,unassigned
150045,2458,Astro-Epen
150046,2449,Vascular
150047,2449,Vascular
150048,2442,Vascular
150049,2443,Immune
150050,1407,unassigned
150051,1418,GABA_Neuron
150052,2471,Astro-Epen
150053,1407,unassigned
150054,1407,unassigned
150055,2424,Astro-Epen
150056,2437,GABA_Neuron
150057,2449,Vascular
150058,2449,Vascular
150059,2449,Vascular
150060,2458,Astro-Epen
150061,2432,Excitatory_Neuron
150062,1407,unassigned
150063,2451,Immune
150064,2471,Astro-Epen
150065,1407,unassigned
150066,2471,Astro-Epen
150067,1407,unassigned
150068,2452,Immune
150069,1407,unassigned
150070,1407,unassigned
150071,2424,Astro-Epen
150072,1407,unassigned
150073,1407,unassigned
150074,1407,unassigned
150075,1407,unassigned
150076,2432,Excitatory_Neuron
150077,2461,Immune
150078,2464,unassigned
150079,2468,unassigned
150080,2474,unassigned
150081,1407,unassigned
150082,2458,Astro-Epen
150083,1407,unassigned
150084,1407,unassigned
150085,2452,Immune
150086,1407,unassigned
150087,1407,unassigned
150088,1407,unassigned
150089,1407,unassigned
150090,1407,unassigned
150091,1407,unassigned
150092,1407,unassigned
150093,1407,unassigned
150094,1407,unassigned
150095,2452,Immune
150096,2468,unassigned
150097,2446,unassigned
150098,2472,unassigned
150099,2474,unassigned
150100,2419,Astro-Epen
150101,1407,unassigned
150102,2432,Excitatory_Neuron
150103,1407,unassigned
150104,1407,unassigned
150105,2443,Immune
150106,1407,unassigned
150107,1407,unassigned
150108,1407,unassigned
150109,1407,unassigned
150110,1407,unassigned
150111,1407,unassigned
150112,2458,Astro-Epen
150113,1407,unassigned
150114,2465,Astro-Epen
150115,2443,Immune
150116,1407,unassigned
150117,1407,unassigned
150118,1407,unassigned
150119,1407,unassigned
150120,1407,unassigned
150121,2468,unassigned
150122,1407,unassigned
150123,1407,unassigned
150124,2419,Astro-Epen
150125,1407,unassigned
150126,1407,unassigned
150127,1407,unassigned
150128,1407,unassigned
150129,1407,unassigned
150130,1418,GABA_Neuron
150131,1407,unassigned
150132,2452,Immune
150133,1407,unassigned
150134,1407,unassigned
150135,1407,unassigned
150136,2419,Astro-Epen
150137,2458,Astro-Epen
150138,2427,Astro-Epen
150139,2465,Astro-Epen
150140,2443,Immune
150141,2443,Immune
150142,2432,Excitatory_Neuron
150143,1407,unassigned
150144,1407,unassigned
150145,1407,unassigned
150146,1407,unassigned
150147,1407,unassigned
150148,2446,unassigned
150149,1407,unassigned
150150,2424,Astro-Epen
150151,2472,unassigned
150152,1407,unassigned
150153,1407,unassigned
150154,2458,Astro-Epen
150155,2458,Astro-Epen
150156,2458,Astro-Epen
150157,2449,Vascular
150158,2442,Vascular
150159,2465,Astro-Epen
150160,1407,unassigned
150161,1407,unassigned
150162,2432,Excitatory_Neuron
150163,1407,unassigned
150164,1407,unassigned
150165,1407,unassigned
150166,2446,unassigned
150167,2456,Astro-Epen
150168,1407,unassigned
150169,1407,unassigned
150170,1407,unassigned
150171,2419,Astro-Epen
150172,2419,Astro-Epen
150173,1407,unassigned
150174,1407,unassigned
150175,2458,Astro-Epen
150176,1407,unassigned
150177,2443,Immune
150178,2470,unassigned
150179,1418,GABA_Neuron
150180,2451,Immune
150181,1407,unassigned
150182,2468,unassigned
150183,1407,unassigned
150184,1407,unassigned
150185,1407,unassigned
150186,1407,unassigned
150187,1407,unassigned
150188,2419,Astro-Epen
150189,2458,Astro-Epen
150190,2427,Astro-Epen
150191,1407,unassigned
150192,1407,unassigned
150193,1407,unassigned
150194,2464,unassigned
150195,1407,unassigned
150196,2424,Astro-Epen
150197,1407,unassigned
150198,2437,GABA_Neuron
150199,1407,unassigned
150200,1407,unassigned
150201,1407,unassigned
150202,1407,unassigned
150203,2442,Vascular
150204,2442,Vascular
150205,2432,Excitatory_Neuron
150206,1407,unassigned
150207,1407,unassigned
150208,1418,GABA_Neuron
150209,2451,Immune
150210,1407,unassigned
150211,2451,Immune
150212,1407,unassigned
150213,1407,unassigned
150214,1407,unassigned
150215,1407,unassigned
150216,1407,unassigned
150217,1407,unassigned
150218,2419,Astro-Epen
150219,2419,Astro-Epen
150220,1407,unassigned
150221,1407,unassigned
150222,2442,Vascular
150223,2458,Astro-Epen
150224,1407,unassigned
150225,2427,Astro-Epen
150226,2465,Astro-Epen
150227,2443,Immune
150228,2443,Immune
150229,1407,unassigned
150230,2451,Immune
150231,2471,Astro-Epen
150232,1407,unassigned
150233,1407,unassigned
150234,2468,unassigned
150235,2456,Astro-Epen
150236,1407,unassigned
150237,2477,unassigned
150238,2437,GABA_Neuron
150239,1407,unassigned
150240,1407,unassigned
150241,1407,unassigned
150242,2458,Astro-Epen
150243,1407,unassigned
150244,1407,unassigned
150245,1407,unassigned
150246,1407,unassigned
150247,1407,unassigned
150248,2451,Immune
150249,2456,Astro-Epen
150250,1407,unassigned
150251,1407,unassigned
150252,2419,Astro-Epen
150253,2419,Astro-Epen
150254,2427,Astro-Epen
150255,2442,Vascular
150256,1407,unassigned
150257,2451,Immune
150258,1407,unassigned
150259,1407,unassigned
150260,1407,unassigned
150261,1407,unassigned
150262,1407,unassigned
150263,1407,unassigned
150264,1407,unassigned
150265,2424,Astro-Epen
150266,2424,Astro-Epen
150267,1407,unassigned
150268,1407,unassigned
150269,1407,unassigned
150270,1407,unassigned
150271,2458,Astro-Epen
150272,2458,Astro-Epen
150273,2442,Vascular
150274,2427,Astro-Epen
150275,1407,unassigned
150276,1407,unassigned
150277,2471,Astro-Epen
150278,1407,unassigned
150279,2452,Immune
150280,1407,unassigned
150281,1407,unassigned
150282,2472,unassigned
150283,1407,unassigned
150284,1407,unassigned
150285,2419,Astro-Epen
150286,1407,unassigned
150287,2442,Vascular
150288,1407,unassigned
150289,2458,Astro-Epen
150290,2465,Astro-Epen
150291,2442,Vascular
150292,1407,unassigned
150293,1407,unassigned
150294,1407,unassigned
150295,2451,Immune
150296,1407,unassigned
150297,2451,Immune
150298,1407,unassigned
150299,1407,unassigned
150300,2419,Astro-Epen
150301,1407,unassigned
150302,2449,Vascular
150303,2427,Astro-Epen
150304,2458,Astro-Epen
150305,2458,Astro-Epen
150306,1407,unassigned
150307,1407,unassigned
150308,1407,unassigned
150309,1407,unassigned
150310,1418,GABA_Neuron
150311,1418,GABA_Neuron
150312,1407,unassigned
150313,1407,unassigned
150314,2452,Immune
150315,2452,Immune
150316,1407,unassigned
150317,2424,Astro-Epen
150318,1407,unassigned
150319,1407,unassigned
150320,1407,unassigned
150321,2419,Astro-Epen
150322,2419,Astro-Epen
150323,1407,unassigned
150324,1407,unassigned
150325,1407,unassigned
150326,1407,unassigned
150327,1407,unassigned
150328,1407,unassigned
150329,2452,Immune
150330,2455,Excitatory_Neuron
150331,1407,unassigned
150332,2452,Immune
150333,2419,Astro-Epen
150334,1407,unassigned
150335,1407,unassigned
150336,2442,Vascular
150337,1407,unassigned
150338,1407,unassigned
150339,2443,Immune
150340,1407,unassigned
150341,1407,unassigned
150342,2478,unassigned
150343,2456,Astro-Epen
150344,1407,unassigned
150345,1407,unassigned
150346,2437,GABA_Neuron
150347,1407,unassigned
150348,1407,unassigned
150349,2419,Astro-Epen
150350,1407,unassigned
150351,1407,unassigned
150352,1407,unassigned
150353,2427,Astro-Epen
150354,1407,unassigned
150355,1407,unassigned
150356,2443,Immune
150357,1407,unassigned
150358,1407,unassigned
150359,1407,unassigned
150360,2452,Immune
150361,2468,unassigned
150362,1407,unassigned
150363,1407,unassigned
150364,2452,Immune
150365,1407,unassigned
150366,2452,Immune
150367,2456,Astro-Epen
150368,2437,GABA_Neuron
150369,1407,unassigned
150370,1407,unassigned
150371,1407,unassigned
150372,1407,unassigned
150373,2419,Astro-Epen
150374,2449,Vascular
150375,2458,Astro-Epen
150376,2427,Astro-Epen
150377,2465,Astro-Epen
150378,2427,Astro-Epen
150379,1407,unassigned
150380,1407,unassigned
150381,1407,unassigned
150382,1418,GABA_Neuron
150383,1407,unassigned
150384,1407,unassigned
150385,1407,unassigned
150386,2468,unassigned
150387,1407,unassigned
150388,2437,GABA_Neuron
150389,1407,unassigned
150390,1407,unassigned
150391,1407,unassigned
150392,1407,unassigned
150393,2470,unassigned
150394,1418,GABA_Neuron
150395,1407,unassigned
150396,1407,unassigned
150397,1407,unassigned
150398,1407,unassigned
150399,2455,Excitatory_Neuron
150400,1407,unassigned
150401,1407,unassigned
150402,1407,unassigned
150403,2419,Astro-Epen
150404,1407,unassigned
150405,1407,unassigned
150406,2442,Vascular
150407,2442,Vascular
150408,1407,unassigned
150409,1407,unassigned
150410,2432,Excitatory_Neuron
150411,1407,unassigned
150412,1407,unassigned
150413,1407,unassigned
150414,1407,unassigned
150415,2478,unassigned
150416,2479,unassigned
150417,2480,unassigned
150418,1407,unassigned
150419,1407,unassigned
150420,1407,unassigned
150421,2474,unassigned
150422,1407,unassigned
150423,2419,Astro-Epen
150424,1407,unassigned
150425,1407,unassigned
150426,1407,unassigned
150427,2449,Vascular
150428,1407,unassigned
150429,1407,unassigned
150430,1407,unassigned
150431,1407,unassigned
150432,2464,unassigned
150433,2452,Immune
150434,2455,Excitatory_Neuron
150435,1407,unassigned
150436,1407,unassigned
150437,2419,Astro-Epen
150438,1407,unassigned
150439,1407,unassigned
150440,2442,Vascular
150441,2427,Astro-Epen
150442,2465,Astro-Epen
150443,1407,unassigned
150444,1407,unassigned
150445,1407,unassigned
150446,1407,unassigned
150447,1407,unassigned
150448,2481,unassigned
150449,2478,unassigned
150450,1407,unassigned
150451,2452,Immune
150452,2477,unassigned
150453,2456,Astro-Epen
150454,1407,unassigned
150455,2455,Excitatory_Neuron
150456,1407,unassigned
150457,2482,unassigned
150458,1407,unassigned
150459,1407,unassigned
150460,2442,Vascular
150461,2442,Vascular
150462,1407,unassigned
150463,2471,Astro-Epen
150464,1407,unassigned
150465,2468,unassigned
150466,2446,unassigned
150467,2455,Excitatory_Neuron
150468,2455,Excitatory_Neuron
150469,1407,unassigned
150470,1407,unassigned
150471,1407,unassigned
150472,1407,unassigned
150473,1407,unassigned
150474,1407,unassigned
150475,1407,unassigned
150476,1407,unassigned
150477,2442,Vascular
150478,1407,unassigned
150479,1407,unassigned
150480,2424,Astro-Epen
150481,1407,unassigned
150482,2474,unassigned
150483,1407,unassigned
150484,2419,Astro-Epen
150485,1407,unassigned
150486,1407,unassigned
150487,1407,unassigned
150488,1407,unassigned
150489,1407,unassigned
150490,1407,unassigned
150491,1407,unassigned
150492,1407,unassigned
150493,1407,unassigned
150494,1407,unassigned
150495,1407,unassigned
150496,1407,unassigned
150497,1407,unassigned
150498,1407,unassigned
150499,2455,Excitatory_Neuron
150500,1407,unassigned
150501,1407,unassigned
150502,1407,unassigned
150503,2419,Astro-Epen
150504,1407,unassigned
150505,2419,Astro-Epen
150506,1407,unassigned
150507,1407,unassigned
150508,2443,Immune
150509,1407,unassigned
150510,1407,unassigned
150511,2471,Astro-Epen
150512,2468,unassigned
150513,2456,Astro-Epen
150514,2455,Excitatory_Neuron
150515,2437,GABA_Neuron
150516,1407,unassigned
150517,2458,Astro-Epen
150518,1407,unassigned
150519,2478,unassigned
150520,1407,unassigned
150521,1407,unassigned
150522,2452,Immune
150523,1407,unassigned
150524,1407,unassigned
150525,1407,unassigned
150526,1407,unassigned
150527,2419,Astro-Epen
150528,1407,unassigned
150529,2458,Astro-Epen
150530,1407,unassigned
150531,2443,Immune
150532,1407,unassigned
150533,1407,unassigned
150534,1407,unassigned
150535,2474,unassigned
150536,1407,unassigned
150537,2482,unassigned
150538,1407,unassigned
150539,1407,unassigned
150540,1407,unassigned
150541,2419,Astro-Epen
150542,1407,unassigned
150543,2442,Vascular
150544,2432,Excitatory_Neuron
150545,2470,unassigned
150546,2470,unassigned
150547,1407,unassigned
150548,1407,unassigned
150549,2464,unassigned
150550,1407,unassigned
150551,1407,unassigned
150552,1407,unassigned
150553,1407,unassigned
150554,2468,unassigned
150555,2474,unassigned
150556,1407,unassigned
150557,1407,unassigned
150558,1407,unassigned
150559,2442,Vascular
150560,2443,Immune
150561,1407,unassigned
150562,1407,unassigned
150563,2464,unassigned
150564,2471,Astro-Epen
150565,2456,Astro-Epen
150566,1407,unassigned
150567,1407,unassigned
150568,1407,unassigned
150569,1407,unassigned
150570,1407,unassigned
150571,1407,unassigned
150572,2443,Immune
150573,2443,Immune
150574,2465,Astro-Epen
150575,2443,Immune
150576,2443,Immune
150577,1407,unassigned
150578,2471,Astro-Epen
150579,2464,unassigned
150580,2480,unassigned
150581,1407,unassigned
150582,1407,unassigned
150583,2456,Astro-Epen
150584,1407,unassigned
150585,2476,unassigned
150586,2437,GABA_Neuron
150587,1407,unassigned
150588,1407,unassigned
150589,1407,unassigned
150590,2419,Astro-Epen
150591,1407,unassigned
150592,1407,unassigned
150593,2427,Astro-Epen
150594,2442,Vascular
150595,1407,unassigned
150596,2465,Astro-Epen
150597,1407,unassigned
150598,1407,unassigned
150599,1407,unassigned
150600,1418,GABA_Neuron
150601,1407,unassigned
150602,1407,unassigned
150603,2471,Astro-Epen
150604,1407,unassigned
150605,1407,unassigned
150606,2446,unassigned
150607,2456,Astro-Epen
150608,2477,unassigned
150609,1407,unassigned
150610,1407,unassigned
150611,1407,unassigned
150612,2419,Astro-Epen
150613,1407,unassigned
150614,1407,unassigned
150615,1407,unassigned
150616,2481,unassigned
150617,1418,GABA_Neuron
150618,2437,GABA_Neuron
150619,1407,unassigned
150620,1407,unassigned
150621,2419,Astro-Epen
150622,1407,unassigned
150623,1407,unassigned
150624,1407,unassigned
150625,2419,Astro-Epen
150626,1407,unassigned
150627,1407,unassigned
150628,1407,unassigned
150629,1407,unassigned
150630,1418,GABA_Neuron
150631,1407,unassigned
150632,1407,unassigned
150633,1407,unassigned
150634,2451,Immune
150635,2452,Immune
150636,1407,unassigned
150637,2477,unassigned
150638,2455,Excitatory_Neuron
150639,1407,unassigned
150640,2419,Astro-Epen
150641,2458,Astro-Epen
150642,2442,Vascular
150643,1407,unassigned
150644,1407,unassigned
150645,1407,unassigned
150646,1407,unassigned
150647,1407,unassigned
150648,1407,unassigned
150649,2478,unassigned
150650,1407,unassigned
150651,2468,unassigned
150652,2456,Astro-Epen
150653,1407,unassigned
150654,2456,Astro-Epen
150655,2474,unassigned
150656,1407,unassigned
150657,1407,unassigned
150658,1407,unassigned
150659,2442,Vascular
150660,2443,Immune
150661,1407,unassigned
150662,1407,unassigned
150663,2471,Astro-Epen
150664,1407,unassigned
150665,2455,Excitatory_Neuron
150666,1407,unassigned
150667,1407,unassigned
150668,1407,unassigned
150669,1407,unassigned
150670,1407,unassigned
150671,1407,unassigned
150672,1407,unassigned
150673,2443,Immune
150674,2443,Immune
150675,1407,unassigned
150676,1418,GABA_Neuron
150677,1407,unassigned
150678,2478,unassigned
150679,1407,unassigned
150680,1407,unassigned
150681,2468,unassigned
150682,1407,unassigned
150683,1407,unassigned
150684,1407,unassigned
150685,2419,Astro-Epen
150686,2458,Astro-Epen
150687,2483,unassigned
150688,1407,unassigned
150689,2470,unassigned
150690,1407,unassigned
150691,2464,unassigned
150692,1407,unassigned
150693,1407,unassigned
150694,1407,unassigned
150695,2452,Immune
150696,2477,unassigned
150697,1407,unassigned
150698,2424,Astro-Epen
150699,1407,unassigned
150700,2484,unassigned
150701,2419,Astro-Epen
150702,2419,Astro-Epen
150703,1407,unassigned
150704,1407,unassigned
150705,1407,unassigned
150706,1407,unassigned
150707,1407,unassigned
150708,1407,unassigned
150709,2465,Astro-Epen
150710,2465,Astro-Epen
150711,1407,unassigned
150712,1407,unassigned
150713,1407,unassigned
150714,2451,Immune
150715,2451,Immune
150716,2468,unassigned
150717,2452,Immune
150718,2452,Immune
150719,1407,unassigned
150720,1407,unassigned
150721,1407,unassigned
150722,2482,unassigned
150723,1407,unassigned
150724,2465,Astro-Epen
150725,1407,unassigned
150726,2442,Vascular
150727,2480,unassigned
150728,2455,Excitatory_Neuron
150729,1407,unassigned
150730,2419,Astro-Epen
150731,1407,unassigned
150732,1407,unassigned
150733,1407,unassigned
150734,1407,unassigned
150735,1407,unassigned
150736,1407,unassigned
150737,2471,Astro-Epen
150738,1407,unassigned
150739,2456,Astro-Epen
150740,2437,GABA_Neuron
150741,1407,unassigned
150742,1407,unassigned
150743,1407,unassigned
150744,1407,unassigned
150745,1407,unassigned
150746,2427,Astro-Epen
150747,1407,unassigned
150748,1407,unassigned
150749,2451,Immune
150750,2471,Astro-Epen
150751,2477,unassigned
150752,2452,Immune
150753,1407,unassigned
150754,2419,Astro-Epen
150755,1407,unassigned
150756,1407,unassigned
150757,1407,unassigned
150758,1407,unassigned
150759,1407,unassigned
150760,2471,Astro-Epen
150761,1407,unassigned
150762,1407,unassigned
150763,2477,unassigned
150764,1407,unassigned
150765,1407,unassigned
150766,1407,unassigned
150767,1407,unassigned
150768,1407,unassigned
150769,1407,unassigned
150770,1407,unassigned
150771,1418,GABA_Neuron
150772,2471,Astro-Epen
150773,2451,Immune
150774,2471,Astro-Epen
150775,2481,unassigned
150776,1407,unassigned
150777,1407,unassigned
150778,2455,Excitatory_Neuron
150779,1407,unassigned
150780,1407,unassigned
150781,1407,unassigned
150782,1407,unassigned
150783,1407,unassigned
150784,1407,unassigned
150785,2427,Astro-Epen
150786,2432,Excitatory_Neuron
150787,1407,unassigned
150788,1407,unassigned
150789,2443,Immune
150790,1407,unassigned
150791,2471,Astro-Epen
150792,1407,unassigned
150793,2456,Astro-Epen
150794,1407,unassigned
150795,1407,unassigned
150796,1407,unassigned
150797,1407,unassigned
150798,1407,unassigned
150799,1407,unassigned
150800,1407,unassigned
150801,2419,Astro-Epen
150802,1407,unassigned
150803,1407,unassigned
150804,1407,unassigned
150805,2427,Astro-Epen
150806,1407,unassigned
150807,2432,Excitatory_Neuron
150808,2443,Immune
150809,2443,Immune
150810,1407,unassigned
150811,1407,unassigned
150812,1407,unassigned
150813,1407,unassigned
150814,1407,unassigned
150815,1407,unassigned
150816,1407,unassigned
150817,1407,unassigned
150818,2437,GABA_Neuron
150819,1407,unassigned
150820,1407,unassigned
150821,1407,unassigned
150822,1407,unassigned
150823,1407,unassigned
150824,1407,unassigned
150825,1407,unassigned
150826,2465,Astro-Epen
150827,1418,GABA_Neuron
150828,2455,Excitatory_Neuron
150829,1407,unassigned
150830,1407,unassigned
150831,1407,unassigned
150832,1407,unassigned
150833,1407,unassigned
150834,2465,Astro-Epen
150835,1407,unassigned
150836,1407,unassigned
150837,2451,Immune
150838,1407,unassigned
150839,2464,unassigned
150840,1407,unassigned
150841,2452,Immune
150842,2452,Immune
150843,1407,unassigned
150844,1407,unassigned
150845,1407,unassigned
150846,1407,unassigned
150847,1407,unassigned
150848,2458,Astro-Epen
150849,2432,Excitatory_Neuron
150850,2432,Excitatory_Neuron
150851,2478,unassigned
150852,2464,unassigned
150853,2478,unassigned
150854,2480,unassigned
150855,1407,unassigned
150856,1407,unassigned
150857,2455,Excitatory_Neuron
150858,1407,unassigned
150859,1407,unassigned
150860,1407,unassigned
150861,1407,unassigned
150862,2427,Astro-Epen
150863,2465,Astro-Epen
150864,2470,unassigned
150865,2451,Immune
150866,1407,unassigned
150867,2472,unassigned
150868,1407,unassigned
150869,1407,unassigned
150870,1407,unassigned
150871,1407,unassigned
150872,1407,unassigned
150873,1407,unassigned
150874,1407,unassigned
150875,2478,unassigned
150876,2468,unassigned
150877,1407,unassigned
150878,2419,Astro-Epen
150879,1407,unassigned
150880,2427,Astro-Epen
150881,1407,unassigned
150882,2465,Astro-Epen
150883,1407,unassigned
150884,1407,unassigned
150885,1407,unassigned
150886,1407,unassigned
150887,1407,unassigned
150888,1407,unassigned
150889,1407,unassigned
150890,2427,Astro-Epen
150891,1407,unassigned
150892,1407,unassigned
150893,2456,Astro-Epen
150894,1407,unassigned
150895,1407,unassigned
150896,2472,unassigned
150897,1407,unassigned
150898,1407,unassigned
150899,1407,unassigned
150900,1407,unassigned
150901,2442,Vascular
150902,1407,unassigned
150903,2465,Astro-Epen
150904,2443,Immune
150905,1407,unassigned
150906,2443,Immune
150907,1407,unassigned
150908,1418,GABA_Neuron
150909,1407,unassigned
150910,1407,unassigned
150911,2456,Astro-Epen
150912,1407,unassigned
150913,2455,Excitatory_Neuron
150914,2452,Immune
150915,1407,unassigned
150916,1407,unassigned
150917,2419,Astro-Epen
150918,1407,unassigned
150919,1407,unassigned
150920,1407,unassigned
150921,1407,unassigned
150922,1407,unassigned
150923,2442,Vascular
150924,2427,Astro-Epen
150925,2432,Excitatory_Neuron
150926,2443,Immune
150927,1407,unassigned
150928,1407,unassigned
150929,1407,unassigned
150930,1407,unassigned
150931,1407,unassigned
150932,2471,Astro-Epen
150933,2464,unassigned
150934,2464,unassigned
150935,1407,unassigned
150936,2452,Immune
150937,2456,Astro-Epen
150938,2452,Immune
150939,2477,unassigned
150940,1407,unassigned
150941,2485,unassigned
150942,1407,unassigned
150943,1407,unassigned
150944,1407,unassigned
150945,2465,Astro-Epen
150946,2432,Excitatory_Neuron
150947,1407,unassigned
150948,1407,unassigned
150949,1407,unassigned
150950,2471,Astro-Epen
150951,2471,Astro-Epen
150952,1407,unassigned
150953,2468,unassigned
150954,2468,unassigned
150955,1407,unassigned
150956,2419,Astro-Epen
150957,2419,Astro-Epen
150958,1407,unassigned
150959,1407,unassigned
150960,1407,unassigned
150961,2485,unassigned
150962,1407,unassigned
150963,1407,unassigned
150964,1407,unassigned
150965,2427,Astro-Epen
150966,2427,Astro-Epen
150967,1407,unassigned
150968,2483,unassigned
150969,1407,unassigned
150970,2443,Immune
150971,2443,Immune
150972,2456,Astro-Epen
150973,2452,Immune
150974,1407,unassigned
150975,1407,unassigned
150976,1407,unassigned
150977,1407,unassigned
150978,1407,unassigned
150979,1407,unassigned
150980,2442,Vascular
150981,2432,Excitatory_Neuron
150982,1407,unassigned
150983,2471,Astro-Epen
150984,2480,unassigned
150985,2468,unassigned
150986,2455,Excitatory_Neuron
150987,1407,unassigned
150988,1407,unassigned
150989,2419,Astro-Epen
150990,1407,unassigned
150991,1407,unassigned
150992,1407,unassigned
150993,1407,unassigned
150994,1407,unassigned
150995,1407,unassigned
150996,1407,unassigned
150997,1407,unassigned
150998,2477,unassigned
150999,1407,unassigned
151000,1407,unassigned
151001,1407,unassigned
151002,2449,Vascular
151003,1407,unassigned
151004,1407,unassigned
151005,2458,Astro-Epen
151006,1407,unassigned
151007,1407,unassigned
151008,1407,unassigned
151009,2451,Immune
151010,1407,unassigned
151011,2464,unassigned
151012,1407,unassigned
151013,1407,unassigned
151014,1407,unassigned
151015,1407,unassigned
151016,2485,unassigned
151017,1407,unassigned
151018,1407,unassigned
151019,1407,unassigned
151020,1407,unassigned
151021,2442,Vascular
151022,2432,Excitatory_Neuron
151023,1407,unassigned
151024,1407,unassigned
151025,1407,unassigned
151026,2464,unassigned
151027,1407,unassigned
151028,2452,Immune
151029,2468,unassigned
151030,1407,unassigned
151031,1407,unassigned
151032,1407,unassigned
151033,2419,Astro-Epen
151034,2419,Astro-Epen
151035,1407,unassigned
151036,1407,unassigned
151037,2485,unassigned
151038,2471,Astro-Epen
151039,1407,unassigned
151040,2480,unassigned
151041,2428,Astro-Epen
151042,1407,unassigned
151043,1407,unassigned
151044,1407,unassigned
151045,1407,unassigned
151046,2427,Astro-Epen
151047,1407,unassigned
151048,2481,unassigned
151049,2464,unassigned
151050,1407,unassigned
151051,1407,unassigned
151052,2464,unassigned
151053,1407,unassigned
151054,2452,Immune
151055,1407,unassigned
151056,1407,unassigned
151057,2485,unassigned
151058,2485,unassigned
151059,1407,unassigned
151060,1407,unassigned
151061,2427,Astro-Epen
151062,1407,unassigned
151063,1407,unassigned
151064,2468,unassigned
151065,1407,unassigned
151066,1407,unassigned
151067,1407,unassigned
151068,2419,Astro-Epen
151069,1407,unassigned
151070,1407,unassigned
151071,2458,Astro-Epen
151072,1407,unassigned
151073,2427,Astro-Epen
151074,1407,unassigned
151075,2443,Immune
151076,1407,unassigned
151077,2451,Immune
151078,1407,unassigned
151079,1407,unassigned
151080,1407,unassigned
151081,2468,unassigned
151082,1407,unassigned
151083,2477,unassigned
151084,2455,Excitatory_Neuron
151085,2476,unassigned
151086,1407,unassigned
151087,1407,unassigned
151088,1407,unassigned
151089,1407,unassigned
151090,1407,unassigned
151091,1407,unassigned
151092,1407,unassigned
151093,1407,unassigned
151094,1407,unassigned
151095,1407,unassigned
151096,2451,Immune
151097,2464,unassigned
151098,2471,Astro-Epen
151099,1407,unassigned
151100,2455,Excitatory_Neuron
151101,2486,unassigned
151102,1407,unassigned
151103,1407,unassigned
151104,1407,unassigned
151105,1407,unassigned
151106,1407,unassigned
151107,1407,unassigned
151108,1407,unassigned
151109,2481,unassigned
151110,1407,unassigned
151111,1407,unassigned
151112,1407,unassigned
151113,2472,unassigned
151114,1407,unassigned
151115,1407,unassigned
151116,2419,Astro-Epen
151117,2419,Astro-Epen
151118,1407,unassigned
151119,1407,unassigned
151120,2442,Vascular
151121,1407,unassigned
151122,1407,unassigned
151123,1407,unassigned
151124,2480,unassigned
151125,1407,unassigned
151126,1407,unassigned
151127,2419,Astro-Epen
151128,1407,unassigned
151129,1407,unassigned
151130,1407,unassigned
151131,1407,unassigned
151132,1407,unassigned
151133,1407,unassigned
151134,2480,unassigned
151135,2452,Immune
151136,2452,Immune
151137,1407,unassigned
151138,1407,unassigned
151139,2476,unassigned
151140,2437,GABA_Neuron
151141,2474,unassigned
151142,1407,unassigned
151143,1407,unassigned
151144,1407,unassigned
151145,2419,Astro-Epen
151146,1407,unassigned
151147,1407,unassigned
151148,1407,unassigned
151149,1407,unassigned
151150,1407,unassigned
151151,2451,Immune
151152,1407,unassigned
151153,2451,Immune
151154,1407,unassigned
151155,1407,unassigned
151156,1407,unassigned
151157,1407,unassigned
151158,1407,unassigned
151159,2419,Astro-Epen
151160,2419,Astro-Epen
151161,1407,unassigned
151162,1407,unassigned
151163,1407,unassigned
151164,2442,Vascular
151165,1407,unassigned
151166,1407,unassigned
151167,1407,unassigned
151168,2480,unassigned
151169,1407,unassigned
151170,1407,unassigned
151171,1407,unassigned
151172,1407,unassigned
151173,2485,unassigned
151174,1407,unassigned
151175,1407,unassigned
151176,1407,unassigned
151177,2443,Immune
151178,2443,Immune
151179,1407,unassigned
151180,1407,unassigned
151181,1407,unassigned
151182,1407,unassigned
151183,2478,unassigned
151184,1418,GABA_Neuron
151185,1407,unassigned
151186,1407,unassigned
151187,2452,Immune
151188,1407,unassigned
151189,2472,unassigned
151190,2474,unassigned
151191,1407,unassigned
151192,1407,unassigned
151193,1407,unassigned
151194,1407,unassigned
151195,2419,Astro-Epen
151196,1407,unassigned
151197,1407,unassigned
151198,1407,unassigned
151199,1407,unassigned
151200,2481,unassigned
151201,2471,Astro-Epen
151202,1407,unassigned
151203,2472,unassigned
151204,1407,unassigned
151205,1407,unassigned
151206,1407,unassigned
151207,1407,unassigned
151208,2485,unassigned
151209,1407,unassigned
151210,1407,unassigned
151211,1407,unassigned
151212,1407,unassigned
151213,1407,unassigned
151214,1407,unassigned
151215,1407,unassigned
151216,2464,unassigned
151217,1407,unassigned
151218,1407,unassigned
151219,1407,unassigned
151220,2474,unassigned
151221,2450,Astro-Epen
151222,2419,Astro-Epen
151223,1407,unassigned
151224,1407,unassigned
151225,1407,unassigned
151226,2481,unassigned
151227,1407,unassigned
151228,1407,unassigned
151229,1407,unassigned
151230,1407,unassigned
151231,1407,unassigned
151232,1407,unassigned
151233,1407,unassigned
151234,1407,unassigned
151235,2442,Vascular
151236,1407,unassigned
151237,1407,unassigned
151238,1407,unassigned
151239,1407,unassigned
151240,2471,Astro-Epen
151241,2452,Immune
151242,1407,unassigned
151243,1407,unassigned
151244,1407,unassigned
151245,1407,unassigned
151246,1407,unassigned
151247,1407,unassigned
151248,1407,unassigned
151249,2442,Vascular
151250,2483,unassigned
151251,1407,unassigned
151252,1407,unassigned
151253,1418,GABA_Neuron
151254,1407,unassigned
151255,1407,unassigned
151256,1407,unassigned
151257,2471,Astro-Epen
151258,1407,unassigned
151259,2452,Immune
151260,1407,unassigned
151261,1407,unassigned
151262,1407,unassigned
151263,2442,Vascular
151264,1407,unassigned
151265,1407,unassigned
151266,1407,unassigned
151267,1407,unassigned
151268,2419,Astro-Epen
151269,1407,unassigned
151270,1407,unassigned
151271,2419,Astro-Epen
151272,2442,Vascular
151273,1407,unassigned
151274,1407,unassigned
151275,2451,Immune
151276,1407,unassigned
151277,1418,GABA_Neuron
151278,1407,unassigned
151279,2456,Astro-Epen
151280,2452,Immune
151281,2455,Excitatory_Neuron
151282,1407,unassigned
151283,1407,unassigned
151284,1407,unassigned
151285,2419,Astro-Epen
151286,1407,unassigned
151287,2427,Astro-Epen
151288,1407,unassigned
151289,1407,unassigned
151290,1407,unassigned
151291,2452,Immune
151292,2455,Excitatory_Neuron
151293,1407,unassigned
151294,1407,unassigned
151295,2476,unassigned
151296,1407,unassigned
151297,1407,unassigned
151298,1407,unassigned
151299,1407,unassigned
151300,1407,unassigned
151301,1418,GABA_Neuron
151302,2451,Immune
151303,2478,unassigned
151304,1407,unassigned
151305,1407,unassigned
151306,1407,unassigned
151307,1407,unassigned
151308,1407,unassigned
151309,1407,unassigned
151310,1407,unassigned
151311,2472,unassigned
151312,2476,unassigned
151313,1407,unassigned
151314,1407,unassigned
151315,1407,unassigned
151316,1407,unassigned
151317,1407,unassigned
151318,1407,unassigned
151319,1407,unassigned
151320,2471,Astro-Epen
151321,1418,GABA_Neuron
151322,2452,Immune
151323,2455,Excitatory_Neuron
151324,1407,unassigned
151325,1407,unassigned
151326,1407,unassigned
151327,2443,Immune
151328,1407,unassigned
151329,2471,Astro-Epen
151330,1407,unassigned
151331,1407,unassigned
151332,2474,unassigned
151333,1407,unassigned
151334,1407,unassigned
151335,1407,unassigned
151336,1407,unassigned
151337,1407,unassigned
151338,1407,unassigned
151339,1407,unassigned
151340,1407,unassigned
151341,1407,unassigned
151342,1407,unassigned
151343,2451,Immune
151344,1407,unassigned
151345,2471,Astro-Epen
151346,1407,unassigned
151347,2452,Immune
151348,1407,unassigned
151349,1407,unassigned
151350,1407,unassigned
151351,2442,Vascular
151352,2432,Excitatory_Neuron
151353,1407,unassigned
151354,2443,Immune
151355,2443,Immune
151356,1418,GABA_Neuron
151357,1407,unassigned
151358,2452,Immune
151359,1407,unassigned
151360,1407,unassigned
151361,1407,unassigned
151362,1407,unassigned
151363,1407,unassigned
151364,1407,unassigned
151365,1407,unassigned
151366,1407,unassigned
151367,1407,unassigned
151368,1407,unassigned
151369,2419,Astro-Epen
151370,1407,unassigned
151371,1407,unassigned
151372,2465,Astro-Epen
151373,2442,Vascular
151374,2427,Astro-Epen
151375,2443,Immune
151376,1407,unassigned
151377,2471,Astro-Epen
151378,2464,unassigned
151379,1407,unassigned
151380,2474,unassigned
151381,2419,Astro-Epen
151382,1407,unassigned
151383,1407,unassigned
151384,1407,unassigned
151385,1407,unassigned
151386,1407,unassigned
151387,1407,unassigned
151388,1407,unassigned
151389,1407,unassigned
151390,2481,unassigned
151391,1407,unassigned
151392,1407,unassigned
151393,1407,unassigned
151394,2472,unassigned
151395,1407,unassigned
151396,1407,unassigned
151397,1407,unassigned
151398,1407,unassigned
151399,1407,unassigned
151400,1407,unassigned
151401,1407,unassigned
151402,1407,unassigned
151403,1407,unassigned
151404,1407,unassigned
151405,2471,Astro-Epen
151406,1407,unassigned
151407,1407,unassigned
151408,2455,Excitatory_Neuron
151409,1407,unassigned
151410,2455,Excitatory_Neuron
151411,1407,unassigned
151412,2419,Astro-Epen
151413,1407,unassigned
151414,1407,unassigned
151415,1407,unassigned
151416,1407,unassigned
151417,1407,unassigned
151418,1407,unassigned
151419,2458,Astro-Epen
151420,1407,unassigned
151421,1407,unassigned
151422,1407,unassigned
151423,2465,Astro-Epen
151424,1407,unassigned
151425,2471,Astro-Epen
151426,1407,unassigned
151427,2472,unassigned
151428,1407,unassigned
151429,1407,unassigned
151430,1407,unassigned
151431,1407,unassigned
151432,1407,unassigned
151433,1407,unassigned
151434,1407,unassigned
151435,1407,unassigned
151436,1407,unassigned
151437,1407,unassigned
151438,1407,unassigned
151439,1418,GABA_Neuron
151440,1407,unassigned
151441,2471,Astro-Epen
151442,1407,unassigned
151443,1407,unassigned
151444,1407,unassigned
151445,2471,Astro-Epen
151446,1407,unassigned
151447,2468,unassigned
151448,1407,unassigned
151449,1407,unassigned
151450,2419,Astro-Epen
151451,1407,unassigned
151452,1407,unassigned
151453,1407,unassigned
151454,1407,unassigned
151455,1407,unassigned
151456,2443,Immune
151457,1407,unassigned
151458,1407,unassigned
151459,1407,unassigned
151460,1407,unassigned
151461,2451,Immune
151462,1407,unassigned
151463,1407,unassigned
151464,1407,unassigned
151465,2472,unassigned
151466,1407,unassigned
151467,2458,Astro-Epen
151468,2427,Astro-Epen
151469,1407,unassigned
151470,1407,unassigned
151471,1407,unassigned
151472,1407,unassigned
151473,1407,unassigned
151474,1407,unassigned
151475,1407,unassigned
151476,1407,unassigned
151477,1407,unassigned
151478,1407,unassigned
151479,1407,unassigned
151480,1407,unassigned
151481,1407,unassigned
151482,1407,unassigned
151483,1407,unassigned
151484,1407,unassigned
151485,1407,unassigned
151486,1407,unassigned
151487,2472,unassigned
151488,1407,unassigned
151489,1407,unassigned
151490,1407,unassigned
151491,1407,unassigned
151492,1407,unassigned
151493,1407,unassigned
151494,1407,unassigned
151495,1407,unassigned
151496,1407,unassigned
151497,1407,unassigned
151498,1407,unassigned
151499,1407,unassigned
151500,1407,unassigned
151501,1418,GABA_Neuron
151502,2452,Immune
151503,1407,unassigned
151504,2456,Astro-Epen
151505,1407,unassigned
151506,2472,unassigned
151507,2474,unassigned
151508,1407,unassigned
151509,1407,unassigned
151510,2427,Astro-Epen
151511,1407,unassigned
151512,1407,unassigned
151513,1407,unassigned
151514,1407,unassigned
151515,1407,unassigned
151516,1407,unassigned
151517,1407,unassigned
151518,2476,unassigned
151519,1407,unassigned
151520,1407,unassigned
151521,1407,unassigned
151522,2419,Astro-Epen
151523,1407,unassigned
151524,1407,unassigned
151525,2458,Astro-Epen
151526,1407,unassigned
151527,1407,unassigned
151528,1407,unassigned
151529,1407,unassigned
151530,1407,unassigned
151531,1407,unassigned
151532,1407,unassigned
151533,1407,unassigned
151534,1407,unassigned
151535,1407,unassigned
151536,1407,unassigned
151537,1407,unassigned
151538,1407,unassigned
151539,1407,unassigned
151540,1407,unassigned
151541,1407,unassigned
151542,1407,unassigned
151543,1407,unassigned
151544,1407,unassigned
151545,1407,unassigned
151546,1407,unassigned
151547,1407,unassigned
151548,1407,unassigned
151549,2483,unassigned
151550,1407,unassigned
151551,1407,unassigned
151552,1407,unassigned
151553,1407,unassigned
151554,1407,unassigned
151555,1407,unassigned
151556,1407,unassigned
151557,1407,unassigned
151558,1407,unassigned
151559,1407,unassigned
151560,1407,unassigned
151561,1407,unassigned
151562,1407,unassigned
151563,2465,Astro-Epen
151564,1407,unassigned
151565,1407,unassigned
151566,2471,Astro-Epen
151567,1407,unassigned
151568,1407,unassigned
151569,1407,unassigned
151570,1407,unassigned
151571,1407,unassigned
151572,2487,unassigned
151573,1407,unassigned
151574,1407,unassigned
151575,1407,unassigned
151576,1407,unassigned
151577,2427,Astro-Epen
151578,1407,unassigned
151579,2427,Astro-Epen
151580,1407,unassigned
151581,1407,unassigned
151582,1407,unassigned
151583,1407,unassigned
151584,1407,unassigned
151585,2471,Astro-Epen
151586,1418,GABA_Neuron
151587,2477,unassigned
151588,2455,Excitatory_Neuron
151589,2472,unassigned
151590,1407,unassigned
151591,2474,unassigned
151592,1407,unassigned
151593,1407,unassigned
151594,1407,unassigned
151595,1407,unassigned
151596,1407,unassigned
151597,1407,unassigned
151598,1407,unassigned
151599,1407,unassigned
151600,1407,unassigned
151601,2478,unassigned
151602,1407,unassigned
151603,2472,unassigned
151604,1407,unassigned
151605,1407,unassigned
151606,1407,unassigned
151607,1407,unassigned
151608,1407,unassigned
151609,1407,unassigned
151610,1407,unassigned
151611,1407,unassigned
151612,2456,Astro-Epen
151613,1407,unassigned
151614,1407,unassigned
151615,1407,unassigned
151616,2419,Astro-Epen
151617,1407,unassigned
151618,1407,unassigned
151619,1407,unassigned
151620,1407,unassigned
151621,2478,unassigned
151622,1407,unassigned
151623,1407,unassigned
151624,2472,unassigned
151625,1407,unassigned
151626,1407,unassigned
151627,1407,unassigned
151628,2451,Immune
151629,2478,unassigned
151630,2471,Astro-Epen
151631,1407,unassigned
151632,2477,unassigned
151633,1407,unassigned
151634,2476,unassigned
151635,1407,unassigned
151636,1407,unassigned
151637,2419,Astro-Epen
151638,2419,Astro-Epen
151639,1407,unassigned
151640,1407,unassigned
151641,2471,Astro-Epen
151642,1418,GABA_Neuron
151643,1407,unassigned
151644,1407,unassigned
151645,2455,Excitatory_Neuron
151646,1407,unassigned
151647,1407,unassigned
151648,1407,unassigned
151649,1407,unassigned
151650,1407,unassigned
151651,1407,unassigned
151652,1407,unassigned
151653,1407,unassigned
151654,1407,unassigned
151655,2488,unassigned
151656,1407,unassigned
151657,1407,unassigned
151658,1407,unassigned
151659,1407,unassigned
151660,1407,unassigned
151661,1407,unassigned
151662,1407,unassigned
151663,1407,unassigned
151664,1407,unassigned
151665,2419,Astro-Epen
151666,1407,unassigned
151667,1407,unassigned
151668,1407,unassigned
151669,1407,unassigned
151670,1407,unassigned
151671,1407,unassigned
151672,1407,unassigned
151673,1407,unassigned
151674,1407,unassigned
151675,1407,unassigned
151676,2472,unassigned
151677,1407,unassigned
151678,2476,unassigned
151679,2472,unassigned
151680,1407,unassigned
151681,1407,unassigned
151682,1407,unassigned
151683,1407,unassigned
151684,1407,unassigned
151685,2419,Astro-Epen
151686,1407,unassigned
151687,1407,unassigned
151688,1407,unassigned
151689,1407,unassigned
151690,1407,unassigned
151691,2419,Astro-Epen
151692,1407,unassigned
151693,1407,unassigned
151694,1407,unassigned
151695,1407,unassigned
151696,1407,unassigned
151697,1407,unassigned
151698,1407,unassigned
151699,2427,Astro-Epen
151700,2427,Astro-Epen
151701,1407,unassigned
151702,2465,Astro-Epen
151703,2465,Astro-Epen
151704,2465,Astro-Epen
151705,1407,unassigned
151706,1407,unassigned
151707,1407,unassigned
151708,1407,unassigned
151709,1407,unassigned
151710,1407,unassigned
151711,1407,unassigned
151712,1407,unassigned
151713,1407,unassigned
151714,1407,unassigned
151715,2451,Immune
151716,2478,unassigned
151717,2478,unassigned
151718,2478,unassigned
151719,1407,unassigned
151720,1407,unassigned
151721,1407,unassigned
151722,1407,unassigned
151723,2456,Astro-Epen
151724,2455,Excitatory_Neuron
151725,1407,unassigned
151726,1407,unassigned
151727,1407,unassigned
151728,2476,unassigned
151729,1407,unassigned
151730,1407,unassigned
151731,2458,Astro-Epen
151732,1407,unassigned
151733,1407,unassigned
151734,1407,unassigned
151735,1407,unassigned
151736,1407,unassigned
151737,1407,unassigned
151738,2468,unassigned
151739,1407,unassigned
151740,1407,unassigned
151741,1407,unassigned
151742,1407,unassigned
151743,1407,unassigned
151744,2427,Astro-Epen
151745,1407,unassigned
151746,1407,unassigned
151747,1407,unassigned
151748,1407,unassigned
151749,2419,Astro-Epen
151750,1407,unassigned
151751,1407,unassigned
151752,1407,unassigned
151753,1407,unassigned
151754,1407,unassigned
151755,1407,unassigned
151756,1407,unassigned
151757,1407,unassigned
151758,2489,unassigned
151759,2489,unassigned
151760,2490,Excitatory_Neuron
151761,2491,Excitatory_Neuron
151762,2491,Excitatory_Neuron
151763,2489,unassigned
151764,2492,unassigned
151765,2493,Excitatory_Neuron
151766,2490,Excitatory_Neuron
151767,2490,Excitatory_Neuron
151768,2494,Excitatory_Neuron
151769,2491,Excitatory_Neuron
151770,2493,Excitatory_Neuron
151771,2495,unassigned
151772,2496,unassigned
151773,2491,Excitatory_Neuron
151774,2493,Excitatory_Neuron
151775,2489,unassigned
151776,2496,unassigned
151777,2497,Excitatory_Neuron
151778,2489,unassigned
151779,2498,GABA_Neuron
151780,2489,unassigned
151781,2496,unassigned
151782,2491,Excitatory_Neuron
151783,2494,Excitatory_Neuron
151784,2490,Excitatory_Neuron
151785,2499,Excitatory_Neuron
151786,2500,unassigned
151787,2501,unassigned
151788,2490,Excitatory_Neuron
151789,2494,Excitatory_Neuron
151790,2489,unassigned
151791,2498,GABA_Neuron
151792,2502,unassigned
151793,2498,GABA_Neuron
151794,2497,Excitatory_Neuron
151795,2495,unassigned
151796,2491,Excitatory_Neuron
151797,2491,Excitatory_Neuron
151798,2495,unassigned
151799,2493,Excitatory_Neuron
151800,2490,Excitatory_Neuron
151801,2494,Excitatory_Neuron
151802,2497,Excitatory_Neuron
151803,2490,Excitatory_Neuron
151804,2499,Excitatory_Neuron
151805,2496,unassigned
151806,2494,Excitatory_Neuron
151807,2497,Excitatory_Neuron
151808,2493,Excitatory_Neuron
151809,2490,Excitatory_Neuron
151810,2490,Excitatory_Neuron
151811,2491,Excitatory_Neuron
151812,2489,unassigned
151813,2493,Excitatory_Neuron
151814,2501,unassigned
151815,2498,GABA_Neuron
151816,2503,Immune
151817,2493,Excitatory_Neuron
151818,2489,unassigned
151819,2491,Excitatory_Neuron
151820,2491,Excitatory_Neuron
151821,2495,unassigned
151822,2496,unassigned
151823,2490,Excitatory_Neuron
151824,2497,Excitatory_Neuron
151825,2501,unassigned
151826,2502,unassigned
151827,2502,unassigned
151828,2502,unassigned
151829,2490,Excitatory_Neuron
151830,2499,Excitatory_Neuron
151831,2489,unassigned
151832,2489,unassigned
151833,2504,unassigned
151834,2491,Excitatory_Neuron
151835,2489,unassigned
151836,2494,Excitatory_Neuron
151837,2491,Excitatory_Neuron
151838,2497,Excitatory_Neuron
151839,2489,unassigned
151840,2502,unassigned
151841,2490,Excitatory_Neuron
151842,2489,unassigned
151843,2489,unassigned
151844,2498,GABA_Neuron
151845,2498,GABA_Neuron
151846,2489,unassigned
151847,2494,Excitatory_Neuron
151848,2497,Excitatory_Neuron
151849,2493,Excitatory_Neuron
151850,2495,unassigned
151851,2489,unassigned
151852,2490,Excitatory_Neuron
151853,2489,unassigned
151854,2505,unassigned
151855,2491,Excitatory_Neuron
151856,2493,Excitatory_Neuron
151857,2489,unassigned
151858,2494,Excitatory_Neuron
151859,2491,Excitatory_Neuron
151860,2497,Excitatory_Neuron
151861,2489,unassigned
151862,2489,unassigned
151863,2494,Excitatory_Neuron
151864,2497,Excitatory_Neuron
151865,2489,unassigned
151866,2501,unassigned
151867,2489,unassigned
151868,2491,Excitatory_Neuron
151869,2497,Excitatory_Neuron
151870,2493,Excitatory_Neuron
151871,2491,Excitatory_Neuron
151872,2489,unassigned
151873,2503,Immune
151874,2506,Astro-Epen
151875,2494,Excitatory_Neuron
151876,2489,unassigned
151877,2494,Excitatory_Neuron
151878,2490,Excitatory_Neuron
151879,2507,unassigned
151880,2491,Excitatory_Neuron
151881,2489,unassigned
151882,2494,Excitatory_Neuron
151883,2489,unassigned
151884,2491,Excitatory_Neuron
151885,2497,Excitatory_Neuron
151886,2497,Excitatory_Neuron
151887,2498,GABA_Neuron
151888,2490,Excitatory_Neuron
151889,2497,Excitatory_Neuron
151890,2499,Excitatory_Neuron
151891,2499,Excitatory_Neuron
151892,2489,unassigned
151893,2494,Excitatory_Neuron
151894,2491,Excitatory_Neuron
151895,2489,unassigned
151896,2503,Immune
151897,2503,Immune
151898,2492,unassigned
151899,2497,Excitatory_Neuron
151900,2502,unassigned
151901,2490,Excitatory_Neuron
151902,2491,Excitatory_Neuron
151903,2493,Excitatory_Neuron
151904,2490,Excitatory_Neuron
151905,2494,Excitatory_Neuron
151906,2498,GABA_Neuron
151907,2489,unassigned
151908,2489,unassigned
151909,2508,unassigned
151910,2509,unassigned
151911,2493,Excitatory_Neuron
151912,2493,Excitatory_Neuron
151913,2489,unassigned
151914,2502,unassigned
151915,2490,Excitatory_Neuron
151916,2506,Astro-Epen
151917,2490,Excitatory_Neuron
151918,2491,Excitatory_Neuron
151919,2494,Excitatory_Neuron
151920,2498,GABA_Neuron
151921,2494,Excitatory_Neuron
151922,2494,Excitatory_Neuron
151923,2497,Excitatory_Neuron
151924,2497,Excitatory_Neuron
151925,2489,unassigned
151926,2494,Excitatory_Neuron
151927,2497,Excitatory_Neuron
151928,2502,unassigned
151929,2492,unassigned
151930,2493,Excitatory_Neuron
151931,2500,unassigned
151932,2498,GABA_Neuron
151933,2502,unassigned
151934,2489,unassigned
151935,2490,Excitatory_Neuron
151936,2494,Excitatory_Neuron
151937,2499,Excitatory_Neuron
151938,2502,unassigned
151939,2489,unassigned
151940,2491,Excitatory_Neuron
151941,2497,Excitatory_Neuron
151942,2502,unassigned
151943,2502,unassigned
151944,2489,unassigned
151945,2506,Astro-Epen
151946,2510,unassigned
151947,2489,unassigned
151948,2489,unassigned
151949,2492,unassigned
151950,2497,Excitatory_Neuron
151951,2493,Excitatory_Neuron
151952,2509,unassigned
151953,2489,unassigned
151954,2490,Excitatory_Neuron
151955,2494,Excitatory_Neuron
151956,2499,Excitatory_Neuron
151957,2498,GABA_Neuron
151958,2503,Immune
151959,2489,unassigned
151960,2511,unassigned
151961,2494,Excitatory_Neuron
151962,2502,unassigned
151963,2494,Excitatory_Neuron
151964,2489,unassigned
151965,2498,GABA_Neuron
151966,2494,Excitatory_Neuron
151967,2510,unassigned
151968,2497,Excitatory_Neuron
151969,2493,Excitatory_Neuron
151970,2493,Excitatory_Neuron
151971,2506,Astro-Epen
151972,2494,Excitatory_Neuron
151973,2491,Excitatory_Neuron
151974,2497,Excitatory_Neuron
151975,2502,unassigned
151976,2498,GABA_Neuron
151977,2491,Excitatory_Neuron
151978,2499,Excitatory_Neuron
151979,2490,Excitatory_Neuron
151980,2494,Excitatory_Neuron
151981,2499,Excitatory_Neuron
151982,2510,unassigned
151983,2502,unassigned
151984,2503,Immune
151985,2491,Excitatory_Neuron
151986,2499,Excitatory_Neuron
151987,2489,unassigned
151988,2493,Excitatory_Neuron
151989,2506,Astro-Epen
151990,2506,Astro-Epen
151991,2506,Astro-Epen
151992,2491,Excitatory_Neuron
151993,2502,unassigned
151994,2502,unassigned
151995,2489,unassigned
151996,2506,Astro-Epen
151997,2499,Excitatory_Neuron
151998,2510,unassigned
151999,2489,unassigned
152000,2497,Excitatory_Neuron
152001,2503,Immune
152002,2489,unassigned
152003,2490,Excitatory_Neuron
152004,2491,Excitatory_Neuron
152005,2497,Excitatory_Neuron
152006,2498,GABA_Neuron
152007,2502,unassigned
152008,2498,GABA_Neuron
152009,2490,Excitatory_Neuron
152010,2494,Excitatory_Neuron
152011,2494,Excitatory_Neuron
152012,2492,unassigned
152013,2497,Excitatory_Neuron
152014,2491,Excitatory_Neuron
152015,2494,Excitatory_Neuron
152016,2490,Excitatory_Neuron
152017,2490,Excitatory_Neuron
152018,2506,Astro-Epen
152019,2494,Excitatory_Neuron
152020,2491,Excitatory_Neuron
152021,2509,unassigned
152022,2502,unassigned
152023,2503,Immune
152024,2489,unassigned
152025,2490,Excitatory_Neuron
152026,2494,Excitatory_Neuron
152027,2499,Excitatory_Neuron
152028,2497,Excitatory_Neuron
152029,2493,Excitatory_Neuron
152030,2498,GABA_Neuron
152031,2489,unassigned
152032,2490,Excitatory_Neuron
152033,2506,Astro-Epen
152034,2494,Excitatory_Neuron
152035,2498,GABA_Neuron
152036,2494,Excitatory_Neuron
152037,2494,Excitatory_Neuron
152038,2497,Excitatory_Neuron
152039,2497,Excitatory_Neuron
152040,2493,Excitatory_Neuron
152041,2493,Excitatory_Neuron
152042,2502,unassigned
152043,2498,GABA_Neuron
152044,2489,unassigned
152045,2494,Excitatory_Neuron
152046,2498,GABA_Neuron
152047,2491,Excitatory_Neuron
152048,2497,Excitatory_Neuron
152049,2503,Immune
152050,2489,unassigned
152051,2506,Astro-Epen
152052,2494,Excitatory_Neuron
152053,2499,Excitatory_Neuron
152054,2489,unassigned
152055,2489,unassigned
152056,2500,unassigned
152057,2503,Immune
152058,2494,Excitatory_Neuron
152059,2491,Excitatory_Neuron
152060,2489,unassigned
152061,2506,Astro-Epen
152062,2491,Excitatory_Neuron
152063,2491,Excitatory_Neuron
152064,2497,Excitatory_Neuron
152065,2494,Excitatory_Neuron
152066,2494,Excitatory_Neuron
152067,2497,Excitatory_Neuron
152068,2497,Excitatory_Neuron
152069,2489,unassigned
152070,2503,Immune
152071,2512,Astro-Epen
152072,2506,Astro-Epen
152073,2494,Excitatory_Neuron
152074,2489,unassigned
152075,2500,unassigned
152076,2503,Immune
152077,2513,Immune
152078,2497,Excitatory_Neuron
152079,2493,Excitatory_Neuron
152080,2494,Excitatory_Neuron
152081,2497,Excitatory_Neuron
152082,2489,unassigned
152083,2489,unassigned
152084,2494,Excitatory_Neuron
152085,2499,Excitatory_Neuron
152086,2489,unassigned
152087,2489,unassigned
152088,2497,Excitatory_Neuron
152089,2509,unassigned
152090,2502,unassigned
152091,2498,GABA_Neuron
152092,2506,Astro-Epen
152093,2499,Excitatory_Neuron
152094,2502,unassigned
152095,2503,Immune
152096,2494,Excitatory_Neuron
152097,2494,Excitatory_Neuron
152098,2502,unassigned
152099,2506,Astro-Epen
152100,2489,unassigned
152101,2503,Immune
152102,2512,Astro-Epen
152103,2502,unassigned
152104,2498,GABA_Neuron
152105,2506,Astro-Epen
152106,2499,Excitatory_Neuron
152107,2503,Immune
152108,2506,Astro-Epen
152109,2494,Excitatory_Neuron
152110,2499,Excitatory_Neuron
152111,2513,Immune
152112,2493,Excitatory_Neuron
152113,2489,unassigned
152114,2490,Excitatory_Neuron
152115,2506,Astro-Epen
152116,2494,Excitatory_Neuron
152117,2491,Excitatory_Neuron
152118,2497,Excitatory_Neuron
152119,2489,unassigned
152120,2493,Excitatory_Neuron
152121,2489,unassigned
152122,2489,unassigned
152123,2506,Astro-Epen
152124,2502,unassigned
152125,2503,Immune
152126,2489,unassigned
152127,2502,unassigned
152128,2502,unassigned
152129,2498,GABA_Neuron
152130,2489,unassigned
152131,2489,unassigned
152132,2491,Excitatory_Neuron
152133,2491,Excitatory_Neuron
152134,2493,Excitatory_Neuron
152135,2500,unassigned
152136,2509,unassigned
152137,2498,GABA_Neuron
152138,2490,Excitatory_Neuron
152139,2506,Astro-Epen
152140,2494,Excitatory_Neuron
152141,2491,Excitatory_Neuron
152142,2503,Immune
152143,2490,Excitatory_Neuron
152144,2491,Excitatory_Neuron
152145,2497,Excitatory_Neuron
152146,2493,Excitatory_Neuron
152147,2498,GABA_Neuron
152148,2503,Immune
152149,2499,Excitatory_Neuron
152150,2493,Excitatory_Neuron
152151,2509,unassigned
152152,2506,Astro-Epen
152153,2491,Excitatory_Neuron
152154,2493,Excitatory_Neuron
152155,2489,unassigned
152156,2489,unassigned
152157,2493,Excitatory_Neuron
152158,2493,Excitatory_Neuron
152159,2489,unassigned
152160,2498,GABA_Neuron
152161,2503,Immune
152162,2494,Excitatory_Neuron
152163,2494,Excitatory_Neuron
152164,2497,Excitatory_Neuron
152165,2502,unassigned
152166,2512,Astro-Epen
152167,2494,Excitatory_Neuron
152168,2514,unassigned
152169,2497,Excitatory_Neuron
152170,2489,unassigned
152171,2493,Excitatory_Neuron
152172,2489,unassigned
152173,2500,unassigned
152174,2503,Immune
152175,2489,unassigned
152176,2515,unassigned
152177,2494,Excitatory_Neuron
152178,2498,GABA_Neuron
152179,2514,unassigned
152180,2497,Excitatory_Neuron
152181,2489,unassigned
152182,2502,unassigned
152183,2490,Excitatory_Neuron
152184,2490,Excitatory_Neuron
152185,2497,Excitatory_Neuron
152186,2493,Excitatory_Neuron
152187,2503,Immune
152188,2512,Astro-Epen
152189,2489,unassigned
152190,2497,Excitatory_Neuron
152191,2489,unassigned
152192,2490,Excitatory_Neuron
152193,2506,Astro-Epen
152194,2494,Excitatory_Neuron
152195,2513,Immune
152196,2489,unassigned
152197,2502,unassigned
152198,2503,Immune
152199,2503,Immune
152200,2489,unassigned
152201,2491,Excitatory_Neuron
152202,2497,Excitatory_Neuron
152203,2516,Excitatory_Neuron
152204,2490,Excitatory_Neuron
152205,2490,Excitatory_Neuron
152206,2491,Excitatory_Neuron
152207,2493,Excitatory_Neuron
152208,2498,GABA_Neuron
152209,2512,Astro-Epen
152210,2506,Astro-Epen
152211,2506,Astro-Epen
152212,2498,GABA_Neuron
152213,2494,Excitatory_Neuron
152214,2491,Excitatory_Neuron
152215,2491,Excitatory_Neuron
152216,2516,Excitatory_Neuron
152217,2516,Excitatory_Neuron
152218,2498,GABA_Neuron
152219,2503,Immune
152220,2499,Excitatory_Neuron
152221,2502,unassigned
152222,2517,unassigned
152223,2493,Excitatory_Neuron
152224,2498,GABA_Neuron
152225,2490,Excitatory_Neuron
152226,2518,unassigned
152227,2498,GABA_Neuron
152228,2503,Immune
152229,2503,Immune
152230,2490,Excitatory_Neuron
152231,2494,Excitatory_Neuron
152232,2518,unassigned
152233,2489,unassigned
152234,2493,Excitatory_Neuron
152235,2490,Excitatory_Neuron
152236,2494,Excitatory_Neuron
152237,2491,Excitatory_Neuron
152238,2497,Excitatory_Neuron
152239,2503,Immune
152240,2493,Excitatory_Neuron
152241,2500,unassigned
152242,2498,GABA_Neuron
152243,2500,unassigned
152244,2503,Immune
152245,2506,Astro-Epen
152246,2499,Excitatory_Neuron
152247,2497,Excitatory_Neuron
152248,2493,Excitatory_Neuron
152249,2516,Excitatory_Neuron
152250,2500,unassigned
152251,2489,unassigned
152252,2489,unassigned
152253,2497,Excitatory_Neuron
152254,2516,Excitatory_Neuron
152255,2493,Excitatory_Neuron
152256,2502,unassigned
152257,2490,Excitatory_Neuron
152258,2490,Excitatory_Neuron
152259,2513,Immune
152260,2491,Excitatory_Neuron
152261,2497,Excitatory_Neuron
152262,2489,unassigned
152263,2498,GABA_Neuron
152264,2490,Excitatory_Neuron
152265,2491,Excitatory_Neuron
152266,2497,Excitatory_Neuron
152267,2514,unassigned
152268,2497,Excitatory_Neuron
152269,2518,unassigned
152270,2491,Excitatory_Neuron
152271,2497,Excitatory_Neuron
152272,2493,Excitatory_Neuron
152273,2516,Excitatory_Neuron
152274,2490,Excitatory_Neuron
152275,2494,Excitatory_Neuron
152276,2499,Excitatory_Neuron
152277,2491,Excitatory_Neuron
152278,2497,Excitatory_Neuron
152279,2503,Immune
152280,2503,Immune
152281,2493,Excitatory_Neuron
152282,2500,unassigned
152283,2498,GABA_Neuron
152284,2489,unassigned
152285,2512,Astro-Epen
152286,2491,Excitatory_Neuron
152287,2494,Excitatory_Neuron
152288,2518,unassigned
152289,2493,Excitatory_Neuron
152290,2489,unassigned
152291,2494,Excitatory_Neuron
152292,2514,unassigned
152293,2497,Excitatory_Neuron
152294,2490,Excitatory_Neuron
152295,2499,Excitatory_Neuron
152296,2502,unassigned
152297,2498,GABA_Neuron
152298,2503,Immune
152299,2490,Excitatory_Neuron
152300,2513,Immune
152301,2491,Excitatory_Neuron
152302,2497,Excitatory_Neuron
152303,2493,Excitatory_Neuron
152304,2489,unassigned
152305,2512,Astro-Epen
152306,2506,Astro-Epen
152307,2499,Excitatory_Neuron
152308,2497,Excitatory_Neuron
152309,2513,Immune
152310,2490,Excitatory_Neuron
152311,2489,unassigned
152312,2491,Excitatory_Neuron
152313,2500,unassigned
152314,2500,unassigned
152315,2512,Astro-Epen
152316,2490,Excitatory_Neuron
152317,2519,Immune
152318,2499,Excitatory_Neuron
152319,2499,Excitatory_Neuron
152320,2500,unassigned
152321,2490,Excitatory_Neuron
152322,2490,Excitatory_Neuron
152323,2491,Excitatory_Neuron
152324,2494,Excitatory_Neuron
152325,2491,Excitatory_Neuron
152326,2498,GABA_Neuron
152327,2490,Excitatory_Neuron
152328,2489,unassigned
152329,2512,Astro-Epen
152330,2490,Excitatory_Neuron
152331,2499,Excitatory_Neuron
152332,2493,Excitatory_Neuron
152333,2509,unassigned
152334,2498,GABA_Neuron
152335,2512,Astro-Epen
152336,2514,unassigned
152337,2497,Excitatory_Neuron
152338,2498,GABA_Neuron
152339,2499,Excitatory_Neuron
152340,2514,unassigned
152341,2516,Excitatory_Neuron
152342,2489,unassigned
152343,2512,Astro-Epen
152344,2491,Excitatory_Neuron
152345,2494,Excitatory_Neuron
152346,2519,Immune
152347,2499,Excitatory_Neuron
152348,2493,Excitatory_Neuron
152349,2498,GABA_Neuron
152350,2503,Immune
152351,2489,unassigned
152352,2491,Excitatory_Neuron
152353,2489,unassigned
152354,2489,unassigned
152355,2520,unassigned
152356,2491,Excitatory_Neuron
152357,2491,Excitatory_Neuron
152358,2491,Excitatory_Neuron
152359,2499,Excitatory_Neuron
152360,2493,Excitatory_Neuron
152361,2493,Excitatory_Neuron
152362,2498,GABA_Neuron
152363,2498,GABA_Neuron
152364,2494,Excitatory_Neuron
152365,2519,Immune
152366,2493,Excitatory_Neuron
152367,2489,unassigned
152368,2490,Excitatory_Neuron
152369,2499,Excitatory_Neuron
152370,2499,Excitatory_Neuron
152371,2514,unassigned
152372,2516,Excitatory_Neuron
152373,2498,GABA_Neuron
152374,2491,Excitatory_Neuron
152375,2513,Immune
152376,2498,GABA_Neuron
152377,2503,Immune
152378,2494,Excitatory_Neuron
152379,2493,Excitatory_Neuron
152380,2512,Astro-Epen
152381,2499,Excitatory_Neuron
152382,2514,unassigned
152383,2516,Excitatory_Neuron
152384,2509,unassigned
152385,2503,Immune
152386,2490,Excitatory_Neuron
152387,2490,Excitatory_Neuron
152388,2519,Immune
152389,2513,Immune
152390,2497,Excitatory_Neuron
152391,2516,Excitatory_Neuron
152392,2500,unassigned
152393,2498,GABA_Neuron
152394,2506,Astro-Epen
152395,2519,Immune
152396,2519,Immune
152397,2500,unassigned
152398,2503,Immune
152399,2516,Excitatory_Neuron
152400,2519,Immune
152401,2519,Immune
152402,2513,Immune
152403,2497,Excitatory_Neuron
152404,2491,Excitatory_Neuron
152405,2493,Excitatory_Neuron
152406,2491,Excitatory_Neuron
152407,2499,Excitatory_Neuron
152408,2491,Excitatory_Neuron
152409,2493,Excitatory_Neuron
152410,2490,Excitatory_Neuron
152411,2519,Immune
152412,2494,Excitatory_Neuron
152413,2512,Astro-Epen
152414,2506,Astro-Epen
152415,2497,Excitatory_Neuron
152416,2516,Excitatory_Neuron
152417,2521,unassigned
152418,2516,Excitatory_Neuron
152419,2500,unassigned
152420,2503,Immune
152421,2519,Immune
152422,2489,unassigned
152423,2503,Immune
152424,2494,Excitatory_Neuron
152425,2489,unassigned
152426,2499,Excitatory_Neuron
152427,2516,Excitatory_Neuron
152428,2490,Excitatory_Neuron
152429,2519,Immune
152430,2499,Excitatory_Neuron
152431,2497,Excitatory_Neuron
152432,2497,Excitatory_Neuron
152433,2516,Excitatory_Neuron
152434,2503,Immune
152435,2490,Excitatory_Neuron
152436,2506,Astro-Epen
152437,2514,unassigned
152438,2522,unassigned
152439,2489,unassigned
152440,2503,Immune
152441,2490,Excitatory_Neuron
152442,2514,unassigned
152443,2498,GABA_Neuron
152444,2498,GABA_Neuron
152445,2512,Astro-Epen
152446,2491,Excitatory_Neuron
152447,2494,Excitatory_Neuron
152448,2491,Excitatory_Neuron
152449,2493,Excitatory_Neuron
152450,2491,Excitatory_Neuron
152451,2499,Excitatory_Neuron
152452,2521,unassigned
152453,2523,unassigned
152454,2499,Excitatory_Neuron
152455,2514,unassigned
152456,2516,Excitatory_Neuron
152457,2503,Immune
152458,2506,Astro-Epen
152459,2506,Astro-Epen
152460,2494,Excitatory_Neuron
152461,2491,Excitatory_Neuron
152462,2521,unassigned
152463,2493,Excitatory_Neuron
152464,2489,unassigned
152465,2519,Immune
152466,2521,unassigned
152467,2498,GABA_Neuron
152468,2489,unassigned
152469,2506,Astro-Epen
152470,2499,Excitatory_Neuron
152471,2514,unassigned
152472,2491,Excitatory_Neuron
152473,2519,Immune
152474,2499,Excitatory_Neuron
152475,2491,Excitatory_Neuron
152476,2497,Excitatory_Neuron
152477,2494,Excitatory_Neuron
152478,2491,Excitatory_Neuron
152479,2514,unassigned
152480,2514,unassigned
152481,2498,GABA_Neuron
152482,2489,unassigned
152483,2490,Excitatory_Neuron
152484,2491,Excitatory_Neuron
152485,2490,Excitatory_Neuron
152486,2513,Immune
152487,2497,Excitatory_Neuron
152488,2497,Excitatory_Neuron
152489,2497,Excitatory_Neuron
152490,2521,unassigned
152491,2500,unassigned
152492,2490,Excitatory_Neuron
152493,2516,Excitatory_Neuron
152494,2489,unassigned
152495,2489,unassigned
152496,2506,Astro-Epen
152497,2498,GABA_Neuron
152498,2513,Immune
152499,2513,Immune
152500,2498,GABA_Neuron
152501,2491,Excitatory_Neuron
152502,2491,Excitatory_Neuron
152503,2519,Immune
152504,2514,unassigned
152505,2514,unassigned
152506,2500,unassigned
152507,2516,Excitatory_Neuron
152508,2489,unassigned
152509,2524,unassigned
152510,2494,Excitatory_Neuron
152511,2499,Excitatory_Neuron
152512,2513,Immune
152513,2493,Excitatory_Neuron
152514,2520,unassigned
152515,2520,unassigned
152516,2490,Excitatory_Neuron
152517,2499,Excitatory_Neuron
152518,2519,Immune
152519,2516,Excitatory_Neuron
152520,2498,GABA_Neuron
152521,2525,unassigned
152522,2490,Excitatory_Neuron
152523,2497,Excitatory_Neuron
152524,2513,Immune
152525,2494,Excitatory_Neuron
152526,2499,Excitatory_Neuron
152527,2491,Excitatory_Neuron
152528,2497,Excitatory_Neuron
152529,2514,unassigned
152530,2497,Excitatory_Neuron
152531,2503,Immune
152532,2489,unassigned
152533,2490,Excitatory_Neuron
152534,2499,Excitatory_Neuron
152535,2513,Immune
152536,2516,Excitatory_Neuron
152537,2503,Immune
152538,2491,Excitatory_Neuron
152539,2513,Immune
152540,2489,unassigned
152541,2526,unassigned
152542,2490,Excitatory_Neuron
152543,2494,Excitatory_Neuron
152544,2491,Excitatory_Neuron
152545,2503,Immune
152546,2512,Astro-Epen
152547,2491,Excitatory_Neuron
152548,2491,Excitatory_Neuron
152549,2499,Excitatory_Neuron
152550,2491,Excitatory_Neuron
152551,2490,Excitatory_Neuron
152552,2491,Excitatory_Neuron
152553,2499,Excitatory_Neuron
152554,2513,Immune
152555,2497,Excitatory_Neuron
152556,2497,Excitatory_Neuron
152557,2494,Excitatory_Neuron
152558,2499,Excitatory_Neuron
152559,2497,Excitatory_Neuron
152560,2497,Excitatory_Neuron
152561,2489,unassigned
152562,2503,Immune
152563,2506,Astro-Epen
152564,2519,Immune
152565,2499,Excitatory_Neuron
152566,2513,Immune
152567,2527,unassigned
152568,2489,unassigned
152569,2519,Immune
152570,2491,Excitatory_Neuron
152571,2498,GABA_Neuron
152572,2489,unassigned
152573,2506,Astro-Epen
152574,2494,Excitatory_Neuron
152575,2499,Excitatory_Neuron
152576,2497,Excitatory_Neuron
152577,2489,unassigned
152578,2519,Immune
152579,2499,Excitatory_Neuron
152580,2497,Excitatory_Neuron
152581,2489,unassigned
152582,2512,Astro-Epen
152583,2528,unassigned
152584,2493,Excitatory_Neuron
152585,2516,Excitatory_Neuron
152586,2506,Astro-Epen
152587,2519,Immune
152588,2493,Excitatory_Neuron
152589,2493,Excitatory_Neuron
152590,2490,Excitatory_Neuron
152591,2513,Immune
152592,2529,unassigned
152593,2489,unassigned
152594,2503,Immune
152595,2530,unassigned
152596,2519,Immune
152597,2519,Immune
152598,2497,Excitatory_Neuron
152599,2497,Excitatory_Neuron
152600,2530,unassigned
152601,2494,Excitatory_Neuron
152602,2519,Immune
152603,2519,Immune
152604,2519,Immune
152605,2491,Excitatory_Neuron
152606,2519,Immune
152607,2497,Excitatory_Neuron
152608,2489,unassigned
152609,2503,Immune
152610,2506,Astro-Epen
152611,2491,Excitatory_Neuron
152612,2513,Immune
152613,2493,Excitatory_Neuron
152614,2489,unassigned
152615,2489,unassigned
152616,2489,unassigned
152617,2503,Immune
152618,2499,Excitatory_Neuron
152619,2499,Excitatory_Neuron
152620,2513,Immune
152621,2497,Excitatory_Neuron
152622,2489,unassigned
152623,2491,Excitatory_Neuron
152624,2499,Excitatory_Neuron
152625,2499,Excitatory_Neuron
152626,2497,Excitatory_Neuron
152627,2498,GABA_Neuron
152628,2503,Immune
152629,2503,Immune
152630,2512,Astro-Epen
152631,2530,unassigned
152632,2506,Astro-Epen
152633,2491,Excitatory_Neuron
152634,2497,Excitatory_Neuron
152635,2497,Excitatory_Neuron
152636,2493,Excitatory_Neuron
152637,2498,GABA_Neuron
152638,2489,unassigned
152639,2489,unassigned
152640,2490,Excitatory_Neuron
152641,2493,Excitatory_Neuron
152642,2516,Excitatory_Neuron
152643,2493,Excitatory_Neuron
152644,2489,unassigned
152645,2490,Excitatory_Neuron
152646,2519,Immune
152647,2513,Immune
152648,2497,Excitatory_Neuron
152649,2503,Immune
152650,2503,Immune
152651,2490,Excitatory_Neuron
152652,2519,Immune
152653,2519,Immune
152654,2498,GABA_Neuron
152655,2519,Immune
152656,2513,Immune
152657,2500,unassigned
152658,2513,Immune
152659,2513,Immune
152660,2497,Excitatory_Neuron
152661,2513,Immune
152662,2497,Excitatory_Neuron
152663,2489,unassigned
152664,2530,unassigned
152665,2519,Immune
152666,2519,Immune
152667,2497,Excitatory_Neuron
152668,2493,Excitatory_Neuron
152669,2531,unassigned
152670,2503,Immune
152671,2491,Excitatory_Neuron
152672,2513,Immune
152673,2497,Excitatory_Neuron
152674,2497,Excitatory_Neuron
152675,2493,Excitatory_Neuron
152676,2493,Excitatory_Neuron
152677,2512,Astro-Epen
152678,2506,Astro-Epen
152679,2519,Immune
152680,2519,Immune
152681,2499,Excitatory_Neuron
152682,2497,Excitatory_Neuron
152683,2513,Immune
152684,2493,Excitatory_Neuron
152685,2532,unassigned
152686,2532,unassigned
152687,2503,Immune
152688,2503,Immune
152689,2490,Excitatory_Neuron
152690,2491,Excitatory_Neuron
152691,2491,Excitatory_Neuron
152692,2514,unassigned
152693,2493,Excitatory_Neuron
152694,2503,Immune
152695,2490,Excitatory_Neuron
152696,2491,Excitatory_Neuron
152697,2519,Immune
152698,2491,Excitatory_Neuron
152699,2513,Immune
152700,2497,Excitatory_Neuron
152701,2533,Immune
152702,2519,Immune
152703,2513,Immune
152704,2516,Excitatory_Neuron
152705,2493,Excitatory_Neuron
152706,2503,Immune
152707,2520,unassigned
152708,2491,Excitatory_Neuron
152709,2491,Excitatory_Neuron
152710,2519,Immune
152711,2534,unassigned
152712,2520,unassigned
152713,2494,Excitatory_Neuron
152714,2531,unassigned
152715,2503,Immune
152716,2491,Excitatory_Neuron
152717,2519,Immune
152718,2499,Excitatory_Neuron
152719,2499,Excitatory_Neuron
152720,2513,Immune
152721,2533,Immune
152722,2534,unassigned
152723,2489,unassigned
152724,2506,Astro-Epen
152725,2513,Immune
152726,2491,Excitatory_Neuron
152727,2503,Immune
152728,2506,Astro-Epen
152729,2506,Astro-Epen
152730,2494,Excitatory_Neuron
152731,2499,Excitatory_Neuron
152732,2499,Excitatory_Neuron
152733,2491,Excitatory_Neuron
152734,2493,Excitatory_Neuron
152735,2535,unassigned
152736,2531,unassigned
152737,2489,unassigned
152738,2519,Immune
152739,2499,Excitatory_Neuron
152740,2489,unassigned
152741,2536,unassigned
152742,2512,Astro-Epen
152743,2506,Astro-Epen
152744,2490,Excitatory_Neuron
152745,2490,Excitatory_Neuron
152746,2490,Excitatory_Neuron
152747,2490,Excitatory_Neuron
152748,2497,Excitatory_Neuron
152749,2493,Excitatory_Neuron
152750,2500,unassigned
152751,2503,Immune
152752,2490,Excitatory_Neuron
152753,2506,Astro-Epen
152754,2491,Excitatory_Neuron
152755,2499,Excitatory_Neuron
152756,2493,Excitatory_Neuron
152757,2489,unassigned
152758,2537,unassigned
152759,2494,Excitatory_Neuron
152760,2491,Excitatory_Neuron
152761,2494,Excitatory_Neuron
152762,2537,unassigned
152763,2494,Excitatory_Neuron
152764,2513,Immune
152765,2497,Excitatory_Neuron
152766,2516,Excitatory_Neuron
152767,2503,Immune
152768,2499,Excitatory_Neuron
152769,2497,Excitatory_Neuron
152770,2493,Excitatory_Neuron
152771,2494,Excitatory_Neuron
152772,2503,Immune
152773,2490,Excitatory_Neuron
152774,2491,Excitatory_Neuron
152775,2493,Excitatory_Neuron
152776,2506,Astro-Epen
152777,2491,Excitatory_Neuron
152778,2499,Excitatory_Neuron
152779,2493,Excitatory_Neuron
152780,2500,unassigned
152781,2489,unassigned
152782,2490,Excitatory_Neuron
152783,2490,Excitatory_Neuron
152784,2499,Excitatory_Neuron
152785,2497,Excitatory_Neuron
152786,2538,unassigned
152787,2491,Excitatory_Neuron
152788,2519,Immune
152789,2499,Excitatory_Neuron
152790,2513,Immune
152791,2539,unassigned
152792,2493,Excitatory_Neuron
152793,2493,Excitatory_Neuron
152794,2493,Excitatory_Neuron
152795,2491,Excitatory_Neuron
152796,2491,Excitatory_Neuron
152797,2519,Immune
152798,2503,Immune
152799,2491,Excitatory_Neuron
152800,2499,Excitatory_Neuron
152801,2516,Excitatory_Neuron
152802,2489,unassigned
152803,2491,Excitatory_Neuron
152804,2499,Excitatory_Neuron
152805,2490,Excitatory_Neuron
152806,2494,Excitatory_Neuron
152807,2491,Excitatory_Neuron
152808,2491,Excitatory_Neuron
152809,2539,unassigned
152810,2489,unassigned
152811,2491,Excitatory_Neuron
152812,2516,Excitatory_Neuron
152813,2516,Excitatory_Neuron
152814,2503,Immune
152815,2491,Excitatory_Neuron
152816,2497,Excitatory_Neuron
152817,2493,Excitatory_Neuron
152818,2540,unassigned
152819,2499,Excitatory_Neuron
152820,2539,unassigned
152821,2516,Excitatory_Neuron
152822,2531,unassigned
152823,2490,Excitatory_Neuron
152824,2499,Excitatory_Neuron
152825,2497,Excitatory_Neuron
152826,2531,unassigned
152827,2506,Astro-Epen
152828,2499,Excitatory_Neuron
152829,2539,unassigned
152830,2516,Excitatory_Neuron
152831,2503,Immune
152832,2490,Excitatory_Neuron
152833,2538,unassigned
152834,2490,Excitatory_Neuron
152835,2497,Excitatory_Neuron
152836,2493,Excitatory_Neuron
152837,2493,Excitatory_Neuron
152838,2538,unassigned
152839,2490,Excitatory_Neuron
152840,2491,Excitatory_Neuron
152841,2519,Immune
152842,2533,Immune
152843,2534,unassigned
152844,2539,unassigned
152845,2531,unassigned
152846,2490,Excitatory_Neuron
152847,2541,unassigned
152848,2519,Immune
152849,2533,Immune
152850,2531,unassigned
152851,2490,Excitatory_Neuron
152852,2542,unassigned
152853,2497,Excitatory_Neuron
152854,2516,Excitatory_Neuron
152855,2534,unassigned
152856,2534,unassigned
152857,2503,Immune
152858,2519,Immune
152859,2499,Excitatory_Neuron
152860,2497,Excitatory_Neuron
152861,2493,Excitatory_Neuron
152862,2503,Immune
152863,2491,Excitatory_Neuron
152864,2497,Excitatory_Neuron
152865,2516,Excitatory_Neuron
152866,2489,unassigned
152867,2493,Excitatory_Neuron
152868,2537,unassigned
152869,2519,Immune
152870,2491,Excitatory_Neuron
152871,2516,Excitatory_Neuron
152872,2516,Excitatory_Neuron
152873,2489,unassigned
152874,2489,unassigned
152875,2538,unassigned
152876,2490,Excitatory_Neuron
152877,2491,Excitatory_Neuron
152878,2491,Excitatory_Neuron
152879,2491,Excitatory_Neuron
152880,2519,Immune
152881,2499,Excitatory_Neuron
152882,2537,unassigned
152883,2491,Excitatory_Neuron
152884,2519,Immune
152885,2519,Immune
152886,2491,Excitatory_Neuron
152887,2503,Immune
152888,2519,Immune
152889,2519,Immune
152890,2497,Excitatory_Neuron
152891,2497,Excitatory_Neuron
152892,2516,Excitatory_Neuron
152893,2516,Excitatory_Neuron
152894,2543,unassigned
152895,2493,Excitatory_Neuron
152896,2491,Excitatory_Neuron
152897,2491,Excitatory_Neuron
152898,2519,Immune
152899,2499,Excitatory_Neuron
152900,2539,unassigned
152901,2516,Excitatory_Neuron
152902,2516,Excitatory_Neuron
152903,2516,Excitatory_Neuron
152904,2489,unassigned
152905,2490,Excitatory_Neuron
152906,2491,Excitatory_Neuron
152907,2491,Excitatory_Neuron
152908,2491,Excitatory_Neuron
152909,2489,unassigned
152910,2503,Immune
152911,2491,Excitatory_Neuron
152912,2513,Immune
152913,2519,Immune
152914,2491,Excitatory_Neuron
152915,2491,Excitatory_Neuron
152916,2516,Excitatory_Neuron
152917,2538,unassigned
152918,2490,Excitatory_Neuron
152919,2490,Excitatory_Neuron
152920,2494,Excitatory_Neuron
152921,2499,Excitatory_Neuron
152922,2491,Excitatory_Neuron
152923,2513,Immune
152924,2497,Excitatory_Neuron
152925,2532,unassigned
152926,2519,Immune
152927,2491,Excitatory_Neuron
152928,2497,Excitatory_Neuron
152929,2516,Excitatory_Neuron
152930,2532,unassigned
152931,2538,unassigned
152932,2494,Excitatory_Neuron
152933,2494,Excitatory_Neuron
152934,2519,Immune
152935,2491,Excitatory_Neuron
152936,2497,Excitatory_Neuron
152937,2493,Excitatory_Neuron
152938,2489,unassigned
152939,2490,Excitatory_Neuron
152940,2499,Excitatory_Neuron
152941,2499,Excitatory_Neuron
152942,2493,Excitatory_Neuron
152943,2532,unassigned
152944,2534,unassigned
152945,2490,Excitatory_Neuron
152946,2497,Excitatory_Neuron
152947,2489,unassigned
152948,2503,Immune
152949,2506,Astro-Epen
152950,2519,Immune
152951,2516,Excitatory_Neuron
152952,2489,unassigned
152953,2491,Excitatory_Neuron
152954,2497,Excitatory_Neuron
152955,2493,Excitatory_Neuron
152956,2489,unassigned
152957,2491,Excitatory_Neuron
152958,2512,Astro-Epen
152959,2491,Excitatory_Neuron
152960,2519,Immune
152961,2493,Excitatory_Neuron
152962,2503,Immune
152963,2490,Excitatory_Neuron
152964,2506,Astro-Epen
152965,2491,Excitatory_Neuron
152966,2491,Excitatory_Neuron
152967,2544,unassigned
152968,2532,unassigned
152969,2494,Excitatory_Neuron
152970,2491,Excitatory_Neuron
152971,2516,Excitatory_Neuron
152972,2532,unassigned
152973,2489,unassigned
152974,2489,unassigned
152975,2491,Excitatory_Neuron
152976,2531,unassigned
152977,2503,Immune
152978,2491,Excitatory_Neuron
152979,2513,Immune
152980,2532,unassigned
152981,2493,Excitatory_Neuron
152982,2503,Immune
152983,2506,Astro-Epen
152984,2489,unassigned
152985,2513,Immune
152986,2503,Immune
152987,2506,Astro-Epen
152988,2506,Astro-Epen
152989,2493,Excitatory_Neuron
152990,2532,unassigned
152991,2490,Excitatory_Neuron
152992,2494,Excitatory_Neuron
152993,2499,Excitatory_Neuron
152994,2491,Excitatory_Neuron
152995,2538,unassigned
152996,2520,unassigned
152997,2520,unassigned
152998,2512,Astro-Epen
152999,2512,Astro-Epen
153000,2506,Astro-Epen
153001,2491,Excitatory_Neuron
153002,2497,Excitatory_Neuron
153003,2516,Excitatory_Neuron
153004,2516,Excitatory_Neuron
153005,2538,unassigned
153006,2506,Astro-Epen
153007,2491,Excitatory_Neuron
153008,2497,Excitatory_Neuron
153009,2533,Immune
153010,2538,unassigned
153011,2491,Excitatory_Neuron
153012,2491,Excitatory_Neuron
153013,2503,Immune
153014,2512,Astro-Epen
153015,2490,Excitatory_Neuron
153016,2490,Excitatory_Neuron
153017,2490,Excitatory_Neuron
153018,2513,Immune
153019,2491,Excitatory_Neuron
153020,2543,unassigned
153021,2534,unassigned
153022,2499,Excitatory_Neuron
153023,2491,Excitatory_Neuron
153024,2493,Excitatory_Neuron
153025,2503,Immune
153026,2520,unassigned
153027,2491,Excitatory_Neuron
153028,2491,Excitatory_Neuron
153029,2493,Excitatory_Neuron
153030,2493,Excitatory_Neuron
153031,2490,Excitatory_Neuron
153032,2506,Astro-Epen
153033,2494,Excitatory_Neuron
153034,2491,Excitatory_Neuron
153035,2497,Excitatory_Neuron
153036,2516,Excitatory_Neuron
153037,2493,Excitatory_Neuron
153038,2543,unassigned
153039,2489,unassigned
153040,2490,Excitatory_Neuron
153041,2539,unassigned
153042,2497,Excitatory_Neuron
153043,2489,unassigned
153044,2489,unassigned
153045,2489,unassigned
153046,2512,Astro-Epen
153047,2490,Excitatory_Neuron
153048,2490,Excitatory_Neuron
153049,2490,Excitatory_Neuron
153050,2491,Excitatory_Neuron
153051,2499,Excitatory_Neuron
153052,2497,Excitatory_Neuron
153053,2543,unassigned
153054,2489,unassigned
153055,2512,Astro-Epen
153056,2490,Excitatory_Neuron
153057,2494,Excitatory_Neuron
153058,2491,Excitatory_Neuron
153059,2519,Immune
153060,2513,Immune
153061,2545,unassigned
153062,2497,Excitatory_Neuron
153063,2493,Excitatory_Neuron
153064,2543,unassigned
153065,2494,Excitatory_Neuron
153066,2546,unassigned
153067,2543,unassigned
153068,2534,unassigned
153069,2531,unassigned
153070,2506,Astro-Epen
153071,2490,Excitatory_Neuron
153072,2497,Excitatory_Neuron
153073,2497,Excitatory_Neuron
153074,2544,unassigned
153075,2538,unassigned
153076,2497,Excitatory_Neuron
153077,2493,Excitatory_Neuron
153078,2493,Excitatory_Neuron
153079,2503,Immune
153080,2512,Astro-Epen
153081,2494,Excitatory_Neuron
153082,2499,Excitatory_Neuron
153083,2497,Excitatory_Neuron
153084,2544,unassigned
153085,2537,unassigned
153086,2490,Excitatory_Neuron
153087,2491,Excitatory_Neuron
153088,2546,unassigned
153089,2491,Excitatory_Neuron
153090,2533,Immune
153091,2520,unassigned
153092,2491,Excitatory_Neuron
153093,2491,Excitatory_Neuron
153094,2491,Excitatory_Neuron
153095,2513,Immune
153096,2489,unassigned
153097,2547,unassigned
153098,2519,Immune
153099,2543,unassigned
153100,2531,unassigned
153101,2503,Immune
153102,2490,Excitatory_Neuron
153103,2491,Excitatory_Neuron
153104,2491,Excitatory_Neuron
153105,2489,unassigned
153106,2489,unassigned
153107,2489,unassigned
153108,2537,unassigned
153109,2512,Astro-Epen
153110,2491,Excitatory_Neuron
153111,2489,unassigned
153112,2489,unassigned
153113,2503,Immune
153114,2490,Excitatory_Neuron
153115,2497,Excitatory_Neuron
153116,2489,unassigned
153117,2497,Excitatory_Neuron
153118,2497,Excitatory_Neuron
153119,2489,unassigned
153120,2489,unassigned
153121,2489,unassigned
153122,2538,unassigned
153123,2519,Immune
153124,2491,Excitatory_Neuron
153125,2491,Excitatory_Neuron
153126,2519,Immune
153127,2499,Excitatory_Neuron
153128,2491,Excitatory_Neuron
153129,2513,Immune
153130,2491,Excitatory_Neuron
153131,2493,Excitatory_Neuron
153132,2489,unassigned
153133,2503,Immune
153134,2491,Excitatory_Neuron
153135,2513,Immune
153136,2513,Immune
153137,2497,Excitatory_Neuron
153138,2512,Astro-Epen
153139,2499,Excitatory_Neuron
153140,2493,Excitatory_Neuron
153141,2493,Excitatory_Neuron
153142,2519,Immune
153143,2548,unassigned
153144,2503,Immune
153145,2497,Excitatory_Neuron
153146,2490,Excitatory_Neuron
153147,2534,unassigned
153148,2489,unassigned
153149,2491,Excitatory_Neuron
153150,2533,Immune
153151,2519,Immune
153152,2549,unassigned
153153,2497,Excitatory_Neuron
153154,2497,Excitatory_Neuron
153155,2493,Excitatory_Neuron
153156,2548,unassigned
153157,2503,Immune
153158,2491,Excitatory_Neuron
153159,2491,Excitatory_Neuron
153160,2493,Excitatory_Neuron
153161,2533,Immune
153162,2506,Astro-Epen
153163,2506,Astro-Epen
153164,2499,Excitatory_Neuron
153165,2513,Immune
153166,2497,Excitatory_Neuron
153167,2544,unassigned
153168,2490,Excitatory_Neuron
153169,2494,Excitatory_Neuron
153170,2544,unassigned
153171,2489,unassigned
153172,2537,unassigned
153173,2494,Excitatory_Neuron
153174,2519,Immune
153175,2491,Excitatory_Neuron
153176,2497,Excitatory_Neuron
153177,2497,Excitatory_Neuron
153178,2493,Excitatory_Neuron
153179,2503,Immune
153180,2550,unassigned
153181,2493,Excitatory_Neuron
153182,2533,Immune
153183,2533,Immune
153184,2533,Immune
153185,2531,unassigned
153186,2550,unassigned
153187,2544,unassigned
153188,2489,unassigned
153189,2489,unassigned
153190,2550,unassigned
153191,2546,unassigned
153192,2497,Excitatory_Neuron
153193,2543,unassigned
153194,2548,unassigned
153195,2519,Immune
153196,2491,Excitatory_Neuron
153197,2497,Excitatory_Neuron
153198,2497,Excitatory_Neuron
153199,2493,Excitatory_Neuron
153200,2493,Excitatory_Neuron
153201,2489,unassigned
153202,2489,unassigned
153203,2490,Excitatory_Neuron
153204,2491,Excitatory_Neuron
153205,2491,Excitatory_Neuron
153206,2499,Excitatory_Neuron
153207,2491,Excitatory_Neuron
153208,2513,Immune
153209,2493,Excitatory_Neuron
153210,2533,Immune
153211,2550,unassigned
153212,2497,Excitatory_Neuron
153213,2497,Excitatory_Neuron
153214,2494,Excitatory_Neuron
153215,2493,Excitatory_Neuron
153216,2544,unassigned
153217,2489,unassigned
153218,2519,Immune
153219,2499,Excitatory_Neuron
153220,2497,Excitatory_Neuron
153221,2549,unassigned
153222,2497,Excitatory_Neuron
153223,2534,unassigned
153224,2489,unassigned
153225,2512,Astro-Epen
153226,2491,Excitatory_Neuron
153227,2519,Immune
153228,2519,Immune
153229,2544,unassigned
153230,2503,Immune
153231,2551,unassigned
153232,2490,Excitatory_Neuron
153233,2491,Excitatory_Neuron
153234,2550,unassigned
153235,2499,Excitatory_Neuron
153236,2491,Excitatory_Neuron
153237,2493,Excitatory_Neuron
153238,2493,Excitatory_Neuron
153239,2489,unassigned
153240,2489,unassigned
153241,2491,Excitatory_Neuron
153242,2491,Excitatory_Neuron
153243,2497,Excitatory_Neuron
153244,2538,unassigned
153245,2490,Excitatory_Neuron
153246,2490,Excitatory_Neuron
153247,2489,unassigned
153248,2490,Excitatory_Neuron
153249,2551,unassigned
153250,2490,Excitatory_Neuron
153251,2491,Excitatory_Neuron
153252,2519,Immune
153253,2499,Excitatory_Neuron
153254,2493,Excitatory_Neuron
153255,2489,unassigned
153256,2503,Immune
153257,2520,unassigned
153258,2550,unassigned
153259,2519,Immune
153260,2549,unassigned
153261,2497,Excitatory_Neuron
153262,2493,Excitatory_Neuron
153263,2490,Excitatory_Neuron
153264,2491,Excitatory_Neuron
153265,2550,unassigned
153266,2491,Excitatory_Neuron
153267,2499,Excitatory_Neuron
153268,2493,Excitatory_Neuron
153269,2534,unassigned
153270,2512,Astro-Epen
153271,2490,Excitatory_Neuron
153272,2491,Excitatory_Neuron
153273,2549,unassigned
153274,2513,Immune
153275,2493,Excitatory_Neuron
153276,2489,unassigned
153277,2489,unassigned
153278,2494,Excitatory_Neuron
153279,2491,Excitatory_Neuron
153280,2544,unassigned
153281,2493,Excitatory_Neuron
153282,2493,Excitatory_Neuron
153283,2534,unassigned
153284,2538,unassigned
153285,2490,Excitatory_Neuron
153286,2491,Excitatory_Neuron
153287,2489,unassigned
153288,2490,Excitatory_Neuron
153289,2491,Excitatory_Neuron
153290,2491,Excitatory_Neuron
153291,2549,unassigned
153292,2489,unassigned
153293,2490,Excitatory_Neuron
153294,2491,Excitatory_Neuron
153295,2493,Excitatory_Neuron
153296,2548,unassigned
153297,2489,unassigned
153298,2490,Excitatory_Neuron
153299,2490,Excitatory_Neuron
153300,2491,Excitatory_Neuron
153301,2493,Excitatory_Neuron
153302,2493,Excitatory_Neuron
153303,2534,unassigned
153304,2491,Excitatory_Neuron
153305,2499,Excitatory_Neuron
153306,2489,unassigned
153307,2538,unassigned
153308,2491,Excitatory_Neuron
153309,2550,unassigned
153310,2491,Excitatory_Neuron
153311,2499,Excitatory_Neuron
153312,2552,unassigned
153313,2552,unassigned
153314,2491,Excitatory_Neuron
153315,2493,Excitatory_Neuron
153316,2503,Immune
153317,2489,unassigned
153318,2489,unassigned
153319,2503,Immune
153320,2534,unassigned
153321,2499,Excitatory_Neuron
153322,2497,Excitatory_Neuron
153323,2544,unassigned
153324,2493,Excitatory_Neuron
153325,2493,Excitatory_Neuron
153326,2489,unassigned
153327,2490,Excitatory_Neuron
153328,2491,Excitatory_Neuron
153329,2491,Excitatory_Neuron
153330,2499,Excitatory_Neuron
153331,2489,unassigned
153332,2491,Excitatory_Neuron
153333,2512,Astro-Epen
153334,2497,Excitatory_Neuron
153335,2552,unassigned
153336,2489,unassigned
153337,2503,Immune
153338,2552,unassigned
153339,2503,Immune
153340,2491,Excitatory_Neuron
153341,2550,unassigned
153342,2491,Excitatory_Neuron
153343,2499,Excitatory_Neuron
153344,2493,Excitatory_Neuron
153345,2503,Immune
153346,2493,Excitatory_Neuron
153347,2534,unassigned
153348,2489,unassigned
153349,2489,unassigned
153350,2491,Excitatory_Neuron
153351,2503,Immune
153352,2537,unassigned
153353,2490,Excitatory_Neuron
153354,2490,Excitatory_Neuron
153355,2491,Excitatory_Neuron
153356,2549,unassigned
153357,2497,Excitatory_Neuron
153358,2513,Immune
153359,2544,unassigned
153360,2490,Excitatory_Neuron
153361,2499,Excitatory_Neuron
153362,2549,unassigned
153363,2493,Excitatory_Neuron
153364,2552,unassigned
153365,2503,Immune
153366,2490,Excitatory_Neuron
153367,2550,unassigned
153368,2499,Excitatory_Neuron
153369,2499,Excitatory_Neuron
153370,2499,Excitatory_Neuron
153371,2549,unassigned
153372,2549,unassigned
153373,2493,Excitatory_Neuron
153374,2544,unassigned
153375,2493,Excitatory_Neuron
153376,2489,unassigned
153377,2538,unassigned
153378,2512,Astro-Epen
153379,2491,Excitatory_Neuron
153380,2493,Excitatory_Neuron
153381,2533,Immune
153382,2552,unassigned
153383,2553,unassigned
153384,2491,Excitatory_Neuron
153385,2550,unassigned
153386,2491,Excitatory_Neuron
153387,2552,unassigned
153388,2503,Immune
153389,2550,unassigned
153390,2549,unassigned
153391,2549,unassigned
153392,2493,Excitatory_Neuron
153393,2534,unassigned
153394,2490,Excitatory_Neuron
153395,2491,Excitatory_Neuron
153396,2491,Excitatory_Neuron
153397,2497,Excitatory_Neuron
153398,2497,Excitatory_Neuron
153399,2489,unassigned
153400,2489,unassigned
153401,2491,Excitatory_Neuron
153402,2519,Immune
153403,2519,Immune
153404,2489,unassigned
153405,2491,Excitatory_Neuron
153406,2497,Excitatory_Neuron
153407,2493,Excitatory_Neuron
153408,2534,unassigned
153409,2489,unassigned
153410,2499,Excitatory_Neuron
153411,2491,Excitatory_Neuron
153412,2499,Excitatory_Neuron
153413,2544,unassigned
153414,2552,unassigned
153415,2534,unassigned
153416,2491,Excitatory_Neuron
153417,2489,unassigned
153418,2489,unassigned
153419,2503,Immune
153420,2489,unassigned
153421,2497,Excitatory_Neuron
153422,2533,Immune
153423,2552,unassigned
153424,2489,unassigned
153425,2489,unassigned
153426,2489,unassigned
153427,2512,Astro-Epen
153428,2549,unassigned
153429,2493,Excitatory_Neuron
153430,2489,unassigned
153431,2489,unassigned
153432,2503,Immune
153433,2549,unassigned
153434,2550,unassigned
153435,2499,Excitatory_Neuron
153436,2519,Immune
153437,2491,Excitatory_Neuron
153438,2491,Excitatory_Neuron
153439,2493,Excitatory_Neuron
153440,2489,unassigned
153441,2489,unassigned
153442,2489,unassigned
153443,2490,Excitatory_Neuron
153444,2551,unassigned
153445,2491,Excitatory_Neuron
153446,2552,unassigned
153447,2554,unassigned
153448,2503,Immune
153449,2503,Immune
153450,2512,Astro-Epen
153451,2489,unassigned
153452,2491,Excitatory_Neuron
153453,2497,Excitatory_Neuron
153454,2544,unassigned
153455,2493,Excitatory_Neuron
153456,2489,unassigned
153457,2491,Excitatory_Neuron
153458,2499,Excitatory_Neuron
153459,2497,Excitatory_Neuron
153460,2493,Excitatory_Neuron
153461,2552,unassigned
153462,2489,unassigned
153463,2489,unassigned
153464,2489,unassigned
153465,2489,unassigned
153466,2551,unassigned
153467,2550,unassigned
153468,2550,unassigned
153469,2550,unassigned
153470,2550,unassigned
153471,2550,unassigned
153472,2549,unassigned
153473,2549,unassigned
153474,2544,unassigned
153475,2552,unassigned
153476,2552,unassigned
153477,2493,Excitatory_Neuron
153478,2489,unassigned
153479,2503,Immune
153480,2490,Excitatory_Neuron
153481,2489,unassigned
153482,2544,unassigned
153483,2489,unassigned
153484,2489,unassigned
153485,2490,Excitatory_Neuron
153486,2491,Excitatory_Neuron
153487,2493,Excitatory_Neuron
153488,2493,Excitatory_Neuron
153489,2489,unassigned
153490,2497,Excitatory_Neuron
153491,2497,Excitatory_Neuron
153492,2493,Excitatory_Neuron
153493,2544,unassigned
153494,2489,unassigned
153495,2491,Excitatory_Neuron
153496,2491,Excitatory_Neuron
153497,2544,unassigned
153498,2490,Excitatory_Neuron
153499,2550,unassigned
153500,2493,Excitatory_Neuron
153501,2544,unassigned
153502,2544,unassigned
153503,2493,Excitatory_Neuron
153504,2503,Immune
153505,2491,Excitatory_Neuron
153506,2491,Excitatory_Neuron
153507,2550,unassigned
153508,2493,Excitatory_Neuron
153509,2551,unassigned
153510,2550,unassigned
153511,2550,unassigned
153512,2491,Excitatory_Neuron
153513,2493,Excitatory_Neuron
153514,2544,unassigned
153515,2550,unassigned
153516,2549,unassigned
153517,2493,Excitatory_Neuron
153518,2544,unassigned
153519,2489,unassigned
153520,2489,unassigned
153521,2489,unassigned
153522,2489,unassigned
153523,2490,Excitatory_Neuron
153524,2499,Excitatory_Neuron
153525,2497,Excitatory_Neuron
153526,2497,Excitatory_Neuron
153527,2490,Excitatory_Neuron
153528,2491,Excitatory_Neuron
153529,2491,Excitatory_Neuron
153530,2491,Excitatory_Neuron
153531,2493,Excitatory_Neuron
153532,2489,unassigned
153533,2491,Excitatory_Neuron
153534,2552,unassigned
153535,2493,Excitatory_Neuron
153536,2489,unassigned
153537,2489,unassigned
153538,2489,unassigned
153539,2491,Excitatory_Neuron
153540,2491,Excitatory_Neuron
153541,2550,unassigned
153542,2544,unassigned
153543,2489,unassigned
153544,2537,unassigned
153545,2489,unassigned
153546,2491,Excitatory_Neuron
153547,2491,Excitatory_Neuron
153548,2491,Excitatory_Neuron
153549,2491,Excitatory_Neuron
153550,2491,Excitatory_Neuron
153551,2499,Excitatory_Neuron
153552,2497,Excitatory_Neuron
153553,2549,unassigned
153554,2549,unassigned
153555,2493,Excitatory_Neuron
153556,2544,unassigned
153557,2544,unassigned
153558,2493,Excitatory_Neuron
153559,2489,unassigned
153560,2489,unassigned
153561,2537,unassigned
153562,2491,Excitatory_Neuron
153563,2497,Excitatory_Neuron
153564,2497,Excitatory_Neuron
153565,2544,unassigned
153566,1430,unassigned
153567,1430,unassigned
153568,1430,unassigned
153569,1430,unassigned
153570,1430,unassigned
153571,1430,unassigned
153572,2555,unassigned
153573,1430,unassigned
153574,1430,unassigned
153575,1430,unassigned
153576,1430,unassigned
153577,1430,unassigned
153578,1430,unassigned
153579,1430,unassigned
153580,1430,unassigned
153581,1430,unassigned
153582,1430,unassigned
153583,1430,unassigned
153584,2555,unassigned
153585,1430,unassigned
153586,2556,unassigned
153587,1430,unassigned
153588,1430,unassigned
153589,1430,unassigned
153590,1430,unassigned
153591,1430,unassigned
153592,1430,unassigned
153593,1430,unassigned
153594,1430,unassigned
153595,1430,unassigned
153596,2555,unassigned
153597,2556,unassigned
153598,1430,unassigned
153599,1430,unassigned
153600,1430,unassigned
153601,1430,unassigned
153602,1430,unassigned
153603,1430,unassigned
153604,1430,unassigned
153605,1430,unassigned
153606,1430,unassigned
153607,1430,unassigned
153608,1430,unassigned
153609,1430,unassigned
153610,1430,unassigned
153611,1430,unassigned
153612,2556,unassigned
153613,1430,unassigned
153614,1430,unassigned
153615,1430,unassigned
153616,2556,unassigned
153617,1430,unassigned
153618,1430,unassigned
153619,1430,unassigned
153620,1430,unassigned
153621,1430,unassigned
153622,1430,unassigned
153623,1430,unassigned
153624,1430,unassigned
153625,1430,unassigned
153626,1430,unassigned
153627,1430,unassigned
153628,1430,unassigned
153629,1430,unassigned
153630,1430,unassigned
153631,1430,unassigned
153632,2556,unassigned
153633,1430,unassigned
153634,1430,unassigned
153635,1430,unassigned
153636,1430,unassigned
153637,1430,unassigned
153638,1430,unassigned
153639,1430,unassigned
153640,1430,unassigned
153641,1430,unassigned
153642,1430,unassigned
153643,1430,unassigned
153644,1430,unassigned
153645,1430,unassigned
153646,1430,unassigned
153647,1430,unassigned
153648,1430,unassigned
153649,1430,unassigned
153650,1430,unassigned
153651,1430,unassigned
153652,1430,unassigned
153653,1430,unassigned
153654,1430,unassigned
153655,1430,unassigned
153656,1430,unassigned
153657,1430,unassigned
153658,1430,unassigned
153659,1430,unassigned
153660,1430,unassigned
153661,1430,unassigned
153662,1430,unassigned
153663,1430,unassigned
153664,1430,unassigned
153665,1430,unassigned
153666,1430,unassigned
153667,1430,unassigned
153668,1430,unassigned
153669,1430,unassigned
153670,1430,unassigned
153671,2556,unassigned
153672,1430,unassigned
153673,1430,unassigned
153674,1430,unassigned
153675,1430,unassigned
153676,1430,unassigned
153677,1430,unassigned
153678,1430,unassigned
153679,1430,unassigned
153680,1430,unassigned
153681,1430,unassigned
153682,1430,unassigned
153683,1430,unassigned
153684,1430,unassigned
153685,1430,unassigned
153686,1430,unassigned
153687,1430,unassigned
153688,1430,unassigned
153689,1430,unassigned
153690,1430,unassigned
153691,1430,unassigned
153692,1430,unassigned
153693,1430,unassigned
153694,2555,unassigned
153695,1430,unassigned
153696,1430,unassigned
153697,1430,unassigned
153698,1430,unassigned
153699,1430,unassigned
153700,1430,unassigned
153701,1430,unassigned
153702,1430,unassigned
153703,1430,unassigned
153704,2556,unassigned
153705,1430,unassigned
153706,1430,unassigned
153707,1430,unassigned
153708,1430,unassigned
153709,1430,unassigned
153710,1430,unassigned
153711,1430,unassigned
153712,1430,unassigned
153713,1430,unassigned
153714,1430,unassigned
153715,1430,unassigned
153716,1430,unassigned
153717,1430,unassigned
153718,1430,unassigned
153719,1430,unassigned
153720,1430,unassigned
153721,2555,unassigned
153722,1430,unassigned
153723,1430,unassigned
153724,1430,unassigned
153725,1430,unassigned
153726,1430,unassigned
153727,2555,unassigned
153728,1430,unassigned
153729,1430,unassigned
153730,1430,unassigned
153731,1430,unassigned
153732,1430,unassigned
153733,1430,unassigned
153734,1430,unassigned
153735,1430,unassigned
153736,1430,unassigned
153737,1430,unassigned
153738,1430,unassigned
153739,1430,unassigned
153740,1430,unassigned
153741,1430,unassigned
153742,1430,unassigned
153743,1430,unassigned
153744,1430,unassigned
153745,1430,unassigned
153746,1430,unassigned
153747,1430,unassigned
153748,1430,unassigned
153749,1430,unassigned
153750,1430,unassigned
153751,2555,unassigned
153752,2555,unassigned
153753,1430,unassigned
153754,1430,unassigned
153755,1430,unassigned
153756,1430,unassigned
153757,1430,unassigned
153758,1430,unassigned
153759,2555,unassigned
153760,1430,unassigned
153761,1430,unassigned
153762,1430,unassigned
153763,1430,unassigned
153764,1430,unassigned
153765,1430,unassigned
153766,1430,unassigned
153767,1430,unassigned
153768,1430,unassigned
153769,2556,unassigned
153770,1430,unassigned
153771,1430,unassigned
153772,2556,unassigned
153773,1430,unassigned
153774,1430,unassigned
153775,1430,unassigned
153776,1430,unassigned
153777,1430,unassigned
153778,1430,unassigned
153779,2555,unassigned
153780,1430,unassigned
153781,1430,unassigned
153782,2555,unassigned
153783,1430,unassigned
153784,1430,unassigned
153785,1430,unassigned
153786,1430,unassigned
153787,1430,unassigned
153788,1430,unassigned
153789,1430,unassigned
153790,1430,unassigned
153791,1430,unassigned
153792,1430,unassigned
153793,1430,unassigned
153794,1430,unassigned
153795,1430,unassigned
153796,1430,unassigned
153797,2557,unassigned
153798,1430,unassigned
153799,1430,unassigned
153800,1430,unassigned
153801,1430,unassigned
153802,1430,unassigned
153803,1430,unassigned
153804,1430,unassigned
153805,1430,unassigned
153806,1430,unassigned
153807,2555,unassigned
153808,1430,unassigned
153809,1430,unassigned
153810,2557,unassigned
153811,1430,unassigned
153812,1430,unassigned
153813,1430,unassigned
153814,1430,unassigned
153815,1430,unassigned
153816,1430,unassigned
153817,1430,unassigned
153818,1430,unassigned
153819,1430,unassigned
153820,1430,unassigned
153821,1430,unassigned
153822,1430,unassigned
153823,1430,unassigned
153824,1430,unassigned
153825,2556,unassigned
153826,2556,unassigned
153827,1430,unassigned
153828,1430,unassigned
153829,1430,unassigned
153830,2556,unassigned
153831,1430,unassigned
153832,1430,unassigned
153833,1430,unassigned
153834,1430,unassigned
153835,1430,unassigned
153836,1430,unassigned
153837,1430,unassigned
153838,1430,unassigned
153839,1430,unassigned
153840,1430,unassigned
153841,1430,unassigned
153842,1430,unassigned
153843,1430,unassigned
153844,1430,unassigned
153845,1430,unassigned
153846,1430,unassigned
153847,1430,unassigned
153848,2557,unassigned
153849,1430,unassigned
153850,1430,unassigned
153851,1430,unassigned
153852,1430,unassigned
153853,1430,unassigned
153854,1430,unassigned
153855,1430,unassigned
153856,1430,unassigned
153857,1430,unassigned
153858,2557,unassigned
153859,1430,unassigned
153860,1430,unassigned
153861,1430,unassigned
153862,1430,unassigned
153863,1430,unassigned
153864,2556,unassigned
153865,1430,unassigned
153866,1430,unassigned
153867,1430,unassigned
153868,1430,unassigned
153869,1430,unassigned
153870,1430,unassigned
153871,2555,unassigned
153872,1430,unassigned
153873,1430,unassigned
153874,1430,unassigned
153875,1430,unassigned
153876,1430,unassigned
153877,1430,unassigned
153878,1430,unassigned
153879,1430,unassigned
153880,1430,unassigned
153881,2555,unassigned
153882,2556,unassigned
153883,1430,unassigned
153884,1430,unassigned
153885,1430,unassigned
153886,1430,unassigned
153887,1430,unassigned
153888,1430,unassigned
153889,1430,unassigned
153890,1430,unassigned
153891,1430,unassigned
153892,1430,unassigned
153893,1430,unassigned
153894,1430,unassigned
153895,1430,unassigned
153896,1430,unassigned
153897,1430,unassigned
153898,1430,unassigned
153899,1430,unassigned
153900,1430,unassigned
153901,1430,unassigned
153902,1430,unassigned
153903,1430,unassigned
153904,1430,unassigned
153905,1430,unassigned
153906,1430,unassigned
153907,1430,unassigned
153908,1430,unassigned
153909,1430,unassigned
153910,1430,unassigned
153911,1430,unassigned
153912,1430,unassigned
153913,1430,unassigned
153914,1430,unassigned
153915,2555,unassigned
153916,1430,unassigned
153917,1430,unassigned
153918,1430,unassigned
153919,1430,unassigned
153920,2555,unassigned
153921,1430,unassigned
153922,1430,unassigned
153923,1430,unassigned
153924,1430,unassigned
153925,1430,unassigned
153926,1430,unassigned
153927,1430,unassigned
153928,1430,unassigned
153929,1430,unassigned
153930,1430,unassigned
153931,1430,unassigned
153932,1430,unassigned
153933,1430,unassigned
153934,1430,unassigned
153935,1430,unassigned
153936,1430,unassigned
153937,1430,unassigned
153938,1430,unassigned
153939,1430,unassigned
153940,1430,unassigned
153941,1430,unassigned
153942,1430,unassigned
153943,1430,unassigned
153944,2555,unassigned
153945,1430,unassigned
153946,1430,unassigned
153947,1430,unassigned
153948,1430,unassigned
153949,1430,unassigned
153950,1430,unassigned
153951,2557,unassigned
153952,2557,unassigned
153953,1430,unassigned
153954,1430,unassigned
153955,1430,unassigned
153956,1430,unassigned
153957,1430,unassigned
153958,2555,unassigned
153959,2555,unassigned
153960,1430,unassigned
153961,1430,unassigned
153962,1430,unassigned
153963,1430,unassigned
153964,1430,unassigned
153965,1430,unassigned
153966,1430,unassigned
153967,1430,unassigned
153968,1430,unassigned
153969,2555,unassigned
153970,1430,unassigned
153971,1430,unassigned
153972,2556,unassigned
153973,1430,unassigned
153974,1430,unassigned
153975,1430,unassigned
153976,2557,unassigned
153977,1430,unassigned
153978,2556,unassigned
153979,2558,unassigned
153980,1430,unassigned
153981,1430,unassigned
153982,1430,unassigned
153983,1430,unassigned
153984,1430,unassigned
153985,1430,unassigned
153986,1430,unassigned
153987,1430,unassigned
153988,1430,unassigned
153989,2558,unassigned
153990,1430,unassigned
153991,1430,unassigned
153992,1430,unassigned
153993,1430,unassigned
153994,1430,unassigned
153995,1430,unassigned
153996,1430,unassigned
153997,1430,unassigned
153998,1430,unassigned
153999,1430,unassigned
154000,1430,unassigned
154001,1430,unassigned
154002,1430,unassigned
154003,1430,unassigned
154004,2558,unassigned
154005,1430,unassigned
154006,1430,unassigned
154007,1430,unassigned
154008,1430,unassigned
154009,1430,unassigned
154010,1430,unassigned
154011,1430,unassigned
154012,1430,unassigned
154013,1430,unassigned
154014,1430,unassigned
154015,1430,unassigned
154016,1430,unassigned
154017,1430,unassigned
154018,1430,unassigned
154019,1430,unassigned
154020,1430,unassigned
154021,1430,unassigned
154022,1430,unassigned
154023,1430,unassigned
154024,1430,unassigned
154025,1430,unassigned
154026,1430,unassigned
154027,1430,unassigned
154028,1430,unassigned
154029,2558,unassigned
154030,1430,unassigned
154031,1430,unassigned
154032,1430,unassigned
154033,1430,unassigned
154034,1430,unassigned
154035,1430,unassigned
154036,1430,unassigned
154037,1430,unassigned
154038,1430,unassigned
154039,1430,unassigned
154040,1430,unassigned
154041,1430,unassigned
154042,1430,unassigned
154043,1430,unassigned
154044,1430,unassigned
154045,1430,unassigned
154046,1430,unassigned
154047,1430,unassigned
154048,1430,unassigned
154049,1430,unassigned
154050,1430,unassigned
154051,1430,unassigned
154052,1430,unassigned
154053,1430,unassigned
154054,1430,unassigned
154055,1430,unassigned
154056,1430,unassigned
154057,1430,unassigned
154058,1430,unassigned
154059,1430,unassigned
154060,1430,unassigned
154061,1430,unassigned
154062,1430,unassigned
154063,1430,unassigned
154064,1430,unassigned
154065,1430,unassigned
154066,1430,unassigned
154067,1430,unassigned
154068,2559,unassigned
154069,1430,unassigned
154070,1430,unassigned
154071,1513,unassigned
154072,1430,unassigned
154073,1430,unassigned
154074,1430,unassigned
154075,1430,unassigned
154076,1430,unassigned
154077,1430,unassigned
154078,2559,unassigned
154079,1430,unassigned
154080,1430,unassigned
154081,1430,unassigned
154082,1430,unassigned
154083,1430,unassigned
154084,1430,unassigned
154085,2557,unassigned
154086,1430,unassigned
154087,1430,unassigned
154088,1430,unassigned
154089,1430,unassigned
154090,1430,unassigned
154091,1430,unassigned
154092,1430,unassigned
154093,1430,unassigned
154094,1430,unassigned
154095,1430,unassigned
154096,1430,unassigned
154097,1430,unassigned
154098,1430,unassigned
154099,2558,unassigned
154100,2558,unassigned
154101,1430,unassigned
154102,1430,unassigned
154103,1430,unassigned
154104,1430,unassigned
154105,1430,unassigned
154106,1430,unassigned
154107,1430,unassigned
154108,1430,unassigned
154109,1430,unassigned
154110,1430,unassigned
154111,1430,unassigned
154112,1430,unassigned
154113,1430,unassigned
154114,1430,unassigned
154115,1430,unassigned
154116,1430,unassigned
154117,1430,unassigned
154118,1430,unassigned
154119,1430,unassigned
154120,1430,unassigned
154121,1430,unassigned
154122,1430,unassigned
154123,2559,unassigned
154124,1430,unassigned
154125,1430,unassigned
154126,1430,unassigned
154127,1430,unassigned
154128,1430,unassigned
154129,1430,unassigned
154130,1513,unassigned
154131,1430,unassigned
154132,1430,unassigned
154133,1430,unassigned
154134,1430,unassigned
154135,2559,unassigned
154136,1430,unassigned
154137,1430,unassigned
154138,1430,unassigned
154139,1430,unassigned
154140,1430,unassigned
154141,1430,unassigned
154142,1430,unassigned
154143,1430,unassigned
154144,1430,unassigned
154145,1430,unassigned
154146,1430,unassigned
154147,1430,unassigned
154148,1430,unassigned
154149,1430,unassigned
154150,1430,unassigned
154151,1430,unassigned
154152,1430,unassigned
154153,1430,unassigned
154154,1430,unassigned
154155,1430,unassigned
154156,1430,unassigned
154157,1430,unassigned
154158,1430,unassigned
154159,1430,unassigned
154160,1430,unassigned
154161,1430,unassigned
154162,1430,unassigned
154163,1430,unassigned
154164,1430,unassigned
154165,1430,unassigned
154166,1430,unassigned
154167,1430,unassigned
154168,1430,unassigned
154169,1430,unassigned
154170,1430,unassigned
154171,1430,unassigned
154172,1430,unassigned
154173,1430,unassigned
154174,1430,unassigned
154175,1430,unassigned
154176,1430,unassigned
154177,1430,unassigned
154178,1430,unassigned
154179,1430,unassigned
154180,2559,unassigned
154181,2558,unassigned
154182,1430,unassigned
154183,1430,unassigned
154184,1430,unassigned
154185,2559,unassigned
154186,1430,unassigned
154187,1430,unassigned
154188,1430,unassigned
154189,1430,unassigned
154190,1430,unassigned
154191,1430,unassigned
154192,1430,unassigned
154193,1430,unassigned
154194,1430,unassigned
154195,1430,unassigned
154196,1430,unassigned
154197,1513,unassigned
154198,1430,unassigned
154199,1430,unassigned
154200,1430,unassigned
154201,1430,unassigned
154202,1430,unassigned
154203,1430,unassigned
154204,1430,unassigned
154205,1430,unassigned
154206,1430,unassigned
154207,1430,unassigned
154208,1430,unassigned
154209,1430,unassigned
154210,1430,unassigned
154211,1430,unassigned
154212,1430,unassigned
154213,1430,unassigned
154214,1430,unassigned
154215,1430,unassigned
154216,1430,unassigned
154217,1430,unassigned
154218,1430,unassigned
154219,1430,unassigned
154220,1430,unassigned
154221,1430,unassigned
154222,1430,unassigned
154223,1430,unassigned
154224,1430,unassigned
154225,1430,unassigned
154226,1430,unassigned
154227,1513,unassigned
154228,1513,unassigned
154229,1430,unassigned
154230,1430,unassigned
154231,1430,unassigned
154232,1430,unassigned
154233,1430,unassigned
154234,1430,unassigned
154235,1430,unassigned
154236,1430,unassigned
154237,1430,unassigned
154238,1430,unassigned
154239,1430,unassigned
154240,1430,unassigned
154241,1430,unassigned
154242,1430,unassigned
154243,1430,unassigned
154244,1430,unassigned
154245,1430,unassigned
154246,1430,unassigned
154247,2556,unassigned
154248,1430,unassigned
154249,1430,unassigned
154250,1430,unassigned
154251,1430,unassigned
154252,1430,unassigned
154253,1430,unassigned
154254,1430,unassigned
154255,1430,unassigned
154256,1430,unassigned
154257,1430,unassigned
154258,1430,unassigned
154259,1430,unassigned
154260,1430,unassigned
154261,1430,unassigned
154262,1430,unassigned
154263,1430,unassigned
154264,1430,unassigned
154265,2559,unassigned
154266,1430,unassigned
154267,2559,unassigned
154268,2559,unassigned
154269,1430,unassigned
154270,1430,unassigned
154271,1430,unassigned
154272,1430,unassigned
154273,1430,unassigned
154274,1430,unassigned
154275,1430,unassigned
154276,1430,unassigned
154277,1430,unassigned
154278,1430,unassigned
154279,1430,unassigned
154280,1430,unassigned
154281,1430,unassigned
154282,1430,unassigned
154283,1430,unassigned
154284,1430,unassigned
154285,1430,unassigned
154286,2559,unassigned
154287,1430,unassigned
154288,1430,unassigned
154289,1430,unassigned
154290,1430,unassigned
154291,1430,unassigned
154292,1513,unassigned
154293,1430,unassigned
154294,1430,unassigned
154295,1430,unassigned
154296,2559,unassigned
154297,2559,unassigned
154298,1430,unassigned
154299,1513,unassigned
154300,2559,unassigned
154301,1430,unassigned
154302,2558,unassigned
154303,1430,unassigned
154304,1430,unassigned
154305,2559,unassigned
154306,1430,unassigned
154307,1513,unassigned
154308,1430,unassigned
154309,1430,unassigned
154310,1430,unassigned
154311,1430,unassigned
154312,1430,unassigned
154313,1430,unassigned
154314,1430,unassigned
154315,2559,unassigned
154316,1430,unassigned
154317,1430,unassigned
154318,1430,unassigned
154319,1430,unassigned
154320,2559,unassigned
154321,2559,unassigned
154322,1430,unassigned
154323,1430,unassigned
154324,1430,unassigned
154325,1430,unassigned
154326,1430,unassigned
154327,1430,unassigned
154328,1430,unassigned
154329,1430,unassigned
154330,1430,unassigned
154331,1430,unassigned
154332,1430,unassigned
154333,1430,unassigned
154334,1430,unassigned
154335,1430,unassigned
154336,1430,unassigned
154337,1430,unassigned
154338,1430,unassigned
154339,1430,unassigned
154340,1430,unassigned
154341,1430,unassigned
154342,1430,unassigned
154343,1430,unassigned
154344,2559,unassigned
154345,1430,unassigned
154346,1430,unassigned
154347,1430,unassigned
154348,1430,unassigned
154349,1430,unassigned
154350,1430,unassigned
154351,1430,unassigned
154352,1430,unassigned
154353,1430,unassigned
154354,1430,unassigned
154355,1430,unassigned
154356,1430,unassigned
154357,1430,unassigned
154358,1430,unassigned
154359,2559,unassigned
154360,1430,unassigned
154361,2559,unassigned
154362,1430,unassigned
154363,1430,unassigned
154364,1430,unassigned
154365,1430,unassigned
154366,1430,unassigned
154367,1430,unassigned
154368,1430,unassigned
154369,1430,unassigned
154370,1430,unassigned
154371,1430,unassigned
154372,1430,unassigned
154373,1430,unassigned
154374,1430,unassigned
154375,1430,unassigned
154376,1430,unassigned
154377,1430,unassigned
154378,2559,unassigned
154379,1430,unassigned
154380,1430,unassigned
154381,1430,unassigned
154382,1430,unassigned
154383,1513,unassigned
154384,1430,unassigned
154385,1430,unassigned
154386,1430,unassigned
154387,1430,unassigned
154388,1430,unassigned
154389,1430,unassigned
154390,1430,unassigned
154391,1430,unassigned
154392,1430,unassigned
154393,1430,unassigned
154394,2559,unassigned
154395,2559,unassigned
154396,1430,unassigned
154397,1430,unassigned
154398,1430,unassigned
154399,1430,unassigned
154400,2559,unassigned
154401,1430,unassigned
154402,1430,unassigned
154403,1430,unassigned
154404,1430,unassigned
154405,1430,unassigned
154406,1430,unassigned
154407,1430,unassigned
154408,1430,unassigned
154409,1430,unassigned
154410,1430,unassigned
154411,1430,unassigned
154412,1430,unassigned
154413,1430,unassigned
154414,1430,unassigned
154415,1430,unassigned
154416,2559,unassigned
154417,1430,unassigned
154418,1430,unassigned
154419,1430,unassigned
154420,1430,unassigned
154421,1430,unassigned
154422,1430,unassigned
154423,1430,unassigned
154424,1430,unassigned
154425,1430,unassigned
154426,1430,unassigned
154427,1430,unassigned
154428,1430,unassigned
154429,1430,unassigned
154430,1513,unassigned
154431,2558,unassigned
154432,1430,unassigned
154433,1430,unassigned
154434,1430,unassigned
154435,1430,unassigned
154436,1430,unassigned
154437,1430,unassigned
154438,2559,unassigned
154439,1430,unassigned
154440,1430,unassigned
154441,1430,unassigned
154442,1430,unassigned
154443,1430,unassigned
154444,1430,unassigned
154445,1430,unassigned
154446,1430,unassigned
154447,1430,unassigned
154448,2559,unassigned
154449,1430,unassigned
154450,1430,unassigned
154451,1430,unassigned
154452,1430,unassigned
154453,1430,unassigned
154454,1430,unassigned
154455,1430,unassigned
154456,1430,unassigned
154457,1430,unassigned
154458,1430,unassigned
154459,1430,unassigned
154460,1430,unassigned
154461,1430,unassigned
154462,1513,unassigned
154463,1430,unassigned
154464,1430,unassigned
154465,1430,unassigned
154466,1430,unassigned
154467,1430,unassigned
154468,1430,unassigned
154469,1430,unassigned
154470,1430,unassigned
154471,1430,unassigned
154472,1430,unassigned
154473,1430,unassigned
154474,1430,unassigned
154475,1430,unassigned
154476,1430,unassigned
154477,1430,unassigned
154478,1430,unassigned
154479,1430,unassigned
154480,1430,unassigned
154481,1430,unassigned
154482,1430,unassigned
154483,1430,unassigned
154484,1430,unassigned
154485,1430,unassigned
154486,2559,unassigned
154487,1430,unassigned
154488,1430,unassigned
154489,1430,unassigned
154490,1430,unassigned
154491,1430,unassigned
154492,1513,unassigned
154493,1430,unassigned
154494,1430,unassigned
154495,1430,unassigned
154496,1430,unassigned
154497,1430,unassigned
154498,1430,unassigned
154499,1430,unassigned
154500,1430,unassigned
154501,1430,unassigned
154502,1430,unassigned
154503,1430,unassigned
154504,1430,unassigned
154505,1430,unassigned
154506,1430,unassigned
154507,1430,unassigned
154508,1430,unassigned
154509,1430,unassigned
154510,1430,unassigned
154511,1430,unassigned
154512,1430,unassigned
154513,1430,unassigned
154514,1430,unassigned
154515,2559,unassigned
154516,2559,unassigned
154517,1430,unassigned
154518,1430,unassigned
154519,1430,unassigned
154520,1430,unassigned
154521,1430,unassigned
154522,1430,unassigned
154523,1430,unassigned
154524,1430,unassigned
154525,1430,unassigned
154526,1430,unassigned
154527,1430,unassigned
154528,1430,unassigned
154529,1430,unassigned
154530,1513,unassigned
154531,1430,unassigned
154532,1513,unassigned
154533,1513,unassigned
154534,1513,unassigned
154535,1430,unassigned
154536,1430,unassigned
154537,1430,unassigned
154538,1430,unassigned
154539,1430,unassigned
154540,1430,unassigned
154541,1430,unassigned
154542,1430,unassigned
154543,1430,unassigned
154544,1430,unassigned
154545,1430,unassigned
154546,2559,unassigned
154547,1430,unassigned
154548,1430,unassigned
154549,1430,unassigned
154550,1430,unassigned
154551,1430,unassigned
154552,1430,unassigned
154553,1430,unassigned
154554,1430,unassigned
154555,1430,unassigned
154556,1430,unassigned
154557,1430,unassigned
154558,1430,unassigned
154559,1430,unassigned
154560,1430,unassigned
154561,1430,unassigned
154562,2559,unassigned
154563,1430,unassigned
154564,1430,unassigned
154565,1430,unassigned
154566,1430,unassigned
154567,1430,unassigned
154568,1430,unassigned
154569,1430,unassigned
154570,1430,unassigned
154571,1430,unassigned
154572,1430,unassigned
154573,1430,unassigned
154574,1430,unassigned
154575,1430,unassigned
154576,1430,unassigned
154577,1430,unassigned
154578,1430,unassigned
154579,1430,unassigned
154580,1430,unassigned
154581,1430,unassigned
154582,1430,unassigned
154583,1430,unassigned
154584,1430,unassigned
154585,1430,unassigned
154586,1430,unassigned
154587,1430,unassigned
154588,1430,unassigned
154589,1430,unassigned
154590,1430,unassigned
154591,1430,unassigned
154592,1430,unassigned
154593,1430,unassigned
154594,1430,unassigned
154595,1430,unassigned
154596,1430,unassigned
154597,1430,unassigned
154598,1430,unassigned
154599,1430,unassigned
154600,1430,unassigned
154601,1430,unassigned
154602,1430,unassigned
154603,1430,unassigned
154604,1430,unassigned
154605,1430,unassigned
154606,1430,unassigned
154607,1430,unassigned
154608,1430,unassigned
154609,1430,unassigned
154610,1430,unassigned
154611,1430,unassigned
154612,1430,unassigned
154613,1430,unassigned
154614,1430,unassigned
154615,1430,unassigned
154616,1430,unassigned
154617,1430,unassigned
154618,1430,unassigned
154619,1513,unassigned
154620,1430,unassigned
154621,1430,unassigned
154622,1430,unassigned
154623,1430,unassigned
154624,1430,unassigned
154625,1430,unassigned
154626,1430,unassigned
154627,1430,unassigned
154628,1430,unassigned
154629,1430,unassigned
154630,1430,unassigned
154631,1430,unassigned
154632,1430,unassigned
154633,1430,unassigned
154634,1430,unassigned
154635,1430,unassigned
154636,1430,unassigned
154637,1430,unassigned
154638,1430,unassigned
154639,1430,unassigned
154640,1430,unassigned
154641,1430,unassigned
154642,1430,unassigned
154643,1430,unassigned
154644,1430,unassigned
154645,1430,unassigned
154646,1430,unassigned
154647,1430,unassigned
154648,1430,unassigned
154649,1430,unassigned
154650,1430,unassigned
154651,1430,unassigned
154652,1430,unassigned
154653,1430,unassigned
154654,1430,unassigned
154655,1430,unassigned
154656,1430,unassigned
154657,1430,unassigned
154658,1430,unassigned
154659,1430,unassigned
154660,1430,unassigned
154661,1430,unassigned
154662,1430,unassigned
154663,1430,unassigned
154664,1430,unassigned
154665,1430,unassigned
154666,1430,unassigned
154667,1430,unassigned
154668,1430,unassigned
154669,1430,unassigned
154670,1430,unassigned
154671,1430,unassigned
154672,1430,unassigned
154673,1430,unassigned
154674,1430,unassigned
154675,1430,unassigned
154676,1430,unassigned
154677,1430,unassigned
154678,1430,unassigned
154679,1430,unassigned
154680,1430,unassigned
154681,1430,unassigned
154682,1430,unassigned
154683,1430,unassigned
154684,1430,unassigned
154685,1430,unassigned
154686,1430,unassigned
154687,1430,unassigned
154688,1430,unassigned
154689,1430,unassigned
154690,1430,unassigned
154691,1430,unassigned
154692,1430,unassigned
154693,1430,unassigned
154694,1430,unassigned
154695,1430,unassigned
154696,1430,unassigned
154697,1430,unassigned
154698,1430,unassigned
154699,1430,unassigned
154700,1430,unassigned
154701,1430,unassigned
154702,1430,unassigned
154703,1430,unassigned
154704,1430,unassigned
154705,1430,unassigned
154706,1430,unassigned
154707,1430,unassigned
154708,1430,unassigned
154709,1430,unassigned
154710,1430,unassigned
154711,1430,unassigned
154712,1430,unassigned
154713,1430,unassigned
154714,1430,unassigned
154715,1430,unassigned
154716,1430,unassigned
154717,1430,unassigned
154718,1430,unassigned
154719,1430,unassigned
154720,1430,unassigned
154721,1430,unassigned
154722,1430,unassigned
154723,1430,unassigned
154724,1430,unassigned
154725,1430,unassigned
154726,1430,unassigned
154727,1430,unassigned
154728,1430,unassigned
154729,1430,unassigned
154730,1430,unassigned
154731,1430,unassigned
154732,1430,unassigned
154733,1430,unassigned
154734,1430,unassigned
154735,1430,unassigned
154736,1430,unassigned
154737,1430,unassigned
154738,1430,unassigned
154739,1430,unassigned
154740,1430,unassigned
154741,1430,unassigned
154742,1430,unassigned
154743,1430,unassigned
154744,1430,unassigned
154745,1430,unassigned
154746,1430,unassigned
154747,1430,unassigned
154748,1430,unassigned
154749,1430,unassigned
154750,1430,unassigned
154751,1430,unassigned
154752,1430,unassigned
154753,1430,unassigned
154754,1430,unassigned
154755,1430,unassigned
154756,1430,unassigned
154757,1430,unassigned
154758,1430,unassigned
154759,1430,unassigned
154760,1430,unassigned
154761,1430,unassigned
154762,1430,unassigned
154763,1430,unassigned
154764,1430,unassigned
154765,1430,unassigned
154766,1430,unassigned
154767,1430,unassigned
154768,2560,unassigned
154769,1430,unassigned
154770,1430,unassigned
154771,1430,unassigned
154772,1430,unassigned
154773,1430,unassigned
154774,1430,unassigned
154775,1430,unassigned
154776,1430,unassigned
154777,1430,unassigned
154778,1430,unassigned
154779,1430,unassigned
154780,1430,unassigned
154781,1430,unassigned
154782,1430,unassigned
154783,1430,unassigned
154784,1430,unassigned
154785,1430,unassigned
154786,1430,unassigned
154787,1430,unassigned
154788,1430,unassigned
154789,1430,unassigned
154790,1430,unassigned
154791,1430,unassigned
154792,1430,unassigned
154793,1430,unassigned
154794,1430,unassigned
154795,1430,unassigned
154796,1430,unassigned
154797,1430,unassigned
154798,1430,unassigned
154799,1430,unassigned
154800,1430,unassigned
154801,1430,unassigned
154802,1430,unassigned
154803,1430,unassigned
154804,1430,unassigned
154805,1430,unassigned
154806,1430,unassigned
154807,1430,unassigned
154808,1430,unassigned
154809,1430,unassigned
154810,1430,unassigned
154811,1430,unassigned
154812,1430,unassigned
154813,1430,unassigned
154814,1430,unassigned
154815,1430,unassigned
154816,1430,unassigned
154817,1430,unassigned
154818,1430,unassigned
154819,1430,unassigned
154820,1430,unassigned
154821,1430,unassigned
154822,1430,unassigned
154823,1430,unassigned
154824,1525,unassigned
154825,1525,unassigned
154826,2561,Astro-Epen
154827,2562,Excitatory_Neuron
154828,1632,unassigned
154829,1632,unassigned
154830,1632,unassigned
154831,1632,unassigned
154832,1632,unassigned
154833,1632,unassigned
154834,1632,unassigned
154835,1632,unassigned
154836,1632,unassigned
154837,1632,unassigned
154838,1632,unassigned
154839,2563,Astro-Epen
154840,2564,Astro-Epen
154841,2563,Astro-Epen
154842,2564,Astro-Epen
154843,2565,unassigned
154844,1632,unassigned
154845,1632,unassigned
154846,1632,unassigned
154847,1632,unassigned
154848,2564,Astro-Epen
154849,1632,unassigned
154850,2566,unassigned
154851,2566,unassigned
154852,1632,unassigned
154853,1632,unassigned
154854,1632,unassigned
154855,1632,unassigned
154856,2567,unassigned
154857,2567,unassigned
154858,1632,unassigned
154859,2562,Excitatory_Neuron
154860,2563,Astro-Epen
154861,1632,unassigned
154862,1632,unassigned
154863,1632,unassigned
154864,1632,unassigned
154865,1632,unassigned
154866,1632,unassigned
154867,1632,unassigned
154868,1632,unassigned
154869,1632,unassigned
154870,1632,unassigned
154871,1632,unassigned
154872,1632,unassigned
154873,1632,unassigned
154874,1632,unassigned
154875,2568,unassigned
154876,1632,unassigned
154877,2563,Astro-Epen
154878,2563,Astro-Epen
154879,2569,unassigned
154880,2570,unassigned
154881,1632,unassigned
154882,1632,unassigned
154883,2571,unassigned
154884,2572,Astro-Epen
154885,1632,unassigned
154886,1632,unassigned
154887,2567,unassigned
154888,2573,unassigned
154889,2562,Excitatory_Neuron
154890,2564,Astro-Epen
154891,2574,unassigned
154892,2575,unassigned
154893,2576,unassigned
154894,1632,unassigned
154895,1632,unassigned
154896,1632,unassigned
154897,1632,unassigned
154898,1632,unassigned
154899,2568,unassigned
154900,1632,unassigned
154901,2564,Astro-Epen
154902,2562,Excitatory_Neuron
154903,1632,unassigned
154904,1632,unassigned
154905,1632,unassigned
154906,1632,unassigned
154907,2570,unassigned
154908,1632,unassigned
154909,2577,Astro-Epen
154910,1632,unassigned
154911,1634,unassigned
154912,2562,Excitatory_Neuron
154913,1632,unassigned
154914,1632,unassigned
154915,1632,unassigned
154916,1632,unassigned
154917,1632,unassigned
154918,1632,unassigned
154919,1632,unassigned
154920,1632,unassigned
154921,2562,Excitatory_Neuron
154922,1632,unassigned
154923,2578,unassigned
154924,1632,unassigned
154925,1632,unassigned
154926,1632,unassigned
154927,1632,unassigned
154928,1632,unassigned
154929,2562,Excitatory_Neuron
154930,1632,unassigned
154931,1650,Excitatory_Neuron
154932,1632,unassigned
154933,1632,unassigned
154934,1632,unassigned
154935,1632,unassigned
154936,1632,unassigned
154937,1632,unassigned
154938,2579,unassigned
154939,1632,unassigned
154940,2564,Astro-Epen
154941,1632,unassigned
154942,2562,Excitatory_Neuron
154943,1632,unassigned
154944,2577,Astro-Epen
154945,2561,Astro-Epen
154946,1632,unassigned
154947,2567,unassigned
154948,2562,Excitatory_Neuron
154949,1632,unassigned
154950,1632,unassigned
154951,2580,unassigned
154952,1632,unassigned
154953,1632,unassigned
154954,1632,unassigned
154955,1632,unassigned
154956,1632,unassigned
154957,1632,unassigned
154958,1632,unassigned
154959,1632,unassigned
154960,1632,unassigned
154961,1632,unassigned
154962,1632,unassigned
154963,1632,unassigned
154964,1632,unassigned
154965,1632,unassigned
154966,2563,Astro-Epen
154967,1632,unassigned
154968,1632,unassigned
154969,1632,unassigned
154970,2577,Astro-Epen
154971,1632,unassigned
154972,1632,unassigned
154973,1632,unassigned
154974,2562,Excitatory_Neuron
154975,1632,unassigned
154976,2564,Astro-Epen
154977,1632,unassigned
154978,1632,unassigned
154979,1632,unassigned
154980,1632,unassigned
154981,1632,unassigned
154982,2561,Astro-Epen
154983,2572,Astro-Epen
154984,2581,unassigned
154985,1632,unassigned
154986,1632,unassigned
154987,1632,unassigned
154988,1632,unassigned
154989,1632,unassigned
154990,1632,unassigned
154991,1632,unassigned
154992,2582,unassigned
154993,1632,unassigned
154994,1632,unassigned
154995,2561,Astro-Epen
154996,2561,Astro-Epen
154997,1632,unassigned
154998,1632,unassigned
154999,1632,unassigned
155000,2583,Astro-Epen
155001,1632,unassigned
155002,1632,unassigned
155003,1632,unassigned
155004,2561,Astro-Epen
155005,1632,unassigned
155006,1632,unassigned
155007,1632,unassigned
155008,2564,Astro-Epen
155009,1632,unassigned
155010,1632,unassigned
155011,1632,unassigned
155012,1632,unassigned
155013,2577,Astro-Epen
155014,2561,Astro-Epen
155015,1632,unassigned
155016,2584,unassigned
155017,2583,Astro-Epen
155018,2583,Astro-Epen
155019,1632,unassigned
155020,1632,unassigned
155021,1632,unassigned
155022,1632,unassigned
155023,1632,unassigned
155024,2561,Astro-Epen
155025,1632,unassigned
155026,1632,unassigned
155027,1632,unassigned
155028,2575,unassigned
155029,1632,unassigned
155030,1632,unassigned
155031,1632,unassigned
155032,1632,unassigned
155033,1632,unassigned
155034,1632,unassigned
155035,1632,unassigned
155036,1650,Excitatory_Neuron
155037,2580,unassigned
155038,1632,unassigned
155039,1632,unassigned
155040,1632,unassigned
155041,2567,unassigned
155042,2563,Astro-Epen
155043,2562,Excitatory_Neuron
155044,2583,Astro-Epen
155045,1632,unassigned
155046,1632,unassigned
155047,2577,Astro-Epen
155048,1632,unassigned
155049,1632,unassigned
155050,1632,unassigned
155051,1632,unassigned
155052,1632,unassigned
155053,1650,Excitatory_Neuron
155054,1632,unassigned
155055,2577,Astro-Epen
155056,2577,Astro-Epen
155057,1632,unassigned
155058,1632,unassigned
155059,2561,Astro-Epen
155060,1632,unassigned
155061,2572,Astro-Epen
155062,2563,Astro-Epen
155063,1632,unassigned
155064,1632,unassigned
155065,1632,unassigned
155066,1650,Excitatory_Neuron
155067,1632,unassigned
155068,1632,unassigned
155069,1632,unassigned
155070,1632,unassigned
155071,2573,unassigned
155072,2573,unassigned
155073,2563,Astro-Epen
155074,2578,unassigned
155075,1632,unassigned
155076,1632,unassigned
155077,1632,unassigned
155078,1632,unassigned
155079,2580,unassigned
155080,1632,unassigned
155081,1632,unassigned
155082,2585,unassigned
155083,1632,unassigned
155084,1632,unassigned
155085,2586,unassigned
155086,1632,unassigned
155087,2564,Astro-Epen
155088,2562,Excitatory_Neuron
155089,1632,unassigned
155090,2563,Astro-Epen
155091,2569,unassigned
155092,1632,unassigned
155093,2580,unassigned
155094,2587,unassigned
155095,1632,unassigned
155096,2563,Astro-Epen
155097,1632,unassigned
155098,1632,unassigned
155099,1632,unassigned
155100,1632,unassigned
155101,1632,unassigned
155102,2580,unassigned
155103,2587,unassigned
155104,2561,Astro-Epen
155105,2561,Astro-Epen
155106,2564,Astro-Epen
155107,1632,unassigned
155108,1650,Excitatory_Neuron
155109,1632,unassigned
155110,1632,unassigned
155111,1632,unassigned
155112,1632,unassigned
155113,1632,unassigned
155114,2587,unassigned
155115,1632,unassigned
155116,1632,unassigned
155117,1632,unassigned
155118,2561,Astro-Epen
155119,2561,Astro-Epen
155120,1632,unassigned
155121,2568,unassigned
155122,1632,unassigned
155123,2563,Astro-Epen
155124,2569,unassigned
155125,1632,unassigned
155126,2585,unassigned
155127,1632,unassigned
155128,1632,unassigned
155129,2577,Astro-Epen
155130,1632,unassigned
155131,1632,unassigned
155132,2568,unassigned
155133,1632,unassigned
155134,1632,unassigned
155135,2563,Astro-Epen
155136,1632,unassigned
155137,1632,unassigned
155138,1632,unassigned
155139,1650,Excitatory_Neuron
155140,1632,unassigned
155141,1632,unassigned
155142,1650,Excitatory_Neuron
155143,2585,unassigned
155144,1632,unassigned
155145,1632,unassigned
155146,2561,Astro-Epen
155147,2588,unassigned
155148,1632,unassigned
155149,2563,Astro-Epen
155150,1650,Excitatory_Neuron
155151,1632,unassigned
155152,1650,Excitatory_Neuron
155153,1632,unassigned
155154,1632,unassigned
155155,1632,unassigned
155156,1632,unassigned
155157,2562,Excitatory_Neuron
155158,1632,unassigned
155159,1632,unassigned
155160,1632,unassigned
155161,2589,unassigned
155162,1632,unassigned
155163,1632,unassigned
155164,1632,unassigned
155165,2561,Astro-Epen
155166,2561,Astro-Epen
155167,1632,unassigned
155168,1632,unassigned
155169,1632,unassigned
155170,1632,unassigned
155171,2562,Excitatory_Neuron
155172,1632,unassigned
155173,2570,unassigned
155174,1632,unassigned
155175,1632,unassigned
155176,2561,Astro-Epen
155177,2561,Astro-Epen
155178,1632,unassigned
155179,1632,unassigned
155180,1632,unassigned
155181,1632,unassigned
155182,1632,unassigned
155183,2577,Astro-Epen
155184,2561,Astro-Epen
155185,2572,Astro-Epen
155186,2568,unassigned
155187,2573,unassigned
155188,1632,unassigned
155189,2569,unassigned
155190,2587,unassigned
155191,1632,unassigned
155192,1632,unassigned
155193,2561,Astro-Epen
155194,1632,unassigned
155195,1632,unassigned
155196,1632,unassigned
155197,2564,Astro-Epen
155198,2569,unassigned
155199,1632,unassigned
155200,2583,Astro-Epen
155201,1632,unassigned
155202,1632,unassigned
155203,1632,unassigned
155204,2577,Astro-Epen
155205,1632,unassigned
155206,2561,Astro-Epen
155207,1632,unassigned
155208,1632,unassigned
155209,2568,unassigned
155210,2568,unassigned
155211,1632,unassigned
155212,1632,unassigned
155213,1632,unassigned
155214,1632,unassigned
155215,1632,unassigned
155216,1632,unassigned
155217,1632,unassigned
155218,2562,Excitatory_Neuron
155219,1632,unassigned
155220,2578,unassigned
155221,1650,Excitatory_Neuron
155222,1632,unassigned
155223,1632,unassigned
155224,1632,unassigned
155225,2580,unassigned
155226,2561,Astro-Epen
155227,1632,unassigned
155228,1632,unassigned
155229,2568,unassigned
155230,2564,Astro-Epen
155231,1632,unassigned
155232,2573,unassigned
155233,1632,unassigned
155234,2562,Excitatory_Neuron
155235,2563,Astro-Epen
155236,1632,unassigned
155237,1632,unassigned
155238,1632,unassigned
155239,1632,unassigned
155240,2577,Astro-Epen
155241,1632,unassigned
155242,2579,unassigned
155243,2567,unassigned
155244,2564,Astro-Epen
155245,2563,Astro-Epen
155246,2564,Astro-Epen
155247,1632,unassigned
155248,1632,unassigned
155249,2583,Astro-Epen
155250,2583,Astro-Epen
155251,1650,Excitatory_Neuron
155252,2577,Astro-Epen
155253,1632,unassigned
155254,1632,unassigned
155255,2586,unassigned
155256,2568,unassigned
155257,1632,unassigned
155258,2562,Excitatory_Neuron
155259,2590,unassigned
155260,2591,unassigned
155261,2592,unassigned
155262,2583,Astro-Epen
155263,2593,unassigned
155264,2594,unassigned
155265,1632,unassigned
155266,1632,unassigned
155267,1632,unassigned
155268,2561,Astro-Epen
155269,1632,unassigned
155270,2563,Astro-Epen
155271,1632,unassigned
155272,1632,unassigned
155273,2595,unassigned
155274,2561,Astro-Epen
155275,1632,unassigned
155276,1632,unassigned
155277,2583,Astro-Epen
155278,1650,Excitatory_Neuron
155279,1632,unassigned
155280,1632,unassigned
155281,2561,Astro-Epen
155282,2561,Astro-Epen
155283,1632,unassigned
155284,1632,unassigned
155285,2567,unassigned
155286,1632,unassigned
155287,2567,unassigned
155288,2567,unassigned
155289,1632,unassigned
155290,2589,unassigned
155291,1632,unassigned
155292,1632,unassigned
155293,1632,unassigned
155294,1632,unassigned
155295,1632,unassigned
155296,2561,Astro-Epen
155297,1632,unassigned
155298,2579,unassigned
155299,2572,Astro-Epen
155300,2568,unassigned
155301,2562,Excitatory_Neuron
155302,2569,unassigned
155303,2569,unassigned
155304,1632,unassigned
155305,2577,Astro-Epen
155306,2561,Astro-Epen
155307,2596,unassigned
155308,1632,unassigned
155309,1632,unassigned
155310,1632,unassigned
155311,2583,Astro-Epen
155312,1632,unassigned
155313,2577,Astro-Epen
155314,2577,Astro-Epen
155315,1632,unassigned
155316,1632,unassigned
155317,1632,unassigned
155318,2564,Astro-Epen
155319,2563,Astro-Epen
155320,1632,unassigned
155321,1632,unassigned
155322,1632,unassigned
155323,1632,unassigned
155324,2597,unassigned
155325,2598,unassigned
155326,2598,unassigned
155327,1632,unassigned
155328,1632,unassigned
155329,2599,unassigned
155330,2563,Astro-Epen
155331,1632,unassigned
155332,1632,unassigned
155333,1632,unassigned
155334,1632,unassigned
155335,1632,unassigned
155336,2586,unassigned
155337,1632,unassigned
155338,2564,Astro-Epen
155339,1632,unassigned
155340,1632,unassigned
155341,1632,unassigned
155342,2577,Astro-Epen
155343,1632,unassigned
155344,2568,unassigned
155345,1632,unassigned
155346,1632,unassigned
155347,1632,unassigned
155348,2600,unassigned
155349,2569,unassigned
155350,1632,unassigned
155351,1650,Excitatory_Neuron
155352,1632,unassigned
155353,2583,Astro-Epen
155354,1632,unassigned
155355,2577,Astro-Epen
155356,2561,Astro-Epen
155357,1632,unassigned
155358,2601,unassigned
155359,2602,unassigned
155360,2583,Astro-Epen
155361,2592,unassigned
155362,1632,unassigned
155363,1632,unassigned
155364,1632,unassigned
155365,2561,Astro-Epen
155366,2586,unassigned
155367,1632,unassigned
155368,2564,Astro-Epen
155369,1632,unassigned
155370,2562,Excitatory_Neuron
155371,2583,Astro-Epen
155372,2583,Astro-Epen
155373,2589,unassigned
155374,2580,unassigned
155375,1632,unassigned
155376,1632,unassigned
155377,1632,unassigned
155378,1632,unassigned
155379,1632,unassigned
155380,2562,Excitatory_Neuron
155381,1632,unassigned
155382,1632,unassigned
155383,1632,unassigned
155384,2561,Astro-Epen
155385,1632,unassigned
155386,1632,unassigned
155387,1632,unassigned
155388,2594,unassigned
155389,1632,unassigned
155390,1632,unassigned
155391,1632,unassigned
155392,2562,Excitatory_Neuron
155393,2562,Excitatory_Neuron
155394,1632,unassigned
155395,1632,unassigned
155396,2598,unassigned
155397,1632,unassigned
155398,1632,unassigned
155399,2586,unassigned
155400,1632,unassigned
155401,1632,unassigned
155402,1632,unassigned
155403,1632,unassigned
155404,1632,unassigned
155405,2593,unassigned
155406,2561,Astro-Epen
155407,2568,unassigned
155408,2562,Excitatory_Neuron
155409,2603,unassigned
155410,1632,unassigned
155411,1650,Excitatory_Neuron
155412,1632,unassigned
155413,2561,Astro-Epen
155414,1632,unassigned
155415,2604,unassigned
155416,2605,unassigned
155417,2563,Astro-Epen
155418,2564,Astro-Epen
155419,1632,unassigned
155420,1632,unassigned
155421,1632,unassigned
155422,1632,unassigned
155423,2561,Astro-Epen
155424,1632,unassigned
155425,2573,unassigned
155426,2599,unassigned
155427,1632,unassigned
155428,2606,unassigned
155429,1650,Excitatory_Neuron
155430,1632,unassigned
155431,1632,unassigned
155432,1650,Excitatory_Neuron
155433,1632,unassigned
155434,1632,unassigned
155435,1632,unassigned
155436,1632,unassigned
155437,2606,unassigned
155438,2564,Astro-Epen
155439,2562,Excitatory_Neuron
155440,1632,unassigned
155441,1632,unassigned
155442,1632,unassigned
155443,2597,unassigned
155444,2580,unassigned
155445,2607,unassigned
155446,1632,unassigned
155447,2586,unassigned
155448,2572,Astro-Epen
155449,2564,Astro-Epen
155450,2572,Astro-Epen
155451,2567,unassigned
155452,1650,Excitatory_Neuron
155453,1632,unassigned
155454,1632,unassigned
155455,2608,unassigned
155456,1632,unassigned
155457,1632,unassigned
155458,2599,unassigned
155459,1650,Excitatory_Neuron
155460,2580,unassigned
155461,2577,Astro-Epen
155462,1632,unassigned
155463,1632,unassigned
155464,1632,unassigned
155465,2579,unassigned
155466,2567,unassigned
155467,1632,unassigned
155468,1632,unassigned
155469,2569,unassigned
155470,1632,unassigned
155471,2609,unassigned
155472,2577,Astro-Epen
155473,1632,unassigned
155474,1632,unassigned
155475,1632,unassigned
155476,2599,unassigned
155477,2606,unassigned
155478,2583,Astro-Epen
155479,1632,unassigned
155480,1632,unassigned
155481,2585,unassigned
155482,1632,unassigned
155483,2577,Astro-Epen
155484,2577,Astro-Epen
155485,1632,unassigned
155486,1632,unassigned
155487,2572,Astro-Epen
155488,2564,Astro-Epen
155489,2610,unassigned
155490,2606,unassigned
155491,2606,unassigned
155492,2562,Excitatory_Neuron
155493,2600,unassigned
155494,1632,unassigned
155495,1650,Excitatory_Neuron
155496,1632,unassigned
155497,2577,Astro-Epen
155498,2561,Astro-Epen
155499,2568,unassigned
155500,2586,unassigned
155501,2562,Excitatory_Neuron
155502,2594,unassigned
155503,1632,unassigned
155504,2609,unassigned
155505,1632,unassigned
155506,1632,unassigned
155507,2577,Astro-Epen
155508,1632,unassigned
155509,1632,unassigned
155510,2586,unassigned
155511,2599,unassigned
155512,2562,Excitatory_Neuron
155513,2562,Excitatory_Neuron
155514,2564,Astro-Epen
155515,2600,unassigned
155516,2569,unassigned
155517,1632,unassigned
155518,1632,unassigned
155519,1632,unassigned
155520,1632,unassigned
155521,1632,unassigned
155522,2586,unassigned
155523,2599,unassigned
155524,2579,unassigned
155525,2564,Astro-Epen
155526,2568,unassigned
155527,2567,unassigned
155528,2562,Excitatory_Neuron
155529,2563,Astro-Epen
155530,1632,unassigned
155531,1632,unassigned
155532,1632,unassigned
155533,2572,Astro-Epen
155534,1634,unassigned
155535,1632,unassigned
155536,2563,Astro-Epen
155537,2603,unassigned
155538,1632,unassigned
155539,2583,Astro-Epen
155540,1632,unassigned
155541,1632,unassigned
155542,2580,unassigned
155543,2593,unassigned
155544,1632,unassigned
155545,1632,unassigned
155546,2579,unassigned
155547,2599,unassigned
155548,2564,Astro-Epen
155549,1632,unassigned
155550,2562,Excitatory_Neuron
155551,2562,Excitatory_Neuron
155552,2562,Excitatory_Neuron
155553,1632,unassigned
155554,2562,Excitatory_Neuron
155555,1632,unassigned
155556,1632,unassigned
155557,1632,unassigned
155558,2562,Excitatory_Neuron
155559,1632,unassigned
155560,1632,unassigned
155561,1632,unassigned
155562,1632,unassigned
155563,2603,unassigned
155564,1650,Excitatory_Neuron
155565,2561,Astro-Epen
155566,1632,unassigned
155567,2564,Astro-Epen
155568,1650,Excitatory_Neuron
155569,1632,unassigned
155570,1632,unassigned
155571,2583,Astro-Epen
155572,1632,unassigned
155573,1632,unassigned
155574,1632,unassigned
155575,2563,Astro-Epen
155576,1632,unassigned
155577,1632,unassigned
155578,2561,Astro-Epen
155579,1632,unassigned
155580,2568,unassigned
155581,1632,unassigned
155582,1650,Excitatory_Neuron
155583,1632,unassigned
155584,2585,unassigned
155585,2580,unassigned
155586,2567,unassigned
155587,1632,unassigned
155588,2568,unassigned
155589,2567,unassigned
155590,1632,unassigned
155591,1650,Excitatory_Neuron
155592,2597,unassigned
155593,2611,unassigned
155594,1632,unassigned
155595,2561,Astro-Epen
155596,1632,unassigned
155597,2561,Astro-Epen
155598,2563,Astro-Epen
155599,2583,Astro-Epen
155600,1632,unassigned
155601,1632,unassigned
155602,2577,Astro-Epen
155603,1632,unassigned
155604,2579,unassigned
155605,2579,unassigned
155606,2568,unassigned
155607,2562,Excitatory_Neuron
155608,1632,unassigned
155609,2577,Astro-Epen
155610,1632,unassigned
155611,1632,unassigned
155612,2612,unassigned
155613,2599,unassigned
155614,2579,unassigned
155615,1632,unassigned
155616,2563,Astro-Epen
155617,2563,Astro-Epen
155618,1632,unassigned
155619,2561,Astro-Epen
155620,1632,unassigned
155621,2599,unassigned
155622,2562,Excitatory_Neuron
155623,1632,unassigned
155624,1632,unassigned
155625,2564,Astro-Epen
155626,1632,unassigned
155627,1632,unassigned
155628,1650,Excitatory_Neuron
155629,2577,Astro-Epen
155630,1632,unassigned
155631,2572,Astro-Epen
155632,1632,unassigned
155633,1632,unassigned
155634,1632,unassigned
155635,1632,unassigned
155636,2597,unassigned
155637,1632,unassigned
155638,2597,unassigned
155639,2613,unassigned
155640,2609,unassigned
155641,1632,unassigned
155642,2563,Astro-Epen
155643,2569,unassigned
155644,2597,unassigned
155645,2561,Astro-Epen
155646,1632,unassigned
155647,2572,Astro-Epen
155648,2572,Astro-Epen
155649,2614,unassigned
155650,1632,unassigned
155651,1632,unassigned
155652,1632,unassigned
155653,2615,unassigned
155654,1632,unassigned
155655,2600,unassigned
155656,1650,Excitatory_Neuron
155657,1632,unassigned
155658,1632,unassigned
155659,1632,unassigned
155660,1632,unassigned
155661,1632,unassigned
155662,2572,Astro-Epen
155663,1632,unassigned
155664,2563,Astro-Epen
155665,2563,Astro-Epen
155666,1632,unassigned
155667,1632,unassigned
155668,2583,Astro-Epen
155669,1632,unassigned
155670,2579,unassigned
155671,1632,unassigned
155672,2569,unassigned
155673,2616,unassigned
155674,1632,unassigned
155675,1632,unassigned
155676,2580,unassigned
155677,1632,unassigned
155678,1632,unassigned
155679,2562,Excitatory_Neuron
155680,1632,unassigned
155681,2600,unassigned
155682,2616,unassigned
155683,2617,unassigned
155684,1632,unassigned
155685,1632,unassigned
155686,2561,Astro-Epen
155687,1632,unassigned
155688,2581,unassigned
155689,2579,unassigned
155690,2562,Excitatory_Neuron
155691,2609,unassigned
155692,2577,Astro-Epen
155693,2561,Astro-Epen
155694,2561,Astro-Epen
155695,2561,Astro-Epen
155696,1632,unassigned
155697,2599,unassigned
155698,2564,Astro-Epen
155699,1632,unassigned
155700,1632,unassigned
155701,2583,Astro-Epen
155702,2585,unassigned
155703,2583,Astro-Epen
155704,1632,unassigned
155705,2561,Astro-Epen
155706,1632,unassigned
155707,2612,unassigned
155708,2612,unassigned
155709,1632,unassigned
155710,1632,unassigned
155711,2581,unassigned
155712,1632,unassigned
155713,2568,unassigned
155714,2562,Excitatory_Neuron
155715,2564,Astro-Epen
155716,2562,Excitatory_Neuron
155717,2597,unassigned
155718,1632,unassigned
155719,2579,unassigned
155720,2567,unassigned
155721,1650,Excitatory_Neuron
155722,1650,Excitatory_Neuron
155723,2585,unassigned
155724,1632,unassigned
155725,1632,unassigned
155726,1632,unassigned
155727,1632,unassigned
155728,2569,unassigned
155729,2600,unassigned
155730,1632,unassigned
155731,1632,unassigned
155732,1632,unassigned
155733,1632,unassigned
155734,2561,Astro-Epen
155735,1632,unassigned
155736,2562,Excitatory_Neuron
155737,2563,Astro-Epen
155738,1632,unassigned
155739,2569,unassigned
155740,1632,unassigned
155741,2561,Astro-Epen
155742,2561,Astro-Epen
155743,1632,unassigned
155744,2581,unassigned
155745,2572,Astro-Epen
155746,1632,unassigned
155747,2562,Excitatory_Neuron
155748,2563,Astro-Epen
155749,2563,Astro-Epen
155750,2563,Astro-Epen
155751,1632,unassigned
155752,1632,unassigned
155753,1632,unassigned
155754,2610,unassigned
155755,2602,unassigned
155756,2569,unassigned
155757,2600,unassigned
155758,1632,unassigned
155759,2583,Astro-Epen
155760,2597,unassigned
155761,2583,Astro-Epen
155762,2583,Astro-Epen
155763,2597,unassigned
155764,1632,unassigned
155765,2561,Astro-Epen
155766,2572,Astro-Epen
155767,2581,unassigned
155768,2618,unassigned
155769,2562,Excitatory_Neuron
155770,2600,unassigned
155771,1632,unassigned
155772,2583,Astro-Epen
155773,1632,unassigned
155774,2619,unassigned
155775,2599,unassigned
155776,2568,unassigned
155777,2563,Astro-Epen
155778,2563,Astro-Epen
155779,2600,unassigned
155780,2616,unassigned
155781,1632,unassigned
155782,2610,unassigned
155783,2563,Astro-Epen
155784,2564,Astro-Epen
155785,2562,Excitatory_Neuron
155786,2564,Astro-Epen
155787,1632,unassigned
155788,2580,unassigned
155789,2561,Astro-Epen
155790,2564,Astro-Epen
155791,2610,unassigned
155792,2563,Astro-Epen
155793,2602,unassigned
155794,2620,unassigned
155795,2569,unassigned
155796,2597,unassigned
155797,2585,unassigned
155798,2580,unassigned
155799,1632,unassigned
155800,2577,Astro-Epen
155801,2567,unassigned
155802,2564,Astro-Epen
155803,1632,unassigned
155804,1632,unassigned
155805,2563,Astro-Epen
155806,1650,Excitatory_Neuron
155807,2580,unassigned
155808,2577,Astro-Epen
155809,2572,Astro-Epen
155810,1632,unassigned
155811,2579,unassigned
155812,2572,Astro-Epen
155813,2562,Excitatory_Neuron
155814,2603,unassigned
155815,2562,Excitatory_Neuron
155816,2563,Astro-Epen
155817,1632,unassigned
155818,1632,unassigned
155819,2561,Astro-Epen
155820,1632,unassigned
155821,2563,Astro-Epen
155822,2600,unassigned
155823,2562,Excitatory_Neuron
155824,1632,unassigned
155825,1632,unassigned
155826,1632,unassigned
155827,1632,unassigned
155828,1632,unassigned
155829,2603,unassigned
155830,2620,unassigned
155831,2621,Astro-Epen
155832,2579,unassigned
155833,2572,Astro-Epen
155834,2563,Astro-Epen
155835,2562,Excitatory_Neuron
155836,2615,unassigned
155837,2602,unassigned
155838,1632,unassigned
155839,2569,unassigned
155840,2583,Astro-Epen
155841,1632,unassigned
155842,1650,Excitatory_Neuron
155843,2585,unassigned
155844,2586,unassigned
155845,1632,unassigned
155846,2564,Astro-Epen
155847,2567,unassigned
155848,2564,Astro-Epen
155849,1632,unassigned
155850,1632,unassigned
155851,1650,Excitatory_Neuron
155852,2585,unassigned
155853,1632,unassigned
155854,1632,unassigned
155855,1632,unassigned
155856,2564,Astro-Epen
155857,2564,Astro-Epen
155858,2563,Astro-Epen
155859,2603,unassigned
155860,2564,Astro-Epen
155861,1632,unassigned
155862,1632,unassigned
155863,2622,unassigned
155864,1632,unassigned
155865,2572,Astro-Epen
155866,1632,unassigned
155867,2567,unassigned
155868,2567,unassigned
155869,2563,Astro-Epen
155870,2563,Astro-Epen
155871,1632,unassigned
155872,1632,unassigned
155873,1632,unassigned
155874,1632,unassigned
155875,1632,unassigned
155876,2561,Astro-Epen
155877,2612,unassigned
155878,2581,unassigned
155879,1632,unassigned
155880,1632,unassigned
155881,2567,unassigned
155882,2567,unassigned
155883,2563,Astro-Epen
155884,2563,Astro-Epen
155885,1632,unassigned
155886,1632,unassigned
155887,2562,Excitatory_Neuron
155888,2620,unassigned
155889,1632,unassigned
155890,1632,unassigned
155891,1632,unassigned
155892,1632,unassigned
155893,1632,unassigned
155894,2615,unassigned
155895,1632,unassigned
155896,2569,unassigned
155897,1650,Excitatory_Neuron
155898,1632,unassigned
155899,1632,unassigned
155900,2619,unassigned
155901,2564,Astro-Epen
155902,1632,unassigned
155903,2602,unassigned
155904,1632,unassigned
155905,1632,unassigned
155906,1632,unassigned
155907,1632,unassigned
155908,2603,unassigned
155909,1632,unassigned
155910,2585,unassigned
155911,1632,unassigned
155912,1632,unassigned
155913,1632,unassigned
155914,2607,unassigned
155915,1632,unassigned
155916,2567,unassigned
155917,2563,Astro-Epen
155918,2564,Astro-Epen
155919,1632,unassigned
155920,1650,Excitatory_Neuron
155921,1632,unassigned
155922,1632,unassigned
155923,2561,Astro-Epen
155924,2581,unassigned
155925,2567,unassigned
155926,2610,unassigned
155927,2603,unassigned
155928,2603,unassigned
155929,2603,unassigned
155930,1632,unassigned
155931,1632,unassigned
155932,2563,Astro-Epen
155933,1632,unassigned
155934,2562,Excitatory_Neuron
155935,2563,Astro-Epen
155936,1632,unassigned
155937,2564,Astro-Epen
155938,2572,Astro-Epen
155939,2563,Astro-Epen
155940,2618,unassigned
155941,2615,unassigned
155942,1650,Excitatory_Neuron
155943,2562,Excitatory_Neuron
155944,1632,unassigned
155945,1632,unassigned
155946,1632,unassigned
155947,2607,unassigned
155948,2568,unassigned
155949,1632,unassigned
155950,1632,unassigned
155951,1650,Excitatory_Neuron
155952,1650,Excitatory_Neuron
155953,1632,unassigned
155954,1632,unassigned
155955,1632,unassigned
155956,1632,unassigned
155957,2568,unassigned
155958,2583,Astro-Epen
155959,1632,unassigned
155960,1632,unassigned
155961,1632,unassigned
155962,2563,Astro-Epen
155963,2583,Astro-Epen
155964,2583,Astro-Epen
155965,1632,unassigned
155966,1632,unassigned
155967,2572,Astro-Epen
155968,2562,Excitatory_Neuron
155969,2610,unassigned
155970,1650,Excitatory_Neuron
155971,2583,Astro-Epen
155972,2577,Astro-Epen
155973,1632,unassigned
155974,2563,Astro-Epen
155975,2562,Excitatory_Neuron
155976,1632,unassigned
155977,2623,unassigned
155978,2620,unassigned
155979,1632,unassigned
155980,2577,Astro-Epen
155981,1632,unassigned
155982,2561,Astro-Epen
155983,1632,unassigned
155984,2564,Astro-Epen
155985,1632,unassigned
155986,2562,Excitatory_Neuron
155987,2602,unassigned
155988,2583,Astro-Epen
155989,2583,Astro-Epen
155990,2624,Astro-Epen
155991,2617,unassigned
155992,2583,Astro-Epen
155993,1650,Excitatory_Neuron
155994,2585,unassigned
155995,1632,unassigned
155996,2561,Astro-Epen
155997,2581,unassigned
155998,2564,Astro-Epen
155999,2583,Astro-Epen
156000,1632,unassigned
156001,1632,unassigned
156002,1632,unassigned
156003,2621,Astro-Epen
156004,2610,unassigned
156005,2623,unassigned
156006,2620,unassigned
156007,2569,unassigned
156008,2617,unassigned
156009,1632,unassigned
156010,1632,unassigned
156011,1632,unassigned
156012,2561,Astro-Epen
156013,1632,unassigned
156014,2607,unassigned
156015,2562,Excitatory_Neuron
156016,2564,Astro-Epen
156017,2561,Astro-Epen
156018,1632,unassigned
156019,2569,unassigned
156020,2597,unassigned
156021,2580,unassigned
156022,2585,unassigned
156023,2577,Astro-Epen
156024,1632,unassigned
156025,2564,Astro-Epen
156026,1632,unassigned
156027,1632,unassigned
156028,2618,unassigned
156029,2563,Astro-Epen
156030,2562,Excitatory_Neuron
156031,1632,unassigned
156032,1632,unassigned
156033,2577,Astro-Epen
156034,1632,unassigned
156035,2612,unassigned
156036,2612,unassigned
156037,1632,unassigned
156038,2572,Astro-Epen
156039,2603,unassigned
156040,1632,unassigned
156041,1632,unassigned
156042,1632,unassigned
156043,1650,Excitatory_Neuron
156044,1650,Excitatory_Neuron
156045,2583,Astro-Epen
156046,1632,unassigned
156047,2580,unassigned
156048,2580,unassigned
156049,1632,unassigned
156050,2561,Astro-Epen
156051,2561,Astro-Epen
156052,2624,Astro-Epen
156053,2563,Astro-Epen
156054,2569,unassigned
156055,1632,unassigned
156056,1632,unassigned
156057,1632,unassigned
156058,1632,unassigned
156059,2622,unassigned
156060,2572,Astro-Epen
156061,1632,unassigned
156062,2569,unassigned
156063,1650,Excitatory_Neuron
156064,1650,Excitatory_Neuron
156065,2625,unassigned
156066,1632,unassigned
156067,2561,Astro-Epen
156068,1632,unassigned
156069,2564,Astro-Epen
156070,1632,unassigned
156071,2564,Astro-Epen
156072,1632,unassigned
156073,2617,unassigned
156074,1632,unassigned
156075,1650,Excitatory_Neuron
156076,1632,unassigned
156077,1632,unassigned
156078,1632,unassigned
156079,1632,unassigned
156080,1632,unassigned
156081,2583,Astro-Epen
156082,1632,unassigned
156083,1632,unassigned
156084,1632,unassigned
156085,1632,unassigned
156086,2607,unassigned
156087,2563,Astro-Epen
156088,1632,unassigned
156089,1632,unassigned
156090,2561,Astro-Epen
156091,1632,unassigned
156092,1632,unassigned
156093,2572,Astro-Epen
156094,2602,unassigned
156095,1632,unassigned
156096,1632,unassigned
156097,2577,Astro-Epen
156098,2612,unassigned
156099,2561,Astro-Epen
156100,1632,unassigned
156101,2564,Astro-Epen
156102,1632,unassigned
156103,1632,unassigned
156104,2569,unassigned
156105,1650,Excitatory_Neuron
156106,1632,unassigned
156107,1632,unassigned
156108,2561,Astro-Epen
156109,2569,unassigned
156110,1632,unassigned
156111,1650,Excitatory_Neuron
156112,1632,unassigned
156113,1632,unassigned
156114,2607,unassigned
156115,2579,unassigned
156116,2610,unassigned
156117,2618,unassigned
156118,1632,unassigned
156119,1650,Excitatory_Neuron
156120,1650,Excitatory_Neuron
156121,1632,unassigned
156122,1632,unassigned
156123,1632,unassigned
156124,2607,unassigned
156125,2563,Astro-Epen
156126,1632,unassigned
156127,2623,unassigned
156128,2623,unassigned
156129,1650,Excitatory_Neuron
156130,1650,Excitatory_Neuron
156131,2577,Astro-Epen
156132,2626,unassigned
156133,2627,unassigned
156134,2602,unassigned
156135,2602,unassigned
156136,2569,unassigned
156137,1650,Excitatory_Neuron
156138,1650,Excitatory_Neuron
156139,1632,unassigned
156140,1632,unassigned
156141,1632,unassigned
156142,2607,unassigned
156143,2563,Astro-Epen
156144,1632,unassigned
156145,2612,unassigned
156146,1632,unassigned
156147,2628,unassigned
156148,2627,unassigned
156149,1632,unassigned
156150,1632,unassigned
156151,1632,unassigned
156152,1632,unassigned
156153,2568,unassigned
156154,2617,unassigned
156155,1650,Excitatory_Neuron
156156,2583,Astro-Epen
156157,1632,unassigned
156158,2581,unassigned
156159,2628,unassigned
156160,1632,unassigned
156161,2628,unassigned
156162,2564,Astro-Epen
156163,2627,unassigned
156164,2562,Excitatory_Neuron
156165,2564,Astro-Epen
156166,2563,Astro-Epen
156167,2569,unassigned
156168,2629,unassigned
156169,1650,Excitatory_Neuron
156170,2622,unassigned
156171,2579,unassigned
156172,2562,Excitatory_Neuron
156173,1632,unassigned
156174,1650,Excitatory_Neuron
156175,2583,Astro-Epen
156176,1632,unassigned
156177,1632,unassigned
156178,1632,unassigned
156179,1632,unassigned
156180,2618,unassigned
156181,2562,Excitatory_Neuron
156182,2562,Excitatory_Neuron
156183,1650,Excitatory_Neuron
156184,1650,Excitatory_Neuron
156185,1632,unassigned
156186,2561,Astro-Epen
156187,2612,unassigned
156188,1632,unassigned
156189,2568,unassigned
156190,1632,unassigned
156191,2564,Astro-Epen
156192,2563,Astro-Epen
156193,1650,Excitatory_Neuron
156194,1650,Excitatory_Neuron
156195,2583,Astro-Epen
156196,1632,unassigned
156197,1632,unassigned
156198,1632,unassigned
156199,1632,unassigned
156200,2567,unassigned
156201,2564,Astro-Epen
156202,2585,unassigned
156203,1632,unassigned
156204,2563,Astro-Epen
156205,2564,Astro-Epen
156206,2564,Astro-Epen
156207,1632,unassigned
156208,1632,unassigned
156209,1632,unassigned
156210,1632,unassigned
156211,2577,Astro-Epen
156212,2561,Astro-Epen
156213,1632,unassigned
156214,1632,unassigned
156215,1632,unassigned
156216,1632,unassigned
156217,2579,unassigned
156218,2568,unassigned
156219,2564,Astro-Epen
156220,1632,unassigned
156221,1632,unassigned
156222,1632,unassigned
156223,2612,unassigned
156224,1632,unassigned
156225,1632,unassigned
156226,2612,unassigned
156227,2563,Astro-Epen
156228,1650,Excitatory_Neuron
156229,2577,Astro-Epen
156230,2577,Astro-Epen
156231,1632,unassigned
156232,1632,unassigned
156233,2561,Astro-Epen
156234,1632,unassigned
156235,2623,unassigned
156236,2583,Astro-Epen
156237,1632,unassigned
156238,2561,Astro-Epen
156239,2561,Astro-Epen
156240,2624,Astro-Epen
156241,1632,unassigned
156242,2610,unassigned
156243,1632,unassigned
156244,2563,Astro-Epen
156245,2563,Astro-Epen
156246,1632,unassigned
156247,1632,unassigned
156248,1632,unassigned
156249,1632,unassigned
156250,1632,unassigned
156251,1632,unassigned
156252,2564,Astro-Epen
156253,2563,Astro-Epen
156254,2630,unassigned
156255,1632,unassigned
156256,1632,unassigned
156257,1632,unassigned
156258,1632,unassigned
156259,2624,Astro-Epen
156260,2562,Excitatory_Neuron
156261,2610,unassigned
156262,2564,Astro-Epen
156263,2583,Astro-Epen
156264,1632,unassigned
156265,1632,unassigned
156266,2607,unassigned
156267,2572,Astro-Epen
156268,2564,Astro-Epen
156269,2563,Astro-Epen
156270,2577,Astro-Epen
156271,1632,unassigned
156272,1632,unassigned
156273,2623,unassigned
156274,2569,unassigned
156275,1650,Excitatory_Neuron
156276,1650,Excitatory_Neuron
156277,1632,unassigned
156278,1632,unassigned
156279,2577,Astro-Epen
156280,1632,unassigned
156281,2581,unassigned
156282,1632,unassigned
156283,2623,unassigned
156284,2603,unassigned
156285,1650,Excitatory_Neuron
156286,1650,Excitatory_Neuron
156287,1632,unassigned
156288,2577,Astro-Epen
156289,1632,unassigned
156290,1632,unassigned
156291,2562,Excitatory_Neuron
156292,2564,Astro-Epen
156293,2602,unassigned
156294,1632,unassigned
156295,2627,unassigned
156296,2583,Astro-Epen
156297,1632,unassigned
156298,2612,unassigned
156299,1632,unassigned
156300,1632,unassigned
156301,1632,unassigned
156302,2569,unassigned
156303,2623,unassigned
156304,2569,unassigned
156305,1650,Excitatory_Neuron
156306,2612,unassigned
156307,2568,unassigned
156308,2621,Astro-Epen
156309,2563,Astro-Epen
156310,2562,Excitatory_Neuron
156311,2563,Astro-Epen
156312,2623,unassigned
156313,1632,unassigned
156314,1632,unassigned
156315,2562,Excitatory_Neuron
156316,1632,unassigned
156317,1650,Excitatory_Neuron
156318,2583,Astro-Epen
156319,1632,unassigned
156320,1632,unassigned
156321,2561,Astro-Epen
156322,2564,Astro-Epen
156323,2610,unassigned
156324,2569,unassigned
156325,2583,Astro-Epen
156326,1669,unassigned
156327,2607,unassigned
156328,2569,unassigned
156329,2569,unassigned
156330,2583,Astro-Epen
156331,1632,unassigned
156332,1632,unassigned
156333,1632,unassigned
156334,2624,Astro-Epen
156335,2562,Excitatory_Neuron
156336,2562,Excitatory_Neuron
156337,1632,unassigned
156338,1632,unassigned
156339,1632,unassigned
156340,1632,unassigned
156341,2612,unassigned
156342,1632,unassigned
156343,2631,unassigned
156344,2562,Excitatory_Neuron
156345,2623,unassigned
156346,2632,unassigned
156347,1632,unassigned
156348,2561,Astro-Epen
156349,2581,unassigned
156350,2621,Astro-Epen
156351,1632,unassigned
156352,2617,unassigned
156353,2617,unassigned
156354,1632,unassigned
156355,1632,unassigned
156356,1632,unassigned
156357,2561,Astro-Epen
156358,2621,Astro-Epen
156359,2624,Astro-Epen
156360,2624,Astro-Epen
156361,2633,unassigned
156362,1632,unassigned
156363,2631,unassigned
156364,2634,unassigned
156365,2581,unassigned
156366,1632,unassigned
156367,1632,unassigned
156368,1632,unassigned
156369,1632,unassigned
156370,1632,unassigned
156371,2561,Astro-Epen
156372,2561,Astro-Epen
156373,2612,unassigned
156374,1632,unassigned
156375,2563,Astro-Epen
156376,2563,Astro-Epen
156377,2562,Excitatory_Neuron
156378,1632,unassigned
156379,1632,unassigned
156380,1632,unassigned
156381,2561,Astro-Epen
156382,2635,unassigned
156383,2562,Excitatory_Neuron
156384,2564,Astro-Epen
156385,1632,unassigned
156386,1632,unassigned
156387,1632,unassigned
156388,1632,unassigned
156389,2563,Astro-Epen
156390,1632,unassigned
156391,2563,Astro-Epen
156392,2623,unassigned
156393,2623,unassigned
156394,1632,unassigned
156395,2561,Astro-Epen
156396,2612,unassigned
156397,2612,unassigned
156398,1632,unassigned
156399,2561,Astro-Epen
156400,1632,unassigned
156401,2633,unassigned
156402,2631,unassigned
156403,2617,unassigned
156404,2630,unassigned
156405,2564,Astro-Epen
156406,2635,unassigned
156407,2564,Astro-Epen
156408,1632,unassigned
156409,1632,unassigned
156410,1632,unassigned
156411,2561,Astro-Epen
156412,2624,Astro-Epen
156413,2564,Astro-Epen
156414,2636,unassigned
156415,2623,unassigned
156416,1632,unassigned
156417,2561,Astro-Epen
156418,2623,unassigned
156419,1632,unassigned
156420,1632,unassigned
156421,1632,unassigned
156422,2572,Astro-Epen
156423,2572,Astro-Epen
156424,2563,Astro-Epen
156425,2583,Astro-Epen
156426,2583,Astro-Epen
156427,2630,unassigned
156428,1632,unassigned
156429,1632,unassigned
156430,1669,unassigned
156431,1632,unassigned
156432,2572,Astro-Epen
156433,2568,unassigned
156434,2562,Excitatory_Neuron
156435,1632,unassigned
156436,2577,Astro-Epen
156437,1632,unassigned
156438,2564,Astro-Epen
156439,1632,unassigned
156440,1632,unassigned
156441,1632,unassigned
156442,1632,unassigned
156443,2564,Astro-Epen
156444,2635,unassigned
156445,2563,Astro-Epen
156446,2563,Astro-Epen
156447,1632,unassigned
156448,1632,unassigned
156449,2561,Astro-Epen
156450,1632,unassigned
156451,2572,Astro-Epen
156452,1650,Excitatory_Neuron
156453,1632,unassigned
156454,1632,unassigned
156455,2567,unassigned
156456,2564,Astro-Epen
156457,2623,unassigned
156458,2563,Astro-Epen
156459,2629,unassigned
156460,1632,unassigned
156461,1632,unassigned
156462,1632,unassigned
156463,2634,unassigned
156464,2563,Astro-Epen
156465,2562,Excitatory_Neuron
156466,2629,unassigned
156467,1632,unassigned
156468,1632,unassigned
156469,2581,unassigned
156470,1632,unassigned
156471,1632,unassigned
156472,1632,unassigned
156473,2564,Astro-Epen
156474,2634,unassigned
156475,2617,unassigned
156476,1632,unassigned
156477,2561,Astro-Epen
156478,2564,Astro-Epen
156479,2623,unassigned
156480,2569,unassigned
156481,1650,Excitatory_Neuron
156482,1650,Excitatory_Neuron
156483,1632,unassigned
156484,1632,unassigned
156485,1632,unassigned
156486,1632,unassigned
156487,2564,Astro-Epen
156488,2635,unassigned
156489,2636,unassigned
156490,2634,unassigned
156491,2623,unassigned
156492,1632,unassigned
156493,2561,Astro-Epen
156494,2581,unassigned
156495,2633,unassigned
156496,1632,unassigned
156497,2564,Astro-Epen
156498,1632,unassigned
156499,1632,unassigned
156500,1632,unassigned
156501,1632,unassigned
156502,1632,unassigned
156503,1632,unassigned
156504,2564,Astro-Epen
156505,2583,Astro-Epen
156506,1632,unassigned
156507,1632,unassigned
156508,1632,unassigned
156509,2624,Astro-Epen
156510,2623,unassigned
156511,2632,unassigned
156512,1632,unassigned
156513,1632,unassigned
156514,1632,unassigned
156515,2561,Astro-Epen
156516,1632,unassigned
156517,1632,unassigned
156518,2563,Astro-Epen
156519,1632,unassigned
156520,2630,unassigned
156521,1632,unassigned
156522,1632,unassigned
156523,2577,Astro-Epen
156524,1632,unassigned
156525,2561,Astro-Epen
156526,1632,unassigned
156527,2633,unassigned
156528,2627,unassigned
156529,2562,Excitatory_Neuron
156530,2563,Astro-Epen
156531,1632,unassigned
156532,1632,unassigned
156533,2621,Astro-Epen
156534,2564,Astro-Epen
156535,1632,unassigned
156536,2623,unassigned
156537,2564,Astro-Epen
156538,2564,Astro-Epen
156539,1632,unassigned
156540,2561,Astro-Epen
156541,1632,unassigned
156542,2631,unassigned
156543,1632,unassigned
156544,1632,unassigned
156545,1632,unassigned
156546,2621,Astro-Epen
156547,2633,unassigned
156548,2635,unassigned
156549,1632,unassigned
156550,1632,unassigned
156551,2634,unassigned
156552,2564,Astro-Epen
156553,2564,Astro-Epen
156554,1669,unassigned
156555,1632,unassigned
156556,2561,Astro-Epen
156557,2564,Astro-Epen
156558,2630,unassigned
156559,2637,unassigned
156560,2562,Excitatory_Neuron
156561,2583,Astro-Epen
156562,1632,unassigned
156563,2630,unassigned
156564,2561,Astro-Epen
156565,1632,unassigned
156566,2572,Astro-Epen
156567,2638,unassigned
156568,2638,unassigned
156569,1632,unassigned
156570,1632,unassigned
156571,2561,Astro-Epen
156572,1632,unassigned
156573,2561,Astro-Epen
156574,2627,unassigned
156575,2623,unassigned
156576,2564,Astro-Epen
156577,1632,unassigned
156578,1632,unassigned
156579,1632,unassigned
156580,2561,Astro-Epen
156581,1632,unassigned
156582,2621,Astro-Epen
156583,2572,Astro-Epen
156584,2630,unassigned
156585,2561,Astro-Epen
156586,2564,Astro-Epen
156587,2623,unassigned
156588,2564,Astro-Epen
156589,2583,Astro-Epen
156590,2632,unassigned
156591,1632,unassigned
156592,2572,Astro-Epen
156593,2631,unassigned
156594,2621,Astro-Epen
156595,1632,unassigned
156596,2563,Astro-Epen
156597,2564,Astro-Epen
156598,2627,unassigned
156599,2563,Astro-Epen
156600,2629,unassigned
156601,2583,Astro-Epen
156602,1632,unassigned
156603,1632,unassigned
156604,2561,Astro-Epen
156605,2621,Astro-Epen
156606,1632,unassigned
156607,2562,Excitatory_Neuron
156608,1632,unassigned
156609,2630,unassigned
156610,2577,Astro-Epen
156611,2561,Astro-Epen
156612,1632,unassigned
156613,2635,unassigned
156614,2564,Astro-Epen
156615,2577,Astro-Epen
156616,1632,unassigned
156617,1632,unassigned
156618,1632,unassigned
156619,1632,unassigned
156620,2627,unassigned
156621,2630,unassigned
156622,1632,unassigned
156623,2639,unassigned
156624,1632,unassigned
156625,1632,unassigned
156626,2564,Astro-Epen
156627,2629,unassigned
156628,2561,Astro-Epen
156629,1632,unassigned
156630,2640,unassigned
156631,2623,unassigned
156632,2583,Astro-Epen
156633,1632,unassigned
156634,2639,unassigned
156635,2624,Astro-Epen
156636,2572,Astro-Epen
156637,2629,unassigned
156638,2583,Astro-Epen
156639,2641,unassigned
156640,2632,unassigned
156641,1632,unassigned
156642,2621,Astro-Epen
156643,2631,unassigned
156644,2631,unassigned
156645,2623,unassigned
156646,1632,unassigned
156647,2639,unassigned
156648,2621,Astro-Epen
156649,2564,Astro-Epen
156650,2631,unassigned
156651,2562,Excitatory_Neuron
156652,2562,Excitatory_Neuron
156653,2623,unassigned
156654,2630,unassigned
156655,1632,unassigned
156656,1632,unassigned
156657,1632,unassigned
156658,2563,Astro-Epen
156659,2564,Astro-Epen
156660,2630,unassigned
156661,2641,unassigned
156662,2561,Astro-Epen
156663,2581,unassigned
156664,2564,Astro-Epen
156665,1632,unassigned
156666,2562,Excitatory_Neuron
156667,2583,Astro-Epen
156668,1632,unassigned
156669,1632,unassigned
156670,2630,unassigned
156671,1632,unassigned
156672,1632,unassigned
156673,2624,Astro-Epen
156674,1632,unassigned
156675,1632,unassigned
156676,2627,unassigned
156677,2562,Excitatory_Neuron
156678,1632,unassigned
156679,2583,Astro-Epen
156680,2583,Astro-Epen
156681,1632,unassigned
156682,1632,unassigned
156683,2561,Astro-Epen
156684,2561,Astro-Epen
156685,2621,Astro-Epen
156686,2564,Astro-Epen
156687,2564,Astro-Epen
156688,2563,Astro-Epen
156689,1632,unassigned
156690,2623,unassigned
156691,2561,Astro-Epen
156692,2564,Astro-Epen
156693,2563,Astro-Epen
156694,2641,unassigned
156695,2561,Astro-Epen
156696,2631,unassigned
156697,2624,Astro-Epen
156698,2562,Excitatory_Neuron
156699,2623,unassigned
156700,2632,unassigned
156701,1632,unassigned
156702,1632,unassigned
156703,2623,unassigned
156704,2629,unassigned
156705,2641,unassigned
156706,1632,unassigned
156707,2577,Astro-Epen
156708,2642,unassigned
156709,2561,Astro-Epen
156710,1632,unassigned
156711,2612,unassigned
156712,2564,Astro-Epen
156713,2627,unassigned
156714,2630,unassigned
156715,2583,Astro-Epen
156716,1632,unassigned
156717,1632,unassigned
156718,1632,unassigned
156719,2621,Astro-Epen
156720,2643,unassigned
156721,2627,unassigned
156722,2563,Astro-Epen
156723,2641,unassigned
156724,1632,unassigned
156725,2572,Astro-Epen
156726,1632,unassigned
156727,1632,unassigned
156728,1632,unassigned
156729,2644,unassigned
156730,1635,Excitatory_Neuron
156731,2612,unassigned
156732,2561,Astro-Epen
156733,2572,Astro-Epen
156734,2564,Astro-Epen
156735,1632,unassigned
156736,1632,unassigned
156737,1632,unassigned
156738,1632,unassigned
156739,2624,Astro-Epen
156740,1632,unassigned
156741,1632,unassigned
156742,1632,unassigned
156743,1632,unassigned
156744,1632,unassigned
156745,1632,unassigned
156746,2642,unassigned
156747,1632,unassigned
156748,1632,unassigned
156749,2572,Astro-Epen
156750,2564,Astro-Epen
156751,2645,unassigned
156752,2563,Astro-Epen
156753,2561,Astro-Epen
156754,2563,Astro-Epen
156755,1632,unassigned
156756,2630,unassigned
156757,1632,unassigned
156758,2577,Astro-Epen
156759,2577,Astro-Epen
156760,1632,unassigned
156761,1632,unassigned
156762,2561,Astro-Epen
156763,1632,unassigned
156764,1632,unassigned
156765,2640,unassigned
156766,2621,Astro-Epen
156767,2640,unassigned
156768,1632,unassigned
156769,2563,Astro-Epen
156770,2583,Astro-Epen
156771,2577,Astro-Epen
156772,2577,Astro-Epen
156773,1632,unassigned
156774,2561,Astro-Epen
156775,2581,unassigned
156776,2564,Astro-Epen
156777,2623,unassigned
156778,1632,unassigned
156779,1632,unassigned
156780,2572,Astro-Epen
156781,2630,unassigned
156782,1632,unassigned
156783,2577,Astro-Epen
156784,2561,Astro-Epen
156785,1632,unassigned
156786,2621,Astro-Epen
156787,2646,unassigned
156788,1632,unassigned
156789,2623,unassigned
156790,1632,unassigned
156791,2577,Astro-Epen
156792,1632,unassigned
156793,2577,Astro-Epen
156794,1632,unassigned
156795,1632,unassigned
156796,2621,Astro-Epen
156797,2640,unassigned
156798,2643,unassigned
156799,2623,unassigned
156800,2623,unassigned
156801,1632,unassigned
156802,1632,unassigned
156803,2561,Astro-Epen
156804,2647,unassigned
156805,2563,Astro-Epen
156806,2627,unassigned
156807,2627,unassigned
156808,2563,Astro-Epen
156809,1632,unassigned
156810,1632,unassigned
156811,2561,Astro-Epen
156812,2621,Astro-Epen
156813,2645,unassigned
156814,2563,Astro-Epen
156815,1632,unassigned
156816,1632,unassigned
156817,2581,unassigned
156818,2564,Astro-Epen
156819,2564,Astro-Epen
156820,2562,Excitatory_Neuron
156821,2643,unassigned
156822,2563,Astro-Epen
156823,2563,Astro-Epen
156824,2577,Astro-Epen
156825,1632,unassigned
156826,1666,unassigned
156827,2621,Astro-Epen
156828,1632,unassigned
156829,2563,Astro-Epen
156830,1632,unassigned
156831,1632,unassigned
156832,2577,Astro-Epen
156833,2640,unassigned
156834,2627,unassigned
156835,2564,Astro-Epen
156836,2627,unassigned
156837,2627,unassigned
156838,2563,Astro-Epen
156839,2583,Astro-Epen
156840,2641,unassigned
156841,2577,Astro-Epen
156842,2581,unassigned
156843,1670,unassigned
156844,1632,unassigned
156845,1632,unassigned
156846,1632,unassigned
156847,1632,unassigned
156848,1632,unassigned
156849,2648,unassigned
156850,2621,Astro-Epen
156851,1632,unassigned
156852,2638,unassigned
156853,1632,unassigned
156854,1669,unassigned
156855,1632,unassigned
156856,2572,Astro-Epen
156857,2640,unassigned
156858,2564,Astro-Epen
156859,1632,unassigned
156860,1632,unassigned
156861,2621,Astro-Epen
156862,2627,unassigned
156863,2629,unassigned
156864,2583,Astro-Epen
156865,1632,unassigned
156866,1632,unassigned
156867,1632,unassigned
156868,2642,unassigned
156869,1632,unassigned
156870,1632,unassigned
156871,2624,Astro-Epen
156872,2630,unassigned
156873,1632,unassigned
156874,1632,unassigned
156875,2648,unassigned
156876,2623,unassigned
156877,1632,unassigned
156878,1632,unassigned
156879,2643,unassigned
156880,1632,unassigned
156881,1632,unassigned
156882,2583,Astro-Epen
156883,1632,unassigned
156884,2577,Astro-Epen
156885,1632,unassigned
156886,1632,unassigned
156887,2624,Astro-Epen
156888,2563,Astro-Epen
156889,1669,unassigned
156890,1632,unassigned
156891,1632,unassigned
156892,2561,Astro-Epen
156893,1632,unassigned
156894,2630,unassigned
156895,2583,Astro-Epen
156896,1632,unassigned
156897,1632,unassigned
156898,2648,unassigned
156899,2640,unassigned
156900,1632,unassigned
156901,1632,unassigned
156902,2564,Astro-Epen
156903,2643,unassigned
156904,2630,unassigned
156905,2639,unassigned
156906,2639,unassigned
156907,1632,unassigned
156908,1632,unassigned
156909,1632,unassigned
156910,2627,unassigned
156911,1632,unassigned
156912,1669,unassigned
156913,2561,Astro-Epen
156914,2572,Astro-Epen
156915,2572,Astro-Epen
156916,2621,Astro-Epen
156917,2643,unassigned
156918,1632,unassigned
156919,1632,unassigned
156920,1632,unassigned
156921,2564,Astro-Epen
156922,2564,Astro-Epen
156923,1632,unassigned
156924,1632,unassigned
156925,2640,unassigned
156926,2624,Astro-Epen
156927,2583,Astro-Epen
156928,1632,unassigned
156929,1632,unassigned
156930,2649,unassigned
156931,2572,Astro-Epen
156932,2640,unassigned
156933,2624,Astro-Epen
156934,1632,unassigned
156935,2561,Astro-Epen
156936,2624,Astro-Epen
156937,2624,Astro-Epen
156938,1632,unassigned
156939,1632,unassigned
156940,1632,unassigned
156941,1670,unassigned
156942,2629,unassigned
156943,1632,unassigned
156944,2650,unassigned
156945,2632,unassigned
156946,1632,unassigned
156947,2621,Astro-Epen
156948,2563,Astro-Epen
156949,2630,unassigned
156950,1632,unassigned
156951,1632,unassigned
156952,2621,Astro-Epen
156953,2624,Astro-Epen
156954,2561,Astro-Epen
156955,2623,unassigned
156956,2630,unassigned
156957,1669,unassigned
156958,1632,unassigned
156959,2561,Astro-Epen
156960,1632,unassigned
156961,1632,unassigned
156962,1632,unassigned
156963,1632,unassigned
156964,1669,unassigned
156965,1632,unassigned
156966,2564,Astro-Epen
156967,1632,unassigned
156968,1632,unassigned
156969,2627,unassigned
156970,2630,unassigned
156971,2561,Astro-Epen
156972,2621,Astro-Epen
156973,2630,unassigned
156974,1666,unassigned
156975,2561,Astro-Epen
156976,2621,Astro-Epen
156977,2627,unassigned
156978,1632,unassigned
156979,2641,unassigned
156980,1632,unassigned
156981,1632,unassigned
156982,1632,unassigned
156983,2572,Astro-Epen
156984,2648,unassigned
156985,2564,Astro-Epen
156986,2640,unassigned
156987,2629,unassigned
156988,1632,unassigned
156989,1632,unassigned
156990,1669,unassigned
156991,2651,unassigned
156992,2629,unassigned
156993,2639,unassigned
156994,1632,unassigned
156995,2564,Astro-Epen
156996,2627,unassigned
156997,2627,unassigned
156998,1632,unassigned
156999,2561,Astro-Epen
157000,2649,unassigned
157001,1632,unassigned
157002,1632,unassigned
157003,1632,unassigned
157004,2564,Astro-Epen
157005,2564,Astro-Epen
157006,1632,unassigned
157007,2639,unassigned
157008,1632,unassigned
157009,2642,unassigned
157010,2649,unassigned
157011,2621,Astro-Epen
157012,2621,Astro-Epen
157013,2563,Astro-Epen
157014,1632,unassigned
157015,2583,Astro-Epen
157016,2572,Astro-Epen
157017,2652,unassigned
157018,2627,unassigned
157019,2630,unassigned
157020,1632,unassigned
157021,1669,unassigned
157022,1632,unassigned
157023,1632,unassigned
157024,1632,unassigned
157025,2563,Astro-Epen
157026,2627,unassigned
157027,2629,unassigned
157028,1632,unassigned
157029,1669,unassigned
157030,1632,unassigned
157031,2648,unassigned
157032,1632,unassigned
157033,2648,unassigned
157034,2629,unassigned
157035,1632,unassigned
157036,1632,unassigned
157037,2649,unassigned
157038,2572,Astro-Epen
157039,2624,Astro-Epen
157040,2564,Astro-Epen
157041,1632,unassigned
157042,1632,unassigned
157043,2621,Astro-Epen
157044,2621,Astro-Epen
157045,2624,Astro-Epen
157046,2651,unassigned
157047,2624,Astro-Epen
157048,2640,unassigned
157049,2564,Astro-Epen
157050,2630,unassigned
157051,1632,unassigned
157052,2561,Astro-Epen
157053,2648,unassigned
157054,1632,unassigned
157055,2653,unassigned
157056,1632,unassigned
157057,2563,Astro-Epen
157058,1632,unassigned
157059,1632,unassigned
157060,2583,Astro-Epen
157061,1632,unassigned
157062,1632,unassigned
157063,1632,unassigned
157064,2572,Astro-Epen
157065,2624,Astro-Epen
157066,2564,Astro-Epen
157067,2563,Astro-Epen
157068,1632,unassigned
157069,1632,unassigned
157070,2651,unassigned
157071,2627,unassigned
157072,1632,unassigned
157073,2642,unassigned
157074,2627,unassigned
157075,2563,Astro-Epen
157076,1632,unassigned
157077,1632,unassigned
157078,1632,unassigned
157079,2642,unassigned
157080,1632,unassigned
157081,1632,unassigned
157082,2564,Astro-Epen
157083,2629,unassigned
157084,2583,Astro-Epen
157085,1669,unassigned
157086,1632,unassigned
157087,1632,unassigned
157088,2561,Astro-Epen
157089,2654,unassigned
157090,2564,Astro-Epen
157091,2563,Astro-Epen
157092,2632,unassigned
157093,2577,Astro-Epen
157094,1632,unassigned
157095,2649,unassigned
157096,2655,unassigned
157097,1632,unassigned
157098,2624,Astro-Epen
157099,2643,unassigned
157100,2630,unassigned
157101,1632,unassigned
157102,2577,Astro-Epen
157103,2642,unassigned
157104,2643,unassigned
157105,2629,unassigned
157106,2629,unassigned
157107,2572,Astro-Epen
157108,2624,Astro-Epen
157109,2624,Astro-Epen
157110,2621,Astro-Epen
157111,2629,unassigned
157112,1632,unassigned
157113,2583,Astro-Epen
157114,2630,unassigned
157115,2577,Astro-Epen
157116,2621,Astro-Epen
157117,2564,Astro-Epen
157118,1669,unassigned
157119,1669,unassigned
157120,1632,unassigned
157121,2621,Astro-Epen
157122,2624,Astro-Epen
157123,2583,Astro-Epen
157124,1632,unassigned
157125,1632,unassigned
157126,2561,Astro-Epen
157127,2624,Astro-Epen
157128,1632,unassigned
157129,2630,unassigned
157130,2630,unassigned
157131,1632,unassigned
157132,2656,unassigned
157133,2655,unassigned
157134,1632,unassigned
157135,2652,unassigned
157136,2583,Astro-Epen
157137,1632,unassigned
157138,2656,unassigned
157139,2572,Astro-Epen
157140,2627,unassigned
157141,2639,unassigned
157142,1632,unassigned
157143,2643,unassigned
157144,1632,unassigned
157145,1632,unassigned
157146,2639,unassigned
157147,2656,unassigned
157148,2621,Astro-Epen
157149,2648,unassigned
157150,2583,Astro-Epen
157151,1632,unassigned
157152,2630,unassigned
157153,1632,unassigned
157154,2621,Astro-Epen
157155,2652,unassigned
157156,1632,unassigned
157157,1632,unassigned
157158,1632,unassigned
157159,2640,unassigned
157160,2583,Astro-Epen
157161,1632,unassigned
157162,1632,unassigned
157163,1632,unassigned
157164,1632,unassigned
157165,1632,unassigned
157166,1632,unassigned
157167,1632,unassigned
157168,1632,unassigned
157169,2657,unassigned
157170,2648,unassigned
157171,2643,unassigned
157172,1669,unassigned
157173,2561,Astro-Epen
157174,2621,Astro-Epen
157175,2564,Astro-Epen
157176,1632,unassigned
157177,1632,unassigned
157178,2648,unassigned
157179,2640,unassigned
157180,2624,Astro-Epen
157181,2564,Astro-Epen
157182,1632,unassigned
157183,2577,Astro-Epen
157184,1632,unassigned
157185,1669,unassigned
157186,2561,Astro-Epen
157187,2561,Astro-Epen
157188,1632,unassigned
157189,2621,Astro-Epen
157190,2632,unassigned
157191,1632,unassigned
157192,1632,unassigned
157193,1632,unassigned
157194,2561,Astro-Epen
157195,1632,unassigned
157196,1632,unassigned
157197,2640,unassigned
157198,2648,unassigned
157199,2564,Astro-Epen
157200,2658,unassigned
157201,2639,unassigned
157202,2656,unassigned
157203,1632,unassigned
157204,2621,Astro-Epen
157205,2627,unassigned
157206,2624,Astro-Epen
157207,2624,Astro-Epen
157208,1632,unassigned
157209,2583,Astro-Epen
157210,2583,Astro-Epen
157211,1632,unassigned
157212,2577,Astro-Epen
157213,2649,unassigned
157214,2659,unassigned
157215,2621,Astro-Epen
157216,2564,Astro-Epen
157217,2563,Astro-Epen
157218,2629,unassigned
157219,2641,unassigned
157220,1632,unassigned
157221,1632,unassigned
157222,2641,unassigned
157223,1632,unassigned
157224,1632,unassigned
157225,2660,unassigned
157226,2563,Astro-Epen
157227,2627,unassigned
157228,2659,unassigned
157229,2624,Astro-Epen
157230,2660,unassigned
157231,1632,unassigned
157232,2641,unassigned
157233,2627,unassigned
157234,1632,unassigned
157235,2561,Astro-Epen
157236,1632,unassigned
157237,2624,Astro-Epen
157238,2564,Astro-Epen
157239,1632,unassigned
157240,2660,unassigned
157241,1632,unassigned
157242,2627,unassigned
157243,1632,unassigned
157244,2561,Astro-Epen
157245,2629,unassigned
157246,1632,unassigned
157247,2624,Astro-Epen
157248,1632,unassigned
157249,2624,Astro-Epen
157250,2564,Astro-Epen
157251,1632,unassigned
157252,1632,unassigned
157253,1632,unassigned
157254,2563,Astro-Epen
157255,1632,unassigned
157256,2561,Astro-Epen
157257,1669,unassigned
157258,1632,unassigned
157259,2624,Astro-Epen
157260,2652,unassigned
157261,1632,unassigned
157262,1632,unassigned
157263,1669,unassigned
157264,2561,Astro-Epen
157265,1632,unassigned
157266,1632,unassigned
157267,2577,Astro-Epen
157268,2561,Astro-Epen
157269,2564,Astro-Epen
157270,2630,unassigned
157271,2641,unassigned
157272,1632,unassigned
157273,2656,unassigned
157274,2583,Astro-Epen
157275,1632,unassigned
157276,1632,unassigned
157277,1632,unassigned
157278,2572,Astro-Epen
157279,2651,unassigned
157280,2660,unassigned
157281,2564,Astro-Epen
157282,2630,unassigned
157283,2561,Astro-Epen
157284,1632,unassigned
157285,1632,unassigned
157286,1670,unassigned
157287,2563,Astro-Epen
157288,2561,Astro-Epen
157289,2561,Astro-Epen
157290,1632,unassigned
157291,2661,unassigned
157292,1632,unassigned
157293,1632,unassigned
157294,1632,unassigned
157295,1632,unassigned
157296,1632,unassigned
157297,2572,Astro-Epen
157298,2630,unassigned
157299,2649,unassigned
157300,1632,unassigned
157301,2652,unassigned
157302,1632,unassigned
157303,2583,Astro-Epen
157304,2630,unassigned
157305,2561,Astro-Epen
157306,2561,Astro-Epen
157307,2624,Astro-Epen
157308,2643,unassigned
157309,1632,unassigned
157310,2564,Astro-Epen
157311,1632,unassigned
157312,1632,unassigned
157313,1632,unassigned
157314,2564,Astro-Epen
157315,2649,unassigned
157316,1632,unassigned
157317,1632,unassigned
157318,1632,unassigned
157319,2639,unassigned
157320,2561,Astro-Epen
157321,1632,unassigned
157322,2661,unassigned
157323,2661,unassigned
157324,2624,Astro-Epen
157325,2563,Astro-Epen
157326,1632,unassigned
157327,1632,unassigned
157328,2662,unassigned
157329,2658,unassigned
157330,1632,unassigned
157331,2649,unassigned
157332,2564,Astro-Epen
157333,1632,unassigned
157334,1632,unassigned
157335,1632,unassigned
157336,1632,unassigned
157337,2660,unassigned
157338,1632,unassigned
157339,1632,unassigned
157340,1632,unassigned
157341,2621,Astro-Epen
157342,2663,unassigned
157343,2643,unassigned
157344,1632,unassigned
157345,1632,unassigned
157346,2657,unassigned
157347,1632,unassigned
157348,1632,unassigned
157349,1632,unassigned
157350,1632,unassigned
157351,1632,unassigned
157352,2662,unassigned
157353,1632,unassigned
157354,1669,unassigned
157355,2649,unassigned
157356,1632,unassigned
157357,2664,unassigned
157358,2627,unassigned
157359,2627,unassigned
157360,2639,unassigned
157361,2649,unassigned
157362,2665,unassigned
157363,1632,unassigned
157364,1632,unassigned
157365,1632,unassigned
157366,1632,unassigned
157367,1632,unassigned
157368,2662,unassigned
157369,2639,unassigned
157370,1632,unassigned
157371,1632,unassigned
157372,1632,unassigned
157373,2627,unassigned
157374,2665,unassigned
157375,1632,unassigned
157376,1669,unassigned
157377,1632,unassigned
157378,2624,Astro-Epen
157379,1632,unassigned
157380,1632,unassigned
157381,1632,unassigned
157382,2561,Astro-Epen
157383,2643,unassigned
157384,1632,unassigned
157385,2657,unassigned
157386,2561,Astro-Epen
157387,2649,unassigned
157388,1632,unassigned
157389,1632,unassigned
157390,1632,unassigned
157391,2627,unassigned
157392,1632,unassigned
157393,2661,unassigned
157394,1632,unassigned
157395,1632,unassigned
157396,2561,Astro-Epen
157397,2643,unassigned
157398,2652,unassigned
157399,1632,unassigned
157400,2665,unassigned
157401,1632,unassigned
157402,2639,unassigned
157403,2658,unassigned
157404,2561,Astro-Epen
157405,1632,unassigned
157406,2627,unassigned
157407,1632,unassigned
157408,1632,unassigned
157409,2657,unassigned
157410,2649,unassigned
157411,2649,unassigned
157412,2661,unassigned
157413,2624,Astro-Epen
157414,2652,unassigned
157415,1632,unassigned
157416,1632,unassigned
157417,2662,unassigned
157418,2561,Astro-Epen
157419,2624,Astro-Epen
157420,1632,unassigned
157421,1632,unassigned
157422,1632,unassigned
157423,1632,unassigned
157424,2664,unassigned
157425,1632,unassigned
157426,2561,Astro-Epen
157427,1632,unassigned
157428,1632,unassigned
157429,1632,unassigned
157430,1632,unassigned
157431,2561,Astro-Epen
157432,2661,unassigned
157433,1632,unassigned
157434,2624,Astro-Epen
157435,2624,Astro-Epen
157436,2652,unassigned
157437,1632,unassigned
157438,1632,unassigned
157439,2639,unassigned
157440,1632,unassigned
157441,1632,unassigned
157442,1632,unassigned
157443,1632,unassigned
157444,1632,unassigned
157445,1632,unassigned
157446,2639,unassigned
157447,1632,unassigned
157448,1632,unassigned
157449,1632,unassigned
157450,2661,unassigned
157451,1632,unassigned
157452,2661,unassigned
157453,1632,unassigned
157454,1632,unassigned
157455,2627,unassigned
157456,2627,unassigned
157457,2665,unassigned
157458,2649,unassigned
157459,1632,unassigned
157460,2561,Astro-Epen
157461,1632,unassigned
157462,1632,unassigned
157463,2643,unassigned
157464,1632,unassigned
157465,2639,unassigned
157466,1632,unassigned
157467,2661,unassigned
157468,1632,unassigned
157469,1632,unassigned
157470,2639,unassigned
157471,2666,unassigned
157472,2666,unassigned
157473,2667,unassigned
157474,2668,Astro-Epen
157475,2669,unassigned
157476,2670,unassigned
157477,2666,unassigned
157478,2671,Excitatory_Neuron
157479,2672,unassigned
157480,2673,unassigned
157481,2668,Astro-Epen
157482,2674,Excitatory_Neuron
157483,2675,Astro-Epen
157484,2668,Astro-Epen
157485,2676,Excitatory_Neuron
157486,2666,unassigned
157487,2677,Excitatory_Neuron
157488,2666,unassigned
157489,2678,Immune
157490,2666,unassigned
157491,2679,unassigned
157492,2666,unassigned
157493,2680,unassigned
157494,2681,Excitatory_Neuron
157495,2682,Vascular
157496,2683,Excitatory_Neuron
157497,2684,unassigned
157498,2666,unassigned
157499,2666,unassigned
157500,2666,unassigned
157501,2668,Astro-Epen
157502,2666,unassigned
157503,2677,Excitatory_Neuron
157504,2685,Astro-Epen
157505,2685,Astro-Epen
157506,2666,unassigned
157507,2686,unassigned
157508,2687,Excitatory_Neuron
157509,2687,Excitatory_Neuron
157510,2683,Excitatory_Neuron
157511,2668,Astro-Epen
157512,2683,Excitatory_Neuron
157513,2666,unassigned
157514,2666,unassigned
157515,2677,Excitatory_Neuron
157516,2669,unassigned
157517,2666,unassigned
157518,2688,Astro-Epen
157519,2666,unassigned
157520,2689,unassigned
157521,2687,Excitatory_Neuron
157522,2666,unassigned
157523,2671,Excitatory_Neuron
157524,2666,unassigned
157525,2668,Astro-Epen
157526,2666,unassigned
157527,2677,Excitatory_Neuron
157528,2666,unassigned
157529,2688,Astro-Epen
157530,2689,unassigned
157531,2666,unassigned
157532,2690,unassigned
157533,2666,unassigned
157534,2671,Excitatory_Neuron
157535,2666,unassigned
157536,2668,Astro-Epen
157537,2672,unassigned
157538,2677,Excitatory_Neuron
157539,2666,unassigned
157540,2685,Astro-Epen
157541,2691,unassigned
157542,2666,unassigned
157543,2673,unassigned
157544,2683,Excitatory_Neuron
157545,2675,Astro-Epen
157546,2666,unassigned
157547,2666,unassigned
157548,2668,Astro-Epen
157549,2668,Astro-Epen
157550,2666,unassigned
157551,2672,unassigned
157552,2669,unassigned
157553,2692,Astro-Epen
157554,2692,Astro-Epen
157555,2692,Astro-Epen
157556,2666,unassigned
157557,2687,Excitatory_Neuron
157558,2687,Excitatory_Neuron
157559,2683,Excitatory_Neuron
157560,2671,Excitatory_Neuron
157561,2676,Excitatory_Neuron
157562,2666,unassigned
157563,2666,unassigned
157564,2669,unassigned
157565,2693,Astro-Epen
157566,2692,Astro-Epen
157567,2694,Astro-Epen
157568,2666,unassigned
157569,2666,unassigned
157570,2666,unassigned
157571,2666,unassigned
157572,2666,unassigned
157573,2669,unassigned
157574,2666,unassigned
157575,2666,unassigned
157576,2666,unassigned
157577,2692,Astro-Epen
157578,2695,Immune
157579,2694,Astro-Epen
157580,2696,unassigned
157581,2682,Vascular
157582,2666,unassigned
157583,2681,Excitatory_Neuron
157584,2697,Excitatory_Neuron
157585,2675,Astro-Epen
157586,2674,Excitatory_Neuron
157587,2668,Astro-Epen
157588,2672,unassigned
157589,2677,Excitatory_Neuron
157590,2692,Astro-Epen
157591,2679,unassigned
157592,2687,Excitatory_Neuron
157593,2697,Excitatory_Neuron
157594,2671,Excitatory_Neuron
157595,2671,Excitatory_Neuron
157596,2698,unassigned
157597,2692,Astro-Epen
157598,2692,Astro-Epen
157599,2699,unassigned
157600,2691,unassigned
157601,2670,unassigned
157602,2666,unassigned
157603,2681,Excitatory_Neuron
157604,2700,Excitatory_Neuron
157605,2701,Excitatory_Neuron
157606,2683,Excitatory_Neuron
157607,2666,unassigned
157608,2666,unassigned
157609,2693,Astro-Epen
157610,2693,Astro-Epen
157611,2666,unassigned
157612,2694,Astro-Epen
157613,2702,unassigned
157614,2687,Excitatory_Neuron
157615,2682,Vascular
157616,2671,Excitatory_Neuron
157617,2674,Excitatory_Neuron
157618,2666,unassigned
157619,2666,unassigned
157620,2672,unassigned
157621,2666,unassigned
157622,2677,Excitatory_Neuron
157623,2666,unassigned
157624,2678,Immune
157625,2692,Astro-Epen
157626,2685,Astro-Epen
157627,2695,Immune
157628,2679,unassigned
157629,2694,Astro-Epen
157630,2666,unassigned
157631,2681,Excitatory_Neuron
157632,2687,Excitatory_Neuron
157633,2697,Excitatory_Neuron
157634,2683,Excitatory_Neuron
157635,2666,unassigned
157636,2666,unassigned
157637,2688,Astro-Epen
157638,2691,unassigned
157639,2694,Astro-Epen
157640,2696,unassigned
157641,2666,unassigned
157642,2666,unassigned
157643,2692,Astro-Epen
157644,2692,Astro-Epen
157645,2695,Immune
157646,2666,unassigned
157647,2666,unassigned
157648,2666,unassigned
157649,2697,Excitatory_Neuron
157650,2671,Excitatory_Neuron
157651,2697,Excitatory_Neuron
157652,2674,Excitatory_Neuron
157653,2668,Astro-Epen
157654,2677,Excitatory_Neuron
157655,2677,Excitatory_Neuron
157656,2669,unassigned
157657,2678,Immune
157658,2695,Immune
157659,2703,unassigned
157660,2686,unassigned
157661,2681,Excitatory_Neuron
157662,2674,Excitatory_Neuron
157663,2666,unassigned
157664,2666,unassigned
157665,2666,unassigned
157666,2666,unassigned
157667,2677,Excitatory_Neuron
157668,2666,unassigned
157669,2677,Excitatory_Neuron
157670,2692,Astro-Epen
157671,2692,Astro-Epen
157672,2695,Immune
157673,2666,unassigned
157674,2704,unassigned
157675,2666,unassigned
157676,2702,unassigned
157677,2681,Excitatory_Neuron
157678,2666,unassigned
157679,2666,unassigned
157680,2666,unassigned
157681,2695,Immune
157682,2695,Immune
157683,2666,unassigned
157684,2680,unassigned
157685,2671,Excitatory_Neuron
157686,2674,Excitatory_Neuron
157687,2666,unassigned
157688,2668,Astro-Epen
157689,2666,unassigned
157690,2677,Excitatory_Neuron
157691,2677,Excitatory_Neuron
157692,2666,unassigned
157693,2692,Astro-Epen
157694,2705,unassigned
157695,2695,Immune
157696,2667,unassigned
157697,2706,unassigned
157698,2666,unassigned
157699,2681,Excitatory_Neuron
157700,2666,unassigned
157701,2671,Excitatory_Neuron
157702,2666,unassigned
157703,2707,unassigned
157704,2692,Astro-Epen
157705,2670,unassigned
157706,2694,Astro-Epen
157707,2680,unassigned
157708,2702,unassigned
157709,2687,Excitatory_Neuron
157710,2671,Excitatory_Neuron
157711,2666,unassigned
157712,2672,unassigned
157713,2668,Astro-Epen
157714,2672,unassigned
157715,2693,Astro-Epen
157716,2693,Astro-Epen
157717,2692,Astro-Epen
157718,2685,Astro-Epen
157719,2695,Immune
157720,2685,Astro-Epen
157721,2666,unassigned
157722,2680,unassigned
157723,2666,unassigned
157724,2681,Excitatory_Neuron
157725,2666,unassigned
157726,2671,Excitatory_Neuron
157727,2666,unassigned
157728,2668,Astro-Epen
157729,2677,Excitatory_Neuron
157730,2666,unassigned
157731,2693,Astro-Epen
157732,2693,Astro-Epen
157733,2680,unassigned
157734,2702,unassigned
157735,2682,Vascular
157736,2687,Excitatory_Neuron
157737,2682,Vascular
157738,2666,unassigned
157739,2697,Excitatory_Neuron
157740,2697,Excitatory_Neuron
157741,2671,Excitatory_Neuron
157742,2683,Excitatory_Neuron
157743,2674,Excitatory_Neuron
157744,2666,unassigned
157745,2669,unassigned
157746,2693,Astro-Epen
157747,2666,unassigned
157748,2688,Astro-Epen
157749,2678,Immune
157750,2693,Astro-Epen
157751,2692,Astro-Epen
157752,2679,unassigned
157753,2666,unassigned
157754,2666,unassigned
157755,2697,Excitatory_Neuron
157756,2683,Excitatory_Neuron
157757,2666,unassigned
157758,2677,Excitatory_Neuron
157759,2677,Excitatory_Neuron
157760,2677,Excitatory_Neuron
157761,2708,unassigned
157762,2709,unassigned
157763,2666,unassigned
157764,2666,unassigned
157765,2687,Excitatory_Neuron
157766,2671,Excitatory_Neuron
157767,2666,unassigned
157768,2675,Astro-Epen
157769,2674,Excitatory_Neuron
157770,2666,unassigned
157771,2677,Excitatory_Neuron
157772,2666,unassigned
157773,2708,unassigned
157774,2666,unassigned
157775,2695,Immune
157776,2679,unassigned
157777,2666,unassigned
157778,2666,unassigned
157779,2681,Excitatory_Neuron
157780,2681,Excitatory_Neuron
157781,2697,Excitatory_Neuron
157782,2671,Excitatory_Neuron
157783,2666,unassigned
157784,2675,Astro-Epen
157785,2674,Excitatory_Neuron
157786,2668,Astro-Epen
157787,2666,unassigned
157788,2666,unassigned
157789,2669,unassigned
157790,2666,unassigned
157791,2692,Astro-Epen
157792,2692,Astro-Epen
157793,2688,Astro-Epen
157794,2666,unassigned
157795,2703,unassigned
157796,2670,unassigned
157797,2706,unassigned
157798,2680,unassigned
157799,2687,Excitatory_Neuron
157800,2681,Excitatory_Neuron
157801,2710,Excitatory_Neuron
157802,2671,Excitatory_Neuron
157803,2673,unassigned
157804,2675,Astro-Epen
157805,2668,Astro-Epen
157806,2668,Astro-Epen
157807,2666,unassigned
157808,2692,Astro-Epen
157809,2678,Immune
157810,2688,Astro-Epen
157811,2692,Astro-Epen
157812,2695,Immune
157813,2666,unassigned
157814,2666,unassigned
157815,2687,Excitatory_Neuron
157816,2687,Excitatory_Neuron
157817,2711,unassigned
157818,2712,Excitatory_Neuron
157819,2666,unassigned
157820,2676,Excitatory_Neuron
157821,2666,unassigned
157822,2679,unassigned
157823,2694,Astro-Epen
157824,2666,unassigned
157825,2674,Excitatory_Neuron
157826,2697,Excitatory_Neuron
157827,2666,unassigned
157828,2668,Astro-Epen
157829,2698,unassigned
157830,2681,Excitatory_Neuron
157831,2666,unassigned
157832,2666,unassigned
157833,2673,unassigned
157834,2674,Excitatory_Neuron
157835,2668,Astro-Epen
157836,2676,Excitatory_Neuron
157837,2666,unassigned
157838,2678,Immune
157839,2692,Astro-Epen
157840,2694,Astro-Epen
157841,2686,unassigned
157842,2666,unassigned
157843,2686,unassigned
157844,2666,unassigned
157845,2666,unassigned
157846,2666,unassigned
157847,2674,Excitatory_Neuron
157848,2668,Astro-Epen
157849,2666,unassigned
157850,2668,Astro-Epen
157851,2668,Astro-Epen
157852,2666,unassigned
157853,2666,unassigned
157854,2666,unassigned
157855,2666,unassigned
157856,2694,Astro-Epen
157857,2666,unassigned
157858,2686,unassigned
157859,2666,unassigned
157860,2682,Vascular
157861,2681,Excitatory_Neuron
157862,2668,Astro-Epen
157863,2668,Astro-Epen
157864,2713,Excitatory_Neuron
157865,2677,Excitatory_Neuron
157866,2685,Astro-Epen
157867,2679,unassigned
157868,2679,unassigned
157869,2694,Astro-Epen
157870,2686,unassigned
157871,2702,unassigned
157872,2711,unassigned
157873,2681,Excitatory_Neuron
157874,2697,Excitatory_Neuron
157875,2668,Astro-Epen
157876,2683,Excitatory_Neuron
157877,2697,Excitatory_Neuron
157878,2677,Excitatory_Neuron
157879,2677,Excitatory_Neuron
157880,2708,unassigned
157881,2692,Astro-Epen
157882,2685,Astro-Epen
157883,2679,unassigned
157884,2695,Immune
157885,2694,Astro-Epen
157886,2666,unassigned
157887,2714,unassigned
157888,2681,Excitatory_Neuron
157889,2666,unassigned
157890,2673,unassigned
157891,2671,Excitatory_Neuron
157892,2668,Astro-Epen
157893,2668,Astro-Epen
157894,2672,unassigned
157895,2668,Astro-Epen
157896,2668,Astro-Epen
157897,2668,Astro-Epen
157898,2692,Astro-Epen
157899,2688,Astro-Epen
157900,2695,Immune
157901,2685,Astro-Epen
157902,2694,Astro-Epen
157903,2696,unassigned
157904,2687,Excitatory_Neuron
157905,2681,Excitatory_Neuron
157906,2700,Excitatory_Neuron
157907,2666,unassigned
157908,2697,Excitatory_Neuron
157909,2683,Excitatory_Neuron
157910,2701,Excitatory_Neuron
157911,2666,unassigned
157912,2675,Astro-Epen
157913,2668,Astro-Epen
157914,2666,unassigned
157915,2668,Astro-Epen
157916,2666,unassigned
157917,2698,unassigned
157918,2678,Immune
157919,2692,Astro-Epen
157920,2688,Astro-Epen
157921,2692,Astro-Epen
157922,2695,Immune
157923,2667,unassigned
157924,2695,Immune
157925,2666,unassigned
157926,2683,Excitatory_Neuron
157927,2683,Excitatory_Neuron
157928,2697,Excitatory_Neuron
157929,2674,Excitatory_Neuron
157930,2668,Astro-Epen
157931,2668,Astro-Epen
157932,2666,unassigned
157933,2666,unassigned
157934,2677,Excitatory_Neuron
157935,2677,Excitatory_Neuron
157936,2677,Excitatory_Neuron
157937,2669,unassigned
157938,2686,unassigned
157939,2696,unassigned
157940,2666,unassigned
157941,2668,Astro-Epen
157942,2674,Excitatory_Neuron
157943,2666,unassigned
157944,2666,unassigned
157945,2668,Astro-Epen
157946,2666,unassigned
157947,2677,Excitatory_Neuron
157948,2666,unassigned
157949,2666,unassigned
157950,2692,Astro-Epen
157951,2692,Astro-Epen
157952,2679,unassigned
157953,2685,Astro-Epen
157954,2695,Immune
157955,2694,Astro-Epen
157956,2706,unassigned
157957,2666,unassigned
157958,2666,unassigned
157959,2687,Excitatory_Neuron
157960,2711,unassigned
157961,2677,Excitatory_Neuron
157962,2677,Excitatory_Neuron
157963,2692,Astro-Epen
157964,2678,Immune
157965,2695,Immune
157966,2695,Immune
157967,2694,Astro-Epen
157968,2686,unassigned
157969,2702,unassigned
157970,2671,Excitatory_Neuron
157971,2666,unassigned
157972,2675,Astro-Epen
157973,2668,Astro-Epen
157974,2666,unassigned
157975,2666,unassigned
157976,2666,unassigned
157977,2678,Immune
157978,2688,Astro-Epen
157979,2692,Astro-Epen
157980,2692,Astro-Epen
157981,2679,unassigned
157982,2694,Astro-Epen
157983,2666,unassigned
157984,2671,Excitatory_Neuron
157985,2668,Astro-Epen
157986,2683,Excitatory_Neuron
157987,2676,Excitatory_Neuron
157988,2677,Excitatory_Neuron
157989,2715,unassigned
157990,2713,Excitatory_Neuron
157991,2666,unassigned
157992,2666,unassigned
157993,2688,Astro-Epen
157994,2711,unassigned
157995,2700,Excitatory_Neuron
157996,2675,Astro-Epen
157997,2674,Excitatory_Neuron
157998,2666,unassigned
157999,2666,unassigned
158000,2668,Astro-Epen
158001,2716,unassigned
158002,2666,unassigned
158003,2681,Excitatory_Neuron
158004,2700,Excitatory_Neuron
158005,2697,Excitatory_Neuron
158006,2671,Excitatory_Neuron
158007,2683,Excitatory_Neuron
158008,2668,Astro-Epen
158009,2677,Excitatory_Neuron
158010,2666,unassigned
158011,2692,Astro-Epen
158012,2679,unassigned
158013,2695,Immune
158014,2717,unassigned
158015,2694,Astro-Epen
158016,2666,unassigned
158017,2666,unassigned
158018,2702,unassigned
158019,2681,Excitatory_Neuron
158020,2666,unassigned
158021,2681,Excitatory_Neuron
158022,2673,unassigned
158023,2697,Excitatory_Neuron
158024,2668,Astro-Epen
158025,2666,unassigned
158026,2713,Excitatory_Neuron
158027,2666,unassigned
158028,2709,unassigned
158029,2666,unassigned
158030,2718,unassigned
158031,2695,Immune
158032,2666,unassigned
158033,2666,unassigned
158034,2687,Excitatory_Neuron
158035,2666,unassigned
158036,2700,Excitatory_Neuron
158037,2674,Excitatory_Neuron
158038,2668,Astro-Epen
158039,2697,Excitatory_Neuron
158040,2674,Excitatory_Neuron
158041,2674,Excitatory_Neuron
158042,2668,Astro-Epen
158043,2666,unassigned
158044,2668,Astro-Epen
158045,2668,Astro-Epen
158046,2713,Excitatory_Neuron
158047,2715,unassigned
158048,2677,Excitatory_Neuron
158049,2677,Excitatory_Neuron
158050,2716,unassigned
158051,2666,unassigned
158052,2685,Astro-Epen
158053,2685,Astro-Epen
158054,2666,unassigned
158055,2681,Excitatory_Neuron
158056,2681,Excitatory_Neuron
158057,2681,Excitatory_Neuron
158058,2666,unassigned
158059,2668,Astro-Epen
158060,2666,unassigned
158061,2668,Astro-Epen
158062,2677,Excitatory_Neuron
158063,2666,unassigned
158064,2666,unassigned
158065,2692,Astro-Epen
158066,2667,unassigned
158067,2687,Excitatory_Neuron
158068,2700,Excitatory_Neuron
158069,2666,unassigned
158070,2673,unassigned
158071,2668,Astro-Epen
158072,2666,unassigned
158073,2677,Excitatory_Neuron
158074,2666,unassigned
158075,2692,Astro-Epen
158076,2695,Immune
158077,2695,Immune
158078,2679,unassigned
158079,2666,unassigned
158080,2682,Vascular
158081,2683,Excitatory_Neuron
158082,2666,unassigned
158083,2677,Excitatory_Neuron
158084,2688,Astro-Epen
158085,2692,Astro-Epen
158086,2685,Astro-Epen
158087,2679,unassigned
158088,2679,unassigned
158089,2706,unassigned
158090,2681,Excitatory_Neuron
158091,2666,unassigned
158092,2697,Excitatory_Neuron
158093,2683,Excitatory_Neuron
158094,2675,Astro-Epen
158095,2701,Excitatory_Neuron
158096,2676,Excitatory_Neuron
158097,2668,Astro-Epen
158098,2677,Excitatory_Neuron
158099,2666,unassigned
158100,2666,unassigned
158101,2687,Excitatory_Neuron
158102,2697,Excitatory_Neuron
158103,2673,unassigned
158104,2701,Excitatory_Neuron
158105,2674,Excitatory_Neuron
158106,2666,unassigned
158107,2709,unassigned
158108,2666,unassigned
158109,2666,unassigned
158110,2693,Astro-Epen
158111,2693,Astro-Epen
158112,2666,unassigned
158113,2681,Excitatory_Neuron
158114,2666,unassigned
158115,2681,Excitatory_Neuron
158116,2671,Excitatory_Neuron
158117,2668,Astro-Epen
158118,2701,Excitatory_Neuron
158119,2666,unassigned
158120,2666,unassigned
158121,2666,unassigned
158122,2709,unassigned
158123,2692,Astro-Epen
158124,2695,Immune
158125,2679,unassigned
158126,2685,Astro-Epen
158127,2689,unassigned
158128,2666,unassigned
158129,2666,unassigned
158130,2687,Excitatory_Neuron
158131,2673,unassigned
158132,2674,Excitatory_Neuron
158133,2671,Excitatory_Neuron
158134,2674,Excitatory_Neuron
158135,2666,unassigned
158136,2666,unassigned
158137,2666,unassigned
158138,2668,Astro-Epen
158139,2666,unassigned
158140,2676,Excitatory_Neuron
158141,2672,unassigned
158142,2709,unassigned
158143,2666,unassigned
158144,2666,unassigned
158145,2692,Astro-Epen
158146,2692,Astro-Epen
158147,2666,unassigned
158148,2697,Excitatory_Neuron
158149,2671,Excitatory_Neuron
158150,2683,Excitatory_Neuron
158151,2697,Excitatory_Neuron
158152,2676,Excitatory_Neuron
158153,2668,Astro-Epen
158154,2666,unassigned
158155,2709,unassigned
158156,2666,unassigned
158157,2718,unassigned
158158,2694,Astro-Epen
158159,2690,unassigned
158160,2666,unassigned
158161,2700,Excitatory_Neuron
158162,2700,Excitatory_Neuron
158163,2666,unassigned
158164,2715,unassigned
158165,2677,Excitatory_Neuron
158166,2666,unassigned
158167,2678,Immune
158168,2716,unassigned
158169,2666,unassigned
158170,2693,Astro-Epen
158171,2685,Astro-Epen
158172,2695,Immune
158173,2667,unassigned
158174,2679,unassigned
158175,2681,Excitatory_Neuron
158176,2673,unassigned
158177,2666,unassigned
158178,2700,Excitatory_Neuron
158179,2683,Excitatory_Neuron
158180,2675,Astro-Epen
158181,2666,unassigned
158182,2666,unassigned
158183,2668,Astro-Epen
158184,2668,Astro-Epen
158185,2666,unassigned
158186,2677,Excitatory_Neuron
158187,2677,Excitatory_Neuron
158188,2685,Astro-Epen
158189,2666,unassigned
158190,2675,Astro-Epen
158191,2668,Astro-Epen
158192,2666,unassigned
158193,2668,Astro-Epen
158194,2666,unassigned
158195,2666,unassigned
158196,2698,unassigned
158197,2678,Immune
158198,2666,unassigned
158199,2666,unassigned
158200,2687,Excitatory_Neuron
158201,2697,Excitatory_Neuron
158202,2673,unassigned
158203,2683,Excitatory_Neuron
158204,2668,Astro-Epen
158205,2674,Excitatory_Neuron
158206,2675,Astro-Epen
158207,2674,Excitatory_Neuron
158208,2666,unassigned
158209,2715,unassigned
158210,2666,unassigned
158211,2666,unassigned
158212,2666,unassigned
158213,2692,Astro-Epen
158214,2692,Astro-Epen
158215,2680,unassigned
158216,2690,unassigned
158217,2702,unassigned
158218,2681,Excitatory_Neuron
158219,2666,unassigned
158220,2683,Excitatory_Neuron
158221,2666,unassigned
158222,2672,unassigned
158223,2666,unassigned
158224,2666,unassigned
158225,2677,Excitatory_Neuron
158226,2666,unassigned
158227,2677,Excitatory_Neuron
158228,2692,Astro-Epen
158229,2692,Astro-Epen
158230,2679,unassigned
158231,2719,unassigned
158232,2666,unassigned
158233,2700,Excitatory_Neuron
158234,2683,Excitatory_Neuron
158235,2666,unassigned
158236,2675,Astro-Epen
158237,2666,unassigned
158238,2666,unassigned
158239,2677,Excitatory_Neuron
158240,2709,unassigned
158241,2693,Astro-Epen
158242,2718,unassigned
158243,2695,Immune
158244,2720,unassigned
158245,2689,unassigned
158246,2666,unassigned
158247,2694,Astro-Epen
158248,2690,unassigned
158249,2687,Excitatory_Neuron
158250,2700,Excitatory_Neuron
158251,2701,Excitatory_Neuron
158252,2683,Excitatory_Neuron
158253,2668,Astro-Epen
158254,2668,Astro-Epen
158255,2672,unassigned
158256,2666,unassigned
158257,2666,unassigned
158258,2688,Astro-Epen
158259,2695,Immune
158260,2666,unassigned
158261,2721,unassigned
158262,2697,Excitatory_Neuron
158263,2722,unassigned
158264,2671,Excitatory_Neuron
158265,2675,Astro-Epen
158266,2675,Astro-Epen
158267,2668,Astro-Epen
158268,2666,unassigned
158269,2666,unassigned
158270,2695,Immune
158271,2696,unassigned
158272,2666,unassigned
158273,2666,unassigned
158274,2674,Excitatory_Neuron
158275,2683,Excitatory_Neuron
158276,2671,Excitatory_Neuron
158277,2675,Astro-Epen
158278,2676,Excitatory_Neuron
158279,2723,unassigned
158280,2666,unassigned
158281,2666,unassigned
158282,2666,unassigned
158283,2679,unassigned
158284,2666,unassigned
158285,2666,unassigned
158286,2694,Astro-Epen
158287,2706,unassigned
158288,2666,unassigned
158289,2697,Excitatory_Neuron
158290,2697,Excitatory_Neuron
158291,2671,Excitatory_Neuron
158292,2697,Excitatory_Neuron
158293,2674,Excitatory_Neuron
158294,2668,Astro-Epen
158295,2674,Excitatory_Neuron
158296,2668,Astro-Epen
158297,2668,Astro-Epen
158298,2715,unassigned
158299,2666,unassigned
158300,2666,unassigned
158301,2693,Astro-Epen
158302,2692,Astro-Epen
158303,2679,unassigned
158304,2666,unassigned
158305,2701,Excitatory_Neuron
158306,2675,Astro-Epen
158307,2677,Excitatory_Neuron
158308,2677,Excitatory_Neuron
158309,2677,Excitatory_Neuron
158310,2677,Excitatory_Neuron
158311,2666,unassigned
158312,2693,Astro-Epen
158313,2666,unassigned
158314,2687,Excitatory_Neuron
158315,2701,Excitatory_Neuron
158316,2666,unassigned
158317,2674,Excitatory_Neuron
158318,2675,Astro-Epen
158319,2675,Astro-Epen
158320,2666,unassigned
158321,2666,unassigned
158322,2666,unassigned
158323,2677,Excitatory_Neuron
158324,2666,unassigned
158325,2709,unassigned
158326,2666,unassigned
158327,2666,unassigned
158328,2718,unassigned
158329,2692,Astro-Epen
158330,2704,unassigned
158331,2686,unassigned
158332,2666,unassigned
158333,2666,unassigned
158334,2666,unassigned
158335,2683,Excitatory_Neuron
158336,2666,unassigned
158337,2676,Excitatory_Neuron
158338,2666,unassigned
158339,2677,Excitatory_Neuron
158340,2666,unassigned
158341,2693,Astro-Epen
158342,2693,Astro-Epen
158343,2694,Astro-Epen
158344,2702,unassigned
158345,2666,unassigned
158346,2687,Excitatory_Neuron
158347,2683,Excitatory_Neuron
158348,2671,Excitatory_Neuron
158349,2666,unassigned
158350,2668,Astro-Epen
158351,2666,unassigned
158352,2693,Astro-Epen
158353,2692,Astro-Epen
158354,2692,Astro-Epen
158355,2718,unassigned
158356,2695,Immune
158357,2666,unassigned
158358,2666,unassigned
158359,2687,Excitatory_Neuron
158360,2687,Excitatory_Neuron
158361,2697,Excitatory_Neuron
158362,2668,Astro-Epen
158363,2668,Astro-Epen
158364,2666,unassigned
158365,2724,unassigned
158366,2704,unassigned
158367,2690,unassigned
158368,2666,unassigned
158369,2681,Excitatory_Neuron
158370,2725,Excitatory_Neuron
158371,2725,Excitatory_Neuron
158372,2700,Excitatory_Neuron
158373,2697,Excitatory_Neuron
158374,2697,Excitatory_Neuron
158375,2683,Excitatory_Neuron
158376,2697,Excitatory_Neuron
158377,2701,Excitatory_Neuron
158378,2668,Astro-Epen
158379,2674,Excitatory_Neuron
158380,2674,Excitatory_Neuron
158381,2675,Astro-Epen
158382,2666,unassigned
158383,2666,unassigned
158384,2678,Immune
158385,2692,Astro-Epen
158386,2666,unassigned
158387,2695,Immune
158388,2679,unassigned
158389,2706,unassigned
158390,2702,unassigned
158391,2681,Excitatory_Neuron
158392,2701,Excitatory_Neuron
158393,2668,Astro-Epen
158394,2675,Astro-Epen
158395,2668,Astro-Epen
158396,2677,Excitatory_Neuron
158397,2678,Immune
158398,2726,unassigned
158399,2682,Vascular
158400,2687,Excitatory_Neuron
158401,2687,Excitatory_Neuron
158402,2697,Excitatory_Neuron
158403,2674,Excitatory_Neuron
158404,2727,unassigned
158405,2677,Excitatory_Neuron
158406,2677,Excitatory_Neuron
158407,2693,Astro-Epen
158408,2694,Astro-Epen
158409,2704,unassigned
158410,2680,unassigned
158411,2687,Excitatory_Neuron
158412,2721,unassigned
158413,2673,unassigned
158414,2697,Excitatory_Neuron
158415,2683,Excitatory_Neuron
158416,2672,unassigned
158417,2676,Excitatory_Neuron
158418,2692,Astro-Epen
158419,2692,Astro-Epen
158420,2666,unassigned
158421,2666,unassigned
158422,2694,Astro-Epen
158423,2721,unassigned
158424,2675,Astro-Epen
158425,2675,Astro-Epen
158426,2675,Astro-Epen
158427,2666,unassigned
158428,2666,unassigned
158429,2692,Astro-Epen
158430,2692,Astro-Epen
158431,2692,Astro-Epen
158432,2695,Immune
158433,2680,unassigned
158434,2690,unassigned
158435,2666,unassigned
158436,2712,Excitatory_Neuron
158437,2700,Excitatory_Neuron
158438,2728,unassigned
158439,2697,Excitatory_Neuron
158440,2683,Excitatory_Neuron
158441,2666,unassigned
158442,2715,unassigned
158443,2666,unassigned
158444,2666,unassigned
158445,2666,unassigned
158446,2693,Astro-Epen
158447,2692,Astro-Epen
158448,2695,Immune
158449,2695,Immune
158450,2704,unassigned
158451,2682,Vascular
158452,2712,Excitatory_Neuron
158453,2671,Excitatory_Neuron
158454,2666,unassigned
158455,2668,Astro-Epen
158456,2713,Excitatory_Neuron
158457,2692,Astro-Epen
158458,2692,Astro-Epen
158459,2685,Astro-Epen
158460,2666,unassigned
158461,2690,unassigned
158462,2702,unassigned
158463,2702,unassigned
158464,2697,Excitatory_Neuron
158465,2722,unassigned
158466,2675,Astro-Epen
158467,2668,Astro-Epen
158468,2713,Excitatory_Neuron
158469,2713,Excitatory_Neuron
158470,2718,unassigned
158471,2692,Astro-Epen
158472,2729,unassigned
158473,2666,unassigned
158474,2666,unassigned
158475,2694,Astro-Epen
158476,2706,unassigned
158477,2680,unassigned
158478,2694,Astro-Epen
158479,2666,unassigned
158480,2711,unassigned
158481,2724,unassigned
158482,2692,Astro-Epen
158483,2692,Astro-Epen
158484,2679,unassigned
158485,2666,unassigned
158486,2730,unassigned
158487,2666,unassigned
158488,2681,Excitatory_Neuron
158489,2673,unassigned
158490,2722,unassigned
158491,2675,Astro-Epen
158492,2668,Astro-Epen
158493,2677,Excitatory_Neuron
158494,2678,Immune
158495,2678,Immune
158496,2692,Astro-Epen
158497,2688,Astro-Epen
158498,2692,Astro-Epen
158499,2731,unassigned
158500,2697,Excitatory_Neuron
158501,2725,Excitatory_Neuron
158502,2683,Excitatory_Neuron
158503,2666,unassigned
158504,2676,Excitatory_Neuron
158505,2713,Excitatory_Neuron
158506,2677,Excitatory_Neuron
158507,2677,Excitatory_Neuron
158508,2666,unassigned
158509,2678,Immune
158510,2666,unassigned
158511,2666,unassigned
158512,2718,unassigned
158513,2681,Excitatory_Neuron
158514,2683,Excitatory_Neuron
158515,2673,unassigned
158516,2675,Astro-Epen
158517,2666,unassigned
158518,2677,Excitatory_Neuron
158519,2678,Immune
158520,2693,Astro-Epen
158521,2692,Astro-Epen
158522,2695,Immune
158523,2731,unassigned
158524,2679,unassigned
158525,2694,Astro-Epen
158526,2666,unassigned
158527,2702,unassigned
158528,2712,Excitatory_Neuron
158529,2701,Excitatory_Neuron
158530,2697,Excitatory_Neuron
158531,2668,Astro-Epen
158532,2672,unassigned
158533,2677,Excitatory_Neuron
158534,2666,unassigned
158535,2666,unassigned
158536,2718,unassigned
158537,2692,Astro-Epen
158538,2718,unassigned
158539,2695,Immune
158540,2666,unassigned
158541,2704,unassigned
158542,2682,Vascular
158543,2683,Excitatory_Neuron
158544,2676,Excitatory_Neuron
158545,2677,Excitatory_Neuron
158546,2677,Excitatory_Neuron
158547,2678,Immune
158548,2692,Astro-Epen
158549,2688,Astro-Epen
158550,2679,unassigned
158551,2681,Excitatory_Neuron
158552,2722,unassigned
158553,2683,Excitatory_Neuron
158554,2728,unassigned
158555,2666,unassigned
158556,2674,Excitatory_Neuron
158557,2668,Astro-Epen
158558,2668,Astro-Epen
158559,2732,unassigned
158560,2713,Excitatory_Neuron
158561,2666,unassigned
158562,2677,Excitatory_Neuron
158563,2695,Immune
158564,2692,Astro-Epen
158565,2666,unassigned
158566,2679,unassigned
158567,2679,unassigned
158568,2689,unassigned
158569,2694,Astro-Epen
158570,2702,unassigned
158571,2683,Excitatory_Neuron
158572,2701,Excitatory_Neuron
158573,2697,Excitatory_Neuron
158574,2674,Excitatory_Neuron
158575,2675,Astro-Epen
158576,2676,Excitatory_Neuron
158577,2666,unassigned
158578,2713,Excitatory_Neuron
158579,2692,Astro-Epen
158580,2692,Astro-Epen
158581,2718,unassigned
158582,2666,unassigned
158583,2701,Excitatory_Neuron
158584,2668,Astro-Epen
158585,2666,unassigned
158586,2713,Excitatory_Neuron
158587,2677,Excitatory_Neuron
158588,2692,Astro-Epen
158589,2718,unassigned
158590,2692,Astro-Epen
158591,2731,unassigned
158592,2729,unassigned
158593,2733,unassigned
158594,2681,Excitatory_Neuron
158595,2682,Vascular
158596,2683,Excitatory_Neuron
158597,2668,Astro-Epen
158598,2676,Excitatory_Neuron
158599,2666,unassigned
158600,2709,unassigned
158601,2715,unassigned
158602,2677,Excitatory_Neuron
158603,2666,unassigned
158604,2692,Astro-Epen
158605,2692,Astro-Epen
158606,2688,Astro-Epen
158607,2718,unassigned
158608,2719,unassigned
158609,2666,unassigned
158610,2712,Excitatory_Neuron
158611,2674,Excitatory_Neuron
158612,2668,Astro-Epen
158613,2674,Excitatory_Neuron
158614,2666,unassigned
158615,2723,unassigned
158616,2677,Excitatory_Neuron
158617,2688,Astro-Epen
158618,2692,Astro-Epen
158619,2692,Astro-Epen
158620,2679,unassigned
158621,2733,unassigned
158622,2733,unassigned
158623,2673,unassigned
158624,2676,Excitatory_Neuron
158625,2666,unassigned
158626,2677,Excitatory_Neuron
158627,2677,Excitatory_Neuron
158628,2666,unassigned
158629,2666,unassigned
158630,2731,unassigned
158631,2695,Immune
158632,2679,unassigned
158633,2666,unassigned
158634,2666,unassigned
158635,2666,unassigned
158636,2666,unassigned
158637,2675,Astro-Epen
158638,2668,Astro-Epen
158639,2668,Astro-Epen
158640,2674,Excitatory_Neuron
158641,2666,unassigned
158642,2677,Excitatory_Neuron
158643,2677,Excitatory_Neuron
158644,2677,Excitatory_Neuron
158645,2678,Immune
158646,2692,Astro-Epen
158647,2692,Astro-Epen
158648,2695,Immune
158649,2694,Astro-Epen
158650,2666,unassigned
158651,2682,Vascular
158652,2712,Excitatory_Neuron
158653,2681,Excitatory_Neuron
158654,2683,Excitatory_Neuron
158655,2722,unassigned
158656,2683,Excitatory_Neuron
158657,2697,Excitatory_Neuron
158658,2666,unassigned
158659,2675,Astro-Epen
158660,2666,unassigned
158661,2668,Astro-Epen
158662,2666,unassigned
158663,2724,unassigned
158664,2666,unassigned
158665,2692,Astro-Epen
158666,2692,Astro-Epen
158667,2731,unassigned
158668,2685,Astro-Epen
158669,2685,Astro-Epen
158670,2679,unassigned
158671,2666,unassigned
158672,2666,unassigned
158673,2706,unassigned
158674,2673,unassigned
158675,2697,Excitatory_Neuron
158676,2683,Excitatory_Neuron
158677,2683,Excitatory_Neuron
158678,2683,Excitatory_Neuron
158679,2701,Excitatory_Neuron
158680,2674,Excitatory_Neuron
158681,2674,Excitatory_Neuron
158682,2668,Astro-Epen
158683,2675,Astro-Epen
158684,2734,unassigned
158685,2715,unassigned
158686,2677,Excitatory_Neuron
158687,2666,unassigned
158688,2666,unassigned
158689,2719,unassigned
158690,2666,unassigned
158691,2687,Excitatory_Neuron
158692,2712,Excitatory_Neuron
158693,2683,Excitatory_Neuron
158694,2683,Excitatory_Neuron
158695,2674,Excitatory_Neuron
158696,2668,Astro-Epen
158697,2666,unassigned
158698,2676,Excitatory_Neuron
158699,2677,Excitatory_Neuron
158700,2692,Astro-Epen
158701,2695,Immune
158702,2679,unassigned
158703,2666,unassigned
158704,2666,unassigned
158705,2682,Vascular
158706,2674,Excitatory_Neuron
158707,2683,Excitatory_Neuron
158708,2675,Astro-Epen
158709,2674,Excitatory_Neuron
158710,2675,Astro-Epen
158711,2666,unassigned
158712,2713,Excitatory_Neuron
158713,2677,Excitatory_Neuron
158714,2677,Excitatory_Neuron
158715,2666,unassigned
158716,2692,Astro-Epen
158717,2685,Astro-Epen
158718,2719,unassigned
158719,2666,unassigned
158720,2682,Vascular
158721,2666,unassigned
158722,2683,Excitatory_Neuron
158723,2697,Excitatory_Neuron
158724,2671,Excitatory_Neuron
158725,2683,Excitatory_Neuron
158726,2668,Astro-Epen
158727,2676,Excitatory_Neuron
158728,2668,Astro-Epen
158729,2666,unassigned
158730,2693,Astro-Epen
158731,2692,Astro-Epen
158732,2692,Astro-Epen
158733,2692,Astro-Epen
158734,2692,Astro-Epen
158735,2666,unassigned
158736,2694,Astro-Epen
158737,2687,Excitatory_Neuron
158738,2721,unassigned
158739,2712,Excitatory_Neuron
158740,2710,Excitatory_Neuron
158741,2666,unassigned
158742,2683,Excitatory_Neuron
158743,2701,Excitatory_Neuron
158744,2668,Astro-Epen
158745,2676,Excitatory_Neuron
158746,2668,Astro-Epen
158747,2666,unassigned
158748,2677,Excitatory_Neuron
158749,2724,unassigned
158750,2666,unassigned
158751,2678,Immune
158752,2678,Immune
158753,2688,Astro-Epen
158754,2692,Astro-Epen
158755,2666,unassigned
158756,2681,Excitatory_Neuron
158757,2697,Excitatory_Neuron
158758,2668,Astro-Epen
158759,2675,Astro-Epen
158760,2677,Excitatory_Neuron
158761,2666,unassigned
158762,2692,Astro-Epen
158763,2718,unassigned
158764,2731,unassigned
158765,2702,unassigned
158766,2682,Vascular
158767,2728,unassigned
158768,2697,Excitatory_Neuron
158769,2683,Excitatory_Neuron
158770,2675,Astro-Epen
158771,2671,Excitatory_Neuron
158772,2677,Excitatory_Neuron
158773,2666,unassigned
158774,2709,unassigned
158775,2692,Astro-Epen
158776,2678,Immune
158777,2692,Astro-Epen
158778,2692,Astro-Epen
158779,2692,Astro-Epen
158780,2692,Astro-Epen
158781,2685,Astro-Epen
158782,2695,Immune
158783,2666,unassigned
158784,2666,unassigned
158785,2712,Excitatory_Neuron
158786,2687,Excitatory_Neuron
158787,2681,Excitatory_Neuron
158788,2710,Excitatory_Neuron
158789,2674,Excitatory_Neuron
158790,2666,unassigned
158791,2685,Astro-Epen
158792,2666,unassigned
158793,2704,unassigned
158794,2666,unassigned
158795,2683,Excitatory_Neuron
158796,2674,Excitatory_Neuron
158797,2671,Excitatory_Neuron
158798,2676,Excitatory_Neuron
158799,2666,unassigned
158800,2677,Excitatory_Neuron
158801,2688,Astro-Epen
158802,2718,unassigned
158803,2694,Astro-Epen
158804,2671,Excitatory_Neuron
158805,2671,Excitatory_Neuron
158806,2666,unassigned
158807,2675,Astro-Epen
158808,2668,Astro-Epen
158809,2668,Astro-Epen
158810,2677,Excitatory_Neuron
158811,2718,unassigned
158812,2666,unassigned
158813,2719,unassigned
158814,2735,Astro-Epen
158815,2666,unassigned
158816,2721,unassigned
158817,2721,unassigned
158818,2697,Excitatory_Neuron
158819,2683,Excitatory_Neuron
158820,2736,unassigned
158821,2683,Excitatory_Neuron
158822,2697,Excitatory_Neuron
158823,2675,Astro-Epen
158824,2675,Astro-Epen
158825,2675,Astro-Epen
158826,2675,Astro-Epen
158827,2676,Excitatory_Neuron
158828,2668,Astro-Epen
158829,2677,Excitatory_Neuron
158830,2688,Astro-Epen
158831,2692,Astro-Epen
158832,2692,Astro-Epen
158833,2692,Astro-Epen
158834,2666,unassigned
158835,2666,unassigned
158836,2666,unassigned
158837,2721,unassigned
158838,2666,unassigned
158839,2683,Excitatory_Neuron
158840,2673,unassigned
158841,2697,Excitatory_Neuron
158842,2697,Excitatory_Neuron
158843,2671,Excitatory_Neuron
158844,2671,Excitatory_Neuron
158845,2675,Astro-Epen
158846,2677,Excitatory_Neuron
158847,2692,Astro-Epen
158848,2692,Astro-Epen
158849,2695,Immune
158850,2735,Astro-Epen
158851,2694,Astro-Epen
158852,2706,unassigned
158853,2706,unassigned
158854,2681,Excitatory_Neuron
158855,2725,Excitatory_Neuron
158856,2700,Excitatory_Neuron
158857,2673,unassigned
158858,2683,Excitatory_Neuron
158859,2676,Excitatory_Neuron
158860,2677,Excitatory_Neuron
158861,2677,Excitatory_Neuron
158862,2709,unassigned
158863,2693,Astro-Epen
158864,2692,Astro-Epen
158865,2693,Astro-Epen
158866,2695,Immune
158867,2704,unassigned
158868,2666,unassigned
158869,2681,Excitatory_Neuron
158870,2700,Excitatory_Neuron
158871,2674,Excitatory_Neuron
158872,2676,Excitatory_Neuron
158873,2666,unassigned
158874,2666,unassigned
158875,2666,unassigned
158876,2709,unassigned
158877,2695,Immune
158878,2679,unassigned
158879,2737,unassigned
158880,2694,Astro-Epen
158881,2666,unassigned
158882,2702,unassigned
158883,2696,unassigned
158884,2721,unassigned
158885,2675,Astro-Epen
158886,2676,Excitatory_Neuron
158887,2666,unassigned
158888,2677,Excitatory_Neuron
158889,2677,Excitatory_Neuron
158890,2666,unassigned
158891,2692,Astro-Epen
158892,2692,Astro-Epen
158893,2688,Astro-Epen
158894,2666,unassigned
158895,2706,unassigned
158896,2696,unassigned
158897,2687,Excitatory_Neuron
158898,2711,unassigned
158899,2721,unassigned
158900,2728,unassigned
158901,2728,unassigned
158902,2666,unassigned
158903,2676,Excitatory_Neuron
158904,2666,unassigned
158905,2677,Excitatory_Neuron
158906,2715,unassigned
158907,2677,Excitatory_Neuron
158908,2677,Excitatory_Neuron
158909,2678,Immune
158910,2678,Immune
158911,2688,Astro-Epen
158912,2685,Astro-Epen
158913,2679,unassigned
158914,2666,unassigned
158915,2681,Excitatory_Neuron
158916,2697,Excitatory_Neuron
158917,2681,Excitatory_Neuron
158918,2683,Excitatory_Neuron
158919,2683,Excitatory_Neuron
158920,2697,Excitatory_Neuron
158921,2697,Excitatory_Neuron
158922,2671,Excitatory_Neuron
158923,2674,Excitatory_Neuron
158924,2666,unassigned
158925,2675,Astro-Epen
158926,2677,Excitatory_Neuron
158927,2666,unassigned
158928,2692,Astro-Epen
158929,2666,unassigned
158930,2694,Astro-Epen
158931,2666,unassigned
158932,2666,unassigned
158933,2666,unassigned
158934,2683,Excitatory_Neuron
158935,2666,unassigned
158936,2692,Astro-Epen
158937,2718,unassigned
158938,2666,unassigned
158939,2719,unassigned
158940,2666,unassigned
158941,2666,unassigned
158942,2681,Excitatory_Neuron
158943,2711,unassigned
158944,2711,unassigned
158945,2683,Excitatory_Neuron
158946,2697,Excitatory_Neuron
158947,2671,Excitatory_Neuron
158948,2701,Excitatory_Neuron
158949,2676,Excitatory_Neuron
158950,2676,Excitatory_Neuron
158951,2666,unassigned
158952,2677,Excitatory_Neuron
158953,2693,Astro-Epen
158954,2695,Immune
158955,2679,unassigned
158956,2735,Astro-Epen
158957,2737,unassigned
158958,2681,Excitatory_Neuron
158959,2666,unassigned
158960,2700,Excitatory_Neuron
158961,2697,Excitatory_Neuron
158962,2675,Astro-Epen
158963,2697,Excitatory_Neuron
158964,2701,Excitatory_Neuron
158965,2668,Astro-Epen
158966,2678,Immune
158967,2677,Excitatory_Neuron
158968,2692,Astro-Epen
158969,2679,unassigned
158970,2712,Excitatory_Neuron
158971,2721,unassigned
158972,2711,unassigned
158973,2666,unassigned
158974,2723,unassigned
158975,2709,unassigned
158976,2692,Astro-Epen
158977,2692,Astro-Epen
158978,2692,Astro-Epen
158979,2719,unassigned
158980,2681,Excitatory_Neuron
158981,2683,Excitatory_Neuron
158982,2701,Excitatory_Neuron
158983,2683,Excitatory_Neuron
158984,2728,unassigned
158985,2671,Excitatory_Neuron
158986,2713,Excitatory_Neuron
158987,2666,unassigned
158988,2695,Immune
158989,2679,unassigned
158990,2735,Astro-Epen
158991,2735,Astro-Epen
158992,2681,Excitatory_Neuron
158993,2671,Excitatory_Neuron
158994,2676,Excitatory_Neuron
158995,2715,unassigned
158996,2677,Excitatory_Neuron
158997,2693,Astro-Epen
158998,2688,Astro-Epen
158999,2692,Astro-Epen
159000,2693,Astro-Epen
159001,2692,Astro-Epen
159002,2685,Astro-Epen
159003,2666,unassigned
159004,2687,Excitatory_Neuron
159005,2697,Excitatory_Neuron
159006,2697,Excitatory_Neuron
159007,2683,Excitatory_Neuron
159008,2675,Astro-Epen
159009,2666,unassigned
159010,2713,Excitatory_Neuron
159011,2715,unassigned
159012,2666,unassigned
159013,2666,unassigned
159014,2692,Astro-Epen
159015,2685,Astro-Epen
159016,2695,Immune
159017,2666,unassigned
159018,2666,unassigned
159019,2666,unassigned
159020,2687,Excitatory_Neuron
159021,2674,Excitatory_Neuron
159022,2697,Excitatory_Neuron
159023,2668,Astro-Epen
159024,2668,Astro-Epen
159025,2677,Excitatory_Neuron
159026,2738,unassigned
159027,2692,Astro-Epen
159028,2695,Immune
159029,2682,Vascular
159030,2712,Excitatory_Neuron
159031,2682,Vascular
159032,2711,unassigned
159033,2674,Excitatory_Neuron
159034,2668,Astro-Epen
159035,2668,Astro-Epen
159036,2666,unassigned
159037,2677,Excitatory_Neuron
159038,2666,unassigned
159039,2738,unassigned
159040,2735,Astro-Epen
159041,2725,Excitatory_Neuron
159042,2700,Excitatory_Neuron
159043,2697,Excitatory_Neuron
159044,2683,Excitatory_Neuron
159045,2675,Astro-Epen
159046,2668,Astro-Epen
159047,2713,Excitatory_Neuron
159048,2666,unassigned
159049,2685,Astro-Epen
159050,2704,unassigned
159051,2696,unassigned
159052,2681,Excitatory_Neuron
159053,2671,Excitatory_Neuron
159054,2675,Astro-Epen
159055,2668,Astro-Epen
159056,2668,Astro-Epen
159057,2666,unassigned
159058,2676,Excitatory_Neuron
159059,2713,Excitatory_Neuron
159060,2677,Excitatory_Neuron
159061,2666,unassigned
159062,2677,Excitatory_Neuron
159063,2666,unassigned
159064,2685,Astro-Epen
159065,2695,Immune
159066,2692,Astro-Epen
159067,2692,Astro-Epen
159068,2692,Astro-Epen
159069,2685,Astro-Epen
159070,2666,unassigned
159071,2666,unassigned
159072,2681,Excitatory_Neuron
159073,2681,Excitatory_Neuron
159074,2711,unassigned
159075,2725,Excitatory_Neuron
159076,2697,Excitatory_Neuron
159077,2700,Excitatory_Neuron
159078,2674,Excitatory_Neuron
159079,2668,Astro-Epen
159080,2723,unassigned
159081,2676,Excitatory_Neuron
159082,2723,unassigned
159083,2666,unassigned
159084,2692,Astro-Epen
159085,2692,Astro-Epen
159086,2666,unassigned
159087,2692,Astro-Epen
159088,2692,Astro-Epen
159089,2666,unassigned
159090,2666,unassigned
159091,2704,unassigned
159092,2681,Excitatory_Neuron
159093,2725,Excitatory_Neuron
159094,2683,Excitatory_Neuron
159095,2697,Excitatory_Neuron
159096,2701,Excitatory_Neuron
159097,2674,Excitatory_Neuron
159098,2668,Astro-Epen
159099,2668,Astro-Epen
159100,2676,Excitatory_Neuron
159101,2677,Excitatory_Neuron
159102,2666,unassigned
159103,2666,unassigned
159104,2666,unassigned
159105,2666,unassigned
159106,2688,Astro-Epen
159107,2692,Astro-Epen
159108,2718,unassigned
159109,2719,unassigned
159110,2666,unassigned
159111,2704,unassigned
159112,2666,unassigned
159113,2721,unassigned
159114,2666,unassigned
159115,2697,Excitatory_Neuron
159116,2683,Excitatory_Neuron
159117,2675,Astro-Epen
159118,2666,unassigned
159119,2677,Excitatory_Neuron
159120,2666,unassigned
159121,2715,unassigned
159122,2692,Astro-Epen
159123,2692,Astro-Epen
159124,2685,Astro-Epen
159125,2694,Astro-Epen
159126,2682,Vascular
159127,2697,Excitatory_Neuron
159128,2683,Excitatory_Neuron
159129,2666,unassigned
159130,2701,Excitatory_Neuron
159131,2666,unassigned
159132,2692,Astro-Epen
159133,2692,Astro-Epen
159134,2692,Astro-Epen
159135,2688,Astro-Epen
159136,2679,unassigned
159137,2692,Astro-Epen
159138,2706,unassigned
159139,2702,unassigned
159140,2666,unassigned
159141,2666,unassigned
159142,2666,unassigned
159143,2674,Excitatory_Neuron
159144,2683,Excitatory_Neuron
159145,2701,Excitatory_Neuron
159146,2675,Astro-Epen
159147,2675,Astro-Epen
159148,2739,unassigned
159149,2723,unassigned
159150,2666,unassigned
159151,2709,unassigned
159152,2693,Astro-Epen
159153,2692,Astro-Epen
159154,2666,unassigned
159155,2719,unassigned
159156,2694,Astro-Epen
159157,2721,unassigned
159158,2666,unassigned
159159,2668,Astro-Epen
159160,2676,Excitatory_Neuron
159161,2666,unassigned
159162,2666,unassigned
159163,2715,unassigned
159164,2666,unassigned
159165,2666,unassigned
159166,2668,Astro-Epen
159167,2674,Excitatory_Neuron
159168,2740,Immune
159169,2723,unassigned
159170,2677,Excitatory_Neuron
159171,2666,unassigned
159172,2693,Astro-Epen
159173,2692,Astro-Epen
159174,2666,unassigned
159175,2666,unassigned
159176,2700,Excitatory_Neuron
159177,2677,Excitatory_Neuron
159178,2713,Excitatory_Neuron
159179,2715,unassigned
159180,2666,unassigned
159181,2712,Excitatory_Neuron
159182,2728,unassigned
159183,2683,Excitatory_Neuron
159184,2675,Astro-Epen
159185,2668,Astro-Epen
159186,2674,Excitatory_Neuron
159187,2668,Astro-Epen
159188,2668,Astro-Epen
159189,2677,Excitatory_Neuron
159190,2677,Excitatory_Neuron
159191,2677,Excitatory_Neuron
159192,2677,Excitatory_Neuron
159193,2677,Excitatory_Neuron
159194,2666,unassigned
159195,2738,unassigned
159196,2678,Immune
159197,2693,Astro-Epen
159198,2692,Astro-Epen
159199,2735,Astro-Epen
159200,2666,unassigned
159201,2704,unassigned
159202,2725,Excitatory_Neuron
159203,2683,Excitatory_Neuron
159204,2668,Astro-Epen
159205,2668,Astro-Epen
159206,2677,Excitatory_Neuron
159207,2713,Excitatory_Neuron
159208,2666,unassigned
159209,2713,Excitatory_Neuron
159210,2692,Astro-Epen
159211,2718,unassigned
159212,2685,Astro-Epen
159213,2666,unassigned
159214,2704,unassigned
159215,2696,unassigned
159216,2674,Excitatory_Neuron
159217,2709,unassigned
159218,2709,unassigned
159219,2692,Astro-Epen
159220,2688,Astro-Epen
159221,2692,Astro-Epen
159222,2666,unassigned
159223,2666,unassigned
159224,2674,Excitatory_Neuron
159225,2675,Astro-Epen
159226,2675,Astro-Epen
159227,2674,Excitatory_Neuron
159228,2675,Astro-Epen
159229,2676,Excitatory_Neuron
159230,2668,Astro-Epen
159231,2666,unassigned
159232,2668,Astro-Epen
159233,2677,Excitatory_Neuron
159234,2666,unassigned
159235,2718,unassigned
159236,2692,Astro-Epen
159237,2692,Astro-Epen
159238,2692,Astro-Epen
159239,2704,unassigned
159240,2666,unassigned
159241,2696,unassigned
159242,2741,unassigned
159243,2671,Excitatory_Neuron
159244,2675,Astro-Epen
159245,2668,Astro-Epen
159246,2666,unassigned
159247,2677,Excitatory_Neuron
159248,2666,unassigned
159249,2715,unassigned
159250,2713,Excitatory_Neuron
159251,2715,unassigned
159252,2718,unassigned
159253,2692,Astro-Epen
159254,2666,unassigned
159255,2695,Immune
159256,2735,Astro-Epen
159257,2737,unassigned
159258,2694,Astro-Epen
159259,2681,Excitatory_Neuron
159260,2711,unassigned
159261,2671,Excitatory_Neuron
159262,2697,Excitatory_Neuron
159263,2675,Astro-Epen
159264,2675,Astro-Epen
159265,2671,Excitatory_Neuron
159266,2666,unassigned
159267,2739,unassigned
159268,2675,Astro-Epen
159269,2668,Astro-Epen
159270,2676,Excitatory_Neuron
159271,2666,unassigned
159272,2676,Excitatory_Neuron
159273,2677,Excitatory_Neuron
159274,2677,Excitatory_Neuron
159275,2715,unassigned
159276,2718,unassigned
159277,2666,unassigned
159278,2742,unassigned
159279,2694,Astro-Epen
159280,2666,unassigned
159281,2666,unassigned
159282,2666,unassigned
159283,2666,unassigned
159284,2743,unassigned
159285,2666,unassigned
159286,2676,Excitatory_Neuron
159287,2740,Immune
159288,2677,Excitatory_Neuron
159289,2666,unassigned
159290,2738,unassigned
159291,2666,unassigned
159292,2678,Immune
159293,2692,Astro-Epen
159294,2706,unassigned
159295,2694,Astro-Epen
159296,2712,Excitatory_Neuron
159297,2671,Excitatory_Neuron
159298,2671,Excitatory_Neuron
159299,2668,Astro-Epen
159300,2666,unassigned
159301,2668,Astro-Epen
159302,2666,unassigned
159303,2713,Excitatory_Neuron
159304,2713,Excitatory_Neuron
159305,2738,unassigned
159306,2718,unassigned
159307,2692,Astro-Epen
159308,2666,unassigned
159309,2682,Vascular
159310,2697,Excitatory_Neuron
159311,2697,Excitatory_Neuron
159312,2701,Excitatory_Neuron
159313,2675,Astro-Epen
159314,2668,Astro-Epen
159315,2744,unassigned
159316,2676,Excitatory_Neuron
159317,2668,Astro-Epen
159318,2666,unassigned
159319,2713,Excitatory_Neuron
159320,2713,Excitatory_Neuron
159321,2713,Excitatory_Neuron
159322,2688,Astro-Epen
159323,2692,Astro-Epen
159324,2745,unassigned
159325,2666,unassigned
159326,2675,Astro-Epen
159327,2675,Astro-Epen
159328,2668,Astro-Epen
159329,2675,Astro-Epen
159330,2668,Astro-Epen
159331,2675,Astro-Epen
159332,2666,unassigned
159333,2740,Immune
159334,2677,Excitatory_Neuron
159335,2677,Excitatory_Neuron
159336,2688,Astro-Epen
159337,2688,Astro-Epen
159338,2692,Astro-Epen
159339,2666,unassigned
159340,2692,Astro-Epen
159341,2692,Astro-Epen
159342,2737,unassigned
159343,2682,Vascular
159344,2682,Vascular
159345,2721,unassigned
159346,2666,unassigned
159347,2666,unassigned
159348,2674,Excitatory_Neuron
159349,2697,Excitatory_Neuron
159350,2666,unassigned
159351,2723,unassigned
159352,2668,Astro-Epen
159353,2677,Excitatory_Neuron
159354,2713,Excitatory_Neuron
159355,2697,Excitatory_Neuron
159356,2671,Excitatory_Neuron
159357,2674,Excitatory_Neuron
159358,2674,Excitatory_Neuron
159359,2668,Astro-Epen
159360,2666,unassigned
159361,2675,Astro-Epen
159362,2666,unassigned
159363,2715,unassigned
159364,2715,unassigned
159365,2746,unassigned
159366,2718,unassigned
159367,2692,Astro-Epen
159368,2695,Immune
159369,2704,unassigned
159370,2706,unassigned
159371,2666,unassigned
159372,2700,Excitatory_Neuron
159373,2697,Excitatory_Neuron
159374,2666,unassigned
159375,2674,Excitatory_Neuron
159376,2675,Astro-Epen
159377,2675,Astro-Epen
159378,2668,Astro-Epen
159379,2666,unassigned
159380,2668,Astro-Epen
159381,2666,unassigned
159382,2666,unassigned
159383,2713,Excitatory_Neuron
159384,2688,Astro-Epen
159385,2692,Astro-Epen
159386,2666,unassigned
159387,2681,Excitatory_Neuron
159388,2681,Excitatory_Neuron
159389,2700,Excitatory_Neuron
159390,2683,Excitatory_Neuron
159391,2697,Excitatory_Neuron
159392,2666,unassigned
159393,2668,Astro-Epen
159394,2677,Excitatory_Neuron
159395,2713,Excitatory_Neuron
159396,2713,Excitatory_Neuron
159397,2709,unassigned
159398,2713,Excitatory_Neuron
159399,2692,Astro-Epen
159400,2693,Astro-Epen
159401,2747,Astro-Epen
159402,2735,Astro-Epen
159403,2694,Astro-Epen
159404,2711,unassigned
159405,2700,Excitatory_Neuron
159406,2728,unassigned
159407,2740,Immune
159408,2677,Excitatory_Neuron
159409,2666,unassigned
159410,2678,Immune
159411,2685,Astro-Epen
159412,2692,Astro-Epen
159413,2692,Astro-Epen
159414,2666,unassigned
159415,2666,unassigned
159416,2681,Excitatory_Neuron
159417,2681,Excitatory_Neuron
159418,2666,unassigned
159419,2666,unassigned
159420,2675,Astro-Epen
159421,2675,Astro-Epen
159422,2666,unassigned
159423,2676,Excitatory_Neuron
159424,2677,Excitatory_Neuron
159425,2677,Excitatory_Neuron
159426,2666,unassigned
159427,2693,Astro-Epen
159428,2694,Astro-Epen
159429,2671,Excitatory_Neuron
159430,2700,Excitatory_Neuron
159431,2723,unassigned
159432,2677,Excitatory_Neuron
159433,2715,unassigned
159434,2677,Excitatory_Neuron
159435,2666,unassigned
159436,2692,Astro-Epen
159437,2692,Astro-Epen
159438,2688,Astro-Epen
159439,2692,Astro-Epen
159440,2692,Astro-Epen
159441,2735,Astro-Epen
159442,2666,unassigned
159443,2687,Excitatory_Neuron
159444,2671,Excitatory_Neuron
159445,2683,Excitatory_Neuron
159446,2675,Astro-Epen
159447,2697,Excitatory_Neuron
159448,2675,Astro-Epen
159449,2668,Astro-Epen
159450,2709,unassigned
159451,2666,unassigned
159452,2666,unassigned
159453,2693,Astro-Epen
159454,2688,Astro-Epen
159455,2688,Astro-Epen
159456,2692,Astro-Epen
159457,2685,Astro-Epen
159458,2688,Astro-Epen
159459,2735,Astro-Epen
159460,2725,Excitatory_Neuron
159461,2681,Excitatory_Neuron
159462,2700,Excitatory_Neuron
159463,2674,Excitatory_Neuron
159464,2666,unassigned
159465,2676,Excitatory_Neuron
159466,2668,Astro-Epen
159467,2666,unassigned
159468,2692,Astro-Epen
159469,2692,Astro-Epen
159470,2735,Astro-Epen
159471,2666,unassigned
159472,2666,unassigned
159473,2748,unassigned
159474,2725,Excitatory_Neuron
159475,2712,Excitatory_Neuron
159476,2683,Excitatory_Neuron
159477,2674,Excitatory_Neuron
159478,2744,unassigned
159479,2740,Immune
159480,2666,unassigned
159481,2713,Excitatory_Neuron
159482,2678,Immune
159483,2692,Astro-Epen
159484,2745,unassigned
159485,2749,Immune
159486,2741,unassigned
159487,2676,Excitatory_Neuron
159488,2668,Astro-Epen
159489,2678,Immune
159490,2709,unassigned
159491,2693,Astro-Epen
159492,2666,unassigned
159493,2749,Immune
159494,2681,Excitatory_Neuron
159495,2682,Vascular
159496,2750,unassigned
159497,2751,unassigned
159498,2666,unassigned
159499,2675,Astro-Epen
159500,2668,Astro-Epen
159501,2713,Excitatory_Neuron
159502,2678,Immune
159503,2694,Astro-Epen
159504,2681,Excitatory_Neuron
159505,2711,unassigned
159506,2683,Excitatory_Neuron
159507,2683,Excitatory_Neuron
159508,2674,Excitatory_Neuron
159509,2677,Excitatory_Neuron
159510,2677,Excitatory_Neuron
159511,2677,Excitatory_Neuron
159512,2677,Excitatory_Neuron
159513,2666,unassigned
159514,2678,Immune
159515,2688,Astro-Epen
159516,2692,Astro-Epen
159517,2692,Astro-Epen
159518,2692,Astro-Epen
159519,2692,Astro-Epen
159520,2685,Astro-Epen
159521,2694,Astro-Epen
159522,2735,Astro-Epen
159523,2749,Immune
159524,2666,unassigned
159525,2712,Excitatory_Neuron
159526,2725,Excitatory_Neuron
159527,2701,Excitatory_Neuron
159528,2674,Excitatory_Neuron
159529,2674,Excitatory_Neuron
159530,2668,Astro-Epen
159531,2723,unassigned
159532,2715,unassigned
159533,2677,Excitatory_Neuron
159534,2688,Astro-Epen
159535,2692,Astro-Epen
159536,2692,Astro-Epen
159537,2737,unassigned
159538,2704,unassigned
159539,2748,unassigned
159540,2681,Excitatory_Neuron
159541,2721,unassigned
159542,2682,Vascular
159543,2666,unassigned
159544,2674,Excitatory_Neuron
159545,2668,Astro-Epen
159546,2723,unassigned
159547,2678,Immune
159548,2688,Astro-Epen
159549,2666,unassigned
159550,2741,unassigned
159551,2696,unassigned
159552,2711,unassigned
159553,2666,unassigned
159554,2674,Excitatory_Neuron
159555,2676,Excitatory_Neuron
159556,2740,Immune
159557,2693,Astro-Epen
159558,2718,unassigned
159559,2685,Astro-Epen
159560,2666,unassigned
159561,2737,unassigned
159562,2666,unassigned
159563,2666,unassigned
159564,2752,unassigned
159565,2666,unassigned
159566,2713,Excitatory_Neuron
159567,2666,unassigned
159568,2678,Immune
159569,2692,Astro-Epen
159570,2692,Astro-Epen
159571,2688,Astro-Epen
159572,2692,Astro-Epen
159573,2692,Astro-Epen
159574,2666,unassigned
159575,2694,Astro-Epen
159576,2711,unassigned
159577,2681,Excitatory_Neuron
159578,2674,Excitatory_Neuron
159579,2683,Excitatory_Neuron
159580,2701,Excitatory_Neuron
159581,2674,Excitatory_Neuron
159582,2668,Astro-Epen
159583,2668,Astro-Epen
159584,2676,Excitatory_Neuron
159585,2723,unassigned
159586,2666,unassigned
159587,2713,Excitatory_Neuron
159588,2688,Astro-Epen
159589,2678,Immune
159590,2678,Immune
159591,2692,Astro-Epen
159592,2692,Astro-Epen
159593,2693,Astro-Epen
159594,2685,Astro-Epen
159595,2688,Astro-Epen
159596,2666,unassigned
159597,2666,unassigned
159598,2694,Astro-Epen
159599,2666,unassigned
159600,2682,Vascular
159601,2674,Excitatory_Neuron
159602,2674,Excitatory_Neuron
159603,2676,Excitatory_Neuron
159604,2692,Astro-Epen
159605,2692,Astro-Epen
159606,2688,Astro-Epen
159607,2735,Astro-Epen
159608,2666,unassigned
159609,2753,Excitatory_Neuron
159610,2671,Excitatory_Neuron
159611,2671,Excitatory_Neuron
159612,2683,Excitatory_Neuron
159613,2697,Excitatory_Neuron
159614,2668,Astro-Epen
159615,2674,Excitatory_Neuron
159616,2692,Astro-Epen
159617,2695,Immune
159618,2694,Astro-Epen
159619,2704,unassigned
159620,2704,unassigned
159621,2704,unassigned
159622,2681,Excitatory_Neuron
159623,2712,Excitatory_Neuron
159624,2683,Excitatory_Neuron
159625,2697,Excitatory_Neuron
159626,2668,Astro-Epen
159627,2666,unassigned
159628,2666,unassigned
159629,2676,Excitatory_Neuron
159630,2676,Excitatory_Neuron
159631,2676,Excitatory_Neuron
159632,2666,unassigned
159633,2678,Immune
159634,2666,unassigned
159635,2721,unassigned
159636,2753,Excitatory_Neuron
159637,2674,Excitatory_Neuron
159638,2715,unassigned
159639,2713,Excitatory_Neuron
159640,2754,unassigned
159641,2692,Astro-Epen
159642,2692,Astro-Epen
159643,2692,Astro-Epen
159644,2692,Astro-Epen
159645,2666,unassigned
159646,2682,Vascular
159647,2666,unassigned
159648,2700,Excitatory_Neuron
159649,2671,Excitatory_Neuron
159650,2666,unassigned
159651,2674,Excitatory_Neuron
159652,2675,Astro-Epen
159653,2666,unassigned
159654,2666,unassigned
159655,2678,Immune
159656,2718,unassigned
159657,2692,Astro-Epen
159658,2666,unassigned
159659,2666,unassigned
159660,2713,Excitatory_Neuron
159661,2715,unassigned
159662,2668,Astro-Epen
159663,2666,unassigned
159664,2666,unassigned
159665,2678,Immune
159666,2666,unassigned
159667,2666,unassigned
159668,2671,Excitatory_Neuron
159669,2671,Excitatory_Neuron
159670,2666,unassigned
159671,2674,Excitatory_Neuron
159672,2713,Excitatory_Neuron
159673,2677,Excitatory_Neuron
159674,2688,Astro-Epen
159675,2688,Astro-Epen
159676,2692,Astro-Epen
159677,2694,Astro-Epen
159678,2737,unassigned
159679,2666,unassigned
159680,2666,unassigned
159681,2681,Excitatory_Neuron
159682,2671,Excitatory_Neuron
159683,2674,Excitatory_Neuron
159684,2697,Excitatory_Neuron
159685,2755,unassigned
159686,2668,Astro-Epen
159687,2715,unassigned
159688,2692,Astro-Epen
159689,2692,Astro-Epen
159690,2688,Astro-Epen
159691,2688,Astro-Epen
159692,2748,unassigned
159693,2756,unassigned
159694,2750,unassigned
159695,2728,unassigned
159696,2697,Excitatory_Neuron
159697,2683,Excitatory_Neuron
159698,2697,Excitatory_Neuron
159699,2676,Excitatory_Neuron
159700,2666,unassigned
159701,2668,Astro-Epen
159702,2676,Excitatory_Neuron
159703,2668,Astro-Epen
159704,2666,unassigned
159705,2754,unassigned
159706,2666,unassigned
159707,2694,Astro-Epen
159708,2666,unassigned
159709,2712,Excitatory_Neuron
159710,2721,unassigned
159711,2753,Excitatory_Neuron
159712,2697,Excitatory_Neuron
159713,2668,Astro-Epen
159714,2676,Excitatory_Neuron
159715,2713,Excitatory_Neuron
159716,2713,Excitatory_Neuron
159717,2678,Immune
159718,2692,Astro-Epen
159719,2688,Astro-Epen
159720,2688,Astro-Epen
159721,2692,Astro-Epen
159722,2735,Astro-Epen
159723,2757,unassigned
159724,2721,unassigned
159725,2666,unassigned
159726,2697,Excitatory_Neuron
159727,2668,Astro-Epen
159728,2740,Immune
159729,2666,unassigned
159730,2709,unassigned
159731,2692,Astro-Epen
159732,2666,unassigned
159733,2745,unassigned
159734,2666,unassigned
159735,2694,Astro-Epen
159736,2696,unassigned
159737,2682,Vascular
159738,2671,Excitatory_Neuron
159739,2697,Excitatory_Neuron
159740,2676,Excitatory_Neuron
159741,2676,Excitatory_Neuron
159742,2668,Astro-Epen
159743,2666,unassigned
159744,2678,Immune
159745,2692,Astro-Epen
159746,2692,Astro-Epen
159747,2666,unassigned
159748,2743,unassigned
159749,2749,Immune
159750,2682,Vascular
159751,2748,unassigned
159752,2712,Excitatory_Neuron
159753,2725,Excitatory_Neuron
159754,2674,Excitatory_Neuron
159755,2668,Astro-Epen
159756,2676,Excitatory_Neuron
159757,2666,unassigned
159758,2713,Excitatory_Neuron
159759,2666,unassigned
159760,2677,Excitatory_Neuron
159761,2754,unassigned
159762,2666,unassigned
159763,2741,unassigned
159764,2666,unassigned
159765,2666,unassigned
159766,2712,Excitatory_Neuron
159767,2697,Excitatory_Neuron
159768,2728,unassigned
159769,2697,Excitatory_Neuron
159770,2676,Excitatory_Neuron
159771,2668,Astro-Epen
159772,2668,Astro-Epen
159773,2668,Astro-Epen
159774,2666,unassigned
159775,2668,Astro-Epen
159776,2676,Excitatory_Neuron
159777,2666,unassigned
159778,2666,unassigned
159779,2677,Excitatory_Neuron
159780,2693,Astro-Epen
159781,2688,Astro-Epen
159782,2694,Astro-Epen
159783,2704,unassigned
159784,2671,Excitatory_Neuron
159785,2668,Astro-Epen
159786,2701,Excitatory_Neuron
159787,2713,Excitatory_Neuron
159788,2713,Excitatory_Neuron
159789,2693,Astro-Epen
159790,2688,Astro-Epen
159791,2688,Astro-Epen
159792,2692,Astro-Epen
159793,2666,unassigned
159794,2666,unassigned
159795,2750,unassigned
159796,2666,unassigned
159797,2711,unassigned
159798,2671,Excitatory_Neuron
159799,2701,Excitatory_Neuron
159800,2676,Excitatory_Neuron
159801,2666,unassigned
159802,2715,unassigned
159803,2738,unassigned
159804,2688,Astro-Epen
159805,2692,Astro-Epen
159806,2704,unassigned
159807,2671,Excitatory_Neuron
159808,2668,Astro-Epen
159809,2676,Excitatory_Neuron
159810,2668,Astro-Epen
159811,2666,unassigned
159812,2666,unassigned
159813,2713,Excitatory_Neuron
159814,2715,unassigned
159815,2688,Astro-Epen
159816,2692,Astro-Epen
159817,2692,Astro-Epen
159818,2745,unassigned
159819,2694,Astro-Epen
159820,2758,unassigned
159821,2666,unassigned
159822,2671,Excitatory_Neuron
159823,2683,Excitatory_Neuron
159824,2713,Excitatory_Neuron
159825,2677,Excitatory_Neuron
159826,2666,unassigned
159827,2666,unassigned
159828,2693,Astro-Epen
159829,2688,Astro-Epen
159830,2666,unassigned
159831,2681,Excitatory_Neuron
159832,2671,Excitatory_Neuron
159833,2666,unassigned
159834,2675,Astro-Epen
159835,2676,Excitatory_Neuron
159836,2668,Astro-Epen
159837,2668,Astro-Epen
159838,2666,unassigned
159839,2666,unassigned
159840,2666,unassigned
159841,2666,unassigned
159842,2678,Immune
159843,2666,unassigned
159844,2754,unassigned
159845,2693,Astro-Epen
159846,2688,Astro-Epen
159847,2666,unassigned
159848,2749,Immune
159849,2759,unassigned
159850,2711,unassigned
159851,2700,Excitatory_Neuron
159852,2711,unassigned
159853,2710,Excitatory_Neuron
159854,2753,Excitatory_Neuron
159855,2671,Excitatory_Neuron
159856,2683,Excitatory_Neuron
159857,2701,Excitatory_Neuron
159858,2674,Excitatory_Neuron
159859,2676,Excitatory_Neuron
159860,2666,unassigned
159861,2666,unassigned
159862,2738,unassigned
159863,2666,unassigned
159864,2666,unassigned
159865,2666,unassigned
159866,2701,Excitatory_Neuron
159867,2760,Excitatory_Neuron
159868,2666,unassigned
159869,2688,Astro-Epen
159870,2688,Astro-Epen
159871,2666,unassigned
159872,2692,Astro-Epen
159873,2692,Astro-Epen
159874,2747,Astro-Epen
159875,2694,Astro-Epen
159876,2694,Astro-Epen
159877,2757,unassigned
159878,2748,unassigned
159879,2725,Excitatory_Neuron
159880,2671,Excitatory_Neuron
159881,2671,Excitatory_Neuron
159882,2697,Excitatory_Neuron
159883,2666,unassigned
159884,2713,Excitatory_Neuron
159885,2754,unassigned
159886,2693,Astro-Epen
159887,2692,Astro-Epen
159888,2688,Astro-Epen
159889,2741,unassigned
159890,2666,unassigned
159891,2682,Vascular
159892,2712,Excitatory_Neuron
159893,2711,unassigned
159894,2681,Excitatory_Neuron
159895,2701,Excitatory_Neuron
159896,2666,unassigned
159897,2671,Excitatory_Neuron
159898,2701,Excitatory_Neuron
159899,2701,Excitatory_Neuron
159900,2666,unassigned
159901,2713,Excitatory_Neuron
159902,2692,Astro-Epen
159903,2692,Astro-Epen
159904,2712,Excitatory_Neuron
159905,2697,Excitatory_Neuron
159906,2674,Excitatory_Neuron
159907,2668,Astro-Epen
159908,2715,unassigned
159909,2688,Astro-Epen
159910,2688,Astro-Epen
159911,2735,Astro-Epen
159912,2666,unassigned
159913,2694,Astro-Epen
159914,2671,Excitatory_Neuron
159915,2666,unassigned
159916,2666,unassigned
159917,2692,Astro-Epen
159918,2692,Astro-Epen
159919,2688,Astro-Epen
159920,2735,Astro-Epen
159921,2666,unassigned
159922,2682,Vascular
159923,2687,Excitatory_Neuron
159924,2753,Excitatory_Neuron
159925,2671,Excitatory_Neuron
159926,2701,Excitatory_Neuron
159927,2715,unassigned
159928,2692,Astro-Epen
159929,2692,Astro-Epen
159930,2688,Astro-Epen
159931,2735,Astro-Epen
159932,2666,unassigned
159933,2681,Excitatory_Neuron
159934,2697,Excitatory_Neuron
159935,2668,Astro-Epen
159936,2666,unassigned
159937,2713,Excitatory_Neuron
159938,2713,Excitatory_Neuron
159939,2678,Immune
159940,2685,Astro-Epen
159941,2747,Astro-Epen
159942,2694,Astro-Epen
159943,2737,unassigned
159944,2725,Excitatory_Neuron
159945,2671,Excitatory_Neuron
159946,2668,Astro-Epen
159947,2668,Astro-Epen
159948,2675,Astro-Epen
159949,2666,unassigned
159950,2666,unassigned
159951,2666,unassigned
159952,2677,Excitatory_Neuron
159953,2666,unassigned
159954,2666,unassigned
159955,2754,unassigned
159956,2666,unassigned
159957,2666,unassigned
159958,2688,Astro-Epen
159959,2749,Immune
159960,2749,Immune
159961,2749,Immune
159962,2748,unassigned
159963,2712,Excitatory_Neuron
159964,2683,Excitatory_Neuron
159965,2668,Astro-Epen
159966,2668,Astro-Epen
159967,2709,unassigned
159968,2688,Astro-Epen
159969,2694,Astro-Epen
159970,2666,unassigned
159971,2704,unassigned
159972,2682,Vascular
159973,2725,Excitatory_Neuron
159974,2701,Excitatory_Neuron
159975,2701,Excitatory_Neuron
159976,2666,unassigned
159977,2666,unassigned
159978,2713,Excitatory_Neuron
159979,2677,Excitatory_Neuron
159980,2666,unassigned
159981,2677,Excitatory_Neuron
159982,2666,unassigned
159983,2713,Excitatory_Neuron
159984,2678,Immune
159985,2666,unassigned
159986,2688,Astro-Epen
159987,2688,Astro-Epen
159988,2692,Astro-Epen
159989,2666,unassigned
159990,2759,unassigned
159991,2700,Excitatory_Neuron
159992,2682,Vascular
159993,2666,unassigned
159994,2674,Excitatory_Neuron
159995,2675,Astro-Epen
159996,2675,Astro-Epen
159997,2666,unassigned
159998,2666,unassigned
159999,2713,Excitatory_Neuron
160000,2677,Excitatory_Neuron
160001,2692,Astro-Epen
160002,2747,Astro-Epen
160003,2692,Astro-Epen
160004,2666,unassigned
160005,2745,unassigned
160006,2685,Astro-Epen
160007,2745,unassigned
160008,2737,unassigned
160009,2694,Astro-Epen
160010,2671,Excitatory_Neuron
160011,2674,Excitatory_Neuron
160012,2675,Astro-Epen
160013,2675,Astro-Epen
160014,2666,unassigned
160015,2677,Excitatory_Neuron
160016,2745,unassigned
160017,2666,unassigned
160018,2749,Immune
160019,2681,Excitatory_Neuron
160020,2701,Excitatory_Neuron
160021,2701,Excitatory_Neuron
160022,2666,unassigned
160023,2676,Excitatory_Neuron
160024,2675,Astro-Epen
160025,2713,Excitatory_Neuron
160026,2715,unassigned
160027,2678,Immune
160028,2685,Astro-Epen
160029,2692,Astro-Epen
160030,2721,unassigned
160031,2725,Excitatory_Neuron
160032,2671,Excitatory_Neuron
160033,2666,unassigned
160034,2683,Excitatory_Neuron
160035,2674,Excitatory_Neuron
160036,2666,unassigned
160037,2666,unassigned
160038,2740,Immune
160039,2713,Excitatory_Neuron
160040,2692,Astro-Epen
160041,2666,unassigned
160042,2737,unassigned
160043,2666,unassigned
160044,2749,Immune
160045,2666,unassigned
160046,2682,Vascular
160047,2701,Excitatory_Neuron
160048,2675,Astro-Epen
160049,2668,Astro-Epen
160050,2676,Excitatory_Neuron
160051,2676,Excitatory_Neuron
160052,2713,Excitatory_Neuron
160053,2740,Immune
160054,2666,unassigned
160055,2666,unassigned
160056,2685,Astro-Epen
160057,2683,Excitatory_Neuron
160058,2668,Astro-Epen
160059,2668,Astro-Epen
160060,2675,Astro-Epen
160061,2666,unassigned
160062,2692,Astro-Epen
160063,2685,Astro-Epen
160064,2666,unassigned
160065,2666,unassigned
160066,2666,unassigned
160067,2759,unassigned
160068,2712,Excitatory_Neuron
160069,2712,Excitatory_Neuron
160070,2700,Excitatory_Neuron
160071,2668,Astro-Epen
160072,2674,Excitatory_Neuron
160073,2761,unassigned
160074,2668,Astro-Epen
160075,2676,Excitatory_Neuron
160076,2668,Astro-Epen
160077,2676,Excitatory_Neuron
160078,2677,Excitatory_Neuron
160079,2688,Astro-Epen
160080,2692,Astro-Epen
160081,2666,unassigned
160082,2759,unassigned
160083,2682,Vascular
160084,2710,Excitatory_Neuron
160085,2712,Excitatory_Neuron
160086,2666,unassigned
160087,2723,unassigned
160088,2666,unassigned
160089,2666,unassigned
160090,2754,unassigned
160091,2754,unassigned
160092,2688,Astro-Epen
160093,2695,Immune
160094,2695,Immune
160095,2749,Immune
160096,2737,unassigned
160097,2666,unassigned
160098,2725,Excitatory_Neuron
160099,2753,Excitatory_Neuron
160100,2697,Excitatory_Neuron
160101,2683,Excitatory_Neuron
160102,2675,Astro-Epen
160103,2666,unassigned
160104,2709,unassigned
160105,2678,Immune
160106,2666,unassigned
160107,2692,Astro-Epen
160108,2747,Astro-Epen
160109,2749,Immune
160110,2721,unassigned
160111,2753,Excitatory_Neuron
160112,2725,Excitatory_Neuron
160113,2676,Excitatory_Neuron
160114,2668,Astro-Epen
160115,2668,Astro-Epen
160116,2666,unassigned
160117,2713,Excitatory_Neuron
160118,2713,Excitatory_Neuron
160119,2666,unassigned
160120,2762,unassigned
160121,2735,Astro-Epen
160122,2741,unassigned
160123,2748,unassigned
160124,2666,unassigned
160125,2668,Astro-Epen
160126,2675,Astro-Epen
160127,2666,unassigned
160128,2666,unassigned
160129,2666,unassigned
160130,2747,Astro-Epen
160131,2735,Astro-Epen
160132,2749,Immune
160133,2753,Excitatory_Neuron
160134,2753,Excitatory_Neuron
160135,2753,Excitatory_Neuron
160136,2671,Excitatory_Neuron
160137,2668,Astro-Epen
160138,2760,Excitatory_Neuron
160139,2666,unassigned
160140,2666,unassigned
160141,2709,unassigned
160142,2678,Immune
160143,2688,Astro-Epen
160144,2695,Immune
160145,2666,unassigned
160146,2721,unassigned
160147,2721,unassigned
160148,2712,Excitatory_Neuron
160149,2712,Excitatory_Neuron
160150,2668,Astro-Epen
160151,2666,unassigned
160152,2666,unassigned
160153,2666,unassigned
160154,2713,Excitatory_Neuron
160155,2692,Astro-Epen
160156,2692,Astro-Epen
160157,2666,unassigned
160158,2743,unassigned
160159,2676,Excitatory_Neuron
160160,2678,Immune
160161,2692,Astro-Epen
160162,2688,Astro-Epen
160163,2666,unassigned
160164,2692,Astro-Epen
160165,2735,Astro-Epen
160166,2737,unassigned
160167,2759,unassigned
160168,2674,Excitatory_Neuron
160169,2675,Astro-Epen
160170,2675,Astro-Epen
160171,2678,Immune
160172,2747,Astro-Epen
160173,2747,Astro-Epen
160174,2747,Astro-Epen
160175,2666,unassigned
160176,2666,unassigned
160177,2749,Immune
160178,2749,Immune
160179,2743,unassigned
160180,2721,unassigned
160181,2701,Excitatory_Neuron
160182,2671,Excitatory_Neuron
160183,2712,Excitatory_Neuron
160184,2668,Astro-Epen
160185,2675,Astro-Epen
160186,2668,Astro-Epen
160187,2675,Astro-Epen
160188,2668,Astro-Epen
160189,2668,Astro-Epen
160190,2666,unassigned
160191,2677,Excitatory_Neuron
160192,2692,Astro-Epen
160193,2688,Astro-Epen
160194,2737,unassigned
160195,2682,Vascular
160196,2721,unassigned
160197,2683,Excitatory_Neuron
160198,2676,Excitatory_Neuron
160199,2668,Astro-Epen
160200,2666,unassigned
160201,2692,Astro-Epen
160202,2749,Immune
160203,2694,Astro-Epen
160204,2759,unassigned
160205,2694,Astro-Epen
160206,2741,unassigned
160207,2666,unassigned
160208,2721,unassigned
160209,2712,Excitatory_Neuron
160210,2725,Excitatory_Neuron
160211,2675,Astro-Epen
160212,2763,unassigned
160213,2692,Astro-Epen
160214,2688,Astro-Epen
160215,2695,Immune
160216,2666,unassigned
160217,2749,Immune
160218,2687,Excitatory_Neuron
160219,2682,Vascular
160220,2668,Astro-Epen
160221,2713,Excitatory_Neuron
160222,2754,unassigned
160223,2666,unassigned
160224,2749,Immune
160225,2712,Excitatory_Neuron
160226,2675,Astro-Epen
160227,2693,Astro-Epen
160228,2692,Astro-Epen
160229,2692,Astro-Epen
160230,2747,Astro-Epen
160231,2762,unassigned
160232,2735,Astro-Epen
160233,2721,unassigned
160234,2681,Excitatory_Neuron
160235,2721,unassigned
160236,2753,Excitatory_Neuron
160237,2671,Excitatory_Neuron
160238,2671,Excitatory_Neuron
160239,2674,Excitatory_Neuron
160240,2675,Astro-Epen
160241,2668,Astro-Epen
160242,2674,Excitatory_Neuron
160243,2676,Excitatory_Neuron
160244,2676,Excitatory_Neuron
160245,2740,Immune
160246,2678,Immune
160247,2745,unassigned
160248,2666,unassigned
160249,2694,Astro-Epen
160250,2694,Astro-Epen
160251,2681,Excitatory_Neuron
160252,2674,Excitatory_Neuron
160253,2675,Astro-Epen
160254,2675,Astro-Epen
160255,2676,Excitatory_Neuron
160256,2666,unassigned
160257,2678,Immune
160258,2747,Astro-Epen
160259,2692,Astro-Epen
160260,2737,unassigned
160261,2749,Immune
160262,2701,Excitatory_Neuron
160263,2701,Excitatory_Neuron
160264,2666,unassigned
160265,2713,Excitatory_Neuron
160266,2688,Astro-Epen
160267,2749,Immune
160268,2682,Vascular
160269,2700,Excitatory_Neuron
160270,2697,Excitatory_Neuron
160271,2671,Excitatory_Neuron
160272,2666,unassigned
160273,2675,Astro-Epen
160274,2676,Excitatory_Neuron
160275,2713,Excitatory_Neuron
160276,2678,Immune
160277,2693,Astro-Epen
160278,2692,Astro-Epen
160279,2678,Immune
160280,2762,unassigned
160281,2666,unassigned
160282,2753,Excitatory_Neuron
160283,2713,Excitatory_Neuron
160284,2666,unassigned
160285,2754,unassigned
160286,2692,Astro-Epen
160287,2666,unassigned
160288,2749,Immune
160289,2712,Excitatory_Neuron
160290,2764,unassigned
160291,2676,Excitatory_Neuron
160292,2677,Excitatory_Neuron
160293,2666,unassigned
160294,2754,unassigned
160295,2692,Astro-Epen
160296,2688,Astro-Epen
160297,2695,Immune
160298,2747,Astro-Epen
160299,2735,Astro-Epen
160300,2749,Immune
160301,2749,Immune
160302,2743,unassigned
160303,2721,unassigned
160304,2675,Astro-Epen
160305,2675,Astro-Epen
160306,2666,unassigned
160307,2666,unassigned
160308,2754,unassigned
160309,2678,Immune
160310,2688,Astro-Epen
160311,2749,Immune
160312,2694,Astro-Epen
160313,2759,unassigned
160314,2682,Vascular
160315,2671,Excitatory_Neuron
160316,2674,Excitatory_Neuron
160317,2675,Astro-Epen
160318,2666,unassigned
160319,2765,unassigned
160320,2668,Astro-Epen
160321,2666,unassigned
160322,2666,unassigned
160323,2666,unassigned
160324,2666,unassigned
160325,2713,Excitatory_Neuron
160326,2677,Excitatory_Neuron
160327,2666,unassigned
160328,2666,unassigned
160329,2666,unassigned
160330,2762,unassigned
160331,2666,unassigned
160332,2681,Excitatory_Neuron
160333,2666,unassigned
160334,2682,Vascular
160335,2710,Excitatory_Neuron
160336,2666,unassigned
160337,2675,Astro-Epen
160338,2701,Excitatory_Neuron
160339,2668,Astro-Epen
160340,2676,Excitatory_Neuron
160341,2666,unassigned
160342,2677,Excitatory_Neuron
160343,2692,Astro-Epen
160344,2692,Astro-Epen
160345,2735,Astro-Epen
160346,2753,Excitatory_Neuron
160347,2681,Excitatory_Neuron
160348,2725,Excitatory_Neuron
160349,2675,Astro-Epen
160350,2675,Astro-Epen
160351,2666,unassigned
160352,2677,Excitatory_Neuron
160353,2709,unassigned
160354,2678,Immune
160355,2693,Astro-Epen
160356,2688,Astro-Epen
160357,2747,Astro-Epen
160358,2692,Astro-Epen
160359,2692,Astro-Epen
160360,2747,Astro-Epen
160361,2694,Astro-Epen
160362,2682,Vascular
160363,2682,Vascular
160364,2666,unassigned
160365,2725,Excitatory_Neuron
160366,2725,Excitatory_Neuron
160367,2675,Astro-Epen
160368,2666,unassigned
160369,2666,unassigned
160370,2666,unassigned
160371,2754,unassigned
160372,2766,unassigned
160373,2693,Astro-Epen
160374,2666,unassigned
160375,2688,Astro-Epen
160376,2688,Astro-Epen
160377,2767,unassigned
160378,2745,unassigned
160379,2712,Excitatory_Neuron
160380,2710,Excitatory_Neuron
160381,2712,Excitatory_Neuron
160382,2674,Excitatory_Neuron
160383,2674,Excitatory_Neuron
160384,2675,Astro-Epen
160385,2668,Astro-Epen
160386,2715,unassigned
160387,2692,Astro-Epen
160388,2747,Astro-Epen
160389,2747,Astro-Epen
160390,2745,unassigned
160391,2666,unassigned
160392,2721,unassigned
160393,2674,Excitatory_Neuron
160394,2666,unassigned
160395,2674,Excitatory_Neuron
160396,2715,unassigned
160397,2666,unassigned
160398,2666,unassigned
160399,2688,Astro-Epen
160400,2678,Immune
160401,2747,Astro-Epen
160402,2695,Immune
160403,2695,Immune
160404,2694,Astro-Epen
160405,2749,Immune
160406,2668,Astro-Epen
160407,2677,Excitatory_Neuron
160408,2666,unassigned
160409,2768,unassigned
160410,2688,Astro-Epen
160411,2745,unassigned
160412,2735,Astro-Epen
160413,2666,unassigned
160414,2666,unassigned
160415,2749,Immune
160416,2743,unassigned
160417,2712,Excitatory_Neuron
160418,2674,Excitatory_Neuron
160419,2674,Excitatory_Neuron
160420,2668,Astro-Epen
160421,2674,Excitatory_Neuron
160422,2676,Excitatory_Neuron
160423,2666,unassigned
160424,2754,unassigned
160425,2692,Astro-Epen
160426,2666,unassigned
160427,2741,unassigned
160428,2725,Excitatory_Neuron
160429,2712,Excitatory_Neuron
160430,2721,unassigned
160431,2666,unassigned
160432,2666,unassigned
160433,2753,Excitatory_Neuron
160434,2675,Astro-Epen
160435,2713,Excitatory_Neuron
160436,2709,unassigned
160437,2692,Astro-Epen
160438,2694,Astro-Epen
160439,2749,Immune
160440,2759,unassigned
160441,2759,unassigned
160442,2681,Excitatory_Neuron
160443,2721,unassigned
160444,2675,Astro-Epen
160445,2666,unassigned
160446,2668,Astro-Epen
160447,2676,Excitatory_Neuron
160448,2666,unassigned
160449,2666,unassigned
160450,2754,unassigned
160451,2747,Astro-Epen
160452,2694,Astro-Epen
160453,2675,Astro-Epen
160454,2676,Excitatory_Neuron
160455,2715,unassigned
160456,2688,Astro-Epen
160457,2692,Astro-Epen
160458,2735,Astro-Epen
160459,2743,unassigned
160460,2687,Excitatory_Neuron
160461,2671,Excitatory_Neuron
160462,2710,Excitatory_Neuron
160463,2700,Excitatory_Neuron
160464,2675,Astro-Epen
160465,2666,unassigned
160466,2666,unassigned
160467,2762,unassigned
160468,2748,unassigned
160469,2753,Excitatory_Neuron
160470,2701,Excitatory_Neuron
160471,2675,Astro-Epen
160472,2675,Astro-Epen
160473,2676,Excitatory_Neuron
160474,2676,Excitatory_Neuron
160475,2666,unassigned
160476,2677,Excitatory_Neuron
160477,2713,Excitatory_Neuron
160478,2677,Excitatory_Neuron
160479,2754,unassigned
160480,2666,unassigned
160481,2666,unassigned
160482,2692,Astro-Epen
160483,2692,Astro-Epen
160484,2666,unassigned
160485,2769,unassigned
160486,2666,unassigned
160487,2681,Excitatory_Neuron
160488,2725,Excitatory_Neuron
160489,2725,Excitatory_Neuron
160490,2671,Excitatory_Neuron
160491,2725,Excitatory_Neuron
160492,2666,unassigned
160493,2675,Astro-Epen
160494,2677,Excitatory_Neuron
160495,2666,unassigned
160496,2666,unassigned
160497,2692,Astro-Epen
160498,2749,Immune
160499,2681,Excitatory_Neuron
160500,2725,Excitatory_Neuron
160501,2671,Excitatory_Neuron
160502,2761,unassigned
160503,2701,Excitatory_Neuron
160504,2666,unassigned
160505,2668,Astro-Epen
160506,2677,Excitatory_Neuron
160507,2678,Immune
160508,2692,Astro-Epen
160509,2688,Astro-Epen
160510,2749,Immune
160511,2666,unassigned
160512,2666,unassigned
160513,2666,unassigned
160514,2666,unassigned
160515,2666,unassigned
160516,2678,Immune
160517,2747,Astro-Epen
160518,2735,Astro-Epen
160519,2666,unassigned
160520,2748,unassigned
160521,2712,Excitatory_Neuron
160522,2753,Excitatory_Neuron
160523,2753,Excitatory_Neuron
160524,2674,Excitatory_Neuron
160525,2676,Excitatory_Neuron
160526,2676,Excitatory_Neuron
160527,2754,unassigned
160528,2749,Immune
160529,2749,Immune
160530,2687,Excitatory_Neuron
160531,2725,Excitatory_Neuron
160532,2770,unassigned
160533,2671,Excitatory_Neuron
160534,2666,unassigned
160535,2671,Excitatory_Neuron
160536,2675,Astro-Epen
160537,2713,Excitatory_Neuron
160538,2666,unassigned
160539,2666,unassigned
160540,2678,Immune
160541,2678,Immune
160542,2754,unassigned
160543,2766,unassigned
160544,2688,Astro-Epen
160545,2771,unassigned
160546,2666,unassigned
160547,2753,Excitatory_Neuron
160548,2697,Excitatory_Neuron
160549,2753,Excitatory_Neuron
160550,2675,Astro-Epen
160551,2701,Excitatory_Neuron
160552,2676,Excitatory_Neuron
160553,2768,unassigned
160554,2688,Astro-Epen
160555,2747,Astro-Epen
160556,2666,unassigned
160557,2681,Excitatory_Neuron
160558,2701,Excitatory_Neuron
160559,2753,Excitatory_Neuron
160560,2668,Astro-Epen
160561,2674,Excitatory_Neuron
160562,2666,unassigned
160563,2666,unassigned
160564,2666,unassigned
160565,2713,Excitatory_Neuron
160566,2754,unassigned
160567,2692,Astro-Epen
160568,2749,Immune
160569,2666,unassigned
160570,2758,unassigned
160571,2758,unassigned
160572,2681,Excitatory_Neuron
160573,2671,Excitatory_Neuron
160574,2675,Astro-Epen
160575,2668,Astro-Epen
160576,2701,Excitatory_Neuron
160577,2692,Astro-Epen
160578,2692,Astro-Epen
160579,2747,Astro-Epen
160580,2666,unassigned
160581,2749,Immune
160582,2749,Immune
160583,2749,Immune
160584,2666,unassigned
160585,2700,Excitatory_Neuron
160586,2753,Excitatory_Neuron
160587,2674,Excitatory_Neuron
160588,2668,Astro-Epen
160589,2668,Astro-Epen
160590,2666,unassigned
160591,2754,unassigned
160592,2678,Immune
160593,2688,Astro-Epen
160594,2735,Astro-Epen
160595,2694,Astro-Epen
160596,2700,Excitatory_Neuron
160597,2753,Excitatory_Neuron
160598,2700,Excitatory_Neuron
160599,2668,Astro-Epen
160600,2668,Astro-Epen
160601,2713,Excitatory_Neuron
160602,2666,unassigned
160603,2678,Immune
160604,2666,unassigned
160605,2749,Immune
160606,2749,Immune
160607,2682,Vascular
160608,2725,Excitatory_Neuron
160609,2666,unassigned
160610,2753,Excitatory_Neuron
160611,2674,Excitatory_Neuron
160612,2678,Immune
160613,2688,Astro-Epen
160614,2687,Excitatory_Neuron
160615,2666,unassigned
160616,2712,Excitatory_Neuron
160617,2764,unassigned
160618,2725,Excitatory_Neuron
160619,2671,Excitatory_Neuron
160620,2666,unassigned
160621,2675,Astro-Epen
160622,2675,Astro-Epen
160623,2675,Astro-Epen
160624,2668,Astro-Epen
160625,2675,Astro-Epen
160626,2666,unassigned
160627,2666,unassigned
160628,2678,Immune
160629,2666,unassigned
160630,2692,Astro-Epen
160631,2692,Astro-Epen
160632,2688,Astro-Epen
160633,2692,Astro-Epen
160634,2688,Astro-Epen
160635,2692,Astro-Epen
160636,2692,Astro-Epen
160637,2692,Astro-Epen
160638,2666,unassigned
160639,2749,Immune
160640,2749,Immune
160641,2682,Vascular
160642,2700,Excitatory_Neuron
160643,2666,unassigned
160644,2725,Excitatory_Neuron
160645,2701,Excitatory_Neuron
160646,2674,Excitatory_Neuron
160647,2668,Astro-Epen
160648,2668,Astro-Epen
160649,2688,Astro-Epen
160650,2747,Astro-Epen
160651,2735,Astro-Epen
160652,2694,Astro-Epen
160653,2749,Immune
160654,2666,unassigned
160655,2666,unassigned
160656,2753,Excitatory_Neuron
160657,2725,Excitatory_Neuron
160658,2770,unassigned
160659,2671,Excitatory_Neuron
160660,2668,Astro-Epen
160661,2668,Astro-Epen
160662,2666,unassigned
160663,2715,unassigned
160664,2713,Excitatory_Neuron
160665,2772,unassigned
160666,2749,Immune
160667,2743,unassigned
160668,2682,Vascular
160669,2687,Excitatory_Neuron
160670,2666,unassigned
160671,2773,unassigned
160672,2668,Astro-Epen
160673,2675,Astro-Epen
160674,2692,Astro-Epen
160675,2735,Astro-Epen
160676,2666,unassigned
160677,2735,Astro-Epen
160678,2682,Vascular
160679,2712,Excitatory_Neuron
160680,2701,Excitatory_Neuron
160681,2712,Excitatory_Neuron
160682,2666,unassigned
160683,2675,Astro-Epen
160684,2675,Astro-Epen
160685,2666,unassigned
160686,2676,Excitatory_Neuron
160687,2666,unassigned
160688,2713,Excitatory_Neuron
160689,2666,unassigned
160690,2725,Excitatory_Neuron
160691,2753,Excitatory_Neuron
160692,2671,Excitatory_Neuron
160693,2713,Excitatory_Neuron
160694,2754,unassigned
160695,2688,Astro-Epen
160696,2692,Astro-Epen
160697,2692,Astro-Epen
160698,2674,Excitatory_Neuron
160699,2701,Excitatory_Neuron
160700,2675,Astro-Epen
160701,2773,unassigned
160702,2666,unassigned
160703,2677,Excitatory_Neuron
160704,2666,unassigned
160705,2692,Astro-Epen
160706,2749,Immune
160707,2687,Excitatory_Neuron
160708,2712,Excitatory_Neuron
160709,2674,Excitatory_Neuron
160710,2675,Astro-Epen
160711,2701,Excitatory_Neuron
160712,2761,unassigned
160713,2668,Astro-Epen
160714,2676,Excitatory_Neuron
160715,2715,unassigned
160716,2666,unassigned
160717,2713,Excitatory_Neuron
160718,2678,Immune
160719,2692,Astro-Epen
160720,2692,Astro-Epen
160721,2735,Astro-Epen
160722,2743,unassigned
160723,2700,Excitatory_Neuron
160724,2701,Excitatory_Neuron
160725,2712,Excitatory_Neuron
160726,2674,Excitatory_Neuron
160727,2674,Excitatory_Neuron
160728,2666,unassigned
160729,2666,unassigned
160730,2666,unassigned
160731,2666,unassigned
160732,2678,Immune
160733,2692,Astro-Epen
160734,2692,Astro-Epen
160735,2772,unassigned
160736,2749,Immune
160737,2749,Immune
160738,2666,unassigned
160739,2682,Vascular
160740,2712,Excitatory_Neuron
160741,2671,Excitatory_Neuron
160742,2701,Excitatory_Neuron
160743,2770,unassigned
160744,2668,Astro-Epen
160745,2674,Excitatory_Neuron
160746,2713,Excitatory_Neuron
160747,2666,unassigned
160748,2666,unassigned
160749,2754,unassigned
160750,2692,Astro-Epen
160751,2692,Astro-Epen
160752,2767,unassigned
160753,2666,unassigned
160754,2674,Excitatory_Neuron
160755,2701,Excitatory_Neuron
160756,2668,Astro-Epen
160757,2676,Excitatory_Neuron
160758,2666,unassigned
160759,2666,unassigned
160760,2754,unassigned
160761,2692,Astro-Epen
160762,2747,Astro-Epen
160763,2747,Astro-Epen
160764,2735,Astro-Epen
160765,2749,Immune
160766,2749,Immune
160767,2749,Immune
160768,2753,Excitatory_Neuron
160769,2712,Excitatory_Neuron
160770,2712,Excitatory_Neuron
160771,2701,Excitatory_Neuron
160772,2676,Excitatory_Neuron
160773,2677,Excitatory_Neuron
160774,2666,unassigned
160775,2666,unassigned
160776,2713,Excitatory_Neuron
160777,2666,unassigned
160778,2692,Astro-Epen
160779,2692,Astro-Epen
160780,2688,Astro-Epen
160781,2666,unassigned
160782,2694,Astro-Epen
160783,2712,Excitatory_Neuron
160784,2753,Excitatory_Neuron
160785,2668,Astro-Epen
160786,2668,Astro-Epen
160787,2678,Immune
160788,2692,Astro-Epen
160789,2692,Astro-Epen
160790,2747,Astro-Epen
160791,2712,Excitatory_Neuron
160792,2666,unassigned
160793,2713,Excitatory_Neuron
160794,2766,unassigned
160795,2692,Astro-Epen
160796,2692,Astro-Epen
160797,2747,Astro-Epen
160798,2692,Astro-Epen
160799,2666,unassigned
160800,2671,Excitatory_Neuron
160801,2701,Excitatory_Neuron
160802,2701,Excitatory_Neuron
160803,2668,Astro-Epen
160804,2666,unassigned
160805,2676,Excitatory_Neuron
160806,2666,unassigned
160807,2754,unassigned
160808,2766,unassigned
160809,2692,Astro-Epen
160810,2747,Astro-Epen
160811,2749,Immune
160812,2749,Immune
160813,2749,Immune
160814,2687,Excitatory_Neuron
160815,2712,Excitatory_Neuron
160816,2666,unassigned
160817,2666,unassigned
160818,2677,Excitatory_Neuron
160819,2692,Astro-Epen
160820,2692,Astro-Epen
160821,2747,Astro-Epen
160822,2735,Astro-Epen
160823,2666,unassigned
160824,2666,unassigned
160825,2701,Excitatory_Neuron
160826,2668,Astro-Epen
160827,2676,Excitatory_Neuron
160828,2666,unassigned
160829,2692,Astro-Epen
160830,2774,unassigned
160831,2768,unassigned
160832,2758,unassigned
160833,2761,unassigned
160834,2666,unassigned
160835,2668,Astro-Epen
160836,2677,Excitatory_Neuron
160837,2713,Excitatory_Neuron
160838,2747,Astro-Epen
160839,2747,Astro-Epen
160840,2747,Astro-Epen
160841,2692,Astro-Epen
160842,2692,Astro-Epen
160843,2666,unassigned
160844,2694,Astro-Epen
160845,2770,unassigned
160846,2674,Excitatory_Neuron
160847,2668,Astro-Epen
160848,2668,Astro-Epen
160849,2747,Astro-Epen
160850,2747,Astro-Epen
160851,2687,Excitatory_Neuron
160852,2666,unassigned
160853,2681,Excitatory_Neuron
160854,2666,unassigned
160855,2692,Astro-Epen
160856,2692,Astro-Epen
160857,2692,Astro-Epen
160858,2666,unassigned
160859,2749,Immune
160860,2749,Immune
160861,2687,Excitatory_Neuron
160862,2712,Excitatory_Neuron
160863,2753,Excitatory_Neuron
160864,2712,Excitatory_Neuron
160865,2674,Excitatory_Neuron
160866,2675,Astro-Epen
160867,2700,Excitatory_Neuron
160868,2666,unassigned
160869,2666,unassigned
160870,2666,unassigned
160871,2713,Excitatory_Neuron
160872,2692,Astro-Epen
160873,2749,Immune
160874,2749,Immune
160875,2758,unassigned
160876,2721,unassigned
160877,2692,Astro-Epen
160878,2688,Astro-Epen
160879,2666,unassigned
160880,2666,unassigned
160881,2749,Immune
160882,2666,unassigned
160883,2753,Excitatory_Neuron
160884,2770,unassigned
160885,2668,Astro-Epen
160886,2701,Excitatory_Neuron
160887,2677,Excitatory_Neuron
160888,2666,unassigned
160889,2666,unassigned
160890,2666,unassigned
160891,2692,Astro-Epen
160892,2694,Astro-Epen
160893,2749,Immune
160894,2749,Immune
160895,2687,Excitatory_Neuron
160896,2753,Excitatory_Neuron
160897,2666,unassigned
160898,2666,unassigned
160899,2666,unassigned
160900,2668,Astro-Epen
160901,2666,unassigned
160902,2766,unassigned
160903,2692,Astro-Epen
160904,2666,unassigned
160905,2666,unassigned
160906,2749,Immune
160907,2687,Excitatory_Neuron
160908,2753,Excitatory_Neuron
160909,2725,Excitatory_Neuron
160910,2761,unassigned
160911,2668,Astro-Epen
160912,2666,unassigned
160913,2713,Excitatory_Neuron
160914,2713,Excitatory_Neuron
160915,2677,Excitatory_Neuron
160916,2713,Excitatory_Neuron
160917,2766,unassigned
160918,2692,Astro-Epen
160919,2692,Astro-Epen
160920,2692,Astro-Epen
160921,2694,Astro-Epen
160922,2687,Excitatory_Neuron
160923,2674,Excitatory_Neuron
160924,2713,Excitatory_Neuron
160925,2666,unassigned
160926,2666,unassigned
160927,2666,unassigned
160928,2692,Astro-Epen
160929,2692,Astro-Epen
160930,2749,Immune
160931,2666,unassigned
160932,2712,Excitatory_Neuron
160933,2668,Astro-Epen
160934,2668,Astro-Epen
160935,2713,Excitatory_Neuron
160936,2754,unassigned
160937,2766,unassigned
160938,2692,Astro-Epen
160939,2692,Astro-Epen
160940,2692,Astro-Epen
160941,2694,Astro-Epen
160942,2666,unassigned
160943,2700,Excitatory_Neuron
160944,2668,Astro-Epen
160945,2668,Astro-Epen
160946,2666,unassigned
160947,2666,unassigned
160948,2712,Excitatory_Neuron
160949,2681,Excitatory_Neuron
160950,2700,Excitatory_Neuron
160951,2753,Excitatory_Neuron
160952,2761,unassigned
160953,2666,unassigned
160954,2713,Excitatory_Neuron
160955,2666,unassigned
160956,2666,unassigned
160957,2694,Astro-Epen
160958,2694,Astro-Epen
160959,2681,Excitatory_Neuron
160960,2666,unassigned
160961,2712,Excitatory_Neuron
160962,2676,Excitatory_Neuron
160963,2676,Excitatory_Neuron
160964,2713,Excitatory_Neuron
160965,2666,unassigned
160966,2666,unassigned
160967,2666,unassigned
160968,2678,Immune
160969,2692,Astro-Epen
160970,2747,Astro-Epen
160971,2666,unassigned
160972,2666,unassigned
160973,2753,Excitatory_Neuron
160974,2753,Excitatory_Neuron
160975,2674,Excitatory_Neuron
160976,2668,Astro-Epen
160977,2666,unassigned
160978,2666,unassigned
160979,2692,Astro-Epen
160980,2692,Astro-Epen
160981,2735,Astro-Epen
160982,2749,Immune
160983,2725,Excitatory_Neuron
160984,2671,Excitatory_Neuron
160985,2668,Astro-Epen
160986,2666,unassigned
160987,2668,Astro-Epen
160988,2676,Excitatory_Neuron
160989,2666,unassigned
160990,2666,unassigned
160991,2666,unassigned
160992,2678,Immune
160993,2768,unassigned
160994,2692,Astro-Epen
160995,2749,Immune
160996,2725,Excitatory_Neuron
160997,2674,Excitatory_Neuron
160998,2668,Astro-Epen
160999,2666,unassigned
161000,2666,unassigned
161001,2775,unassigned
161002,2735,Astro-Epen
161003,2681,Excitatory_Neuron
161004,2725,Excitatory_Neuron
161005,2753,Excitatory_Neuron
161006,2725,Excitatory_Neuron
161007,2753,Excitatory_Neuron
161008,2675,Astro-Epen
161009,2671,Excitatory_Neuron
161010,2666,unassigned
161011,2666,unassigned
161012,2678,Immune
161013,2768,unassigned
161014,2688,Astro-Epen
161015,2666,unassigned
161016,2749,Immune
161017,2749,Immune
161018,2681,Excitatory_Neuron
161019,2712,Excitatory_Neuron
161020,2700,Excitatory_Neuron
161021,2674,Excitatory_Neuron
161022,2668,Astro-Epen
161023,2713,Excitatory_Neuron
161024,2677,Excitatory_Neuron
161025,2713,Excitatory_Neuron
161026,2754,unassigned
161027,2678,Immune
161028,2692,Astro-Epen
161029,2772,unassigned
161030,2776,unassigned
161031,2681,Excitatory_Neuron
161032,2674,Excitatory_Neuron
161033,2777,unassigned
161034,2713,Excitatory_Neuron
161035,2677,Excitatory_Neuron
161036,2666,unassigned
161037,2688,Astro-Epen
161038,2666,unassigned
161039,2666,unassigned
161040,2671,Excitatory_Neuron
161041,2668,Astro-Epen
161042,2666,unassigned
161043,2676,Excitatory_Neuron
161044,2666,unassigned
161045,2666,unassigned
161046,2692,Astro-Epen
161047,2694,Astro-Epen
161048,2749,Immune
161049,2753,Excitatory_Neuron
161050,2668,Astro-Epen
161051,2666,unassigned
161052,2668,Astro-Epen
161053,2768,unassigned
161054,2778,unassigned
161055,2666,unassigned
161056,2749,Immune
161057,2753,Excitatory_Neuron
161058,2668,Astro-Epen
161059,2668,Astro-Epen
161060,2676,Excitatory_Neuron
161061,2666,unassigned
161062,2666,unassigned
161063,2678,Immune
161064,2768,unassigned
161065,2692,Astro-Epen
161066,2688,Astro-Epen
161067,2687,Excitatory_Neuron
161068,2725,Excitatory_Neuron
161069,2725,Excitatory_Neuron
161070,2668,Astro-Epen
161071,2666,unassigned
161072,2777,unassigned
161073,2666,unassigned
161074,2676,Excitatory_Neuron
161075,2666,unassigned
161076,2666,unassigned
161077,2713,Excitatory_Neuron
161078,2754,unassigned
161079,2766,unassigned
161080,2778,unassigned
161081,2747,Astro-Epen
161082,2666,unassigned
161083,2779,unassigned
161084,2753,Excitatory_Neuron
161085,2764,unassigned
161086,2701,Excitatory_Neuron
161087,2761,unassigned
161088,2674,Excitatory_Neuron
161089,2668,Astro-Epen
161090,2666,unassigned
161091,2666,unassigned
161092,2666,unassigned
161093,2778,unassigned
161094,2692,Astro-Epen
161095,2688,Astro-Epen
161096,2692,Astro-Epen
161097,2747,Astro-Epen
161098,2692,Astro-Epen
161099,2772,unassigned
161100,2666,unassigned
161101,2749,Immune
161102,2758,unassigned
161103,2700,Excitatory_Neuron
161104,2666,unassigned
161105,2666,unassigned
161106,2754,unassigned
161107,2747,Astro-Epen
161108,2749,Immune
161109,2675,Astro-Epen
161110,2666,unassigned
161111,2713,Excitatory_Neuron
161112,2666,unassigned
161113,2754,unassigned
161114,2666,unassigned
161115,2775,unassigned
161116,2666,unassigned
161117,2692,Astro-Epen
161118,2692,Astro-Epen
161119,2772,unassigned
161120,2749,Immune
161121,2780,unassigned
161122,2712,Excitatory_Neuron
161123,2668,Astro-Epen
161124,2666,unassigned
161125,2666,unassigned
161126,2754,unassigned
161127,2678,Immune
161128,2747,Astro-Epen
161129,2666,unassigned
161130,2687,Excitatory_Neuron
161131,2712,Excitatory_Neuron
161132,2770,unassigned
161133,2666,unassigned
161134,2713,Excitatory_Neuron
161135,2692,Astro-Epen
161136,2688,Astro-Epen
161137,2692,Astro-Epen
161138,2692,Astro-Epen
161139,2735,Astro-Epen
161140,2666,unassigned
161141,2666,unassigned
161142,2681,Excitatory_Neuron
161143,2666,unassigned
161144,2666,unassigned
161145,2668,Astro-Epen
161146,2668,Astro-Epen
161147,2774,unassigned
161148,2747,Astro-Epen
161149,2694,Astro-Epen
161150,2749,Immune
161151,2701,Excitatory_Neuron
161152,2675,Astro-Epen
161153,2761,unassigned
161154,2674,Excitatory_Neuron
161155,2668,Astro-Epen
161156,2666,unassigned
161157,2775,unassigned
161158,2666,unassigned
161159,2778,unassigned
161160,2749,Immune
161161,2770,unassigned
161162,2666,unassigned
161163,2666,unassigned
161164,2754,unassigned
161165,2692,Astro-Epen
161166,2688,Astro-Epen
161167,2666,unassigned
161168,2725,Excitatory_Neuron
161169,2668,Astro-Epen
161170,2666,unassigned
161171,2666,unassigned
161172,2676,Excitatory_Neuron
161173,2666,unassigned
161174,2774,unassigned
161175,2692,Astro-Epen
161176,2692,Astro-Epen
161177,2666,unassigned
161178,2694,Astro-Epen
161179,2749,Immune
161180,2712,Excitatory_Neuron
161181,2780,unassigned
161182,2725,Excitatory_Neuron
161183,2666,unassigned
161184,2777,unassigned
161185,2668,Astro-Epen
161186,2666,unassigned
161187,2754,unassigned
161188,2692,Astro-Epen
161189,2754,unassigned
161190,2761,unassigned
161191,2668,Astro-Epen
161192,2666,unassigned
161193,2768,unassigned
161194,2768,unassigned
161195,2666,unassigned
161196,2758,unassigned
161197,2777,unassigned
161198,2674,Excitatory_Neuron
161199,2666,unassigned
161200,2692,Astro-Epen
161201,2666,unassigned
161202,2753,Excitatory_Neuron
161203,2760,Excitatory_Neuron
161204,2676,Excitatory_Neuron
161205,2666,unassigned
161206,2735,Astro-Epen
161207,2735,Astro-Epen
161208,2712,Excitatory_Neuron
161209,2700,Excitatory_Neuron
161210,2700,Excitatory_Neuron
161211,2753,Excitatory_Neuron
161212,2753,Excitatory_Neuron
161213,2753,Excitatory_Neuron
161214,2701,Excitatory_Neuron
161215,2761,unassigned
161216,2713,Excitatory_Neuron
161217,2666,unassigned
161218,2688,Astro-Epen
161219,2692,Astro-Epen
161220,2772,unassigned
161221,2681,Excitatory_Neuron
161222,2753,Excitatory_Neuron
161223,2712,Excitatory_Neuron
161224,2675,Astro-Epen
161225,2781,unassigned
161226,2668,Astro-Epen
161227,2668,Astro-Epen
161228,2666,unassigned
161229,2668,Astro-Epen
161230,2666,unassigned
161231,2766,unassigned
161232,2692,Astro-Epen
161233,2747,Astro-Epen
161234,2772,unassigned
161235,2749,Immune
161236,2749,Immune
161237,2700,Excitatory_Neuron
161238,2770,unassigned
161239,2674,Excitatory_Neuron
161240,2701,Excitatory_Neuron
161241,2668,Astro-Epen
161242,2781,unassigned
161243,2713,Excitatory_Neuron
161244,2666,unassigned
161245,2692,Astro-Epen
161246,2778,unassigned
161247,2666,unassigned
161248,2747,Astro-Epen
161249,2666,unassigned
161250,2666,unassigned
161251,2682,Vascular
161252,2675,Astro-Epen
161253,2674,Excitatory_Neuron
161254,2781,unassigned
161255,2666,unassigned
161256,2666,unassigned
161257,2666,unassigned
161258,2666,unassigned
161259,2666,unassigned
161260,2774,unassigned
161261,2692,Astro-Epen
161262,2666,unassigned
161263,2666,unassigned
161264,2692,Astro-Epen
161265,2692,Astro-Epen
161266,2749,Immune
161267,2753,Excitatory_Neuron
161268,2681,Excitatory_Neuron
161269,2666,unassigned
161270,2753,Excitatory_Neuron
161271,2668,Astro-Epen
161272,2701,Excitatory_Neuron
161273,2666,unassigned
161274,2781,unassigned
161275,2782,Immune
161276,2782,Immune
161277,2666,unassigned
161278,2666,unassigned
161279,2666,unassigned
161280,2678,Immune
161281,2692,Astro-Epen
161282,2692,Astro-Epen
161283,2749,Immune
161284,2700,Excitatory_Neuron
161285,2671,Excitatory_Neuron
161286,2675,Astro-Epen
161287,2668,Astro-Epen
161288,2676,Excitatory_Neuron
161289,2666,unassigned
161290,2666,unassigned
161291,2754,unassigned
161292,2666,unassigned
161293,2783,unassigned
161294,2700,Excitatory_Neuron
161295,2671,Excitatory_Neuron
161296,2753,Excitatory_Neuron
161297,2701,Excitatory_Neuron
161298,2666,unassigned
161299,2713,Excitatory_Neuron
161300,2712,Excitatory_Neuron
161301,2753,Excitatory_Neuron
161302,2676,Excitatory_Neuron
161303,2666,unassigned
161304,2666,unassigned
161305,2774,unassigned
161306,2778,unassigned
161307,2768,unassigned
161308,2778,unassigned
161309,2692,Astro-Epen
161310,2692,Astro-Epen
161311,2681,Excitatory_Neuron
161312,2701,Excitatory_Neuron
161313,2668,Astro-Epen
161314,2666,unassigned
161315,2666,unassigned
161316,2782,Immune
161317,2784,unassigned
161318,2666,unassigned
161319,2747,Astro-Epen
161320,2772,unassigned
161321,2671,Excitatory_Neuron
161322,2675,Astro-Epen
161323,2666,unassigned
161324,2668,Astro-Epen
161325,2666,unassigned
161326,2754,unassigned
161327,2774,unassigned
161328,2768,unassigned
161329,2688,Astro-Epen
161330,2666,unassigned
161331,2666,unassigned
161332,2666,unassigned
161333,2700,Excitatory_Neuron
161334,2764,unassigned
161335,2701,Excitatory_Neuron
161336,2777,unassigned
161337,2666,unassigned
161338,2666,unassigned
161339,2666,unassigned
161340,2666,unassigned
161341,2753,Excitatory_Neuron
161342,2770,unassigned
161343,2777,unassigned
161344,2666,unassigned
161345,2666,unassigned
161346,2775,unassigned
161347,2666,unassigned
161348,2747,Astro-Epen
161349,2747,Astro-Epen
161350,2681,Excitatory_Neuron
161351,2700,Excitatory_Neuron
161352,2681,Excitatory_Neuron
161353,2753,Excitatory_Neuron
161354,2674,Excitatory_Neuron
161355,2668,Astro-Epen
161356,2666,unassigned
161357,2666,unassigned
161358,2772,unassigned
161359,2749,Immune
161360,2712,Excitatory_Neuron
161361,2674,Excitatory_Neuron
161362,2668,Astro-Epen
161363,2781,unassigned
161364,2666,unassigned
161365,2785,unassigned
161366,2713,Excitatory_Neuron
161367,2678,Immune
161368,2692,Astro-Epen
161369,2688,Astro-Epen
161370,2772,unassigned
161371,2666,unassigned
161372,2700,Excitatory_Neuron
161373,2783,unassigned
161374,2671,Excitatory_Neuron
161375,2666,unassigned
161376,2692,Astro-Epen
161377,2666,unassigned
161378,2747,Astro-Epen
161379,2772,unassigned
161380,2666,unassigned
161381,2749,Immune
161382,2700,Excitatory_Neuron
161383,2700,Excitatory_Neuron
161384,2786,unassigned
161385,2787,unassigned
161386,2666,unassigned
161387,2666,unassigned
161388,2775,unassigned
161389,2681,Excitatory_Neuron
161390,2712,Excitatory_Neuron
161391,2758,unassigned
161392,2700,Excitatory_Neuron
161393,2753,Excitatory_Neuron
161394,2701,Excitatory_Neuron
161395,2781,unassigned
161396,2666,unassigned
161397,2782,Immune
161398,2666,unassigned
161399,2666,unassigned
161400,2666,unassigned
161401,2692,Astro-Epen
161402,2666,unassigned
161403,2688,Astro-Epen
161404,2666,unassigned
161405,2749,Immune
161406,2700,Excitatory_Neuron
161407,2725,Excitatory_Neuron
161408,2668,Astro-Epen
161409,2674,Excitatory_Neuron
161410,2674,Excitatory_Neuron
161411,2668,Astro-Epen
161412,2786,unassigned
161413,2666,unassigned
161414,2666,unassigned
161415,2666,unassigned
161416,2666,unassigned
161417,2666,unassigned
161418,2692,Astro-Epen
161419,2666,unassigned
161420,2710,Excitatory_Neuron
161421,2671,Excitatory_Neuron
161422,2712,Excitatory_Neuron
161423,2675,Astro-Epen
161424,2675,Astro-Epen
161425,2666,unassigned
161426,2782,Immune
161427,2666,unassigned
161428,2788,unassigned
161429,2692,Astro-Epen
161430,2753,Excitatory_Neuron
161431,2700,Excitatory_Neuron
161432,2770,unassigned
161433,2777,unassigned
161434,2666,unassigned
161435,2713,Excitatory_Neuron
161436,2692,Astro-Epen
161437,2666,unassigned
161438,2666,unassigned
161439,2666,unassigned
161440,2681,Excitatory_Neuron
161441,2681,Excitatory_Neuron
161442,2783,unassigned
161443,2700,Excitatory_Neuron
161444,2666,unassigned
161445,2777,unassigned
161446,2701,Excitatory_Neuron
161447,2777,unassigned
161448,2676,Excitatory_Neuron
161449,2713,Excitatory_Neuron
161450,2666,unassigned
161451,2666,unassigned
161452,2681,Excitatory_Neuron
161453,2687,Excitatory_Neuron
161454,2671,Excitatory_Neuron
161455,2753,Excitatory_Neuron
161456,2777,unassigned
161457,2666,unassigned
161458,2666,unassigned
161459,2677,Excitatory_Neuron
161460,2666,unassigned
161461,2692,Astro-Epen
161462,2666,unassigned
161463,2692,Astro-Epen
161464,2666,unassigned
161465,2666,unassigned
161466,2725,Excitatory_Neuron
161467,2700,Excitatory_Neuron
161468,2700,Excitatory_Neuron
161469,2671,Excitatory_Neuron
161470,2753,Excitatory_Neuron
161471,2701,Excitatory_Neuron
161472,2777,unassigned
161473,2777,unassigned
161474,2789,unassigned
161475,2666,unassigned
161476,2713,Excitatory_Neuron
161477,2666,unassigned
161478,2666,unassigned
161479,2666,unassigned
161480,2772,unassigned
161481,2666,unassigned
161482,2668,Astro-Epen
161483,2701,Excitatory_Neuron
161484,2666,unassigned
161485,2675,Astro-Epen
161486,2668,Astro-Epen
161487,2666,unassigned
161488,2666,unassigned
161489,2775,unassigned
161490,2775,unassigned
161491,2692,Astro-Epen
161492,2692,Astro-Epen
161493,2772,unassigned
161494,2666,unassigned
161495,2758,unassigned
161496,2681,Excitatory_Neuron
161497,2712,Excitatory_Neuron
161498,2783,unassigned
161499,2675,Astro-Epen
161500,2777,unassigned
161501,2754,unassigned
161502,2735,Astro-Epen
161503,2700,Excitatory_Neuron
161504,2701,Excitatory_Neuron
161505,2701,Excitatory_Neuron
161506,2770,unassigned
161507,2761,unassigned
161508,2674,Excitatory_Neuron
161509,2692,Astro-Epen
161510,2688,Astro-Epen
161511,2692,Astro-Epen
161512,2747,Astro-Epen
161513,2666,unassigned
161514,2772,unassigned
161515,2772,unassigned
161516,2666,unassigned
161517,2710,Excitatory_Neuron
161518,2777,unassigned
161519,2668,Astro-Epen
161520,2701,Excitatory_Neuron
161521,2666,unassigned
161522,2692,Astro-Epen
161523,2753,Excitatory_Neuron
161524,2790,unassigned
161525,2712,Excitatory_Neuron
161526,2701,Excitatory_Neuron
161527,2666,unassigned
161528,2668,Astro-Epen
161529,2782,Immune
161530,2782,Immune
161531,2666,unassigned
161532,2713,Excitatory_Neuron
161533,2778,unassigned
161534,2692,Astro-Epen
161535,2753,Excitatory_Neuron
161536,2790,unassigned
161537,2777,unassigned
161538,2791,unassigned
161539,2692,Astro-Epen
161540,2772,unassigned
161541,2749,Immune
161542,2681,Excitatory_Neuron
161543,2725,Excitatory_Neuron
161544,2701,Excitatory_Neuron
161545,2770,unassigned
161546,2789,unassigned
161547,2666,unassigned
161548,2692,Astro-Epen
161549,2666,unassigned
161550,2688,Astro-Epen
161551,2688,Astro-Epen
161552,2692,Astro-Epen
161553,2747,Astro-Epen
161554,2666,unassigned
161555,2749,Immune
161556,2671,Excitatory_Neuron
161557,2700,Excitatory_Neuron
161558,2790,unassigned
161559,2674,Excitatory_Neuron
161560,2666,unassigned
161561,2782,Immune
161562,2782,Immune
161563,2666,unassigned
161564,2666,unassigned
161565,2666,unassigned
161566,2688,Astro-Epen
161567,2749,Immune
161568,2666,unassigned
161569,2681,Excitatory_Neuron
161570,2681,Excitatory_Neuron
161571,2770,unassigned
161572,2674,Excitatory_Neuron
161573,2712,Excitatory_Neuron
161574,2777,unassigned
161575,2668,Astro-Epen
161576,2666,unassigned
161577,2666,unassigned
161578,2688,Astro-Epen
161579,2681,Excitatory_Neuron
161580,2666,unassigned
161581,2666,unassigned
161582,2753,Excitatory_Neuron
161583,2753,Excitatory_Neuron
161584,2701,Excitatory_Neuron
161585,2674,Excitatory_Neuron
161586,2668,Astro-Epen
161587,2666,unassigned
161588,2713,Excitatory_Neuron
161589,2666,unassigned
161590,2688,Astro-Epen
161591,2666,unassigned
161592,2666,unassigned
161593,2666,unassigned
161594,2749,Immune
161595,2674,Excitatory_Neuron
161596,2668,Astro-Epen
161597,2668,Astro-Epen
161598,2666,unassigned
161599,2668,Astro-Epen
161600,2786,unassigned
161601,2668,Astro-Epen
161602,2666,unassigned
161603,2774,unassigned
161604,2688,Astro-Epen
161605,2666,unassigned
161606,2692,Astro-Epen
161607,2749,Immune
161608,2725,Excitatory_Neuron
161609,2777,unassigned
161610,2666,unassigned
161611,2666,unassigned
161612,2713,Excitatory_Neuron
161613,2666,unassigned
161614,2791,unassigned
161615,2666,unassigned
161616,2749,Immune
161617,2681,Excitatory_Neuron
161618,2700,Excitatory_Neuron
161619,2753,Excitatory_Neuron
161620,2777,unassigned
161621,2666,unassigned
161622,2666,unassigned
161623,2666,unassigned
161624,2688,Astro-Epen
161625,2666,unassigned
161626,2749,Immune
161627,2671,Excitatory_Neuron
161628,2668,Astro-Epen
161629,2666,unassigned
161630,2666,unassigned
161631,2666,unassigned
161632,2666,unassigned
161633,2713,Excitatory_Neuron
161634,2688,Astro-Epen
161635,2688,Astro-Epen
161636,2753,Excitatory_Neuron
161637,2674,Excitatory_Neuron
161638,2761,unassigned
161639,2666,unassigned
161640,2775,unassigned
161641,2792,unassigned
161642,2666,unassigned
161643,2666,unassigned
161644,2749,Immune
161645,2758,unassigned
161646,2783,unassigned
161647,2793,unassigned
161648,2666,unassigned
161649,2668,Astro-Epen
161650,2761,unassigned
161651,2701,Excitatory_Neuron
161652,2777,unassigned
161653,2675,Astro-Epen
161654,2666,unassigned
161655,2666,unassigned
161656,2774,unassigned
161657,2791,unassigned
161658,2666,unassigned
161659,2666,unassigned
161660,2758,unassigned
161661,2753,Excitatory_Neuron
161662,2666,unassigned
161663,2770,unassigned
161664,2753,Excitatory_Neuron
161665,2668,Astro-Epen
161666,2761,unassigned
161667,2666,unassigned
161668,2791,unassigned
161669,2753,Excitatory_Neuron
161670,2753,Excitatory_Neuron
161671,2701,Excitatory_Neuron
161672,2674,Excitatory_Neuron
161673,2666,unassigned
161674,2786,unassigned
161675,2666,unassigned
161676,2666,unassigned
161677,2692,Astro-Epen
161678,2692,Astro-Epen
161679,2712,Excitatory_Neuron
161680,2674,Excitatory_Neuron
161681,2666,unassigned
161682,2666,unassigned
161683,2791,unassigned
161684,2778,unassigned
161685,2666,unassigned
161686,2749,Immune
161687,2712,Excitatory_Neuron
161688,2700,Excitatory_Neuron
161689,2770,unassigned
161690,2674,Excitatory_Neuron
161691,2674,Excitatory_Neuron
161692,2666,unassigned
161693,2786,unassigned
161694,2666,unassigned
161695,2666,unassigned
161696,2688,Astro-Epen
161697,2792,unassigned
161698,2666,unassigned
161699,2749,Immune
161700,2758,unassigned
161701,2783,unassigned
161702,2668,Astro-Epen
161703,2701,Excitatory_Neuron
161704,2701,Excitatory_Neuron
161705,2675,Astro-Epen
161706,2668,Astro-Epen
161707,2782,Immune
161708,2666,unassigned
161709,2666,unassigned
161710,2666,unassigned
161711,2775,unassigned
161712,2666,unassigned
161713,2666,unassigned
161714,2666,unassigned
161715,2692,Astro-Epen
161716,2772,unassigned
161717,2783,unassigned
161718,2753,Excitatory_Neuron
161719,2666,unassigned
161720,2674,Excitatory_Neuron
161721,2666,unassigned
161722,2666,unassigned
161723,2666,unassigned
161724,2666,unassigned
161725,2666,unassigned
161726,2666,unassigned
161727,2666,unassigned
161728,2692,Astro-Epen
161729,2666,unassigned
161730,2687,Excitatory_Neuron
161731,2666,unassigned
161732,2770,unassigned
161733,2666,unassigned
161734,2666,unassigned
161735,2668,Astro-Epen
161736,2666,unassigned
161737,2688,Astro-Epen
161738,2747,Astro-Epen
161739,2758,unassigned
161740,2666,unassigned
161741,2671,Excitatory_Neuron
161742,2674,Excitatory_Neuron
161743,2666,unassigned
161744,2666,unassigned
161745,2666,unassigned
161746,2666,unassigned
161747,2692,Astro-Epen
161748,2692,Astro-Epen
161749,2692,Astro-Epen
161750,2666,unassigned
161751,2794,unassigned
161752,2687,Excitatory_Neuron
161753,2666,unassigned
161754,2675,Astro-Epen
161755,2668,Astro-Epen
161756,2775,unassigned
161757,2692,Astro-Epen
161758,2692,Astro-Epen
161759,2747,Astro-Epen
161760,2666,unassigned
161761,2793,unassigned
161762,2753,Excitatory_Neuron
161763,2668,Astro-Epen
161764,2666,unassigned
161765,2674,Excitatory_Neuron
161766,2789,unassigned
161767,2760,Excitatory_Neuron
161768,2786,unassigned
161769,2666,unassigned
161770,2791,unassigned
161771,2666,unassigned
161772,2671,Excitatory_Neuron
161773,2701,Excitatory_Neuron
161774,2666,unassigned
161775,2666,unassigned
161776,2666,unassigned
161777,2666,unassigned
161778,2775,unassigned
161779,2792,unassigned
161780,2792,unassigned
161781,2749,Immune
161782,2795,unassigned
161783,2666,unassigned
161784,2674,Excitatory_Neuron
161785,2666,unassigned
161786,2777,unassigned
161787,2668,Astro-Epen
161788,2666,unassigned
161789,2666,unassigned
161790,2666,unassigned
161791,2666,unassigned
161792,2692,Astro-Epen
161793,2747,Astro-Epen
161794,2666,unassigned
161795,2794,unassigned
161796,2681,Excitatory_Neuron
161797,2793,unassigned
161798,2753,Excitatory_Neuron
161799,2666,unassigned
161800,2712,Excitatory_Neuron
161801,2668,Astro-Epen
161802,2668,Astro-Epen
161803,2692,Astro-Epen
161804,2692,Astro-Epen
161805,2747,Astro-Epen
161806,2666,unassigned
161807,2725,Excitatory_Neuron
161808,2725,Excitatory_Neuron
161809,2674,Excitatory_Neuron
161810,2666,unassigned
161811,2666,unassigned
161812,2713,Excitatory_Neuron
161813,2666,unassigned
161814,2796,unassigned
161815,2666,unassigned
161816,2793,unassigned
161817,2712,Excitatory_Neuron
161818,2666,unassigned
161819,2666,unassigned
161820,2668,Astro-Epen
161821,2789,unassigned
161822,2666,unassigned
161823,2666,unassigned
161824,2666,unassigned
161825,2692,Astro-Epen
161826,2692,Astro-Epen
161827,2758,unassigned
161828,2687,Excitatory_Neuron
161829,2666,unassigned
161830,2674,Excitatory_Neuron
161831,2666,unassigned
161832,2666,unassigned
161833,2794,unassigned
161834,2687,Excitatory_Neuron
161835,2687,Excitatory_Neuron
161836,2790,unassigned
161837,2777,unassigned
161838,2666,unassigned
161839,2781,unassigned
161840,2782,Immune
161841,2677,Excitatory_Neuron
161842,2666,unassigned
161843,2666,unassigned
161844,2692,Astro-Epen
161845,2793,unassigned
161846,2712,Excitatory_Neuron
161847,2701,Excitatory_Neuron
161848,2666,unassigned
161849,2666,unassigned
161850,2666,unassigned
161851,2775,unassigned
161852,2775,unassigned
161853,2772,unassigned
161854,2772,unassigned
161855,2666,unassigned
161856,2753,Excitatory_Neuron
161857,2666,unassigned
161858,2666,unassigned
161859,2666,unassigned
161860,2666,unassigned
161861,2749,Immune
161862,2758,unassigned
161863,2666,unassigned
161864,2666,unassigned
161865,2710,Excitatory_Neuron
161866,2671,Excitatory_Neuron
161867,2700,Excitatory_Neuron
161868,2753,Excitatory_Neuron
161869,2701,Excitatory_Neuron
161870,2674,Excitatory_Neuron
161871,2777,unassigned
161872,2668,Astro-Epen
161873,2760,Excitatory_Neuron
161874,2713,Excitatory_Neuron
161875,2666,unassigned
161876,2778,unassigned
161877,2692,Astro-Epen
161878,2681,Excitatory_Neuron
161879,2783,unassigned
161880,2666,unassigned
161881,2666,unassigned
161882,2666,unassigned
161883,2666,unassigned
161884,2666,unassigned
161885,2797,unassigned
161886,2692,Astro-Epen
161887,2792,unassigned
161888,2749,Immune
161889,2710,Excitatory_Neuron
161890,2710,Excitatory_Neuron
161891,2753,Excitatory_Neuron
161892,2671,Excitatory_Neuron
161893,2674,Excitatory_Neuron
161894,2666,unassigned
161895,2713,Excitatory_Neuron
161896,2775,unassigned
161897,2749,Immune
161898,2666,unassigned
161899,2753,Excitatory_Neuron
161900,2790,unassigned
161901,2770,unassigned
161902,2675,Astro-Epen
161903,2777,unassigned
161904,2701,Excitatory_Neuron
161905,2674,Excitatory_Neuron
161906,2777,unassigned
161907,2666,unassigned
161908,2666,unassigned
161909,2666,unassigned
161910,2775,unassigned
161911,2666,unassigned
161912,2758,unassigned
161913,2725,Excitatory_Neuron
161914,2790,unassigned
161915,2666,unassigned
161916,2668,Astro-Epen
161917,2666,unassigned
161918,2666,unassigned
161919,2666,unassigned
161920,2666,unassigned
161921,2692,Astro-Epen
161922,2692,Astro-Epen
161923,2749,Immune
161924,2666,unassigned
161925,2712,Excitatory_Neuron
161926,2798,unassigned
161927,2700,Excitatory_Neuron
161928,2753,Excitatory_Neuron
161929,2666,unassigned
161930,2668,Astro-Epen
161931,2666,unassigned
161932,2666,unassigned
161933,2666,unassigned
161934,2753,Excitatory_Neuron
161935,2666,unassigned
161936,2675,Astro-Epen
161937,2668,Astro-Epen
161938,2666,unassigned
161939,2674,Excitatory_Neuron
161940,2666,unassigned
161941,2666,unassigned
161942,2666,unassigned
161943,2775,unassigned
161944,2666,unassigned
161945,2666,unassigned
161946,2666,unassigned
161947,2712,Excitatory_Neuron
161948,2671,Excitatory_Neuron
161949,2671,Excitatory_Neuron
161950,2668,Astro-Epen
161951,2758,unassigned
161952,2725,Excitatory_Neuron
161953,2753,Excitatory_Neuron
161954,2666,unassigned
161955,2666,unassigned
161956,2666,unassigned
161957,2712,Excitatory_Neuron
161958,2783,unassigned
161959,2770,unassigned
161960,2700,Excitatory_Neuron
161961,2675,Astro-Epen
161962,2668,Astro-Epen
161963,2668,Astro-Epen
161964,2666,unassigned
161965,2666,unassigned
161966,2666,unassigned
161967,2666,unassigned
161968,2666,unassigned
161969,2783,unassigned
161970,2783,unassigned
161971,2790,unassigned
161972,2753,Excitatory_Neuron
161973,2674,Excitatory_Neuron
161974,2781,unassigned
161975,2666,unassigned
161976,2666,unassigned
161977,2775,unassigned
161978,2666,unassigned
161979,2772,unassigned
161980,2749,Immune
161981,2799,unassigned
161982,2712,Excitatory_Neuron
161983,2753,Excitatory_Neuron
161984,2753,Excitatory_Neuron
161985,2671,Excitatory_Neuron
161986,2666,unassigned
161987,2666,unassigned
161988,2692,Astro-Epen
161989,2666,unassigned
161990,2666,unassigned
161991,2692,Astro-Epen
161992,2666,unassigned
161993,2681,Excitatory_Neuron
161994,2700,Excitatory_Neuron
161995,2666,unassigned
161996,2666,unassigned
161997,2770,unassigned
161998,2700,Excitatory_Neuron
161999,2671,Excitatory_Neuron
162000,2675,Astro-Epen
162001,2666,unassigned
162002,2782,Immune
162003,2666,unassigned
162004,2778,unassigned
162005,2710,Excitatory_Neuron
162006,2712,Excitatory_Neuron
162007,2700,Excitatory_Neuron
162008,2753,Excitatory_Neuron
162009,2777,unassigned
162010,2666,unassigned
162011,2666,unassigned
162012,2666,unassigned
162013,2692,Astro-Epen
162014,2666,unassigned
162015,2666,unassigned
162016,2666,unassigned
162017,2712,Excitatory_Neuron
162018,2666,unassigned
162019,2710,Excitatory_Neuron
162020,2701,Excitatory_Neuron
162021,2666,unassigned
162022,2781,unassigned
162023,2781,unassigned
162024,2666,unassigned
162025,2666,unassigned
162026,2666,unassigned
162027,2772,unassigned
162028,2666,unassigned
162029,2713,Excitatory_Neuron
162030,2666,unassigned
162031,2692,Astro-Epen
162032,2666,unassigned
162033,2666,unassigned
162034,2666,unassigned
162035,2666,unassigned
162036,2781,unassigned
162037,2782,Immune
162038,2666,unassigned
162039,2692,Astro-Epen
162040,2666,unassigned
162041,2666,unassigned
162042,2700,Excitatory_Neuron
162043,2700,Excitatory_Neuron
162044,2701,Excitatory_Neuron
162045,2675,Astro-Epen
162046,2668,Astro-Epen
162047,2666,unassigned
162048,2666,unassigned
162049,2666,unassigned
162050,2666,unassigned
162051,2692,Astro-Epen
162052,2712,Excitatory_Neuron
162053,2753,Excitatory_Neuron
162054,2675,Astro-Epen
162055,2668,Astro-Epen
162056,2674,Excitatory_Neuron
162057,2668,Astro-Epen
162058,2782,Immune
162059,2692,Astro-Epen
162060,2666,unassigned
162061,2666,unassigned
162062,2666,unassigned
162063,2777,unassigned
162064,2791,unassigned
162065,2666,unassigned
162066,2666,unassigned
162067,2674,Excitatory_Neuron
162068,2675,Astro-Epen
162069,2666,unassigned
162070,2666,unassigned
162071,2666,unassigned
162072,2775,unassigned
162073,2666,unassigned
162074,2666,unassigned
162075,2666,unassigned
162076,2701,Excitatory_Neuron
162077,2777,unassigned
162078,2666,unassigned
162079,2666,unassigned
162080,2666,unassigned
162081,2666,unassigned
162082,2666,unassigned
162083,2712,Excitatory_Neuron
162084,2666,unassigned
162085,2666,unassigned
162086,2666,unassigned
162087,2668,Astro-Epen
162088,2666,unassigned
162089,2666,unassigned
162090,2666,unassigned
162091,2666,unassigned
162092,2666,unassigned
162093,2777,unassigned
162094,2674,Excitatory_Neuron
162095,2777,unassigned
162096,2666,unassigned
162097,2666,unassigned
162098,2692,Astro-Epen
162099,2666,unassigned
162100,2758,unassigned
162101,2700,Excitatory_Neuron
162102,2666,unassigned
162103,2800,unassigned
162104,2666,unassigned
162105,2781,unassigned
162106,2666,unassigned
162107,2666,unassigned
162108,2666,unassigned
162109,2666,unassigned
162110,2681,Excitatory_Neuron
162111,2799,unassigned
162112,2700,Excitatory_Neuron
162113,2666,unassigned
162114,2791,unassigned
162115,2692,Astro-Epen
162116,2692,Astro-Epen
162117,2801,unassigned
162118,2666,unassigned
162119,2666,unassigned
162120,2753,Excitatory_Neuron
162121,2666,unassigned
162122,2675,Astro-Epen
162123,2753,Excitatory_Neuron
162124,2666,unassigned
162125,2777,unassigned
162126,2777,unassigned
162127,2666,unassigned
162128,2666,unassigned
162129,2666,unassigned
162130,2666,unassigned
162131,2666,unassigned
162132,2666,unassigned
162133,2692,Astro-Epen
162134,2692,Astro-Epen
162135,2666,unassigned
162136,2666,unassigned
162137,2666,unassigned
162138,2666,unassigned
162139,2666,unassigned
162140,2666,unassigned
162141,2666,unassigned
162142,2666,unassigned
162143,2666,unassigned
162144,2799,unassigned
162145,2681,Excitatory_Neuron
162146,2666,unassigned
162147,2666,unassigned
162148,2791,unassigned
162149,2692,Astro-Epen
162150,2666,unassigned
162151,2674,Excitatory_Neuron
162152,2782,Immune
162153,2666,unassigned
162154,2666,unassigned
162155,2666,unassigned
162156,2791,unassigned
162157,2666,unassigned
162158,2666,unassigned
162159,2758,unassigned
162160,2700,Excitatory_Neuron
162161,2753,Excitatory_Neuron
162162,2753,Excitatory_Neuron
162163,2770,unassigned
162164,2712,Excitatory_Neuron
162165,2666,unassigned
162166,2802,unassigned
162167,2782,Immune
162168,2782,Immune
162169,2782,Immune
162170,2666,unassigned
162171,2775,unassigned
162172,2666,unassigned
162173,2777,unassigned
162174,2692,Astro-Epen
162175,2700,Excitatory_Neuron
162176,2700,Excitatory_Neuron
162177,2666,unassigned
162178,2725,Excitatory_Neuron
162179,2701,Excitatory_Neuron
162180,2675,Astro-Epen
162181,2668,Astro-Epen
162182,2666,unassigned
162183,2666,unassigned
162184,2799,unassigned
162185,2666,unassigned
162186,2712,Excitatory_Neuron
162187,2710,Excitatory_Neuron
162188,2700,Excitatory_Neuron
162189,2700,Excitatory_Neuron
162190,2777,unassigned
162191,2777,unassigned
162192,2781,unassigned
162193,2668,Astro-Epen
162194,2666,unassigned
162195,2666,unassigned
162196,2692,Astro-Epen
162197,2692,Astro-Epen
162198,2666,unassigned
162199,2783,unassigned
162200,2712,Excitatory_Neuron
162201,2725,Excitatory_Neuron
162202,2770,unassigned
162203,2671,Excitatory_Neuron
162204,2666,unassigned
162205,2666,unassigned
162206,2666,unassigned
162207,2666,unassigned
162208,2692,Astro-Epen
162209,2799,unassigned
162210,2666,unassigned
162211,2700,Excitatory_Neuron
162212,2666,unassigned
162213,2803,unassigned
162214,2666,unassigned
162215,2700,Excitatory_Neuron
162216,2701,Excitatory_Neuron
162217,2666,unassigned
162218,2777,unassigned
162219,2781,unassigned
162220,2781,unassigned
162221,2666,unassigned
162222,2666,unassigned
162223,2666,unassigned
162224,2666,unassigned
162225,2666,unassigned
162226,2692,Astro-Epen
162227,2666,unassigned
162228,2799,unassigned
162229,2666,unassigned
162230,2712,Excitatory_Neuron
162231,2712,Excitatory_Neuron
162232,2674,Excitatory_Neuron
162233,2781,unassigned
162234,2781,unassigned
162235,2666,unassigned
162236,2666,unassigned
162237,2758,unassigned
162238,2666,unassigned
162239,2753,Excitatory_Neuron
162240,2675,Astro-Epen
162241,2666,unassigned
162242,2666,unassigned
162243,2666,unassigned
162244,2666,unassigned
162245,2666,unassigned
162246,2666,unassigned
162247,2666,unassigned
162248,2700,Excitatory_Neuron
162249,2666,unassigned
162250,2666,unassigned
162251,2753,Excitatory_Neuron
162252,2666,unassigned
162253,2666,unassigned
162254,2666,unassigned
162255,2666,unassigned
162256,2675,Astro-Epen
162257,2666,unassigned
162258,2666,unassigned
162259,2666,unassigned
162260,2666,unassigned
162261,2666,unassigned
162262,2666,unassigned
162263,2666,unassigned
162264,2666,unassigned
162265,2675,Astro-Epen
162266,2701,Excitatory_Neuron
162267,2668,Astro-Epen
162268,2666,unassigned
162269,2712,Excitatory_Neuron
162270,2666,unassigned
162271,2666,unassigned
162272,2753,Excitatory_Neuron
162273,2700,Excitatory_Neuron
162274,2666,unassigned
162275,2671,Excitatory_Neuron
162276,2666,unassigned
162277,2753,Excitatory_Neuron
162278,2770,unassigned
162279,2666,unassigned
162280,2666,unassigned
162281,2781,unassigned
162282,2666,unassigned
162283,2666,unassigned
162284,2666,unassigned
162285,2782,Immune
162286,2666,unassigned
162287,2775,unassigned
162288,2804,unassigned
162289,2666,unassigned
162290,2666,unassigned
162291,2666,unassigned
162292,2666,unassigned
162293,2805,Excitatory_Neuron
162294,2806,Excitatory_Neuron
162295,2806,Excitatory_Neuron
162296,2807,Immune
162297,2805,Excitatory_Neuron
162298,2805,Excitatory_Neuron
162299,2805,Excitatory_Neuron
162300,2805,Excitatory_Neuron
162301,2805,Excitatory_Neuron
162302,2805,Excitatory_Neuron
162303,2807,Immune
162304,2808,unassigned
162305,2808,unassigned
162306,2806,Excitatory_Neuron
162307,2809,unassigned
162308,2810,unassigned
162309,2808,unassigned
162310,2806,Excitatory_Neuron
162311,2805,Excitatory_Neuron
162312,2809,unassigned
162313,2808,unassigned
162314,2808,unassigned
162315,2811,unassigned
162316,2808,unassigned
162317,2808,unassigned
162318,2808,unassigned
162319,2805,Excitatory_Neuron
162320,2812,Excitatory_Neuron
162321,2811,unassigned
162322,2808,unassigned
162323,2813,GABA_Neuron
162324,2811,unassigned
162325,2808,unassigned
162326,2807,Immune
162327,2812,Excitatory_Neuron
162328,2807,Immune
162329,2805,Excitatory_Neuron
162330,2807,Immune
162331,2807,Immune
162332,2808,unassigned
162333,2808,unassigned
162334,2808,unassigned
162335,2814,Excitatory_Neuron
162336,2808,unassigned
162337,2815,Astro-Epen
162338,2814,Excitatory_Neuron
162339,2805,Excitatory_Neuron
162340,2815,Astro-Epen
162341,2807,Immune
162342,2816,unassigned
162343,2814,Excitatory_Neuron
162344,2808,unassigned
162345,2805,Excitatory_Neuron
162346,2805,Excitatory_Neuron
162347,2815,Astro-Epen
162348,2817,Excitatory_Neuron
162349,2808,unassigned
162350,2814,Excitatory_Neuron
162351,2814,Excitatory_Neuron
162352,2808,unassigned
162353,2818,unassigned
162354,2814,Excitatory_Neuron
162355,2805,Excitatory_Neuron
162356,2805,Excitatory_Neuron
162357,2814,Excitatory_Neuron
162358,2815,Astro-Epen
162359,2808,unassigned
162360,2808,unassigned
162361,2815,Astro-Epen
162362,2805,Excitatory_Neuron
162363,2808,unassigned
162364,2814,Excitatory_Neuron
162365,2808,unassigned
162366,2805,Excitatory_Neuron
162367,2805,Excitatory_Neuron
162368,2805,Excitatory_Neuron
162369,2819,GABA_Neuron
162370,2805,Excitatory_Neuron
162371,2820,Excitatory_Neuron
162372,2821,Astro-Epen
162373,2822,Excitatory_Neuron
162374,2808,unassigned
162375,2823,unassigned
162376,2821,Astro-Epen
162377,2824,unassigned
162378,2824,unassigned
162379,2822,Excitatory_Neuron
162380,2819,GABA_Neuron
162381,2825,Astro-Epen
162382,2824,unassigned
162383,2821,Astro-Epen
162384,2808,unassigned
162385,2825,Astro-Epen
162386,2822,Excitatory_Neuron
162387,2825,Astro-Epen
162388,2826,Astro-Epen
162389,2822,Excitatory_Neuron
162390,2825,Astro-Epen
162391,2821,Astro-Epen
162392,2808,unassigned
162393,2821,Astro-Epen
162394,2821,Astro-Epen
162395,2808,unassigned
162396,2827,Vascular
162397,2828,Excitatory_Neuron
162398,2827,Vascular
162399,2808,unassigned
162400,2827,Vascular
162401,2827,Vascular
162402,2808,unassigned
162403,2828,Excitatory_Neuron
162404,2829,Immune
162405,2828,Excitatory_Neuron
162406,2829,Immune
162407,2827,Vascular
162408,2829,Immune
162409,2829,Immune
162410,2827,Vascular
162411,2827,Vascular
162412,2830,unassigned
162413,2831,Astro-Epen
162414,2829,Immune
162415,2829,Immune
162416,2829,Immune
162417,2808,unassigned
162418,2829,Immune
162419,2832,unassigned
162420,2829,Immune
162421,2833,unassigned
162422,2832,unassigned
162423,2831,Astro-Epen
162424,2808,unassigned
162425,2834,Astro-Epen
162426,2831,Astro-Epen
162427,2808,unassigned
162428,2834,Astro-Epen
162429,2808,unassigned
162430,2808,unassigned
162431,2835,unassigned
162432,2834,Astro-Epen
162433,2808,unassigned
162434,2808,unassigned
162435,2836,Immune
162436,2808,unassigned
162437,2808,unassigned
162438,2837,Astro-Epen
162439,2836,Immune
162440,2808,unassigned
162441,2838,unassigned
162442,2839,Immune
162443,2808,unassigned
162444,2807,Immune
162445,2826,Astro-Epen
162446,2826,Astro-Epen
162447,2819,GABA_Neuron
162448,2819,GABA_Neuron
162449,2821,Astro-Epen
162450,2808,unassigned
162451,2808,unassigned
162452,2808,unassigned
162453,2829,Immune
162454,2808,unassigned
162455,2805,Excitatory_Neuron
162456,2807,Immune
162457,2805,Excitatory_Neuron
162458,2826,Astro-Epen
162459,2808,unassigned
162460,2805,Excitatory_Neuron
162461,2808,unassigned
162462,2805,Excitatory_Neuron
162463,2807,Immune
162464,2805,Excitatory_Neuron
162465,2805,Excitatory_Neuron
162466,2808,unassigned
162467,2808,unassigned
162468,2825,Astro-Epen
162469,2840,unassigned
162470,2829,Immune
162471,2829,Immune
162472,2832,unassigned
162473,2836,Immune
162474,2808,unassigned
162475,2808,unassigned
162476,2805,Excitatory_Neuron
162477,2805,Excitatory_Neuron
162478,2805,Excitatory_Neuron
162479,2814,Excitatory_Neuron
162480,2805,Excitatory_Neuron
162481,2818,unassigned
162482,2805,Excitatory_Neuron
162483,2805,Excitatory_Neuron
162484,2808,unassigned
162485,2805,Excitatory_Neuron
162486,2808,unassigned
162487,2805,Excitatory_Neuron
162488,2821,Astro-Epen
162489,2824,unassigned
162490,2825,Astro-Epen
162491,2819,GABA_Neuron
162492,2808,unassigned
162493,2829,Immune
162494,2808,unassigned
162495,2808,unassigned
162496,2835,unassigned
162497,2808,unassigned
162498,2808,unassigned
162499,2841,unassigned
162500,2806,Excitatory_Neuron
162501,2805,Excitatory_Neuron
162502,2807,Immune
162503,2805,Excitatory_Neuron
162504,2815,Astro-Epen
162505,2808,unassigned
162506,2822,Excitatory_Neuron
162507,2824,unassigned
162508,2826,Astro-Epen
162509,2824,unassigned
162510,2819,GABA_Neuron
162511,2828,Excitatory_Neuron
162512,2842,unassigned
162513,2828,Excitatory_Neuron
162514,2842,unassigned
162515,2808,unassigned
162516,2825,Astro-Epen
162517,2832,unassigned
162518,2808,unassigned
162519,2835,unassigned
162520,2834,Astro-Epen
162521,2808,unassigned
162522,2808,unassigned
162523,2836,Immune
162524,2808,unassigned
162525,2808,unassigned
162526,2839,Immune
162527,2808,unassigned
162528,2807,Immune
162529,2808,unassigned
162530,2811,unassigned
162531,2811,unassigned
162532,2807,Immune
162533,2808,unassigned
162534,2808,unassigned
162535,2808,unassigned
162536,2815,Astro-Epen
162537,2815,Astro-Epen
162538,2819,GABA_Neuron
162539,2808,unassigned
162540,2808,unassigned
162541,2808,unassigned
162542,2827,Vascular
162543,2825,Astro-Epen
162544,2830,unassigned
162545,2831,Astro-Epen
162546,2832,unassigned
162547,2834,Astro-Epen
162548,2808,unassigned
162549,2834,Astro-Epen
162550,2808,unassigned
162551,2808,unassigned
162552,2808,unassigned
162553,2838,unassigned
162554,2808,unassigned
162555,2809,unassigned
162556,2809,unassigned
162557,2805,Excitatory_Neuron
162558,2807,Immune
162559,2808,unassigned
162560,2815,Astro-Epen
162561,2808,unassigned
162562,2815,Astro-Epen
162563,2815,Astro-Epen
162564,2805,Excitatory_Neuron
162565,2819,GABA_Neuron
162566,2821,Astro-Epen
162567,2824,unassigned
162568,2826,Astro-Epen
162569,2825,Astro-Epen
162570,2821,Astro-Epen
162571,2827,Vascular
162572,2830,unassigned
162573,2843,unassigned
162574,2831,Astro-Epen
162575,2829,Immune
162576,2808,unassigned
162577,2808,unassigned
162578,2805,Excitatory_Neuron
162579,2805,Excitatory_Neuron
162580,2807,Immune
162581,2807,Immune
162582,2805,Excitatory_Neuron
162583,2808,unassigned
162584,2808,unassigned
162585,2815,Astro-Epen
162586,2814,Excitatory_Neuron
162587,2805,Excitatory_Neuron
162588,2805,Excitatory_Neuron
162589,2808,unassigned
162590,2818,unassigned
162591,2808,unassigned
162592,2805,Excitatory_Neuron
162593,2822,Excitatory_Neuron
162594,2822,Excitatory_Neuron
162595,2823,unassigned
162596,2826,Astro-Epen
162597,2819,GABA_Neuron
162598,2808,unassigned
162599,2824,unassigned
162600,2825,Astro-Epen
162601,2824,unassigned
162602,2808,unassigned
162603,2821,Astro-Epen
162604,2821,Astro-Epen
162605,2819,GABA_Neuron
162606,2825,Astro-Epen
162607,2825,Astro-Epen
162608,2844,unassigned
162609,2828,Excitatory_Neuron
162610,2828,Excitatory_Neuron
162611,2825,Astro-Epen
162612,2830,unassigned
162613,2831,Astro-Epen
162614,2843,unassigned
162615,2832,unassigned
162616,2835,unassigned
162617,2836,Immune
162618,2836,Immune
162619,2808,unassigned
162620,2805,Excitatory_Neuron
162621,2808,unassigned
162622,2805,Excitatory_Neuron
162623,2808,unassigned
162624,2817,Excitatory_Neuron
162625,2805,Excitatory_Neuron
162626,2814,Excitatory_Neuron
162627,2819,GABA_Neuron
162628,2825,Astro-Epen
162629,2819,GABA_Neuron
162630,2842,unassigned
162631,2825,Astro-Epen
162632,2830,unassigned
162633,2808,unassigned
162634,2825,Astro-Epen
162635,2831,Astro-Epen
162636,2825,Astro-Epen
162637,2808,unassigned
162638,2836,Immune
162639,2845,unassigned
162640,2808,unassigned
162641,2808,unassigned
162642,2811,unassigned
162643,2805,Excitatory_Neuron
162644,2811,unassigned
162645,2808,unassigned
162646,2805,Excitatory_Neuron
162647,2814,Excitatory_Neuron
162648,2814,Excitatory_Neuron
162649,2815,Astro-Epen
162650,2805,Excitatory_Neuron
162651,2808,unassigned
162652,2820,Excitatory_Neuron
162653,2824,unassigned
162654,2819,GABA_Neuron
162655,2819,GABA_Neuron
162656,2828,Excitatory_Neuron
162657,2808,unassigned
162658,2808,unassigned
162659,2825,Astro-Epen
162660,2842,unassigned
162661,2831,Astro-Epen
162662,2832,unassigned
162663,2838,unassigned
162664,2808,unassigned
162665,2806,Excitatory_Neuron
162666,2807,Immune
162667,2808,unassigned
162668,2814,Excitatory_Neuron
162669,2814,Excitatory_Neuron
162670,2814,Excitatory_Neuron
162671,2805,Excitatory_Neuron
162672,2815,Astro-Epen
162673,2814,Excitatory_Neuron
162674,2819,GABA_Neuron
162675,2825,Astro-Epen
162676,2826,Astro-Epen
162677,2826,Astro-Epen
162678,2826,Astro-Epen
162679,2825,Astro-Epen
162680,2825,Astro-Epen
162681,2808,unassigned
162682,2808,unassigned
162683,2825,Astro-Epen
162684,2831,Astro-Epen
162685,2808,unassigned
162686,2808,unassigned
162687,2846,unassigned
162688,2808,unassigned
162689,2834,Astro-Epen
162690,2808,unassigned
162691,2839,Immune
162692,2839,Immune
162693,2808,unassigned
162694,2809,unassigned
162695,2812,Excitatory_Neuron
162696,2811,unassigned
162697,2808,unassigned
162698,2819,GABA_Neuron
162699,2820,Excitatory_Neuron
162700,2824,unassigned
162701,2808,unassigned
162702,2839,Immune
162703,2808,unassigned
162704,2839,Immune
162705,2808,unassigned
162706,2811,unassigned
162707,2808,unassigned
162708,2807,Immune
162709,2807,Immune
162710,2815,Astro-Epen
162711,2805,Excitatory_Neuron
162712,2805,Excitatory_Neuron
162713,2808,unassigned
162714,2822,Excitatory_Neuron
162715,2808,unassigned
162716,2825,Astro-Epen
162717,2808,unassigned
162718,2827,Vascular
162719,2840,unassigned
162720,2808,unassigned
162721,2836,Immune
162722,2808,unassigned
162723,2836,Immune
162724,2845,unassigned
162725,2838,unassigned
162726,2805,Excitatory_Neuron
162727,2808,unassigned
162728,2806,Excitatory_Neuron
162729,2809,unassigned
162730,2808,unassigned
162731,2808,unassigned
162732,2805,Excitatory_Neuron
162733,2813,GABA_Neuron
162734,2808,unassigned
162735,2805,Excitatory_Neuron
162736,2807,Immune
162737,2815,Astro-Epen
162738,2815,Astro-Epen
162739,2814,Excitatory_Neuron
162740,2814,Excitatory_Neuron
162741,2805,Excitatory_Neuron
162742,2814,Excitatory_Neuron
162743,2819,GABA_Neuron
162744,2808,unassigned
162745,2808,unassigned
162746,2821,Astro-Epen
162747,2842,unassigned
162748,2828,Excitatory_Neuron
162749,2829,Immune
162750,2835,unassigned
162751,2834,Astro-Epen
162752,2846,unassigned
162753,2836,Immune
162754,2839,Immune
162755,2808,unassigned
162756,2809,unassigned
162757,2806,Excitatory_Neuron
162758,2805,Excitatory_Neuron
162759,2805,Excitatory_Neuron
162760,2807,Immune
162761,2805,Excitatory_Neuron
162762,2805,Excitatory_Neuron
162763,2808,unassigned
162764,2821,Astro-Epen
162765,2825,Astro-Epen
162766,2808,unassigned
162767,2821,Astro-Epen
162768,2808,unassigned
162769,2828,Excitatory_Neuron
162770,2831,Astro-Epen
162771,2825,Astro-Epen
162772,2847,Immune
162773,2829,Immune
162774,2825,Astro-Epen
162775,2808,unassigned
162776,2846,unassigned
162777,2834,Astro-Epen
162778,2808,unassigned
162779,2839,Immune
162780,2837,Astro-Epen
162781,2808,unassigned
162782,2837,Astro-Epen
162783,2808,unassigned
162784,2839,Immune
162785,2838,unassigned
162786,2805,Excitatory_Neuron
162787,2809,unassigned
162788,2808,unassigned
162789,2812,Excitatory_Neuron
162790,2805,Excitatory_Neuron
162791,2805,Excitatory_Neuron
162792,2805,Excitatory_Neuron
162793,2808,unassigned
162794,2848,unassigned
162795,2808,unassigned
162796,2818,unassigned
162797,2808,unassigned
162798,2808,unassigned
162799,2822,Excitatory_Neuron
162800,2808,unassigned
162801,2820,Excitatory_Neuron
162802,2825,Astro-Epen
162803,2808,unassigned
162804,2825,Astro-Epen
162805,2829,Immune
162806,2842,unassigned
162807,2808,unassigned
162808,2808,unassigned
162809,2808,unassigned
162810,2805,Excitatory_Neuron
162811,2814,Excitatory_Neuron
162812,2805,Excitatory_Neuron
162813,2822,Excitatory_Neuron
162814,2826,Astro-Epen
162815,2822,Excitatory_Neuron
162816,2822,Excitatory_Neuron
162817,2844,unassigned
162818,2828,Excitatory_Neuron
162819,2829,Immune
162820,2833,unassigned
162821,2833,unassigned
162822,2846,unassigned
162823,2808,unassigned
162824,2805,Excitatory_Neuron
162825,2805,Excitatory_Neuron
162826,2813,GABA_Neuron
162827,2808,unassigned
162828,2808,unassigned
162829,2808,unassigned
162830,2808,unassigned
162831,2817,Excitatory_Neuron
162832,2814,Excitatory_Neuron
162833,2808,unassigned
162834,2805,Excitatory_Neuron
162835,2820,Excitatory_Neuron
162836,2808,unassigned
162837,2824,unassigned
162838,2822,Excitatory_Neuron
162839,2820,Excitatory_Neuron
162840,2822,Excitatory_Neuron
162841,2822,Excitatory_Neuron
162842,2821,Astro-Epen
162843,2825,Astro-Epen
162844,2808,unassigned
162845,2808,unassigned
162846,2808,unassigned
162847,2835,unassigned
162848,2847,Immune
162849,2839,Immune
162850,2808,unassigned
162851,2808,unassigned
162852,2808,unassigned
162853,2808,unassigned
162854,2811,unassigned
162855,2815,Astro-Epen
162856,2805,Excitatory_Neuron
162857,2805,Excitatory_Neuron
162858,2808,unassigned
162859,2820,Excitatory_Neuron
162860,2808,unassigned
162861,2808,unassigned
162862,2808,unassigned
162863,2826,Astro-Epen
162864,2826,Astro-Epen
162865,2821,Astro-Epen
162866,2821,Astro-Epen
162867,2808,unassigned
162868,2808,unassigned
162869,2829,Immune
162870,2829,Immune
162871,2832,unassigned
162872,2836,Immune
162873,2808,unassigned
162874,2845,unassigned
162875,2808,unassigned
162876,2808,unassigned
162877,2808,unassigned
162878,2808,unassigned
162879,2808,unassigned
162880,2815,Astro-Epen
162881,2814,Excitatory_Neuron
162882,2808,unassigned
162883,2808,unassigned
162884,2808,unassigned
162885,2808,unassigned
162886,2822,Excitatory_Neuron
162887,2821,Astro-Epen
162888,2819,GABA_Neuron
162889,2821,Astro-Epen
162890,2849,unassigned
162891,2831,Astro-Epen
162892,2830,unassigned
162893,2850,unassigned
162894,2829,Immune
162895,2808,unassigned
162896,2841,unassigned
162897,2851,unassigned
162898,2808,unassigned
162899,2805,Excitatory_Neuron
162900,2805,Excitatory_Neuron
162901,2805,Excitatory_Neuron
162902,2805,Excitatory_Neuron
162903,2817,Excitatory_Neuron
162904,2814,Excitatory_Neuron
162905,2805,Excitatory_Neuron
162906,2808,unassigned
162907,2808,unassigned
162908,2828,Excitatory_Neuron
162909,2808,unassigned
162910,2842,unassigned
162911,2808,unassigned
162912,2808,unassigned
162913,2808,unassigned
162914,2808,unassigned
162915,2836,Immune
162916,2808,unassigned
162917,2837,Astro-Epen
162918,2810,unassigned
162919,2808,unassigned
162920,2811,unassigned
162921,2808,unassigned
162922,2808,unassigned
162923,2807,Immune
162924,2814,Excitatory_Neuron
162925,2805,Excitatory_Neuron
162926,2808,unassigned
162927,2808,unassigned
162928,2825,Astro-Epen
162929,2808,unassigned
162930,2842,unassigned
162931,2825,Astro-Epen
162932,2827,Vascular
162933,2825,Astro-Epen
162934,2829,Immune
162935,2808,unassigned
162936,2839,Immune
162937,2839,Immune
162938,2808,unassigned
162939,2808,unassigned
162940,2808,unassigned
162941,2805,Excitatory_Neuron
162942,2815,Astro-Epen
162943,2852,unassigned
162944,2820,Excitatory_Neuron
162945,2819,GABA_Neuron
162946,2821,Astro-Epen
162947,2821,Astro-Epen
162948,2842,unassigned
162949,2831,Astro-Epen
162950,2832,unassigned
162951,2829,Immune
162952,2834,Astro-Epen
162953,2808,unassigned
162954,2836,Immune
162955,2838,unassigned
162956,2841,unassigned
162957,2807,Immune
162958,2811,unassigned
162959,2808,unassigned
162960,2805,Excitatory_Neuron
162961,2822,Excitatory_Neuron
162962,2821,Astro-Epen
162963,2825,Astro-Epen
162964,2821,Astro-Epen
162965,2821,Astro-Epen
162966,2808,unassigned
162967,2843,unassigned
162968,2808,unassigned
162969,2835,unassigned
162970,2808,unassigned
162971,2805,Excitatory_Neuron
162972,2805,Excitatory_Neuron
162973,2810,unassigned
162974,2811,unassigned
162975,2807,Immune
162976,2807,Immune
162977,2808,unassigned
162978,2814,Excitatory_Neuron
162979,2820,Excitatory_Neuron
162980,2822,Excitatory_Neuron
162981,2808,unassigned
162982,2808,unassigned
162983,2822,Excitatory_Neuron
162984,2808,unassigned
162985,2826,Astro-Epen
162986,2820,Excitatory_Neuron
162987,2825,Astro-Epen
162988,2808,unassigned
162989,2842,unassigned
162990,2808,unassigned
162991,2808,unassigned
162992,2828,Excitatory_Neuron
162993,2827,Vascular
162994,2825,Astro-Epen
162995,2831,Astro-Epen
162996,2829,Immune
162997,2825,Astro-Epen
162998,2808,unassigned
162999,2839,Immune
163000,2808,unassigned
163001,2809,unassigned
163002,2809,unassigned
163003,2807,Immune
163004,2808,unassigned
163005,2814,Excitatory_Neuron
163006,2808,unassigned
163007,2820,Excitatory_Neuron
163008,2826,Astro-Epen
163009,2826,Astro-Epen
163010,2826,Astro-Epen
163011,2821,Astro-Epen
163012,2825,Astro-Epen
163013,2808,unassigned
163014,2808,unassigned
163015,2833,unassigned
163016,2831,Astro-Epen
163017,2832,unassigned
163018,2808,unassigned
163019,2808,unassigned
163020,2808,unassigned
163021,2805,Excitatory_Neuron
163022,2805,Excitatory_Neuron
163023,2805,Excitatory_Neuron
163024,2815,Astro-Epen
163025,2808,unassigned
163026,2808,unassigned
163027,2805,Excitatory_Neuron
163028,2808,unassigned
163029,2820,Excitatory_Neuron
163030,2821,Astro-Epen
163031,2808,unassigned
163032,2808,unassigned
163033,2808,unassigned
163034,2821,Astro-Epen
163035,2821,Astro-Epen
163036,2828,Excitatory_Neuron
163037,2825,Astro-Epen
163038,2825,Astro-Epen
163039,2829,Immune
163040,2808,unassigned
163041,2808,unassigned
163042,2808,unassigned
163043,2808,unassigned
163044,2835,unassigned
163045,2836,Immune
163046,2813,GABA_Neuron
163047,2811,unassigned
163048,2808,unassigned
163049,2808,unassigned
163050,2815,Astro-Epen
163051,2814,Excitatory_Neuron
163052,2805,Excitatory_Neuron
163053,2808,unassigned
163054,2808,unassigned
163055,2808,unassigned
163056,2822,Excitatory_Neuron
163057,2826,Astro-Epen
163058,2842,unassigned
163059,2808,unassigned
163060,2827,Vascular
163061,2825,Astro-Epen
163062,2827,Vascular
163063,2831,Astro-Epen
163064,2831,Astro-Epen
163065,2833,unassigned
163066,2839,Immune
163067,2838,unassigned
163068,2837,Astro-Epen
163069,2813,GABA_Neuron
163070,2805,Excitatory_Neuron
163071,2812,Excitatory_Neuron
163072,2807,Immune
163073,2808,unassigned
163074,2805,Excitatory_Neuron
163075,2815,Astro-Epen
163076,2805,Excitatory_Neuron
163077,2805,Excitatory_Neuron
163078,2808,unassigned
163079,2822,Excitatory_Neuron
163080,2826,Astro-Epen
163081,2808,unassigned
163082,2826,Astro-Epen
163083,2822,Excitatory_Neuron
163084,2826,Astro-Epen
163085,2826,Astro-Epen
163086,2808,unassigned
163087,2844,unassigned
163088,2844,unassigned
163089,2808,unassigned
163090,2830,unassigned
163091,2829,Immune
163092,2834,Astro-Epen
163093,2808,unassigned
163094,2836,Immune
163095,2836,Immune
163096,2836,Immune
163097,2836,Immune
163098,2807,Immune
163099,2815,Astro-Epen
163100,2805,Excitatory_Neuron
163101,2805,Excitatory_Neuron
163102,2817,Excitatory_Neuron
163103,2805,Excitatory_Neuron
163104,2805,Excitatory_Neuron
163105,2805,Excitatory_Neuron
163106,2805,Excitatory_Neuron
163107,2808,unassigned
163108,2808,unassigned
163109,2819,GABA_Neuron
163110,2821,Astro-Epen
163111,2819,GABA_Neuron
163112,2822,Excitatory_Neuron
163113,2821,Astro-Epen
163114,2826,Astro-Epen
163115,2826,Astro-Epen
163116,2825,Astro-Epen
163117,2844,unassigned
163118,2825,Astro-Epen
163119,2829,Immune
163120,2829,Immune
163121,2825,Astro-Epen
163122,2808,unassigned
163123,2808,unassigned
163124,2851,unassigned
163125,2808,unassigned
163126,2808,unassigned
163127,2808,unassigned
163128,2808,unassigned
163129,2808,unassigned
163130,2820,Excitatory_Neuron
163131,2853,unassigned
163132,2828,Excitatory_Neuron
163133,2842,unassigned
163134,2808,unassigned
163135,2808,unassigned
163136,2831,Astro-Epen
163137,2827,Vascular
163138,2831,Astro-Epen
163139,2846,unassigned
163140,2846,unassigned
163141,2808,unassigned
163142,2808,unassigned
163143,2808,unassigned
163144,2808,unassigned
163145,2836,Immune
163146,2836,Immune
163147,2808,unassigned
163148,2809,unassigned
163149,2805,Excitatory_Neuron
163150,2813,GABA_Neuron
163151,2807,Immune
163152,2812,Excitatory_Neuron
163153,2805,Excitatory_Neuron
163154,2805,Excitatory_Neuron
163155,2814,Excitatory_Neuron
163156,2822,Excitatory_Neuron
163157,2854,Astro-Epen
163158,2822,Excitatory_Neuron
163159,2821,Astro-Epen
163160,2808,unassigned
163161,2821,Astro-Epen
163162,2825,Astro-Epen
163163,2827,Vascular
163164,2828,Excitatory_Neuron
163165,2829,Immune
163166,2843,unassigned
163167,2808,unassigned
163168,2831,Astro-Epen
163169,2829,Immune
163170,2808,unassigned
163171,2808,unassigned
163172,2807,Immune
163173,2807,Immune
163174,2807,Immune
163175,2805,Excitatory_Neuron
163176,2854,Astro-Epen
163177,2808,unassigned
163178,2822,Excitatory_Neuron
163179,2844,unassigned
163180,2825,Astro-Epen
163181,2808,unassigned
163182,2828,Excitatory_Neuron
163183,2828,Excitatory_Neuron
163184,2808,unassigned
163185,2843,unassigned
163186,2835,unassigned
163187,2808,unassigned
163188,2808,unassigned
163189,2836,Immune
163190,2810,unassigned
163191,2808,unassigned
163192,2809,unassigned
163193,2810,unassigned
163194,2805,Excitatory_Neuron
163195,2808,unassigned
163196,2812,Excitatory_Neuron
163197,2808,unassigned
163198,2814,Excitatory_Neuron
163199,2805,Excitatory_Neuron
163200,2817,Excitatory_Neuron
163201,2805,Excitatory_Neuron
163202,2805,Excitatory_Neuron
163203,2819,GABA_Neuron
163204,2808,unassigned
163205,2820,Excitatory_Neuron
163206,2822,Excitatory_Neuron
163207,2826,Astro-Epen
163208,2822,Excitatory_Neuron
163209,2825,Astro-Epen
163210,2821,Astro-Epen
163211,2808,unassigned
163212,2842,unassigned
163213,2830,unassigned
163214,2842,unassigned
163215,2808,unassigned
163216,2836,Immune
163217,2808,unassigned
163218,2841,unassigned
163219,2841,unassigned
163220,2810,unassigned
163221,2807,Immune
163222,2808,unassigned
163223,2805,Excitatory_Neuron
163224,2808,unassigned
163225,2855,unassigned
163226,2856,unassigned
163227,2808,unassigned
163228,2821,Astro-Epen
163229,2808,unassigned
163230,2830,unassigned
163231,2846,unassigned
163232,2835,unassigned
163233,2808,unassigned
163234,2812,Excitatory_Neuron
163235,2805,Excitatory_Neuron
163236,2808,unassigned
163237,2807,Immune
163238,2805,Excitatory_Neuron
163239,2819,GABA_Neuron
163240,2826,Astro-Epen
163241,2808,unassigned
163242,2822,Excitatory_Neuron
163243,2825,Astro-Epen
163244,2844,unassigned
163245,2821,Astro-Epen
163246,2857,Astro-Epen
163247,2857,Astro-Epen
163248,2828,Excitatory_Neuron
163249,2808,unassigned
163250,2827,Vascular
163251,2831,Astro-Epen
163252,2808,unassigned
163253,2808,unassigned
163254,2836,Immune
163255,2807,Immune
163256,2805,Excitatory_Neuron
163257,2805,Excitatory_Neuron
163258,2811,unassigned
163259,2805,Excitatory_Neuron
163260,2815,Astro-Epen
163261,2815,Astro-Epen
163262,2805,Excitatory_Neuron
163263,2815,Astro-Epen
163264,2814,Excitatory_Neuron
163265,2805,Excitatory_Neuron
163266,2820,Excitatory_Neuron
163267,2820,Excitatory_Neuron
163268,2808,unassigned
163269,2825,Astro-Epen
163270,2826,Astro-Epen
163271,2808,unassigned
163272,2828,Excitatory_Neuron
163273,2831,Astro-Epen
163274,2831,Astro-Epen
163275,2836,Immune
163276,2808,unassigned
163277,2808,unassigned
163278,2808,unassigned
163279,2805,Excitatory_Neuron
163280,2814,Excitatory_Neuron
163281,2855,unassigned
163282,2814,Excitatory_Neuron
163283,2808,unassigned
163284,2820,Excitatory_Neuron
163285,2808,unassigned
163286,2824,unassigned
163287,2825,Astro-Epen
163288,2825,Astro-Epen
163289,2825,Astro-Epen
163290,2822,Excitatory_Neuron
163291,2808,unassigned
163292,2828,Excitatory_Neuron
163293,2827,Vascular
163294,2808,unassigned
163295,2827,Vascular
163296,2829,Immune
163297,2831,Astro-Epen
163298,2827,Vascular
163299,2808,unassigned
163300,2808,unassigned
163301,2834,Astro-Epen
163302,2831,Astro-Epen
163303,2839,Immune
163304,2808,unassigned
163305,2858,unassigned
163306,2858,unassigned
163307,2813,GABA_Neuron
163308,2808,unassigned
163309,2808,unassigned
163310,2805,Excitatory_Neuron
163311,2807,Immune
163312,2808,unassigned
163313,2814,Excitatory_Neuron
163314,2817,Excitatory_Neuron
163315,2808,unassigned
163316,2808,unassigned
163317,2859,unassigned
163318,2808,unassigned
163319,2808,unassigned
163320,2857,Astro-Epen
163321,2808,unassigned
163322,2831,Astro-Epen
163323,2829,Immune
163324,2808,unassigned
163325,2829,Immune
163326,2834,Astro-Epen
163327,2839,Immune
163328,2809,unassigned
163329,2813,GABA_Neuron
163330,2807,Immune
163331,2808,unassigned
163332,2807,Immune
163333,2808,unassigned
163334,2808,unassigned
163335,2860,unassigned
163336,2822,Excitatory_Neuron
163337,2821,Astro-Epen
163338,2828,Excitatory_Neuron
163339,2808,unassigned
163340,2808,unassigned
163341,2828,Excitatory_Neuron
163342,2827,Vascular
163343,2808,unassigned
163344,2834,Astro-Epen
163345,2847,Immune
163346,2836,Immune
163347,2808,unassigned
163348,2861,unassigned
163349,2810,unassigned
163350,2806,Excitatory_Neuron
163351,2813,GABA_Neuron
163352,2808,unassigned
163353,2805,Excitatory_Neuron
163354,2814,Excitatory_Neuron
163355,2808,unassigned
163356,2805,Excitatory_Neuron
163357,2808,unassigned
163358,2854,Astro-Epen
163359,2821,Astro-Epen
163360,2819,GABA_Neuron
163361,2825,Astro-Epen
163362,2830,unassigned
163363,2842,unassigned
163364,2828,Excitatory_Neuron
163365,2808,unassigned
163366,2808,unassigned
163367,2808,unassigned
163368,2808,unassigned
163369,2834,Astro-Epen
163370,2836,Immune
163371,2808,unassigned
163372,2813,GABA_Neuron
163373,2808,unassigned
163374,2807,Immune
163375,2808,unassigned
163376,2808,unassigned
163377,2817,Excitatory_Neuron
163378,2814,Excitatory_Neuron
163379,2808,unassigned
163380,2808,unassigned
163381,2814,Excitatory_Neuron
163382,2805,Excitatory_Neuron
163383,2808,unassigned
163384,2808,unassigned
163385,2826,Astro-Epen
163386,2826,Astro-Epen
163387,2808,unassigned
163388,2825,Astro-Epen
163389,2825,Astro-Epen
163390,2808,unassigned
163391,2837,Astro-Epen
163392,2806,Excitatory_Neuron
163393,2808,unassigned
163394,2815,Astro-Epen
163395,2817,Excitatory_Neuron
163396,2854,Astro-Epen
163397,2821,Astro-Epen
163398,2808,unassigned
163399,2857,Astro-Epen
163400,2842,unassigned
163401,2808,unassigned
163402,2862,unassigned
163403,2831,Astro-Epen
163404,2832,unassigned
163405,2808,unassigned
163406,2841,unassigned
163407,2838,unassigned
163408,2808,unassigned
163409,2808,unassigned
163410,2808,unassigned
163411,2808,unassigned
163412,2807,Immune
163413,2807,Immune
163414,2805,Excitatory_Neuron
163415,2808,unassigned
163416,2808,unassigned
163417,2805,Excitatory_Neuron
163418,2855,unassigned
163419,2805,Excitatory_Neuron
163420,2822,Excitatory_Neuron
163421,2821,Astro-Epen
163422,2808,unassigned
163423,2830,unassigned
163424,2834,Astro-Epen
163425,2836,Immune
163426,2836,Immune
163427,2805,Excitatory_Neuron
163428,2808,unassigned
163429,2805,Excitatory_Neuron
163430,2807,Immune
163431,2814,Excitatory_Neuron
163432,2817,Excitatory_Neuron
163433,2815,Astro-Epen
163434,2814,Excitatory_Neuron
163435,2805,Excitatory_Neuron
163436,2808,unassigned
163437,2822,Excitatory_Neuron
163438,2819,GABA_Neuron
163439,2808,unassigned
163440,2829,Immune
163441,2837,Astro-Epen
163442,2861,unassigned
163443,2808,unassigned
163444,2808,unassigned
163445,2808,unassigned
163446,2812,Excitatory_Neuron
163447,2808,unassigned
163448,2805,Excitatory_Neuron
163449,2825,Astro-Epen
163450,2822,Excitatory_Neuron
163451,2822,Excitatory_Neuron
163452,2822,Excitatory_Neuron
163453,2822,Excitatory_Neuron
163454,2808,unassigned
163455,2842,unassigned
163456,2808,unassigned
163457,2825,Astro-Epen
163458,2808,unassigned
163459,2830,unassigned
163460,2829,Immune
163461,2829,Immune
163462,2829,Immune
163463,2847,Immune
163464,2808,unassigned
163465,2808,unassigned
163466,2808,unassigned
163467,2808,unassigned
163468,2836,Immune
163469,2839,Immune
163470,2808,unassigned
163471,2808,unassigned
163472,2806,Excitatory_Neuron
163473,2808,unassigned
163474,2805,Excitatory_Neuron
163475,2807,Immune
163476,2805,Excitatory_Neuron
163477,2814,Excitatory_Neuron
163478,2817,Excitatory_Neuron
163479,2854,Astro-Epen
163480,2860,unassigned
163481,2805,Excitatory_Neuron
163482,2820,Excitatory_Neuron
163483,2821,Astro-Epen
163484,2857,Astro-Epen
163485,2808,unassigned
163486,2808,unassigned
163487,2825,Astro-Epen
163488,2808,unassigned
163489,2808,unassigned
163490,2828,Excitatory_Neuron
163491,2808,unassigned
163492,2846,unassigned
163493,2808,unassigned
163494,2805,Excitatory_Neuron
163495,2807,Immune
163496,2805,Excitatory_Neuron
163497,2815,Astro-Epen
163498,2808,unassigned
163499,2808,unassigned
163500,2822,Excitatory_Neuron
163501,2808,unassigned
163502,2821,Astro-Epen
163503,2825,Astro-Epen
163504,2844,unassigned
163505,2857,Astro-Epen
163506,2821,Astro-Epen
163507,2825,Astro-Epen
163508,2830,unassigned
163509,2828,Excitatory_Neuron
163510,2828,Excitatory_Neuron
163511,2843,unassigned
163512,2829,Immune
163513,2829,Immune
163514,2846,unassigned
163515,2808,unassigned
163516,2837,Astro-Epen
163517,2808,unassigned
163518,2808,unassigned
163519,2806,Excitatory_Neuron
163520,2806,Excitatory_Neuron
163521,2809,unassigned
163522,2808,unassigned
163523,2809,unassigned
163524,2813,GABA_Neuron
163525,2808,unassigned
163526,2808,unassigned
163527,2814,Excitatory_Neuron
163528,2808,unassigned
163529,2825,Astro-Epen
163530,2857,Astro-Epen
163531,2808,unassigned
163532,2830,unassigned
163533,2808,unassigned
163534,2808,unassigned
163535,2808,unassigned
163536,2827,Vascular
163537,2828,Excitatory_Neuron
163538,2843,unassigned
163539,2835,unassigned
163540,2835,unassigned
163541,2845,unassigned
163542,2858,unassigned
163543,2845,unassigned
163544,2806,Excitatory_Neuron
163545,2809,unassigned
163546,2809,unassigned
163547,2805,Excitatory_Neuron
163548,2809,unassigned
163549,2808,unassigned
163550,2808,unassigned
163551,2805,Excitatory_Neuron
163552,2805,Excitatory_Neuron
163553,2807,Immune
163554,2807,Immune
163555,2814,Excitatory_Neuron
163556,2815,Astro-Epen
163557,2805,Excitatory_Neuron
163558,2805,Excitatory_Neuron
163559,2808,unassigned
163560,2822,Excitatory_Neuron
163561,2820,Excitatory_Neuron
163562,2820,Excitatory_Neuron
163563,2822,Excitatory_Neuron
163564,2826,Astro-Epen
163565,2830,unassigned
163566,2825,Astro-Epen
163567,2825,Astro-Epen
163568,2808,unassigned
163569,2808,unassigned
163570,2847,Immune
163571,2846,unassigned
163572,2834,Astro-Epen
163573,2836,Immune
163574,2836,Immune
163575,2838,unassigned
163576,2806,Excitatory_Neuron
163577,2808,unassigned
163578,2807,Immune
163579,2808,unassigned
163580,2815,Astro-Epen
163581,2815,Astro-Epen
163582,2805,Excitatory_Neuron
163583,2814,Excitatory_Neuron
163584,2814,Excitatory_Neuron
163585,2854,Astro-Epen
163586,2822,Excitatory_Neuron
163587,2808,unassigned
163588,2808,unassigned
163589,2821,Astro-Epen
163590,2857,Astro-Epen
163591,2857,Astro-Epen
163592,2827,Vascular
163593,2808,unassigned
163594,2833,unassigned
163595,2846,unassigned
163596,2846,unassigned
163597,2839,Immune
163598,2808,unassigned
163599,2858,unassigned
163600,2837,Astro-Epen
163601,2808,unassigned
163602,2810,unassigned
163603,2805,Excitatory_Neuron
163604,2808,unassigned
163605,2805,Excitatory_Neuron
163606,2808,unassigned
163607,2808,unassigned
163608,2817,Excitatory_Neuron
163609,2814,Excitatory_Neuron
163610,2817,Excitatory_Neuron
163611,2808,unassigned
163612,2805,Excitatory_Neuron
163613,2821,Astro-Epen
163614,2819,GABA_Neuron
163615,2857,Astro-Epen
163616,2808,unassigned
163617,2828,Excitatory_Neuron
163618,2829,Immune
163619,2835,unassigned
163620,2808,unassigned
163621,2806,Excitatory_Neuron
163622,2808,unassigned
163623,2808,unassigned
163624,2807,Immune
163625,2808,unassigned
163626,2807,Immune
163627,2814,Excitatory_Neuron
163628,2814,Excitatory_Neuron
163629,2854,Astro-Epen
163630,2805,Excitatory_Neuron
163631,2805,Excitatory_Neuron
163632,2820,Excitatory_Neuron
163633,2820,Excitatory_Neuron
163634,2824,unassigned
163635,2824,unassigned
163636,2822,Excitatory_Neuron
163637,2826,Astro-Epen
163638,2808,unassigned
163639,2819,GABA_Neuron
163640,2808,unassigned
163641,2808,unassigned
163642,2862,unassigned
163643,2831,Astro-Epen
163644,2847,Immune
163645,2839,Immune
163646,2808,unassigned
163647,2806,Excitatory_Neuron
163648,2805,Excitatory_Neuron
163649,2855,unassigned
163650,2860,unassigned
163651,2805,Excitatory_Neuron
163652,2805,Excitatory_Neuron
163653,2820,Excitatory_Neuron
163654,2822,Excitatory_Neuron
163655,2808,unassigned
163656,2822,Excitatory_Neuron
163657,2825,Astro-Epen
163658,2863,unassigned
163659,2825,Astro-Epen
163660,2844,unassigned
163661,2857,Astro-Epen
163662,2842,unassigned
163663,2830,unassigned
163664,2829,Immune
163665,2808,unassigned
163666,2836,Immune
163667,2839,Immune
163668,2813,GABA_Neuron
163669,2808,unassigned
163670,2864,unassigned
163671,2805,Excitatory_Neuron
163672,2808,unassigned
163673,2808,unassigned
163674,2865,unassigned
163675,2808,unassigned
163676,2808,unassigned
163677,2805,Excitatory_Neuron
163678,2808,unassigned
163679,2855,unassigned
163680,2805,Excitatory_Neuron
163681,2808,unassigned
163682,2824,unassigned
163683,2822,Excitatory_Neuron
163684,2821,Astro-Epen
163685,2821,Astro-Epen
163686,2826,Astro-Epen
163687,2844,unassigned
163688,2863,unassigned
163689,2808,unassigned
163690,2825,Astro-Epen
163691,2829,Immune
163692,2808,unassigned
163693,2829,Immune
163694,2832,unassigned
163695,2847,Immune
163696,2808,unassigned
163697,2835,unassigned
163698,2805,Excitatory_Neuron
163699,2808,unassigned
163700,2812,Excitatory_Neuron
163701,2805,Excitatory_Neuron
163702,2805,Excitatory_Neuron
163703,2808,unassigned
163704,2866,unassigned
163705,2805,Excitatory_Neuron
163706,2808,unassigned
163707,2820,Excitatory_Neuron
163708,2822,Excitatory_Neuron
163709,2857,Astro-Epen
163710,2829,Immune
163711,2829,Immune
163712,2829,Immune
163713,2808,unassigned
163714,2808,unassigned
163715,2808,unassigned
163716,2808,unassigned
163717,2808,unassigned
163718,2806,Excitatory_Neuron
163719,2809,unassigned
163720,2813,GABA_Neuron
163721,2808,unassigned
163722,2867,unassigned
163723,2808,unassigned
163724,2820,Excitatory_Neuron
163725,2824,unassigned
163726,2868,unassigned
163727,2819,GABA_Neuron
163728,2844,unassigned
163729,2808,unassigned
163730,2825,Astro-Epen
163731,2808,unassigned
163732,2808,unassigned
163733,2808,unassigned
163734,2825,Astro-Epen
163735,2829,Immune
163736,2808,unassigned
163737,2809,unassigned
163738,2806,Excitatory_Neuron
163739,2808,unassigned
163740,2807,Immune
163741,2807,Immune
163742,2808,unassigned
163743,2805,Excitatory_Neuron
163744,2866,unassigned
163745,2805,Excitatory_Neuron
163746,2805,Excitatory_Neuron
163747,2814,Excitatory_Neuron
163748,2822,Excitatory_Neuron
163749,2820,Excitatory_Neuron
163750,2805,Excitatory_Neuron
163751,2821,Astro-Epen
163752,2868,unassigned
163753,2808,unassigned
163754,2808,unassigned
163755,2808,unassigned
163756,2821,Astro-Epen
163757,2821,Astro-Epen
163758,2857,Astro-Epen
163759,2821,Astro-Epen
163760,2842,unassigned
163761,2829,Immune
163762,2808,unassigned
163763,2808,unassigned
163764,2808,unassigned
163765,2858,unassigned
163766,2861,unassigned
163767,2806,Excitatory_Neuron
163768,2809,unassigned
163769,2808,unassigned
163770,2807,Immune
163771,2808,unassigned
163772,2814,Excitatory_Neuron
163773,2805,Excitatory_Neuron
163774,2814,Excitatory_Neuron
163775,2817,Excitatory_Neuron
163776,2815,Astro-Epen
163777,2854,Astro-Epen
163778,2821,Astro-Epen
163779,2826,Astro-Epen
163780,2842,unassigned
163781,2842,unassigned
163782,2808,unassigned
163783,2808,unassigned
163784,2808,unassigned
163785,2808,unassigned
163786,2839,Immune
163787,2837,Astro-Epen
163788,2805,Excitatory_Neuron
163789,2809,unassigned
163790,2811,unassigned
163791,2805,Excitatory_Neuron
163792,2807,Immune
163793,2811,unassigned
163794,2808,unassigned
163795,2808,unassigned
163796,2808,unassigned
163797,2814,Excitatory_Neuron
163798,2860,unassigned
163799,2826,Astro-Epen
163800,2820,Excitatory_Neuron
163801,2822,Excitatory_Neuron
163802,2826,Astro-Epen
163803,2822,Excitatory_Neuron
163804,2844,unassigned
163805,2821,Astro-Epen
163806,2857,Astro-Epen
163807,2808,unassigned
163808,2831,Astro-Epen
163809,2829,Immune
163810,2808,unassigned
163811,2808,unassigned
163812,2831,Astro-Epen
163813,2835,unassigned
163814,2808,unassigned
163815,2839,Immune
163816,2808,unassigned
163817,2808,unassigned
163818,2811,unassigned
163819,2808,unassigned
163820,2805,Excitatory_Neuron
163821,2807,Immune
163822,2815,Astro-Epen
163823,2815,Astro-Epen
163824,2822,Excitatory_Neuron
163825,2824,unassigned
163826,2824,unassigned
163827,2857,Astro-Epen
163828,2821,Astro-Epen
163829,2808,unassigned
163830,2808,unassigned
163831,2808,unassigned
163832,2808,unassigned
163833,2829,Immune
163834,2808,unassigned
163835,2847,Immune
163836,2835,unassigned
163837,2808,unassigned
163838,2808,unassigned
163839,2808,unassigned
163840,2839,Immune
163841,2808,unassigned
163842,2839,Immune
163843,2808,unassigned
163844,2845,unassigned
163845,2864,unassigned
163846,2864,unassigned
163847,2812,Excitatory_Neuron
163848,2811,unassigned
163849,2817,Excitatory_Neuron
163850,2815,Astro-Epen
163851,2814,Excitatory_Neuron
163852,2822,Excitatory_Neuron
163853,2822,Excitatory_Neuron
163854,2822,Excitatory_Neuron
163855,2819,GABA_Neuron
163856,2808,unassigned
163857,2828,Excitatory_Neuron
163858,2827,Vascular
163859,2829,Immune
163860,2808,unassigned
163861,2862,unassigned
163862,2869,unassigned
163863,2835,unassigned
163864,2831,Astro-Epen
163865,2808,unassigned
163866,2837,Astro-Epen
163867,2808,unassigned
163868,2837,Astro-Epen
163869,2836,Immune
163870,2805,Excitatory_Neuron
163871,2808,unassigned
163872,2805,Excitatory_Neuron
163873,2808,unassigned
163874,2808,unassigned
163875,2867,unassigned
163876,2815,Astro-Epen
163877,2805,Excitatory_Neuron
163878,2819,GABA_Neuron
163879,2821,Astro-Epen
163880,2819,GABA_Neuron
163881,2821,Astro-Epen
163882,2857,Astro-Epen
163883,2829,Immune
163884,2830,unassigned
163885,2829,Immune
163886,2829,Immune
163887,2846,unassigned
163888,2808,unassigned
163889,2808,unassigned
163890,2808,unassigned
163891,2839,Immune
163892,2838,unassigned
163893,2870,unassigned
163894,2813,GABA_Neuron
163895,2806,Excitatory_Neuron
163896,2808,unassigned
163897,2808,unassigned
163898,2808,unassigned
163899,2808,unassigned
163900,2805,Excitatory_Neuron
163901,2808,unassigned
163902,2808,unassigned
163903,2808,unassigned
163904,2805,Excitatory_Neuron
163905,2805,Excitatory_Neuron
163906,2805,Excitatory_Neuron
163907,2826,Astro-Epen
163908,2826,Astro-Epen
163909,2826,Astro-Epen
163910,2808,unassigned
163911,2826,Astro-Epen
163912,2808,unassigned
163913,2828,Excitatory_Neuron
163914,2857,Astro-Epen
163915,2827,Vascular
163916,2828,Excitatory_Neuron
163917,2808,unassigned
163918,2831,Astro-Epen
163919,2831,Astro-Epen
163920,2808,unassigned
163921,2805,Excitatory_Neuron
163922,2808,unassigned
163923,2808,unassigned
163924,2814,Excitatory_Neuron
163925,2808,unassigned
163926,2820,Excitatory_Neuron
163927,2808,unassigned
163928,2805,Excitatory_Neuron
163929,2826,Astro-Epen
163930,2808,unassigned
163931,2825,Astro-Epen
163932,2831,Astro-Epen
163933,2834,Astro-Epen
163934,2839,Immune
163935,2808,unassigned
163936,2836,Immune
163937,2839,Immune
163938,2845,unassigned
163939,2809,unassigned
163940,2808,unassigned
163941,2809,unassigned
163942,2808,unassigned
163943,2807,Immune
163944,2815,Astro-Epen
163945,2814,Excitatory_Neuron
163946,2805,Excitatory_Neuron
163947,2808,unassigned
163948,2815,Astro-Epen
163949,2855,unassigned
163950,2805,Excitatory_Neuron
163951,2808,unassigned
163952,2820,Excitatory_Neuron
163953,2868,unassigned
163954,2808,unassigned
163955,2808,unassigned
163956,2839,Immune
163957,2806,Excitatory_Neuron
163958,2805,Excitatory_Neuron
163959,2812,Excitatory_Neuron
163960,2815,Astro-Epen
163961,2817,Excitatory_Neuron
163962,2808,unassigned
163963,2814,Excitatory_Neuron
163964,2808,unassigned
163965,2822,Excitatory_Neuron
163966,2805,Excitatory_Neuron
163967,2819,GABA_Neuron
163968,2822,Excitatory_Neuron
163969,2821,Astro-Epen
163970,2828,Excitatory_Neuron
163971,2827,Vascular
163972,2808,unassigned
163973,2827,Vascular
163974,2828,Excitatory_Neuron
163975,2827,Vascular
163976,2831,Astro-Epen
163977,2827,Vascular
163978,2833,unassigned
163979,2832,unassigned
163980,2832,unassigned
163981,2834,Astro-Epen
163982,2836,Immune
163983,2805,Excitatory_Neuron
163984,2811,unassigned
163985,2805,Excitatory_Neuron
163986,2807,Immune
163987,2805,Excitatory_Neuron
163988,2817,Excitatory_Neuron
163989,2808,unassigned
163990,2854,Astro-Epen
163991,2826,Astro-Epen
163992,2824,unassigned
163993,2826,Astro-Epen
163994,2822,Excitatory_Neuron
163995,2826,Astro-Epen
163996,2819,GABA_Neuron
163997,2827,Vascular
163998,2830,unassigned
163999,2828,Excitatory_Neuron
164000,2839,Immune
164001,2808,unassigned
164002,2812,Excitatory_Neuron
164003,2808,unassigned
164004,2864,unassigned
164005,2805,Excitatory_Neuron
164006,2805,Excitatory_Neuron
164007,2805,Excitatory_Neuron
164008,2808,unassigned
164009,2817,Excitatory_Neuron
164010,2808,unassigned
164011,2808,unassigned
164012,2805,Excitatory_Neuron
164013,2855,unassigned
164014,2826,Astro-Epen
164015,2822,Excitatory_Neuron
164016,2808,unassigned
164017,2857,Astro-Epen
164018,2827,Vascular
164019,2842,unassigned
164020,2808,unassigned
164021,2847,Immune
164022,2835,unassigned
164023,2847,Immune
164024,2839,Immune
164025,2808,unassigned
164026,2807,Immune
164027,2811,unassigned
164028,2805,Excitatory_Neuron
164029,2805,Excitatory_Neuron
164030,2817,Excitatory_Neuron
164031,2817,Excitatory_Neuron
164032,2805,Excitatory_Neuron
164033,2822,Excitatory_Neuron
164034,2822,Excitatory_Neuron
164035,2821,Astro-Epen
164036,2821,Astro-Epen
164037,2808,unassigned
164038,2826,Astro-Epen
164039,2857,Astro-Epen
164040,2808,unassigned
164041,2842,unassigned
164042,2808,unassigned
164043,2831,Astro-Epen
164044,2830,unassigned
164045,2846,unassigned
164046,2836,Immune
164047,2805,Excitatory_Neuron
164048,2813,GABA_Neuron
164049,2813,GABA_Neuron
164050,2813,GABA_Neuron
164051,2808,unassigned
164052,2812,Excitatory_Neuron
164053,2808,unassigned
164054,2814,Excitatory_Neuron
164055,2805,Excitatory_Neuron
164056,2814,Excitatory_Neuron
164057,2817,Excitatory_Neuron
164058,2815,Astro-Epen
164059,2855,unassigned
164060,2855,unassigned
164061,2822,Excitatory_Neuron
164062,2871,unassigned
164063,2822,Excitatory_Neuron
164064,2849,unassigned
164065,2857,Astro-Epen
164066,2843,unassigned
164067,2829,Immune
164068,2832,unassigned
164069,2808,unassigned
164070,2808,unassigned
164071,2858,unassigned
164072,2845,unassigned
164073,2808,unassigned
164074,2806,Excitatory_Neuron
164075,2808,unassigned
164076,2805,Excitatory_Neuron
164077,2814,Excitatory_Neuron
164078,2805,Excitatory_Neuron
164079,2814,Excitatory_Neuron
164080,2814,Excitatory_Neuron
164081,2822,Excitatory_Neuron
164082,2829,Immune
164083,2862,unassigned
164084,2831,Astro-Epen
164085,2808,unassigned
164086,2808,unassigned
164087,2805,Excitatory_Neuron
164088,2808,unassigned
164089,2814,Excitatory_Neuron
164090,2805,Excitatory_Neuron
164091,2814,Excitatory_Neuron
164092,2867,unassigned
164093,2805,Excitatory_Neuron
164094,2866,unassigned
164095,2821,Astro-Epen
164096,2808,unassigned
164097,2808,unassigned
164098,2806,Excitatory_Neuron
164099,2806,Excitatory_Neuron
164100,2806,Excitatory_Neuron
164101,2806,Excitatory_Neuron
164102,2808,unassigned
164103,2807,Immune
164104,2814,Excitatory_Neuron
164105,2855,unassigned
164106,2805,Excitatory_Neuron
164107,2817,Excitatory_Neuron
164108,2819,GABA_Neuron
164109,2822,Excitatory_Neuron
164110,2822,Excitatory_Neuron
164111,2843,unassigned
164112,2808,unassigned
164113,2808,unassigned
164114,2808,unassigned
164115,2872,unassigned
164116,2808,unassigned
164117,2812,Excitatory_Neuron
164118,2805,Excitatory_Neuron
164119,2814,Excitatory_Neuron
164120,2805,Excitatory_Neuron
164121,2826,Astro-Epen
164122,2822,Excitatory_Neuron
164123,2808,unassigned
164124,2842,unassigned
164125,2842,unassigned
164126,2836,Immune
164127,2873,GABA_Neuron
164128,2805,Excitatory_Neuron
164129,2808,unassigned
164130,2805,Excitatory_Neuron
164131,2808,unassigned
164132,2805,Excitatory_Neuron
164133,2814,Excitatory_Neuron
164134,2867,unassigned
164135,2808,unassigned
164136,2855,unassigned
164137,2874,unassigned
164138,2808,unassigned
164139,2868,unassigned
164140,2822,Excitatory_Neuron
164141,2822,Excitatory_Neuron
164142,2826,Astro-Epen
164143,2821,Astro-Epen
164144,2821,Astro-Epen
164145,2830,unassigned
164146,2827,Vascular
164147,2827,Vascular
164148,2808,unassigned
164149,2831,Astro-Epen
164150,2875,unassigned
164151,2832,unassigned
164152,2831,Astro-Epen
164153,2846,unassigned
164154,2808,unassigned
164155,2839,Immune
164156,2808,unassigned
164157,2808,unassigned
164158,2808,unassigned
164159,2808,unassigned
164160,2805,Excitatory_Neuron
164161,2814,Excitatory_Neuron
164162,2855,unassigned
164163,2808,unassigned
164164,2820,Excitatory_Neuron
164165,2808,unassigned
164166,2828,Excitatory_Neuron
164167,2869,unassigned
164168,2808,unassigned
164169,2808,unassigned
164170,2829,Immune
164171,2835,unassigned
164172,2805,Excitatory_Neuron
164173,2806,Excitatory_Neuron
164174,2812,Excitatory_Neuron
164175,2805,Excitatory_Neuron
164176,2815,Astro-Epen
164177,2805,Excitatory_Neuron
164178,2808,unassigned
164179,2822,Excitatory_Neuron
164180,2819,GABA_Neuron
164181,2822,Excitatory_Neuron
164182,2822,Excitatory_Neuron
164183,2821,Astro-Epen
164184,2821,Astro-Epen
164185,2808,unassigned
164186,2821,Astro-Epen
164187,2808,unassigned
164188,2829,Immune
164189,2831,Astro-Epen
164190,2843,unassigned
164191,2862,unassigned
164192,2808,unassigned
164193,2832,unassigned
164194,2846,unassigned
164195,2831,Astro-Epen
164196,2836,Immune
164197,2836,Immune
164198,2808,unassigned
164199,2838,unassigned
164200,2813,GABA_Neuron
164201,2808,unassigned
164202,2808,unassigned
164203,2807,Immune
164204,2805,Excitatory_Neuron
164205,2815,Astro-Epen
164206,2805,Excitatory_Neuron
164207,2805,Excitatory_Neuron
164208,2820,Excitatory_Neuron
164209,2805,Excitatory_Neuron
164210,2822,Excitatory_Neuron
164211,2819,GABA_Neuron
164212,2854,Astro-Epen
164213,2822,Excitatory_Neuron
164214,2826,Astro-Epen
164215,2828,Excitatory_Neuron
164216,2828,Excitatory_Neuron
164217,2831,Astro-Epen
164218,2843,unassigned
164219,2831,Astro-Epen
164220,2808,unassigned
164221,2835,unassigned
164222,2831,Astro-Epen
164223,2808,unassigned
164224,2808,unassigned
164225,2808,unassigned
164226,2808,unassigned
164227,2811,unassigned
164228,2805,Excitatory_Neuron
164229,2805,Excitatory_Neuron
164230,2817,Excitatory_Neuron
164231,2808,unassigned
164232,2805,Excitatory_Neuron
164233,2814,Excitatory_Neuron
164234,2805,Excitatory_Neuron
164235,2855,unassigned
164236,2805,Excitatory_Neuron
164237,2820,Excitatory_Neuron
164238,2821,Astro-Epen
164239,2849,unassigned
164240,2827,Vascular
164241,2829,Immune
164242,2825,Astro-Epen
164243,2808,unassigned
164244,2834,Astro-Epen
164245,2836,Immune
164246,2839,Immune
164247,2839,Immune
164248,2836,Immune
164249,2808,unassigned
164250,2873,GABA_Neuron
164251,2806,Excitatory_Neuron
164252,2808,unassigned
164253,2813,GABA_Neuron
164254,2813,GABA_Neuron
164255,2864,unassigned
164256,2805,Excitatory_Neuron
164257,2807,Immune
164258,2815,Astro-Epen
164259,2817,Excitatory_Neuron
164260,2808,unassigned
164261,2867,unassigned
164262,2805,Excitatory_Neuron
164263,2817,Excitatory_Neuron
164264,2820,Excitatory_Neuron
164265,2819,GABA_Neuron
164266,2822,Excitatory_Neuron
164267,2825,Astro-Epen
164268,2808,unassigned
164269,2825,Astro-Epen
164270,2842,unassigned
164271,2842,unassigned
164272,2829,Immune
164273,2827,Vascular
164274,2827,Vascular
164275,2829,Immune
164276,2831,Astro-Epen
164277,2808,unassigned
164278,2839,Immune
164279,2808,unassigned
164280,2808,unassigned
164281,2813,GABA_Neuron
164282,2805,Excitatory_Neuron
164283,2814,Excitatory_Neuron
164284,2805,Excitatory_Neuron
164285,2866,unassigned
164286,2826,Astro-Epen
164287,2808,unassigned
164288,2825,Astro-Epen
164289,2821,Astro-Epen
164290,2821,Astro-Epen
164291,2808,unassigned
164292,2827,Vascular
164293,2808,unassigned
164294,2808,unassigned
164295,2808,unassigned
164296,2846,unassigned
164297,2834,Astro-Epen
164298,2808,unassigned
164299,2806,Excitatory_Neuron
164300,2808,unassigned
164301,2876,unassigned
164302,2812,Excitatory_Neuron
164303,2817,Excitatory_Neuron
164304,2805,Excitatory_Neuron
164305,2815,Astro-Epen
164306,2805,Excitatory_Neuron
164307,2805,Excitatory_Neuron
164308,2814,Excitatory_Neuron
164309,2820,Excitatory_Neuron
164310,2808,unassigned
164311,2815,Astro-Epen
164312,2821,Astro-Epen
164313,2805,Excitatory_Neuron
164314,2819,GABA_Neuron
164315,2822,Excitatory_Neuron
164316,2824,unassigned
164317,2822,Excitatory_Neuron
164318,2808,unassigned
164319,2808,unassigned
164320,2808,unassigned
164321,2829,Immune
164322,2832,unassigned
164323,2834,Astro-Epen
164324,2836,Immune
164325,2808,unassigned
164326,2812,Excitatory_Neuron
164327,2807,Immune
164328,2815,Astro-Epen
164329,2805,Excitatory_Neuron
164330,2808,unassigned
164331,2867,unassigned
164332,2867,unassigned
164333,2805,Excitatory_Neuron
164334,2820,Excitatory_Neuron
164335,2822,Excitatory_Neuron
164336,2826,Astro-Epen
164337,2825,Astro-Epen
164338,2808,unassigned
164339,2827,Vascular
164340,2830,unassigned
164341,2829,Immune
164342,2869,unassigned
164343,2875,unassigned
164344,2831,Astro-Epen
164345,2834,Astro-Epen
164346,2808,unassigned
164347,2808,unassigned
164348,2808,unassigned
164349,2805,Excitatory_Neuron
164350,2808,unassigned
164351,2806,Excitatory_Neuron
164352,2811,unassigned
164353,2805,Excitatory_Neuron
164354,2811,unassigned
164355,2814,Excitatory_Neuron
164356,2815,Astro-Epen
164357,2817,Excitatory_Neuron
164358,2805,Excitatory_Neuron
164359,2805,Excitatory_Neuron
164360,2854,Astro-Epen
164361,2805,Excitatory_Neuron
164362,2826,Astro-Epen
164363,2868,unassigned
164364,2808,unassigned
164365,2857,Astro-Epen
164366,2842,unassigned
164367,2828,Excitatory_Neuron
164368,2827,Vascular
164369,2829,Immune
164370,2829,Immune
164371,2829,Immune
164372,2875,unassigned
164373,2839,Immune
164374,2813,GABA_Neuron
164375,2808,unassigned
164376,2876,unassigned
164377,2876,unassigned
164378,2805,Excitatory_Neuron
164379,2812,Excitatory_Neuron
164380,2815,Astro-Epen
164381,2814,Excitatory_Neuron
164382,2814,Excitatory_Neuron
164383,2877,unassigned
164384,2820,Excitatory_Neuron
164385,2808,unassigned
164386,2878,unassigned
164387,2822,Excitatory_Neuron
164388,2822,Excitatory_Neuron
164389,2826,Astro-Epen
164390,2821,Astro-Epen
164391,2825,Astro-Epen
164392,2821,Astro-Epen
164393,2830,unassigned
164394,2828,Excitatory_Neuron
164395,2829,Immune
164396,2808,unassigned
164397,2858,unassigned
164398,2805,Excitatory_Neuron
164399,2808,unassigned
164400,2805,Excitatory_Neuron
164401,2808,unassigned
164402,2817,Excitatory_Neuron
164403,2854,Astro-Epen
164404,2820,Excitatory_Neuron
164405,2808,unassigned
164406,2827,Vascular
164407,2831,Astro-Epen
164408,2829,Immune
164409,2829,Immune
164410,2831,Astro-Epen
164411,2846,unassigned
164412,2879,Astro-Epen
164413,2836,Immune
164414,2808,unassigned
164415,2808,unassigned
164416,2808,unassigned
164417,2876,unassigned
164418,2808,unassigned
164419,2805,Excitatory_Neuron
164420,2805,Excitatory_Neuron
164421,2805,Excitatory_Neuron
164422,2817,Excitatory_Neuron
164423,2874,unassigned
164424,2805,Excitatory_Neuron
164425,2822,Excitatory_Neuron
164426,2821,Astro-Epen
164427,2857,Astro-Epen
164428,2821,Astro-Epen
164429,2842,unassigned
164430,2821,Astro-Epen
164431,2828,Excitatory_Neuron
164432,2842,unassigned
164433,2808,unassigned
164434,2829,Immune
164435,2808,unassigned
164436,2829,Immune
164437,2869,unassigned
164438,2808,unassigned
164439,2880,unassigned
164440,2836,Immune
164441,2805,Excitatory_Neuron
164442,2806,Excitatory_Neuron
164443,2811,unassigned
164444,2805,Excitatory_Neuron
164445,2815,Astro-Epen
164446,2805,Excitatory_Neuron
164447,2822,Excitatory_Neuron
164448,2822,Excitatory_Neuron
164449,2808,unassigned
164450,2842,unassigned
164451,2827,Vascular
164452,2825,Astro-Epen
164453,2808,unassigned
164454,2839,Immune
164455,2836,Immune
164456,2838,unassigned
164457,2808,unassigned
164458,2811,unassigned
164459,2805,Excitatory_Neuron
164460,2812,Excitatory_Neuron
164461,2808,unassigned
164462,2881,unassigned
164463,2805,Excitatory_Neuron
164464,2815,Astro-Epen
164465,2805,Excitatory_Neuron
164466,2820,Excitatory_Neuron
164467,2805,Excitatory_Neuron
164468,2874,unassigned
164469,2822,Excitatory_Neuron
164470,2821,Astro-Epen
164471,2822,Excitatory_Neuron
164472,2822,Excitatory_Neuron
164473,2849,unassigned
164474,2808,unassigned
164475,2828,Excitatory_Neuron
164476,2827,Vascular
164477,2808,unassigned
164478,2834,Astro-Epen
164479,2839,Immune
164480,2808,unassigned
164481,2806,Excitatory_Neuron
164482,2805,Excitatory_Neuron
164483,2805,Excitatory_Neuron
164484,2805,Excitatory_Neuron
164485,2805,Excitatory_Neuron
164486,2814,Excitatory_Neuron
164487,2817,Excitatory_Neuron
164488,2817,Excitatory_Neuron
164489,2867,unassigned
164490,2805,Excitatory_Neuron
164491,2822,Excitatory_Neuron
164492,2822,Excitatory_Neuron
164493,2825,Astro-Epen
164494,2828,Excitatory_Neuron
164495,2808,unassigned
164496,2831,Astro-Epen
164497,2808,unassigned
164498,2806,Excitatory_Neuron
164499,2813,GABA_Neuron
164500,2805,Excitatory_Neuron
164501,2805,Excitatory_Neuron
164502,2805,Excitatory_Neuron
164503,2817,Excitatory_Neuron
164504,2819,GABA_Neuron
164505,2868,unassigned
164506,2819,GABA_Neuron
164507,2808,unassigned
164508,2808,unassigned
164509,2857,Astro-Epen
164510,2842,unassigned
164511,2857,Astro-Epen
164512,2828,Excitatory_Neuron
164513,2808,unassigned
164514,2829,Immune
164515,2831,Astro-Epen
164516,2834,Astro-Epen
164517,2832,unassigned
164518,2847,Immune
164519,2837,Astro-Epen
164520,2836,Immune
164521,2808,unassigned
164522,2805,Excitatory_Neuron
164523,2805,Excitatory_Neuron
164524,2813,GABA_Neuron
164525,2815,Astro-Epen
164526,2815,Astro-Epen
164527,2815,Astro-Epen
164528,2808,unassigned
164529,2819,GABA_Neuron
164530,2826,Astro-Epen
164531,2819,GABA_Neuron
164532,2808,unassigned
164533,2808,unassigned
164534,2857,Astro-Epen
164535,2828,Excitatory_Neuron
164536,2829,Immune
164537,2829,Immune
164538,2833,unassigned
164539,2832,unassigned
164540,2834,Astro-Epen
164541,2808,unassigned
164542,2805,Excitatory_Neuron
164543,2813,GABA_Neuron
164544,2807,Immune
164545,2817,Excitatory_Neuron
164546,2805,Excitatory_Neuron
164547,2805,Excitatory_Neuron
164548,2819,GABA_Neuron
164549,2808,unassigned
164550,2829,Immune
164551,2879,Astro-Epen
164552,2834,Astro-Epen
164553,2808,unassigned
164554,2825,Astro-Epen
164555,2882,unassigned
164556,2883,unassigned
164557,2807,Immune
164558,2876,unassigned
164559,2808,unassigned
164560,2808,unassigned
164561,2805,Excitatory_Neuron
164562,2805,Excitatory_Neuron
164563,2866,unassigned
164564,2822,Excitatory_Neuron
164565,2868,unassigned
164566,2868,unassigned
164567,2822,Excitatory_Neuron
164568,2821,Astro-Epen
164569,2808,unassigned
164570,2808,unassigned
164571,2808,unassigned
164572,2829,Immune
164573,2831,Astro-Epen
164574,2831,Astro-Epen
164575,2808,unassigned
164576,2834,Astro-Epen
164577,2808,unassigned
164578,2808,unassigned
164579,2808,unassigned
164580,2808,unassigned
164581,2808,unassigned
164582,2839,Immune
164583,2836,Immune
164584,2839,Immune
164585,2808,unassigned
164586,2813,GABA_Neuron
164587,2805,Excitatory_Neuron
164588,2813,GABA_Neuron
164589,2813,GABA_Neuron
164590,2876,unassigned
164591,2817,Excitatory_Neuron
164592,2814,Excitatory_Neuron
164593,2867,unassigned
164594,2815,Astro-Epen
164595,2805,Excitatory_Neuron
164596,2808,unassigned
164597,2826,Astro-Epen
164598,2857,Astro-Epen
164599,2821,Astro-Epen
164600,2857,Astro-Epen
164601,2857,Astro-Epen
164602,2808,unassigned
164603,2829,Immune
164604,2829,Immune
164605,2846,unassigned
164606,2882,unassigned
164607,2808,unassigned
164608,2808,unassigned
164609,2812,Excitatory_Neuron
164610,2805,Excitatory_Neuron
164611,2815,Astro-Epen
164612,2814,Excitatory_Neuron
164613,2805,Excitatory_Neuron
164614,2866,unassigned
164615,2874,unassigned
164616,2826,Astro-Epen
164617,2820,Excitatory_Neuron
164618,2808,unassigned
164619,2822,Excitatory_Neuron
164620,2821,Astro-Epen
164621,2868,unassigned
164622,2826,Astro-Epen
164623,2822,Excitatory_Neuron
164624,2821,Astro-Epen
164625,2822,Excitatory_Neuron
164626,2808,unassigned
164627,2821,Astro-Epen
164628,2842,unassigned
164629,2827,Vascular
164630,2829,Immune
164631,2825,Astro-Epen
164632,2839,Immune
164633,2839,Immune
164634,2882,unassigned
164635,2808,unassigned
164636,2805,Excitatory_Neuron
164637,2806,Excitatory_Neuron
164638,2808,unassigned
164639,2876,unassigned
164640,2811,unassigned
164641,2807,Immune
164642,2876,unassigned
164643,2808,unassigned
164644,2808,unassigned
164645,2815,Astro-Epen
164646,2805,Excitatory_Neuron
164647,2805,Excitatory_Neuron
164648,2815,Astro-Epen
164649,2805,Excitatory_Neuron
164650,2805,Excitatory_Neuron
164651,2805,Excitatory_Neuron
164652,2826,Astro-Epen
164653,2826,Astro-Epen
164654,2808,unassigned
164655,2808,unassigned
164656,2828,Excitatory_Neuron
164657,2828,Excitatory_Neuron
164658,2829,Immune
164659,2831,Astro-Epen
164660,2825,Astro-Epen
164661,2808,unassigned
164662,2808,unassigned
164663,2813,GABA_Neuron
164664,2808,unassigned
164665,2815,Astro-Epen
164666,2812,Excitatory_Neuron
164667,2817,Excitatory_Neuron
164668,2815,Astro-Epen
164669,2855,unassigned
164670,2805,Excitatory_Neuron
164671,2825,Astro-Epen
164672,2825,Astro-Epen
164673,2808,unassigned
164674,2857,Astro-Epen
164675,2829,Immune
164676,2825,Astro-Epen
164677,2829,Immune
164678,2829,Immune
164679,2808,unassigned
164680,2836,Immune
164681,2836,Immune
164682,2873,GABA_Neuron
164683,2882,unassigned
164684,2813,GABA_Neuron
164685,2808,unassigned
164686,2813,GABA_Neuron
164687,2805,Excitatory_Neuron
164688,2876,unassigned
164689,2812,Excitatory_Neuron
164690,2808,unassigned
164691,2808,unassigned
164692,2815,Astro-Epen
164693,2881,unassigned
164694,2805,Excitatory_Neuron
164695,2808,unassigned
164696,2854,Astro-Epen
164697,2805,Excitatory_Neuron
164698,2805,Excitatory_Neuron
164699,2826,Astro-Epen
164700,2819,GABA_Neuron
164701,2819,GABA_Neuron
164702,2808,unassigned
164703,2808,unassigned
164704,2808,unassigned
164705,2825,Astro-Epen
164706,2828,Excitatory_Neuron
164707,2808,unassigned
164708,2808,unassigned
164709,2831,Astro-Epen
164710,2847,Immune
164711,2839,Immune
164712,2839,Immune
164713,2858,unassigned
164714,2813,GABA_Neuron
164715,2805,Excitatory_Neuron
164716,2813,GABA_Neuron
164717,2811,unassigned
164718,2811,unassigned
164719,2808,unassigned
164720,2808,unassigned
164721,2815,Astro-Epen
164722,2808,unassigned
164723,2805,Excitatory_Neuron
164724,2824,unassigned
164725,2808,unassigned
164726,2849,unassigned
164727,2857,Astro-Epen
164728,2857,Astro-Epen
164729,2808,unassigned
164730,2808,unassigned
164731,2831,Astro-Epen
164732,2837,Astro-Epen
164733,2813,GABA_Neuron
164734,2808,unassigned
164735,2810,unassigned
164736,2811,unassigned
164737,2815,Astro-Epen
164738,2805,Excitatory_Neuron
164739,2805,Excitatory_Neuron
164740,2805,Excitatory_Neuron
164741,2805,Excitatory_Neuron
164742,2821,Astro-Epen
164743,2820,Excitatory_Neuron
164744,2822,Excitatory_Neuron
164745,2826,Astro-Epen
164746,2825,Astro-Epen
164747,2821,Astro-Epen
164748,2857,Astro-Epen
164749,2827,Vascular
164750,2827,Vascular
164751,2857,Astro-Epen
164752,2828,Excitatory_Neuron
164753,2829,Immune
164754,2808,unassigned
164755,2808,unassigned
164756,2869,unassigned
164757,2884,unassigned
164758,2846,unassigned
164759,2808,unassigned
164760,2836,Immune
164761,2808,unassigned
164762,2808,unassigned
164763,2806,Excitatory_Neuron
164764,2805,Excitatory_Neuron
164765,2806,Excitatory_Neuron
164766,2807,Immune
164767,2808,unassigned
164768,2814,Excitatory_Neuron
164769,2808,unassigned
164770,2815,Astro-Epen
164771,2814,Excitatory_Neuron
164772,2808,unassigned
164773,2814,Excitatory_Neuron
164774,2866,unassigned
164775,2805,Excitatory_Neuron
164776,2822,Excitatory_Neuron
164777,2857,Astro-Epen
164778,2808,unassigned
164779,2857,Astro-Epen
164780,2808,unassigned
164781,2827,Vascular
164782,2830,unassigned
164783,2828,Excitatory_Neuron
164784,2829,Immune
164785,2829,Immune
164786,2839,Immune
164787,2839,Immune
164788,2882,unassigned
164789,2808,unassigned
164790,2808,unassigned
164791,2815,Astro-Epen
164792,2817,Excitatory_Neuron
164793,2881,unassigned
164794,2817,Excitatory_Neuron
164795,2817,Excitatory_Neuron
164796,2805,Excitatory_Neuron
164797,2805,Excitatory_Neuron
164798,2814,Excitatory_Neuron
164799,2866,unassigned
164800,2808,unassigned
164801,2854,Astro-Epen
164802,2819,GABA_Neuron
164803,2825,Astro-Epen
164804,2821,Astro-Epen
164805,2825,Astro-Epen
164806,2821,Astro-Epen
164807,2828,Excitatory_Neuron
164808,2829,Immune
164809,2808,unassigned
164810,2808,unassigned
164811,2830,unassigned
164812,2834,Astro-Epen
164813,2808,unassigned
164814,2879,Astro-Epen
164815,2805,Excitatory_Neuron
164816,2813,GABA_Neuron
164817,2813,GABA_Neuron
164818,2813,GABA_Neuron
164819,2805,Excitatory_Neuron
164820,2808,unassigned
164821,2813,GABA_Neuron
164822,2808,unassigned
164823,2808,unassigned
164824,2807,Immune
164825,2881,unassigned
164826,2815,Astro-Epen
164827,2808,unassigned
164828,2814,Excitatory_Neuron
164829,2822,Excitatory_Neuron
164830,2808,unassigned
164831,2822,Excitatory_Neuron
164832,2822,Excitatory_Neuron
164833,2819,GABA_Neuron
164834,2826,Astro-Epen
164835,2821,Astro-Epen
164836,2826,Astro-Epen
164837,2871,unassigned
164838,2821,Astro-Epen
164839,2871,unassigned
164840,2821,Astro-Epen
164841,2828,Excitatory_Neuron
164842,2829,Immune
164843,2808,unassigned
164844,2829,Immune
164845,2846,unassigned
164846,2805,Excitatory_Neuron
164847,2806,Excitatory_Neuron
164848,2808,unassigned
164849,2805,Excitatory_Neuron
164850,2814,Excitatory_Neuron
164851,2808,unassigned
164852,2808,unassigned
164853,2867,unassigned
164854,2808,unassigned
164855,2814,Excitatory_Neuron
164856,2819,GABA_Neuron
164857,2808,unassigned
164858,2821,Astro-Epen
164859,2824,unassigned
164860,2826,Astro-Epen
164861,2819,GABA_Neuron
164862,2825,Astro-Epen
164863,2808,unassigned
164864,2825,Astro-Epen
164865,2827,Vascular
164866,2821,Astro-Epen
164867,2829,Immune
164868,2827,Vascular
164869,2831,Astro-Epen
164870,2808,unassigned
164871,2839,Immune
164872,2834,Astro-Epen
164873,2839,Immune
164874,2883,unassigned
164875,2861,unassigned
164876,2808,unassigned
164877,2808,unassigned
164878,2808,unassigned
164879,2805,Excitatory_Neuron
164880,2812,Excitatory_Neuron
164881,2807,Immune
164882,2808,unassigned
164883,2814,Excitatory_Neuron
164884,2808,unassigned
164885,2814,Excitatory_Neuron
164886,2805,Excitatory_Neuron
164887,2822,Excitatory_Neuron
164888,2821,Astro-Epen
164889,2871,unassigned
164890,2821,Astro-Epen
164891,2871,unassigned
164892,2821,Astro-Epen
164893,2827,Vascular
164894,2828,Excitatory_Neuron
164895,2829,Immune
164896,2829,Immune
164897,2843,unassigned
164898,2829,Immune
164899,2885,unassigned
164900,2825,Astro-Epen
164901,2839,Immune
164902,2805,Excitatory_Neuron
164903,2810,unassigned
164904,2805,Excitatory_Neuron
164905,2813,GABA_Neuron
164906,2805,Excitatory_Neuron
164907,2805,Excitatory_Neuron
164908,2808,unassigned
164909,2815,Astro-Epen
164910,2805,Excitatory_Neuron
164911,2814,Excitatory_Neuron
164912,2808,unassigned
164913,2886,unassigned
164914,2805,Excitatory_Neuron
164915,2822,Excitatory_Neuron
164916,2857,Astro-Epen
164917,2857,Astro-Epen
164918,2821,Astro-Epen
164919,2825,Astro-Epen
164920,2828,Excitatory_Neuron
164921,2825,Astro-Epen
164922,2808,unassigned
164923,2843,unassigned
164924,2834,Astro-Epen
164925,2839,Immune
164926,2805,Excitatory_Neuron
164927,2805,Excitatory_Neuron
164928,2808,unassigned
164929,2808,unassigned
164930,2805,Excitatory_Neuron
164931,2814,Excitatory_Neuron
164932,2814,Excitatory_Neuron
164933,2855,unassigned
164934,2808,unassigned
164935,2808,unassigned
164936,2821,Astro-Epen
164937,2822,Excitatory_Neuron
164938,2822,Excitatory_Neuron
164939,2857,Astro-Epen
164940,2826,Astro-Epen
164941,2827,Vascular
164942,2821,Astro-Epen
164943,2828,Excitatory_Neuron
164944,2831,Astro-Epen
164945,2808,unassigned
164946,2831,Astro-Epen
164947,2834,Astro-Epen
164948,2879,Astro-Epen
164949,2880,unassigned
164950,2880,unassigned
164951,2836,Immune
164952,2880,unassigned
164953,2808,unassigned
164954,2839,Immune
164955,2873,GABA_Neuron
164956,2872,unassigned
164957,2808,unassigned
164958,2813,GABA_Neuron
164959,2814,Excitatory_Neuron
164960,2814,Excitatory_Neuron
164961,2814,Excitatory_Neuron
164962,2817,Excitatory_Neuron
164963,2886,unassigned
164964,2886,unassigned
164965,2868,unassigned
164966,2819,GABA_Neuron
164967,2825,Astro-Epen
164968,2857,Astro-Epen
164969,2857,Astro-Epen
164970,2828,Excitatory_Neuron
164971,2828,Excitatory_Neuron
164972,2830,unassigned
164973,2808,unassigned
164974,2808,unassigned
164975,2831,Astro-Epen
164976,2873,GABA_Neuron
164977,2883,unassigned
164978,2805,Excitatory_Neuron
164979,2811,unassigned
164980,2807,Immune
164981,2881,unassigned
164982,2808,unassigned
164983,2821,Astro-Epen
164984,2821,Astro-Epen
164985,2821,Astro-Epen
164986,2830,unassigned
164987,2831,Astro-Epen
164988,2808,unassigned
164989,2879,Astro-Epen
164990,2873,GABA_Neuron
164991,2808,unassigned
164992,2805,Excitatory_Neuron
164993,2805,Excitatory_Neuron
164994,2805,Excitatory_Neuron
164995,2805,Excitatory_Neuron
164996,2813,GABA_Neuron
164997,2807,Immune
164998,2808,unassigned
164999,2815,Astro-Epen
165000,2808,unassigned
165001,2886,unassigned
165002,2808,unassigned
165003,2808,unassigned
165004,2822,Excitatory_Neuron
165005,2822,Excitatory_Neuron
165006,2826,Astro-Epen
165007,2826,Astro-Epen
165008,2808,unassigned
165009,2808,unassigned
165010,2827,Vascular
165011,2825,Astro-Epen
165012,2829,Immune
165013,2839,Immune
165014,2837,Astro-Epen
165015,2837,Astro-Epen
165016,2873,GABA_Neuron
165017,2887,unassigned
165018,2883,unassigned
165019,2805,Excitatory_Neuron
165020,2805,Excitatory_Neuron
165021,2806,Excitatory_Neuron
165022,2813,GABA_Neuron
165023,2808,unassigned
165024,2805,Excitatory_Neuron
165025,2822,Excitatory_Neuron
165026,2821,Astro-Epen
165027,2821,Astro-Epen
165028,2808,unassigned
165029,2819,GABA_Neuron
165030,2822,Excitatory_Neuron
165031,2871,unassigned
165032,2808,unassigned
165033,2831,Astro-Epen
165034,2839,Immune
165035,2834,Astro-Epen
165036,2831,Astro-Epen
165037,2839,Immune
165038,2888,unassigned
165039,2808,unassigned
165040,2839,Immune
165041,2872,unassigned
165042,2808,unassigned
165043,2806,Excitatory_Neuron
165044,2805,Excitatory_Neuron
165045,2813,GABA_Neuron
165046,2813,GABA_Neuron
165047,2808,unassigned
165048,2807,Immune
165049,2817,Excitatory_Neuron
165050,2805,Excitatory_Neuron
165051,2814,Excitatory_Neuron
165052,2817,Excitatory_Neuron
165053,2820,Excitatory_Neuron
165054,2821,Astro-Epen
165055,2821,Astro-Epen
165056,2889,unassigned
165057,2819,GABA_Neuron
165058,2808,unassigned
165059,2857,Astro-Epen
165060,2827,Vascular
165061,2828,Excitatory_Neuron
165062,2828,Excitatory_Neuron
165063,2825,Astro-Epen
165064,2808,unassigned
165065,2827,Vascular
165066,2829,Immune
165067,2825,Astro-Epen
165068,2808,unassigned
165069,2837,Astro-Epen
165070,2836,Immune
165071,2873,GABA_Neuron
165072,2872,unassigned
165073,2808,unassigned
165074,2805,Excitatory_Neuron
165075,2805,Excitatory_Neuron
165076,2808,unassigned
165077,2881,unassigned
165078,2815,Astro-Epen
165079,2808,unassigned
165080,2808,unassigned
165081,2808,unassigned
165082,2821,Astro-Epen
165083,2868,unassigned
165084,2868,unassigned
165085,2821,Astro-Epen
165086,2821,Astro-Epen
165087,2821,Astro-Epen
165088,2829,Immune
165089,2879,Astro-Epen
165090,2836,Immune
165091,2808,unassigned
165092,2806,Excitatory_Neuron
165093,2805,Excitatory_Neuron
165094,2805,Excitatory_Neuron
165095,2808,unassigned
165096,2805,Excitatory_Neuron
165097,2808,unassigned
165098,2808,unassigned
165099,2807,Immune
165100,2881,unassigned
165101,2815,Astro-Epen
165102,2814,Excitatory_Neuron
165103,2815,Astro-Epen
165104,2808,unassigned
165105,2805,Excitatory_Neuron
165106,2808,unassigned
165107,2822,Excitatory_Neuron
165108,2822,Excitatory_Neuron
165109,2819,GABA_Neuron
165110,2819,GABA_Neuron
165111,2808,unassigned
165112,2826,Astro-Epen
165113,2821,Astro-Epen
165114,2808,unassigned
165115,2821,Astro-Epen
165116,2857,Astro-Epen
165117,2857,Astro-Epen
165118,2828,Excitatory_Neuron
165119,2828,Excitatory_Neuron
165120,2829,Immune
165121,2890,unassigned
165122,2836,Immune
165123,2873,GABA_Neuron
165124,2808,unassigned
165125,2836,Immune
165126,2891,unassigned
165127,2805,Excitatory_Neuron
165128,2806,Excitatory_Neuron
165129,2813,GABA_Neuron
165130,2806,Excitatory_Neuron
165131,2805,Excitatory_Neuron
165132,2808,unassigned
165133,2813,GABA_Neuron
165134,2813,GABA_Neuron
165135,2805,Excitatory_Neuron
165136,2805,Excitatory_Neuron
165137,2814,Excitatory_Neuron
165138,2815,Astro-Epen
165139,2814,Excitatory_Neuron
165140,2854,Astro-Epen
165141,2822,Excitatory_Neuron
165142,2822,Excitatory_Neuron
165143,2827,Vascular
165144,2827,Vascular
165145,2825,Astro-Epen
165146,2825,Astro-Epen
165147,2827,Vascular
165148,2879,Astro-Epen
165149,2808,unassigned
165150,2839,Immune
165151,2805,Excitatory_Neuron
165152,2808,unassigned
165153,2808,unassigned
165154,2808,unassigned
165155,2813,GABA_Neuron
165156,2808,unassigned
165157,2807,Immune
165158,2805,Excitatory_Neuron
165159,2807,Immune
165160,2815,Astro-Epen
165161,2815,Astro-Epen
165162,2805,Excitatory_Neuron
165163,2808,unassigned
165164,2805,Excitatory_Neuron
165165,2886,unassigned
165166,2805,Excitatory_Neuron
165167,2819,GABA_Neuron
165168,2821,Astro-Epen
165169,2822,Excitatory_Neuron
165170,2821,Astro-Epen
165171,2826,Astro-Epen
165172,2808,unassigned
165173,2825,Astro-Epen
165174,2857,Astro-Epen
165175,2808,unassigned
165176,2884,unassigned
165177,2808,unassigned
165178,2872,unassigned
165179,2806,Excitatory_Neuron
165180,2808,unassigned
165181,2806,Excitatory_Neuron
165182,2813,GABA_Neuron
165183,2807,Immune
165184,2807,Immune
165185,2812,Excitatory_Neuron
165186,2808,unassigned
165187,2881,unassigned
165188,2808,unassigned
165189,2805,Excitatory_Neuron
165190,2808,unassigned
165191,2808,unassigned
165192,2821,Astro-Epen
165193,2808,unassigned
165194,2808,unassigned
165195,2825,Astro-Epen
165196,2821,Astro-Epen
165197,2821,Astro-Epen
165198,2825,Astro-Epen
165199,2828,Excitatory_Neuron
165200,2827,Vascular
165201,2827,Vascular
165202,2831,Astro-Epen
165203,2847,Immune
165204,2847,Immune
165205,2825,Astro-Epen
165206,2888,unassigned
165207,2808,unassigned
165208,2873,GABA_Neuron
165209,2806,Excitatory_Neuron
165210,2813,GABA_Neuron
165211,2813,GABA_Neuron
165212,2807,Immune
165213,2808,unassigned
165214,2815,Astro-Epen
165215,2814,Excitatory_Neuron
165216,2815,Astro-Epen
165217,2814,Excitatory_Neuron
165218,2808,unassigned
165219,2808,unassigned
165220,2868,unassigned
165221,2821,Astro-Epen
165222,2825,Astro-Epen
165223,2808,unassigned
165224,2831,Astro-Epen
165225,2837,Astro-Epen
165226,2808,unassigned
165227,2813,GABA_Neuron
165228,2812,Excitatory_Neuron
165229,2807,Immune
165230,2886,unassigned
165231,2808,unassigned
165232,2808,unassigned
165233,2805,Excitatory_Neuron
165234,2808,unassigned
165235,2805,Excitatory_Neuron
165236,2892,unassigned
165237,2821,Astro-Epen
165238,2821,Astro-Epen
165239,2826,Astro-Epen
165240,2808,unassigned
165241,2825,Astro-Epen
165242,2808,unassigned
165243,2828,Excitatory_Neuron
165244,2893,unassigned
165245,2829,Immune
165246,2880,unassigned
165247,2808,unassigned
165248,2808,unassigned
165249,2808,unassigned
165250,2813,GABA_Neuron
165251,2807,Immune
165252,2805,Excitatory_Neuron
165253,2881,unassigned
165254,2815,Astro-Epen
165255,2805,Excitatory_Neuron
165256,2815,Astro-Epen
165257,2814,Excitatory_Neuron
165258,2894,unassigned
165259,2819,GABA_Neuron
165260,2857,Astro-Epen
165261,2857,Astro-Epen
165262,2857,Astro-Epen
165263,2893,unassigned
165264,2808,unassigned
165265,2884,unassigned
165266,2839,Immune
165267,2837,Astro-Epen
165268,2805,Excitatory_Neuron
165269,2813,GABA_Neuron
165270,2876,unassigned
165271,2876,unassigned
165272,2807,Immune
165273,2808,unassigned
165274,2805,Excitatory_Neuron
165275,2808,unassigned
165276,2854,Astro-Epen
165277,2854,Astro-Epen
165278,2808,unassigned
165279,2821,Astro-Epen
165280,2821,Astro-Epen
165281,2822,Excitatory_Neuron
165282,2821,Astro-Epen
165283,2819,GABA_Neuron
165284,2821,Astro-Epen
165285,2819,GABA_Neuron
165286,2821,Astro-Epen
165287,2821,Astro-Epen
165288,2821,Astro-Epen
165289,2808,unassigned
165290,2808,unassigned
165291,2885,unassigned
165292,2879,Astro-Epen
165293,2808,unassigned
165294,2882,unassigned
165295,2808,unassigned
165296,2808,unassigned
165297,2806,Excitatory_Neuron
165298,2810,unassigned
165299,2813,GABA_Neuron
165300,2805,Excitatory_Neuron
165301,2815,Astro-Epen
165302,2815,Astro-Epen
165303,2808,unassigned
165304,2814,Excitatory_Neuron
165305,2808,unassigned
165306,2808,unassigned
165307,2808,unassigned
165308,2886,unassigned
165309,2894,unassigned
165310,2854,Astro-Epen
165311,2819,GABA_Neuron
165312,2826,Astro-Epen
165313,2826,Astro-Epen
165314,2895,unassigned
165315,2821,Astro-Epen
165316,2825,Astro-Epen
165317,2827,Vascular
165318,2884,unassigned
165319,2831,Astro-Epen
165320,2879,Astro-Epen
165321,2879,Astro-Epen
165322,2834,Astro-Epen
165323,2808,unassigned
165324,2872,unassigned
165325,2876,unassigned
165326,2808,unassigned
165327,2881,unassigned
165328,2814,Excitatory_Neuron
165329,2854,Astro-Epen
165330,2808,unassigned
165331,2871,unassigned
165332,2821,Astro-Epen
165333,2828,Excitatory_Neuron
165334,2825,Astro-Epen
165335,2829,Immune
165336,2825,Astro-Epen
165337,2829,Immune
165338,2885,unassigned
165339,2834,Astro-Epen
165340,2879,Astro-Epen
165341,2873,GABA_Neuron
165342,2808,unassigned
165343,2808,unassigned
165344,2806,Excitatory_Neuron
165345,2805,Excitatory_Neuron
165346,2812,Excitatory_Neuron
165347,2805,Excitatory_Neuron
165348,2815,Astro-Epen
165349,2881,unassigned
165350,2814,Excitatory_Neuron
165351,2808,unassigned
165352,2808,unassigned
165353,2805,Excitatory_Neuron
165354,2808,unassigned
165355,2819,GABA_Neuron
165356,2821,Astro-Epen
165357,2821,Astro-Epen
165358,2821,Astro-Epen
165359,2896,Immune
165360,2868,unassigned
165361,2808,unassigned
165362,2825,Astro-Epen
165363,2808,unassigned
165364,2808,unassigned
165365,2808,unassigned
165366,2828,Excitatory_Neuron
165367,2884,unassigned
165368,2808,unassigned
165369,2808,unassigned
165370,2847,Immune
165371,2897,unassigned
165372,2808,unassigned
165373,2813,GABA_Neuron
165374,2808,unassigned
165375,2805,Excitatory_Neuron
165376,2881,unassigned
165377,2805,Excitatory_Neuron
165378,2805,Excitatory_Neuron
165379,2805,Excitatory_Neuron
165380,2805,Excitatory_Neuron
165381,2805,Excitatory_Neuron
165382,2814,Excitatory_Neuron
165383,2814,Excitatory_Neuron
165384,2808,unassigned
165385,2871,unassigned
165386,2808,unassigned
165387,2827,Vascular
165388,2827,Vascular
165389,2829,Immune
165390,2829,Immune
165391,2875,unassigned
165392,2880,unassigned
165393,2879,Astro-Epen
165394,2813,GABA_Neuron
165395,2808,unassigned
165396,2808,unassigned
165397,2808,unassigned
165398,2813,GABA_Neuron
165399,2811,unassigned
165400,2813,GABA_Neuron
165401,2808,unassigned
165402,2814,Excitatory_Neuron
165403,2817,Excitatory_Neuron
165404,2808,unassigned
165405,2821,Astro-Epen
165406,2808,unassigned
165407,2821,Astro-Epen
165408,2808,unassigned
165409,2825,Astro-Epen
165410,2827,Vascular
165411,2808,unassigned
165412,2808,unassigned
165413,2875,unassigned
165414,2829,Immune
165415,2808,unassigned
165416,2873,GABA_Neuron
165417,2808,unassigned
165418,2872,unassigned
165419,2813,GABA_Neuron
165420,2813,GABA_Neuron
165421,2806,Excitatory_Neuron
165422,2812,Excitatory_Neuron
165423,2815,Astro-Epen
165424,2814,Excitatory_Neuron
165425,2821,Astro-Epen
165426,2820,Excitatory_Neuron
165427,2808,unassigned
165428,2820,Excitatory_Neuron
165429,2819,GABA_Neuron
165430,2819,GABA_Neuron
165431,2825,Astro-Epen
165432,2828,Excitatory_Neuron
165433,2808,unassigned
165434,2828,Excitatory_Neuron
165435,2873,GABA_Neuron
165436,2808,unassigned
165437,2883,unassigned
165438,2883,unassigned
165439,2805,Excitatory_Neuron
165440,2813,GABA_Neuron
165441,2813,GABA_Neuron
165442,2813,GABA_Neuron
165443,2898,unassigned
165444,2805,Excitatory_Neuron
165445,2881,unassigned
165446,2881,unassigned
165447,2808,unassigned
165448,2808,unassigned
165449,2826,Astro-Epen
165450,2868,unassigned
165451,2896,Immune
165452,2822,Excitatory_Neuron
165453,2825,Astro-Epen
165454,2808,unassigned
165455,2808,unassigned
165456,2828,Excitatory_Neuron
165457,2825,Astro-Epen
165458,2808,unassigned
165459,2837,Astro-Epen
165460,2837,Astro-Epen
165461,2873,GABA_Neuron
165462,2808,unassigned
165463,2808,unassigned
165464,2808,unassigned
165465,2808,unassigned
165466,2806,Excitatory_Neuron
165467,2813,GABA_Neuron
165468,2813,GABA_Neuron
165469,2813,GABA_Neuron
165470,2811,unassigned
165471,2808,unassigned
165472,2807,Immune
165473,2814,Excitatory_Neuron
165474,2808,unassigned
165475,2817,Excitatory_Neuron
165476,2886,unassigned
165477,2805,Excitatory_Neuron
165478,2805,Excitatory_Neuron
165479,2805,Excitatory_Neuron
165480,2808,unassigned
165481,2821,Astro-Epen
165482,2819,GABA_Neuron
165483,2868,unassigned
165484,2808,unassigned
165485,2808,unassigned
165486,2808,unassigned
165487,2808,unassigned
165488,2885,unassigned
165489,2879,Astro-Epen
165490,2897,unassigned
165491,2873,GABA_Neuron
165492,2872,unassigned
165493,2806,Excitatory_Neuron
165494,2813,GABA_Neuron
165495,2808,unassigned
165496,2812,Excitatory_Neuron
165497,2812,Excitatory_Neuron
165498,2808,unassigned
165499,2808,unassigned
165500,2805,Excitatory_Neuron
165501,2817,Excitatory_Neuron
165502,2808,unassigned
165503,2819,GABA_Neuron
165504,2822,Excitatory_Neuron
165505,2821,Astro-Epen
165506,2808,unassigned
165507,2808,unassigned
165508,2825,Astro-Epen
165509,2828,Excitatory_Neuron
165510,2875,unassigned
165511,2831,Astro-Epen
165512,2808,unassigned
165513,2897,unassigned
165514,2837,Astro-Epen
165515,2839,Immune
165516,2873,GABA_Neuron
165517,2806,Excitatory_Neuron
165518,2811,unassigned
165519,2812,Excitatory_Neuron
165520,2817,Excitatory_Neuron
165521,2805,Excitatory_Neuron
165522,2808,unassigned
165523,2815,Astro-Epen
165524,2899,unassigned
165525,2894,unassigned
165526,2814,Excitatory_Neuron
165527,2808,unassigned
165528,2819,GABA_Neuron
165529,2821,Astro-Epen
165530,2808,unassigned
165531,2822,Excitatory_Neuron
165532,2822,Excitatory_Neuron
165533,2808,unassigned
165534,2825,Astro-Epen
165535,2821,Astro-Epen
165536,2827,Vascular
165537,2827,Vascular
165538,2808,unassigned
165539,2884,unassigned
165540,2827,Vascular
165541,2808,unassigned
165542,2884,unassigned
165543,2831,Astro-Epen
165544,2884,unassigned
165545,2808,unassigned
165546,2825,Astro-Epen
165547,2834,Astro-Epen
165548,2873,GABA_Neuron
165549,2808,unassigned
165550,2806,Excitatory_Neuron
165551,2807,Immune
165552,2807,Immune
165553,2808,unassigned
165554,2805,Excitatory_Neuron
165555,2805,Excitatory_Neuron
165556,2805,Excitatory_Neuron
165557,2805,Excitatory_Neuron
165558,2805,Excitatory_Neuron
165559,2817,Excitatory_Neuron
165560,2808,unassigned
165561,2808,unassigned
165562,2820,Excitatory_Neuron
165563,2826,Astro-Epen
165564,2868,unassigned
165565,2825,Astro-Epen
165566,2821,Astro-Epen
165567,2808,unassigned
165568,2857,Astro-Epen
165569,2829,Immune
165570,2875,unassigned
165571,2879,Astro-Epen
165572,2808,unassigned
165573,2808,unassigned
165574,2879,Astro-Epen
165575,2883,unassigned
165576,2813,GABA_Neuron
165577,2808,unassigned
165578,2815,Astro-Epen
165579,2815,Astro-Epen
165580,2814,Excitatory_Neuron
165581,2805,Excitatory_Neuron
165582,2817,Excitatory_Neuron
165583,2808,unassigned
165584,2814,Excitatory_Neuron
165585,2808,unassigned
165586,2896,Immune
165587,2821,Astro-Epen
165588,2826,Astro-Epen
165589,2808,unassigned
165590,2825,Astro-Epen
165591,2828,Excitatory_Neuron
165592,2827,Vascular
165593,2900,Excitatory_Neuron
165594,2879,Astro-Epen
165595,2897,unassigned
165596,2808,unassigned
165597,2805,Excitatory_Neuron
165598,2805,Excitatory_Neuron
165599,2808,unassigned
165600,2814,Excitatory_Neuron
165601,2805,Excitatory_Neuron
165602,2805,Excitatory_Neuron
165603,2808,unassigned
165604,2805,Excitatory_Neuron
165605,2808,unassigned
165606,2894,unassigned
165607,2820,Excitatory_Neuron
165608,2826,Astro-Epen
165609,2822,Excitatory_Neuron
165610,2868,unassigned
165611,2821,Astro-Epen
165612,2819,GABA_Neuron
165613,2808,unassigned
165614,2808,unassigned
165615,2871,unassigned
165616,2895,unassigned
165617,2825,Astro-Epen
165618,2871,unassigned
165619,2808,unassigned
165620,2808,unassigned
165621,2808,unassigned
165622,2829,Immune
165623,2808,unassigned
165624,2834,Astro-Epen
165625,2831,Astro-Epen
165626,2834,Astro-Epen
165627,2897,unassigned
165628,2813,GABA_Neuron
165629,2813,GABA_Neuron
165630,2813,GABA_Neuron
165631,2813,GABA_Neuron
165632,2813,GABA_Neuron
165633,2815,Astro-Epen
165634,2808,unassigned
165635,2808,unassigned
165636,2815,Astro-Epen
165637,2881,unassigned
165638,2805,Excitatory_Neuron
165639,2854,Astro-Epen
165640,2821,Astro-Epen
165641,2822,Excitatory_Neuron
165642,2819,GABA_Neuron
165643,2825,Astro-Epen
165644,2819,GABA_Neuron
165645,2895,unassigned
165646,2808,unassigned
165647,2808,unassigned
165648,2808,unassigned
165649,2857,Astro-Epen
165650,2828,Excitatory_Neuron
165651,2808,unassigned
165652,2825,Astro-Epen
165653,2808,unassigned
165654,2827,Vascular
165655,2827,Vascular
165656,2808,unassigned
165657,2836,Immune
165658,2806,Excitatory_Neuron
165659,2806,Excitatory_Neuron
165660,2806,Excitatory_Neuron
165661,2808,unassigned
165662,2815,Astro-Epen
165663,2901,unassigned
165664,2808,unassigned
165665,2901,unassigned
165666,2821,Astro-Epen
165667,2819,GABA_Neuron
165668,2822,Excitatory_Neuron
165669,2822,Excitatory_Neuron
165670,2808,unassigned
165671,2808,unassigned
165672,2895,unassigned
165673,2902,unassigned
165674,2827,Vascular
165675,2808,unassigned
165676,2808,unassigned
165677,2857,Astro-Epen
165678,2827,Vascular
165679,2825,Astro-Epen
165680,2808,unassigned
165681,2827,Vascular
165682,2875,unassigned
165683,2885,unassigned
165684,2879,Astro-Epen
165685,2834,Astro-Epen
165686,2879,Astro-Epen
165687,2897,unassigned
165688,2839,Immune
165689,2813,GABA_Neuron
165690,2808,unassigned
165691,2808,unassigned
165692,2817,Excitatory_Neuron
165693,2886,unassigned
165694,2894,unassigned
165695,2826,Astro-Epen
165696,2808,unassigned
165697,2826,Astro-Epen
165698,2808,unassigned
165699,2829,Immune
165700,2808,unassigned
165701,2875,unassigned
165702,2808,unassigned
165703,2825,Astro-Epen
165704,2831,Astro-Epen
165705,2873,GABA_Neuron
165706,2808,unassigned
165707,2873,GABA_Neuron
165708,2903,unassigned
165709,2807,Immune
165710,2813,GABA_Neuron
165711,2805,Excitatory_Neuron
165712,2805,Excitatory_Neuron
165713,2808,unassigned
165714,2808,unassigned
165715,2815,Astro-Epen
165716,2881,unassigned
165717,2815,Astro-Epen
165718,2805,Excitatory_Neuron
165719,2808,unassigned
165720,2814,Excitatory_Neuron
165721,2817,Excitatory_Neuron
165722,2819,GABA_Neuron
165723,2805,Excitatory_Neuron
165724,2822,Excitatory_Neuron
165725,2819,GABA_Neuron
165726,2808,unassigned
165727,2819,GABA_Neuron
165728,2904,unassigned
165729,2902,unassigned
165730,2808,unassigned
165731,2808,unassigned
165732,2831,Astro-Epen
165733,2883,unassigned
165734,2813,GABA_Neuron
165735,2903,unassigned
165736,2812,Excitatory_Neuron
165737,2808,unassigned
165738,2805,Excitatory_Neuron
165739,2805,Excitatory_Neuron
165740,2805,Excitatory_Neuron
165741,2808,unassigned
165742,2822,Excitatory_Neuron
165743,2828,Excitatory_Neuron
165744,2875,unassigned
165745,2831,Astro-Epen
165746,2825,Astro-Epen
165747,2885,unassigned
165748,2831,Astro-Epen
165749,2831,Astro-Epen
165750,2808,unassigned
165751,2808,unassigned
165752,2806,Excitatory_Neuron
165753,2813,GABA_Neuron
165754,2807,Immune
165755,2817,Excitatory_Neuron
165756,2814,Excitatory_Neuron
165757,2805,Excitatory_Neuron
165758,2814,Excitatory_Neuron
165759,2814,Excitatory_Neuron
165760,2814,Excitatory_Neuron
165761,2894,unassigned
165762,2808,unassigned
165763,2894,unassigned
165764,2826,Astro-Epen
165765,2808,unassigned
165766,2821,Astro-Epen
165767,2808,unassigned
165768,2828,Excitatory_Neuron
165769,2857,Astro-Epen
165770,2827,Vascular
165771,2827,Vascular
165772,2808,unassigned
165773,2808,unassigned
165774,2839,Immune
165775,2873,GABA_Neuron
165776,2808,unassigned
165777,2813,GABA_Neuron
165778,2808,unassigned
165779,2812,Excitatory_Neuron
165780,2807,Immune
165781,2807,Immune
165782,2805,Excitatory_Neuron
165783,2805,Excitatory_Neuron
165784,2814,Excitatory_Neuron
165785,2825,Astro-Epen
165786,2808,unassigned
165787,2825,Astro-Epen
165788,2808,unassigned
165789,2857,Astro-Epen
165790,2829,Immune
165791,2875,unassigned
165792,2875,unassigned
165793,2831,Astro-Epen
165794,2808,unassigned
165795,2839,Immune
165796,2808,unassigned
165797,2808,unassigned
165798,2808,unassigned
165799,2808,unassigned
165800,2805,Excitatory_Neuron
165801,2805,Excitatory_Neuron
165802,2813,GABA_Neuron
165803,2808,unassigned
165804,2808,unassigned
165805,2807,Immune
165806,2817,Excitatory_Neuron
165807,2814,Excitatory_Neuron
165808,2805,Excitatory_Neuron
165809,2819,GABA_Neuron
165810,2894,unassigned
165811,2822,Excitatory_Neuron
165812,2808,unassigned
165813,2896,Immune
165814,2825,Astro-Epen
165815,2871,unassigned
165816,2808,unassigned
165817,2821,Astro-Epen
165818,2857,Astro-Epen
165819,2831,Astro-Epen
165820,2808,unassigned
165821,2879,Astro-Epen
165822,2873,GABA_Neuron
165823,2873,GABA_Neuron
165824,2873,GABA_Neuron
165825,2808,unassigned
165826,2813,GABA_Neuron
165827,2806,Excitatory_Neuron
165828,2813,GABA_Neuron
165829,2808,unassigned
165830,2806,Excitatory_Neuron
165831,2808,unassigned
165832,2807,Immune
165833,2812,Excitatory_Neuron
165834,2808,unassigned
165835,2817,Excitatory_Neuron
165836,2805,Excitatory_Neuron
165837,2814,Excitatory_Neuron
165838,2819,GABA_Neuron
165839,2820,Excitatory_Neuron
165840,2821,Astro-Epen
165841,2857,Astro-Epen
165842,2808,unassigned
165843,2808,unassigned
165844,2888,unassigned
165845,2836,Immune
165846,2808,unassigned
165847,2806,Excitatory_Neuron
165848,2808,unassigned
165849,2808,unassigned
165850,2807,Immune
165851,2807,Immune
165852,2805,Excitatory_Neuron
165853,2805,Excitatory_Neuron
165854,2808,unassigned
165855,2805,Excitatory_Neuron
165856,2892,unassigned
165857,2822,Excitatory_Neuron
165858,2808,unassigned
165859,2826,Astro-Epen
165860,2828,Excitatory_Neuron
165861,2857,Astro-Epen
165862,2808,unassigned
165863,2827,Vascular
165864,2827,Vascular
165865,2831,Astro-Epen
165866,2884,unassigned
165867,2808,unassigned
165868,2875,unassigned
165869,2839,Immune
165870,2879,Astro-Epen
165871,2808,unassigned
165872,2839,Immune
165873,2879,Astro-Epen
165874,2808,unassigned
165875,2839,Immune
165876,2808,unassigned
165877,2903,unassigned
165878,2805,Excitatory_Neuron
165879,2808,unassigned
165880,2808,unassigned
165881,2807,Immune
165882,2808,unassigned
165883,2814,Excitatory_Neuron
165884,2817,Excitatory_Neuron
165885,2805,Excitatory_Neuron
165886,2808,unassigned
165887,2805,Excitatory_Neuron
165888,2886,unassigned
165889,2808,unassigned
165890,2819,GABA_Neuron
165891,2808,unassigned
165892,2808,unassigned
165893,2825,Astro-Epen
165894,2827,Vascular
165895,2827,Vascular
165896,2808,unassigned
165897,2828,Excitatory_Neuron
165898,2825,Astro-Epen
165899,2828,Excitatory_Neuron
165900,2825,Astro-Epen
165901,2900,Excitatory_Neuron
165902,2808,unassigned
165903,2831,Astro-Epen
165904,2897,unassigned
165905,2808,unassigned
165906,2808,unassigned
165907,2805,Excitatory_Neuron
165908,2807,Immune
165909,2812,Excitatory_Neuron
165910,2805,Excitatory_Neuron
165911,2805,Excitatory_Neuron
165912,2805,Excitatory_Neuron
165913,2805,Excitatory_Neuron
165914,2894,unassigned
165915,2868,unassigned
165916,2808,unassigned
165917,2831,Astro-Epen
165918,2834,Astro-Epen
165919,2808,unassigned
165920,2883,unassigned
165921,2813,GABA_Neuron
165922,2808,unassigned
165923,2813,GABA_Neuron
165924,2808,unassigned
165925,2813,GABA_Neuron
165926,2876,unassigned
165927,2808,unassigned
165928,2817,Excitatory_Neuron
165929,2886,unassigned
165930,2808,unassigned
165931,2814,Excitatory_Neuron
165932,2805,Excitatory_Neuron
165933,2808,unassigned
165934,2822,Excitatory_Neuron
165935,2819,GABA_Neuron
165936,2822,Excitatory_Neuron
165937,2808,unassigned
165938,2831,Astro-Epen
165939,2831,Astro-Epen
165940,2847,Immune
165941,2839,Immune
165942,2834,Astro-Epen
165943,2888,unassigned
165944,2873,GABA_Neuron
165945,2806,Excitatory_Neuron
165946,2813,GABA_Neuron
165947,2813,GABA_Neuron
165948,2808,unassigned
165949,2814,Excitatory_Neuron
165950,2905,unassigned
165951,2808,unassigned
165952,2819,GABA_Neuron
165953,2826,Astro-Epen
165954,2808,unassigned
165955,2821,Astro-Epen
165956,2825,Astro-Epen
165957,2808,unassigned
165958,2825,Astro-Epen
165959,2827,Vascular
165960,2808,unassigned
165961,2808,unassigned
165962,2808,unassigned
165963,2839,Immune
165964,2839,Immune
165965,2808,unassigned
165966,2897,unassigned
165967,2813,GABA_Neuron
165968,2808,unassigned
165969,2807,Immune
165970,2814,Excitatory_Neuron
165971,2805,Excitatory_Neuron
165972,2805,Excitatory_Neuron
165973,2814,Excitatory_Neuron
165974,2805,Excitatory_Neuron
165975,2822,Excitatory_Neuron
165976,2821,Astro-Epen
165977,2896,Immune
165978,2819,GABA_Neuron
165979,2808,unassigned
165980,2821,Astro-Epen
165981,2822,Excitatory_Neuron
165982,2808,unassigned
165983,2825,Astro-Epen
165984,2825,Astro-Epen
165985,2829,Immune
165986,2884,unassigned
165987,2879,Astro-Epen
165988,2879,Astro-Epen
165989,2839,Immune
165990,2808,unassigned
165991,2879,Astro-Epen
165992,2873,GABA_Neuron
165993,2808,unassigned
165994,2872,unassigned
165995,2813,GABA_Neuron
165996,2813,GABA_Neuron
165997,2806,Excitatory_Neuron
165998,2808,unassigned
165999,2812,Excitatory_Neuron
166000,2812,Excitatory_Neuron
166001,2807,Immune
166002,2807,Immune
166003,2808,unassigned
166004,2807,Immune
166005,2886,unassigned
166006,2814,Excitatory_Neuron
166007,2892,unassigned
166008,2894,unassigned
166009,2821,Astro-Epen
166010,2808,unassigned
166011,2808,unassigned
166012,2826,Astro-Epen
166013,2825,Astro-Epen
166014,2808,unassigned
166015,2821,Astro-Epen
166016,2857,Astro-Epen
166017,2828,Excitatory_Neuron
166018,2906,unassigned
166019,2825,Astro-Epen
166020,2831,Astro-Epen
166021,2808,unassigned
166022,2885,unassigned
166023,2879,Astro-Epen
166024,2873,GABA_Neuron
166025,2873,GABA_Neuron
166026,2808,unassigned
166027,2839,Immune
166028,2836,Immune
166029,2836,Immune
166030,2813,GABA_Neuron
166031,2813,GABA_Neuron
166032,2806,Excitatory_Neuron
166033,2813,GABA_Neuron
166034,2805,Excitatory_Neuron
166035,2812,Excitatory_Neuron
166036,2812,Excitatory_Neuron
166037,2815,Astro-Epen
166038,2805,Excitatory_Neuron
166039,2854,Astro-Epen
166040,2821,Astro-Epen
166041,2820,Excitatory_Neuron
166042,2808,unassigned
166043,2825,Astro-Epen
166044,2808,unassigned
166045,2825,Astro-Epen
166046,2821,Astro-Epen
166047,2808,unassigned
166048,2875,unassigned
166049,2808,unassigned
166050,2873,GABA_Neuron
166051,2808,unassigned
166052,2806,Excitatory_Neuron
166053,2812,Excitatory_Neuron
166054,2808,unassigned
166055,2807,Immune
166056,2807,Immune
166057,2807,Immune
166058,2814,Excitatory_Neuron
166059,2808,unassigned
166060,2814,Excitatory_Neuron
166061,2814,Excitatory_Neuron
166062,2808,unassigned
166063,2904,unassigned
166064,2857,Astro-Epen
166065,2857,Astro-Epen
166066,2831,Astro-Epen
166067,2847,Immune
166068,2837,Astro-Epen
166069,2808,unassigned
166070,2813,GABA_Neuron
166071,2813,GABA_Neuron
166072,2808,unassigned
166073,2808,unassigned
166074,2812,Excitatory_Neuron
166075,2805,Excitatory_Neuron
166076,2808,unassigned
166077,2808,unassigned
166078,2886,unassigned
166079,2808,unassigned
166080,2808,unassigned
166081,2808,unassigned
166082,2808,unassigned
166083,2825,Astro-Epen
166084,2808,unassigned
166085,2808,unassigned
166086,2885,unassigned
166087,2831,Astro-Epen
166088,2839,Immune
166089,2808,unassigned
166090,2873,GABA_Neuron
166091,2839,Immune
166092,2806,Excitatory_Neuron
166093,2813,GABA_Neuron
166094,2813,GABA_Neuron
166095,2808,unassigned
166096,2807,Immune
166097,2808,unassigned
166098,2808,unassigned
166099,2808,unassigned
166100,2817,Excitatory_Neuron
166101,2901,unassigned
166102,2817,Excitatory_Neuron
166103,2854,Astro-Epen
166104,2822,Excitatory_Neuron
166105,2826,Astro-Epen
166106,2857,Astro-Epen
166107,2821,Astro-Epen
166108,2821,Astro-Epen
166109,2808,unassigned
166110,2827,Vascular
166111,2808,unassigned
166112,2831,Astro-Epen
166113,2808,unassigned
166114,2831,Astro-Epen
166115,2808,unassigned
166116,2880,unassigned
166117,2808,unassigned
166118,2872,unassigned
166119,2806,Excitatory_Neuron
166120,2808,unassigned
166121,2806,Excitatory_Neuron
166122,2813,GABA_Neuron
166123,2813,GABA_Neuron
166124,2813,GABA_Neuron
166125,2876,unassigned
166126,2807,Immune
166127,2805,Excitatory_Neuron
166128,2808,unassigned
166129,2815,Astro-Epen
166130,2805,Excitatory_Neuron
166131,2808,unassigned
166132,2805,Excitatory_Neuron
166133,2820,Excitatory_Neuron
166134,2894,unassigned
166135,2894,unassigned
166136,2907,unassigned
166137,2821,Astro-Epen
166138,2808,unassigned
166139,2819,GABA_Neuron
166140,2895,unassigned
166141,2830,unassigned
166142,2808,unassigned
166143,2827,Vascular
166144,2875,unassigned
166145,2831,Astro-Epen
166146,2808,unassigned
166147,2808,unassigned
166148,2839,Immune
166149,2805,Excitatory_Neuron
166150,2805,Excitatory_Neuron
166151,2813,GABA_Neuron
166152,2808,unassigned
166153,2806,Excitatory_Neuron
166154,2812,Excitatory_Neuron
166155,2808,unassigned
166156,2805,Excitatory_Neuron
166157,2814,Excitatory_Neuron
166158,2808,unassigned
166159,2817,Excitatory_Neuron
166160,2805,Excitatory_Neuron
166161,2805,Excitatory_Neuron
166162,2821,Astro-Epen
166163,2808,unassigned
166164,2808,unassigned
166165,2825,Astro-Epen
166166,2827,Vascular
166167,2808,unassigned
166168,2808,unassigned
166169,2829,Immune
166170,2885,unassigned
166171,2861,unassigned
166172,2808,unassigned
166173,2813,GABA_Neuron
166174,2808,unassigned
166175,2813,GABA_Neuron
166176,2812,Excitatory_Neuron
166177,2817,Excitatory_Neuron
166178,2808,unassigned
166179,2805,Excitatory_Neuron
166180,2820,Excitatory_Neuron
166181,2821,Astro-Epen
166182,2822,Excitatory_Neuron
166183,2904,unassigned
166184,2808,unassigned
166185,2808,unassigned
166186,2827,Vascular
166187,2828,Excitatory_Neuron
166188,2834,Astro-Epen
166189,2831,Astro-Epen
166190,2879,Astro-Epen
166191,2885,unassigned
166192,2885,unassigned
166193,2836,Immune
166194,2806,Excitatory_Neuron
166195,2808,unassigned
166196,2808,unassigned
166197,2808,unassigned
166198,2805,Excitatory_Neuron
166199,2814,Excitatory_Neuron
166200,2817,Excitatory_Neuron
166201,2815,Astro-Epen
166202,2886,unassigned
166203,2805,Excitatory_Neuron
166204,2886,unassigned
166205,2817,Excitatory_Neuron
166206,2901,unassigned
166207,2819,GABA_Neuron
166208,2822,Excitatory_Neuron
166209,2808,unassigned
166210,2825,Astro-Epen
166211,2829,Immune
166212,2834,Astro-Epen
166213,2825,Astro-Epen
166214,2888,unassigned
166215,2813,GABA_Neuron
166216,2805,Excitatory_Neuron
166217,2806,Excitatory_Neuron
166218,2806,Excitatory_Neuron
166219,2808,unassigned
166220,2815,Astro-Epen
166221,2805,Excitatory_Neuron
166222,2808,unassigned
166223,2901,unassigned
166224,2805,Excitatory_Neuron
166225,2901,unassigned
166226,2820,Excitatory_Neuron
166227,2822,Excitatory_Neuron
166228,2819,GABA_Neuron
166229,2827,Vascular
166230,2827,Vascular
166231,2829,Immune
166232,2908,Immune
166233,2808,unassigned
166234,2880,unassigned
166235,2873,GABA_Neuron
166236,2836,Immune
166237,2806,Excitatory_Neuron
166238,2806,Excitatory_Neuron
166239,2813,GABA_Neuron
166240,2903,unassigned
166241,2813,GABA_Neuron
166242,2805,Excitatory_Neuron
166243,2808,unassigned
166244,2805,Excitatory_Neuron
166245,2814,Excitatory_Neuron
166246,2817,Excitatory_Neuron
166247,2814,Excitatory_Neuron
166248,2886,unassigned
166249,2817,Excitatory_Neuron
166250,2805,Excitatory_Neuron
166251,2854,Astro-Epen
166252,2821,Astro-Epen
166253,2808,unassigned
166254,2819,GABA_Neuron
166255,2819,GABA_Neuron
166256,2822,Excitatory_Neuron
166257,2819,GABA_Neuron
166258,2857,Astro-Epen
166259,2821,Astro-Epen
166260,2825,Astro-Epen
166261,2827,Vascular
166262,2831,Astro-Epen
166263,2875,unassigned
166264,2831,Astro-Epen
166265,2885,unassigned
166266,2873,GABA_Neuron
166267,2808,unassigned
166268,2805,Excitatory_Neuron
166269,2805,Excitatory_Neuron
166270,2814,Excitatory_Neuron
166271,2886,unassigned
166272,2886,unassigned
166273,2805,Excitatory_Neuron
166274,2894,unassigned
166275,2821,Astro-Epen
166276,2822,Excitatory_Neuron
166277,2822,Excitatory_Neuron
166278,2821,Astro-Epen
166279,2808,unassigned
166280,2884,unassigned
166281,2831,Astro-Epen
166282,2873,GABA_Neuron
166283,2836,Immune
166284,2808,unassigned
166285,2805,Excitatory_Neuron
166286,2806,Excitatory_Neuron
166287,2807,Immune
166288,2807,Immune
166289,2808,unassigned
166290,2805,Excitatory_Neuron
166291,2886,unassigned
166292,2905,unassigned
166293,2805,Excitatory_Neuron
166294,2808,unassigned
166295,2805,Excitatory_Neuron
166296,2805,Excitatory_Neuron
166297,2808,unassigned
166298,2819,GABA_Neuron
166299,2896,Immune
166300,2822,Excitatory_Neuron
166301,2868,unassigned
166302,2822,Excitatory_Neuron
166303,2821,Astro-Epen
166304,2819,GABA_Neuron
166305,2826,Astro-Epen
166306,2826,Astro-Epen
166307,2825,Astro-Epen
166308,2827,Vascular
166309,2908,Immune
166310,2875,unassigned
166311,2825,Astro-Epen
166312,2831,Astro-Epen
166313,2831,Astro-Epen
166314,2847,Immune
166315,2808,unassigned
166316,2813,GABA_Neuron
166317,2805,Excitatory_Neuron
166318,2806,Excitatory_Neuron
166319,2805,Excitatory_Neuron
166320,2814,Excitatory_Neuron
166321,2805,Excitatory_Neuron
166322,2805,Excitatory_Neuron
166323,2808,unassigned
166324,2886,unassigned
166325,2808,unassigned
166326,2821,Astro-Epen
166327,2822,Excitatory_Neuron
166328,2808,unassigned
166329,2822,Excitatory_Neuron
166330,2808,unassigned
166331,2821,Astro-Epen
166332,2825,Astro-Epen
166333,2829,Immune
166334,2909,GABA_Neuron
166335,2828,Excitatory_Neuron
166336,2829,Immune
166337,2825,Astro-Epen
166338,2847,Immune
166339,2839,Immune
166340,2808,unassigned
166341,2808,unassigned
166342,2806,Excitatory_Neuron
166343,2903,unassigned
166344,2903,unassigned
166345,2808,unassigned
166346,2805,Excitatory_Neuron
166347,2815,Astro-Epen
166348,2814,Excitatory_Neuron
166349,2886,unassigned
166350,2814,Excitatory_Neuron
166351,2907,unassigned
166352,2896,Immune
166353,2819,GABA_Neuron
166354,2819,GABA_Neuron
166355,2808,unassigned
166356,2857,Astro-Epen
166357,2857,Astro-Epen
166358,2828,Excitatory_Neuron
166359,2900,Excitatory_Neuron
166360,2829,Immune
166361,2831,Astro-Epen
166362,2885,unassigned
166363,2808,unassigned
166364,2881,unassigned
166365,2808,unassigned
166366,2808,unassigned
166367,2814,Excitatory_Neuron
166368,2892,unassigned
166369,2808,unassigned
166370,2808,unassigned
166371,2822,Excitatory_Neuron
166372,2825,Astro-Epen
166373,2857,Astro-Epen
166374,2857,Astro-Epen
166375,2897,unassigned
166376,2839,Immune
166377,2910,unassigned
166378,2806,Excitatory_Neuron
166379,2808,unassigned
166380,2911,unassigned
166381,2808,unassigned
166382,2903,unassigned
166383,2812,Excitatory_Neuron
166384,2805,Excitatory_Neuron
166385,2807,Immune
166386,2814,Excitatory_Neuron
166387,2805,Excitatory_Neuron
166388,2805,Excitatory_Neuron
166389,2805,Excitatory_Neuron
166390,2805,Excitatory_Neuron
166391,2805,Excitatory_Neuron
166392,2854,Astro-Epen
166393,2808,unassigned
166394,2819,GABA_Neuron
166395,2896,Immune
166396,2808,unassigned
166397,2828,Excitatory_Neuron
166398,2825,Astro-Epen
166399,2831,Astro-Epen
166400,2885,unassigned
166401,2834,Astro-Epen
166402,2839,Immune
166403,2836,Immune
166404,2808,unassigned
166405,2808,unassigned
166406,2903,unassigned
166407,2812,Excitatory_Neuron
166408,2805,Excitatory_Neuron
166409,2807,Immune
166410,2808,unassigned
166411,2805,Excitatory_Neuron
166412,2815,Astro-Epen
166413,2814,Excitatory_Neuron
166414,2815,Astro-Epen
166415,2808,unassigned
166416,2819,GABA_Neuron
166417,2808,unassigned
166418,2808,unassigned
166419,2808,unassigned
166420,2827,Vascular
166421,2829,Immune
166422,2847,Immune
166423,2839,Immune
166424,2888,unassigned
166425,2836,Immune
166426,2808,unassigned
166427,2888,unassigned
166428,2808,unassigned
166429,2903,unassigned
166430,2808,unassigned
166431,2808,unassigned
166432,2808,unassigned
166433,2808,unassigned
166434,2808,unassigned
166435,2814,Excitatory_Neuron
166436,2805,Excitatory_Neuron
166437,2886,unassigned
166438,2854,Astro-Epen
166439,2901,unassigned
166440,2808,unassigned
166441,2822,Excitatory_Neuron
166442,2808,unassigned
166443,2808,unassigned
166444,2895,unassigned
166445,2808,unassigned
166446,2828,Excitatory_Neuron
166447,2885,unassigned
166448,2808,unassigned
166449,2879,Astro-Epen
166450,2808,unassigned
166451,2873,GABA_Neuron
166452,2806,Excitatory_Neuron
166453,2806,Excitatory_Neuron
166454,2805,Excitatory_Neuron
166455,2805,Excitatory_Neuron
166456,2805,Excitatory_Neuron
166457,2817,Excitatory_Neuron
166458,2815,Astro-Epen
166459,2819,GABA_Neuron
166460,2819,GABA_Neuron
166461,2825,Astro-Epen
166462,2808,unassigned
166463,2822,Excitatory_Neuron
166464,2808,unassigned
166465,2808,unassigned
166466,2825,Astro-Epen
166467,2828,Excitatory_Neuron
166468,2808,unassigned
166469,2825,Astro-Epen
166470,2831,Astro-Epen
166471,2831,Astro-Epen
166472,2885,unassigned
166473,2879,Astro-Epen
166474,2912,Vascular
166475,2879,Astro-Epen
166476,2897,unassigned
166477,2808,unassigned
166478,2806,Excitatory_Neuron
166479,2808,unassigned
166480,2808,unassigned
166481,2807,Immune
166482,2817,Excitatory_Neuron
166483,2817,Excitatory_Neuron
166484,2805,Excitatory_Neuron
166485,2808,unassigned
166486,2808,unassigned
166487,2808,unassigned
166488,2886,unassigned
166489,2805,Excitatory_Neuron
166490,2892,unassigned
166491,2894,unassigned
166492,2819,GABA_Neuron
166493,2822,Excitatory_Neuron
166494,2808,unassigned
166495,2808,unassigned
166496,2827,Vascular
166497,2909,GABA_Neuron
166498,2831,Astro-Epen
166499,2831,Astro-Epen
166500,2831,Astro-Epen
166501,2839,Immune
166502,2808,unassigned
166503,2880,unassigned
166504,2808,unassigned
166505,2879,Astro-Epen
166506,2808,unassigned
166507,2806,Excitatory_Neuron
166508,2808,unassigned
166509,2808,unassigned
166510,2808,unassigned
166511,2805,Excitatory_Neuron
166512,2805,Excitatory_Neuron
166513,2817,Excitatory_Neuron
166514,2901,unassigned
166515,2854,Astro-Epen
166516,2819,GABA_Neuron
166517,2822,Excitatory_Neuron
166518,2821,Astro-Epen
166519,2822,Excitatory_Neuron
166520,2854,Astro-Epen
166521,2808,unassigned
166522,2808,unassigned
166523,2808,unassigned
166524,2857,Astro-Epen
166525,2821,Astro-Epen
166526,2821,Astro-Epen
166527,2827,Vascular
166528,2831,Astro-Epen
166529,2808,unassigned
166530,2808,unassigned
166531,2872,unassigned
166532,2806,Excitatory_Neuron
166533,2813,GABA_Neuron
166534,2812,Excitatory_Neuron
166535,2812,Excitatory_Neuron
166536,2808,unassigned
166537,2805,Excitatory_Neuron
166538,2805,Excitatory_Neuron
166539,2886,unassigned
166540,2905,unassigned
166541,2805,Excitatory_Neuron
166542,2805,Excitatory_Neuron
166543,2814,Excitatory_Neuron
166544,2808,unassigned
166545,2808,unassigned
166546,2808,unassigned
166547,2825,Astro-Epen
166548,2808,unassigned
166549,2808,unassigned
166550,2808,unassigned
166551,2839,Immune
166552,2888,unassigned
166553,2808,unassigned
166554,2913,unassigned
166555,2808,unassigned
166556,2808,unassigned
166557,2805,Excitatory_Neuron
166558,2807,Immune
166559,2808,unassigned
166560,2808,unassigned
166561,2808,unassigned
166562,2808,unassigned
166563,2808,unassigned
166564,2854,Astro-Epen
166565,2808,unassigned
166566,2819,GABA_Neuron
166567,2808,unassigned
166568,2896,Immune
166569,2819,GABA_Neuron
166570,2819,GABA_Neuron
166571,2822,Excitatory_Neuron
166572,2808,unassigned
166573,2808,unassigned
166574,2808,unassigned
166575,2808,unassigned
166576,2827,Vascular
166577,2831,Astro-Epen
166578,2808,unassigned
166579,2847,Immune
166580,2808,unassigned
166581,2808,unassigned
166582,2879,Astro-Epen
166583,2839,Immune
166584,2808,unassigned
166585,2808,unassigned
166586,2813,GABA_Neuron
166587,2813,GABA_Neuron
166588,2808,unassigned
166589,2806,Excitatory_Neuron
166590,2807,Immune
166591,2808,unassigned
166592,2817,Excitatory_Neuron
166593,2886,unassigned
166594,2805,Excitatory_Neuron
166595,2914,unassigned
166596,2808,unassigned
166597,2808,unassigned
166598,2854,Astro-Epen
166599,2896,Immune
166600,2808,unassigned
166601,2857,Astro-Epen
166602,2915,unassigned
166603,2875,unassigned
166604,2808,unassigned
166605,2836,Immune
166606,2839,Immune
166607,2913,unassigned
166608,2813,GABA_Neuron
166609,2813,GABA_Neuron
166610,2813,GABA_Neuron
166611,2808,unassigned
166612,2815,Astro-Epen
166613,2815,Astro-Epen
166614,2881,unassigned
166615,2905,unassigned
166616,2805,Excitatory_Neuron
166617,2805,Excitatory_Neuron
166618,2819,GABA_Neuron
166619,2896,Immune
166620,2822,Excitatory_Neuron
166621,2825,Astro-Epen
166622,2857,Astro-Epen
166623,2808,unassigned
166624,2884,unassigned
166625,2912,Vascular
166626,2837,Astro-Epen
166627,2837,Astro-Epen
166628,2808,unassigned
166629,2808,unassigned
166630,2808,unassigned
166631,2805,Excitatory_Neuron
166632,2805,Excitatory_Neuron
166633,2805,Excitatory_Neuron
166634,2814,Excitatory_Neuron
166635,2815,Astro-Epen
166636,2805,Excitatory_Neuron
166637,2814,Excitatory_Neuron
166638,2854,Astro-Epen
166639,2896,Immune
166640,2808,unassigned
166641,2896,Immune
166642,2808,unassigned
166643,2808,unassigned
166644,2808,unassigned
166645,2808,unassigned
166646,2808,unassigned
166647,2808,unassigned
166648,2909,GABA_Neuron
166649,2884,unassigned
166650,2875,unassigned
166651,2884,unassigned
166652,2916,unassigned
166653,2873,GABA_Neuron
166654,2881,unassigned
166655,2805,Excitatory_Neuron
166656,2805,Excitatory_Neuron
166657,2914,unassigned
166658,2854,Astro-Epen
166659,2819,GABA_Neuron
166660,2896,Immune
166661,2822,Excitatory_Neuron
166662,2808,unassigned
166663,2868,unassigned
166664,2822,Excitatory_Neuron
166665,2821,Astro-Epen
166666,2825,Astro-Epen
166667,2909,GABA_Neuron
166668,2829,Immune
166669,2829,Immune
166670,2829,Immune
166671,2808,unassigned
166672,2831,Astro-Epen
166673,2912,Vascular
166674,2879,Astro-Epen
166675,2897,unassigned
166676,2808,unassigned
166677,2808,unassigned
166678,2808,unassigned
166679,2808,unassigned
166680,2813,GABA_Neuron
166681,2815,Astro-Epen
166682,2805,Excitatory_Neuron
166683,2817,Excitatory_Neuron
166684,2905,unassigned
166685,2892,unassigned
166686,2819,GABA_Neuron
166687,2822,Excitatory_Neuron
166688,2819,GABA_Neuron
166689,2808,unassigned
166690,2808,unassigned
166691,2825,Astro-Epen
166692,2917,unassigned
166693,2829,Immune
166694,2885,unassigned
166695,2847,Immune
166696,2831,Astro-Epen
166697,2808,unassigned
166698,2888,unassigned
166699,2837,Astro-Epen
166700,2839,Immune
166701,2813,GABA_Neuron
166702,2805,Excitatory_Neuron
166703,2808,unassigned
166704,2808,unassigned
166705,2807,Immune
166706,2918,unassigned
166707,2814,Excitatory_Neuron
166708,2814,Excitatory_Neuron
166709,2808,unassigned
166710,2905,unassigned
166711,2808,unassigned
166712,2808,unassigned
166713,2907,unassigned
166714,2819,GABA_Neuron
166715,2819,GABA_Neuron
166716,2821,Astro-Epen
166717,2825,Astro-Epen
166718,2825,Astro-Epen
166719,2808,unassigned
166720,2808,unassigned
166721,2916,unassigned
166722,2808,unassigned
166723,2808,unassigned
166724,2808,unassigned
166725,2813,GABA_Neuron
166726,2808,unassigned
166727,2808,unassigned
166728,2808,unassigned
166729,2807,Immune
166730,2805,Excitatory_Neuron
166731,2817,Excitatory_Neuron
166732,2808,unassigned
166733,2808,unassigned
166734,2919,unassigned
166735,2896,Immune
166736,2896,Immune
166737,2826,Astro-Epen
166738,2819,GABA_Neuron
166739,2825,Astro-Epen
166740,2808,unassigned
166741,2908,Immune
166742,2829,Immune
166743,2920,unassigned
166744,2873,GABA_Neuron
166745,2873,GABA_Neuron
166746,2872,unassigned
166747,2813,GABA_Neuron
166748,2808,unassigned
166749,2805,Excitatory_Neuron
166750,2815,Astro-Epen
166751,2815,Astro-Epen
166752,2808,unassigned
166753,2805,Excitatory_Neuron
166754,2821,Astro-Epen
166755,2896,Immune
166756,2868,unassigned
166757,2857,Astro-Epen
166758,2825,Astro-Epen
166759,2808,unassigned
166760,2808,unassigned
166761,2875,unassigned
166762,2908,Immune
166763,2884,unassigned
166764,2808,unassigned
166765,2808,unassigned
166766,2912,Vascular
166767,2808,unassigned
166768,2839,Immune
166769,2913,unassigned
166770,2913,unassigned
166771,2813,GABA_Neuron
166772,2808,unassigned
166773,2807,Immune
166774,2921,Astro-Epen
166775,2808,unassigned
166776,2808,unassigned
166777,2814,Excitatory_Neuron
166778,2854,Astro-Epen
166779,2822,Excitatory_Neuron
166780,2819,GABA_Neuron
166781,2825,Astro-Epen
166782,2808,unassigned
166783,2808,unassigned
166784,2884,unassigned
166785,2916,unassigned
166786,2808,unassigned
166787,2836,Immune
166788,2808,unassigned
166789,2813,GABA_Neuron
166790,2813,GABA_Neuron
166791,2806,Excitatory_Neuron
166792,2806,Excitatory_Neuron
166793,2813,GABA_Neuron
166794,2808,unassigned
166795,2808,unassigned
166796,2807,Immune
166797,2815,Astro-Epen
166798,2805,Excitatory_Neuron
166799,2808,unassigned
166800,2907,unassigned
166801,2826,Astro-Epen
166802,2822,Excitatory_Neuron
166803,2825,Astro-Epen
166804,2825,Astro-Epen
166805,2916,unassigned
166806,2875,unassigned
166807,2885,unassigned
166808,2808,unassigned
166809,2888,unassigned
166810,2888,unassigned
166811,2839,Immune
166812,2873,GABA_Neuron
166813,2872,unassigned
166814,2903,unassigned
166815,2808,unassigned
166816,2808,unassigned
166817,2922,Excitatory_Neuron
166818,2808,unassigned
166819,2814,Excitatory_Neuron
166820,2808,unassigned
166821,2892,unassigned
166822,2896,Immune
166823,2821,Astro-Epen
166824,2808,unassigned
166825,2827,Vascular
166826,2808,unassigned
166827,2831,Astro-Epen
166828,2917,unassigned
166829,2808,unassigned
166830,2847,Immune
166831,2839,Immune
166832,2808,unassigned
166833,2808,unassigned
166834,2805,Excitatory_Neuron
166835,2808,unassigned
166836,2808,unassigned
166837,2806,Excitatory_Neuron
166838,2903,unassigned
166839,2808,unassigned
166840,2806,Excitatory_Neuron
166841,2807,Immune
166842,2806,Excitatory_Neuron
166843,2808,unassigned
166844,2807,Immune
166845,2805,Excitatory_Neuron
166846,2814,Excitatory_Neuron
166847,2805,Excitatory_Neuron
166848,2805,Excitatory_Neuron
166849,2805,Excitatory_Neuron
166850,2808,unassigned
166851,2805,Excitatory_Neuron
166852,2805,Excitatory_Neuron
166853,2808,unassigned
166854,2892,unassigned
166855,2821,Astro-Epen
166856,2819,GABA_Neuron
166857,2896,Immune
166858,2808,unassigned
166859,2826,Astro-Epen
166860,2808,unassigned
166861,2829,Immune
166862,2831,Astro-Epen
166863,2839,Immune
166864,2808,unassigned
166865,2839,Immune
166866,2923,unassigned
166867,2888,unassigned
166868,2873,GABA_Neuron
166869,2806,Excitatory_Neuron
166870,2924,unassigned
166871,2924,unassigned
166872,2807,Immune
166873,2808,unassigned
166874,2805,Excitatory_Neuron
166875,2881,unassigned
166876,2921,Astro-Epen
166877,2808,unassigned
166878,2854,Astro-Epen
166879,2808,unassigned
166880,2829,Immune
166881,2847,Immune
166882,2839,Immune
166883,2873,GABA_Neuron
166884,2903,unassigned
166885,2808,unassigned
166886,2808,unassigned
166887,2813,GABA_Neuron
166888,2813,GABA_Neuron
166889,2805,Excitatory_Neuron
166890,2812,Excitatory_Neuron
166891,2808,unassigned
166892,2805,Excitatory_Neuron
166893,2815,Astro-Epen
166894,2814,Excitatory_Neuron
166895,2854,Astro-Epen
166896,2821,Astro-Epen
166897,2896,Immune
166898,2821,Astro-Epen
166899,2822,Excitatory_Neuron
166900,2808,unassigned
166901,2808,unassigned
166902,2825,Astro-Epen
166903,2825,Astro-Epen
166904,2920,unassigned
166905,2831,Astro-Epen
166906,2916,unassigned
166907,2885,unassigned
166908,2847,Immune
166909,2839,Immune
166910,2808,unassigned
166911,2808,unassigned
166912,2808,unassigned
166913,2813,GABA_Neuron
166914,2806,Excitatory_Neuron
166915,2808,unassigned
166916,2807,Immune
166917,2807,Immune
166918,2805,Excitatory_Neuron
166919,2805,Excitatory_Neuron
166920,2925,GABA_Neuron
166921,2817,Excitatory_Neuron
166922,2815,Astro-Epen
166923,2805,Excitatory_Neuron
166924,2820,Excitatory_Neuron
166925,2819,GABA_Neuron
166926,2819,GABA_Neuron
166927,2909,GABA_Neuron
166928,2808,unassigned
166929,2908,Immune
166930,2917,unassigned
166931,2831,Astro-Epen
166932,2808,unassigned
166933,2831,Astro-Epen
166934,2926,unassigned
166935,2839,Immune
166936,2806,Excitatory_Neuron
166937,2806,Excitatory_Neuron
166938,2813,GABA_Neuron
166939,2807,Immune
166940,2817,Excitatory_Neuron
166941,2805,Excitatory_Neuron
166942,2808,unassigned
166943,2814,Excitatory_Neuron
166944,2814,Excitatory_Neuron
166945,2808,unassigned
166946,2927,unassigned
166947,2868,unassigned
166948,2808,unassigned
166949,2808,unassigned
166950,2808,unassigned
166951,2909,GABA_Neuron
166952,2808,unassigned
166953,2825,Astro-Epen
166954,2808,unassigned
166955,2829,Immune
166956,2808,unassigned
166957,2831,Astro-Epen
166958,2879,Astro-Epen
166959,2847,Immune
166960,2831,Astro-Epen
166961,2926,unassigned
166962,2879,Astro-Epen
166963,2872,unassigned
166964,2805,Excitatory_Neuron
166965,2813,GABA_Neuron
166966,2812,Excitatory_Neuron
166967,2815,Astro-Epen
166968,2817,Excitatory_Neuron
166969,2808,unassigned
166970,2808,unassigned
166971,2808,unassigned
166972,2892,unassigned
166973,2819,GABA_Neuron
166974,2821,Astro-Epen
166975,2822,Excitatory_Neuron
166976,2822,Excitatory_Neuron
166977,2808,unassigned
166978,2825,Astro-Epen
166979,2825,Astro-Epen
166980,2829,Immune
166981,2920,unassigned
166982,2908,Immune
166983,2808,unassigned
166984,2831,Astro-Epen
166985,2808,unassigned
166986,2808,unassigned
166987,2808,unassigned
166988,2812,Excitatory_Neuron
166989,2921,Astro-Epen
166990,2817,Excitatory_Neuron
166991,2817,Excitatory_Neuron
166992,2814,Excitatory_Neuron
166993,2894,unassigned
166994,2854,Astro-Epen
166995,2854,Astro-Epen
166996,2896,Immune
166997,2825,Astro-Epen
166998,2808,unassigned
166999,2808,unassigned
167000,2879,Astro-Epen
167001,2879,Astro-Epen
167002,2808,unassigned
167003,2808,unassigned
167004,2805,Excitatory_Neuron
167005,2808,unassigned
167006,2854,Astro-Epen
167007,2907,unassigned
167008,2822,Excitatory_Neuron
167009,2821,Astro-Epen
167010,2896,Immune
167011,2822,Excitatory_Neuron
167012,2825,Astro-Epen
167013,2821,Astro-Epen
167014,2808,unassigned
167015,2909,GABA_Neuron
167016,2829,Immune
167017,2875,unassigned
167018,2875,unassigned
167019,2908,Immune
167020,2825,Astro-Epen
167021,2879,Astro-Epen
167022,2825,Astro-Epen
167023,2926,unassigned
167024,2813,GABA_Neuron
167025,2805,Excitatory_Neuron
167026,2805,Excitatory_Neuron
167027,2815,Astro-Epen
167028,2914,unassigned
167029,2901,unassigned
167030,2907,unassigned
167031,2822,Excitatory_Neuron
167032,2825,Astro-Epen
167033,2808,unassigned
167034,2808,unassigned
167035,2808,unassigned
167036,2808,unassigned
167037,2827,Vascular
167038,2908,Immune
167039,2885,unassigned
167040,2888,unassigned
167041,2888,unassigned
167042,2928,unassigned
167043,2879,Astro-Epen
167044,2813,GABA_Neuron
167045,2805,Excitatory_Neuron
167046,2806,Excitatory_Neuron
167047,2808,unassigned
167048,2808,unassigned
167049,2807,Immune
167050,2814,Excitatory_Neuron
167051,2805,Excitatory_Neuron
167052,2907,unassigned
167053,2808,unassigned
167054,2896,Immune
167055,2821,Astro-Epen
167056,2929,unassigned
167057,2808,unassigned
167058,2909,GABA_Neuron
167059,2808,unassigned
167060,2808,unassigned
167061,2831,Astro-Epen
167062,2885,unassigned
167063,2825,Astro-Epen
167064,2912,Vascular
167065,2839,Immune
167066,2806,Excitatory_Neuron
167067,2903,unassigned
167068,2813,GABA_Neuron
167069,2808,unassigned
167070,2918,unassigned
167071,2812,Excitatory_Neuron
167072,2808,unassigned
167073,2805,Excitatory_Neuron
167074,2815,Astro-Epen
167075,2808,unassigned
167076,2805,Excitatory_Neuron
167077,2814,Excitatory_Neuron
167078,2886,unassigned
167079,2814,Excitatory_Neuron
167080,2817,Excitatory_Neuron
167081,2808,unassigned
167082,2892,unassigned
167083,2907,unassigned
167084,2821,Astro-Epen
167085,2808,unassigned
167086,2825,Astro-Epen
167087,2808,unassigned
167088,2829,Immune
167089,2829,Immune
167090,2884,unassigned
167091,2916,unassigned
167092,2885,unassigned
167093,2885,unassigned
167094,2879,Astro-Epen
167095,2924,unassigned
167096,2805,Excitatory_Neuron
167097,2806,Excitatory_Neuron
167098,2813,GABA_Neuron
167099,2813,GABA_Neuron
167100,2805,Excitatory_Neuron
167101,2807,Immune
167102,2808,unassigned
167103,2817,Excitatory_Neuron
167104,2901,unassigned
167105,2854,Astro-Epen
167106,2854,Astro-Epen
167107,2819,GABA_Neuron
167108,2821,Astro-Epen
167109,2822,Excitatory_Neuron
167110,2819,GABA_Neuron
167111,2821,Astro-Epen
167112,2821,Astro-Epen
167113,2821,Astro-Epen
167114,2821,Astro-Epen
167115,2808,unassigned
167116,2827,Vascular
167117,2808,unassigned
167118,2831,Astro-Epen
167119,2808,unassigned
167120,2808,unassigned
167121,2808,unassigned
167122,2808,unassigned
167123,2808,unassigned
167124,2808,unassigned
167125,2813,GABA_Neuron
167126,2807,Immune
167127,2814,Excitatory_Neuron
167128,2815,Astro-Epen
167129,2805,Excitatory_Neuron
167130,2814,Excitatory_Neuron
167131,2817,Excitatory_Neuron
167132,2892,unassigned
167133,2808,unassigned
167134,2814,Excitatory_Neuron
167135,2907,unassigned
167136,2821,Astro-Epen
167137,2819,GABA_Neuron
167138,2825,Astro-Epen
167139,2821,Astro-Epen
167140,2821,Astro-Epen
167141,2821,Astro-Epen
167142,2825,Astro-Epen
167143,2831,Astro-Epen
167144,2884,unassigned
167145,2829,Immune
167146,2831,Astro-Epen
167147,2831,Astro-Epen
167148,2831,Astro-Epen
167149,2847,Immune
167150,2839,Immune
167151,2806,Excitatory_Neuron
167152,2805,Excitatory_Neuron
167153,2805,Excitatory_Neuron
167154,2805,Excitatory_Neuron
167155,2817,Excitatory_Neuron
167156,2815,Astro-Epen
167157,2814,Excitatory_Neuron
167158,2814,Excitatory_Neuron
167159,2808,unassigned
167160,2892,unassigned
167161,2907,unassigned
167162,2822,Excitatory_Neuron
167163,2909,GABA_Neuron
167164,2808,unassigned
167165,2831,Astro-Epen
167166,2825,Astro-Epen
167167,2808,unassigned
167168,2805,Excitatory_Neuron
167169,2805,Excitatory_Neuron
167170,2808,unassigned
167171,2903,unassigned
167172,2813,GABA_Neuron
167173,2805,Excitatory_Neuron
167174,2808,unassigned
167175,2807,Immune
167176,2815,Astro-Epen
167177,2805,Excitatory_Neuron
167178,2805,Excitatory_Neuron
167179,2854,Astro-Epen
167180,2805,Excitatory_Neuron
167181,2820,Excitatory_Neuron
167182,2854,Astro-Epen
167183,2819,GABA_Neuron
167184,2819,GABA_Neuron
167185,2819,GABA_Neuron
167186,2857,Astro-Epen
167187,2857,Astro-Epen
167188,2827,Vascular
167189,2884,unassigned
167190,2808,unassigned
167191,2926,unassigned
167192,2879,Astro-Epen
167193,2806,Excitatory_Neuron
167194,2813,GABA_Neuron
167195,2808,unassigned
167196,2815,Astro-Epen
167197,2815,Astro-Epen
167198,2930,GABA_Neuron
167199,2805,Excitatory_Neuron
167200,2805,Excitatory_Neuron
167201,2815,Astro-Epen
167202,2814,Excitatory_Neuron
167203,2808,unassigned
167204,2892,unassigned
167205,2907,unassigned
167206,2931,Astro-Epen
167207,2825,Astro-Epen
167208,2825,Astro-Epen
167209,2827,Vascular
167210,2932,GABA_Neuron
167211,2932,GABA_Neuron
167212,2879,Astro-Epen
167213,2808,unassigned
167214,2930,GABA_Neuron
167215,2805,Excitatory_Neuron
167216,2805,Excitatory_Neuron
167217,2808,unassigned
167218,2808,unassigned
167219,2814,Excitatory_Neuron
167220,2814,Excitatory_Neuron
167221,2805,Excitatory_Neuron
167222,2907,unassigned
167223,2819,GABA_Neuron
167224,2821,Astro-Epen
167225,2825,Astro-Epen
167226,2879,Astro-Epen
167227,2875,unassigned
167228,2825,Astro-Epen
167229,2885,unassigned
167230,2829,Immune
167231,2885,unassigned
167232,2912,Vascular
167233,2879,Astro-Epen
167234,2808,unassigned
167235,2813,GABA_Neuron
167236,2813,GABA_Neuron
167237,2805,Excitatory_Neuron
167238,2813,GABA_Neuron
167239,2918,unassigned
167240,2922,Excitatory_Neuron
167241,2930,GABA_Neuron
167242,2814,Excitatory_Neuron
167243,2817,Excitatory_Neuron
167244,2805,Excitatory_Neuron
167245,2808,unassigned
167246,2907,unassigned
167247,2907,unassigned
167248,2819,GABA_Neuron
167249,2821,Astro-Epen
167250,2825,Astro-Epen
167251,2884,unassigned
167252,2831,Astro-Epen
167253,2879,Astro-Epen
167254,2932,GABA_Neuron
167255,2888,unassigned
167256,2808,unassigned
167257,2839,Immune
167258,2808,unassigned
167259,2805,Excitatory_Neuron
167260,2808,unassigned
167261,2805,Excitatory_Neuron
167262,2914,unassigned
167263,2892,unassigned
167264,2822,Excitatory_Neuron
167265,2819,GABA_Neuron
167266,2825,Astro-Epen
167267,2808,unassigned
167268,2821,Astro-Epen
167269,2808,unassigned
167270,2808,unassigned
167271,2827,Vascular
167272,2808,unassigned
167273,2808,unassigned
167274,2888,unassigned
167275,2873,GABA_Neuron
167276,2933,unassigned
167277,2808,unassigned
167278,2879,Astro-Epen
167279,2879,Astro-Epen
167280,2813,GABA_Neuron
167281,2807,Immune
167282,2813,GABA_Neuron
167283,2808,unassigned
167284,2918,unassigned
167285,2808,unassigned
167286,2805,Excitatory_Neuron
167287,2921,Astro-Epen
167288,2805,Excitatory_Neuron
167289,2907,unassigned
167290,2825,Astro-Epen
167291,2825,Astro-Epen
167292,2808,unassigned
167293,2929,unassigned
167294,2917,unassigned
167295,2808,unassigned
167296,2879,Astro-Epen
167297,2808,unassigned
167298,2808,unassigned
167299,2808,unassigned
167300,2808,unassigned
167301,2807,Immune
167302,2807,Immune
167303,2807,Immune
167304,2805,Excitatory_Neuron
167305,2805,Excitatory_Neuron
167306,2814,Excitatory_Neuron
167307,2817,Excitatory_Neuron
167308,2854,Astro-Epen
167309,2854,Astro-Epen
167310,2896,Immune
167311,2825,Astro-Epen
167312,2808,unassigned
167313,2819,GABA_Neuron
167314,2857,Astro-Epen
167315,2909,GABA_Neuron
167316,2828,Excitatory_Neuron
167317,2909,GABA_Neuron
167318,2920,unassigned
167319,2825,Astro-Epen
167320,2879,Astro-Epen
167321,2808,unassigned
167322,2808,unassigned
167323,2808,unassigned
167324,2808,unassigned
167325,2817,Excitatory_Neuron
167326,2921,Astro-Epen
167327,2805,Excitatory_Neuron
167328,2817,Excitatory_Neuron
167329,2808,unassigned
167330,2808,unassigned
167331,2896,Immune
167332,2907,unassigned
167333,2821,Astro-Epen
167334,2825,Astro-Epen
167335,2822,Excitatory_Neuron
167336,2819,GABA_Neuron
167337,2825,Astro-Epen
167338,2825,Astro-Epen
167339,2934,unassigned
167340,2825,Astro-Epen
167341,2825,Astro-Epen
167342,2909,GABA_Neuron
167343,2825,Astro-Epen
167344,2917,unassigned
167345,2831,Astro-Epen
167346,2831,Astro-Epen
167347,2831,Astro-Epen
167348,2825,Astro-Epen
167349,2839,Immune
167350,2808,unassigned
167351,2808,unassigned
167352,2808,unassigned
167353,2922,Excitatory_Neuron
167354,2807,Immune
167355,2815,Astro-Epen
167356,2808,unassigned
167357,2854,Astro-Epen
167358,2819,GABA_Neuron
167359,2822,Excitatory_Neuron
167360,2854,Astro-Epen
167361,2896,Immune
167362,2826,Astro-Epen
167363,2827,Vascular
167364,2829,Immune
167365,2909,GABA_Neuron
167366,2808,unassigned
167367,2900,Excitatory_Neuron
167368,2808,unassigned
167369,2808,unassigned
167370,2918,unassigned
167371,2808,unassigned
167372,2930,GABA_Neuron
167373,2922,Excitatory_Neuron
167374,2805,Excitatory_Neuron
167375,2805,Excitatory_Neuron
167376,2817,Excitatory_Neuron
167377,2808,unassigned
167378,2808,unassigned
167379,2805,Excitatory_Neuron
167380,2814,Excitatory_Neuron
167381,2896,Immune
167382,2896,Immune
167383,2825,Astro-Epen
167384,2822,Excitatory_Neuron
167385,2826,Astro-Epen
167386,2825,Astro-Epen
167387,2821,Astro-Epen
167388,2825,Astro-Epen
167389,2908,Immune
167390,2909,GABA_Neuron
167391,2825,Astro-Epen
167392,2879,Astro-Epen
167393,2808,unassigned
167394,2831,Astro-Epen
167395,2879,Astro-Epen
167396,2912,Vascular
167397,2912,Vascular
167398,2839,Immune
167399,2808,unassigned
167400,2913,unassigned
167401,2903,unassigned
167402,2807,Immune
167403,2935,unassigned
167404,2805,Excitatory_Neuron
167405,2817,Excitatory_Neuron
167406,2808,unassigned
167407,2892,unassigned
167408,2914,unassigned
167409,2931,Astro-Epen
167410,2826,Astro-Epen
167411,2825,Astro-Epen
167412,2825,Astro-Epen
167413,2825,Astro-Epen
167414,2825,Astro-Epen
167415,2908,Immune
167416,2908,Immune
167417,2936,unassigned
167418,2808,unassigned
167419,2808,unassigned
167420,2808,unassigned
167421,2813,GABA_Neuron
167422,2805,Excitatory_Neuron
167423,2808,unassigned
167424,2813,GABA_Neuron
167425,2815,Astro-Epen
167426,2815,Astro-Epen
167427,2817,Excitatory_Neuron
167428,2815,Astro-Epen
167429,2815,Astro-Epen
167430,2805,Excitatory_Neuron
167431,2808,unassigned
167432,2805,Excitatory_Neuron
167433,2854,Astro-Epen
167434,2907,unassigned
167435,2819,GABA_Neuron
167436,2825,Astro-Epen
167437,2825,Astro-Epen
167438,2825,Astro-Epen
167439,2808,unassigned
167440,2834,Astro-Epen
167441,2879,Astro-Epen
167442,2808,unassigned
167443,2805,Excitatory_Neuron
167444,2808,unassigned
167445,2808,unassigned
167446,2925,GABA_Neuron
167447,2921,Astro-Epen
167448,2814,Excitatory_Neuron
167449,2817,Excitatory_Neuron
167450,2815,Astro-Epen
167451,2805,Excitatory_Neuron
167452,2892,unassigned
167453,2822,Excitatory_Neuron
167454,2819,GABA_Neuron
167455,2822,Excitatory_Neuron
167456,2821,Astro-Epen
167457,2825,Astro-Epen
167458,2821,Astro-Epen
167459,2808,unassigned
167460,2808,unassigned
167461,2917,unassigned
167462,2829,Immune
167463,2885,unassigned
167464,2831,Astro-Epen
167465,2825,Astro-Epen
167466,2926,unassigned
167467,2813,GABA_Neuron
167468,2808,unassigned
167469,2808,unassigned
167470,2807,Immune
167471,2814,Excitatory_Neuron
167472,2805,Excitatory_Neuron
167473,2819,GABA_Neuron
167474,2822,Excitatory_Neuron
167475,2896,Immune
167476,2822,Excitatory_Neuron
167477,2929,unassigned
167478,2857,Astro-Epen
167479,2857,Astro-Epen
167480,2825,Astro-Epen
167481,2827,Vascular
167482,2917,unassigned
167483,2873,GABA_Neuron
167484,2839,Immune
167485,2879,Astro-Epen
167486,2839,Immune
167487,2805,Excitatory_Neuron
167488,2813,GABA_Neuron
167489,2903,unassigned
167490,2903,unassigned
167491,2930,GABA_Neuron
167492,2815,Astro-Epen
167493,2805,Excitatory_Neuron
167494,2814,Excitatory_Neuron
167495,2805,Excitatory_Neuron
167496,2814,Excitatory_Neuron
167497,2814,Excitatory_Neuron
167498,2937,unassigned
167499,2814,Excitatory_Neuron
167500,2808,unassigned
167501,2931,Astro-Epen
167502,2814,Excitatory_Neuron
167503,2822,Excitatory_Neuron
167504,2825,Astro-Epen
167505,2929,unassigned
167506,2821,Astro-Epen
167507,2808,unassigned
167508,2808,unassigned
167509,2808,unassigned
167510,2908,Immune
167511,2900,Excitatory_Neuron
167512,2936,unassigned
167513,2912,Vascular
167514,2912,Vascular
167515,2825,Astro-Epen
167516,2932,GABA_Neuron
167517,2888,unassigned
167518,2888,unassigned
167519,2839,Immune
167520,2873,GABA_Neuron
167521,2808,unassigned
167522,2872,unassigned
167523,2806,Excitatory_Neuron
167524,2918,unassigned
167525,2805,Excitatory_Neuron
167526,2817,Excitatory_Neuron
167527,2892,unassigned
167528,2896,Immune
167529,2896,Immune
167530,2825,Astro-Epen
167531,2821,Astro-Epen
167532,2825,Astro-Epen
167533,2825,Astro-Epen
167534,2808,unassigned
167535,2821,Astro-Epen
167536,2808,unassigned
167537,2808,unassigned
167538,2879,Astro-Epen
167539,2825,Astro-Epen
167540,2879,Astro-Epen
167541,2839,Immune
167542,2873,GABA_Neuron
167543,2938,unassigned
167544,2861,unassigned
167545,2808,unassigned
167546,2808,unassigned
167547,2808,unassigned
167548,2807,Immune
167549,2805,Excitatory_Neuron
167550,2921,Astro-Epen
167551,2814,Excitatory_Neuron
167552,2815,Astro-Epen
167553,2817,Excitatory_Neuron
167554,2808,unassigned
167555,2854,Astro-Epen
167556,2854,Astro-Epen
167557,2854,Astro-Epen
167558,2854,Astro-Epen
167559,2819,GABA_Neuron
167560,2827,Vascular
167561,2808,unassigned
167562,2884,unassigned
167563,2829,Immune
167564,2879,Astro-Epen
167565,2879,Astro-Epen
167566,2873,GABA_Neuron
167567,2873,GABA_Neuron
167568,2808,unassigned
167569,2806,Excitatory_Neuron
167570,2812,Excitatory_Neuron
167571,2808,unassigned
167572,2925,GABA_Neuron
167573,2817,Excitatory_Neuron
167574,2817,Excitatory_Neuron
167575,2914,unassigned
167576,2805,Excitatory_Neuron
167577,2854,Astro-Epen
167578,2822,Excitatory_Neuron
167579,2854,Astro-Epen
167580,2826,Astro-Epen
167581,2896,Immune
167582,2857,Astro-Epen
167583,2821,Astro-Epen
167584,2821,Astro-Epen
167585,2827,Vascular
167586,2825,Astro-Epen
167587,2912,Vascular
167588,2805,Excitatory_Neuron
167589,2903,unassigned
167590,2806,Excitatory_Neuron
167591,2808,unassigned
167592,2805,Excitatory_Neuron
167593,2812,Excitatory_Neuron
167594,2808,unassigned
167595,2808,unassigned
167596,2925,GABA_Neuron
167597,2935,unassigned
167598,2808,unassigned
167599,2939,unassigned
167600,2805,Excitatory_Neuron
167601,2815,Astro-Epen
167602,2808,unassigned
167603,2814,Excitatory_Neuron
167604,2815,Astro-Epen
167605,2805,Excitatory_Neuron
167606,2805,Excitatory_Neuron
167607,2826,Astro-Epen
167608,2896,Immune
167609,2822,Excitatory_Neuron
167610,2819,GABA_Neuron
167611,2808,unassigned
167612,2808,unassigned
167613,2825,Astro-Epen
167614,2909,GABA_Neuron
167615,2808,unassigned
167616,2908,Immune
167617,2912,Vascular
167618,2837,Astro-Epen
167619,2808,unassigned
167620,2903,unassigned
167621,2918,unassigned
167622,2930,GABA_Neuron
167623,2815,Astro-Epen
167624,2814,Excitatory_Neuron
167625,2814,Excitatory_Neuron
167626,2892,unassigned
167627,2808,unassigned
167628,2819,GABA_Neuron
167629,2826,Astro-Epen
167630,2819,GABA_Neuron
167631,2808,unassigned
167632,2825,Astro-Epen
167633,2819,GABA_Neuron
167634,2821,Astro-Epen
167635,2808,unassigned
167636,2808,unassigned
167637,2825,Astro-Epen
167638,2908,Immune
167639,2808,unassigned
167640,2917,unassigned
167641,2926,unassigned
167642,2888,unassigned
167643,2873,GABA_Neuron
167644,2805,Excitatory_Neuron
167645,2805,Excitatory_Neuron
167646,2808,unassigned
167647,2812,Excitatory_Neuron
167648,2817,Excitatory_Neuron
167649,2940,unassigned
167650,2808,unassigned
167651,2825,Astro-Epen
167652,2808,unassigned
167653,2827,Vascular
167654,2917,unassigned
167655,2912,Vascular
167656,2808,unassigned
167657,2806,Excitatory_Neuron
167658,2808,unassigned
167659,2808,unassigned
167660,2903,unassigned
167661,2918,unassigned
167662,2808,unassigned
167663,2918,unassigned
167664,2807,Immune
167665,2935,unassigned
167666,2805,Excitatory_Neuron
167667,2815,Astro-Epen
167668,2808,unassigned
167669,2808,unassigned
167670,2815,Astro-Epen
167671,2815,Astro-Epen
167672,2817,Excitatory_Neuron
167673,2814,Excitatory_Neuron
167674,2808,unassigned
167675,2854,Astro-Epen
167676,2822,Excitatory_Neuron
167677,2826,Astro-Epen
167678,2808,unassigned
167679,2825,Astro-Epen
167680,2908,Immune
167681,2917,unassigned
167682,2917,unassigned
167683,2829,Immune
167684,2831,Astro-Epen
167685,2879,Astro-Epen
167686,2879,Astro-Epen
167687,2808,unassigned
167688,2938,unassigned
167689,2805,Excitatory_Neuron
167690,2805,Excitatory_Neuron
167691,2807,Immune
167692,2808,unassigned
167693,2808,unassigned
167694,2805,Excitatory_Neuron
167695,2808,unassigned
167696,2814,Excitatory_Neuron
167697,2819,GABA_Neuron
167698,2825,Astro-Epen
167699,2808,unassigned
167700,2808,unassigned
167701,2884,unassigned
167702,2831,Astro-Epen
167703,2847,Immune
167704,2847,Immune
167705,2847,Immune
167706,2825,Astro-Epen
167707,2808,unassigned
167708,2873,GABA_Neuron
167709,2924,unassigned
167710,2805,Excitatory_Neuron
167711,2808,unassigned
167712,2806,Excitatory_Neuron
167713,2814,Excitatory_Neuron
167714,2814,Excitatory_Neuron
167715,2914,unassigned
167716,2805,Excitatory_Neuron
167717,2817,Excitatory_Neuron
167718,2914,unassigned
167719,2808,unassigned
167720,2808,unassigned
167721,2819,GABA_Neuron
167722,2826,Astro-Epen
167723,2821,Astro-Epen
167724,2825,Astro-Epen
167725,2909,GABA_Neuron
167726,2808,unassigned
167727,2829,Immune
167728,2908,Immune
167729,2900,Excitatory_Neuron
167730,2912,Vascular
167731,2839,Immune
167732,2839,Immune
167733,2806,Excitatory_Neuron
167734,2808,unassigned
167735,2808,unassigned
167736,2808,unassigned
167737,2813,GABA_Neuron
167738,2918,unassigned
167739,2941,GABA_Neuron
167740,2814,Excitatory_Neuron
167741,2814,Excitatory_Neuron
167742,2854,Astro-Epen
167743,2854,Astro-Epen
167744,2826,Astro-Epen
167745,2854,Astro-Epen
167746,2825,Astro-Epen
167747,2896,Immune
167748,2808,unassigned
167749,2825,Astro-Epen
167750,2857,Astro-Epen
167751,2908,Immune
167752,2847,Immune
167753,2825,Astro-Epen
167754,2932,GABA_Neuron
167755,2808,unassigned
167756,2808,unassigned
167757,2807,Immune
167758,2805,Excitatory_Neuron
167759,2931,Astro-Epen
167760,2805,Excitatory_Neuron
167761,2819,GABA_Neuron
167762,2822,Excitatory_Neuron
167763,2822,Excitatory_Neuron
167764,2826,Astro-Epen
167765,2825,Astro-Epen
167766,2896,Immune
167767,2821,Astro-Epen
167768,2825,Astro-Epen
167769,2825,Astro-Epen
167770,2825,Astro-Epen
167771,2808,unassigned
167772,2825,Astro-Epen
167773,2917,unassigned
167774,2920,unassigned
167775,2879,Astro-Epen
167776,2825,Astro-Epen
167777,2923,unassigned
167778,2938,unassigned
167779,2805,Excitatory_Neuron
167780,2808,unassigned
167781,2807,Immune
167782,2807,Immune
167783,2807,Immune
167784,2808,unassigned
167785,2925,GABA_Neuron
167786,2930,GABA_Neuron
167787,2808,unassigned
167788,2808,unassigned
167789,2808,unassigned
167790,2805,Excitatory_Neuron
167791,2814,Excitatory_Neuron
167792,2805,Excitatory_Neuron
167793,2814,Excitatory_Neuron
167794,2814,Excitatory_Neuron
167795,2819,GABA_Neuron
167796,2822,Excitatory_Neuron
167797,2819,GABA_Neuron
167798,2821,Astro-Epen
167799,2929,unassigned
167800,2934,unassigned
167801,2929,unassigned
167802,2825,Astro-Epen
167803,2900,Excitatory_Neuron
167804,2879,Astro-Epen
167805,2839,Immune
167806,2805,Excitatory_Neuron
167807,2805,Excitatory_Neuron
167808,2813,GABA_Neuron
167809,2808,unassigned
167810,2815,Astro-Epen
167811,2805,Excitatory_Neuron
167812,2808,unassigned
167813,2805,Excitatory_Neuron
167814,2805,Excitatory_Neuron
167815,2808,unassigned
167816,2808,unassigned
167817,2854,Astro-Epen
167818,2819,GABA_Neuron
167819,2819,GABA_Neuron
167820,2825,Astro-Epen
167821,2819,GABA_Neuron
167822,2821,Astro-Epen
167823,2808,unassigned
167824,2808,unassigned
167825,2808,unassigned
167826,2825,Astro-Epen
167827,2808,unassigned
167828,2825,Astro-Epen
167829,2825,Astro-Epen
167830,2847,Immune
167831,2884,unassigned
167832,2926,unassigned
167833,2847,Immune
167834,2805,Excitatory_Neuron
167835,2924,unassigned
167836,2808,unassigned
167837,2813,GABA_Neuron
167838,2812,Excitatory_Neuron
167839,2918,unassigned
167840,2935,unassigned
167841,2922,Excitatory_Neuron
167842,2914,unassigned
167843,2805,Excitatory_Neuron
167844,2907,unassigned
167845,2822,Excitatory_Neuron
167846,2826,Astro-Epen
167847,2821,Astro-Epen
167848,2808,unassigned
167849,2825,Astro-Epen
167850,2808,unassigned
167851,2825,Astro-Epen
167852,2829,Immune
167853,2847,Immune
167854,2825,Astro-Epen
167855,2924,unassigned
167856,2808,unassigned
167857,2808,unassigned
167858,2805,Excitatory_Neuron
167859,2808,unassigned
167860,2805,Excitatory_Neuron
167861,2808,unassigned
167862,2808,unassigned
167863,2825,Astro-Epen
167864,2808,unassigned
167865,2808,unassigned
167866,2825,Astro-Epen
167867,2825,Astro-Epen
167868,2827,Vascular
167869,2908,Immune
167870,2847,Immune
167871,2808,unassigned
167872,2839,Immune
167873,2837,Astro-Epen
167874,2837,Astro-Epen
167875,2813,GABA_Neuron
167876,2805,Excitatory_Neuron
167877,2922,Excitatory_Neuron
167878,2805,Excitatory_Neuron
167879,2808,unassigned
167880,2805,Excitatory_Neuron
167881,2805,Excitatory_Neuron
167882,2814,Excitatory_Neuron
167883,2814,Excitatory_Neuron
167884,2817,Excitatory_Neuron
167885,2817,Excitatory_Neuron
167886,2854,Astro-Epen
167887,2854,Astro-Epen
167888,2822,Excitatory_Neuron
167889,2931,Astro-Epen
167890,2808,unassigned
167891,2808,unassigned
167892,2819,GABA_Neuron
167893,2825,Astro-Epen
167894,2808,unassigned
167895,2825,Astro-Epen
167896,2909,GABA_Neuron
167897,2920,unassigned
167898,2908,Immune
167899,2873,GABA_Neuron
167900,2808,unassigned
167901,2839,Immune
167902,2813,GABA_Neuron
167903,2924,unassigned
167904,2806,Excitatory_Neuron
167905,2808,unassigned
167906,2808,unassigned
167907,2808,unassigned
167908,2808,unassigned
167909,2807,Immune
167910,2930,GABA_Neuron
167911,2921,Astro-Epen
167912,2814,Excitatory_Neuron
167913,2808,unassigned
167914,2815,Astro-Epen
167915,2814,Excitatory_Neuron
167916,2940,unassigned
167917,2808,unassigned
167918,2822,Excitatory_Neuron
167919,2825,Astro-Epen
167920,2825,Astro-Epen
167921,2825,Astro-Epen
167922,2821,Astro-Epen
167923,2942,unassigned
167924,2825,Astro-Epen
167925,2884,unassigned
167926,2831,Astro-Epen
167927,2808,unassigned
167928,2825,Astro-Epen
167929,2806,Excitatory_Neuron
167930,2903,unassigned
167931,2817,Excitatory_Neuron
167932,2805,Excitatory_Neuron
167933,2892,unassigned
167934,2822,Excitatory_Neuron
167935,2819,GABA_Neuron
167936,2808,unassigned
167937,2825,Astro-Epen
167938,2825,Astro-Epen
167939,2825,Astro-Epen
167940,2825,Astro-Epen
167941,2819,GABA_Neuron
167942,2825,Astro-Epen
167943,2825,Astro-Epen
167944,2917,unassigned
167945,2847,Immune
167946,2912,Vascular
167947,2873,GABA_Neuron
167948,2808,unassigned
167949,2938,unassigned
167950,2808,unassigned
167951,2808,unassigned
167952,2924,unassigned
167953,2808,unassigned
167954,2903,unassigned
167955,2808,unassigned
167956,2813,GABA_Neuron
167957,2808,unassigned
167958,2808,unassigned
167959,2930,GABA_Neuron
167960,2930,GABA_Neuron
167961,2943,unassigned
167962,2921,Astro-Epen
167963,2814,Excitatory_Neuron
167964,2808,unassigned
167965,2814,Excitatory_Neuron
167966,2805,Excitatory_Neuron
167967,2940,unassigned
167968,2931,Astro-Epen
167969,2931,Astro-Epen
167970,2819,GABA_Neuron
167971,2825,Astro-Epen
167972,2825,Astro-Epen
167973,2808,unassigned
167974,2825,Astro-Epen
167975,2825,Astro-Epen
167976,2831,Astro-Epen
167977,2908,Immune
167978,2825,Astro-Epen
167979,2825,Astro-Epen
167980,2912,Vascular
167981,2873,GABA_Neuron
167982,2839,Immune
167983,2808,unassigned
167984,2813,GABA_Neuron
167985,2808,unassigned
167986,2805,Excitatory_Neuron
167987,2805,Excitatory_Neuron
167988,2814,Excitatory_Neuron
167989,2814,Excitatory_Neuron
167990,2805,Excitatory_Neuron
167991,2854,Astro-Epen
167992,2822,Excitatory_Neuron
167993,2819,GABA_Neuron
167994,2907,unassigned
167995,2931,Astro-Epen
167996,2819,GABA_Neuron
167997,2896,Immune
167998,2808,unassigned
167999,2808,unassigned
168000,2825,Astro-Epen
168001,2821,Astro-Epen
168002,2825,Astro-Epen
168003,2884,unassigned
168004,2825,Astro-Epen
168005,2839,Immune
168006,2873,GABA_Neuron
168007,2808,unassigned
168008,2808,unassigned
168009,2808,unassigned
168010,2808,unassigned
168011,2807,Immune
168012,2805,Excitatory_Neuron
168013,2808,unassigned
168014,2854,Astro-Epen
168015,2825,Astro-Epen
168016,2819,GABA_Neuron
168017,2929,unassigned
168018,2808,unassigned
168019,2825,Astro-Epen
168020,2908,Immune
168021,2825,Astro-Epen
168022,2888,unassigned
168023,2879,Astro-Epen
168024,2873,GABA_Neuron
168025,2808,unassigned
168026,2805,Excitatory_Neuron
168027,2808,unassigned
168028,2807,Immune
168029,2918,unassigned
168030,2921,Astro-Epen
168031,2808,unassigned
168032,2825,Astro-Epen
168033,2808,unassigned
168034,2819,GABA_Neuron
168035,2825,Astro-Epen
168036,2825,Astro-Epen
168037,2808,unassigned
168038,2825,Astro-Epen
168039,2879,Astro-Epen
168040,2808,unassigned
168041,2806,Excitatory_Neuron
168042,2805,Excitatory_Neuron
168043,2922,Excitatory_Neuron
168044,2808,unassigned
168045,2815,Astro-Epen
168046,2805,Excitatory_Neuron
168047,2941,GABA_Neuron
168048,2925,GABA_Neuron
168049,2805,Excitatory_Neuron
168050,2907,unassigned
168051,2822,Excitatory_Neuron
168052,2808,unassigned
168053,2825,Astro-Epen
168054,2822,Excitatory_Neuron
168055,2821,Astro-Epen
168056,2808,unassigned
168057,2857,Astro-Epen
168058,2808,unassigned
168059,2829,Immune
168060,2827,Vascular
168061,2829,Immune
168062,2917,unassigned
168063,2879,Astro-Epen
168064,2932,GABA_Neuron
168065,2839,Immune
168066,2837,Astro-Epen
168067,2808,unassigned
168068,2813,GABA_Neuron
168069,2805,Excitatory_Neuron
168070,2805,Excitatory_Neuron
168071,2921,Astro-Epen
168072,2805,Excitatory_Neuron
168073,2822,Excitatory_Neuron
168074,2822,Excitatory_Neuron
168075,2821,Astro-Epen
168076,2825,Astro-Epen
168077,2822,Excitatory_Neuron
168078,2822,Excitatory_Neuron
168079,2808,unassigned
168080,2808,unassigned
168081,2825,Astro-Epen
168082,2808,unassigned
168083,2808,unassigned
168084,2909,GABA_Neuron
168085,2829,Immune
168086,2908,Immune
168087,2879,Astro-Epen
168088,2839,Immune
168089,2888,unassigned
168090,2888,unassigned
168091,2839,Immune
168092,2837,Astro-Epen
168093,2806,Excitatory_Neuron
168094,2808,unassigned
168095,2805,Excitatory_Neuron
168096,2808,unassigned
168097,2814,Excitatory_Neuron
168098,2805,Excitatory_Neuron
168099,2805,Excitatory_Neuron
168100,2896,Immune
168101,2931,Astro-Epen
168102,2931,Astro-Epen
168103,2854,Astro-Epen
168104,2896,Immune
168105,2822,Excitatory_Neuron
168106,2819,GABA_Neuron
168107,2825,Astro-Epen
168108,2808,unassigned
168109,2808,unassigned
168110,2917,unassigned
168111,2908,Immune
168112,2879,Astro-Epen
168113,2879,Astro-Epen
168114,2912,Vascular
168115,2912,Vascular
168116,2808,unassigned
168117,2808,unassigned
168118,2924,unassigned
168119,2813,GABA_Neuron
168120,2808,unassigned
168121,2922,Excitatory_Neuron
168122,2918,unassigned
168123,2930,GABA_Neuron
168124,2808,unassigned
168125,2817,Excitatory_Neuron
168126,2907,unassigned
168127,2822,Excitatory_Neuron
168128,2808,unassigned
168129,2825,Astro-Epen
168130,2825,Astro-Epen
168131,2808,unassigned
168132,2929,unassigned
168133,2825,Astro-Epen
168134,2808,unassigned
168135,2825,Astro-Epen
168136,2808,unassigned
168137,2879,Astro-Epen
168138,2839,Immune
168139,2805,Excitatory_Neuron
168140,2806,Excitatory_Neuron
168141,2808,unassigned
168142,2807,Immune
168143,2805,Excitatory_Neuron
168144,2805,Excitatory_Neuron
168145,2805,Excitatory_Neuron
168146,2805,Excitatory_Neuron
168147,2805,Excitatory_Neuron
168148,2925,GABA_Neuron
168149,2815,Astro-Epen
168150,2808,unassigned
168151,2944,unassigned
168152,2821,Astro-Epen
168153,2825,Astro-Epen
168154,2825,Astro-Epen
168155,2825,Astro-Epen
168156,2808,unassigned
168157,2808,unassigned
168158,2825,Astro-Epen
168159,2917,unassigned
168160,2808,unassigned
168161,2908,Immune
168162,2912,Vascular
168163,2932,GABA_Neuron
168164,2932,GABA_Neuron
168165,2808,unassigned
168166,2808,unassigned
168167,2938,unassigned
168168,2873,GABA_Neuron
168169,2839,Immune
168170,2837,Astro-Epen
168171,2808,unassigned
168172,2808,unassigned
168173,2808,unassigned
168174,2808,unassigned
168175,2807,Immune
168176,2898,unassigned
168177,2807,Immune
168178,2921,Astro-Epen
168179,2815,Astro-Epen
168180,2854,Astro-Epen
168181,2808,unassigned
168182,2808,unassigned
168183,2822,Excitatory_Neuron
168184,2825,Astro-Epen
168185,2808,unassigned
168186,2825,Astro-Epen
168187,2808,unassigned
168188,2808,unassigned
168189,2808,unassigned
168190,2879,Astro-Epen
168191,2808,unassigned
168192,2839,Immune
168193,2806,Excitatory_Neuron
168194,2813,GABA_Neuron
168195,2808,unassigned
168196,2922,Excitatory_Neuron
168197,2941,GABA_Neuron
168198,2921,Astro-Epen
168199,2925,GABA_Neuron
168200,2945,unassigned
168201,2805,Excitatory_Neuron
168202,2817,Excitatory_Neuron
168203,2931,Astro-Epen
168204,2805,Excitatory_Neuron
168205,2896,Immune
168206,2808,unassigned
168207,2821,Astro-Epen
168208,2821,Astro-Epen
168209,2808,unassigned
168210,2808,unassigned
168211,2929,unassigned
168212,2825,Astro-Epen
168213,2808,unassigned
168214,2908,Immune
168215,2900,Excitatory_Neuron
168216,2912,Vascular
168217,2888,unassigned
168218,2837,Astro-Epen
168219,2808,unassigned
168220,2813,GABA_Neuron
168221,2805,Excitatory_Neuron
168222,2921,Astro-Epen
168223,2805,Excitatory_Neuron
168224,2918,unassigned
168225,2941,GABA_Neuron
168226,2805,Excitatory_Neuron
168227,2808,unassigned
168228,2817,Excitatory_Neuron
168229,2805,Excitatory_Neuron
168230,2896,Immune
168231,2931,Astro-Epen
168232,2946,Astro-Epen
168233,2946,Astro-Epen
168234,2822,Excitatory_Neuron
168235,2825,Astro-Epen
168236,2826,Astro-Epen
168237,2808,unassigned
168238,2808,unassigned
168239,2808,unassigned
168240,2829,Immune
168241,2825,Astro-Epen
168242,2932,GABA_Neuron
168243,2879,Astro-Epen
168244,2879,Astro-Epen
168245,2808,unassigned
168246,2806,Excitatory_Neuron
168247,2806,Excitatory_Neuron
168248,2813,GABA_Neuron
168249,2808,unassigned
168250,2808,unassigned
168251,2898,unassigned
168252,2808,unassigned
168253,2808,unassigned
168254,2941,GABA_Neuron
168255,2925,GABA_Neuron
168256,2930,GABA_Neuron
168257,2805,Excitatory_Neuron
168258,2805,Excitatory_Neuron
168259,2805,Excitatory_Neuron
168260,2808,unassigned
168261,2940,unassigned
168262,2805,Excitatory_Neuron
168263,2854,Astro-Epen
168264,2825,Astro-Epen
168265,2825,Astro-Epen
168266,2929,unassigned
168267,2825,Astro-Epen
168268,2900,Excitatory_Neuron
168269,2900,Excitatory_Neuron
168270,2908,Immune
168271,2884,unassigned
168272,2879,Astro-Epen
168273,2912,Vascular
168274,2879,Astro-Epen
168275,2837,Astro-Epen
168276,2808,unassigned
168277,2806,Excitatory_Neuron
168278,2806,Excitatory_Neuron
168279,2813,GABA_Neuron
168280,2930,GABA_Neuron
168281,2930,GABA_Neuron
168282,2930,GABA_Neuron
168283,2947,unassigned
168284,2948,unassigned
168285,2940,unassigned
168286,2805,Excitatory_Neuron
168287,2822,Excitatory_Neuron
168288,2808,unassigned
168289,2854,Astro-Epen
168290,2825,Astro-Epen
168291,2825,Astro-Epen
168292,2808,unassigned
168293,2909,GABA_Neuron
168294,2808,unassigned
168295,2847,Immune
168296,2932,GABA_Neuron
168297,2912,Vascular
168298,2808,unassigned
168299,2806,Excitatory_Neuron
168300,2813,GABA_Neuron
168301,2808,unassigned
168302,2949,unassigned
168303,2806,Excitatory_Neuron
168304,2808,unassigned
168305,2807,Immune
168306,2941,GABA_Neuron
168307,2808,unassigned
168308,2925,GABA_Neuron
168309,2805,Excitatory_Neuron
168310,2808,unassigned
168311,2808,unassigned
168312,2907,unassigned
168313,2825,Astro-Epen
168314,2825,Astro-Epen
168315,2808,unassigned
168316,2808,unassigned
168317,2825,Astro-Epen
168318,2825,Astro-Epen
168319,2912,Vascular
168320,2808,unassigned
168321,2879,Astro-Epen
168322,2839,Immune
168323,2808,unassigned
168324,2949,unassigned
168325,2806,Excitatory_Neuron
168326,2805,Excitatory_Neuron
168327,2807,Immune
168328,2922,Excitatory_Neuron
168329,2925,GABA_Neuron
168330,2805,Excitatory_Neuron
168331,2808,unassigned
168332,2808,unassigned
168333,2822,Excitatory_Neuron
168334,2819,GABA_Neuron
168335,2822,Excitatory_Neuron
168336,2826,Astro-Epen
168337,2825,Astro-Epen
168338,2821,Astro-Epen
168339,2808,unassigned
168340,2825,Astro-Epen
168341,2917,unassigned
168342,2908,Immune
168343,2825,Astro-Epen
168344,2839,Immune
168345,2912,Vascular
168346,2839,Immune
168347,2808,unassigned
168348,2839,Immune
168349,2839,Immune
168350,2938,unassigned
168351,2806,Excitatory_Neuron
168352,2806,Excitatory_Neuron
168353,2805,Excitatory_Neuron
168354,2808,unassigned
168355,2807,Immune
168356,2925,GABA_Neuron
168357,2808,unassigned
168358,2805,Excitatory_Neuron
168359,2907,unassigned
168360,2822,Excitatory_Neuron
168361,2808,unassigned
168362,2822,Excitatory_Neuron
168363,2821,Astro-Epen
168364,2825,Astro-Epen
168365,2909,GABA_Neuron
168366,2825,Astro-Epen
168367,2808,unassigned
168368,2873,GABA_Neuron
168369,2938,unassigned
168370,2806,Excitatory_Neuron
168371,2806,Excitatory_Neuron
168372,2813,GABA_Neuron
168373,2808,unassigned
168374,2921,Astro-Epen
168375,2815,Astro-Epen
168376,2817,Excitatory_Neuron
168377,2814,Excitatory_Neuron
168378,2931,Astro-Epen
168379,2940,unassigned
168380,2822,Excitatory_Neuron
168381,2854,Astro-Epen
168382,2821,Astro-Epen
168383,2825,Astro-Epen
168384,2929,unassigned
168385,2808,unassigned
168386,2808,unassigned
168387,2829,Immune
168388,2908,Immune
168389,2900,Excitatory_Neuron
168390,2908,Immune
168391,2825,Astro-Epen
168392,2808,unassigned
168393,2805,Excitatory_Neuron
168394,2808,unassigned
168395,2925,GABA_Neuron
168396,2808,unassigned
168397,2930,GABA_Neuron
168398,2941,GABA_Neuron
168399,2808,unassigned
168400,2822,Excitatory_Neuron
168401,2825,Astro-Epen
168402,2825,Astro-Epen
168403,2909,GABA_Neuron
168404,2829,Immune
168405,2847,Immune
168406,2912,Vascular
168407,2912,Vascular
168408,2808,unassigned
168409,2805,Excitatory_Neuron
168410,2813,GABA_Neuron
168411,2806,Excitatory_Neuron
168412,2808,unassigned
168413,2922,Excitatory_Neuron
168414,2898,unassigned
168415,2807,Immune
168416,2930,GABA_Neuron
168417,2950,unassigned
168418,2925,GABA_Neuron
168419,2808,unassigned
168420,2948,unassigned
168421,2931,Astro-Epen
168422,2821,Astro-Epen
168423,2821,Astro-Epen
168424,2909,GABA_Neuron
168425,2808,unassigned
168426,2908,Immune
168427,2884,unassigned
168428,2808,unassigned
168429,2808,unassigned
168430,2806,Excitatory_Neuron
168431,2808,unassigned
168432,2807,Immune
168433,2918,unassigned
168434,2941,GABA_Neuron
168435,2922,Excitatory_Neuron
168436,2930,GABA_Neuron
168437,2925,GABA_Neuron
168438,2805,Excitatory_Neuron
168439,2808,unassigned
168440,2821,Astro-Epen
168441,2825,Astro-Epen
168442,2821,Astro-Epen
168443,2808,unassigned
168444,2808,unassigned
168445,2909,GABA_Neuron
168446,2909,GABA_Neuron
168447,2825,Astro-Epen
168448,2827,Vascular
168449,2908,Immune
168450,2808,unassigned
168451,2837,Astro-Epen
168452,2839,Immune
168453,2808,unassigned
168454,2805,Excitatory_Neuron
168455,2808,unassigned
168456,2808,unassigned
168457,2922,Excitatory_Neuron
168458,2807,Immune
168459,2941,GABA_Neuron
168460,2941,GABA_Neuron
168461,2805,Excitatory_Neuron
168462,2805,Excitatory_Neuron
168463,2907,unassigned
168464,2826,Astro-Epen
168465,2896,Immune
168466,2808,unassigned
168467,2825,Astro-Epen
168468,2808,unassigned
168469,2808,unassigned
168470,2900,Excitatory_Neuron
168471,2912,Vascular
168472,2879,Astro-Epen
168473,2808,unassigned
168474,2839,Immune
168475,2839,Immune
168476,2839,Immune
168477,2951,unassigned
168478,2938,unassigned
168479,2807,Immune
168480,2807,Immune
168481,2808,unassigned
168482,2807,Immune
168483,2925,GABA_Neuron
168484,2808,unassigned
168485,2808,unassigned
168486,2822,Excitatory_Neuron
168487,2822,Excitatory_Neuron
168488,2825,Astro-Epen
168489,2821,Astro-Epen
168490,2808,unassigned
168491,2808,unassigned
168492,2909,GABA_Neuron
168493,2829,Immune
168494,2908,Immune
168495,2808,unassigned
168496,2912,Vascular
168497,2808,unassigned
168498,2930,GABA_Neuron
168499,2925,GABA_Neuron
168500,2921,Astro-Epen
168501,2925,GABA_Neuron
168502,2814,Excitatory_Neuron
168503,2805,Excitatory_Neuron
168504,2948,unassigned
168505,2808,unassigned
168506,2808,unassigned
168507,2821,Astro-Epen
168508,2821,Astro-Epen
168509,2826,Astro-Epen
168510,2822,Excitatory_Neuron
168511,2808,unassigned
168512,2929,unassigned
168513,2908,Immune
168514,2827,Vascular
168515,2825,Astro-Epen
168516,2908,Immune
168517,2839,Immune
168518,2839,Immune
168519,2951,unassigned
168520,2839,Immune
168521,2949,unassigned
168522,2813,GABA_Neuron
168523,2806,Excitatory_Neuron
168524,2930,GABA_Neuron
168525,2941,GABA_Neuron
168526,2805,Excitatory_Neuron
168527,2808,unassigned
168528,2805,Excitatory_Neuron
168529,2940,unassigned
168530,2808,unassigned
168531,2821,Astro-Epen
168532,2822,Excitatory_Neuron
168533,2808,unassigned
168534,2808,unassigned
168535,2821,Astro-Epen
168536,2825,Astro-Epen
168537,2909,GABA_Neuron
168538,2827,Vascular
168539,2847,Immune
168540,2912,Vascular
168541,2879,Astro-Epen
168542,2932,GABA_Neuron
168543,2888,unassigned
168544,2808,unassigned
168545,2873,GABA_Neuron
168546,2839,Immune
168547,2813,GABA_Neuron
168548,2808,unassigned
168549,2808,unassigned
168550,2930,GABA_Neuron
168551,2944,unassigned
168552,2944,unassigned
168553,2819,GABA_Neuron
168554,2896,Immune
168555,2808,unassigned
168556,2825,Astro-Epen
168557,2825,Astro-Epen
168558,2825,Astro-Epen
168559,2825,Astro-Epen
168560,2923,unassigned
168561,2839,Immune
168562,2938,unassigned
168563,2808,unassigned
168564,2839,Immune
168565,2805,Excitatory_Neuron
168566,2808,unassigned
168567,2805,Excitatory_Neuron
168568,2941,GABA_Neuron
168569,2808,unassigned
168570,2808,unassigned
168571,2814,Excitatory_Neuron
168572,2808,unassigned
168573,2854,Astro-Epen
168574,2854,Astro-Epen
168575,2808,unassigned
168576,2808,unassigned
168577,2822,Excitatory_Neuron
168578,2822,Excitatory_Neuron
168579,2819,GABA_Neuron
168580,2821,Astro-Epen
168581,2825,Astro-Epen
168582,2808,unassigned
168583,2819,GABA_Neuron
168584,2819,GABA_Neuron
168585,2826,Astro-Epen
168586,2808,unassigned
168587,2808,unassigned
168588,2920,unassigned
168589,2808,unassigned
168590,2917,unassigned
168591,2879,Astro-Epen
168592,2879,Astro-Epen
168593,2908,Immune
168594,2879,Astro-Epen
168595,2808,unassigned
168596,2805,Excitatory_Neuron
168597,2805,Excitatory_Neuron
168598,2930,GABA_Neuron
168599,2930,GABA_Neuron
168600,2930,GABA_Neuron
168601,2805,Excitatory_Neuron
168602,2814,Excitatory_Neuron
168603,2814,Excitatory_Neuron
168604,2808,unassigned
168605,2907,unassigned
168606,2822,Excitatory_Neuron
168607,2821,Astro-Epen
168608,2822,Excitatory_Neuron
168609,2822,Excitatory_Neuron
168610,2821,Astro-Epen
168611,2825,Astro-Epen
168612,2825,Astro-Epen
168613,2825,Astro-Epen
168614,2917,unassigned
168615,2923,unassigned
168616,2808,unassigned
168617,2837,Astro-Epen
168618,2813,GABA_Neuron
168619,2807,Immune
168620,2805,Excitatory_Neuron
168621,2805,Excitatory_Neuron
168622,2898,unassigned
168623,2930,GABA_Neuron
168624,2930,GABA_Neuron
168625,2921,Astro-Epen
168626,2925,GABA_Neuron
168627,2817,Excitatory_Neuron
168628,2946,Astro-Epen
168629,2896,Immune
168630,2822,Excitatory_Neuron
168631,2808,unassigned
168632,2825,Astro-Epen
168633,2819,GABA_Neuron
168634,2825,Astro-Epen
168635,2825,Astro-Epen
168636,2825,Astro-Epen
168637,2825,Astro-Epen
168638,2825,Astro-Epen
168639,2825,Astro-Epen
168640,2825,Astro-Epen
168641,2909,GABA_Neuron
168642,2808,unassigned
168643,2808,unassigned
168644,2825,Astro-Epen
168645,2912,Vascular
168646,2912,Vascular
168647,2879,Astro-Epen
168648,2808,unassigned
168649,2837,Astro-Epen
168650,2808,unassigned
168651,2922,Excitatory_Neuron
168652,2807,Immune
168653,2805,Excitatory_Neuron
168654,2930,GABA_Neuron
168655,2921,Astro-Epen
168656,2814,Excitatory_Neuron
168657,2925,GABA_Neuron
168658,2805,Excitatory_Neuron
168659,2826,Astro-Epen
168660,2822,Excitatory_Neuron
168661,2825,Astro-Epen
168662,2826,Astro-Epen
168663,2825,Astro-Epen
168664,2808,unassigned
168665,2808,unassigned
168666,2808,unassigned
168667,2825,Astro-Epen
168668,2908,Immune
168669,2808,unassigned
168670,2829,Immune
168671,2932,GABA_Neuron
168672,2839,Immune
168673,2839,Immune
168674,2813,GABA_Neuron
168675,2805,Excitatory_Neuron
168676,2808,unassigned
168677,2806,Excitatory_Neuron
168678,2808,unassigned
168679,2808,unassigned
168680,2807,Immune
168681,2808,unassigned
168682,2808,unassigned
168683,2930,GABA_Neuron
168684,2930,GABA_Neuron
168685,2921,Astro-Epen
168686,2808,unassigned
168687,2821,Astro-Epen
168688,2808,unassigned
168689,2825,Astro-Epen
168690,2808,unassigned
168691,2821,Astro-Epen
168692,2821,Astro-Epen
168693,2808,unassigned
168694,2920,unassigned
168695,2908,Immune
168696,2825,Astro-Epen
168697,2912,Vascular
168698,2879,Astro-Epen
168699,2837,Astro-Epen
168700,2808,unassigned
168701,2813,GABA_Neuron
168702,2813,GABA_Neuron
168703,2918,unassigned
168704,2807,Immune
168705,2808,unassigned
168706,2922,Excitatory_Neuron
168707,2898,unassigned
168708,2941,GABA_Neuron
168709,2808,unassigned
168710,2814,Excitatory_Neuron
168711,2815,Astro-Epen
168712,2814,Excitatory_Neuron
168713,2808,unassigned
168714,2946,Astro-Epen
168715,2907,unassigned
168716,2825,Astro-Epen
168717,2822,Excitatory_Neuron
168718,2808,unassigned
168719,2896,Immune
168720,2826,Astro-Epen
168721,2808,unassigned
168722,2821,Astro-Epen
168723,2908,Immune
168724,2908,Immune
168725,2825,Astro-Epen
168726,2932,GABA_Neuron
168727,2839,Immune
168728,2873,GABA_Neuron
168729,2879,Astro-Epen
168730,2839,Immune
168731,2837,Astro-Epen
168732,2808,unassigned
168733,2808,unassigned
168734,2806,Excitatory_Neuron
168735,2922,Excitatory_Neuron
168736,2922,Excitatory_Neuron
168737,2930,GABA_Neuron
168738,2805,Excitatory_Neuron
168739,2805,Excitatory_Neuron
168740,2944,unassigned
168741,2944,unassigned
168742,2808,unassigned
168743,2825,Astro-Epen
168744,2826,Astro-Epen
168745,2808,unassigned
168746,2825,Astro-Epen
168747,2908,Immune
168748,2831,Astro-Epen
168749,2808,unassigned
168750,2879,Astro-Epen
168751,2808,unassigned
168752,2938,unassigned
168753,2813,GABA_Neuron
168754,2808,unassigned
168755,2808,unassigned
168756,2930,GABA_Neuron
168757,2815,Astro-Epen
168758,2930,GABA_Neuron
168759,2939,unassigned
168760,2921,Astro-Epen
168761,2817,Excitatory_Neuron
168762,2805,Excitatory_Neuron
168763,2948,unassigned
168764,2819,GABA_Neuron
168765,2946,Astro-Epen
168766,2808,unassigned
168767,2808,unassigned
168768,2896,Immune
168769,2825,Astro-Epen
168770,2825,Astro-Epen
168771,2929,unassigned
168772,2825,Astro-Epen
168773,2929,unassigned
168774,2808,unassigned
168775,2825,Astro-Epen
168776,2808,unassigned
168777,2908,Immune
168778,2827,Vascular
168779,2825,Astro-Epen
168780,2912,Vascular
168781,2923,unassigned
168782,2808,unassigned
168783,2808,unassigned
168784,2938,unassigned
168785,2806,Excitatory_Neuron
168786,2808,unassigned
168787,2952,unassigned
168788,2941,GABA_Neuron
168789,2925,GABA_Neuron
168790,2814,Excitatory_Neuron
168791,2814,Excitatory_Neuron
168792,2940,unassigned
168793,2931,Astro-Epen
168794,2822,Excitatory_Neuron
168795,2808,unassigned
168796,2896,Immune
168797,2825,Astro-Epen
168798,2929,unassigned
168799,2808,unassigned
168800,2908,Immune
168801,2908,Immune
168802,2808,unassigned
168803,2912,Vascular
168804,2808,unassigned
168805,2839,Immune
168806,2813,GABA_Neuron
168807,2806,Excitatory_Neuron
168808,2941,GABA_Neuron
168809,2805,Excitatory_Neuron
168810,2808,unassigned
168811,2814,Excitatory_Neuron
168812,2817,Excitatory_Neuron
168813,2805,Excitatory_Neuron
168814,2931,Astro-Epen
168815,2825,Astro-Epen
168816,2822,Excitatory_Neuron
168817,2819,GABA_Neuron
168818,2825,Astro-Epen
168819,2825,Astro-Epen
168820,2825,Astro-Epen
168821,2821,Astro-Epen
168822,2808,unassigned
168823,2839,Immune
168824,2837,Astro-Epen
168825,2808,unassigned
168826,2808,unassigned
168827,2813,GABA_Neuron
168828,2813,GABA_Neuron
168829,2808,unassigned
168830,2808,unassigned
168831,2813,GABA_Neuron
168832,2805,Excitatory_Neuron
168833,2922,Excitatory_Neuron
168834,2925,GABA_Neuron
168835,2808,unassigned
168836,2931,Astro-Epen
168837,2944,unassigned
168838,2946,Astro-Epen
168839,2944,unassigned
168840,2825,Astro-Epen
168841,2896,Immune
168842,2896,Immune
168843,2821,Astro-Epen
168844,2825,Astro-Epen
168845,2825,Astro-Epen
168846,2808,unassigned
168847,2821,Astro-Epen
168848,2808,unassigned
168849,2808,unassigned
168850,2847,Immune
168851,2847,Immune
168852,2839,Immune
168853,2808,unassigned
168854,2808,unassigned
168855,2808,unassigned
168856,2808,unassigned
168857,2808,unassigned
168858,2813,GABA_Neuron
168859,2922,Excitatory_Neuron
168860,2805,Excitatory_Neuron
168861,2822,Excitatory_Neuron
168862,2822,Excitatory_Neuron
168863,2825,Astro-Epen
168864,2825,Astro-Epen
168865,2808,unassigned
168866,2825,Astro-Epen
168867,2908,Immune
168868,2908,Immune
168869,2825,Astro-Epen
168870,2912,Vascular
168871,2839,Immune
168872,2808,unassigned
168873,2806,Excitatory_Neuron
168874,2808,unassigned
168875,2808,unassigned
168876,2930,GABA_Neuron
168877,2941,GABA_Neuron
168878,2805,Excitatory_Neuron
168879,2817,Excitatory_Neuron
168880,2805,Excitatory_Neuron
168881,2931,Astro-Epen
168882,2805,Excitatory_Neuron
168883,2805,Excitatory_Neuron
168884,2825,Astro-Epen
168885,2825,Astro-Epen
168886,2821,Astro-Epen
168887,2825,Astro-Epen
168888,2953,unassigned
168889,2808,unassigned
168890,2847,Immune
168891,2808,unassigned
168892,2938,unassigned
168893,2808,unassigned
168894,2808,unassigned
168895,2808,unassigned
168896,2806,Excitatory_Neuron
168897,2813,GABA_Neuron
168898,2813,GABA_Neuron
168899,2922,Excitatory_Neuron
168900,2805,Excitatory_Neuron
168901,2814,Excitatory_Neuron
168902,2814,Excitatory_Neuron
168903,2805,Excitatory_Neuron
168904,2808,unassigned
168905,2808,unassigned
168906,2896,Immune
168907,2808,unassigned
168908,2822,Excitatory_Neuron
168909,2896,Immune
168910,2929,unassigned
168911,2808,unassigned
168912,2908,Immune
168913,2808,unassigned
168914,2908,Immune
168915,2847,Immune
168916,2932,GABA_Neuron
168917,2808,unassigned
168918,2949,unassigned
168919,2808,unassigned
168920,2808,unassigned
168921,2805,Excitatory_Neuron
168922,2922,Excitatory_Neuron
168923,2939,unassigned
168924,2939,unassigned
168925,2808,unassigned
168926,2817,Excitatory_Neuron
168927,2808,unassigned
168928,2940,unassigned
168929,2805,Excitatory_Neuron
168930,2944,unassigned
168931,2808,unassigned
168932,2825,Astro-Epen
168933,2808,unassigned
168934,2929,unassigned
168935,2825,Astro-Epen
168936,2808,unassigned
168937,2808,unassigned
168938,2825,Astro-Epen
168939,2909,GABA_Neuron
168940,2908,Immune
168941,2808,unassigned
168942,2917,unassigned
168943,2920,unassigned
168944,2808,unassigned
168945,2808,unassigned
168946,2879,Astro-Epen
168947,2879,Astro-Epen
168948,2808,unassigned
168949,2837,Astro-Epen
168950,2813,GABA_Neuron
168951,2813,GABA_Neuron
168952,2808,unassigned
168953,2813,GABA_Neuron
168954,2898,unassigned
168955,2808,unassigned
168956,2807,Immune
168957,2805,Excitatory_Neuron
168958,2805,Excitatory_Neuron
168959,2808,unassigned
168960,2808,unassigned
168961,2931,Astro-Epen
168962,2931,Astro-Epen
168963,2946,Astro-Epen
168964,2825,Astro-Epen
168965,2825,Astro-Epen
168966,2808,unassigned
168967,2825,Astro-Epen
168968,2827,Vascular
168969,2825,Astro-Epen
168970,2808,unassigned
168971,2909,GABA_Neuron
168972,2884,unassigned
168973,2808,unassigned
168974,2839,Immune
168975,2808,unassigned
168976,2806,Excitatory_Neuron
168977,2808,unassigned
168978,2806,Excitatory_Neuron
168979,2808,unassigned
168980,2808,unassigned
168981,2808,unassigned
168982,2918,unassigned
168983,2930,GABA_Neuron
168984,2805,Excitatory_Neuron
168985,2817,Excitatory_Neuron
168986,2814,Excitatory_Neuron
168987,2808,unassigned
168988,2946,Astro-Epen
168989,2946,Astro-Epen
168990,2808,unassigned
168991,2896,Immune
168992,2825,Astro-Epen
168993,2808,unassigned
168994,2825,Astro-Epen
168995,2808,unassigned
168996,2909,GABA_Neuron
168997,2825,Astro-Epen
168998,2908,Immune
168999,2808,unassigned
169000,2909,GABA_Neuron
169001,2829,Immune
169002,2847,Immune
169003,2923,unassigned
169004,2808,unassigned
169005,2806,Excitatory_Neuron
169006,2808,unassigned
169007,2805,Excitatory_Neuron
169008,2808,unassigned
169009,2808,unassigned
169010,2805,Excitatory_Neuron
169011,2805,Excitatory_Neuron
169012,2930,GABA_Neuron
169013,2808,unassigned
169014,2947,unassigned
169015,2931,Astro-Epen
169016,2822,Excitatory_Neuron
169017,2808,unassigned
169018,2908,Immune
169019,2808,unassigned
169020,2825,Astro-Epen
169021,2825,Astro-Epen
169022,2808,unassigned
169023,2938,unassigned
169024,2808,unassigned
169025,2808,unassigned
169026,2806,Excitatory_Neuron
169027,2807,Immune
169028,2808,unassigned
169029,2808,unassigned
169030,2918,unassigned
169031,2941,GABA_Neuron
169032,2815,Astro-Epen
169033,2805,Excitatory_Neuron
169034,2808,unassigned
169035,2808,unassigned
169036,2808,unassigned
169037,2805,Excitatory_Neuron
169038,2814,Excitatory_Neuron
169039,2808,unassigned
169040,2896,Immune
169041,2822,Excitatory_Neuron
169042,2808,unassigned
169043,2953,unassigned
169044,2908,Immune
169045,2909,GABA_Neuron
169046,2908,Immune
169047,2847,Immune
169048,2932,GABA_Neuron
169049,2951,unassigned
169050,2808,unassigned
169051,2813,GABA_Neuron
169052,2808,unassigned
169053,2813,GABA_Neuron
169054,2922,Excitatory_Neuron
169055,2941,GABA_Neuron
169056,2805,Excitatory_Neuron
169057,2808,unassigned
169058,2817,Excitatory_Neuron
169059,2805,Excitatory_Neuron
169060,2805,Excitatory_Neuron
169061,2896,Immune
169062,2825,Astro-Epen
169063,2825,Astro-Epen
169064,2808,unassigned
169065,2808,unassigned
169066,2825,Astro-Epen
169067,2879,Astro-Epen
169068,2932,GABA_Neuron
169069,2837,Astro-Epen
169070,2808,unassigned
169071,2954,unassigned
169072,2806,Excitatory_Neuron
169073,2808,unassigned
169074,2922,Excitatory_Neuron
169075,2939,unassigned
169076,2805,Excitatory_Neuron
169077,2944,unassigned
169078,2822,Excitatory_Neuron
169079,2822,Excitatory_Neuron
169080,2896,Immune
169081,2822,Excitatory_Neuron
169082,2825,Astro-Epen
169083,2808,unassigned
169084,2908,Immune
169085,2908,Immune
169086,2908,Immune
169087,2825,Astro-Epen
169088,2884,unassigned
169089,2847,Immune
169090,2923,unassigned
169091,2808,unassigned
169092,2808,unassigned
169093,2808,unassigned
169094,2806,Excitatory_Neuron
169095,2808,unassigned
169096,2805,Excitatory_Neuron
169097,2807,Immune
169098,2805,Excitatory_Neuron
169099,2930,GABA_Neuron
169100,2925,GABA_Neuron
169101,2808,unassigned
169102,2947,unassigned
169103,2808,unassigned
169104,2946,Astro-Epen
169105,2808,unassigned
169106,2822,Excitatory_Neuron
169107,2896,Immune
169108,2825,Astro-Epen
169109,2825,Astro-Epen
169110,2808,unassigned
169111,2879,Astro-Epen
169112,2808,unassigned
169113,2847,Immune
169114,2908,Immune
169115,2932,GABA_Neuron
169116,2879,Astro-Epen
169117,2837,Astro-Epen
169118,2813,GABA_Neuron
169119,2922,Excitatory_Neuron
169120,2808,unassigned
169121,2930,GABA_Neuron
169122,2948,unassigned
169123,2805,Excitatory_Neuron
169124,2947,unassigned
169125,2947,unassigned
169126,2931,Astro-Epen
169127,2814,Excitatory_Neuron
169128,2808,unassigned
169129,2907,unassigned
169130,2896,Immune
169131,2808,unassigned
169132,2825,Astro-Epen
169133,2825,Astro-Epen
169134,2908,Immune
169135,2932,GABA_Neuron
169136,2951,unassigned
169137,2955,unassigned
169138,2808,unassigned
169139,2808,unassigned
169140,2898,unassigned
169141,2918,unassigned
169142,2941,GABA_Neuron
169143,2939,unassigned
169144,2956,unassigned
169145,2808,unassigned
169146,2805,Excitatory_Neuron
169147,2931,Astro-Epen
169148,2896,Immune
169149,2808,unassigned
169150,2808,unassigned
169151,2821,Astro-Epen
169152,2808,unassigned
169153,2884,unassigned
169154,2808,unassigned
169155,2847,Immune
169156,2879,Astro-Epen
169157,2839,Immune
169158,2932,GABA_Neuron
169159,2879,Astro-Epen
169160,2808,unassigned
169161,2808,unassigned
169162,2813,GABA_Neuron
169163,2807,Immune
169164,2939,unassigned
169165,2805,Excitatory_Neuron
169166,2805,Excitatory_Neuron
169167,2854,Astro-Epen
169168,2940,unassigned
169169,2808,unassigned
169170,2825,Astro-Epen
169171,2821,Astro-Epen
169172,2808,unassigned
169173,2808,unassigned
169174,2847,Immune
169175,2879,Astro-Epen
169176,2806,Excitatory_Neuron
169177,2813,GABA_Neuron
169178,2808,unassigned
169179,2941,GABA_Neuron
169180,2815,Astro-Epen
169181,2921,Astro-Epen
169182,2921,Astro-Epen
169183,2921,Astro-Epen
169184,2925,GABA_Neuron
169185,2814,Excitatory_Neuron
169186,2805,Excitatory_Neuron
169187,2805,Excitatory_Neuron
169188,2808,unassigned
169189,2822,Excitatory_Neuron
169190,2819,GABA_Neuron
169191,2808,unassigned
169192,2808,unassigned
169193,2929,unassigned
169194,2825,Astro-Epen
169195,2908,Immune
169196,2908,Immune
169197,2908,Immune
169198,2808,unassigned
169199,2825,Astro-Epen
169200,2825,Astro-Epen
169201,2920,unassigned
169202,2847,Immune
169203,2808,unassigned
169204,2951,unassigned
169205,2808,unassigned
169206,2813,GABA_Neuron
169207,2808,unassigned
169208,2813,GABA_Neuron
169209,2805,Excitatory_Neuron
169210,2939,unassigned
169211,2930,GABA_Neuron
169212,2805,Excitatory_Neuron
169213,2947,unassigned
169214,2931,Astro-Epen
169215,2808,unassigned
169216,2948,unassigned
169217,2896,Immune
169218,2825,Astro-Epen
169219,2825,Astro-Epen
169220,2825,Astro-Epen
169221,2821,Astro-Epen
169222,2808,unassigned
169223,2825,Astro-Epen
169224,2825,Astro-Epen
169225,2825,Astro-Epen
169226,2847,Immune
169227,2923,unassigned
169228,2808,unassigned
169229,2912,Vascular
169230,2932,GABA_Neuron
169231,2808,unassigned
169232,2808,unassigned
169233,2808,unassigned
169234,2808,unassigned
169235,2813,GABA_Neuron
169236,2808,unassigned
169237,2949,unassigned
169238,2807,Immune
169239,2921,Astro-Epen
169240,2825,Astro-Epen
169241,2825,Astro-Epen
169242,2896,Immune
169243,2929,unassigned
169244,2808,unassigned
169245,2929,unassigned
169246,2825,Astro-Epen
169247,2808,unassigned
169248,2808,unassigned
169249,2909,GABA_Neuron
169250,2825,Astro-Epen
169251,2825,Astro-Epen
169252,2909,GABA_Neuron
169253,2884,unassigned
169254,2825,Astro-Epen
169255,2808,unassigned
169256,2879,Astro-Epen
169257,2847,Immune
169258,2932,GABA_Neuron
169259,2808,unassigned
169260,2839,Immune
169261,2808,unassigned
169262,2808,unassigned
169263,2808,unassigned
169264,2925,GABA_Neuron
169265,2925,GABA_Neuron
169266,2930,GABA_Neuron
169267,2805,Excitatory_Neuron
169268,2805,Excitatory_Neuron
169269,2931,Astro-Epen
169270,2822,Excitatory_Neuron
169271,2896,Immune
169272,2808,unassigned
169273,2825,Astro-Epen
169274,2825,Astro-Epen
169275,2825,Astro-Epen
169276,2825,Astro-Epen
169277,2825,Astro-Epen
169278,2825,Astro-Epen
169279,2827,Vascular
169280,2808,unassigned
169281,2829,Immune
169282,2884,unassigned
169283,2847,Immune
169284,2847,Immune
169285,2847,Immune
169286,2879,Astro-Epen
169287,2808,unassigned
169288,2808,unassigned
169289,2805,Excitatory_Neuron
169290,2921,Astro-Epen
169291,2925,GABA_Neuron
169292,2921,Astro-Epen
169293,2854,Astro-Epen
169294,2948,unassigned
169295,2946,Astro-Epen
169296,2805,Excitatory_Neuron
169297,2907,unassigned
169298,2931,Astro-Epen
169299,2931,Astro-Epen
169300,2896,Immune
169301,2808,unassigned
169302,2896,Immune
169303,2821,Astro-Epen
169304,2821,Astro-Epen
169305,2934,unassigned
169306,2825,Astro-Epen
169307,2929,unassigned
169308,2808,unassigned
169309,2808,unassigned
169310,2909,GABA_Neuron
169311,2908,Immune
169312,2932,GABA_Neuron
169313,2808,unassigned
169314,2957,unassigned
169315,2808,unassigned
169316,2808,unassigned
169317,2806,Excitatory_Neuron
169318,2805,Excitatory_Neuron
169319,2930,GABA_Neuron
169320,2805,Excitatory_Neuron
169321,2925,GABA_Neuron
169322,2805,Excitatory_Neuron
169323,2805,Excitatory_Neuron
169324,2931,Astro-Epen
169325,2931,Astro-Epen
169326,2958,unassigned
169327,2821,Astro-Epen
169328,2825,Astro-Epen
169329,2821,Astro-Epen
169330,2808,unassigned
169331,2825,Astro-Epen
169332,2808,unassigned
169333,2821,Astro-Epen
169334,2808,unassigned
169335,2808,unassigned
169336,2808,unassigned
169337,2808,unassigned
169338,2808,unassigned
169339,2808,unassigned
169340,2900,Excitatory_Neuron
169341,2908,Immune
169342,2808,unassigned
169343,2912,Vascular
169344,2839,Immune
169345,2808,unassigned
169346,2955,unassigned
169347,2808,unassigned
169348,2808,unassigned
169349,2808,unassigned
169350,2807,Immune
169351,2808,unassigned
169352,2930,GABA_Neuron
169353,2808,unassigned
169354,2931,Astro-Epen
169355,2931,Astro-Epen
169356,2959,unassigned
169357,2907,unassigned
169358,2822,Excitatory_Neuron
169359,2825,Astro-Epen
169360,2825,Astro-Epen
169361,2825,Astro-Epen
169362,2896,Immune
169363,2825,Astro-Epen
169364,2825,Astro-Epen
169365,2825,Astro-Epen
169366,2808,unassigned
169367,2953,unassigned
169368,2808,unassigned
169369,2932,GABA_Neuron
169370,2839,Immune
169371,2808,unassigned
169372,2808,unassigned
169373,2808,unassigned
169374,2808,unassigned
169375,2930,GABA_Neuron
169376,2930,GABA_Neuron
169377,2930,GABA_Neuron
169378,2808,unassigned
169379,2814,Excitatory_Neuron
169380,2808,unassigned
169381,2805,Excitatory_Neuron
169382,2948,unassigned
169383,2808,unassigned
169384,2825,Astro-Epen
169385,2822,Excitatory_Neuron
169386,2825,Astro-Epen
169387,2896,Immune
169388,2808,unassigned
169389,2821,Astro-Epen
169390,2825,Astro-Epen
169391,2908,Immune
169392,2908,Immune
169393,2808,unassigned
169394,2908,Immune
169395,2912,Vascular
169396,2839,Immune
169397,2847,Immune
169398,2808,unassigned
169399,2839,Immune
169400,2805,Excitatory_Neuron
169401,2813,GABA_Neuron
169402,2806,Excitatory_Neuron
169403,2808,unassigned
169404,2813,GABA_Neuron
169405,2813,GABA_Neuron
169406,2807,Immune
169407,2921,Astro-Epen
169408,2947,unassigned
169409,2808,unassigned
169410,2948,unassigned
169411,2854,Astro-Epen
169412,2931,Astro-Epen
169413,2808,unassigned
169414,2896,Immune
169415,2808,unassigned
169416,2825,Astro-Epen
169417,2808,unassigned
169418,2909,GABA_Neuron
169419,2908,Immune
169420,2908,Immune
169421,2847,Immune
169422,2813,GABA_Neuron
169423,2806,Excitatory_Neuron
169424,2808,unassigned
169425,2815,Astro-Epen
169426,2925,GABA_Neuron
169427,2808,unassigned
169428,2808,unassigned
169429,2907,unassigned
169430,2819,GABA_Neuron
169431,2808,unassigned
169432,2896,Immune
169433,2819,GABA_Neuron
169434,2884,unassigned
169435,2920,unassigned
169436,2912,Vascular
169437,2912,Vascular
169438,2839,Immune
169439,2954,unassigned
169440,2813,GABA_Neuron
169441,2813,GABA_Neuron
169442,2813,GABA_Neuron
169443,2947,unassigned
169444,2940,unassigned
169445,2805,Excitatory_Neuron
169446,2896,Immune
169447,2808,unassigned
169448,2808,unassigned
169449,2929,unassigned
169450,2929,unassigned
169451,2808,unassigned
169452,2808,unassigned
169453,2825,Astro-Epen
169454,2847,Immune
169455,2825,Astro-Epen
169456,2912,Vascular
169457,2808,unassigned
169458,2912,Vascular
169459,2839,Immune
169460,2951,unassigned
169461,2879,Astro-Epen
169462,2808,unassigned
169463,2957,unassigned
169464,2808,unassigned
169465,2805,Excitatory_Neuron
169466,2918,unassigned
169467,2925,GABA_Neuron
169468,2814,Excitatory_Neuron
169469,2805,Excitatory_Neuron
169470,2819,GABA_Neuron
169471,2896,Immune
169472,2825,Astro-Epen
169473,2819,GABA_Neuron
169474,2825,Astro-Epen
169475,2929,unassigned
169476,2808,unassigned
169477,2953,unassigned
169478,2909,GABA_Neuron
169479,2825,Astro-Epen
169480,2808,unassigned
169481,2884,unassigned
169482,2932,GABA_Neuron
169483,2808,unassigned
169484,2912,Vascular
169485,2847,Immune
169486,2808,unassigned
169487,2847,Immune
169488,2808,unassigned
169489,2808,unassigned
169490,2813,GABA_Neuron
169491,2813,GABA_Neuron
169492,2814,Excitatory_Neuron
169493,2814,Excitatory_Neuron
169494,2940,unassigned
169495,2940,unassigned
169496,2805,Excitatory_Neuron
169497,2819,GABA_Neuron
169498,2825,Astro-Epen
169499,2808,unassigned
169500,2960,unassigned
169501,2825,Astro-Epen
169502,2825,Astro-Epen
169503,2825,Astro-Epen
169504,2829,Immune
169505,2884,unassigned
169506,2879,Astro-Epen
169507,2932,GABA_Neuron
169508,2837,Astro-Epen
169509,2957,unassigned
169510,2813,GABA_Neuron
169511,2808,unassigned
169512,2813,GABA_Neuron
169513,2930,GABA_Neuron
169514,2808,unassigned
169515,2805,Excitatory_Neuron
169516,2925,GABA_Neuron
169517,2939,unassigned
169518,2817,Excitatory_Neuron
169519,2814,Excitatory_Neuron
169520,2947,unassigned
169521,2808,unassigned
169522,2808,unassigned
169523,2946,Astro-Epen
169524,2946,Astro-Epen
169525,2808,unassigned
169526,2805,Excitatory_Neuron
169527,2825,Astro-Epen
169528,2825,Astro-Epen
169529,2808,unassigned
169530,2825,Astro-Epen
169531,2908,Immune
169532,2920,unassigned
169533,2912,Vascular
169534,2808,unassigned
169535,2879,Astro-Epen
169536,2808,unassigned
169537,2813,GABA_Neuron
169538,2805,Excitatory_Neuron
169539,2808,unassigned
169540,2808,unassigned
169541,2808,unassigned
169542,2805,Excitatory_Neuron
169543,2931,Astro-Epen
169544,2959,unassigned
169545,2946,Astro-Epen
169546,2808,unassigned
169547,2808,unassigned
169548,2825,Astro-Epen
169549,2825,Astro-Epen
169550,2808,unassigned
169551,2900,Excitatory_Neuron
169552,2908,Immune
169553,2879,Astro-Epen
169554,2879,Astro-Epen
169555,2879,Astro-Epen
169556,2879,Astro-Epen
169557,2808,unassigned
169558,2806,Excitatory_Neuron
169559,2918,unassigned
169560,2930,GABA_Neuron
169561,2930,GABA_Neuron
169562,2941,GABA_Neuron
169563,2805,Excitatory_Neuron
169564,2814,Excitatory_Neuron
169565,2815,Astro-Epen
169566,2948,unassigned
169567,2808,unassigned
169568,2805,Excitatory_Neuron
169569,2805,Excitatory_Neuron
169570,2808,unassigned
169571,2947,unassigned
169572,2896,Immune
169573,2896,Immune
169574,2825,Astro-Epen
169575,2821,Astro-Epen
169576,2825,Astro-Epen
169577,2825,Astro-Epen
169578,2808,unassigned
169579,2825,Astro-Epen
169580,2909,GABA_Neuron
169581,2825,Astro-Epen
169582,2825,Astro-Epen
169583,2847,Immune
169584,2908,Immune
169585,2825,Astro-Epen
169586,2847,Immune
169587,2923,unassigned
169588,2808,unassigned
169589,2951,unassigned
169590,2957,unassigned
169591,2808,unassigned
169592,2808,unassigned
169593,2813,GABA_Neuron
169594,2808,unassigned
169595,2805,Excitatory_Neuron
169596,2808,unassigned
169597,2921,Astro-Epen
169598,2947,unassigned
169599,2959,unassigned
169600,2825,Astro-Epen
169601,2896,Immune
169602,2825,Astro-Epen
169603,2825,Astro-Epen
169604,2825,Astro-Epen
169605,2932,GABA_Neuron
169606,2808,unassigned
169607,2847,Immune
169608,2879,Astro-Epen
169609,2808,unassigned
169610,2808,unassigned
169611,2813,GABA_Neuron
169612,2808,unassigned
169613,2930,GABA_Neuron
169614,2808,unassigned
169615,2815,Astro-Epen
169616,2939,unassigned
169617,2815,Astro-Epen
169618,2814,Excitatory_Neuron
169619,2805,Excitatory_Neuron
169620,2907,unassigned
169621,2819,GABA_Neuron
169622,2808,unassigned
169623,2929,unassigned
169624,2960,unassigned
169625,2808,unassigned
169626,2825,Astro-Epen
169627,2909,GABA_Neuron
169628,2808,unassigned
169629,2825,Astro-Epen
169630,2908,Immune
169631,2909,GABA_Neuron
169632,2808,unassigned
169633,2825,Astro-Epen
169634,2808,unassigned
169635,2808,unassigned
169636,2808,unassigned
169637,2808,unassigned
169638,2805,Excitatory_Neuron
169639,2808,unassigned
169640,2813,GABA_Neuron
169641,2813,GABA_Neuron
169642,2813,GABA_Neuron
169643,2898,unassigned
169644,2930,GABA_Neuron
169645,2925,GABA_Neuron
169646,2921,Astro-Epen
169647,2808,unassigned
169648,2947,unassigned
169649,2896,Immune
169650,2896,Immune
169651,2825,Astro-Epen
169652,2825,Astro-Epen
169653,2808,unassigned
169654,2808,unassigned
169655,2825,Astro-Epen
169656,2825,Astro-Epen
169657,2953,unassigned
169658,2908,Immune
169659,2825,Astro-Epen
169660,2908,Immune
169661,2847,Immune
169662,2808,unassigned
169663,2837,Astro-Epen
169664,2954,unassigned
169665,2808,unassigned
169666,2805,Excitatory_Neuron
169667,2931,Astro-Epen
169668,2907,unassigned
169669,2961,unassigned
169670,2825,Astro-Epen
169671,2819,GABA_Neuron
169672,2821,Astro-Epen
169673,2825,Astro-Epen
169674,2884,unassigned
169675,2908,Immune
169676,2847,Immune
169677,2837,Astro-Epen
169678,2808,unassigned
169679,2808,unassigned
169680,2808,unassigned
169681,2808,unassigned
169682,2814,Excitatory_Neuron
169683,2805,Excitatory_Neuron
169684,2814,Excitatory_Neuron
169685,2805,Excitatory_Neuron
169686,2931,Astro-Epen
169687,2907,unassigned
169688,2825,Astro-Epen
169689,2896,Immune
169690,2808,unassigned
169691,2825,Astro-Epen
169692,2929,unassigned
169693,2825,Astro-Epen
169694,2909,GABA_Neuron
169695,2909,GABA_Neuron
169696,2808,unassigned
169697,2847,Immune
169698,2808,unassigned
169699,2808,unassigned
169700,2839,Immune
169701,2808,unassigned
169702,2808,unassigned
169703,2930,GABA_Neuron
169704,2922,Excitatory_Neuron
169705,2808,unassigned
169706,2956,unassigned
169707,2921,Astro-Epen
169708,2921,Astro-Epen
169709,2808,unassigned
169710,2808,unassigned
169711,2805,Excitatory_Neuron
169712,2947,unassigned
169713,2931,Astro-Epen
169714,2940,unassigned
169715,2805,Excitatory_Neuron
169716,2907,unassigned
169717,2808,unassigned
169718,2931,Astro-Epen
169719,2808,unassigned
169720,2825,Astro-Epen
169721,2825,Astro-Epen
169722,2821,Astro-Epen
169723,2808,unassigned
169724,2960,unassigned
169725,2821,Astro-Epen
169726,2908,Immune
169727,2825,Astro-Epen
169728,2908,Immune
169729,2912,Vascular
169730,2825,Astro-Epen
169731,2923,unassigned
169732,2808,unassigned
169733,2805,Excitatory_Neuron
169734,2808,unassigned
169735,2930,GABA_Neuron
169736,2925,GABA_Neuron
169737,2930,GABA_Neuron
169738,2814,Excitatory_Neuron
169739,2808,unassigned
169740,2931,Astro-Epen
169741,2805,Excitatory_Neuron
169742,2805,Excitatory_Neuron
169743,2808,unassigned
169744,2825,Astro-Epen
169745,2825,Astro-Epen
169746,2825,Astro-Epen
169747,2808,unassigned
169748,2847,Immune
169749,2932,GABA_Neuron
169750,2837,Astro-Epen
169751,2813,GABA_Neuron
169752,2808,unassigned
169753,2808,unassigned
169754,2808,unassigned
169755,2948,unassigned
169756,2825,Astro-Epen
169757,2825,Astro-Epen
169758,2825,Astro-Epen
169759,2808,unassigned
169760,2825,Astro-Epen
169761,2900,Excitatory_Neuron
169762,2920,unassigned
169763,2808,unassigned
169764,2808,unassigned
169765,2808,unassigned
169766,2808,unassigned
169767,2808,unassigned
169768,2806,Excitatory_Neuron
169769,2805,Excitatory_Neuron
169770,2808,unassigned
169771,2808,unassigned
169772,2808,unassigned
169773,2922,Excitatory_Neuron
169774,2815,Astro-Epen
169775,2808,unassigned
169776,2959,unassigned
169777,2907,unassigned
169778,2931,Astro-Epen
169779,2896,Immune
169780,2808,unassigned
169781,2929,unassigned
169782,2825,Astro-Epen
169783,2825,Astro-Epen
169784,2825,Astro-Epen
169785,2962,unassigned
169786,2808,unassigned
169787,2847,Immune
169788,2879,Astro-Epen
169789,2808,unassigned
169790,2808,unassigned
169791,2808,unassigned
169792,2808,unassigned
169793,2805,Excitatory_Neuron
169794,2808,unassigned
169795,2814,Excitatory_Neuron
169796,2925,GABA_Neuron
169797,2808,unassigned
169798,2963,unassigned
169799,2808,unassigned
169800,2946,Astro-Epen
169801,2808,unassigned
169802,2959,unassigned
169803,2808,unassigned
169804,2854,Astro-Epen
169805,2896,Immune
169806,2961,unassigned
169807,2819,GABA_Neuron
169808,2825,Astro-Epen
169809,2808,unassigned
169810,2960,unassigned
169811,2808,unassigned
169812,2808,unassigned
169813,2808,unassigned
169814,2847,Immune
169815,2923,unassigned
169816,2808,unassigned
169817,2808,unassigned
169818,2839,Immune
169819,2837,Astro-Epen
169820,2808,unassigned
169821,2813,GABA_Neuron
169822,2813,GABA_Neuron
169823,2808,unassigned
169824,2813,GABA_Neuron
169825,2808,unassigned
169826,2813,GABA_Neuron
169827,2941,GABA_Neuron
169828,2922,Excitatory_Neuron
169829,2808,unassigned
169830,2814,Excitatory_Neuron
169831,2808,unassigned
169832,2822,Excitatory_Neuron
169833,2961,unassigned
169834,2825,Astro-Epen
169835,2808,unassigned
169836,2825,Astro-Epen
169837,2962,unassigned
169838,2808,unassigned
169839,2825,Astro-Epen
169840,2825,Astro-Epen
169841,2908,Immune
169842,2908,Immune
169843,2900,Excitatory_Neuron
169844,2825,Astro-Epen
169845,2808,unassigned
169846,2808,unassigned
169847,2954,unassigned
169848,2808,unassigned
169849,2808,unassigned
169850,2808,unassigned
169851,2808,unassigned
169852,2814,Excitatory_Neuron
169853,2814,Excitatory_Neuron
169854,2805,Excitatory_Neuron
169855,2805,Excitatory_Neuron
169856,2805,Excitatory_Neuron
169857,2808,unassigned
169858,2819,GABA_Neuron
169859,2896,Immune
169860,2825,Astro-Epen
169861,2821,Astro-Epen
169862,2960,unassigned
169863,2825,Astro-Epen
169864,2825,Astro-Epen
169865,2825,Astro-Epen
169866,2909,GABA_Neuron
169867,2908,Immune
169868,2908,Immune
169869,2953,unassigned
169870,2920,unassigned
169871,2900,Excitatory_Neuron
169872,2847,Immune
169873,2912,Vascular
169874,2808,unassigned
169875,2805,Excitatory_Neuron
169876,2808,unassigned
169877,2807,Immune
169878,2805,Excitatory_Neuron
169879,2808,unassigned
169880,2815,Astro-Epen
169881,2808,unassigned
169882,2808,unassigned
169883,2947,unassigned
169884,2948,unassigned
169885,2805,Excitatory_Neuron
169886,2854,Astro-Epen
169887,2808,unassigned
169888,2825,Astro-Epen
169889,2825,Astro-Epen
169890,2953,unassigned
169891,2920,unassigned
169892,2805,Excitatory_Neuron
169893,2805,Excitatory_Neuron
169894,2808,unassigned
169895,2964,unassigned
169896,2947,unassigned
169897,2805,Excitatory_Neuron
169898,2808,unassigned
169899,2819,GABA_Neuron
169900,2821,Astro-Epen
169901,2961,unassigned
169902,2825,Astro-Epen
169903,2819,GABA_Neuron
169904,2819,GABA_Neuron
169905,2808,unassigned
169906,2825,Astro-Epen
169907,2808,unassigned
169908,2821,Astro-Epen
169909,2808,unassigned
169910,2808,unassigned
169911,2808,unassigned
169912,2912,Vascular
169913,2847,Immune
169914,2808,unassigned
169915,2837,Astro-Epen
169916,2808,unassigned
169917,2922,Excitatory_Neuron
169918,2941,GABA_Neuron
169919,2925,GABA_Neuron
169920,2956,unassigned
169921,2819,GABA_Neuron
169922,2825,Astro-Epen
169923,2825,Astro-Epen
169924,2825,Astro-Epen
169925,2908,Immune
169926,2808,unassigned
169927,2908,Immune
169928,2825,Astro-Epen
169929,2879,Astro-Epen
169930,2825,Astro-Epen
169931,2908,Immune
169932,2879,Astro-Epen
169933,2839,Immune
169934,2839,Immune
169935,2808,unassigned
169936,2808,unassigned
169937,2808,unassigned
169938,2808,unassigned
169939,2939,unassigned
169940,2956,unassigned
169941,2814,Excitatory_Neuron
169942,2819,GABA_Neuron
169943,2825,Astro-Epen
169944,2821,Astro-Epen
169945,2808,unassigned
169946,2808,unassigned
169947,2808,unassigned
169948,2825,Astro-Epen
169949,2808,unassigned
169950,2825,Astro-Epen
169951,2912,Vascular
169952,2808,unassigned
169953,2808,unassigned
169954,2813,GABA_Neuron
169955,2808,unassigned
169956,2930,GABA_Neuron
169957,2930,GABA_Neuron
169958,2930,GABA_Neuron
169959,2814,Excitatory_Neuron
169960,2963,unassigned
169961,2931,Astro-Epen
169962,2931,Astro-Epen
169963,2825,Astro-Epen
169964,2808,unassigned
169965,2929,unassigned
169966,2825,Astro-Epen
169967,2825,Astro-Epen
169968,2825,Astro-Epen
169969,2808,unassigned
169970,2900,Excitatory_Neuron
169971,2808,unassigned
169972,2879,Astro-Epen
169973,2847,Immune
169974,2912,Vascular
169975,2847,Immune
169976,2879,Astro-Epen
169977,2839,Immune
169978,2837,Astro-Epen
169979,2808,unassigned
169980,2941,GABA_Neuron
169981,2930,GABA_Neuron
169982,2808,unassigned
169983,2808,unassigned
169984,2808,unassigned
169985,2808,unassigned
169986,2808,unassigned
169987,2931,Astro-Epen
169988,2808,unassigned
169989,2808,unassigned
169990,2896,Immune
169991,2896,Immune
169992,2808,unassigned
169993,2825,Astro-Epen
169994,2825,Astro-Epen
169995,2808,unassigned
169996,2808,unassigned
169997,2953,unassigned
169998,2825,Astro-Epen
169999,2825,Astro-Epen
170000,2908,Immune
170001,2912,Vascular
170002,2879,Astro-Epen
170003,2805,Excitatory_Neuron
170004,2808,unassigned
170005,2808,unassigned
170006,2808,unassigned
170007,2807,Immune
170008,2808,unassigned
170009,2947,unassigned
170010,2805,Excitatory_Neuron
170011,2814,Excitatory_Neuron
170012,2821,Astro-Epen
170013,2808,unassigned
170014,2825,Astro-Epen
170015,2825,Astro-Epen
170016,2821,Astro-Epen
170017,2808,unassigned
170018,2908,Immune
170019,2847,Immune
170020,2932,GABA_Neuron
170021,2847,Immune
170022,2879,Astro-Epen
170023,2808,unassigned
170024,2813,GABA_Neuron
170025,2813,GABA_Neuron
170026,2807,Immune
170027,2930,GABA_Neuron
170028,2922,Excitatory_Neuron
170029,2808,unassigned
170030,2925,GABA_Neuron
170031,2931,Astro-Epen
170032,2825,Astro-Epen
170033,2821,Astro-Epen
170034,2825,Astro-Epen
170035,2808,unassigned
170036,2808,unassigned
170037,2847,Immune
170038,2912,Vascular
170039,2839,Immune
170040,2806,Excitatory_Neuron
170041,2806,Excitatory_Neuron
170042,2813,GABA_Neuron
170043,2941,GABA_Neuron
170044,2941,GABA_Neuron
170045,2921,Astro-Epen
170046,2808,unassigned
170047,2956,unassigned
170048,2921,Astro-Epen
170049,2808,unassigned
170050,2808,unassigned
170051,2896,Immune
170052,2961,unassigned
170053,2819,GABA_Neuron
170054,2825,Astro-Epen
170055,2825,Astro-Epen
170056,2825,Astro-Epen
170057,2825,Astro-Epen
170058,2825,Astro-Epen
170059,2808,unassigned
170060,2825,Astro-Epen
170061,2808,unassigned
170062,2884,unassigned
170063,2908,Immune
170064,2825,Astro-Epen
170065,2847,Immune
170066,2808,unassigned
170067,2837,Astro-Epen
170068,2957,unassigned
170069,2813,GABA_Neuron
170070,2813,GABA_Neuron
170071,2941,GABA_Neuron
170072,2805,Excitatory_Neuron
170073,2930,GABA_Neuron
170074,2930,GABA_Neuron
170075,2930,GABA_Neuron
170076,2808,unassigned
170077,2947,unassigned
170078,2808,unassigned
170079,2819,GABA_Neuron
170080,2896,Immune
170081,2825,Astro-Epen
170082,2825,Astro-Epen
170083,2821,Astro-Epen
170084,2825,Astro-Epen
170085,2962,unassigned
170086,2808,unassigned
170087,2808,unassigned
170088,2808,unassigned
170089,2825,Astro-Epen
170090,2932,GABA_Neuron
170091,2808,unassigned
170092,2808,unassigned
170093,2954,unassigned
170094,2808,unassigned
170095,2813,GABA_Neuron
170096,2808,unassigned
170097,2808,unassigned
170098,2807,Immune
170099,2807,Immune
170100,2965,unassigned
170101,2808,unassigned
170102,2825,Astro-Epen
170103,2821,Astro-Epen
170104,2825,Astro-Epen
170105,2825,Astro-Epen
170106,2960,unassigned
170107,2808,unassigned
170108,2808,unassigned
170109,2825,Astro-Epen
170110,2808,unassigned
170111,2847,Immune
170112,2879,Astro-Epen
170113,2847,Immune
170114,2808,unassigned
170115,2808,unassigned
170116,2954,unassigned
170117,2813,GABA_Neuron
170118,2805,Excitatory_Neuron
170119,2813,GABA_Neuron
170120,2805,Excitatory_Neuron
170121,2808,unassigned
170122,2808,unassigned
170123,2808,unassigned
170124,2808,unassigned
170125,2805,Excitatory_Neuron
170126,2805,Excitatory_Neuron
170127,2921,Astro-Epen
170128,2808,unassigned
170129,2854,Astro-Epen
170130,2825,Astro-Epen
170131,2960,unassigned
170132,2808,unassigned
170133,2825,Astro-Epen
170134,2909,GABA_Neuron
170135,2825,Astro-Epen
170136,2879,Astro-Epen
170137,2808,unassigned
170138,2847,Immune
170139,2808,unassigned
170140,2808,unassigned
170141,2941,GABA_Neuron
170142,2939,unassigned
170143,2814,Excitatory_Neuron
170144,2808,unassigned
170145,2931,Astro-Epen
170146,2805,Excitatory_Neuron
170147,2965,unassigned
170148,2808,unassigned
170149,2808,unassigned
170150,2825,Astro-Epen
170151,2825,Astro-Epen
170152,2825,Astro-Epen
170153,2929,unassigned
170154,2808,unassigned
170155,2825,Astro-Epen
170156,2962,unassigned
170157,2808,unassigned
170158,2909,GABA_Neuron
170159,2920,unassigned
170160,2808,unassigned
170161,2808,unassigned
170162,2808,unassigned
170163,2951,unassigned
170164,2839,Immune
170165,2879,Astro-Epen
170166,2808,unassigned
170167,2805,Excitatory_Neuron
170168,2941,GABA_Neuron
170169,2941,GABA_Neuron
170170,2939,unassigned
170171,2815,Astro-Epen
170172,2814,Excitatory_Neuron
170173,2925,GABA_Neuron
170174,2925,GABA_Neuron
170175,2805,Excitatory_Neuron
170176,2854,Astro-Epen
170177,2825,Astro-Epen
170178,2825,Astro-Epen
170179,2966,unassigned
170180,2825,Astro-Epen
170181,2808,unassigned
170182,2825,Astro-Epen
170183,2825,Astro-Epen
170184,2825,Astro-Epen
170185,2847,Immune
170186,2825,Astro-Epen
170187,2912,Vascular
170188,2808,unassigned
170189,2807,Immune
170190,2930,GABA_Neuron
170191,2939,unassigned
170192,2922,Excitatory_Neuron
170193,2963,unassigned
170194,2808,unassigned
170195,2808,unassigned
170196,2946,Astro-Epen
170197,2825,Astro-Epen
170198,2961,unassigned
170199,2808,unassigned
170200,2808,unassigned
170201,2808,unassigned
170202,2825,Astro-Epen
170203,2808,unassigned
170204,2825,Astro-Epen
170205,2825,Astro-Epen
170206,2825,Astro-Epen
170207,2808,unassigned
170208,2808,unassigned
170209,2879,Astro-Epen
170210,2808,unassigned
170211,2932,GABA_Neuron
170212,2808,unassigned
170213,2808,unassigned
170214,2808,unassigned
170215,2808,unassigned
170216,2805,Excitatory_Neuron
170217,2806,Excitatory_Neuron
170218,2808,unassigned
170219,2808,unassigned
170220,2805,Excitatory_Neuron
170221,2854,Astro-Epen
170222,2896,Immune
170223,2825,Astro-Epen
170224,2825,Astro-Epen
170225,2821,Astro-Epen
170226,2929,unassigned
170227,2962,unassigned
170228,2808,unassigned
170229,2808,unassigned
170230,2825,Astro-Epen
170231,2953,unassigned
170232,2808,unassigned
170233,2908,Immune
170234,2808,unassigned
170235,2923,unassigned
170236,2839,Immune
170237,2808,unassigned
170238,2839,Immune
170239,2808,unassigned
170240,2808,unassigned
170241,2805,Excitatory_Neuron
170242,2808,unassigned
170243,2922,Excitatory_Neuron
170244,2922,Excitatory_Neuron
170245,2939,unassigned
170246,2805,Excitatory_Neuron
170247,2947,unassigned
170248,2947,unassigned
170249,2963,unassigned
170250,2931,Astro-Epen
170251,2808,unassigned
170252,2819,GABA_Neuron
170253,2808,unassigned
170254,2854,Astro-Epen
170255,2825,Astro-Epen
170256,2808,unassigned
170257,2808,unassigned
170258,2825,Astro-Epen
170259,2879,Astro-Epen
170260,2847,Immune
170261,2847,Immune
170262,2808,unassigned
170263,2813,GABA_Neuron
170264,2806,Excitatory_Neuron
170265,2813,GABA_Neuron
170266,2813,GABA_Neuron
170267,2808,unassigned
170268,2805,Excitatory_Neuron
170269,2939,unassigned
170270,2805,Excitatory_Neuron
170271,2814,Excitatory_Neuron
170272,2854,Astro-Epen
170273,2805,Excitatory_Neuron
170274,2965,unassigned
170275,2931,Astro-Epen
170276,2825,Astro-Epen
170277,2808,unassigned
170278,2825,Astro-Epen
170279,2825,Astro-Epen
170280,2808,unassigned
170281,2808,unassigned
170282,2808,unassigned
170283,2825,Astro-Epen
170284,2847,Immune
170285,2808,unassigned
170286,2825,Astro-Epen
170287,2912,Vascular
170288,2912,Vascular
170289,2808,unassigned
170290,2839,Immune
170291,2808,unassigned
170292,2808,unassigned
170293,2805,Excitatory_Neuron
170294,2918,unassigned
170295,2941,GABA_Neuron
170296,2921,Astro-Epen
170297,2808,unassigned
170298,2930,GABA_Neuron
170299,2939,unassigned
170300,2921,Astro-Epen
170301,2947,unassigned
170302,2805,Excitatory_Neuron
170303,2948,unassigned
170304,2946,Astro-Epen
170305,2854,Astro-Epen
170306,2946,Astro-Epen
170307,2808,unassigned
170308,2961,unassigned
170309,2929,unassigned
170310,2808,unassigned
170311,2808,unassigned
170312,2825,Astro-Epen
170313,2962,unassigned
170314,2966,unassigned
170315,2808,unassigned
170316,2920,unassigned
170317,2912,Vascular
170318,2847,Immune
170319,2879,Astro-Epen
170320,2932,GABA_Neuron
170321,2805,Excitatory_Neuron
170322,2806,Excitatory_Neuron
170323,2813,GABA_Neuron
170324,2939,unassigned
170325,2939,unassigned
170326,2930,GABA_Neuron
170327,2925,GABA_Neuron
170328,2805,Excitatory_Neuron
170329,2805,Excitatory_Neuron
170330,2931,Astro-Epen
170331,2948,unassigned
170332,2948,unassigned
170333,2805,Excitatory_Neuron
170334,2931,Astro-Epen
170335,2808,unassigned
170336,2946,Astro-Epen
170337,2896,Immune
170338,2896,Immune
170339,2929,unassigned
170340,2808,unassigned
170341,2908,Immune
170342,2847,Immune
170343,2879,Astro-Epen
170344,2808,unassigned
170345,2808,unassigned
170346,2808,unassigned
170347,2806,Excitatory_Neuron
170348,2805,Excitatory_Neuron
170349,2808,unassigned
170350,2808,unassigned
170351,2941,GABA_Neuron
170352,2930,GABA_Neuron
170353,2941,GABA_Neuron
170354,2814,Excitatory_Neuron
170355,2814,Excitatory_Neuron
170356,2808,unassigned
170357,2805,Excitatory_Neuron
170358,2808,unassigned
170359,2948,unassigned
170360,2808,unassigned
170361,2946,Astro-Epen
170362,2961,unassigned
170363,2808,unassigned
170364,2819,GABA_Neuron
170365,2821,Astro-Epen
170366,2808,unassigned
170367,2825,Astro-Epen
170368,2825,Astro-Epen
170369,2808,unassigned
170370,2966,unassigned
170371,2808,unassigned
170372,2966,unassigned
170373,2808,unassigned
170374,2912,Vascular
170375,2884,unassigned
170376,2912,Vascular
170377,2932,GABA_Neuron
170378,2808,unassigned
170379,2879,Astro-Epen
170380,2808,unassigned
170381,2808,unassigned
170382,2808,unassigned
170383,2808,unassigned
170384,2808,unassigned
170385,2939,unassigned
170386,2814,Excitatory_Neuron
170387,2921,Astro-Epen
170388,2963,unassigned
170389,2854,Astro-Epen
170390,2947,unassigned
170391,2808,unassigned
170392,2825,Astro-Epen
170393,2808,unassigned
170394,2819,GABA_Neuron
170395,2808,unassigned
170396,2808,unassigned
170397,2825,Astro-Epen
170398,2808,unassigned
170399,2825,Astro-Epen
170400,2825,Astro-Epen
170401,2879,Astro-Epen
170402,2912,Vascular
170403,2808,unassigned
170404,2808,unassigned
170405,2923,unassigned
170406,2808,unassigned
170407,2808,unassigned
170408,2922,Excitatory_Neuron
170409,2941,GABA_Neuron
170410,2939,unassigned
170411,2930,GABA_Neuron
170412,2808,unassigned
170413,2921,Astro-Epen
170414,2805,Excitatory_Neuron
170415,2805,Excitatory_Neuron
170416,2965,unassigned
170417,2896,Immune
170418,2808,unassigned
170419,2808,unassigned
170420,2825,Astro-Epen
170421,2961,unassigned
170422,2896,Immune
170423,2821,Astro-Epen
170424,2825,Astro-Epen
170425,2929,unassigned
170426,2825,Astro-Epen
170427,2808,unassigned
170428,2808,unassigned
170429,2909,GABA_Neuron
170430,2847,Immune
170431,2879,Astro-Epen
170432,2808,unassigned
170433,2912,Vascular
170434,2808,unassigned
170435,2954,unassigned
170436,2954,unassigned
170437,2808,unassigned
170438,2813,GABA_Neuron
170439,2807,Immune
170440,2941,GABA_Neuron
170441,2930,GABA_Neuron
170442,2922,Excitatory_Neuron
170443,2808,unassigned
170444,2808,unassigned
170445,2808,unassigned
170446,2947,unassigned
170447,2814,Excitatory_Neuron
170448,2808,unassigned
170449,2961,unassigned
170450,2808,unassigned
170451,2808,unassigned
170452,2808,unassigned
170453,2953,unassigned
170454,2912,Vascular
170455,2847,Immune
170456,2808,unassigned
170457,2808,unassigned
170458,2808,unassigned
170459,2808,unassigned
170460,2954,unassigned
170461,2805,Excitatory_Neuron
170462,2808,unassigned
170463,2918,unassigned
170464,2808,unassigned
170465,2963,unassigned
170466,2947,unassigned
170467,2854,Astro-Epen
170468,2808,unassigned
170469,2819,GABA_Neuron
170470,2961,unassigned
170471,2819,GABA_Neuron
170472,2808,unassigned
170473,2825,Astro-Epen
170474,2821,Astro-Epen
170475,2808,unassigned
170476,2825,Astro-Epen
170477,2962,unassigned
170478,2808,unassigned
170479,2808,unassigned
170480,2825,Astro-Epen
170481,2808,unassigned
170482,2808,unassigned
170483,2808,unassigned
170484,2908,Immune
170485,2825,Astro-Epen
170486,2825,Astro-Epen
170487,2808,unassigned
170488,2900,Excitatory_Neuron
170489,2879,Astro-Epen
170490,2808,unassigned
170491,2806,Excitatory_Neuron
170492,2805,Excitatory_Neuron
170493,2805,Excitatory_Neuron
170494,2805,Excitatory_Neuron
170495,2808,unassigned
170496,2814,Excitatory_Neuron
170497,2931,Astro-Epen
170498,2931,Astro-Epen
170499,2808,unassigned
170500,2825,Astro-Epen
170501,2961,unassigned
170502,2825,Astro-Epen
170503,2808,unassigned
170504,2825,Astro-Epen
170505,2808,unassigned
170506,2808,unassigned
170507,2808,unassigned
170508,2821,Astro-Epen
170509,2808,unassigned
170510,2953,unassigned
170511,2808,unassigned
170512,2932,GABA_Neuron
170513,2912,Vascular
170514,2912,Vascular
170515,2879,Astro-Epen
170516,2808,unassigned
170517,2813,GABA_Neuron
170518,2813,GABA_Neuron
170519,2805,Excitatory_Neuron
170520,2813,GABA_Neuron
170521,2808,unassigned
170522,2808,unassigned
170523,2925,GABA_Neuron
170524,2921,Astro-Epen
170525,2948,unassigned
170526,2854,Astro-Epen
170527,2947,unassigned
170528,2808,unassigned
170529,2808,unassigned
170530,2825,Astro-Epen
170531,2961,unassigned
170532,2896,Immune
170533,2825,Astro-Epen
170534,2825,Astro-Epen
170535,2825,Astro-Epen
170536,2808,unassigned
170537,2808,unassigned
170538,2825,Astro-Epen
170539,2900,Excitatory_Neuron
170540,2808,unassigned
170541,2847,Immune
170542,2808,unassigned
170543,2808,unassigned
170544,2839,Immune
170545,2808,unassigned
170546,2805,Excitatory_Neuron
170547,2813,GABA_Neuron
170548,2807,Immune
170549,2898,unassigned
170550,2922,Excitatory_Neuron
170551,2925,GABA_Neuron
170552,2808,unassigned
170553,2939,unassigned
170554,2808,unassigned
170555,2925,GABA_Neuron
170556,2805,Excitatory_Neuron
170557,2805,Excitatory_Neuron
170558,2965,unassigned
170559,2825,Astro-Epen
170560,2808,unassigned
170561,2808,unassigned
170562,2808,unassigned
170563,2825,Astro-Epen
170564,2825,Astro-Epen
170565,2808,unassigned
170566,2908,Immune
170567,2879,Astro-Epen
170568,2825,Astro-Epen
170569,2808,unassigned
170570,2808,unassigned
170571,2808,unassigned
170572,2921,Astro-Epen
170573,2808,unassigned
170574,2805,Excitatory_Neuron
170575,2805,Excitatory_Neuron
170576,2805,Excitatory_Neuron
170577,2808,unassigned
170578,2825,Astro-Epen
170579,2825,Astro-Epen
170580,2808,unassigned
170581,2825,Astro-Epen
170582,2808,unassigned
170583,2825,Astro-Epen
170584,2966,unassigned
170585,2825,Astro-Epen
170586,2912,Vascular
170587,2808,unassigned
170588,2847,Immune
170589,2808,unassigned
170590,2879,Astro-Epen
170591,2957,unassigned
170592,2951,unassigned
170593,2808,unassigned
170594,2808,unassigned
170595,2807,Immune
170596,2808,unassigned
170597,2808,unassigned
170598,2941,GABA_Neuron
170599,2805,Excitatory_Neuron
170600,2808,unassigned
170601,2946,Astro-Epen
170602,2808,unassigned
170603,2821,Astro-Epen
170604,2825,Astro-Epen
170605,2825,Astro-Epen
170606,2825,Astro-Epen
170607,2825,Astro-Epen
170608,2825,Astro-Epen
170609,2825,Astro-Epen
170610,2966,unassigned
170611,2808,unassigned
170612,2932,GABA_Neuron
170613,2879,Astro-Epen
170614,2808,unassigned
170615,2954,unassigned
170616,2954,unassigned
170617,2808,unassigned
170618,2921,Astro-Epen
170619,2921,Astro-Epen
170620,2805,Excitatory_Neuron
170621,2814,Excitatory_Neuron
170622,2963,unassigned
170623,2808,unassigned
170624,2805,Excitatory_Neuron
170625,2808,unassigned
170626,2808,unassigned
170627,2961,unassigned
170628,2825,Astro-Epen
170629,2808,unassigned
170630,2808,unassigned
170631,2808,unassigned
170632,2962,unassigned
170633,2825,Astro-Epen
170634,2821,Astro-Epen
170635,2808,unassigned
170636,2908,Immune
170637,2825,Astro-Epen
170638,2847,Immune
170639,2839,Immune
170640,2808,unassigned
170641,2808,unassigned
170642,2808,unassigned
170643,2813,GABA_Neuron
170644,2808,unassigned
170645,2808,unassigned
170646,2805,Excitatory_Neuron
170647,2805,Excitatory_Neuron
170648,2808,unassigned
170649,2808,unassigned
170650,2814,Excitatory_Neuron
170651,2947,unassigned
170652,2808,unassigned
170653,2808,unassigned
170654,2961,unassigned
170655,2825,Astro-Epen
170656,2825,Astro-Epen
170657,2825,Astro-Epen
170658,2825,Astro-Epen
170659,2825,Astro-Epen
170660,2825,Astro-Epen
170661,2808,unassigned
170662,2825,Astro-Epen
170663,2825,Astro-Epen
170664,2912,Vascular
170665,2808,unassigned
170666,2808,unassigned
170667,2923,unassigned
170668,2808,unassigned
170669,2808,unassigned
170670,2813,GABA_Neuron
170671,2898,unassigned
170672,2808,unassigned
170673,2807,Immune
170674,2925,GABA_Neuron
170675,2808,unassigned
170676,2805,Excitatory_Neuron
170677,2808,unassigned
170678,2808,unassigned
170679,2808,unassigned
170680,2805,Excitatory_Neuron
170681,2854,Astro-Epen
170682,2808,unassigned
170683,2825,Astro-Epen
170684,2808,unassigned
170685,2808,unassigned
170686,2962,unassigned
170687,2825,Astro-Epen
170688,2825,Astro-Epen
170689,2825,Astro-Epen
170690,2825,Astro-Epen
170691,2825,Astro-Epen
170692,2825,Astro-Epen
170693,2908,Immune
170694,2967,unassigned
170695,2808,unassigned
170696,2954,unassigned
170697,2805,Excitatory_Neuron
170698,2813,GABA_Neuron
170699,2808,unassigned
170700,2807,Immune
170701,2805,Excitatory_Neuron
170702,2805,Excitatory_Neuron
170703,2808,unassigned
170704,2921,Astro-Epen
170705,2808,unassigned
170706,2947,unassigned
170707,2946,Astro-Epen
170708,2808,unassigned
170709,2808,unassigned
170710,2821,Astro-Epen
170711,2808,unassigned
170712,2825,Astro-Epen
170713,2825,Astro-Epen
170714,2825,Astro-Epen
170715,2825,Astro-Epen
170716,2847,Immune
170717,2847,Immune
170718,2879,Astro-Epen
170719,2912,Vascular
170720,2847,Immune
170721,2808,unassigned
170722,2808,unassigned
170723,2808,unassigned
170724,2954,unassigned
170725,2813,GABA_Neuron
170726,2808,unassigned
170727,2808,unassigned
170728,2808,unassigned
170729,2963,unassigned
170730,2947,unassigned
170731,2965,unassigned
170732,2808,unassigned
170733,2808,unassigned
170734,2808,unassigned
170735,2896,Immune
170736,2819,GABA_Neuron
170737,2896,Immune
170738,2962,unassigned
170739,2808,unassigned
170740,2808,unassigned
170741,2908,Immune
170742,2879,Astro-Epen
170743,2954,unassigned
170744,2954,unassigned
170745,2808,unassigned
170746,2813,GABA_Neuron
170747,2922,Excitatory_Neuron
170748,2805,Excitatory_Neuron
170749,2947,unassigned
170750,2805,Excitatory_Neuron
170751,2825,Astro-Epen
170752,2825,Astro-Epen
170753,2825,Astro-Epen
170754,2825,Astro-Epen
170755,2912,Vascular
170756,2912,Vascular
170757,2879,Astro-Epen
170758,2839,Immune
170759,2808,unassigned
170760,2808,unassigned
170761,2805,Excitatory_Neuron
170762,2813,GABA_Neuron
170763,2808,unassigned
170764,2807,Immune
170765,2807,Immune
170766,2808,unassigned
170767,2941,GABA_Neuron
170768,2805,Excitatory_Neuron
170769,2921,Astro-Epen
170770,2808,unassigned
170771,2814,Excitatory_Neuron
170772,2805,Excitatory_Neuron
170773,2808,unassigned
170774,2805,Excitatory_Neuron
170775,2808,unassigned
170776,2808,unassigned
170777,2896,Immune
170778,2896,Immune
170779,2825,Astro-Epen
170780,2896,Immune
170781,2808,unassigned
170782,2825,Astro-Epen
170783,2825,Astro-Epen
170784,2879,Astro-Epen
170785,2912,Vascular
170786,2808,unassigned
170787,2808,unassigned
170788,2807,Immune
170789,2918,unassigned
170790,2808,unassigned
170791,2825,Astro-Epen
170792,2825,Astro-Epen
170793,2808,unassigned
170794,2825,Astro-Epen
170795,2808,unassigned
170796,2908,Immune
170797,2825,Astro-Epen
170798,2808,unassigned
170799,2847,Immune
170800,2808,unassigned
170801,2808,unassigned
170802,2808,unassigned
170803,2808,unassigned
170804,2805,Excitatory_Neuron
170805,2808,unassigned
170806,2808,unassigned
170807,2930,GABA_Neuron
170808,2921,Astro-Epen
170809,2939,unassigned
170810,2921,Astro-Epen
170811,2814,Excitatory_Neuron
170812,2814,Excitatory_Neuron
170813,2808,unassigned
170814,2805,Excitatory_Neuron
170815,2946,Astro-Epen
170816,2854,Astro-Epen
170817,2961,unassigned
170818,2825,Astro-Epen
170819,2808,unassigned
170820,2825,Astro-Epen
170821,2825,Astro-Epen
170822,2821,Astro-Epen
170823,2825,Astro-Epen
170824,2808,unassigned
170825,2808,unassigned
170826,2966,unassigned
170827,2825,Astro-Epen
170828,2908,Immune
170829,2908,Immune
170830,2825,Astro-Epen
170831,2808,unassigned
170832,2879,Astro-Epen
170833,2808,unassigned
170834,2813,GABA_Neuron
170835,2813,GABA_Neuron
170836,2808,unassigned
170837,2941,GABA_Neuron
170838,2805,Excitatory_Neuron
170839,2814,Excitatory_Neuron
170840,2948,unassigned
170841,2808,unassigned
170842,2947,unassigned
170843,2931,Astro-Epen
170844,2946,Astro-Epen
170845,2808,unassigned
170846,2825,Astro-Epen
170847,2961,unassigned
170848,2825,Astro-Epen
170849,2825,Astro-Epen
170850,2825,Astro-Epen
170851,2825,Astro-Epen
170852,2920,unassigned
170853,2825,Astro-Epen
170854,2908,Immune
170855,2879,Astro-Epen
170856,2808,unassigned
170857,2954,unassigned
170858,2808,unassigned
170859,2805,Excitatory_Neuron
170860,2808,unassigned
170861,2808,unassigned
170862,2808,unassigned
170863,2808,unassigned
170864,2808,unassigned
170865,2941,GABA_Neuron
170866,2808,unassigned
170867,2814,Excitatory_Neuron
170868,2805,Excitatory_Neuron
170869,2947,unassigned
170870,2808,unassigned
170871,2808,unassigned
170872,2961,unassigned
170873,2961,unassigned
170874,2821,Astro-Epen
170875,2808,unassigned
170876,2808,unassigned
170877,2808,unassigned
170878,2825,Astro-Epen
170879,2847,Immune
170880,2900,Excitatory_Neuron
170881,2908,Immune
170882,2912,Vascular
170883,2912,Vascular
170884,2808,unassigned
170885,2847,Immune
170886,2839,Immune
170887,2957,unassigned
170888,2951,unassigned
170889,2808,unassigned
170890,2954,unassigned
170891,2808,unassigned
170892,2813,GABA_Neuron
170893,2930,GABA_Neuron
170894,2808,unassigned
170895,2808,unassigned
170896,2808,unassigned
170897,2805,Excitatory_Neuron
170898,2808,unassigned
170899,2805,Excitatory_Neuron
170900,2808,unassigned
170901,2808,unassigned
170902,2931,Astro-Epen
170903,2854,Astro-Epen
170904,2808,unassigned
170905,2808,unassigned
170906,2896,Immune
170907,2821,Astro-Epen
170908,2825,Astro-Epen
170909,2825,Astro-Epen
170910,2908,Immune
170911,2808,unassigned
170912,2808,unassigned
170913,2847,Immune
170914,2808,unassigned
170915,2954,unassigned
170916,2808,unassigned
170917,2813,GABA_Neuron
170918,2807,Immune
170919,2930,GABA_Neuron
170920,2808,unassigned
170921,2808,unassigned
170922,2968,unassigned
170923,2968,unassigned
170924,2808,unassigned
170925,2946,Astro-Epen
170926,2808,unassigned
170927,2808,unassigned
170928,2961,unassigned
170929,2808,unassigned
170930,2825,Astro-Epen
170931,2825,Astro-Epen
170932,2825,Astro-Epen
170933,2962,unassigned
170934,2825,Astro-Epen
170935,2967,unassigned
170936,2969,unassigned
170937,2808,unassigned
170938,2808,unassigned
170939,2808,unassigned
170940,2808,unassigned
170941,2808,unassigned
170942,2808,unassigned
170943,2808,unassigned
170944,2808,unassigned
170945,2807,Immune
170946,2898,unassigned
170947,2939,unassigned
170948,2814,Excitatory_Neuron
170949,2925,GABA_Neuron
170950,2814,Excitatory_Neuron
170951,2805,Excitatory_Neuron
170952,2808,unassigned
170953,2821,Astro-Epen
170954,2825,Astro-Epen
170955,2825,Astro-Epen
170956,2825,Astro-Epen
170957,2808,unassigned
170958,2808,unassigned
170959,2825,Astro-Epen
170960,2825,Astro-Epen
170961,2825,Astro-Epen
170962,2912,Vascular
170963,2912,Vascular
170964,2808,unassigned
170965,2808,unassigned
170966,2808,unassigned
170967,2808,unassigned
170968,2813,GABA_Neuron
170969,2808,unassigned
170970,2813,GABA_Neuron
170971,2808,unassigned
170972,2807,Immune
170973,2808,unassigned
170974,2805,Excitatory_Neuron
170975,2808,unassigned
170976,2807,Immune
170977,2896,Immune
170978,2931,Astro-Epen
170979,2896,Immune
170980,2961,unassigned
170981,2825,Astro-Epen
170982,2825,Astro-Epen
170983,2808,unassigned
170984,2808,unassigned
170985,2825,Astro-Epen
170986,2825,Astro-Epen
170987,2808,unassigned
170988,2808,unassigned
170989,2912,Vascular
170990,2957,unassigned
170991,2954,unassigned
170992,2808,unassigned
170993,2954,unassigned
170994,2808,unassigned
170995,2808,unassigned
170996,2808,unassigned
170997,2808,unassigned
170998,2808,unassigned
170999,2807,Immune
171000,2941,GABA_Neuron
171001,2941,GABA_Neuron
171002,2930,GABA_Neuron
171003,2922,Excitatory_Neuron
171004,2947,unassigned
171005,2805,Excitatory_Neuron
171006,2805,Excitatory_Neuron
171007,2808,unassigned
171008,2808,unassigned
171009,2968,unassigned
171010,2808,unassigned
171011,2825,Astro-Epen
171012,2808,unassigned
171013,2808,unassigned
171014,2808,unassigned
171015,2825,Astro-Epen
171016,2808,unassigned
171017,2825,Astro-Epen
171018,2825,Astro-Epen
171019,2808,unassigned
171020,2808,unassigned
171021,2825,Astro-Epen
171022,2825,Astro-Epen
171023,2908,Immune
171024,2908,Immune
171025,2808,unassigned
171026,2879,Astro-Epen
171027,2839,Immune
171028,2808,unassigned
171029,2808,unassigned
171030,2922,Excitatory_Neuron
171031,2808,unassigned
171032,2808,unassigned
171033,2808,unassigned
171034,2946,Astro-Epen
171035,2808,unassigned
171036,2825,Astro-Epen
171037,2808,unassigned
171038,2825,Astro-Epen
171039,2825,Astro-Epen
171040,2908,Immune
171041,2908,Immune
171042,2847,Immune
171043,2808,unassigned
171044,2808,unassigned
171045,2808,unassigned
171046,2808,unassigned
171047,2808,unassigned
171048,2808,unassigned
171049,2805,Excitatory_Neuron
171050,2813,GABA_Neuron
171051,2808,unassigned
171052,2805,Excitatory_Neuron
171053,2808,unassigned
171054,2930,GABA_Neuron
171055,2805,Excitatory_Neuron
171056,2805,Excitatory_Neuron
171057,2925,GABA_Neuron
171058,2808,unassigned
171059,2808,unassigned
171060,2931,Astro-Epen
171061,2946,Astro-Epen
171062,2931,Astro-Epen
171063,2961,unassigned
171064,2825,Astro-Epen
171065,2961,unassigned
171066,2821,Astro-Epen
171067,2808,unassigned
171068,2808,unassigned
171069,2825,Astro-Epen
171070,2825,Astro-Epen
171071,2847,Immune
171072,2912,Vascular
171073,2808,unassigned
171074,2808,unassigned
171075,2808,unassigned
171076,2808,unassigned
171077,2813,GABA_Neuron
171078,2808,unassigned
171079,2808,unassigned
171080,2807,Immune
171081,2808,unassigned
171082,2898,unassigned
171083,2922,Excitatory_Neuron
171084,2808,unassigned
171085,2925,GABA_Neuron
171086,2808,unassigned
171087,2805,Excitatory_Neuron
171088,2805,Excitatory_Neuron
171089,2805,Excitatory_Neuron
171090,2808,unassigned
171091,2896,Immune
171092,2808,unassigned
171093,2808,unassigned
171094,2896,Immune
171095,2825,Astro-Epen
171096,2825,Astro-Epen
171097,2962,unassigned
171098,2962,unassigned
171099,2808,unassigned
171100,2825,Astro-Epen
171101,2808,unassigned
171102,2808,unassigned
171103,2900,Excitatory_Neuron
171104,2920,unassigned
171105,2825,Astro-Epen
171106,2912,Vascular
171107,2808,unassigned
171108,2951,unassigned
171109,2808,unassigned
171110,2808,unassigned
171111,2805,Excitatory_Neuron
171112,2941,GABA_Neuron
171113,2814,Excitatory_Neuron
171114,2808,unassigned
171115,2805,Excitatory_Neuron
171116,2814,Excitatory_Neuron
171117,2947,unassigned
171118,2805,Excitatory_Neuron
171119,2808,unassigned
171120,2808,unassigned
171121,2825,Astro-Epen
171122,2896,Immune
171123,2808,unassigned
171124,2808,unassigned
171125,2808,unassigned
171126,2825,Astro-Epen
171127,2808,unassigned
171128,2962,unassigned
171129,2908,Immune
171130,2900,Excitatory_Neuron
171131,2879,Astro-Epen
171132,2847,Immune
171133,2808,unassigned
171134,2847,Immune
171135,2847,Immune
171136,2808,unassigned
171137,2954,unassigned
171138,2808,unassigned
171139,2805,Excitatory_Neuron
171140,2813,GABA_Neuron
171141,2808,unassigned
171142,2808,unassigned
171143,2807,Immune
171144,2805,Excitatory_Neuron
171145,2925,GABA_Neuron
171146,2921,Astro-Epen
171147,2805,Excitatory_Neuron
171148,2808,unassigned
171149,2808,unassigned
171150,2947,unassigned
171151,2931,Astro-Epen
171152,2808,unassigned
171153,2825,Astro-Epen
171154,2825,Astro-Epen
171155,2825,Astro-Epen
171156,2879,Astro-Epen
171157,2847,Immune
171158,2912,Vascular
171159,2954,unassigned
171160,2805,Excitatory_Neuron
171161,2808,unassigned
171162,2939,unassigned
171163,2808,unassigned
171164,2805,Excitatory_Neuron
171165,2808,unassigned
171166,2946,Astro-Epen
171167,2805,Excitatory_Neuron
171168,2854,Astro-Epen
171169,2854,Astro-Epen
171170,2808,unassigned
171171,2825,Astro-Epen
171172,2825,Astro-Epen
171173,2962,unassigned
171174,2825,Astro-Epen
171175,2808,unassigned
171176,2825,Astro-Epen
171177,2825,Astro-Epen
171178,2825,Astro-Epen
171179,2825,Astro-Epen
171180,2847,Immune
171181,2808,unassigned
171182,2912,Vascular
171183,2879,Astro-Epen
171184,2951,unassigned
171185,2805,Excitatory_Neuron
171186,2808,unassigned
171187,2922,Excitatory_Neuron
171188,2805,Excitatory_Neuron
171189,2941,GABA_Neuron
171190,2808,unassigned
171191,2805,Excitatory_Neuron
171192,2808,unassigned
171193,2808,unassigned
171194,2805,Excitatory_Neuron
171195,2808,unassigned
171196,2947,unassigned
171197,2948,unassigned
171198,2808,unassigned
171199,2896,Immune
171200,2808,unassigned
171201,2825,Astro-Epen
171202,2808,unassigned
171203,2821,Astro-Epen
171204,2821,Astro-Epen
171205,2808,unassigned
171206,2970,unassigned
171207,2912,Vascular
171208,2847,Immune
171209,2847,Immune
171210,2847,Immune
171211,2847,Immune
171212,2808,unassigned
171213,2808,unassigned
171214,2805,Excitatory_Neuron
171215,2808,unassigned
171216,2808,unassigned
171217,2808,unassigned
171218,2808,unassigned
171219,2808,unassigned
171220,2808,unassigned
171221,2808,unassigned
171222,2971,unassigned
171223,2817,Excitatory_Neuron
171224,2948,unassigned
171225,2808,unassigned
171226,2854,Astro-Epen
171227,2896,Immune
171228,2825,Astro-Epen
171229,2961,unassigned
171230,2825,Astro-Epen
171231,2825,Astro-Epen
171232,2825,Astro-Epen
171233,2825,Astro-Epen
171234,2808,unassigned
171235,2825,Astro-Epen
171236,2879,Astro-Epen
171237,2912,Vascular
171238,2912,Vascular
171239,2808,unassigned
171240,2912,Vascular
171241,2912,Vascular
171242,2847,Immune
171243,2808,unassigned
171244,2898,unassigned
171245,2808,unassigned
171246,2918,unassigned
171247,2808,unassigned
171248,2941,GABA_Neuron
171249,2814,Excitatory_Neuron
171250,2805,Excitatory_Neuron
171251,2808,unassigned
171252,2931,Astro-Epen
171253,2808,unassigned
171254,2808,unassigned
171255,2825,Astro-Epen
171256,2825,Astro-Epen
171257,2808,unassigned
171258,2808,unassigned
171259,2808,unassigned
171260,2962,unassigned
171261,2825,Astro-Epen
171262,2808,unassigned
171263,2825,Astro-Epen
171264,2908,Immune
171265,2900,Excitatory_Neuron
171266,2808,unassigned
171267,2908,Immune
171268,2932,GABA_Neuron
171269,2879,Astro-Epen
171270,2808,unassigned
171271,2808,unassigned
171272,2808,unassigned
171273,2805,Excitatory_Neuron
171274,2808,unassigned
171275,2930,GABA_Neuron
171276,2805,Excitatory_Neuron
171277,2808,unassigned
171278,2805,Excitatory_Neuron
171279,2968,unassigned
171280,2808,unassigned
171281,2825,Astro-Epen
171282,2825,Astro-Epen
171283,2808,unassigned
171284,2961,unassigned
171285,2825,Astro-Epen
171286,2808,unassigned
171287,2825,Astro-Epen
171288,2808,unassigned
171289,2900,Excitatory_Neuron
171290,2879,Astro-Epen
171291,2808,unassigned
171292,2808,unassigned
171293,2808,unassigned
171294,2954,unassigned
171295,2808,unassigned
171296,2813,GABA_Neuron
171297,2805,Excitatory_Neuron
171298,2805,Excitatory_Neuron
171299,2808,unassigned
171300,2813,GABA_Neuron
171301,2808,unassigned
171302,2808,unassigned
171303,2941,GABA_Neuron
171304,2805,Excitatory_Neuron
171305,2808,unassigned
171306,2808,unassigned
171307,2805,Excitatory_Neuron
171308,2808,unassigned
171309,2808,unassigned
171310,2808,unassigned
171311,2896,Immune
171312,2896,Immune
171313,2962,unassigned
171314,2825,Astro-Epen
171315,2970,unassigned
171316,2900,Excitatory_Neuron
171317,2825,Astro-Epen
171318,2912,Vascular
171319,2932,GABA_Neuron
171320,2932,GABA_Neuron
171321,2879,Astro-Epen
171322,2932,GABA_Neuron
171323,2847,Immune
171324,2808,unassigned
171325,2808,unassigned
171326,2808,unassigned
171327,2951,unassigned
171328,2808,unassigned
171329,2808,unassigned
171330,2805,Excitatory_Neuron
171331,2805,Excitatory_Neuron
171332,2808,unassigned
171333,2805,Excitatory_Neuron
171334,2807,Immune
171335,2921,Astro-Epen
171336,2971,unassigned
171337,2808,unassigned
171338,2808,unassigned
171339,2805,Excitatory_Neuron
171340,2805,Excitatory_Neuron
171341,2805,Excitatory_Neuron
171342,2808,unassigned
171343,2808,unassigned
171344,2896,Immune
171345,2825,Astro-Epen
171346,2808,unassigned
171347,2808,unassigned
171348,2825,Astro-Epen
171349,2808,unassigned
171350,2962,unassigned
171351,2808,unassigned
171352,2970,unassigned
171353,2847,Immune
171354,2912,Vascular
171355,2879,Astro-Epen
171356,2847,Immune
171357,2808,unassigned
171358,2808,unassigned
171359,2808,unassigned
171360,2808,unassigned
171361,2805,Excitatory_Neuron
171362,2808,unassigned
171363,2808,unassigned
171364,2805,Excitatory_Neuron
171365,2930,GABA_Neuron
171366,2808,unassigned
171367,2808,unassigned
171368,2805,Excitatory_Neuron
171369,2971,unassigned
171370,2805,Excitatory_Neuron
171371,2946,Astro-Epen
171372,2854,Astro-Epen
171373,2961,unassigned
171374,2808,unassigned
171375,2825,Astro-Epen
171376,2808,unassigned
171377,2962,unassigned
171378,2825,Astro-Epen
171379,2808,unassigned
171380,2879,Astro-Epen
171381,2808,unassigned
171382,2808,unassigned
171383,2808,unassigned
171384,2808,unassigned
171385,2808,unassigned
171386,2805,Excitatory_Neuron
171387,2805,Excitatory_Neuron
171388,2922,Excitatory_Neuron
171389,2814,Excitatory_Neuron
171390,2947,unassigned
171391,2805,Excitatory_Neuron
171392,2808,unassigned
171393,2808,unassigned
171394,2805,Excitatory_Neuron
171395,2946,Astro-Epen
171396,2825,Astro-Epen
171397,2825,Astro-Epen
171398,2808,unassigned
171399,2825,Astro-Epen
171400,2825,Astro-Epen
171401,2953,unassigned
171402,2825,Astro-Epen
171403,2908,Immune
171404,2900,Excitatory_Neuron
171405,2908,Immune
171406,2879,Astro-Epen
171407,2912,Vascular
171408,2908,Immune
171409,2912,Vascular
171410,2912,Vascular
171411,2879,Astro-Epen
171412,2808,unassigned
171413,2808,unassigned
171414,2805,Excitatory_Neuron
171415,2805,Excitatory_Neuron
171416,2813,GABA_Neuron
171417,2808,unassigned
171418,2808,unassigned
171419,2808,unassigned
171420,2808,unassigned
171421,2808,unassigned
171422,2941,GABA_Neuron
171423,2805,Excitatory_Neuron
171424,2808,unassigned
171425,2805,Excitatory_Neuron
171426,2808,unassigned
171427,2817,Excitatory_Neuron
171428,2805,Excitatory_Neuron
171429,2946,Astro-Epen
171430,2805,Excitatory_Neuron
171431,2946,Astro-Epen
171432,2854,Astro-Epen
171433,2808,unassigned
171434,2808,unassigned
171435,2808,unassigned
171436,2825,Astro-Epen
171437,2808,unassigned
171438,2808,unassigned
171439,2808,unassigned
171440,2825,Astro-Epen
171441,2825,Astro-Epen
171442,2908,Immune
171443,2879,Astro-Epen
171444,2808,unassigned
171445,2912,Vascular
171446,2879,Astro-Epen
171447,2808,unassigned
171448,2808,unassigned
171449,2808,unassigned
171450,2808,unassigned
171451,2808,unassigned
171452,2805,Excitatory_Neuron
171453,2808,unassigned
171454,2930,GABA_Neuron
171455,2808,unassigned
171456,2968,unassigned
171457,2854,Astro-Epen
171458,2808,unassigned
171459,2825,Astro-Epen
171460,2825,Astro-Epen
171461,2825,Astro-Epen
171462,2908,Immune
171463,2808,unassigned
171464,2808,unassigned
171465,2808,unassigned
171466,2805,Excitatory_Neuron
171467,2808,unassigned
171468,2805,Excitatory_Neuron
171469,2807,Immune
171470,2808,unassigned
171471,2921,Astro-Epen
171472,2921,Astro-Epen
171473,2808,unassigned
171474,2814,Excitatory_Neuron
171475,2972,unassigned
171476,2948,unassigned
171477,2805,Excitatory_Neuron
171478,2946,Astro-Epen
171479,2805,Excitatory_Neuron
171480,2825,Astro-Epen
171481,2808,unassigned
171482,2896,Immune
171483,2825,Astro-Epen
171484,2825,Astro-Epen
171485,2825,Astro-Epen
171486,2973,unassigned
171487,2908,Immune
171488,2825,Astro-Epen
171489,2808,unassigned
171490,2912,Vascular
171491,2912,Vascular
171492,2808,unassigned
171493,2808,unassigned
171494,2808,unassigned
171495,2808,unassigned
171496,2808,unassigned
171497,2808,unassigned
171498,2930,GABA_Neuron
171499,2941,GABA_Neuron
171500,2930,GABA_Neuron
171501,2808,unassigned
171502,2808,unassigned
171503,2931,Astro-Epen
171504,2805,Excitatory_Neuron
171505,2805,Excitatory_Neuron
171506,2808,unassigned
171507,2821,Astro-Epen
171508,2825,Astro-Epen
171509,2808,unassigned
171510,2825,Astro-Epen
171511,2808,unassigned
171512,2808,unassigned
171513,2900,Excitatory_Neuron
171514,2808,unassigned
171515,2912,Vascular
171516,2879,Astro-Epen
171517,2847,Immune
171518,2808,unassigned
171519,2805,Excitatory_Neuron
171520,2808,unassigned
171521,2808,unassigned
171522,2805,Excitatory_Neuron
171523,2931,Astro-Epen
171524,2825,Astro-Epen
171525,2825,Astro-Epen
171526,2825,Astro-Epen
171527,2825,Astro-Epen
171528,2825,Astro-Epen
171529,2825,Astro-Epen
171530,2808,unassigned
171531,2825,Astro-Epen
171532,2879,Astro-Epen
171533,2847,Immune
171534,2808,unassigned
171535,2808,unassigned
171536,2805,Excitatory_Neuron
171537,2813,GABA_Neuron
171538,2808,unassigned
171539,2807,Immune
171540,2921,Astro-Epen
171541,2805,Excitatory_Neuron
171542,2808,unassigned
171543,2808,unassigned
171544,2805,Excitatory_Neuron
171545,2961,unassigned
171546,2896,Immune
171547,2825,Astro-Epen
171548,2961,unassigned
171549,2825,Astro-Epen
171550,2825,Astro-Epen
171551,2825,Astro-Epen
171552,2962,unassigned
171553,2808,unassigned
171554,2808,unassigned
171555,2808,unassigned
171556,2825,Astro-Epen
171557,2908,Immune
171558,2825,Astro-Epen
171559,2808,unassigned
171560,2847,Immune
171561,2808,unassigned
171562,2808,unassigned
171563,2808,unassigned
171564,2808,unassigned
171565,2805,Excitatory_Neuron
171566,2808,unassigned
171567,2808,unassigned
171568,2808,unassigned
171569,2808,unassigned
171570,2808,unassigned
171571,2808,unassigned
171572,2808,unassigned
171573,2808,unassigned
171574,2961,unassigned
171575,2808,unassigned
171576,2821,Astro-Epen
171577,2825,Astro-Epen
171578,2962,unassigned
171579,2962,unassigned
171580,2953,unassigned
171581,2825,Astro-Epen
171582,2847,Immune
171583,2912,Vascular
171584,2808,unassigned
171585,2808,unassigned
171586,2805,Excitatory_Neuron
171587,2956,unassigned
171588,2808,unassigned
171589,2808,unassigned
171590,2808,unassigned
171591,2968,unassigned
171592,2821,Astro-Epen
171593,2961,unassigned
171594,2825,Astro-Epen
171595,2953,unassigned
171596,2825,Astro-Epen
171597,2847,Immune
171598,2969,unassigned
171599,2808,unassigned
171600,2954,unassigned
171601,2808,unassigned
171602,2813,GABA_Neuron
171603,2808,unassigned
171604,2808,unassigned
171605,2808,unassigned
171606,2808,unassigned
171607,2808,unassigned
171608,2896,Immune
171609,2854,Astro-Epen
171610,2808,unassigned
171611,2808,unassigned
171612,2825,Astro-Epen
171613,2808,unassigned
171614,2825,Astro-Epen
171615,2966,unassigned
171616,2847,Immune
171617,2808,unassigned
171618,2808,unassigned
171619,2808,unassigned
171620,2808,unassigned
171621,2808,unassigned
171622,2805,Excitatory_Neuron
171623,2805,Excitatory_Neuron
171624,2805,Excitatory_Neuron
171625,2805,Excitatory_Neuron
171626,2808,unassigned
171627,2808,unassigned
171628,2808,unassigned
171629,2808,unassigned
171630,2821,Astro-Epen
171631,2821,Astro-Epen
171632,2825,Astro-Epen
171633,2825,Astro-Epen
171634,2825,Astro-Epen
171635,2920,unassigned
171636,2825,Astro-Epen
171637,2847,Immune
171638,2912,Vascular
171639,2825,Astro-Epen
171640,2912,Vascular
171641,2808,unassigned
171642,2808,unassigned
171643,2805,Excitatory_Neuron
171644,2808,unassigned
171645,2808,unassigned
171646,2808,unassigned
171647,2808,unassigned
171648,2805,Excitatory_Neuron
171649,2805,Excitatory_Neuron
171650,2947,unassigned
171651,2805,Excitatory_Neuron
171652,2808,unassigned
171653,2805,Excitatory_Neuron
171654,2805,Excitatory_Neuron
171655,2825,Astro-Epen
171656,2961,unassigned
171657,2808,unassigned
171658,2825,Astro-Epen
171659,2825,Astro-Epen
171660,2847,Immune
171661,2908,Immune
171662,2912,Vascular
171663,2879,Astro-Epen
171664,2879,Astro-Epen
171665,2912,Vascular
171666,2932,GABA_Neuron
171667,2808,unassigned
171668,2808,unassigned
171669,2954,unassigned
171670,2954,unassigned
171671,2805,Excitatory_Neuron
171672,2808,unassigned
171673,2808,unassigned
171674,2805,Excitatory_Neuron
171675,2930,GABA_Neuron
171676,2971,unassigned
171677,2808,unassigned
171678,2972,unassigned
171679,2805,Excitatory_Neuron
171680,2805,Excitatory_Neuron
171681,2808,unassigned
171682,2825,Astro-Epen
171683,2808,unassigned
171684,2825,Astro-Epen
171685,2961,unassigned
171686,2808,unassigned
171687,2825,Astro-Epen
171688,2962,unassigned
171689,2808,unassigned
171690,2825,Astro-Epen
171691,2825,Astro-Epen
171692,2912,Vascular
171693,2879,Astro-Epen
171694,2932,GABA_Neuron
171695,2847,Immune
171696,2808,unassigned
171697,2808,unassigned
171698,2808,unassigned
171699,2808,unassigned
171700,2808,unassigned
171701,2808,unassigned
171702,2808,unassigned
171703,2808,unassigned
171704,2805,Excitatory_Neuron
171705,2808,unassigned
171706,2805,Excitatory_Neuron
171707,2808,unassigned
171708,2814,Excitatory_Neuron
171709,2805,Excitatory_Neuron
171710,2805,Excitatory_Neuron
171711,2968,unassigned
171712,2931,Astro-Epen
171713,2805,Excitatory_Neuron
171714,2805,Excitatory_Neuron
171715,2808,unassigned
171716,2825,Astro-Epen
171717,2825,Astro-Epen
171718,2973,unassigned
171719,2821,Astro-Epen
171720,2825,Astro-Epen
171721,2825,Astro-Epen
171722,2821,Astro-Epen
171723,2808,unassigned
171724,2808,unassigned
171725,2808,unassigned
171726,2808,unassigned
171727,2825,Astro-Epen
171728,2847,Immune
171729,2912,Vascular
171730,2912,Vascular
171731,2879,Astro-Epen
171732,2808,unassigned
171733,2808,unassigned
171734,2808,unassigned
171735,2805,Excitatory_Neuron
171736,2974,unassigned
171737,2808,unassigned
171738,2805,Excitatory_Neuron
171739,2814,Excitatory_Neuron
171740,2805,Excitatory_Neuron
171741,2854,Astro-Epen
171742,2805,Excitatory_Neuron
171743,2821,Astro-Epen
171744,2808,unassigned
171745,2896,Immune
171746,2825,Astro-Epen
171747,2825,Astro-Epen
171748,2808,unassigned
171749,2825,Astro-Epen
171750,2908,Immune
171751,2825,Astro-Epen
171752,2808,unassigned
171753,2825,Astro-Epen
171754,2825,Astro-Epen
171755,2847,Immune
171756,2808,unassigned
171757,2808,unassigned
171758,2808,unassigned
171759,2808,unassigned
171760,2808,unassigned
171761,2808,unassigned
171762,2805,Excitatory_Neuron
171763,2808,unassigned
171764,2956,unassigned
171765,2808,unassigned
171766,2808,unassigned
171767,2808,unassigned
171768,2805,Excitatory_Neuron
171769,2947,unassigned
171770,2948,unassigned
171771,2948,unassigned
171772,2808,unassigned
171773,2805,Excitatory_Neuron
171774,2808,unassigned
171775,2808,unassigned
171776,2825,Astro-Epen
171777,2808,unassigned
171778,2912,Vascular
171779,2808,unassigned
171780,2879,Astro-Epen
171781,2808,unassigned
171782,2951,unassigned
171783,2808,unassigned
171784,2808,unassigned
171785,2808,unassigned
171786,2930,GABA_Neuron
171787,2805,Excitatory_Neuron
171788,2808,unassigned
171789,2808,unassigned
171790,2972,unassigned
171791,2805,Excitatory_Neuron
171792,2821,Astro-Epen
171793,2961,unassigned
171794,2808,unassigned
171795,2808,unassigned
171796,2808,unassigned
171797,2825,Astro-Epen
171798,2808,unassigned
171799,2825,Astro-Epen
171800,2847,Immune
171801,2808,unassigned
171802,2879,Astro-Epen
171803,2808,unassigned
171804,2808,unassigned
171805,2805,Excitatory_Neuron
171806,2805,Excitatory_Neuron
171807,2805,Excitatory_Neuron
171808,2921,Astro-Epen
171809,2808,unassigned
171810,2805,Excitatory_Neuron
171811,2808,unassigned
171812,2808,unassigned
171813,2808,unassigned
171814,2808,unassigned
171815,2947,unassigned
171816,2808,unassigned
171817,2808,unassigned
171818,2821,Astro-Epen
171819,2825,Astro-Epen
171820,2821,Astro-Epen
171821,2825,Astro-Epen
171822,2825,Astro-Epen
171823,2808,unassigned
171824,2908,Immune
171825,2825,Astro-Epen
171826,2825,Astro-Epen
171827,2879,Astro-Epen
171828,2808,unassigned
171829,2808,unassigned
171830,2808,unassigned
171831,2805,Excitatory_Neuron
171832,2807,Immune
171833,2807,Immune
171834,2808,unassigned
171835,2974,unassigned
171836,2971,unassigned
171837,2808,unassigned
171838,2808,unassigned
171839,2825,Astro-Epen
171840,2961,unassigned
171841,2808,unassigned
171842,2973,unassigned
171843,2825,Astro-Epen
171844,2808,unassigned
171845,2808,unassigned
171846,2908,Immune
171847,2879,Astro-Epen
171848,2912,Vascular
171849,2808,unassigned
171850,2805,Excitatory_Neuron
171851,2808,unassigned
171852,2808,unassigned
171853,2808,unassigned
171854,2805,Excitatory_Neuron
171855,2807,Immune
171856,2921,Astro-Epen
171857,2808,unassigned
171858,2808,unassigned
171859,2814,Excitatory_Neuron
171860,2808,unassigned
171861,2808,unassigned
171862,2968,unassigned
171863,2808,unassigned
171864,2946,Astro-Epen
171865,2961,unassigned
171866,2961,unassigned
171867,2808,unassigned
171868,2825,Astro-Epen
171869,2825,Astro-Epen
171870,2962,unassigned
171871,2825,Astro-Epen
171872,2808,unassigned
171873,2847,Immune
171874,2808,unassigned
171875,2847,Immune
171876,2969,unassigned
171877,2808,unassigned
171878,2808,unassigned
171879,2808,unassigned
171880,2805,Excitatory_Neuron
171881,2808,unassigned
171882,2808,unassigned
171883,2805,Excitatory_Neuron
171884,2805,Excitatory_Neuron
171885,2808,unassigned
171886,2971,unassigned
171887,2854,Astro-Epen
171888,2805,Excitatory_Neuron
171889,2805,Excitatory_Neuron
171890,2946,Astro-Epen
171891,2825,Astro-Epen
171892,2821,Astro-Epen
171893,2808,unassigned
171894,2821,Astro-Epen
171895,2825,Astro-Epen
171896,2966,unassigned
171897,2808,unassigned
171898,2808,unassigned
171899,2808,unassigned
171900,2879,Astro-Epen
171901,2912,Vascular
171902,2808,unassigned
171903,2808,unassigned
171904,2808,unassigned
171905,2808,unassigned
171906,2806,Excitatory_Neuron
171907,2808,unassigned
171908,2808,unassigned
171909,2808,unassigned
171910,2941,GABA_Neuron
171911,2921,Astro-Epen
171912,2808,unassigned
171913,2805,Excitatory_Neuron
171914,2808,unassigned
171915,2808,unassigned
171916,2805,Excitatory_Neuron
171917,2808,unassigned
171918,2808,unassigned
171919,2825,Astro-Epen
171920,2953,unassigned
171921,2808,unassigned
171922,2908,Immune
171923,2912,Vascular
171924,2912,Vascular
171925,2808,unassigned
171926,2808,unassigned
171927,2808,unassigned
171928,2808,unassigned
171929,2813,GABA_Neuron
171930,2922,Excitatory_Neuron
171931,2805,Excitatory_Neuron
171932,2808,unassigned
171933,2808,unassigned
171934,2921,Astro-Epen
171935,2805,Excitatory_Neuron
171936,2805,Excitatory_Neuron
171937,2808,unassigned
171938,2814,Excitatory_Neuron
171939,2808,unassigned
171940,2808,unassigned
171941,2971,unassigned
171942,2946,Astro-Epen
171943,2931,Astro-Epen
171944,2808,unassigned
171945,2808,unassigned
171946,2968,unassigned
171947,2808,unassigned
171948,2825,Astro-Epen
171949,2825,Astro-Epen
171950,2825,Astro-Epen
171951,2825,Astro-Epen
171952,2825,Astro-Epen
171953,2967,unassigned
171954,2908,Immune
171955,2808,unassigned
171956,2879,Astro-Epen
171957,2912,Vascular
171958,2912,Vascular
171959,2975,unassigned
171960,2954,unassigned
171961,2808,unassigned
171962,2805,Excitatory_Neuron
171963,2808,unassigned
171964,2930,GABA_Neuron
171965,2805,Excitatory_Neuron
171966,2814,Excitatory_Neuron
171967,2805,Excitatory_Neuron
171968,2808,unassigned
171969,2805,Excitatory_Neuron
171970,2854,Astro-Epen
171971,2805,Excitatory_Neuron
171972,2825,Astro-Epen
171973,2825,Astro-Epen
171974,2962,unassigned
171975,2808,unassigned
171976,2808,unassigned
171977,2879,Astro-Epen
171978,2808,unassigned
171979,2808,unassigned
171980,2805,Excitatory_Neuron
171981,2808,unassigned
171982,2808,unassigned
171983,2805,Excitatory_Neuron
171984,2808,unassigned
171985,2808,unassigned
171986,2805,Excitatory_Neuron
171987,2805,Excitatory_Neuron
171988,2805,Excitatory_Neuron
171989,2808,unassigned
171990,2808,unassigned
171991,2805,Excitatory_Neuron
171992,2805,Excitatory_Neuron
171993,2973,unassigned
171994,2825,Astro-Epen
171995,2825,Astro-Epen
171996,2953,unassigned
171997,2953,unassigned
171998,2808,unassigned
171999,2808,unassigned
172000,2808,unassigned
172001,2808,unassigned
172002,2808,unassigned
172003,2930,GABA_Neuron
172004,2930,GABA_Neuron
172005,2974,unassigned
172006,2808,unassigned
172007,2808,unassigned
172008,2931,Astro-Epen
172009,2808,unassigned
172010,2825,Astro-Epen
172011,2821,Astro-Epen
172012,2808,unassigned
172013,2808,unassigned
172014,2912,Vascular
172015,2957,unassigned
172016,2807,Immune
172017,2805,Excitatory_Neuron
172018,2808,unassigned
172019,2805,Excitatory_Neuron
172020,2947,unassigned
172021,2808,unassigned
172022,2805,Excitatory_Neuron
172023,2808,unassigned
172024,2808,unassigned
172025,2821,Astro-Epen
172026,2825,Astro-Epen
172027,2825,Astro-Epen
172028,2808,unassigned
172029,2808,unassigned
172030,2825,Astro-Epen
172031,2967,unassigned
172032,2808,unassigned
172033,2808,unassigned
172034,2957,unassigned
172035,2808,unassigned
172036,2808,unassigned
172037,2808,unassigned
172038,2808,unassigned
172039,2805,Excitatory_Neuron
172040,2808,unassigned
172041,2805,Excitatory_Neuron
172042,2808,unassigned
172043,2807,Immune
172044,2930,GABA_Neuron
172045,2805,Excitatory_Neuron
172046,2941,GABA_Neuron
172047,2808,unassigned
172048,2808,unassigned
172049,2971,unassigned
172050,2808,unassigned
172051,2808,unassigned
172052,2931,Astro-Epen
172053,2808,unassigned
172054,2948,unassigned
172055,2808,unassigned
172056,2805,Excitatory_Neuron
172057,2808,unassigned
172058,2961,unassigned
172059,2808,unassigned
172060,2961,unassigned
172061,2825,Astro-Epen
172062,2808,unassigned
172063,2825,Astro-Epen
172064,2808,unassigned
172065,2825,Astro-Epen
172066,2808,unassigned
172067,2953,unassigned
172068,2825,Astro-Epen
172069,2953,unassigned
172070,2808,unassigned
172071,2912,Vascular
172072,2847,Immune
172073,2808,unassigned
172074,2879,Astro-Epen
172075,2808,unassigned
172076,2808,unassigned
172077,2808,unassigned
172078,2808,unassigned
172079,2808,unassigned
172080,2813,GABA_Neuron
172081,2808,unassigned
172082,2808,unassigned
172083,2918,unassigned
172084,2941,GABA_Neuron
172085,2808,unassigned
172086,2974,unassigned
172087,2805,Excitatory_Neuron
172088,2971,unassigned
172089,2808,unassigned
172090,2805,Excitatory_Neuron
172091,2808,unassigned
172092,2805,Excitatory_Neuron
172093,2805,Excitatory_Neuron
172094,2808,unassigned
172095,2953,unassigned
172096,2825,Astro-Epen
172097,2825,Astro-Epen
172098,2808,unassigned
172099,2912,Vascular
172100,2808,unassigned
172101,2808,unassigned
172102,2805,Excitatory_Neuron
172103,2808,unassigned
172104,2896,Immune
172105,2825,Astro-Epen
172106,2879,Astro-Epen
172107,2808,unassigned
172108,2808,unassigned
172109,2808,unassigned
172110,2808,unassigned
172111,2808,unassigned
172112,2808,unassigned
172113,2805,Excitatory_Neuron
172114,2805,Excitatory_Neuron
172115,2805,Excitatory_Neuron
172116,2813,GABA_Neuron
172117,2808,unassigned
172118,2805,Excitatory_Neuron
172119,2808,unassigned
172120,2808,unassigned
172121,2941,GABA_Neuron
172122,2941,GABA_Neuron
172123,2930,GABA_Neuron
172124,2805,Excitatory_Neuron
172125,2805,Excitatory_Neuron
172126,2808,unassigned
172127,2814,Excitatory_Neuron
172128,2808,unassigned
172129,2971,unassigned
172130,2808,unassigned
172131,2805,Excitatory_Neuron
172132,2805,Excitatory_Neuron
172133,2946,Astro-Epen
172134,2808,unassigned
172135,2805,Excitatory_Neuron
172136,2808,unassigned
172137,2808,unassigned
172138,2825,Astro-Epen
172139,2808,unassigned
172140,2808,unassigned
172141,2808,unassigned
172142,2825,Astro-Epen
172143,2808,unassigned
172144,2825,Astro-Epen
172145,2825,Astro-Epen
172146,2825,Astro-Epen
172147,2825,Astro-Epen
172148,2825,Astro-Epen
172149,2808,unassigned
172150,2808,unassigned
172151,2808,unassigned
172152,2808,unassigned
172153,2825,Astro-Epen
172154,2808,unassigned
172155,2808,unassigned
172156,2825,Astro-Epen
172157,2825,Astro-Epen
172158,2953,unassigned
172159,2825,Astro-Epen
172160,2912,Vascular
172161,2879,Astro-Epen
172162,2879,Astro-Epen
172163,2808,unassigned
172164,2912,Vascular
172165,2808,unassigned
172166,2808,unassigned
